event_type,gc_thread,start_ns,time_ns
sweep,-1,4666070,265
mark,-1,4669958,1121936
sweep,-1,5802052,2763
concsweep,1,5828903,23119
sweep,-1,5845915,8444
concsweep,0,5828908,25377
collection,-1,4669892,1185115
mark,-1,5855219,1089476
concsweep,1,6978067,10040
concsweep,0,6978501,10675
sweep,-1,6950121,39322
collection,-1,5855176,1135074
sweep,-1,35306848,179
mark,-1,35308018,3553116
sweep,-1,38870130,45178
concsweep,1,38875768,63898
concsweep,0,38874285,65732
collection,-1,35307980,3639509
sweep,-1,89097962,253
mark,-1,89099327,2550217
sweep,-1,91661522,11468
concsweep,1,91679942,150810
concsweep,0,91684830,147653
collection,-1,89099287,2822675
sweep,-1,136398270,214
mark,-1,136399462,2049795
sweep,-1,138460825,2890
concsweep,1,138498362,141791
concsweep,0,138498346,200630
collection,-1,136399425,2308451
sweep,-1,183062569,214
mark,-1,183063559,2006058
sweep,-1,185079743,2566
concsweep,1,185119835,163929
concsweep,0,185119819,183174
collection,-1,183063524,2240246
sweep,-1,234695951,90
mark,-1,234697232,679333
sweep,-1,235386929,2764
sweep,-1,235409889,21063
concsweep,1,235426590,112039
concsweep,0,235426567,117254
collection,-1,234697132,855151
sweep,-1,286245313,161
mark,-1,286246625,730664
sweep,-1,286987755,2306
sweep,-1,286991871,54465
concsweep,1,287026526,103896
concsweep,0,287026520,118398
collection,-1,286246586,898612
sweep,-1,337923061,101
mark,-1,337924046,739090
sweep,-1,338672947,2601
sweep,-1,338694537,1012
sweep,-1,338711261,11911
concsweep,1,338710466,123872
concsweep,0,338710451,125720
collection,-1,337924020,927766
sweep,-1,389703313,385
mark,-1,389704604,881614
sweep,-1,390597196,2555
sweep,-1,390617972,1700
concsweep,1,390635473,151977
concsweep,0,390635465,160196
collection,-1,389704571,1092868
sweep,-1,441334022,157
mark,-1,441335209,589341
sweep,-1,441935180,2643
sweep,-1,441956455,12983
sweep,-1,441987158,1244
concsweep,1,441972914,112304
concsweep,0,441972898,114640
collection,-1,441335180,768081
sweep,-1,492958454,152
mark,-1,492959490,920731
sweep,-1,493889565,2563
sweep,-1,493893262,65749
concsweep,1,493926428,140109
concsweep,0,493926420,140214
collection,-1,492959461,1110457
sweep,-1,544845699,172
mark,-1,544846704,526641
sweep,-1,545382086,10664
sweep,-1,545404230,10843
concsweep,1,545400510,116100
concsweep,0,545405168,116955
collection,-1,544846676,683160
sweep,-1,596037623,165
mark,-1,596039004,739386
sweep,-1,596788084,10751
sweep,-1,596800747,22864
concsweep,1,596806108,120297
concsweep,0,596811713,122361
collection,-1,596038937,902158
sweep,-1,647597049,397
mark,-1,647598301,734598
sweep,-1,648345277,2639
sweep,-1,648366604,26065
concsweep,1,648384245,110497
concsweep,0,648384236,125041
collection,-1,647598268,928650
sweep,-1,699451904,205
mark,-1,699453496,727313
sweep,-1,700194941,2827
sweep,-1,700217080,23029
sweep,-1,700242382,1480
concsweep,1,700235234,118437
concsweep,0,700235227,118625
collection,-1,699453454,902577
sweep,-1,750781335,171
mark,-1,750782650,954369
sweep,-1,751748051,2530
sweep,-1,751769227,2052
concsweep,1,751786013,169304
collection,-1,750782618,1172948
concsweep,0,751786006,169462
sweep,-1,802865308,150
mark,-1,802866728,496914
sweep,-1,803375831,2790
sweep,-1,803397223,22621
concsweep,1,803415491,104778
concsweep,0,803415484,109924
collection,-1,802866700,665895
sweep,-1,854741216,141
mark,-1,854742614,731846
sweep,-1,855484912,10881
sweep,-1,855506856,12108
concsweep,1,855504188,125672
concsweep,0,855507347,128636
collection,-1,854742587,899464
sweep,-1,906802827,156
mark,-1,906803919,729648
sweep,-1,907543910,2422
sweep,-1,907548355,43986
concsweep,1,907579916,107339
concsweep,0,907579911,115197
collection,-1,906803828,904547
sweep,-1,958726509,169
mark,-1,958727518,725055
sweep,-1,959463297,2529
sweep,-1,959484796,35798
concsweep,1,959502132,116362
concsweep,0,959502126,116518
collection,-1,958727484,897605
sweep,-1,1010228961,185
mark,-1,1010230089,728440
sweep,-1,1010969141,2635
sweep,-1,1010990296,24897
concsweep,1,1011006677,115138
concsweep,0,1011006661,121757
collection,-1,1010230062,900363
sweep,-1,1061916139,175
mark,-1,1061917221,726697
sweep,-1,1062654183,2233
sweep,-1,1062666466,11557
concsweep,1,1062680955,116885
concsweep,0,1062671123,130058
collection,-1,1061917196,898884
sweep,-1,1113757832,171
mark,-1,1113759202,909470
sweep,-1,1114679618,2637
sweep,-1,1114692929,12181
concsweep,1,1114707056,144156
concsweep,0,1114694738,165232
collection,-1,1113759173,1101585
sweep,-1,1165706727,169
mark,-1,1165707982,550736
sweep,-1,1166267846,2728
sweep,-1,1166289925,1284
concsweep,1,1166293920,108788
concsweep,0,1166283266,122244
collection,-1,1165707952,702270
sweep,-1,1217599076,180
mark,-1,1217600278,865243
sweep,-1,1218476286,2480
sweep,-1,1218497573,1722
concsweep,1,1218516106,156126
concsweep,0,1218516108,156793
collection,-1,1217600249,1074707
sweep,-1,1268931210,106
mark,-1,1268932428,592309
sweep,-1,1269534845,2529
sweep,-1,1269556043,21873
concsweep,1,1269572555,108506
concsweep,0,1269572548,119531
collection,-1,1268932398,776365
sweep,-1,1320787021,176
mark,-1,1320788188,730020
sweep,-1,1321527921,2637
sweep,-1,1321549330,12720
sweep,-1,1321579566,1626
concsweep,1,1321565261,118863
concsweep,0,1321565257,121884
collection,-1,1320788160,915175
sweep,-1,1372618047,143
mark,-1,1372619244,746501
sweep,-1,1373374992,2601
sweep,-1,1373396109,29238
concsweep,1,1373412775,118488
collection,-1,1372619215,912520
concsweep,0,1373412769,118676
sweep,-1,1424185003,170
mark,-1,1424186165,743815
sweep,-1,1424939480,2699
sweep,-1,1424960884,24752
concsweep,1,1424979770,115912
concsweep,0,1424979772,119914
collection,-1,1424186136,924535
sweep,-1,1475671915,148
mark,-1,1475673101,892631
sweep,-1,1476578530,2830
sweep,-1,1476584531,42909
concsweep,1,1476617988,172482
concsweep,0,1476617990,177115
collection,-1,1475673073,1122259
sweep,-1,1527340160,142
mark,-1,1527341156,552500
sweep,-1,1527904559,2585
sweep,-1,1527926201,21722
concsweep,1,1527943280,105797
concsweep,0,1527943281,115154
collection,-1,1527341126,717836
sweep,-1,1579871587,153
mark,-1,1579872662,721836
sweep,-1,1580606991,10847
sweep,-1,1580637377,19263
concsweep,1,1580649141,130620
concsweep,0,1580649133,133862
collection,-1,1579872636,926909
sweep,-1,1631716162,166
mark,-1,1631717391,729392
sweep,-1,1632459218,10816
sweep,-1,1632471592,52735
concsweep,1,1632502567,114330
concsweep,0,1632502560,114545
collection,-1,1631717363,910853
sweep,-1,1683458516,163
mark,-1,1683459738,725512
sweep,-1,1684197272,2563
sweep,-1,1684218728,26292
concsweep,1,1684236421,116502
concsweep,0,1684236414,117748
collection,-1,1683459698,896460
sweep,-1,1734540084,172
mark,-1,1734541116,729843
sweep,-1,1735280748,2384
sweep,-1,1735285030,49581
concsweep,1,1735321711,102674
concsweep,0,1735321706,112981
collection,-1,1734541086,901335
sweep,-1,1785830958,172
mark,-1,1785831954,728861
sweep,-1,1786570525,2655
sweep,-1,1786591963,1261
sweep,-1,1786609131,9777
concsweep,0,1786608638,129404
concsweep,1,1786608646,129243
collection,-1,1785831927,916445
sweep,-1,1837523779,167
mark,-1,1837525047,733036
sweep,-1,1838268181,2530
sweep,-1,1838272073,56374
concsweep,1,1838307972,106517
concsweep,0,1838307964,106758
collection,-1,1837525018,902029
sweep,-1,1888823203,180
mark,-1,1888824222,728396
sweep,-1,1889561838,2704
sweep,-1,1889583521,24719
concsweep,1,1889600251,114385
concsweep,0,1889600246,117809
collection,-1,1888824195,894088
sweep,-1,1940513893,166
mark,-1,1940514988,942411
sweep,-1,1941468019,2681
sweep,-1,1941490484,1788
concsweep,1,1941505280,166511
concsweep,0,1941505270,166727
collection,-1,1940514959,1157331
sweep,-1,1992048553,165
mark,-1,1992049644,674519
sweep,-1,1992732494,2500
sweep,-1,1992754177,18619
concsweep,1,1992767607,107044
concsweep,0,1992767599,113587
collection,-1,1992049607,848093
sweep,-1,2044634655,158
mark,-1,2044635943,773727
sweep,-1,2045419841,2435
sweep,-1,2045424461,16646
concsweep,1,2045427430,124930
concsweep,0,2045427422,125084
collection,-1,2044635910,927659
sweep,-1,2098937554,409
mark,-1,2098938830,766593
sweep,-1,2099716993,2925
concsweep,1,2099724489,124349
concsweep,0,2099724671,138782
collection,-1,2098938797,924912
sweep,-1,2150978634,140
mark,-1,2151038834,730557
sweep,-1,2151780128,10805
sweep,-1,2151802365,10647
concsweep,1,2151797511,127570
concsweep,0,2151803529,125722
collection,-1,2151038782,902068
sweep,-1,2202563259,172
mark,-1,2202564442,727585
sweep,-1,2203302651,2608
sweep,-1,2203324082,24780
concsweep,1,2203341278,117236
concsweep,0,2203341271,130970
collection,-1,2202564412,924383
sweep,-1,2254191920,153
mark,-1,2254192938,720273
sweep,-1,2254923398,2648
sweep,-1,2254945786,25590
concsweep,1,2254960920,118255
concsweep,0,2254960913,119732
collection,-1,2254192909,899210
sweep,-1,2305584458,170
mark,-1,2305585735,730691
sweep,-1,2306326574,2527
sweep,-1,2306348028,23064
concsweep,1,2306366082,115955
concsweep,0,2306366067,116231
collection,-1,2305585707,899083
sweep,-1,2357198250,179
mark,-1,2357199327,866775
sweep,-1,2358076038,2853
sweep,-1,2358097612,1646
concsweep,1,2358116151,161054
collection,-1,2357199298,1079004
concsweep,0,2358116136,161253
sweep,-1,2408781189,168
mark,-1,2408782512,598387
sweep,-1,2409390821,2507
sweep,-1,2409412369,14499
concsweep,1,2409428050,117011
concsweep,0,2409428042,117383
collection,-1,2408782483,768400
sweep,-1,2460032713,253
mark,-1,2460033778,749823
sweep,-1,2460793135,2608
sweep,-1,2460797979,50885
concsweep,1,2460831651,107803
concsweep,0,2460831635,110385
collection,-1,2460033721,908654
sweep,-1,2511637113,161
mark,-1,2511638367,721514
sweep,-1,2512372835,2641
sweep,-1,2512394224,25309
concsweep,1,2512414586,113571
concsweep,0,2512414580,116792
collection,-1,2511638340,896274
sweep,-1,2563753278,202
mark,-1,2563754312,860848
sweep,-1,2564627296,11255
sweep,-1,2564640769,29212
concsweep,1,2564653801,171088
concsweep,0,2564645664,183947
collection,-1,2563754283,1075758
sweep,-1,2616164970,142
mark,-1,2616166144,615908
sweep,-1,2616792346,2878
concsweep,1,2616817953,115861
concsweep,0,2616807674,129605
collection,-1,2616166116,771627
sweep,-1,2667828020,162
mark,-1,2667829035,871420
sweep,-1,2668725876,15297
concsweep,1,2668752114,143758
concsweep,0,2668721368,179167
collection,-1,2667829005,1078157
sweep,-1,2719254126,156
mark,-1,2719255217,583748
sweep,-1,2719850415,2636
sweep,-1,2719871736,20390
concsweep,1,2719892402,108165
concsweep,0,2719892389,113772
collection,-1,2719255174,759960
sweep,-1,2771427865,94
mark,-1,2771428790,924242
sweep,-1,2772365352,2747
sweep,-1,2772386176,2209
concsweep,1,2772404965,164091
concsweep,0,2772404942,170284
collection,-1,2771428760,1146971
sweep,-1,2822563359,153
mark,-1,2822564556,654411
sweep,-1,2823230056,3029
sweep,-1,2823252124,1516
concsweep,1,2823266777,152781
concsweep,0,2823266762,153025
collection,-1,2822564528,856212
sweep,-1,2874263798,174
mark,-1,2874264871,537065
sweep,-1,2874812541,2941
sweep,-1,2874834226,21817
concsweep,1,2874849775,106008
concsweep,0,2874849758,115559
collection,-1,2874264844,717525
sweep,-1,2926275210,207
mark,-1,2926276626,845794
sweep,-1,2927134354,2782
sweep,-1,2927156265,1629
concsweep,1,2927171361,152360
concsweep,0,2927171345,153252
collection,-1,2926276582,1048485
sweep,-1,2978437639,148
mark,-1,2978439065,846197
sweep,-1,2979295056,3090
sweep,-1,2979315726,1397
concsweep,1,2979326620,156932
concsweep,0,2979326620,157083
collection,-1,2978439025,1045601
sweep,-1,3030016241,137
mark,-1,3030017427,477900
sweep,-1,3030505178,2568
sweep,-1,3030526481,25318
concsweep,1,3030544726,105881
concsweep,0,3030544719,115376
collection,-1,3030017396,659514
sweep,-1,3083237535,99
mark,-1,3083238493,747108
sweep,-1,3083998103,2840
sweep,-1,3084002320,23132
concsweep,1,3084007656,119374
concsweep,0,3084007660,123072
collection,-1,3083238464,892564
sweep,-1,3136304084,169
mark,-1,3136305087,871193
sweep,-1,3137186436,2773
sweep,-1,3137191303,12407
concsweep,1,3137192967,149007
concsweep,0,3137193114,149009
collection,-1,3136305066,1037653
sweep,-1,3187602904,147
mark,-1,3187604249,627988
sweep,-1,3188244436,2607
sweep,-1,3188266069,29047
concsweep,1,3188284172,105836
concsweep,0,3188284156,109959
collection,-1,3187604224,793611
sweep,-1,3239620876,180
mark,-1,3239622216,733304
sweep,-1,3240368793,2975
sweep,-1,3240390697,26046
concsweep,1,3240407559,113060
concsweep,0,3240407552,122798
collection,-1,3239622185,924856
sweep,-1,3290952630,161
mark,-1,3290953634,724564
sweep,-1,3291690108,2479
sweep,-1,3291711390,25309
concsweep,1,3291729721,116617
concsweep,0,3291729704,117737
collection,-1,3290953607,910303
sweep,-1,3342739780,87
mark,-1,3342741030,722634
sweep,-1,3343474970,2632
sweep,-1,3343497121,35879
concsweep,1,3343513700,115912
concsweep,0,3343513693,116105
collection,-1,3342741003,905269
sweep,-1,3394162681,200
mark,-1,3394164158,861504
sweep,-1,3395034445,2341
sweep,-1,3395038780,48229
concsweep,1,3395067970,126602
concsweep,0,3395066803,139170
collection,-1,3394164125,1042858
sweep,-1,3445504720,161
mark,-1,3445505940,747399
sweep,-1,3446263098,2726
sweep,-1,3446284562,1781
concsweep,1,3446299306,144867
collection,-1,3445505912,939883
concsweep,0,3446299298,145100
sweep,-1,3496841448,198
mark,-1,3496842493,3329764
sweep,-1,3500186696,3112
sweep,-1,3500194265,1322
sweep,-1,3500210186,2976
concsweep,1,3500226040,164109
concsweep,0,3500226033,164303
collection,-1,3496842457,3560052
sweep,-1,3612002161,228
mark,-1,3612003438,64719
sweep,-1,3612079012,2788
concsweep,1,3612105912,234070
concsweep,0,3612096584,248887
collection,-1,3612003407,359063
sweep,-1,3724384604,223
mark,-1,3724385677,2127006
sweep,-1,3726524389,11440
concsweep,1,3726550525,294418
concsweep,0,3726540071,310033
collection,-1,3724385646,2536379
sweep,-1,3829503004,213
mark,-1,3829585725,1866351
sweep,-1,3831464711,2722
concsweep,1,3831503278,265196
concsweep,0,3831503271,268928
collection,-1,3829585680,2221910
sweep,-1,3936034450,224
mark,-1,3936035576,1926308
sweep,-1,3937973583,3134
concsweep,1,3938012270,271652
concsweep,0,3938012263,282454
collection,-1,3936035546,2333251
sweep,-1,4042033909,203
mark,-1,4042035027,2377210
sweep,-1,4044423838,3000
concsweep,1,4044430538,312024
concsweep,0,4044430533,312372
collection,-1,4042034988,2713651
sweep,-1,4153334884,276
mark,-1,4153336015,2318685
sweep,-1,4155667318,3172
concsweep,1,4155675086,264112
concsweep,0,4155675087,331681
collection,-1,4153335981,2679768
sweep,-1,4262529951,229
mark,-1,4262531194,2530392
sweep,-1,4265072180,27979
concsweep,1,4265099377,257768
concsweep,0,4265087596,271076
collection,-1,4262531171,2874125
sweep,-1,4369174180,210
mark,-1,4369175316,2731236
sweep,-1,4371919103,59540
concsweep,1,4371960474,253474
concsweep,0,4371960478,268087
collection,-1,4369175289,3099274
sweep,-1,4474522974,234
mark,-1,4474524307,2912250
sweep,-1,4477447306,2819
concsweep,1,4477484714,262052
concsweep,0,4477484709,335688
collection,-1,4474524240,3300841
sweep,-1,4581534695,155
mark,-1,4581535806,3095640
sweep,-1,4584643563,28571
concsweep,1,4584670144,286690
concsweep,0,4584661408,378052
collection,-1,4581535774,3504283
sweep,-1,4688333271,322
mark,-1,4688334630,3246308
sweep,-1,4691593616,26660
concsweep,1,4691620116,250685
concsweep,0,4691609552,262273
collection,-1,4688334600,3537928
sweep,-1,4793632947,238
mark,-1,4793634112,3310379
sweep,-1,4796955010,2788
concsweep,1,4796991810,264961
concsweep,0,4796991803,276812
collection,-1,4793634082,3648434
sweep,-1,4899313680,271
mark,-1,4899314878,3571385
sweep,-1,4902899335,2898
concsweep,1,4902935975,288150
concsweep,0,4902935968,301315
collection,-1,4899314811,3995516
sweep,-1,5004573117,233
mark,-1,5004574463,3234384
sweep,-1,5007821558,3227
concsweep,1,5007859639,264368
concsweep,0,5007859632,287346
collection,-1,5004574436,3603245
sweep,-1,5110693547,210
mark,-1,5110694635,3365873
sweep,-1,5114080087,29490
concsweep,1,5114091933,261998
concsweep,0,5114095399,286063
collection,-1,5110694600,3728897
sweep,-1,5217197928,511
mark,-1,5217199368,3397122
sweep,-1,5220609318,11384
concsweep,1,5220627857,301768
concsweep,0,5220632565,308237
collection,-1,5217199338,3837563
sweep,-1,5323409980,275
mark,-1,5323411066,3776461
sweep,-1,5327200074,3232
concsweep,1,5327240269,297170
concsweep,0,5327240278,1970286
collection,-1,5323411037,5827628
sweep,-1,5426319669,219
mark,-1,5426320791,3755408
sweep,-1,5430085198,2679
concsweep,1,5430120223,325855
concsweep,0,5430120223,326305
collection,-1,5426320762,4221517
sweep,-1,5527713522,274
mark,-1,5527714686,2594043
sweep,-1,5530320594,2917
concsweep,1,5530357970,265204
concsweep,0,5530357972,325942
collection,-1,5527714659,2969880
sweep,-1,5638593638,242
mark,-1,5638595088,2863621
sweep,-1,5641471352,3522
concsweep,1,5641479403,266475
concsweep,0,5641479394,345926
collection,-1,5638595042,3245193
sweep,-1,5750273404,184
mark,-1,5750274768,3025684
sweep,-1,5753311028,11806
concsweep,1,5753336602,260441
concsweep,0,5753325677,354883
collection,-1,5750274730,3407284
sweep,-1,5857059749,280
mark,-1,5857061025,3139020
sweep,-1,5860212416,3232
concsweep,1,5860249692,263225
concsweep,0,5860249684,263483
collection,-1,5857060997,3452377
sweep,-1,5962673568,139
mark,-1,5962674816,3452037
sweep,-1,5966138201,57060
concsweep,1,5966175041,261885
concsweep,0,5966175035,262632
collection,-1,5962674786,3763450
sweep,-1,6068631504,164
mark,-1,6068632710,3291718
sweep,-1,6071937595,11592
concsweep,1,6071964354,262477
concsweep,0,6071954758,322480
collection,-1,6068632672,3678906
sweep,-1,6177912829,218
mark,-1,6177914196,3546039
sweep,-1,6181471570,11669
concsweep,1,6181497781,287090
concsweep,0,6181487168,328213
collection,-1,6177914171,3943645
sweep,-1,6284929105,174
mark,-1,6284930244,3159675
sweep,-1,6288103044,2893
concsweep,1,6288129606,258297
concsweep,0,6288118832,319606
collection,-1,6284930213,3550347
sweep,-1,6390451858,181
mark,-1,6390452978,3396440
sweep,-1,6393859153,52597
concsweep,1,6393897379,257801
concsweep,0,6393897384,283484
collection,-1,6390452948,3781163
sweep,-1,6495919935,213
mark,-1,6495921326,3353722
sweep,-1,6499287696,3288
concsweep,1,6499326428,265931
concsweep,0,6499326421,269701
collection,-1,6495921291,3767723
sweep,-1,6605044370,182
mark,-1,6605045585,3653795
sweep,-1,6608723842,1682
concsweep,1,6608749511,283947
concsweep,0,6608721970,336443
collection,-1,6605045553,4081826
sweep,-1,6713137411,210
mark,-1,6713138712,3453647
sweep,-1,6716606332,41494
concsweep,1,6716633050,294108
concsweep,0,6716623075,315410
collection,-1,6713138686,3831146
sweep,-1,6818863035,189
mark,-1,6818864234,3413385
sweep,-1,6822289456,2840
concsweep,1,6822315430,279038
concsweep,0,6822305856,347971
collection,-1,6818864195,3798537
sweep,-1,6923413959,132
mark,-1,6923415293,3343752
sweep,-1,6926770934,3008
concsweep,1,6926806877,290939
concsweep,0,6926806861,292260
collection,-1,6923415266,3688518
sweep,-1,7028643981,184
mark,-1,7028645182,2959413
sweep,-1,7031617997,3161
concsweep,1,7031658060,264482
concsweep,0,7031658060,264940
collection,-1,7028645152,3328169
sweep,-1,7137099392,219
mark,-1,7137100726,3195678
sweep,-1,7140305968,3970
concsweep,1,7140311679,292244
concsweep,0,7140311684,292739
collection,-1,7137100689,3524033
sweep,-1,7244759379,218
mark,-1,7244760544,3225931
sweep,-1,7247999049,11263
concsweep,1,7248024649,264415
concsweep,0,7248015690,304916
collection,-1,7244760517,3590023
sweep,-1,7349302076,214
mark,-1,7349303407,3461058
sweep,-1,7352775373,68061
concsweep,1,7352812912,256355
concsweep,0,7352812889,325403
collection,-1,7349303375,3885367
sweep,-1,7455074353,212
mark,-1,7455075492,3305834
sweep,-1,7458393425,54601
concsweep,1,7458431629,246851
concsweep,0,7458431613,247133
collection,-1,7455075462,3603828
sweep,-1,7560722219,164
mark,-1,7560723528,3440366
sweep,-1,7564176643,11634
concsweep,1,7564203455,266443
concsweep,0,7564194702,299773
collection,-1,7560723499,3813531
sweep,-1,7669192435,165
mark,-1,7669193704,5832937
sweep,-1,7675040954,11989
concsweep,1,7675067111,295621
concsweep,0,7675057939,331603
collection,-1,7669193673,6255352
sweep,-1,7901751882,218
mark,-1,7901753037,1684553
sweep,-1,7903449857,3257
concsweep,1,7903488503,509811
concsweep,0,7903488488,536072
collection,-1,7901753007,2276894
sweep,-1,8127887171,236
mark,-1,8127888712,3588262
sweep,-1,8131489963,39469
concsweep,0,8131513806,547722
concsweep,1,8131510019,551403
collection,-1,8127888674,4177345
sweep,-1,8347450813,220
mark,-1,8347452153,2287006
sweep,-1,8349751023,11181
concsweep,1,8349791438,591271
concsweep,0,8349791430,609993
collection,-1,8347452124,3005843
sweep,-1,8569498160,177
mark,-1,8569499783,4754352
sweep,-1,8574267016,11574
concsweep,1,8574292092,541246
concsweep,0,8574284018,572895
collection,-1,8569499754,5399219
sweep,-1,8784907169,173
mark,-1,8784908284,1603424
sweep,-1,8786524028,11740
concsweep,1,8786549571,513624
concsweep,0,8786541692,522488
collection,-1,8784908255,2170815
sweep,-1,9009275762,177
mark,-1,9009277020,3588777
sweep,-1,9012873509,3141
concsweep,1,9012893316,600729
concsweep,0,9012876305,677229
collection,-1,9009276990,4287640
sweep,-1,9228112846,123
mark,-1,9228114052,4791110
sweep,-1,9232915845,56316
concsweep,1,9232923590,555983
concsweep,0,9232923579,1139378
collection,-1,9228114022,5950810
sweep,-1,9448151820,180
mark,-1,9448152910,2269775
sweep,-1,9450434374,3294
concsweep,1,9450471597,570762
concsweep,0,9450471591,576854
collection,-1,9448152881,2918883
sweep,-1,9674335800,168
mark,-1,9674336990,1634969
sweep,-1,9675985103,3230
concsweep,1,9675994006,536762
concsweep,0,9675993991,537248
collection,-1,9674336957,2203799
sweep,-1,9898578994,162
mark,-1,9898580386,3231180
sweep,-1,9901822535,49727
concsweep,1,9901860574,517118
collection,-1,9898580356,3799782
concsweep,0,9901860568,517094
sweep,-1,10116579531,251
mark,-1,10116580751,2037040
sweep,-1,10118630105,11576
concsweep,1,10118649628,588217
collection,-1,10116580726,2657663
concsweep,0,10118653527,584331
sweep,-1,10339388797,167
mark,-1,10339390039,3388831
sweep,-1,10342790685,11154
concsweep,1,10342831435,575067
concsweep,0,10342831428,575359
collection,-1,10339390002,4017297
sweep,-1,10563235288,277
mark,-1,10563236903,2759412
sweep,-1,10566007922,11838
concsweep,1,10566034085,566683
concsweep,0,10566024415,581816
collection,-1,10563236871,3444621
sweep,-1,10786782582,159
mark,-1,10786868438,592126
sweep,-1,10787471410,2646
sweep,-1,10787493953,1381
concsweep,1,10787497634,622626
concsweep,0,10787487204,633610
collection,-1,10786868380,1265253
sweep,-1,11012929253,218
mark,-1,11012930491,3126849
sweep,-1,11016070408,3359
concsweep,1,11016109607,522859
concsweep,0,11016109613,537917
collection,-1,11012930462,3787348
sweep,-1,11237740153,221
mark,-1,11237741522,2595187
sweep,-1,11240349672,3364
concsweep,1,11240388454,565963
concsweep,0,11240388447,584143
collection,-1,11237741486,3298847
sweep,-1,11453747467,167
mark,-1,11453748724,1182137
sweep,-1,11454941555,2797
sweep,-1,11454949624,121808
concsweep,1,11454981044,670313
concsweep,0,11454981037,1178547
collection,-1,11453748694,2411436
sweep,-1,11681920873,176
mark,-1,11681922356,3166820
sweep,-1,11685099151,11233
concsweep,1,11685116228,529815
concsweep,0,11685121982,603803
collection,-1,11681922328,3813192
sweep,-1,11906417259,258
mark,-1,11906418605,2859870
sweep,-1,11909289680,3218
concsweep,1,11909324905,569179
concsweep,0,11909324907,597392
collection,-1,11906418575,3605917
sweep,-1,12125464296,167
mark,-1,12125465498,998507
sweep,-1,12126475496,11084
sweep,-1,12126498476,11495
concsweep,1,12126494747,687801
concsweep,0,12126499047,688359
collection,-1,12125465466,1722606
sweep,-1,12351675349,236
mark,-1,12351676630,3058026
sweep,-1,12354746775,60449
concsweep,1,12354786972,506881
concsweep,0,12354786967,559035
collection,-1,12351676594,3677907
sweep,-1,12577952690,255
mark,-1,12577953935,2543757
sweep,-1,12580512015,11466
concsweep,0,12580535551,559282
concsweep,1,12580531878,562971
collection,-1,12577953903,3150359
sweep,-1,12800358851,177
mark,-1,12800360111,1254596
sweep,-1,12801625645,11326
sweep,-1,12801650102,14124
concsweep,1,12801644228,722460
concsweep,0,12801649803,1440725
collection,-1,12800360087,2784370
sweep,-1,13026074778,172
mark,-1,13026075947,3227602
sweep,-1,13029314390,48280
concsweep,1,13029350648,544421
concsweep,0,13029350650,565782
collection,-1,13026075921,3881997
sweep,-1,13250787998,184
mark,-1,13250789159,2422136
sweep,-1,13253220906,2838
sweep,-1,13253282296,7314
concsweep,1,13253255898,519244
concsweep,0,13253255889,523785
collection,-1,13250789107,3083868
sweep,-1,13469185939,93
mark,-1,13469187283,1112869
sweep,-1,13470310286,2669
sweep,-1,13470332534,36438
concsweep,1,13470348731,680222
concsweep,0,13470348724,685960
collection,-1,13469187248,1847878
sweep,-1,13694816949,214
mark,-1,13694818421,3176281
sweep,-1,13698006187,26875
concsweep,1,13698032348,557054
concsweep,0,13698022124,569574
collection,-1,13694818391,3773671
sweep,-1,13923193488,254
mark,-1,13923194810,2726758
sweep,-1,13925934336,11054
concsweep,1,13925959773,572616
concsweep,0,13925950061,609743
collection,-1,13923194781,3369404
sweep,-1,14144260558,165
mark,-1,14144261884,693643
sweep,-1,14144965169,11501
sweep,-1,14144987967,11876
concsweep,1,14144983699,658385
collection,-1,14144261851,1384559
concsweep,0,14144988293,657276
sweep,-1,14369182948,205
mark,-1,14369184373,2996625
sweep,-1,14372194796,56065
concsweep,1,14372234182,544152
concsweep,0,14372234178,561892
collection,-1,14369184329,3679523
sweep,-1,14593843058,244
mark,-1,14593844304,2581570
sweep,-1,14596437388,55637
concsweep,1,14596477676,535736
concsweep,0,14596477669,583987
collection,-1,14593844265,3223156
sweep,-1,14811955978,178
mark,-1,14811957205,1026056
sweep,-1,14812993860,11096
sweep,-1,14813025792,20304
concsweep,1,14813035176,682917
concsweep,0,14813035181,1540531
collection,-1,14811957173,2694950
sweep,-1,15037144729,220
mark,-1,15037145988,3151265
sweep,-1,15040310524,3540
concsweep,1,15040348268,563075
concsweep,0,15040348261,573985
collection,-1,15037145943,3833517
sweep,-1,15260803281,271
mark,-1,15260804554,2639199
sweep,-1,15263456568,11737
concsweep,1,15263482062,527314
concsweep,0,15263473275,562827
collection,-1,15260804508,3237708
sweep,-1,15477542977,239
mark,-1,15477544306,1161213
sweep,-1,15478716037,2682
sweep,-1,15478738056,22903
concsweep,1,15478755666,671230
concsweep,0,15478755658,1238138
collection,-1,15477544261,2521292
sweep,-1,15706618723,225
mark,-1,15706619931,6127835
sweep,-1,15712758632,3127
concsweep,1,15712766058,647909
concsweep,0,15712766026,658850
collection,-1,15706619892,6805782
sweep,-1,15916871521,218
mark,-1,15916872690,2887402
sweep,-1,15919772510,24770
concsweep,0,15919789025,528696
concsweep,1,15919799390,518362
collection,-1,15916872653,3445975
sweep,-1,16145182369,208
mark,-1,16145183665,2561198
sweep,-1,16147766465,27444
concsweep,1,16147778736,565822
concsweep,0,16147781778,570260
collection,-1,16145183626,3247807
sweep,-1,16364212772,172
mark,-1,16364214079,665566
sweep,-1,16364889569,2541
sweep,-1,16364911079,28880
concsweep,1,16364926454,616719
concsweep,0,16364926442,622167
collection,-1,16364214037,1351741
sweep,-1,16590261109,224
mark,-1,16590262312,3514436
sweep,-1,16593787968,3104
concsweep,1,16593795216,561314
concsweep,0,16593795209,621798
collection,-1,16590262232,4157934
sweep,-1,16817763654,318
mark,-1,16817764920,2317134
sweep,-1,16820095551,3640
concsweep,1,16820103051,535378
concsweep,0,16820103033,539391
collection,-1,16817764881,2889759
sweep,-1,17036355127,158
mark,-1,17036356502,810156
sweep,-1,17037176262,2483
sweep,-1,17037214917,14081
concsweep,1,17037212417,663399
concsweep,0,17037212402,665870
collection,-1,17036356460,1539961
sweep,-1,17263011302,214
mark,-1,17263012497,3385466
sweep,-1,17266410669,3014
concsweep,1,17266448121,574263
concsweep,0,17266448122,578421
collection,-1,17263012460,4057702
sweep,-1,17485024940,231
mark,-1,17485026176,2361022
sweep,-1,17487399646,63252
concsweep,1,17487440468,506890
concsweep,0,17487440463,508185
collection,-1,17485026132,2922988
sweep,-1,17711755890,176
mark,-1,17711757219,879826
sweep,-1,17712649862,2908
sweep,-1,17712665287,13393
concsweep,1,17712658700,669998
concsweep,0,17712658690,676471
collection,-1,17711757190,1595523
sweep,-1,17941097684,318
mark,-1,17941099367,3118843
sweep,-1,17944231362,11547
concsweep,1,17944257252,561764
concsweep,0,17944248411,586530
collection,-1,17941099331,3775747
sweep,-1,18165357263,270
mark,-1,18165358620,2834111
sweep,-1,18168205794,11618
concsweep,1,18168248340,591179
concsweep,0,18168248338,613499
collection,-1,18165358582,3603161
sweep,-1,18381574062,164
mark,-1,18381575291,879763
sweep,-1,18382465625,2644
sweep,-1,18382487843,21580
concsweep,1,18382507158,652472
concsweep,0,18382507151,654825
collection,-1,18381575256,1603833
sweep,-1,18610585701,255
mark,-1,18610586926,3232953
sweep,-1,18613831487,3388
concsweep,1,18613839124,538171
concsweep,0,18613839107,546995
collection,-1,18610586886,3881133
sweep,-1,18841943571,219
mark,-1,18841944730,2608466
sweep,-1,18844573506,3287
concsweep,1,18844585691,569249
concsweep,0,18844588451,593208
collection,-1,18841944685,3291000
sweep,-1,19057993864,158
mark,-1,19057995153,1296804
sweep,-1,19059298024,3296
sweep,-1,19059316448,69691
concsweep,1,19059322634,665188
concsweep,0,19059300199,1186194
collection,-1,19057995124,2492433
sweep,-1,19283801239,227
mark,-1,19283802375,3472155
sweep,-1,19287287173,3504
concsweep,1,19287324844,568628
concsweep,0,19287324836,591671
collection,-1,19283802339,4154714
sweep,-1,19506266818,216
mark,-1,19506267960,2296752
sweep,-1,19508577232,3071
concsweep,1,19508615143,573616
concsweep,0,19508615137,575272
collection,-1,19506267916,2926166
sweep,-1,19730144027,160
mark,-1,19730145250,827786
sweep,-1,19730983901,2903
sweep,-1,19731007227,2404
concsweep,1,19731012960,653429
concsweep,0,19731000558,665857
collection,-1,19730145219,1528020
sweep,-1,19955814750,222
mark,-1,19955816116,3208118
sweep,-1,19959036370,3170
concsweep,1,19959073405,529690
concsweep,0,19959073399,620969
collection,-1,19955816080,3878690
sweep,-1,20183856163,182
mark,-1,20183857394,2633815
sweep,-1,20186502940,11956
concsweep,1,20186528962,520980
concsweep,0,20186519599,549926
collection,-1,20183857362,3220951
sweep,-1,20400167466,172
mark,-1,20400168602,1444660
sweep,-1,20401624033,3182
sweep,-1,20401646742,32168
concsweep,1,20401663649,704285
concsweep,0,20401663642,1234127
collection,-1,20400168561,2802754
sweep,-1,20624246446,219
mark,-1,20624247614,2898309
sweep,-1,20627158191,11551
concsweep,1,20627199357,540554
concsweep,0,20627199349,540714
collection,-1,20624247577,3515161
sweep,-1,20853485987,169
mark,-1,20853487538,2499710
sweep,-1,20856000190,65766
concsweep,1,20856040684,507982
concsweep,0,20856040667,517794
collection,-1,20853487501,3080881
sweep,-1,21073426335,189
mark,-1,21073427736,999623
sweep,-1,21074437924,11048
sweep,-1,21074460649,14364
concsweep,1,21074456599,693345
concsweep,0,21074460674,1584512
collection,-1,21073427694,2635517
sweep,-1,21298772925,241
mark,-1,21298774166,3284787
sweep,-1,21302150598,2906
concsweep,1,21302186326,565888
collection,-1,21298774136,3978930
concsweep,0,21302186318,565969
sweep,-1,21522250072,213
mark,-1,21522251342,2687309
sweep,-1,21524949621,2730
concsweep,1,21524986061,570824
concsweep,0,21524986039,573680
collection,-1,21522251276,3309726
sweep,-1,21743628939,144
mark,-1,21743630308,786262
sweep,-1,21744428732,10950
sweep,-1,21744451511,13276
concsweep,1,21744448701,696744
concsweep,0,21744453323,693851
collection,-1,21743630258,1523865
sweep,-1,21968439034,191
mark,-1,21968440445,3707842
sweep,-1,21972162030,3028
concsweep,1,21972199262,672892
collection,-1,21968440395,4434143
concsweep,0,21972199256,672962
sweep,-1,22193207150,190
mark,-1,22193208507,2277984
sweep,-1,22195499429,3112
concsweep,1,22195508287,573467
concsweep,0,22195508291,613329
collection,-1,22193208469,2956326
sweep,-1,22417752027,171
mark,-1,22417753348,357491
sweep,-1,22418120672,2615
concsweep,1,22418147472,574946
concsweep,0,22418136284,593611
collection,-1,22417753309,985832
sweep,-1,22642916904,215
mark,-1,22642918223,3112917
sweep,-1,22646042416,11527
concsweep,1,22646062303,532183
concsweep,0,22646066585,573148
collection,-1,22642918146,3797407
sweep,-1,22866297550,269
mark,-1,22866298769,2606486
sweep,-1,22868915709,2941
concsweep,1,22868952508,530603
concsweep,0,22868952502,556496
collection,-1,22866298725,3313674
sweep,-1,23083730260,147
mark,-1,23083731546,1184880
sweep,-1,23084926875,11132
sweep,-1,23084952129,92065
concsweep,1,23084966886,677402
concsweep,0,23084966878,1187413
collection,-1,23083731506,2423812
sweep,-1,23308576072,254
mark,-1,23308577498,3125452
sweep,-1,23311715647,3169
concsweep,1,23311753233,531278
concsweep,0,23311753234,537082
collection,-1,23308577461,3772097
sweep,-1,23532091134,222
mark,-1,23532092356,2619116
sweep,-1,23534723328,3193
sweep,-1,23534777841,13081
concsweep,1,23534760160,532632
concsweep,0,23534760153,559568
collection,-1,23532092309,3233981
sweep,-1,23754665609,224
mark,-1,23754666972,4695536
sweep,-1,23759374906,63750
concsweep,1,23759382605,557176
concsweep,0,23759382595,1179384
collection,-1,23754666933,5932084
sweep,-1,23969285312,184
mark,-1,23969286482,1938585
sweep,-1,23971235650,2847
concsweep,1,23971267931,540675
concsweep,0,23971267924,579210
collection,-1,23969286444,2658453
sweep,-1,24195586922,232
mark,-1,24195588091,1837651
sweep,-1,24197434552,2765
concsweep,1,24197469198,526070
concsweep,0,24197469198,558984
collection,-1,24195588053,2465556
sweep,-1,24419826993,165
mark,-1,24419828343,49966
sweep,-1,24419889768,2250
sweep,-1,24419910569,28182
concsweep,0,24419929186,521727
concsweep,1,24419929199,521546
collection,-1,24419828309,637022
sweep,-1,24647193277,240
mark,-1,24647194450,3532392
sweep,-1,24650739073,11798
concsweep,1,24650758756,575598
concsweep,0,24650762762,576211
collection,-1,24647194408,4226073
sweep,-1,24875654424,235
mark,-1,24875655727,2663940
sweep,-1,24878410141,11163
concsweep,1,24878428674,566615
collection,-1,24875655694,3340765
concsweep,0,24878433961,561877
sweep,-1,25096495182,158
mark,-1,25096496575,681470
sweep,-1,25097187359,2653
sweep,-1,25097225681,12476
concsweep,1,25097225646,651319
concsweep,0,25097225633,655827
collection,-1,25096496547,1385352
sweep,-1,25321164239,170
mark,-1,25321165414,2962599
sweep,-1,25324141288,55103
concsweep,1,25324180577,518874
concsweep,0,25324180572,597927
collection,-1,25321165384,3617498
sweep,-1,25545869984,212
mark,-1,25545871214,2489104
sweep,-1,25548372755,63618
concsweep,1,25548411956,542866
concsweep,0,25548411944,599787
collection,-1,25545871168,3141654
sweep,-1,25767377482,174
mark,-1,25767378669,992094
sweep,-1,25768382927,11196
sweep,-1,25768406469,8384
concsweep,1,25768402675,728907
concsweep,0,25768406221,1591543
collection,-1,25767378623,2703993
sweep,-1,25993321749,211
mark,-1,25993323027,3421633
sweep,-1,25996754862,3159
concsweep,1,25996791876,561489
concsweep,0,25996791869,574879
collection,-1,25993322989,4098236
sweep,-1,26220989684,304
mark,-1,26220990929,2432387
sweep,-1,26223437061,3451
concsweep,1,26223445130,532268
concsweep,0,26223445132,589340
collection,-1,26220990890,3049500
sweep,-1,26437841524,170
mark,-1,26437842763,1115543
sweep,-1,26438970502,2827
sweep,-1,26438994064,1436
concsweep,1,26438996850,735780
concsweep,0,26438986213,1708378
collection,-1,26437842733,2853137
sweep,-1,26663613843,218
mark,-1,26663614980,2993746
sweep,-1,26666620798,11538
concsweep,1,26666640096,530376
concsweep,0,26666644504,527649
collection,-1,26663614936,3627878
sweep,-1,26893857534,277
mark,-1,26893858758,2663655
sweep,-1,26896535554,38147
concsweep,1,26896555200,584360
concsweep,0,26896559846,593882
collection,-1,26893858718,3339147
sweep,-1,27113001556,161
mark,-1,27113002806,850972
sweep,-1,27113863460,2873
sweep,-1,27113888990,22224
concsweep,1,27113901417,657714
concsweep,0,27113901410,659627
collection,-1,27113002768,1575533
sweep,-1,27337446153,275
mark,-1,27337447334,3116119
sweep,-1,27340575811,3502
concsweep,1,27340613933,556251
concsweep,0,27340613926,564560
collection,-1,27337447296,3791008
sweep,-1,27561401164,223
mark,-1,27561402349,2600043
sweep,-1,27564014982,3641
concsweep,1,27564053159,531238
concsweep,0,27564053143,552132
collection,-1,27561402296,3266936
sweep,-1,27784901409,170
mark,-1,27784902564,1454976
sweep,-1,27786368662,3156
sweep,-1,27786386334,76197
concsweep,1,27786397832,709941
concsweep,0,27786384981,1175316
collection,-1,27784902531,2658417
sweep,-1,28009395028,239
mark,-1,28009396240,2908590
sweep,-1,28012317368,3034
concsweep,1,28012355331,584465
concsweep,0,28012355332,662425
collection,-1,28009396201,3621787
sweep,-1,28238071852,321
mark,-1,28238073144,2490630
sweep,-1,28240576091,11894
sweep,-1,28240599084,19344
concsweep,1,28240597082,539323
concsweep,0,28240600221,538209
collection,-1,28238073106,3065681
sweep,-1,28459620443,163
mark,-1,28459621663,1076893
sweep,-1,28460722977,3090
sweep,-1,28460747689,19220
concsweep,1,28460751736,717148
concsweep,0,28460751732,1565351
collection,-1,28459621635,2734877
sweep,-1,28687554639,269
mark,-1,28687555882,3102445
sweep,-1,28690670626,3575
concsweep,1,28690678792,529657
concsweep,0,28690678784,533814
collection,-1,28687555845,3748772
sweep,-1,28917119600,231
mark,-1,28917120834,2636903
sweep,-1,28919770138,25157
concsweep,1,28919778237,522386
concsweep,0,28919778240,527486
collection,-1,28917120802,3195166
sweep,-1,29136167358,226
mark,-1,29136168871,1127571
sweep,-1,29137307014,3065
sweep,-1,29137329953,27425
concsweep,1,29137345721,673645
concsweep,0,29137345720,1340022
collection,-1,29136168837,2525090
sweep,-1,29362189093,224
mark,-1,29362190417,3294239
sweep,-1,29365495328,3140
concsweep,1,29365531551,563535
collection,-1,29362190385,3905201
concsweep,0,29365531545,563559
sweep,-1,29587033207,213
mark,-1,29587034422,2692631
sweep,-1,29589738186,41022
concsweep,0,29589763802,556532
concsweep,1,29589757596,562754
collection,-1,29587034398,3288885
sweep,-1,29805527333,199
mark,-1,29805528689,841222
sweep,-1,29806380750,2395
sweep,-1,29806418427,14063
concsweep,1,29806419003,662601
concsweep,0,29806418995,663931
collection,-1,29805528656,1569591
sweep,-1,30031306737,182
mark,-1,30031307850,3625133
sweep,-1,30034945678,3102
concsweep,1,30034982391,592396
concsweep,0,30034982386,616254
collection,-1,30031307814,4306204
sweep,-1,30258228680,225
mark,-1,30258230016,2128899
sweep,-1,30260371208,11299
concsweep,1,30260396986,576887
concsweep,0,30260387913,605710
collection,-1,30258229986,2825966
sweep,-1,30477206683,168
mark,-1,30477207865,656021
sweep,-1,30477873522,2766
sweep,-1,30477895653,22769
concsweep,1,30477913202,619773
concsweep,0,30477913186,632240
collection,-1,30477207835,1354472
sweep,-1,30705734023,237
mark,-1,30705735371,3183650
sweep,-1,30708937617,3359
concsweep,1,30708947794,532347
concsweep,0,30708952210,540937
collection,-1,30705735326,3838125
sweep,-1,30934991710,329
mark,-1,30934993004,2644835
sweep,-1,30937658042,2924
concsweep,1,30937667995,536398
concsweep,0,30937672759,569133
collection,-1,30934992964,3263601
sweep,-1,31153020685,177
mark,-1,31153022443,4647619
sweep,-1,31157677850,89488
concsweep,1,31157710028,549871
concsweep,0,31157710088,1154310
collection,-1,31153022415,5917018
sweep,-1,31370356840,237
mark,-1,31370358010,1938094
sweep,-1,31372308892,3069
concsweep,1,31372348998,574814
concsweep,0,31372348993,578955
collection,-1,31370357973,2581062
sweep,-1,31596971538,264
mark,-1,31596972932,1719562
sweep,-1,31598705063,11531
concsweep,1,31598724455,529380
concsweep,0,31598727862,537638
collection,-1,31596972885,2292953
sweep,-1,31822582017,182
mark,-1,31822583283,48183
sweep,-1,31822642672,2398
sweep,-1,31822663925,27369
concsweep,1,31822679739,518836
concsweep,0,31822679733,520370
collection,-1,31822583256,632141
sweep,-1,32052166381,479
mark,-1,32052167974,3138081
sweep,-1,32055319538,3362
concsweep,1,32055355849,528489
concsweep,0,32055355833,543875
collection,-1,32052167929,3781142
sweep,-1,32281411941,274
mark,-1,32281413174,2711447
sweep,-1,32284136136,11568
concsweep,1,32284162444,529478
concsweep,0,32284152286,571293
collection,-1,32281413135,3405844
sweep,-1,32499206521,170
mark,-1,32499207760,1467518
sweep,-1,32500685774,2870
sweep,-1,32500717976,28592
concsweep,1,32500722163,709524
concsweep,0,32500722152,1249576
collection,-1,32499207721,2840458
sweep,-1,32733052952,233
mark,-1,32733054284,3620410
sweep,-1,32736686215,27388
concsweep,0,32736692692,647358
concsweep,1,32736692700,647316
collection,-1,32733054235,4286975
sweep,-1,32959263698,502
mark,-1,32959265207,2297532
sweep,-1,32961574914,2842
concsweep,1,32961613080,531353
concsweep,0,32961613073,538203
collection,-1,32959265161,2900646
sweep,-1,33181199010,172
mark,-1,33181200267,791170
sweep,-1,33182001548,2503
sweep,-1,33182022823,23145
concsweep,1,33182041512,646707
concsweep,0,33182041497,750169
collection,-1,33181200220,1607800
sweep,-1,33408939594,245
mark,-1,33408940796,3130470
sweep,-1,33412084924,3267
concsweep,1,33412123168,528513
concsweep,0,33412123162,538833
collection,-1,33408940758,3802665
sweep,-1,33635171966,230
mark,-1,33635173158,2774443
sweep,-1,33637958621,3548
concsweep,1,33637995326,563432
concsweep,0,33637995333,568255
collection,-1,33635173121,3396382
sweep,-1,33852910411,170
mark,-1,33852911519,4226187
sweep,-1,33857148482,3240
sweep,-1,33857172343,21639
concsweep,1,33857184990,561261
collection,-1,33852911489,4835182
concsweep,0,33857184983,561290
sweep,-1,34068011342,565
mark,-1,34068012825,1914757
sweep,-1,34069939458,3017
concsweep,1,34069979332,536568
concsweep,0,34069979332,592248
collection,-1,34068012789,2579245
sweep,-1,34295536132,232
mark,-1,34295537433,1636392
sweep,-1,34297184799,2550
concsweep,1,34297222930,528748
concsweep,0,34297222930,532003
collection,-1,34295537395,2235595
sweep,-1,34521777156,256
mark,-1,34521778526,3417620
sweep,-1,34525206450,2969
concsweep,1,34525242963,522796
concsweep,0,34525242955,524788
collection,-1,34521778498,4085121
sweep,-1,34744026486,231
mark,-1,34744027803,1936029
sweep,-1,34745976230,12734
concsweep,1,34746002122,559434
concsweep,0,34745993351,602573
collection,-1,34744027773,2610922
sweep,-1,34969246378,221
mark,-1,34969247529,1593746
sweep,-1,34970854614,3165
concsweep,1,34970892913,518246
concsweep,0,34970892906,575350
collection,-1,34969247492,2221913
sweep,-1,35194317441,296
mark,-1,35194318677,3195885
sweep,-1,35197524544,3092
concsweep,1,35197562060,519390
concsweep,0,35197562052,585462
collection,-1,35194318648,3838449
sweep,-1,35410417306,169
mark,-1,35410418440,1848517
sweep,-1,35412280134,3653
concsweep,1,35412319670,582129
concsweep,0,35412319662,584597
collection,-1,35410418411,2486181
sweep,-1,35636617479,230
mark,-1,35636618735,4757401
sweep,-1,35641388053,11547
concsweep,1,35641407123,619951
concsweep,0,35641411109,1948920
collection,-1,35636618696,6800970
sweep,-1,35853043953,227
mark,-1,35853045138,1870767
sweep,-1,35854928131,3350
concsweep,0,35854967514,570089
collection,-1,35853045102,2493231
concsweep,1,35854967522,570059
sweep,-1,36075861092,229
mark,-1,36075862273,3498654
sweep,-1,36079368617,12787
concsweep,1,36079540099,622119
concsweep,0,36079392139,770532
collection,-1,36075862235,4301676
sweep,-1,36291084427,161
mark,-1,36291085871,4613788
sweep,-1,36295720353,90322
concsweep,1,36295753493,543535
concsweep,0,36295753488,1195152
collection,-1,36291085836,5938038
sweep,-1,36508097291,244
mark,-1,36508098461,2145260
sweep,-1,36510255842,3680
concsweep,1,36510293491,572421
concsweep,0,36510293484,583907
collection,-1,36508098423,2779971
sweep,-1,36734919383,291
mark,-1,36734920907,1674570
sweep,-1,36736608903,3357
concsweep,1,36736618152,569379
concsweep,0,36736618156,574973
collection,-1,36734920875,2276326
sweep,-1,36964795501,392
mark,-1,36964797121,3216043
sweep,-1,36968038312,12018
concsweep,1,36968070668,524671
concsweep,0,36968070672,546612
collection,-1,36964797077,3820597
sweep,-1,37181518538,443
mark,-1,37181520123,2284531
sweep,-1,37183816536,3349
concsweep,1,37183853304,620749
concsweep,0,37183853312,674715
collection,-1,37181520096,3033824
sweep,-1,37402057311,160
mark,-1,37402058388,2987293
sweep,-1,37405055754,3199
concsweep,1,37405090893,532815
concsweep,0,37405090884,542835
collection,-1,37402058362,3675443
sweep,-1,37627468466,204
mark,-1,37627469578,2507084
sweep,-1,37629988397,11633
concsweep,1,37630029391,538012
concsweep,0,37630029384,538067
collection,-1,37627469548,3102777
sweep,-1,37845501533,148
mark,-1,37845502613,970285
sweep,-1,37846482069,2743
sweep,-1,37846521563,10331
concsweep,1,37846518718,694438
concsweep,0,37846518710,1620430
collection,-1,37845502586,2643317
sweep,-1,38069642022,258
mark,-1,38069643187,3184562
sweep,-1,38072838051,3123
concsweep,1,38072875285,528266
concsweep,0,38072875261,530904
collection,-1,38069643159,3832706
sweep,-1,38294790938,270
mark,-1,38294792067,2658999
sweep,-1,38297461644,3002
sweep,-1,38297515627,11252
concsweep,1,38297503083,528615
concsweep,0,38297503075,536072
collection,-1,38294792040,3323116
sweep,-1,38510334200,95
mark,-1,38510335208,1163647
sweep,-1,38511511214,2608
sweep,-1,38511550706,19239
concsweep,1,38511548740,684113
concsweep,0,38511548731,1228882
collection,-1,38510335179,2468478
sweep,-1,38738684665,214
mark,-1,38738685728,3844222
sweep,-1,38742540758,2846
concsweep,1,38742567777,698453
concsweep,0,38742557912,715310
collection,-1,38738685698,4591565
sweep,-1,38965112438,216
mark,-1,38965113655,2400136
sweep,-1,38967524996,2963
concsweep,1,38967562437,528559
concsweep,0,38967562428,531037
collection,-1,38965113630,3056353
sweep,-1,39187429040,160
mark,-1,39187517043,988235
sweep,-1,39188517311,2834
concsweep,1,39188525911,753905
concsweep,0,39188525914,1733124
collection,-1,39187517003,2817913
sweep,-1,39411685904,270
mark,-1,39411687102,3293506
sweep,-1,39414993170,3206
concsweep,1,39415030550,564083
concsweep,0,39415030542,584644
collection,-1,39411687074,3942426
sweep,-1,39635164214,264
mark,-1,39635165311,2524620
sweep,-1,39637701007,11165
sweep,-1,39637764925,5758
concsweep,1,39637741405,534052
concsweep,0,39637741407,555555
collection,-1,39635165256,3208975
sweep,-1,39852893915,149
mark,-1,39852894996,1450038
sweep,-1,39854355494,3161
sweep,-1,39854378014,29851
concsweep,1,39854394675,642716
concsweep,0,39854394676,1517389
collection,-1,39852894968,3023157
sweep,-1,40077836677,228
mark,-1,40077837875,3182877
sweep,-1,40081031133,3076
concsweep,1,40081066711,528665
concsweep,0,40081066702,551983
collection,-1,40077837831,3825315
sweep,-1,40307688849,326
mark,-1,40307690122,2643731
sweep,-1,40310345085,3408
concsweep,1,40310354071,532288
concsweep,0,40310354064,537426
collection,-1,40307690090,3254048
sweep,-1,40525533147,105
mark,-1,40525534230,1175079
sweep,-1,40526721013,2873
sweep,-1,40526744206,39117
concsweep,1,40526759582,668609
concsweep,0,40526759574,1213118
collection,-1,40525534203,2439520
sweep,-1,40750082584,220
mark,-1,40750083657,3142151
sweep,-1,40753236659,3041
concsweep,1,40753274350,529002
concsweep,0,40753274343,584851
collection,-1,40750083633,3794597
sweep,-1,40974170275,226
mark,-1,40974171433,2627335
sweep,-1,40976808645,3037
concsweep,1,40976846046,533588
concsweep,0,40976846038,553144
collection,-1,40974171407,3279642
sweep,-1,41193601362,196
mark,-1,41193602670,1204988
sweep,-1,41194819770,11255
sweep,-1,41194836558,86700
concsweep,1,41194839858,681922
concsweep,0,41194844269,1197218
collection,-1,41193602642,2439700
sweep,-1,41419784466,449
mark,-1,41419785769,3168926
sweep,-1,41422966842,2660
concsweep,1,41423004661,530228
concsweep,0,41423004653,531471
collection,-1,41419785743,3750916
sweep,-1,41647060355,263
mark,-1,41647061519,2671170
sweep,-1,41649743715,11190
concsweep,1,41649770004,528837
concsweep,0,41649760603,572889
collection,-1,41647061490,3372704
sweep,-1,41864285614,95
mark,-1,41864286901,1769369
sweep,-1,41866066724,2956
sweep,-1,41866088665,36061
concsweep,1,41866103971,558064
concsweep,0,41866103970,1131970
collection,-1,41864286873,2982870
sweep,-1,42090972412,180
mark,-1,42090973517,3277517
sweep,-1,42094262084,3206
concsweep,1,42094269533,525805
concsweep,0,42094269520,526119
collection,-1,42090973492,3914165
sweep,-1,42315859606,215
mark,-1,42315860670,2662282
sweep,-1,42318544178,3499
concsweep,1,42318554579,536312
concsweep,0,42318559252,554593
collection,-1,42315860642,3350590
sweep,-1,42533401367,150
mark,-1,42533402476,1158615
sweep,-1,42534571009,2726
sweep,-1,42534593277,30690
concsweep,1,42534612955,663501
concsweep,0,42534612957,1243633
collection,-1,42533402449,2461758
sweep,-1,42763422393,297
mark,-1,42763423954,3559811
sweep,-1,42766998062,12108
concsweep,1,42767018200,575999
concsweep,0,42767022020,590162
collection,-1,42763423910,4213053
sweep,-1,42987260638,227
mark,-1,42987262177,2307094
sweep,-1,42989577888,2980
concsweep,1,42989608985,534771
concsweep,0,42989608977,545894
collection,-1,42987262150,2956894
sweep,-1,43209668555,233
mark,-1,43209669788,797329
sweep,-1,43210477836,11276
sweep,-1,43210500448,10890
concsweep,1,43210496225,649791
concsweep,0,43210502257,645241
collection,-1,43209669762,1494177
sweep,-1,43435614919,236
mark,-1,43435616146,3163455
sweep,-1,43438790817,2945
concsweep,1,43438826405,530762
concsweep,0,43438826396,596692
collection,-1,43435616120,3807599
sweep,-1,43659233883,274
mark,-1,43659235151,2935725
sweep,-1,43662182585,11789
concsweep,1,43662209014,563768
concsweep,0,43662199529,575195
collection,-1,43659235124,3549547
sweep,-1,43878539405,180
mark,-1,43878540627,1226575
sweep,-1,43879776719,2947
sweep,-1,43879798809,27046
concsweep,1,43879815702,618201
concsweep,0,43879815694,621407
collection,-1,43878540600,1903915
sweep,-1,44105206368,274
mark,-1,44105207523,3192077
sweep,-1,44108412652,11889
concsweep,1,44108433049,552933
concsweep,0,44108436447,631643
collection,-1,44105207494,3950718
sweep,-1,44329510674,212
mark,-1,44329511902,2599465
sweep,-1,44332124118,11996
concsweep,1,44332166028,534867
concsweep,0,44332166020,556423
collection,-1,44329511875,3215307
sweep,-1,44546834506,171
mark,-1,44546835720,1166713
sweep,-1,44548015336,2694
sweep,-1,44548037826,33499
concsweep,1,44548055076,701080
concsweep,0,44548055067,1278253
collection,-1,44546835691,2571191
sweep,-1,44772244658,257
mark,-1,44772245767,3358860
sweep,-1,44775617113,11730
concsweep,1,44775643201,561560
concsweep,0,44775634707,623107
collection,-1,44772245743,4026267
sweep,-1,44995041704,256
mark,-1,44995042796,2477490
sweep,-1,44997531995,2810
concsweep,1,44997572338,530032
concsweep,0,44997572337,530792
collection,-1,44995042770,3061604
sweep,-1,45216019240,139
mark,-1,45216020448,937724
sweep,-1,45216968159,2814
sweep,-1,45216992485,1269
concsweep,1,45216994625,656228
concsweep,0,45216984481,677171
collection,-1,45216020420,1695160
sweep,-1,45440584506,227
mark,-1,45440585570,3155689
sweep,-1,45443753115,3144
concsweep,1,45443791096,529650
concsweep,0,45443791087,548892
collection,-1,45440585541,3797869
sweep,-1,45666149781,276
mark,-1,45666151139,2629685
sweep,-1,45668790750,11511
concsweep,1,45668816885,528744
concsweep,0,45668807599,548841
collection,-1,45666151112,3226494
sweep,-1,45883044982,109
mark,-1,45883046356,1500030
sweep,-1,45884559228,3279
sweep,-1,45884577064,102126
concsweep,1,45884599300,767476
concsweep,0,45884599293,1181177
collection,-1,45883046294,2736164
sweep,-1,46106914618,173
mark,-1,46106915738,3156782
sweep,-1,46110083564,11565
concsweep,1,46110110586,568106
concsweep,0,46110098941,579887
collection,-1,46106915711,3770063
sweep,-1,46331016668,225
mark,-1,46331018093,2219727
sweep,-1,46333249336,52228
concsweep,1,46333288028,512617
concsweep,0,46333288020,528164
collection,-1,46331018047,2816289
sweep,-1,46551280964,198
mark,-1,46551282288,806421
sweep,-1,46552102152,2777
sweep,-1,46552123866,24546
collection,-1,46551282244,1565691
concsweep,0,46552140935,706675
concsweep,1,46552140948,706619
sweep,-1,46779847004,287
mark,-1,46779848287,3049592
sweep,-1,46782910284,11734
concsweep,1,46782930044,533912
concsweep,0,46782934507,546331
collection,-1,46779848257,3632939
sweep,-1,47006602836,165
mark,-1,47006603959,2690976
sweep,-1,47009306451,60950
concsweep,1,47009342219,538910
concsweep,0,47009342212,544568
collection,-1,47006603923,3294062
sweep,-1,47228137198,147
mark,-1,47228138231,1636560
sweep,-1,47229784452,3023
sweep,-1,47229799942,3963
concsweep,1,47229792749,620911
concsweep,0,47229792742,628158
collection,-1,47228138203,2283468
sweep,-1,47453681379,211
mark,-1,47453682501,3050990
sweep,-1,47456743990,65502
concsweep,1,47456782963,511817
concsweep,0,47456782958,538440
collection,-1,47453682474,3639145
sweep,-1,47680766199,237
mark,-1,47680767504,2528821
sweep,-1,47683303989,23706
concsweep,1,47683306995,529900
concsweep,0,47683306269,552549
collection,-1,47680767472,3102794
sweep,-1,47902967047,163
mark,-1,47902968214,1014965
sweep,-1,47903995286,2701
sweep,-1,47904017859,23683
concsweep,1,47904034348,708045
concsweep,0,47904034348,1536941
collection,-1,47902968182,2670537
sweep,-1,48129349063,250
mark,-1,48129350164,3181002
sweep,-1,48132544094,11928
concsweep,1,48132571194,542291
concsweep,0,48132561464,556699
collection,-1,48129350139,3836672
sweep,-1,48355671103,264
mark,-1,48355672374,2627066
sweep,-1,48358310852,3300
sweep,-1,48358366336,14728
concsweep,1,48358349072,532917
concsweep,0,48358349064,560335
collection,-1,48355672346,3243285
sweep,-1,48572094173,155
mark,-1,48572095247,4682680
sweep,-1,48576788804,99581
concsweep,1,48576830369,540372
concsweep,0,48576830371,1144554
collection,-1,48572095206,5945515
sweep,-1,48788031880,203
mark,-1,48788032923,1913348
sweep,-1,48789957522,11523
concsweep,1,48789983529,539890
concsweep,0,48789975018,558054
collection,-1,48788032893,2511568
sweep,-1,49014476534,176
mark,-1,49014477779,1760402
sweep,-1,49016251128,3961
concsweep,1,49016288794,615820
concsweep,0,49016288784,616108
collection,-1,49014477749,2463460
sweep,-1,49239584722,172
mark,-1,49239585745,49766
sweep,-1,49239647053,2562
sweep,-1,49239668369,29951
concsweep,1,49239687158,515421
concsweep,0,49239687148,522004
collection,-1,49239585718,640251
sweep,-1,49465103779,263
mark,-1,49465104872,3159794
sweep,-1,49468277390,3240
concsweep,0,49468315704,564874
concsweep,1,49468315704,564861
collection,-1,49465104845,3776590
sweep,-1,49694319923,279
mark,-1,49694321086,2668639
sweep,-1,49696999612,3389
concsweep,1,49697007388,537947
concsweep,0,49697007393,570955
collection,-1,49694321048,3345207
sweep,-1,49912887923,271
mark,-1,49912889414,1195866
sweep,-1,49914094168,3035
sweep,-1,49914102706,105406
concsweep,1,49914129007,662738
concsweep,0,49914129009,1167177
collection,-1,49912889386,2407081
sweep,-1,50138927571,277
mark,-1,50138928836,3516837
sweep,-1,50142458362,11380
concsweep,1,50142499851,570914
concsweep,0,50142499864,656279
collection,-1,50138928810,4241896
sweep,-1,50361616586,220
mark,-1,50361617649,2265181
sweep,-1,50363896455,3013
sweep,-1,50363932612,24540
concsweep,1,50363934559,530415
concsweep,0,50363934550,569705
collection,-1,50361617622,2927822
sweep,-1,50579599968,145
mark,-1,50579601083,820544
sweep,-1,50580434268,2607
sweep,-1,50580455660,24328
concsweep,1,50580473113,691412
concsweep,0,50580473104,700111
collection,-1,50579601059,1588657
sweep,-1,50810474085,275
mark,-1,50810475210,3197888
sweep,-1,50813683807,11758
concsweep,1,50813702462,537245
concsweep,0,50813707688,550532
collection,-1,50810475179,3886590
sweep,-1,51036244719,224
mark,-1,51036245771,2632323
sweep,-1,51038891037,3038
concsweep,1,51038930192,531351
concsweep,0,51038930183,538297
collection,-1,51036245744,3298994
sweep,-1,51255848535,177
mark,-1,51255849809,1201911
sweep,-1,51257060681,11342
sweep,-1,51257083939,12707
concsweep,1,51257083832,672860
concsweep,0,51257075695,1250286
collection,-1,51255849785,2548842
sweep,-1,51480985071,219
mark,-1,51480986197,3149103
sweep,-1,51484148105,3661
concsweep,1,51484186410,558609
concsweep,0,51484186403,635713
collection,-1,51480986170,3850045
sweep,-1,51707898398,273
mark,-1,51707899638,2686251
sweep,-1,51710598385,3230
concsweep,1,51710606353,536493
concsweep,0,51710606343,541316
collection,-1,51707899612,3321247
sweep,-1,51925002009,194
mark,-1,51925003415,1153787
sweep,-1,51926167835,2925
sweep,-1,51926189537,23521
sweep,-1,51926225117,71522
concsweep,1,51926207507,668162
concsweep,0,51926207509,1213815
collection,-1,51925003388,2451710
sweep,-1,52151334676,261
mark,-1,52151335813,3518490
sweep,-1,52154867042,11734
concsweep,1,52154886375,571918
concsweep,0,52154891291,589623
collection,-1,52151335784,4194427
sweep,-1,52375886361,213
mark,-1,52375887524,2379119
sweep,-1,52378279051,53054
concsweep,1,52378317400,514367
concsweep,0,52378317393,531853
collection,-1,52375887491,2962970
sweep,-1,52594701138,226
mark,-1,52594702340,833635
sweep,-1,52595547425,2526
sweep,-1,52595568637,24071
concsweep,1,52595586114,645674
concsweep,0,52595586108,652965
collection,-1,52594702309,1553470
sweep,-1,52825499179,267
mark,-1,52825500278,3160627
sweep,-1,52828673670,3221
concsweep,1,52828700509,547679
concsweep,0,52828690530,576712
collection,-1,52825500251,3837352
sweep,-1,53050274343,290
mark,-1,53050275466,2875871
sweep,-1,53053161685,3252
concsweep,1,53053199726,564902
concsweep,0,53053199711,592171
collection,-1,53050275438,3614144
sweep,-1,53268161323,160
mark,-1,53268162565,1113111
sweep,-1,53269285163,11864
concsweep,1,53269309281,709875
concsweep,0,53269296424,725944
collection,-1,53268162537,1878045
sweep,-1,53493732244,272
mark,-1,53493733599,3135248
sweep,-1,53496878657,3398
concsweep,1,53496919036,524459
concsweep,0,53496919034,524590
collection,-1,53493733573,3776132
sweep,-1,53718840674,259
mark,-1,53718841812,2637086
sweep,-1,53721489567,3366
concsweep,1,53721527773,529526
concsweep,0,53721527770,586116
collection,-1,53718841786,3282414
sweep,-1,53935929523,141
mark,-1,53935930569,4208396
sweep,-1,53940152750,3726
sweep,-1,53940177043,30399
concsweep,1,53940191470,601639
concsweep,0,53940191470,1132113
collection,-1,53935930541,5426926
sweep,-1,54150801006,295
mark,-1,54150802158,2053297
sweep,-1,54152864519,11175
concsweep,1,54152889586,522619
concsweep,0,54152876694,535483
collection,-1,54150802122,2661929
sweep,-1,54377768522,252
mark,-1,54377769620,1765975
sweep,-1,54379547931,3508
concsweep,1,54379585728,573927
concsweep,0,54379585726,582917
collection,-1,54377769593,2467482
sweep,-1,54600507687,224
mark,-1,54600508839,3753271
sweep,-1,54604271998,3611
concsweep,1,54604278150,580050
concsweep,0,54604294807,603240
collection,-1,54600508804,4397771
sweep,-1,54821526495,223
mark,-1,54821527557,2221718
sweep,-1,54823762933,11738
concsweep,1,54823805044,577791
concsweep,0,54823805039,617631
collection,-1,54821527528,2907627
sweep,-1,55043742993,213
mark,-1,55043744026,3046685
sweep,-1,55046802395,3411
concsweep,1,55046840257,527273
concsweep,0,55046840257,594531
collection,-1,55043743996,3730719
sweep,-1,55268748363,204
mark,-1,55268749468,2524172
sweep,-1,55271287439,3248
concsweep,1,55271323743,532101
concsweep,0,55271323743,536006
collection,-1,55268749440,3120749
sweep,-1,55485953471,106
mark,-1,55485954474,1033831
sweep,-1,55487000295,2758
sweep,-1,55487022721,40562
concsweep,1,55487039739,685627
concsweep,0,55487039738,1492887
collection,-1,55485954445,2655391
sweep,-1,55713657359,211
mark,-1,55713658522,3526867
sweep,-1,55717196470,3312
concsweep,1,55717203831,561303
concsweep,0,55717203818,564039
collection,-1,55713658492,4111147
sweep,-1,55935963724,280
mark,-1,55935965067,4835406
sweep,-1,55940811101,3152
concsweep,1,55940850557,551290
concsweep,0,55940850547,556396
collection,-1,55935965041,5450327
sweep,-1,56147876048,108
mark,-1,56147877090,2825808
sweep,-1,56150714992,28453
concsweep,1,56150724530,516949
concsweep,0,56150724531,517541
collection,-1,56147877068,3365212
sweep,-1,56363015179,150
mark,-1,56363016414,4645188
sweep,-1,56367673954,95742
concsweep,1,56367713360,544362
concsweep,0,56367713358,1167333
collection,-1,56363016344,5930515
sweep,-1,56579129113,251
mark,-1,56579130376,2204316
sweep,-1,56581345459,3242
concsweep,1,56581382044,583053
concsweep,0,56581382044,589548
collection,-1,56579130347,2857586
sweep,-1,56799723217,335
mark,-1,56799724472,3429403
sweep,-1,56803242017,11709
concsweep,1,56803261255,543727
concsweep,0,56803265017,1279340
collection,-1,56799724446,5766533
sweep,-1,57024130445,268
mark,-1,57024131577,2795060
sweep,-1,57026939100,3203
concsweep,1,57026979302,525210
concsweep,0,57026979301,527222
collection,-1,57024131547,3375230
sweep,-1,57242778475,46
mark,-1,57242779640,4748562
sweep,-1,57247548185,60180
concsweep,1,57247560292,559401
concsweep,0,57247562783,1217917
collection,-1,57242779611,6001386
sweep,-1,57458986062,211
mark,-1,57458987366,1905732
sweep,-1,57460904118,2884
concsweep,1,57460941849,544572
concsweep,0,57460941848,605196
collection,-1,57458987339,2559811
sweep,-1,57684875101,181
mark,-1,57684876491,1886997
sweep,-1,57686775773,3784
concsweep,1,57686811771,553728
concsweep,0,57686811771,568482
collection,-1,57684876461,2504088
sweep,-1,57906493276,251
mark,-1,57906494593,3335483
sweep,-1,57909840802,2941
concsweep,1,57909878105,515036
concsweep,0,57909878111,540200
collection,-1,57906494560,3924257
sweep,-1,58122581170,279
mark,-1,58122582608,1857397
sweep,-1,58124453736,11669
concsweep,1,58124479758,567104
concsweep,0,58124471248,628510
collection,-1,58122582579,2524909
sweep,-1,58348559962,221
mark,-1,58348561046,1661454
sweep,-1,58350235262,2921
concsweep,1,58350273598,517051
concsweep,0,58350273604,530093
collection,-1,58348561018,2243658
sweep,-1,58572719045,275
mark,-1,58572720378,3176983
sweep,-1,58575910050,3319
concsweep,1,58575948160,514881
concsweep,0,58575948158,578884
collection,-1,58572720349,3816018
sweep,-1,58798784741,220
mark,-1,58798785825,1888773
sweep,-1,58800687518,3099
concsweep,1,58800695858,564008
concsweep,0,58800695869,570057
collection,-1,58798785799,2511349
sweep,-1,59027498074,267
mark,-1,59027499434,3878839
sweep,-1,59031392085,2881
concsweep,1,59031430018,547977
concsweep,0,59031430009,569748
collection,-1,59027499405,4501894
sweep,-1,59238847206,205
mark,-1,59238848622,2072365
sweep,-1,59240931449,12274
concsweep,1,59240957258,563082
collection,-1,59238848592,2672947
concsweep,0,59240947270,573190
sweep,-1,59460771463,211
mark,-1,59460772581,3377464
sweep,-1,59464163770,61261
concsweep,1,59464203021,500374
concsweep,0,59464203020,589680
collection,-1,59460772548,4039688
sweep,-1,59679591067,217
mark,-1,59679592231,1909464
sweep,-1,59681512941,12075
concsweep,1,59681539492,541310
concsweep,0,59681529687,566585
collection,-1,59679592208,2515049
sweep,-1,59905299102,213
mark,-1,59905300262,1631112
sweep,-1,59906945284,2753
concsweep,1,59906983265,519229
concsweep,0,59906983273,534695
collection,-1,59905300221,2303452
sweep,-1,60128955982,216
mark,-1,60128957118,3683266
sweep,-1,60132652551,24454
concsweep,1,60132662180,560198
concsweep,0,60132662183,567662
collection,-1,60128957093,4273013
sweep,-1,60345114618,218
mark,-1,60345115705,2103539
sweep,-1,60347231803,3379
concsweep,1,60347270362,582994
collection,-1,60345115678,2738763
concsweep,0,60347270353,583061
sweep,-1,60567090020,231
mark,-1,60567091253,3075454
sweep,-1,60570177408,2845
concsweep,1,60570215467,524782
concsweep,0,60570215459,526296
collection,-1,60567091228,3749808
sweep,-1,60793672926,276
mark,-1,60793674054,2587354
sweep,-1,60796273783,11445
concsweep,1,60796300536,549477
concsweep,0,60796290976,630871
collection,-1,60793674025,3254833
sweep,-1,61013765071,152
mark,-1,61013766156,1069024
sweep,-1,61014846223,3222
sweep,-1,61014869157,26431
concsweep,1,61014886037,668544
concsweep,0,61014886035,1439262
collection,-1,61013766110,2639586
sweep,-1,61240288409,288
mark,-1,61240289524,3212221
sweep,-1,61243513330,2802
concsweep,1,61243553176,527966
concsweep,0,61243553168,528139
collection,-1,61240289496,3792792
sweep,-1,61466754954,244
mark,-1,61466756095,2639195
sweep,-1,61469405605,2819
concsweep,1,61469443086,532985
concsweep,0,61469443076,573135
collection,-1,61466756031,3280057
sweep,-1,61686141457,163
mark,-1,61686142534,1214725
sweep,-1,61687365216,11165
sweep,-1,61687382615,81143
concsweep,1,61687382219,673568
concsweep,0,61687388138,1182578
collection,-1,61686142503,2429438
sweep,-1,61912981366,218
mark,-1,61912982446,3173863
sweep,-1,61916167700,3343
concsweep,1,61916201941,565455
concsweep,0,61916201940,637191
collection,-1,61912982422,3870284
sweep,-1,62140280772,217
mark,-1,62140281850,2799401
sweep,-1,62143094304,3218
concsweep,1,62143103007,557172
concsweep,0,62143103008,601369
collection,-1,62140281821,3428742
sweep,-1,62360453446,148
mark,-1,62360454751,1189542
sweep,-1,62361654261,3310
sweep,-1,62361663278,107899
concsweep,1,62361693297,665776
concsweep,0,62361693299,1167736
collection,-1,62360454703,2408438
sweep,-1,62584631141,216
mark,-1,62584632203,3176555
sweep,-1,62587821174,3323
concsweep,1,62587858641,525017
concsweep,0,62587858639,530289
collection,-1,62584632177,3757689
sweep,-1,62813714383,224
mark,-1,62813715523,2652028
sweep,-1,62816379301,12043
concsweep,1,62816399705,560271
concsweep,0,62816403404,622220
collection,-1,62813715494,3311072
sweep,-1,63031613641,138
mark,-1,63031614684,1187009
sweep,-1,63032810318,2887
sweep,-1,63032817922,104886
concsweep,1,63032846672,674787
concsweep,0,63032846671,1173381
collection,-1,63031614658,2410016
sweep,-1,63256102030,266
mark,-1,63256103120,3203998
sweep,-1,63259316918,3216
concsweep,1,63259351308,525294
concsweep,0,63259349209,605923
collection,-1,63256103093,3863366
sweep,-1,63479265925,217
mark,-1,63479267014,2633319
sweep,-1,63481911234,3368
concsweep,1,63481948458,531074
concsweep,0,63481948464,566682
collection,-1,63479266986,3249253
sweep,-1,63696276698,113
mark,-1,63696277795,1190370
sweep,-1,63697487811,2829
sweep,-1,63697503423,13374
concsweep,1,63697498227,686185
concsweep,0,63697502465,1231381
collection,-1,63696277773,2482713
sweep,-1,63920990964,259
mark,-1,63920992145,3430233
sweep,-1,63924435548,3081
concsweep,1,63924472635,613237
concsweep,0,63924472627,617492
collection,-1,63920992118,4107800
sweep,-1,64146428604,249
mark,-1,64146430381,2502857
sweep,-1,64148945050,11273
concsweep,1,64148963775,536697
concsweep,0,64148968593,582470
collection,-1,64146430336,3121118
sweep,-1,64371043301,119
mark,-1,64371044505,1017229
sweep,-1,64372073723,10975
sweep,-1,64372097240,14550
concsweep,1,64372092725,716109
concsweep,0,64372097423,1639620
collection,-1,64371044471,2771605
sweep,-1,64597581031,214
mark,-1,64597582297,3162254
sweep,-1,64600755234,3036
concsweep,1,64600791904,528668
concsweep,0,64600791903,531516
collection,-1,64597582272,3819770
sweep,-1,64822848790,283
mark,-1,64822850279,2644941
sweep,-1,64825505720,3030
concsweep,1,64825542481,530835
concsweep,0,64825542487,533407
collection,-1,64822850244,3300526
sweep,-1,65039425023,160
mark,-1,65039426396,1165670
sweep,-1,65040604734,2941
sweep,-1,65040626830,28503
concsweep,1,65040645150,706483
concsweep,0,65040645148,1210790
collection,-1,65039426371,2455466
sweep,-1,65269583021,273
mark,-1,65269584156,3195632
sweep,-1,65272790165,11996
concsweep,1,65272817189,526822
collection,-1,65269584125,3760691
concsweep,0,65272807377,536948
sweep,-1,65495472933,215
mark,-1,65495474094,2666524
sweep,-1,65498152133,3630
concsweep,1,65498192085,534565
concsweep,0,65498192092,556135
collection,-1,65495474002,3320832
sweep,-1,65718203304,205
mark,-1,65718204528,1216027
sweep,-1,65719431922,3381
sweep,-1,65719448569,14026
concsweep,1,65719440304,680039
concsweep,0,65719440300,1253466
collection,-1,65718204500,2570874
sweep,-1,65947197992,212
mark,-1,65947199377,3170511
sweep,-1,65950381609,2774
concsweep,1,65950418989,525706
concsweep,0,65950418989,580052
collection,-1,65947199351,3823991
sweep,-1,66172594856,209
mark,-1,66172596105,2674086
sweep,-1,66175282896,3585
concsweep,1,66175291700,524833
concsweep,0,66175291702,553693
collection,-1,66172596072,3338952
sweep,-1,66389723113,161
mark,-1,66389724286,1149908
sweep,-1,66390886060,2823
sweep,-1,66390908317,29096
concsweep,1,66390926411,673349
concsweep,0,66390926410,1276454
collection,-1,66389724230,2550549
sweep,-1,66614509442,458
mark,-1,66614510753,3320936
sweep,-1,66617838505,11831
concsweep,1,66617853003,525420
concsweep,0,66617860400,536125
collection,-1,66614510724,3973247
sweep,-1,66844717241,221
mark,-1,66844718488,2615948
sweep,-1,66847356269,11694
concsweep,1,66847388752,536445
concsweep,0,66847388759,544105
collection,-1,66844718457,3309478
sweep,-1,67061557186,109
mark,-1,67061558434,1181278
sweep,-1,67062750542,2890
sweep,-1,67062759095,107995
concsweep,1,67062791725,670548
concsweep,0,67062791717,1168924
collection,-1,67061558400,2403440
sweep,-1,67288046999,218
mark,-1,67288048084,3435797
sweep,-1,67291496332,11535
concsweep,1,67291516217,562271
concsweep,0,67291519726,628012
collection,-1,67288048058,4099970
sweep,-1,67511134273,210
mark,-1,67511135354,2434396
sweep,-1,67513581224,2636
concsweep,1,67513618311,520291
concsweep,0,67513618310,525205
collection,-1,67511135321,3124644
sweep,-1,67730651709,82
mark,-1,67730652799,1158462
sweep,-1,67731822299,2972
sweep,-1,67731846569,3925
concsweep,1,67731849594,720614
concsweep,0,67731839697,734676
collection,-1,67730652768,2908114
sweep,-1,67955359956,214
mark,-1,67955360984,2965202
sweep,-1,67958338347,3016
concsweep,1,67958375847,526174
concsweep,0,67958375839,540505
collection,-1,67955360958,3595137
sweep,-1,68183069405,220
mark,-1,68183070568,2760669
sweep,-1,68185843516,29776
concsweep,1,68185852649,563654
concsweep,0,68185852640,567778
collection,-1,68183070545,3360942
sweep,-1,68401487533,297
mark,-1,68401488754,876299
sweep,-1,68402375775,10850
sweep,-1,68402398078,9976
concsweep,1,68402393921,677784
concsweep,0,68402398558,674953
collection,-1,68401488727,1585649
sweep,-1,68626597446,194
mark,-1,68626598731,3354545
sweep,-1,68629965037,43760
concsweep,1,68629984476,547676
concsweep,0,68629988731,562915
collection,-1,68626598708,3995303
sweep,-1,68854957482,510
mark,-1,68854958916,2438914
sweep,-1,68857409294,62400
concsweep,1,68857449821,540546
concsweep,0,68857449817,554834
collection,-1,68854958882,3056621
sweep,-1,69074329117,211
mark,-1,69074330231,755217
sweep,-1,69075096379,2703
sweep,-1,69075117848,25520
concsweep,0,69075134015,640845
concsweep,1,69075134023,640549
collection,-1,69074330207,1461577
sweep,-1,69305766752,274
mark,-1,69305767892,3196422
sweep,-1,69308974720,2976
concsweep,1,69309001032,526187
concsweep,0,69308990957,549751
collection,-1,69305767863,3844080
sweep,-1,69531413446,251
mark,-1,69531414709,2642369
sweep,-1,69534068311,3157
concsweep,1,69534106194,532489
concsweep,0,69534106198,537737
collection,-1,69531414684,3302274
sweep,-1,69747813958,139
mark,-1,69747815015,1197741
sweep,-1,69749020631,11673
concsweep,1,69749047018,669290
concsweep,0,69749032960,1261175
collection,-1,69747814989,2481640
sweep,-1,69972421973,519
mark,-1,69972423530,3178927
sweep,-1,69975614262,3090
concsweep,1,69975649812,525300
concsweep,0,69975649811,552858
collection,-1,69972423502,3837896
sweep,-1,70197949121,217
mark,-1,70197950518,5035816
sweep,-1,70202999959,11601
concsweep,1,70203026483,542524
concsweep,0,70203017340,556386
collection,-1,70197950489,5657772
sweep,-1,70409498168,258
mark,-1,70409499415,5333045
sweep,-1,70414845631,11792
concsweep,1,70414886807,544540
concsweep,0,70414886799,555118
collection,-1,70409499389,5949224
sweep,-1,70620439874,210
mark,-1,70620441011,3688316
sweep,-1,70624140876,49189
concsweep,0,70624177957,507333
concsweep,1,70624177967,507371
collection,-1,70620440986,4245076
sweep,-1,70839112175,245
mark,-1,70839113423,2096452
sweep,-1,70841220132,11404
concsweep,1,70841260861,584927
concsweep,0,70841260856,585327
collection,-1,70839113398,2736119
sweep,-1,71061496989,208
mark,-1,71061498056,3642872
sweep,-1,71065151482,2843
sweep,-1,71065183436,19748
concsweep,1,71065188315,561346
concsweep,0,71065188315,576218
collection,-1,71061498023,4329066
sweep,-1,71285075881,245
mark,-1,71285077319,2505333
sweep,-1,71287596798,11765
concsweep,1,71287623155,563792
concsweep,0,71287613927,587424
collection,-1,71285077276,3218341
sweep,-1,71504639113,114
mark,-1,71504640718,667196
sweep,-1,71505318717,2832
sweep,-1,71505340819,29641
concsweep,1,71505355883,619502
concsweep,0,71505355889,619479
collection,-1,71504640690,1346292
sweep,-1,71730443522,208
mark,-1,71730444602,3155431
sweep,-1,71733611214,3299
concsweep,1,71733649480,529835
concsweep,0,71733649479,531775
collection,-1,71730444572,3805451
sweep,-1,71954863489,209
mark,-1,71954864772,2654213
sweep,-1,71957530696,2950
concsweep,1,71957568807,530772
concsweep,0,71957568805,553895
collection,-1,71954864746,3358109
sweep,-1,72171850778,187
mark,-1,72171851940,1160130
sweep,-1,72173021219,11481
sweep,-1,72173045222,1349
concsweep,1,72173047710,679426
concsweep,0,72173037097,1302127
collection,-1,72171851911,2526421
sweep,-1,72398003212,221
mark,-1,72398004464,3318682
sweep,-1,72401333901,2895
concsweep,1,72401371147,552268
concsweep,0,72401371151,556654
collection,-1,72398004374,3924012
sweep,-1,72622913388,251
mark,-1,72622914619,2774293
sweep,-1,72625698024,25788
concsweep,1,72625702308,523253
concsweep,0,72625702312,580355
collection,-1,72622914592,3378591
sweep,-1,72845015278,176
mark,-1,72845016375,986789
sweep,-1,72846013612,2470
sweep,-1,72846036834,1184
concsweep,1,72846039494,691973
concsweep,0,72846029593,1614208
collection,-1,72845016342,2628035
sweep,-1,73071351337,207
mark,-1,73071352440,3152043
sweep,-1,73074515743,2806
concsweep,1,73074553133,528627
collection,-1,73071352410,3729951
concsweep,0,73074553131,529257
sweep,-1,73297168325,221
mark,-1,73297169394,2619331
sweep,-1,73299801979,3703
concsweep,1,73299839830,531496
concsweep,0,73299839837,557033
collection,-1,73297169365,3281750
sweep,-1,73513741576,172
mark,-1,73513743108,1226182
sweep,-1,73514980493,2740
sweep,-1,73514987930,109003
concsweep,1,73515017202,678634
concsweep,0,73515017201,1175905
collection,-1,73513743080,2454818
sweep,-1,73742041935,286
mark,-1,73742043268,3298833
sweep,-1,73745352974,22887
concsweep,1,73745360933,541707
concsweep,0,73745360924,547027
collection,-1,73742043238,3930379
sweep,-1,73965902847,175
mark,-1,73965904105,2645008
sweep,-1,73968558793,56146
concsweep,1,73968592404,583972
concsweep,0,73968592403,613937
collection,-1,73965904069,3320686
sweep,-1,74185569935,173
mark,-1,74185571043,907401
sweep,-1,74186489199,2451
sweep,-1,74186503427,2422
concsweep,1,74186496731,676122
concsweep,0,74186496730,676137
collection,-1,74185571004,1610010
sweep,-1,74410966577,261
mark,-1,74410967705,3146351
sweep,-1,74414123307,3218
concsweep,1,74414157272,529316
concsweep,0,74414157263,591684
collection,-1,74410967670,3858538
sweep,-1,74635817630,218
mark,-1,74635818816,2670649
sweep,-1,74638501125,12160
concsweep,1,74638520657,535648
concsweep,0,74638524623,544887
collection,-1,74635818787,3350754
sweep,-1,74857148772,160
mark,-1,74857149919,1171844
sweep,-1,74858333929,11029
sweep,-1,74858359046,94053
concsweep,1,74858375284,670908
concsweep,0,74858375277,1185559
collection,-1,74857149893,2412578
sweep,-1,75082916264,219
mark,-1,75082917366,3337142
sweep,-1,75086266186,2873
concsweep,1,75086303216,558286
concsweep,0,75086303214,574892
collection,-1,75082917341,3980268
sweep,-1,75310707824,265
mark,-1,75310709147,2404645
sweep,-1,75313124259,2916
concsweep,1,75313161966,531062
concsweep,0,75313161965,544162
collection,-1,75310709122,3038131
sweep,-1,75528216137,109
mark,-1,75528217421,981740
sweep,-1,75529209504,2932
sweep,-1,75529231824,28831
concsweep,1,75529248481,696228
concsweep,0,75529248478,1670003
collection,-1,75528217395,2746348
sweep,-1,75757373127,270
mark,-1,75757374446,3217680
sweep,-1,75760605023,11254
concsweep,1,75760631144,547424
concsweep,0,75760621892,582924
collection,-1,75757374351,3886316
sweep,-1,75981916733,275
mark,-1,75981917868,2612205
sweep,-1,75984543303,3110
concsweep,0,75984580688,576795
concsweep,1,75984580697,576823
collection,-1,75981917843,3279915
sweep,-1,76199482285,103
mark,-1,76199483382,1159501
sweep,-1,76200655597,11287
sweep,-1,76200678885,4063
concsweep,1,76200682363,709863
concsweep,0,76200672617,1276889
collection,-1,76199483330,2541630
sweep,-1,76425465239,219
mark,-1,76425466380,3135645
sweep,-1,76428614863,3358
concsweep,1,76428653214,555328
concsweep,0,76428653224,559355
collection,-1,76425466354,3807594
sweep,-1,76648735855,205
mark,-1,76648737017,2618725
sweep,-1,76651368204,12130
concsweep,1,76651394878,527359
concsweep,0,76651385651,560669
collection,-1,76648736990,3304746
sweep,-1,76865999295,81
mark,-1,76866000544,1186074
sweep,-1,76867197467,2898
sweep,-1,76867214794,71957
concsweep,1,76867224834,670751
concsweep,0,76867213564,1164288
collection,-1,76866000258,2378301
sweep,-1,77090325195,202
mark,-1,77090326280,3173146
sweep,-1,77093510307,2706
concsweep,1,77093547664,526614
concsweep,0,77093547656,605980
collection,-1,77090326245,3842187
sweep,-1,77315206414,267
mark,-1,77315207615,2697094
sweep,-1,77317915210,11335
concsweep,1,77317956404,531736
concsweep,0,77317956406,533316
collection,-1,77315207576,3375023
sweep,-1,77532200591,562
mark,-1,77532202134,1168058
sweep,-1,77533380591,2890
sweep,-1,77533402808,29676
concsweep,1,77533422462,678971
concsweep,0,77533422467,1212288
collection,-1,77532202110,2433119
sweep,-1,77760270928,251
mark,-1,77760272027,3205285
sweep,-1,77763489925,11303
concsweep,1,77763516248,516970
concsweep,0,77763505702,548367
collection,-1,77760271991,3886004
sweep,-1,77986806963,259
mark,-1,77986808153,2758259
sweep,-1,77989578086,3043
sweep,-1,77989634873,14061
concsweep,1,77989616168,553572
concsweep,0,77989616167,564289
collection,-1,77986808126,3446032
sweep,-1,78204686832,87
mark,-1,78204750058,1579964
sweep,-1,78206340349,11117
sweep,-1,78206371177,22293
concsweep,1,78206381860,657155
concsweep,0,78206381856,1499208
collection,-1,78204750015,3207371
sweep,-1,78430923089,258
mark,-1,78430924203,3415113
sweep,-1,78434351507,3110
concsweep,1,78434387388,559846
concsweep,0,78434387395,599225
collection,-1,78430924177,4084930
sweep,-1,78655122302,266
mark,-1,78655123584,2412804
sweep,-1,78657547579,11053
concsweep,1,78657566647,524439
concsweep,0,78657570454,523885
collection,-1,78655123555,2980070
sweep,-1,78872655306,267
mark,-1,78872656710,962280
sweep,-1,78873629261,2603
sweep,-1,78873650649,39565
concsweep,0,78873667434,684502
concsweep,1,78873667434,684487
collection,-1,78872656685,2682190
sweep,-1,79099037179,276
mark,-1,79099038329,3155881
sweep,-1,79102205279,3141
concsweep,1,79102242887,531229
concsweep,0,79102242877,534296
collection,-1,79099038301,3807996
sweep,-1,79327147151,316
mark,-1,79327148319,2626219
sweep,-1,79329786358,11322
concsweep,1,79329812293,524897
concsweep,0,79329802948,564364
collection,-1,79327148293,3225716
sweep,-1,79544926448,373
mark,-1,79544927849,4685586
sweep,-1,79549623483,85605
concsweep,1,79549661549,543180
concsweep,0,79549661548,1137235
collection,-1,79544927823,5937860
sweep,-1,79762658250,217
mark,-1,79762659335,2068477
sweep,-1,79764736845,3335
concsweep,1,79764774676,578366
concsweep,0,79764742454,613876
collection,-1,79762659306,2722199
sweep,-1,79987186346,221
mark,-1,79987187568,1771549
sweep,-1,79988969423,2810
concsweep,1,79989009178,518039
concsweep,0,79989009169,526464
collection,-1,79987187528,2370289
sweep,-1,80213270308,229
mark,-1,80213271565,3419348
sweep,-1,80216701162,18690
concsweep,1,80216725712,522300
concsweep,0,80216734131,553250
collection,-1,80213271535,4016149
sweep,-1,80430659817,274
mark,-1,80430661116,2076927
sweep,-1,80432749005,4100
concsweep,1,80432785466,572941
concsweep,0,80432785465,573226
collection,-1,80430661087,2703234
sweep,-1,80655114721,210
mark,-1,80655115774,3338036
sweep,-1,80658465693,11171
concsweep,1,80658483686,522597
concsweep,0,80658488654,519762
collection,-1,80655115741,3893220
sweep,-1,80879251224,210
mark,-1,80879252343,3013373
sweep,-1,80882277995,51980
concsweep,1,80882316577,529015
concsweep,0,80882316584,599874
collection,-1,80879252313,3674619
sweep,-1,81095538101,157
mark,-1,81095539251,1097545
sweep,-1,81096648355,3063
sweep,-1,81096671857,26484
concsweep,1,81096687461,701284
concsweep,0,81096687454,1373710
collection,-1,81095539201,2589184
sweep,-1,81321151087,255
mark,-1,81321152172,3410360
sweep,-1,81324575538,11497
concsweep,1,81324601698,602120
concsweep,0,81324593279,637038
collection,-1,81321152145,4114720
sweep,-1,81543616997,209
mark,-1,81543618131,2402534
sweep,-1,81546031641,54864
concsweep,1,81546067584,511031
concsweep,0,81546067583,533675
collection,-1,81543618097,2993685
sweep,-1,81765633409,207
mark,-1,81765634624,1086081
sweep,-1,81766811572,2750
sweep,-1,81766826930,2849
concsweep,1,81766819167,689983
concsweep,0,81766819163,695287
collection,-1,81765634570,1880975
sweep,-1,81989741899,222
mark,-1,81989743044,2981408
sweep,-1,81992734749,3267
concsweep,1,81992771688,530243
concsweep,0,81992771686,530404
collection,-1,81989743012,3607175
sweep,-1,82216438648,161
mark,-1,82216440005,2693728
sweep,-1,82219147109,25953
concsweep,1,82219174159,547988
concsweep,0,82219162358,572298
collection,-1,82216439965,3339306
sweep,-1,82435273260,101
mark,-1,82435274310,852342
sweep,-1,82436138695,10996
sweep,-1,82436169938,27305
concsweep,1,82436180855,668822
concsweep,0,82436180860,674698
collection,-1,82435274276,1598737
sweep,-1,82661010738,339
mark,-1,82661012074,3412605
sweep,-1,82664437532,12003
concsweep,1,82664463930,582662
concsweep,0,82664455171,594766
collection,-1,82661012048,4057109
sweep,-1,82885746843,253
mark,-1,82885748040,2402861
sweep,-1,82888163952,3260
concsweep,1,82888201844,554732
collection,-1,82885748011,3010457
concsweep,0,82888201842,555134
sweep,-1,83105074346,145
mark,-1,83105075485,886026
sweep,-1,83105971335,2630
sweep,-1,83105993150,27083
concsweep,1,83106010658,655322
concsweep,0,83106010664,656481
collection,-1,83105075454,1609531
sweep,-1,83330359390,227
mark,-1,83330360812,3465391
sweep,-1,83333837692,3114
concsweep,1,83333874708,553204
concsweep,0,83333874706,585947
collection,-1,83330360780,4121803
sweep,-1,83552922313,223
mark,-1,83552923763,2440862
sweep,-1,83555374908,57945
concsweep,1,83555411505,509099
collection,-1,83552923738,2997408
concsweep,0,83555411511,509190
sweep,-1,83771960976,164
mark,-1,83771962394,866864
sweep,-1,83772838677,11153
sweep,-1,83772861639,10836
concsweep,1,83772857227,676327
concsweep,0,83772861989,677211
collection,-1,83771962304,1593722
sweep,-1,83997029425,273
mark,-1,83997030924,3156344
sweep,-1,84000198886,3131
concsweep,1,84000237697,566917
concsweep,0,84000237696,568345
collection,-1,83997030828,3783523
sweep,-1,84224902723,278
mark,-1,84224903931,2679493
sweep,-1,84227595864,3046
concsweep,1,84227604620,532399
concsweep,0,84227604635,552060
collection,-1,84224903902,3350311
sweep,-1,84441115258,387
mark,-1,84441124942,1158561
sweep,-1,84442289220,2571
sweep,-1,84442327786,4395
concsweep,1,84442321566,676684
concsweep,0,84442321544,1293555
collection,-1,84441124891,2533934
sweep,-1,84667462030,268
mark,-1,84667463171,3217268
sweep,-1,84670691342,11720
concsweep,1,84670711301,531086
concsweep,0,84670714578,527791
collection,-1,84667463141,3812048
sweep,-1,84894880904,312
mark,-1,84894882053,2616597
sweep,-1,84897509260,3008
concsweep,1,84897546031,531169
concsweep,0,84897546029,533846
collection,-1,84894882023,3272245
sweep,-1,85111761669,160
mark,-1,85111763052,4205983
sweep,-1,85115983316,3687
sweep,-1,85116006421,60422
concsweep,1,85116023139,549604
concsweep,0,85116023138,1097153
collection,-1,85111763024,5428060
sweep,-1,85325306016,216
mark,-1,85325307415,1874060
sweep,-1,85327194081,11266
concsweep,1,85327235527,542526
concsweep,0,85327235524,545978
collection,-1,85325307389,2535763
sweep,-1,85551079782,231
mark,-1,85551081097,1945166
sweep,-1,85553037470,3028
concsweep,1,85553074092,568473
concsweep,0,85553074091,605789
collection,-1,85551081073,2622133
sweep,-1,85774531558,256
mark,-1,85774532660,3292195
sweep,-1,85777835198,11326
concsweep,1,85777854832,584782
concsweep,0,85777858121,629144
collection,-1,85774532634,3962895
sweep,-1,85988376344,110
mark,-1,85988377530,4649322
sweep,-1,85993037840,87458
concsweep,1,85993074878,547663
concsweep,0,85993074869,1141309
collection,-1,85988377496,5903500
sweep,-1,86207060878,224
mark,-1,86207062232,1963487
sweep,-1,86209036733,3389
concsweep,1,86209044401,543864
concsweep,0,86209044368,549448
collection,-1,86207062201,2541802
sweep,-1,86432095762,209
mark,-1,86432097094,1790297
sweep,-1,86433899470,2926
concsweep,1,86433936613,538318
concsweep,0,86433936619,542909
collection,-1,86432097059,2397814
sweep,-1,86654224253,218
mark,-1,86654225444,3530481
sweep,-1,86657766783,11577
concsweep,1,86657792809,533811
concsweep,0,86657783470,555932
collection,-1,86654225408,4164898
sweep,-1,86875974080,233
mark,-1,86875975246,2142142
sweep,-1,86878129466,12331
concsweep,1,86878156259,561389
concsweep,0,86878145274,581501
collection,-1,86875975218,2763214
sweep,-1,87099521384,274
mark,-1,87099522680,3347984
sweep,-1,87102882088,2964
concsweep,1,87102919609,517592
concsweep,0,87102919616,554162
collection,-1,87099522645,3982904
sweep,-1,87328507288,299
mark,-1,87328508551,2789395
sweep,-1,87331310766,11669
concsweep,1,87331336940,519676
concsweep,0,87331327364,601365
collection,-1,87328508528,3421843
sweep,-1,87547499012,223
mark,-1,87547500370,4677371
sweep,-1,87552190781,95051
concsweep,1,87552231947,576222
concsweep,0,87552231953,1166865
collection,-1,87547500344,5963195
sweep,-1,87763893229,216
mark,-1,87763894356,1970315
sweep,-1,87765874049,2962
concsweep,1,87765907155,539205
concsweep,0,87765907147,549100
collection,-1,87763894327,2581480
sweep,-1,87989284307,214
mark,-1,87989285467,1790104
sweep,-1,87991088253,2956
concsweep,1,87991127850,539357
concsweep,0,87991127848,550757
collection,-1,87989285439,2475511
sweep,-1,88213163411,533
mark,-1,88213164808,3414066
sweep,-1,88216592376,2925
concsweep,1,88216601080,554862
concsweep,0,88216601071,1800637
collection,-1,88213164778,5665094
sweep,-1,88432375725,256
mark,-1,88432377062,2219619
sweep,-1,88434609277,12064
concsweep,1,88434636151,592992
concsweep,0,88434625361,613187
collection,-1,88432377035,2876458
sweep,-1,88653227655,171
mark,-1,88653229174,3263995
sweep,-1,88656505870,11281
concsweep,1,88656525586,559180
concsweep,0,88656529083,569100
collection,-1,88653229146,3944354
sweep,-1,88876803493,257
mark,-1,88876804754,2625980
sweep,-1,88879443236,3262
concsweep,1,88879480311,530009
concsweep,0,88879480324,590906
collection,-1,88876804728,3266987
sweep,-1,89093851312,207
mark,-1,89093852638,1185314
sweep,-1,89095048457,3174
sweep,-1,89095070428,105890
concsweep,1,89095087244,671683
concsweep,0,89095087235,1193122
collection,-1,89093852613,2502070
sweep,-1,89323036553,277
mark,-1,89323037689,3206958
sweep,-1,89326255652,3177
concsweep,1,89326264472,526108
concsweep,0,89326264473,544690
collection,-1,89323037659,3859880
sweep,-1,89547949159,212
mark,-1,89547950244,2677117
sweep,-1,89550639091,3563
concsweep,1,89550679110,532647
concsweep,0,89550679109,561763
collection,-1,89547950218,3383823
sweep,-1,89765722474,97
mark,-1,89765723835,1339808
sweep,-1,89767075028,3030
sweep,-1,89767083774,113987
concsweep,1,89767113883,686609
concsweep,0,89767113878,1173616
collection,-1,89765723805,2564522
sweep,-1,89989037005,316
mark,-1,89989038387,3152291
sweep,-1,89992204338,11330
concsweep,1,89992230243,602831
concsweep,0,89992220839,631208
collection,-1,89989038358,3817454
sweep,-1,90212384238,232
mark,-1,90212385495,2575946
sweep,-1,90214973896,35154
concsweep,1,90214994246,553923
concsweep,0,90214997826,562915
collection,-1,90212385465,3243369
sweep,-1,90430970894,152
mark,-1,90430972021,680720
sweep,-1,90431664530,2401
sweep,-1,90431685400,26023
concsweep,1,90431706083,632383
concsweep,0,90431706078,634400
collection,-1,90430971989,1382832
sweep,-1,90657526912,213
mark,-1,90657527992,3261123
sweep,-1,90660798935,3218
concsweep,1,90660806858,535232
concsweep,0,90660806851,546963
collection,-1,90657527960,3923136
sweep,-1,90892668064,225
mark,-1,90892669123,2667748
sweep,-1,90895349528,11858
concsweep,1,90895376575,523929
concsweep,0,90895364949,537564
collection,-1,90892669094,3233787
sweep,-1,91109306493,160
mark,-1,91109307700,1173486
sweep,-1,91110491623,2576
sweep,-1,91110499457,119875
concsweep,1,91110531320,668490
concsweep,0,91110531311,1180387
collection,-1,91109307673,2410346
sweep,-1,91334416785,269
mark,-1,91334417914,3180665
sweep,-1,91337608706,2636
concsweep,1,91337645818,526228
concsweep,0,91337645816,553635
collection,-1,91334417886,3850358
sweep,-1,91559872625,184
mark,-1,91559873725,2896837
sweep,-1,91562791490,11609
concsweep,1,91562820819,548133
concsweep,0,91562820812,565479
collection,-1,91559873699,3618596
sweep,-1,91778188407,156
mark,-1,91778189471,1171628
sweep,-1,91779372849,11250
sweep,-1,91779411455,88782
concsweep,1,91779413398,672544
concsweep,0,91779413402,1278085
collection,-1,91778189441,2601555
sweep,-1,92002459379,228
mark,-1,92002460466,3205136
sweep,-1,92005671435,2720
concsweep,1,92005703043,527712
concsweep,0,92005703023,530342
collection,-1,92002460431,3831968
sweep,-1,92228549388,280
mark,-1,92228550588,2650791
sweep,-1,92231212874,11704
concsweep,1,92231236922,523440
concsweep,0,92231225518,541215
collection,-1,92228550561,3317674
sweep,-1,92445284623,176
mark,-1,92445285794,1462704
sweep,-1,92446758012,2795
concsweep,1,92446796188,744828
concsweep,0,92446796182,1225915
collection,-1,92445285766,2768688
sweep,-1,92668136347,279
mark,-1,92668137518,2905019
sweep,-1,92671054835,3019
concsweep,1,92671092121,530409
concsweep,0,92671092120,536550
collection,-1,92668137489,3558090
sweep,-1,92892609056,265
mark,-1,92892610197,2638136
sweep,-1,92895261068,3524
concsweep,1,92895300696,557223
collection,-1,92892610171,3249027
concsweep,0,92895300703,557424
sweep,-1,93111874104,99
mark,-1,93111875055,788920
sweep,-1,93112676649,2702
sweep,-1,93112698723,44851
concsweep,1,93112738084,661024
concsweep,0,93112740970,660059
collection,-1,93111875027,1543192
sweep,-1,93337746596,260
mark,-1,93337747779,3265876
sweep,-1,93341023455,11176
concsweep,1,93341049237,526105
concsweep,0,93341039708,536007
collection,-1,93337747752,3828325
sweep,-1,93562752850,210
mark,-1,93562753900,2644537
sweep,-1,93565408982,3140
sweep,-1,93565461012,7115
concsweep,1,93565442972,529773
concsweep,0,93565442978,531821
collection,-1,93562753875,3230981
sweep,-1,93780275060,167
mark,-1,93780276199,4684580
sweep,-1,93784971180,87572
concsweep,1,93785011563,547078
concsweep,0,93785011567,1159939
collection,-1,93780276166,5970734
sweep,-1,93996811067,277
mark,-1,93996812297,1899939
sweep,-1,93998723395,3254
concsweep,1,93998757857,543207
concsweep,0,93998757853,543341
collection,-1,93996812268,2489661
sweep,-1,94223238213,203
mark,-1,94223239371,1851751
sweep,-1,94225102067,3949
concsweep,1,94225138272,547156
concsweep,0,94225138270,554125
collection,-1,94223239344,2497373
sweep,-1,94446859789,170
mark,-1,94446860902,3420520
sweep,-1,94450292048,57965
concsweep,1,94450330759,505946
concsweep,0,94450330756,511244
collection,-1,94446860868,3986314
sweep,-1,94664750644,220
mark,-1,94664751923,1910414
sweep,-1,94666674949,11958
concsweep,1,94666700958,535431
concsweep,0,94666690232,548374
collection,-1,94664751892,2497159
sweep,-1,94891973416,216
mark,-1,94891974720,1979967
sweep,-1,94893967355,11561
concsweep,1,94893992476,558702
concsweep,0,94893984145,637414
collection,-1,94891974684,2664082
sweep,-1,95113828733,216
mark,-1,95113829921,2954339
sweep,-1,95116794600,60316
concsweep,1,95116830396,507664
concsweep,0,95116830394,538086
collection,-1,95113829891,3538996
sweep,-1,95330797220,229
mark,-1,95330798441,1813327
sweep,-1,95332623691,3627
concsweep,1,95332660633,575980
concsweep,0,95332660631,583142
collection,-1,95330798415,2489379
sweep,-1,95555235959,219
mark,-1,95555237261,3220500
sweep,-1,95558469914,3302
concsweep,1,95558506838,524264
concsweep,0,95558506845,537727
collection,-1,95555237236,3887831
sweep,-1,95781127684,196
mark,-1,95781128796,2684280
sweep,-1,95783826026,58205
concsweep,1,95783863927,504287
concsweep,0,95783863933,533493
collection,-1,95781128770,3268992
sweep,-1,95997719321,49
mark,-1,95997720419,4756302
sweep,-1,96002488578,95364
concsweep,1,96002525824,540943
concsweep,0,96002525820,1150111
collection,-1,95997720388,6020873
sweep,-1,96213927923,228
mark,-1,96213929044,2250598
sweep,-1,96216192360,12028
concsweep,1,96216218313,590206
concsweep,0,96216208279,601368
collection,-1,96213929014,2895983
sweep,-1,96440678652,213
mark,-1,96440679707,1620773
sweep,-1,96442313465,2843
concsweep,1,96442339975,545637
concsweep,0,96442329322,558226
collection,-1,96440679680,2216330
sweep,-1,96665233665,267
mark,-1,96665235024,3318263
sweep,-1,96668566531,22662
collection,-1,96665234991,3885020
concsweep,1,96668575737,544252
concsweep,0,96668575721,544300
sweep,-1,96889934124,189
mark,-1,96889935306,1821276
sweep,-1,96891769310,11743
concsweep,1,96891794997,544939
concsweep,0,96891785718,557600
collection,-1,96889935282,2415461
sweep,-1,97115161055,264
mark,-1,97115162415,3403374
sweep,-1,97118577878,3085
concsweep,1,97118615386,520729
concsweep,0,97118615383,925250
collection,-1,97115162389,5688173
sweep,-1,97345314864,264
mark,-1,97345315989,2803936
sweep,-1,97348131538,11715
concsweep,1,97348159157,515845
concsweep,0,97348148957,554317
collection,-1,97345315960,3414647
sweep,-1,97561770065,193
mark,-1,97561771553,4721773
sweep,-1,97566503913,86570
concsweep,1,97566541434,540327
concsweep,0,97566541442,1145705
collection,-1,97561771521,5981756
sweep,-1,97777814228,212
mark,-1,97777815496,1909022
sweep,-1,97779737602,3884
concsweep,1,97779775161,546624
concsweep,0,97779775161,546879
collection,-1,97777815427,2521424
sweep,-1,98002006326,218
mark,-1,98002007386,1752701
sweep,-1,98003772977,4586
concsweep,1,98003811528,519333
concsweep,0,98003811519,553150
collection,-1,98002007359,2402984
sweep,-1,98227172564,180
mark,-1,98227173928,48992
sweep,-1,98227235294,11047
sweep,-1,98227257150,14863
concsweep,1,98227253903,533914
concsweep,0,98227259554,528223
collection,-1,98227173901,625283
sweep,-1,98453571977,183
mark,-1,98453573019,3157079
sweep,-1,98456740343,3219
concsweep,1,98456777462,530654
concsweep,0,98456777453,538819
collection,-1,98453572992,3833302
sweep,-1,98678111808,324
mark,-1,98678112984,2666785
sweep,-1,98680790282,11564
concsweep,1,98680815918,527362
concsweep,0,98680805715,541648
collection,-1,98678112956,3333173
sweep,-1,98895410301,214
mark,-1,98895411421,1281951
sweep,-1,98896705225,21471
sweep,-1,98896739202,26976
concsweep,1,98896742229,710747
concsweep,0,98896742234,1307174
collection,-1,98895411393,2712654
sweep,-1,99118920022,280
mark,-1,99118921240,3115324
sweep,-1,99122048370,3074
concsweep,1,99122085207,522413
concsweep,0,99122085203,601727
collection,-1,99118921213,3831560
sweep,-1,99347996028,223
mark,-1,99347997134,2603151
sweep,-1,99350612666,11666
concsweep,1,99350639186,524051
concsweep,0,99350628848,549521
collection,-1,99347997105,3188944
sweep,-1,99566859049,268
mark,-1,99566860327,1050286
sweep,-1,99567922648,2721
sweep,-1,99567945201,28615
concsweep,1,99567963474,685449
concsweep,0,99567963480,1465941
collection,-1,99566860279,2574666
sweep,-1,99791889894,297
mark,-1,99791891233,3798447
sweep,-1,99795703053,3374
concsweep,1,99795741137,601019
concsweep,0,99795741136,629744
collection,-1,99791891200,4502878
sweep,-1,100012514838,246
mark,-1,100012516282,2053871
sweep,-1,100014582380,3118
concsweep,1,100014619827,539175
concsweep,0,100014619833,593737
collection,-1,100012516257,2702374
sweep,-1,100235430888,157
mark,-1,100235432291,547569
sweep,-1,100235992371,2678
sweep,-1,100236006094,12248
concsweep,0,100236001040,621910
concsweep,1,100236001046,621925
collection,-1,100235432263,1206290
sweep,-1,100461077275,209
mark,-1,100461078329,3128092
sweep,-1,100464219334,3315
concsweep,1,100464256786,564099
concsweep,0,100464256793,566927
collection,-1,100461078301,3785846
sweep,-1,100686292970,327
mark,-1,100686294227,2780196
sweep,-1,100689085110,11604
concsweep,1,100689111672,553874
concsweep,0,100689101228,564662
collection,-1,100686294198,3385521
sweep,-1,100908276936,218
mark,-1,100908278177,1058730
sweep,-1,100909347396,11749
sweep,-1,100909371540,13261
concsweep,1,100909374743,682349
concsweep,0,100909363285,1552028
collection,-1,100908278148,2723451
sweep,-1,101134194464,225
mark,-1,101134195683,3154134
sweep,-1,101137360335,3474
concsweep,1,101137399892,525348
concsweep,0,101137399885,531062
collection,-1,101134195655,3736243
sweep,-1,101359431889,263
mark,-1,101359433172,2861269
sweep,-1,101362306846,11749
concsweep,1,101362332958,559536
concsweep,0,101362322648,595078
collection,-1,101359433147,3580596
sweep,-1,101576948410,141
mark,-1,101576949431,1357027
sweep,-1,101578316005,2842
sweep,-1,101578337977,32375
concsweep,1,101578353085,709360
concsweep,0,101578353078,719468
collection,-1,101576949373,2123468
sweep,-1,101803286548,216
mark,-1,101803287614,3193089
sweep,-1,101806491953,2943
concsweep,1,101806532067,530897
concsweep,0,101806532073,566725
collection,-1,101803287588,3846219
sweep,-1,102028315916,211
mark,-1,102028316989,2675548
sweep,-1,102031004069,2908
concsweep,1,102031039783,519434
concsweep,0,102031039775,525883
collection,-1,102028316962,3321738
sweep,-1,102245631956,156
mark,-1,102245633035,1199919
sweep,-1,102246843990,2799
sweep,-1,102246861093,92395
concsweep,1,102246872637,676301
concsweep,0,102246862604,1199300
collection,-1,102245633006,2429516
sweep,-1,102472951383,210
mark,-1,102472952561,3142758
sweep,-1,102476107996,11648
concsweep,1,102476150249,529949
concsweep,0,102476150241,535784
collection,-1,102472952534,3828978
sweep,-1,102699342509,333
mark,-1,102699343768,2743150
sweep,-1,102702098887,11350
concsweep,1,102702118235,538338
concsweep,0,102702122102,577036
collection,-1,102699343745,3365291
sweep,-1,102920415366,182
mark,-1,102920416773,1437168
sweep,-1,102921864576,3038
sweep,-1,102921889312,2510
concsweep,1,102921891430,715784
concsweep,0,102921881192,1220751
collection,-1,102920416727,2713391
sweep,-1,103144029702,315
mark,-1,103144030869,2995372
sweep,-1,103147038546,3316
concsweep,1,103147075780,529459
concsweep,0,103147075779,534474
collection,-1,103144030844,3630219
sweep,-1,103369645762,220
mark,-1,103369646992,2416855
sweep,-1,103372076765,11532
concsweep,1,103372102764,530106
concsweep,0,103372093361,557956
collection,-1,103369646962,3111318
sweep,-1,103587763772,189
mark,-1,103587764834,1008044
sweep,-1,103588782035,2803
sweep,-1,103588804235,37702
concsweep,1,103588821145,681927
concsweep,0,103588821151,1569696
collection,-1,103587764784,2703889
sweep,-1,103814524958,217
mark,-1,103814526089,3227232
sweep,-1,103817764574,3068
concsweep,1,103817802390,528118
concsweep,0,103817802389,555118
collection,-1,103814526060,3905700
sweep,-1,104038833724,227
mark,-1,104038834997,2687475
sweep,-1,104041533139,2989
concsweep,1,104041572538,528545
concsweep,0,104041572538,528564
collection,-1,104038834933,3358521
sweep,-1,104256443639,166
mark,-1,104256445067,1187456
sweep,-1,104257642391,11277
sweep,-1,104257659842,82607
concsweep,1,104257662309,689216
concsweep,0,104257666005,1168159
collection,-1,104256445041,2390042
sweep,-1,104481482272,277
mark,-1,104481483380,3296357
sweep,-1,104484790231,2669
concsweep,1,104484826361,545885
concsweep,0,104484826358,545908
collection,-1,104481483347,3897568
sweep,-1,104705926871,219
mark,-1,104705928261,2507135
sweep,-1,104708448254,11381
concsweep,1,104708474835,569544
concsweep,0,104708465541,610901
collection,-1,104705928234,3242086
sweep,-1,104922972795,101
mark,-1,104922974175,1281632
sweep,-1,104924267335,11314
sweep,-1,104924290510,3880
concsweep,1,104924294688,754357
concsweep,0,104924283315,1457699
collection,-1,104922974147,2833143
sweep,-1,105145664656,535
mark,-1,105145666132,3012522
sweep,-1,105148691345,51856
concsweep,1,105148728069,523689
concsweep,0,105148728076,524461
collection,-1,105145666103,3586973
sweep,-1,105375650531,249
mark,-1,105375651664,2566644
sweep,-1,105378230338,41569
concsweep,1,105378251140,522261
concsweep,0,105378255238,535184
collection,-1,105375651625,3144768
sweep,-1,105594177348,265
mark,-1,105594178584,1021249
sweep,-1,105595210048,2564
sweep,-1,105595231965,29533
concsweep,1,105595249314,684425
concsweep,0,105595249313,1594343
collection,-1,105594178536,2702742
sweep,-1,105820389940,239
mark,-1,105820391352,3179290
sweep,-1,105823582597,3216
concsweep,1,105823619486,581594
concsweep,0,105823619485,588594
collection,-1,105820391319,3832167
sweep,-1,106044421076,235
mark,-1,106044422263,2824856
sweep,-1,106047260932,52033
concsweep,1,106047299554,544454
concsweep,0,106047299552,559715
collection,-1,106044422237,3488318
sweep,-1,106263826122,170
mark,-1,106263827401,1379280
sweep,-1,106265215951,11689
sweep,-1,106265239319,2473
concsweep,1,106265243319,609190
concsweep,0,106265233110,619376
collection,-1,106263827371,2031634
sweep,-1,106490468579,264
mark,-1,106490469718,3505737
sweep,-1,106493987217,2729
concsweep,1,106494025029,570980
concsweep,0,106494025035,612681
collection,-1,106490469678,4191596
sweep,-1,106713767337,225
mark,-1,106713768708,2288190
sweep,-1,106716069058,3224
concsweep,1,106716077692,523828
concsweep,0,106716077693,549039
collection,-1,106713768674,2871334
sweep,-1,106935474161,216
mark,-1,106935475581,987409
sweep,-1,106936475525,2748
sweep,-1,106936498678,2242
concsweep,1,106936502687,726235
collection,-1,106935475542,1754228
concsweep,0,106936491540,737532
sweep,-1,107159825578,263
mark,-1,107159826659,3119080
sweep,-1,107162957558,58815
concsweep,1,107162995718,535414
concsweep,0,107162995712,615935
collection,-1,107159826633,3788765
sweep,-1,107384477676,281
mark,-1,107384478811,2324891
sweep,-1,107386816669,3197
concsweep,1,107386854502,532432
concsweep,0,107386854501,540855
collection,-1,107384478778,2926206
sweep,-1,107603381145,140
mark,-1,107603382422,1088729
sweep,-1,107604483142,2610
sweep,-1,107604505457,25803
concsweep,1,107604522838,725280
concsweep,0,107604522830,731043
collection,-1,107603382394,1871691
sweep,-1,107828034374,210
mark,-1,107828035630,3011102
sweep,-1,107831057884,3101
sweep,-1,107831110318,10512
collection,-1,107828035605,3593453
concsweep,0,107831094819,534236
concsweep,1,107831094821,534222
sweep,-1,108053007207,238
mark,-1,108053008301,2671030
sweep,-1,108055691887,62360
concsweep,1,108055729538,533185
concsweep,0,108055729535,546678
collection,-1,108053008271,3280459
sweep,-1,108270188709,116
mark,-1,108270190040,828887
sweep,-1,108271029563,11039
sweep,-1,108271052027,8845
concsweep,0,108271052725,658079
concsweep,1,108271048718,662107
collection,-1,108270189987,1538015
sweep,-1,108495267386,216
mark,-1,108495268464,3154377
sweep,-1,108498434173,3014
concsweep,1,108498470205,525687
concsweep,0,108498470204,530213
collection,-1,108495268430,3790938
sweep,-1,108720769423,209
mark,-1,108720770558,2892086
sweep,-1,108723676101,12020
concsweep,1,108723696581,571512
concsweep,0,108723699950,583459
collection,-1,108720770526,3577687
sweep,-1,108940068343,98
mark,-1,108940069285,1610486
sweep,-1,108941689334,3105
sweep,-1,108941712288,24438
concsweep,1,108941728081,623106
concsweep,0,108941728087,630261
collection,-1,108940069257,2290575
sweep,-1,109164212940,214
mark,-1,109164214115,3037796
sweep,-1,109167259448,3919
concsweep,1,109167279534,539128
concsweep,0,109167273444,570752
collection,-1,109164214086,3734166
sweep,-1,109394426679,209
mark,-1,109394427967,2797706
sweep,-1,109397244954,3177
concsweep,1,109397255266,573724
concsweep,0,109397260057,647477
collection,-1,109394427935,3483176
sweep,-1,109611937549,143
mark,-1,109611938721,579818
sweep,-1,109612530942,10641
sweep,-1,109612561316,23116
concsweep,1,109612572967,655001
concsweep,0,109612572966,657945
collection,-1,109611938696,1309259
sweep,-1,109841699618,239
mark,-1,109841700733,3185874
sweep,-1,109844894986,2927
concsweep,1,109844928953,527542
concsweep,0,109844928957,535269
collection,-1,109841700700,3839860
sweep,-1,110066684861,279
mark,-1,110066685991,2627510
sweep,-1,110069324094,3288
concsweep,1,110069361230,534757
concsweep,0,110069361236,565786
collection,-1,110066685961,3259070
sweep,-1,110286650363,138
mark,-1,110286651420,1162313
sweep,-1,110287901431,10741
sweep,-1,110287953642,4196
concsweep,1,110287937030,676815
concsweep,0,110287937022,1309472
collection,-1,110286651379,2684450
sweep,-1,110512943453,263
mark,-1,110512944596,3163647
sweep,-1,110516120624,3545
concsweep,1,110516164671,534427
concsweep,0,110516164668,534699
collection,-1,110512944568,3795828
sweep,-1,110739091046,264
mark,-1,110739092168,2659386
sweep,-1,110741762673,11718
concsweep,1,110741789155,529745
concsweep,0,110741779182,569836
collection,-1,110739092145,3356228
sweep,-1,110958448580,236
mark,-1,110958449827,1180938
sweep,-1,110959640867,11047
sweep,-1,110959665507,95152
concsweep,1,110959683336,670401
concsweep,0,110959683336,1217401
collection,-1,110958449798,2451560
sweep,-1,111184309979,222
mark,-1,111184311043,3190216
sweep,-1,111187513624,11373
concsweep,1,111187540026,528075
concsweep,0,111187530860,554700
collection,-1,111184311008,3787877
sweep,-1,111410247202,284
mark,-1,111410248394,2685750
sweep,-1,111412941940,3204
sweep,-1,111412997942,9875
concsweep,1,111412974809,524896
concsweep,0,111412973796,527487
collection,-1,111410248358,3253125
sweep,-1,111626518842,251
mark,-1,111626520214,4773040
sweep,-1,111631304539,90195
concsweep,1,111631343780,544421
concsweep,0,111631343783,1147075
collection,-1,111626520180,6036117
sweep,-1,111843452772,239
mark,-1,111843453872,2259922
sweep,-1,111845725281,3204
concsweep,1,111845762505,578885
concsweep,0,111845762503,593829
collection,-1,111843453842,3003902
sweep,-1,112064291216,254
mark,-1,112064292416,3488530
sweep,-1,112067792453,2959
collection,-1,112064292390,4067195
concsweep,1,112067829022,530202
concsweep,0,112067829019,530376
sweep,-1,112288737398,254
mark,-1,112288738604,2900864
sweep,-1,112291651983,11601
concsweep,1,112291671387,545824
concsweep,0,112291676036,558320
collection,-1,112288738578,3503991
sweep,-1,112504680250,162
mark,-1,112504681423,4680993
sweep,-1,112509373178,95810
concsweep,1,112509413981,534819
concsweep,0,112509413976,1146839
collection,-1,112504681397,5944555
sweep,-1,112721188938,221
mark,-1,112721190023,2236578
sweep,-1,112723447819,3309
concsweep,1,112723460188,580433
concsweep,0,112723463060,594021
collection,-1,112721189992,2944588
sweep,-1,112948304871,187
mark,-1,112948306040,3919368
sweep,-1,112952236379,3438
concsweep,1,112952270724,731645
concsweep,0,112952270721,2013155
collection,-1,112948306012,6046052
sweep,-1,113173288815,188
mark,-1,113173289862,2721655
sweep,-1,113176024112,3569
concsweep,1,113176035107,539264
collection,-1,113173289835,3285274
concsweep,0,113176048035,526835
sweep,-1,113391145171,223
mark,-1,113391146405,1080226
sweep,-1,113392237852,11072
sweep,-1,113392261236,13249
concsweep,1,113392256787,721314
concsweep,0,113392261608,1539313
collection,-1,113391146343,2732895
sweep,-1,113616024382,282
mark,-1,113616025511,3165525
sweep,-1,113619203140,3217
concsweep,1,113619244490,523887
concsweep,0,113619244487,565171
collection,-1,113616025484,3819616
sweep,-1,113841929554,244
mark,-1,113841930941,2605016
sweep,-1,113844627716,3363
concsweep,1,113844664615,571214
concsweep,0,113844664612,587932
collection,-1,113841930912,3427150
sweep,-1,114057652829,169
mark,-1,114057653938,1170706
sweep,-1,114058836106,3328
sweep,-1,114058859771,39045
concsweep,1,114058875830,664883
concsweep,0,114058875836,1213042
collection,-1,114057653911,2435708
sweep,-1,114287938788,237
mark,-1,114287939905,3236373
sweep,-1,114291188206,3503
concsweep,1,114291196140,531874
concsweep,0,114291196160,548926
collection,-1,114287939880,3899779
sweep,-1,114515737113,497
mark,-1,114515738467,2659740
sweep,-1,114518409757,3297
concsweep,1,114518446648,532870
concsweep,0,114518446645,560089
collection,-1,114515738440,3268890
sweep,-1,114734585468,116
mark,-1,114734586524,1455514
sweep,-1,114736053523,3498
sweep,-1,114736071352,2253
concsweep,1,114736062664,748619
concsweep,0,114736062654,1287734
collection,-1,114734586491,2805580
sweep,-1,114960633022,205
mark,-1,114960634128,3168285
sweep,-1,114963815075,3466
concsweep,1,114963853515,566741
concsweep,0,114963853521,600319
collection,-1,114960634100,3919262
sweep,-1,115183419171,179
mark,-1,115183420295,2313680
sweep,-1,115185744467,3064
concsweep,1,115185771485,526706
concsweep,0,115185760179,538026
collection,-1,115183420255,2908321
sweep,-1,115402779559,91
mark,-1,115402780796,823892
sweep,-1,115403616046,3069
sweep,-1,115403637959,33912
concsweep,1,115403654676,668692
concsweep,0,115403654670,670203
collection,-1,115402780772,1544409
sweep,-1,115627507220,261
mark,-1,115627508411,3028318
sweep,-1,115630547912,57449
concsweep,1,115630584177,513780
concsweep,0,115630584171,516406
collection,-1,115627508385,3619440
sweep,-1,115855325816,282
mark,-1,115855327161,2751227
sweep,-1,115858091770,63989
concsweep,1,115858130185,538972
concsweep,0,115858130190,556176
collection,-1,115855327131,3368650
sweep,-1,116073637391,197
mark,-1,116073638821,876496
sweep,-1,116074525903,2523
sweep,-1,116074547869,32681
concsweep,1,116074564053,669226
collection,-1,116073638773,1596602
concsweep,0,116074564057,669331
sweep,-1,116301447429,278
mark,-1,116301448750,3035332
sweep,-1,116304498116,3588
concsweep,1,116304506600,572992
concsweep,0,116304506575,589144
collection,-1,116301448715,3746245
sweep,-1,116526518095,221
mark,-1,116526519518,2731225
sweep,-1,116529261544,62276
concsweep,1,116529299955,542951
concsweep,0,116529299947,545600
collection,-1,116526519488,3330936
sweep,-1,116743716918,151
mark,-1,116743718375,1352488
sweep,-1,116745080932,3030
sweep,-1,116745104060,1738
concsweep,1,116745107573,662018
concsweep,0,116745097190,674860
collection,-1,116743718329,2053905
sweep,-1,116968360919,208
mark,-1,116968362096,3117320
sweep,-1,116971492115,61647
concsweep,1,116971530157,531122
concsweep,0,116971530152,545584
collection,-1,116968362066,3757030
sweep,-1,117193067728,267
mark,-1,117193069081,2396658
sweep,-1,117195477980,11196
concsweep,1,117195504204,525741
concsweep,0,117195495265,573037
collection,-1,117193069036,3009981
sweep,-1,117410221935,172
mark,-1,117410280586,1388560
sweep,-1,117411679571,2463
sweep,-1,117411702972,4134
concsweep,1,117411706760,612457
concsweep,0,117411696420,624195
collection,-1,117410280534,3038994
sweep,-1,117636333032,268
mark,-1,117636334191,3166558
sweep,-1,117639512970,3197
concsweep,1,117639551954,529436
concsweep,0,117639551951,534028
collection,-1,117636334165,3792290
sweep,-1,117863084704,217
mark,-1,117863085874,2633195
sweep,-1,117865730236,3158
concsweep,1,117865766656,569873
concsweep,0,117865766662,577021
collection,-1,117863085840,3263094
sweep,-1,118080038781,137
mark,-1,118080040117,1486942
sweep,-1,118081536913,3016
sweep,-1,118081545440,126692
concsweep,1,118081576832,693175
concsweep,0,118081576839,1160800
collection,-1,118080040082,2698133
sweep,-1,118306107008,248
mark,-1,118306108141,3121580
sweep,-1,118309240477,11416
concsweep,1,118309259602,568428
concsweep,0,118309264220,634731
collection,-1,118306108119,3889812
sweep,-1,118538906361,213
mark,-1,118538907432,2488163
sweep,-1,118541406671,11957
concsweep,1,118541425677,534436
concsweep,0,118541430746,531910
collection,-1,118538907403,3111250
sweep,-1,118759628531,93
mark,-1,118759630005,989964
sweep,-1,118760633058,2868
concsweep,1,118760659494,717497
concsweep,0,118760649765,1654493
collection,-1,118759629973,2760315
sweep,-1,118984516305,249
mark,-1,118984517405,3251995
sweep,-1,118987781707,2990
concsweep,1,118987820124,539277
concsweep,0,118987820130,545245
collection,-1,118984517380,3939384
sweep,-1,119209129562,255
mark,-1,119209130778,2621962
sweep,-1,119211765104,11369
concsweep,1,119211791264,530518
concsweep,0,119211781804,542171
collection,-1,119209130754,3267841
sweep,-1,119427029195,211
mark,-1,119427030479,1155785
sweep,-1,119428199166,2837
sweep,-1,119428221774,41368
concsweep,1,119428239289,743843
concsweep,0,119428239285,1239217
collection,-1,119427030378,2449085
sweep,-1,119651756698,270
mark,-1,119651757913,3169966
sweep,-1,119654939570,2855
concsweep,1,119654980393,534940
concsweep,0,119654980389,573552
collection,-1,119651757886,3836038
sweep,-1,119877808487,216
mark,-1,119877809964,2628900
sweep,-1,119880451007,3148
concsweep,1,119880488948,561961
concsweep,0,119880488945,572407
collection,-1,119877809937,3345422
sweep,-1,120094872203,225
mark,-1,120094873446,1351292
sweep,-1,120096236490,3096
sweep,-1,120096259572,33266
concsweep,1,120096277122,739322
concsweep,0,120096277120,1263389
collection,-1,120094873412,2746075
sweep,-1,120322364167,168
mark,-1,120322365308,3151721
sweep,-1,120325528702,32930
concsweep,1,120325537039,552867
concsweep,0,120325537020,606619
collection,-1,120322365244,3783175
sweep,-1,120550186839,227
mark,-1,120550188147,2475928
sweep,-1,120552676899,3308
concsweep,1,120552735568,544105
concsweep,0,120552739045,558115
collection,-1,120550188114,3160644
sweep,-1,120768213223,154
mark,-1,120768214681,900129
sweep,-1,120769124695,2615
sweep,-1,120769147721,3892
concsweep,1,120769151954,666738
concsweep,0,120769141211,686162
collection,-1,120768214636,1630530
sweep,-1,120994092541,289
mark,-1,120994093884,3168779
sweep,-1,120997273620,2896
concsweep,1,120997310681,532489
concsweep,0,120997310678,550332
collection,-1,120994093841,3767830
sweep,-1,121219084216,229
mark,-1,121219085577,2692859
sweep,-1,121221789472,3420
concsweep,1,121221798217,530634
concsweep,0,121221798217,538222
collection,-1,121219085488,3261935
sweep,-1,121436727317,108
mark,-1,121436728330,1144593
sweep,-1,121437883372,11385
sweep,-1,121437906516,12778
concsweep,1,121437901886,683579
concsweep,0,121437906442,1275633
collection,-1,121436728288,2531271
sweep,-1,121660658826,222
mark,-1,121660660046,3612035
sweep,-1,121664285494,3777
concsweep,1,121664324388,607140
concsweep,0,121664324392,607503
collection,-1,121660660016,4275422
sweep,-1,121885036665,212
mark,-1,121885037951,2227643
sweep,-1,121887278201,52015
concsweep,1,121887316105,543086
concsweep,0,121887316126,548103
collection,-1,121885037925,2826975
sweep,-1,122104474208,201
mark,-1,122104475599,842797
sweep,-1,122105328571,2628
sweep,-1,122105350930,24165
concsweep,1,122105366196,671170
concsweep,0,122105366193,673345
collection,-1,122104475574,1564221
sweep,-1,122328782408,212
mark,-1,122328783539,3129548
sweep,-1,122331934773,29865
concsweep,1,122331946964,547242
concsweep,0,122331948904,566010
collection,-1,122328783499,3800673
sweep,-1,122552630853,506
mark,-1,122552632190,2458744
sweep,-1,122555103175,35925
concsweep,1,122555123616,521613
concsweep,0,122555127166,540453
collection,-1,122552632160,3036564
sweep,-1,122772160769,209
mark,-1,122772161990,975729
sweep,-1,122773145627,11275
sweep,-1,122773169225,8833
concsweep,1,122773161205,671683
concsweep,0,122773167046,668363
collection,-1,122772161956,1673803
sweep,-1,123002096811,336
mark,-1,123002098081,3180704
sweep,-1,123005288842,11775
concsweep,1,123005307739,525946
concsweep,0,123005311618,565088
collection,-1,123002098049,3820469
sweep,-1,123227823265,274
mark,-1,123227824536,2670722
sweep,-1,123230503532,11954
concsweep,1,123230519122,536237
concsweep,0,123230525549,565766
collection,-1,123227824501,3267659
sweep,-1,123450755364,144
mark,-1,123450756769,1439697
sweep,-1,123452206634,94524
concsweep,1,123452226633,744922
concsweep,0,123452230265,1256003
collection,-1,123450756736,2765278
sweep,-1,123675681885,282
mark,-1,123675683115,3063291
sweep,-1,123678758457,2839
concsweep,1,123678796702,531774
concsweep,0,123678796699,624058
collection,-1,123675683074,3739161
sweep,-1,123902009870,284
mark,-1,123902011076,2557701
sweep,-1,123904580495,3004
sweep,-1,123904623396,6564
concsweep,1,123904616931,557765
concsweep,0,123904616927,558316
collection,-1,123902011048,3207718
sweep,-1,124118720550,154
mark,-1,124118721661,1256954
sweep,-1,124119990963,2700
sweep,-1,124120013690,32627
concsweep,1,124120031593,759569
concsweep,0,124120031605,1492960
collection,-1,124118721576,2838483
sweep,-1,124342620590,270
mark,-1,124342621722,3261656
sweep,-1,124345894727,20044
concsweep,1,124345934584,566486
concsweep,0,124345934582,577946
collection,-1,124342621691,3943179
sweep,-1,124566249868,219
mark,-1,124566251203,2217488
sweep,-1,124568481240,56260
concsweep,0,124568523975,551896
concsweep,1,124568523974,551944
collection,-1,124566251173,2826248
sweep,-1,124787848613,159
mark,-1,124787849827,691854
sweep,-1,124788554383,2353
sweep,-1,124788575737,4317
concsweep,0,124788572070,685810
concsweep,1,124788581279,676568
collection,-1,124787849780,1411047
sweep,-1,125014253066,289
mark,-1,125014254164,3148092
sweep,-1,125017413180,2931
concsweep,1,125017451277,530582
concsweep,0,125017451275,533774
collection,-1,125014254136,3773625
sweep,-1,125238854137,269
mark,-1,125238855479,2631499
sweep,-1,125241497876,11365
sweep,-1,125241561632,6556
concsweep,1,125241540063,530258
concsweep,0,125241540059,534356
collection,-1,125238855451,3230952
sweep,-1,125454373145,173
mark,-1,125454374521,4730326
sweep,-1,125459116382,72471
concsweep,1,125459136275,558822
concsweep,0,125459140997,1183802
collection,-1,125454374492,5976303
sweep,-1,125669642980,239
mark,-1,125669644032,2164116
sweep,-1,125671820914,11645
concsweep,1,125671863100,585180
concsweep,0,125671863105,597751
collection,-1,125669644004,2820308
sweep,-1,125895170372,230
mark,-1,125895171519,1824385
sweep,-1,125897006267,2660
concsweep,1,125897046071,571819
collection,-1,125895171495,2449207
concsweep,0,125897046068,572158
sweep,-1,126118344899,175
mark,-1,126118346052,3127423
sweep,-1,126121483973,59743
concsweep,1,126121525597,539267
concsweep,0,126121525599,543930
collection,-1,126118346025,3733648
sweep,-1,126335867199,155
mark,-1,126335868673,4656218
sweep,-1,126340538015,68615
concsweep,1,126340558547,602226
concsweep,0,126340561478,1178567
collection,-1,126335868650,5945996
sweep,-1,126551824219,228
mark,-1,126551825639,1931894
sweep,-1,126553768427,3545
concsweep,1,126553806851,549500
concsweep,0,126553806850,572545
collection,-1,126551825612,2583559
sweep,-1,126777890529,221
mark,-1,126777891602,1768055
sweep,-1,126779672947,11460
concsweep,1,126779699384,534084
concsweep,0,126779690165,548373
collection,-1,126777891576,2349986
sweep,-1,127001044105,222
mark,-1,127001045382,3467838
sweep,-1,127004525985,3007
concsweep,1,127004567313,587995
concsweep,0,127004567318,665530
collection,-1,127001045357,5147745
sweep,-1,127219082707,259
mark,-1,127219083808,1907463
sweep,-1,127221001134,11408
concsweep,1,127221020863,551832
concsweep,0,127221025624,561238
collection,-1,127219083777,2511174
sweep,-1,127450346044,230
mark,-1,127450347236,1897305
sweep,-1,127452257150,11771
concsweep,1,127452276118,585496
concsweep,0,127452280075,587489
collection,-1,127450347208,2575984
sweep,-1,127672247992,276
mark,-1,127672249063,2994388
sweep,-1,127675255938,2798
concsweep,1,127675293567,535372
concsweep,0,127675293572,540327
collection,-1,127672249038,3635504
sweep,-1,127892217887,171
mark,-1,127892218924,1881826
sweep,-1,127894110155,3499
concsweep,1,127894143506,550447
concsweep,0,127894143503,557569
collection,-1,127892218899,2484423
sweep,-1,128115730150,265
mark,-1,128115809888,3306693
sweep,-1,128119128228,3030
concsweep,1,128119168068,517783
concsweep,0,128119168065,546047
collection,-1,128115809847,3958553
sweep,-1,128348239774,107
mark,-1,128348240816,2769148
sweep,-1,128351030781,30083
concsweep,1,128351042028,519470
concsweep,0,128351047145,514382
collection,-1,128348240784,3329919
sweep,-1,128563402652,212
mark,-1,128563403910,4655316
sweep,-1,128568072008,98385
concsweep,1,128568112146,550537
concsweep,0,128568112144,1173644
collection,-1,128563403884,5947984
sweep,-1,128778877970,214
mark,-1,128778879049,1912533
sweep,-1,128780809805,3306
concsweep,1,128780841683,547885
concsweep,0,128780841676,571094
collection,-1,128778879016,2543381
sweep,-1,129005256979,222
mark,-1,129005258056,1784658
sweep,-1,129007055387,11330
concsweep,1,129007098013,543766
collection,-1,129005258022,2386397
concsweep,0,129007098011,543914
sweep,-1,129228398475,264
mark,-1,129228399567,3536241
sweep,-1,129231948297,11129
concsweep,1,129231974468,605773
concsweep,0,129231965870,2231459
collection,-1,129228399538,5825714
sweep,-1,129445696811,277
mark,-1,129445697987,1883498
sweep,-1,129447594330,4405
concsweep,1,129447631646,550137
concsweep,0,129447631645,553580
collection,-1,129445697957,2499263
sweep,-1,129671261662,222
mark,-1,129671262721,1638296
sweep,-1,129672911775,3001
concsweep,1,129672951588,520544
concsweep,0,129672951586,530030
collection,-1,129671262695,2223586
sweep,-1,129902705958,205
mark,-1,129902707088,3452694
sweep,-1,129906178907,50852
concsweep,1,129906212973,529725
concsweep,0,129906212978,549631
collection,-1,129902707063,4108892
sweep,-1,130119564825,218
mark,-1,130119565891,1845137
sweep,-1,130121422310,3146
concsweep,1,130121460184,549239
concsweep,0,130121460189,551131
collection,-1,130119565864,2476484
sweep,-1,130346457239,279
mark,-1,130346458728,1539180
sweep,-1,130348011624,11113
concsweep,1,130348053563,524226
concsweep,0,130348053561,525309
collection,-1,130346458698,2189078
sweep,-1,130569811489,328
mark,-1,130569812961,3488708
sweep,-1,130573312829,2923
concsweep,1,130573350288,558826
concsweep,0,130573350287,621056
collection,-1,130569812935,4159089
sweep,-1,130782775553,157
mark,-1,130782776696,4666431
sweep,-1,130787463892,61925
concsweep,1,130787476462,574284
concsweep,0,130787479252,1141701
collection,-1,130782776672,5921492
sweep,-1,130997888883,270
mark,-1,130997890029,2041628
sweep,-1,130999944844,3432
concsweep,1,130999983915,572188
concsweep,0,130999983912,592083
collection,-1,130997890002,2692010
sweep,-1,131221490243,270
mark,-1,131221491335,1694280
sweep,-1,131223207657,11237
concsweep,1,131223240722,534936
concsweep,0,131223240728,542125
collection,-1,131221491308,2296730
sweep,-1,131444010775,271
mark,-1,131444011989,3242764
sweep,-1,131447267105,11965
concsweep,0,131447290483,531384
concsweep,1,131447286564,535241
collection,-1,131444011961,3810915
sweep,-1,131660226815,219
mark,-1,131660227982,1920452
sweep,-1,131662162092,3398
concsweep,1,131662200166,532834
concsweep,0,131662200167,542904
collection,-1,131660227957,2523462
sweep,-1,131889866965,214
mark,-1,131889868164,1590857
sweep,-1,131891470837,11126
concsweep,1,131891512985,526818
concsweep,0,131891512982,526877
collection,-1,131889868136,2175403
sweep,-1,132113397110,212
mark,-1,132113398272,3246856
sweep,-1,132116658617,3507
concsweep,1,132116697081,558531
concsweep,0,132116697087,590758
collection,-1,132113398180,3889899
sweep,-1,132332693011,276
mark,-1,132332694255,2113110
sweep,-1,132334820709,3892
concsweep,1,132334829308,583728
concsweep,0,132334829316,589843
collection,-1,132332694234,2725234
sweep,-1,132555744487,270
mark,-1,132555745763,3418936
sweep,-1,132559177616,2761
concsweep,1,132559215576,566245
concsweep,0,132559215574,596443
collection,-1,132555745736,4098858
sweep,-1,132781422328,268
mark,-1,132781423433,2352434
sweep,-1,132783789067,11822
concsweep,1,132783815847,528129
concsweep,0,132783805730,542612
collection,-1,132781423403,2925181
sweep,-1,133001781789,273
mark,-1,133001783048,831392
sweep,-1,133002624823,2539
sweep,-1,133002646070,25840
concsweep,1,133002662381,647165
concsweep,0,133002662371,656525
collection,-1,133001783023,1553549
sweep,-1,133227786181,220
mark,-1,133227787558,3194843
sweep,-1,133230994388,11634
concsweep,1,133231014069,532781
concsweep,0,133231017543,546310
collection,-1,133227787525,3825043
sweep,-1,133457611245,271
mark,-1,133457612669,2652815
sweep,-1,133460278110,11898
concsweep,1,133460297061,554786
concsweep,0,133460301839,569639
collection,-1,133457612639,3369620
sweep,-1,133674417513,178
mark,-1,133674418715,4685022
sweep,-1,133679115504,88692
concsweep,1,133679154402,540508
concsweep,0,133679154399,1140712
collection,-1,133674418691,5941940
sweep,-1,133894046840,229
mark,-1,133894047939,1912056
sweep,-1,133895972473,3164
concsweep,1,133896010291,546816
concsweep,0,133896010287,582420
collection,-1,133894047906,2646976
sweep,-1,134119491099,148
mark,-1,134119492193,1957577
sweep,-1,134121461901,3793
concsweep,1,134121499722,562756
concsweep,0,134121499718,565270
collection,-1,134119492166,2594036
sweep,-1,134343676079,215
mark,-1,134343677288,3255750
sweep,-1,134346945048,11362
concsweep,1,134346964299,528458
concsweep,0,134346968319,528124
collection,-1,134343677253,3912488
sweep,-1,134563549495,279
mark,-1,134563550702,2335180
sweep,-1,134565898592,3078
concsweep,1,134565935975,616686
concsweep,0,134565935969,671149
collection,-1,134563550676,3056653
sweep,-1,134785648945,219
mark,-1,134785650106,2971229
sweep,-1,134788634777,11825
concsweep,1,134788662411,549681
concsweep,0,134788651971,576443
collection,-1,134785650084,3579657
sweep,-1,135011386507,231
mark,-1,135011387838,2444314
sweep,-1,135013843138,11540
concsweep,1,135013883524,544119
concsweep,0,135013883522,544541
collection,-1,135011387812,3051130
sweep,-1,135230504919,117
mark,-1,135230505959,1102861
sweep,-1,135231619996,11478
concsweep,1,135231640305,724792
concsweep,0,135231643485,1640237
collection,-1,135230505929,2801226
sweep,-1,135453784590,173
mark,-1,135453785687,3156216
sweep,-1,135457029563,51646
concsweep,1,135457065580,525053
collection,-1,135453785663,3805234
concsweep,0,135457065579,525077
sweep,-1,135679459611,218
mark,-1,135679460945,2457448
sweep,-1,135681929575,3038
concsweep,1,135681969722,535787
concsweep,0,135681969720,563387
collection,-1,135679460921,3173845
sweep,-1,135906638678,109
mark,-1,135906640017,1208369
sweep,-1,135907860100,11143
sweep,-1,135907892198,21901
concsweep,1,135907902318,722009
concsweep,0,135907902314,1544112
collection,-1,135906639991,2880022
sweep,-1,136130618674,203
mark,-1,136130619866,3132759
sweep,-1,136133763664,55503
concsweep,1,136133801594,531257
concsweep,0,136133801602,539750
collection,-1,136130619795,3722258
sweep,-1,136358615598,230
mark,-1,136358616940,2452065
sweep,-1,136361079736,11389
concsweep,1,136361099335,540955
concsweep,0,136361103164,554296
collection,-1,136358616909,3139734
sweep,-1,136580826564,87
mark,-1,136580827732,949683
sweep,-1,136581787358,2578
sweep,-1,136581808877,28672
concsweep,1,136581826099,693119
concsweep,0,136581826089,1662736
collection,-1,136580827683,2738446
sweep,-1,136805951902,271
mark,-1,136805953090,3342319
sweep,-1,136809306174,2880
concsweep,1,136809343627,558813
concsweep,0,136809343633,559030
collection,-1,136805953056,3996768
sweep,-1,137030697981,227
mark,-1,137030699137,2543998
sweep,-1,137033250492,48870
concsweep,1,137033285320,517310
concsweep,0,137033285328,575137
collection,-1,137030699077,3171060
sweep,-1,137251083943,171
mark,-1,137251085491,1114059
sweep,-1,137252211200,3295
sweep,-1,137252228458,15560
concsweep,1,137252219491,754971
concsweep,0,137252219503,1588817
collection,-1,137251085459,2733728
sweep,-1,137480048138,217
mark,-1,137480049253,5435128
sweep,-1,137485496641,2686
concsweep,1,137485534799,550128
collection,-1,137480049227,6036666
concsweep,0,137485534797,550151
sweep,-1,137689523091,257
mark,-1,137689524187,4008961
sweep,-1,137693543983,3322
concsweep,1,137693579443,604347
concsweep,0,137693579449,605461
collection,-1,137689524160,4665512
sweep,-1,137909889076,277
mark,-1,137909890320,2147997
sweep,-1,137912049775,3325
concsweep,1,137912084145,536496
concsweep,0,137912084144,538831
collection,-1,137909890295,2735446
sweep,-1,138131345785,145
mark,-1,138131346938,946834
sweep,-1,138132305927,2967
sweep,-1,138132327839,26491
concsweep,1,138132344935,664638
concsweep,0,138132344933,666012
collection,-1,138131346907,1681217
sweep,-1,138361767751,312
mark,-1,138361768919,3474081
sweep,-1,138365253779,11626
concsweep,1,138365280853,566330
concsweep,0,138365270104,593898
collection,-1,138361768889,4143311
sweep,-1,138585204990,268
mark,-1,138585206250,2326202
sweep,-1,138587544969,3389
sweep,-1,138587580613,24003
concsweep,1,138587582629,534013
concsweep,0,138587582627,551057
collection,-1,138585206225,2932982
sweep,-1,138807002447,85
mark,-1,138807003480,988808
sweep,-1,138808003751,11249
sweep,-1,138808027182,12078
concsweep,0,138808027652,723808
collection,-1,138807003449,1748643
concsweep,1,138808023612,727830
sweep,-1,139032882633,250
mark,-1,139032883745,2993439
sweep,-1,139035886127,3428
concsweep,1,139035920765,529628
concsweep,0,139035919659,623327
collection,-1,139032883705,3659694
sweep,-1,139257999761,256
mark,-1,139258001034,2556346
sweep,-1,139260578755,2852
concsweep,1,139260612227,546903
concsweep,0,139260612232,582671
collection,-1,139258001007,3194062
sweep,-1,139475237996,233
mark,-1,139475239272,1216343
sweep,-1,139476467662,3192
sweep,-1,139476490610,30526
concsweep,1,139476507009,741221
concsweep,0,139476507021,1526044
collection,-1,139475239246,2795135
sweep,-1,139699739362,190
mark,-1,139699740700,3294594
sweep,-1,139703048108,50279
concsweep,1,139703087186,568140
concsweep,0,139703087193,712618
collection,-1,139699740666,4076570
sweep,-1,139927211242,202
mark,-1,139927212287,2535400
sweep,-1,139929767179,2936
concsweep,1,139929797684,588968
concsweep,0,139929797682,596957
collection,-1,139927212254,3182908
sweep,-1,140146013056,168
mark,-1,140146014160,481879
sweep,-1,140146506214,2322
sweep,-1,140146527221,21495
concsweep,1,140146544736,597967
concsweep,0,140146544734,610089
collection,-1,140146014134,1157792
sweep,-1,140375865208,279
mark,-1,140375866454,3236512
sweep,-1,140379114796,11463
concsweep,1,140379140813,531541
concsweep,0,140379132090,576539
collection,-1,140375866433,3955004
sweep,-1,140600536099,245
mark,-1,140600537470,3009304
sweep,-1,140603560087,2977
concsweep,1,140603598747,559054
concsweep,0,140603598744,561640
collection,-1,140600537443,3719811
sweep,-1,140817240530,246
mark,-1,140817242082,792760
sweep,-1,140818044523,2515
sweep,-1,140818066152,29097
concsweep,0,140818084364,650523
concsweep,1,140818084360,650418
collection,-1,140817242055,1499720
sweep,-1,141041985908,202
mark,-1,141041986985,3170667
sweep,-1,141045167913,2984
concsweep,1,141045204477,528576
concsweep,0,141045204481,532090
collection,-1,141041986961,3810377
sweep,-1,141267072418,250
mark,-1,141267073842,4977818
sweep,-1,141272065229,11429
sweep,-1,141272137619,9617
concsweep,1,141272107368,550179
concsweep,0,141272107365,550486
collection,-1,141267073817,5594508
sweep,-1,141477774511,261
mark,-1,141477775629,5354598
sweep,-1,141483143078,11513
concsweep,1,141483185721,552029
concsweep,0,141483185718,578068
collection,-1,141477775604,5988451
sweep,-1,141687500987,235
mark,-1,141687502414,3478137
sweep,-1,141690987512,53712
concsweep,1,141691019222,504092
concsweep,0,141691019115,510146
collection,-1,141687502383,4027637
sweep,-1,141904797126,235
mark,-1,141904798333,2203061
sweep,-1,141907015052,3300
concsweep,1,141907053785,592094
concsweep,0,141907053782,593485
collection,-1,141904798307,2849299
sweep,-1,142127036084,218
mark,-1,142127037132,3290038
sweep,-1,142130339117,2828
concsweep,1,142130377442,567284
concsweep,0,142130377440,575778
collection,-1,142127037104,3958496
sweep,-1,142350390677,257
mark,-1,142350391875,2420646
sweep,-1,142352822972,57177
concsweep,1,142352864970,514761
concsweep,0,142352864981,583013
collection,-1,142350391849,3056600
sweep,-1,142569114516,206
mark,-1,142569115816,984700
sweep,-1,142570110686,2914
sweep,-1,142570132471,27260
concsweep,1,142570150265,683859
concsweep,0,142570150254,685607
collection,-1,142569115790,1720806
sweep,-1,142795179789,255
mark,-1,142795181098,3179754
sweep,-1,142798373683,11709
concsweep,1,142798399707,548414
concsweep,0,142798390132,620527
collection,-1,142795181060,3839378
sweep,-1,143020626271,210
mark,-1,143020627473,2490935
sweep,-1,143023130533,3439
concsweep,1,143023168616,531487
concsweep,0,143023168620,550401
collection,-1,143020627447,3097478
sweep,-1,143239305277,237
mark,-1,143239306477,1000166
sweep,-1,143240316839,3068
sweep,-1,143240332835,14325
concsweep,1,143240323190,741629
concsweep,0,143240323190,1660068
collection,-1,143239306417,2746103
sweep,-1,143464026431,229
mark,-1,143464027704,3446885
sweep,-1,143467487559,3277
concsweep,1,143467526133,583243
concsweep,0,143467526130,614338
collection,-1,143464027680,4132463
sweep,-1,143686604313,235
mark,-1,143686605497,2460227
sweep,-1,143689076762,50640
concsweep,0,143689115030,540304
concsweep,1,143689115013,540330
collection,-1,143686605467,3059117
sweep,-1,143908412406,112
mark,-1,143908413591,743201
sweep,-1,143909166921,11173
sweep,-1,143909197832,21809
concsweep,1,143909207776,638232
concsweep,0,143909207774,650785
collection,-1,143908413556,1445256
sweep,-1,144134963728,217
mark,-1,144134965035,3169128
sweep,-1,144138145988,3066
concsweep,1,144138186986,527582
concsweep,0,144138186991,563152
collection,-1,144134965008,3862523
sweep,-1,144359588770,256
mark,-1,144359590175,2621640
sweep,-1,144362223534,11570
concsweep,1,144362243514,532938
concsweep,0,144362247104,591181
collection,-1,144359590145,3341546
sweep,-1,144576232394,205
mark,-1,144576233548,1187706
sweep,-1,144577431511,11355
sweep,-1,144577448559,84429
concsweep,1,144577450702,682788
concsweep,0,144577456792,1162503
collection,-1,144576233520,2387431
sweep,-1,144802047943,273
mark,-1,144802049301,3530972
sweep,-1,144805591035,10953
concsweep,1,144805632263,569887
concsweep,0,144805632268,640875
collection,-1,144802049271,4291239
sweep,-1,145024257974,254
mark,-1,145024259092,2516782
sweep,-1,145026796780,50674
concsweep,0,145026830184,547882
concsweep,1,145026830188,547901
collection,-1,145024259066,3124938
sweep,-1,145245203311,178
mark,-1,145245204785,608579
sweep,-1,145245823605,2489
sweep,-1,145245838245,10948
concsweep,1,145245831211,629918
concsweep,0,145245831199,646214
collection,-1,145245204752,1275725
sweep,-1,145469964492,274
mark,-1,145469965765,3315815
sweep,-1,145473301081,2979
concsweep,1,145473311313,574434
concsweep,0,145473316133,571055
collection,-1,145469965739,3922835
sweep,-1,145692722910,233
mark,-1,145692724196,2370585
sweep,-1,145695107249,3286
concsweep,1,145695143451,532725
concsweep,0,145695143444,534005
collection,-1,145692724169,2963985
sweep,-1,145922610479,145
mark,-1,145922611738,1066402
sweep,-1,145923690552,3001
sweep,-1,145923707411,3468
concsweep,1,145923699074,707010
collection,-1,145922611700,1797320
concsweep,0,145923699088,709005
sweep,-1,146148082391,181
mark,-1,146148083581,3206480
sweep,-1,146151302344,64088
concsweep,1,146151340520,532487
collection,-1,146148083556,3791040
concsweep,0,146151340538,532630
sweep,-1,146373397050,295
mark,-1,146373398212,2421323
sweep,-1,146375832031,2780
concsweep,1,146375870769,524230
concsweep,0,146375870767,542669
collection,-1,146373398180,3026526
sweep,-1,146592252600,152
mark,-1,146592253713,947092
sweep,-1,146593210537,2821
sweep,-1,146593232757,20694
concsweep,1,146593249576,695911
concsweep,0,146593249573,1681239
collection,-1,146592253680,2754977
sweep,-1,146818235577,268
mark,-1,146818236824,3150593
sweep,-1,146821398139,11421
concsweep,1,146821417518,529076
concsweep,0,146821422571,581699
collection,-1,146818236798,3777546
sweep,-1,147042839967,251
mark,-1,147042841447,2633239
sweep,-1,147045485145,3030
concsweep,1,147045521396,532030
concsweep,0,147045521392,539217
collection,-1,147042841419,3292314
sweep,-1,147259092502,98
mark,-1,147259093664,1339719
sweep,-1,147260444603,11508
sweep,-1,147260462078,85356
concsweep,1,147260465149,758971
concsweep,0,147260470126,1189863
collection,-1,147259093638,2567554
sweep,-1,147483545767,224
mark,-1,147483546845,2999516
sweep,-1,147486558199,3003
concsweep,1,147486597670,533637
concsweep,0,147486597668,559329
collection,-1,147483546817,3656881
sweep,-1,147708649905,224
mark,-1,147708651057,2520562
sweep,-1,147711183771,64463
concsweep,1,147711225096,508994
concsweep,0,147711225110,509308
collection,-1,147708651019,3091455
sweep,-1,147931414668,159
mark,-1,147931415813,1043292
sweep,-1,147932471296,11243
sweep,-1,147932503098,22092
concsweep,1,147932514120,703824
concsweep,0,147932514128,1539179
collection,-1,147931415769,2685774
sweep,-1,148157031182,218
mark,-1,148157032565,3144797
sweep,-1,148160190115,3387
concsweep,1,148160227703,563037
concsweep,0,148160227708,586650
collection,-1,148157032539,3815273
sweep,-1,148385002616,255
mark,-1,148385003822,2633255
sweep,-1,148387649165,11964
concsweep,1,148387669628,537446
concsweep,0,148387673603,534967
collection,-1,148385003792,3214685
sweep,-1,148601784420,177
mark,-1,148601785523,1178479
sweep,-1,148602974410,2752
sweep,-1,148602982628,126753
concsweep,1,148603014739,667665
concsweep,0,148603014736,1181144
collection,-1,148601785494,2411599
sweep,-1,148827751841,249
mark,-1,148827753133,3167267
sweep,-1,148830932386,11254
concsweep,1,148830951224,532466
concsweep,0,148830955639,568345
collection,-1,148827753106,3780740
sweep,-1,149052947624,204
mark,-1,149052948821,2620398
sweep,-1,149055581904,3465
concsweep,1,149055620713,535302
concsweep,0,149055620707,541771
collection,-1,149052948785,3266121
sweep,-1,149271337136,141
mark,-1,149271338218,1199880
sweep,-1,149272550850,11991
sweep,-1,149272576197,14203
concsweep,1,149272577672,686367
concsweep,0,149272568695,1279559
collection,-1,149271338172,2584705
sweep,-1,149496739230,225
mark,-1,149496740510,3147778
sweep,-1,149499900702,3551
concsweep,1,149499939562,534053
concsweep,0,149499939559,534277
collection,-1,149496740483,3734264
sweep,-1,149720820558,185
mark,-1,149720821776,2920163
sweep,-1,149723754774,11293
concsweep,1,149723795524,565232
concsweep,0,149723795523,599692
collection,-1,149720821743,3679667
sweep,-1,149940427151,151
mark,-1,149940428236,1450014
sweep,-1,149941887989,11501
sweep,-1,149941920275,17907
concsweep,1,149941929007,533869
concsweep,0,149941929004,544747
collection,-1,149940428184,2060006
sweep,-1,150167467646,219
mark,-1,150167468732,3538450
sweep,-1,150171019428,3119
concsweep,1,150171056010,590982
concsweep,0,150171056014,663117
collection,-1,150167468695,4263992
sweep,-1,150398523961,219
mark,-1,150398525130,2449100
sweep,-1,150400984795,35437
concsweep,1,150401005348,553404
concsweep,0,150401008882,583535
collection,-1,150398525109,3087937
sweep,-1,150618119762,164
mark,-1,150618120988,779932
sweep,-1,150618911253,2955
sweep,-1,150618933574,31088
concsweep,1,150618949600,649082
concsweep,0,150618949612,657774
collection,-1,150618120937,1487394
sweep,-1,150843074671,230
mark,-1,150843075891,2989438
sweep,-1,150846077719,11242
concsweep,1,150846103520,529059
concsweep,0,150846092987,544142
collection,-1,150843075865,3564577
sweep,-1,151066944551,271
mark,-1,151066945663,2626488
sweep,-1,151069584044,52743
concsweep,1,151069621211,538351
concsweep,0,151069621214,544902
collection,-1,151066945632,3229190
sweep,-1,151284234037,156
mark,-1,151284235107,898826
sweep,-1,151285143203,11119
sweep,-1,151285165299,13875
concsweep,1,151285162137,665320
concsweep,0,151285166669,662812
collection,-1,151284235082,1612350
sweep,-1,151509454003,279
mark,-1,151509455201,3153826
sweep,-1,151512621945,3037
concsweep,1,151512659878,563603
concsweep,0,151512659874,571799
collection,-1,151509455175,3834459
sweep,-1,151733401922,256
mark,-1,151733403207,2666420
sweep,-1,151736082964,11754
concsweep,1,151736109317,528512
concsweep,0,151736099368,561561
collection,-1,151733403180,3263663
sweep,-1,151950120775,267
mark,-1,151950122069,1160205
sweep,-1,151951293049,2959
sweep,-1,151951315494,23681
concsweep,1,151951332340,672585
concsweep,0,151951332346,1235793
collection,-1,151950122036,2519320
sweep,-1,152175560201,228
mark,-1,152175561556,6093642
sweep,-1,152181667256,2793
concsweep,1,152181703524,644934
concsweep,0,152181703525,656285
collection,-1,152175561531,6798692
sweep,-1,152385894444,211
mark,-1,152385895578,2920508
sweep,-1,152388825942,37876
concsweep,1,152388845149,521555
concsweep,0,152388849727,520611
collection,-1,152385895553,3475510
sweep,-1,152611284911,224
mark,-1,152611285986,2373098
sweep,-1,152613669447,50387
concsweep,1,152613706111,513043
concsweep,0,152613706108,572068
collection,-1,152611285956,3066533
sweep,-1,152831321869,228
mark,-1,152831323457,863932
sweep,-1,152832199175,11225
sweep,-1,152832230536,18978
concsweep,1,152832239304,684442
concsweep,0,152832239302,686134
collection,-1,152831323378,1618927
sweep,-1,153057922117,271
mark,-1,153057923376,3154102
sweep,-1,153061164449,11670
concsweep,1,153061182975,529582
concsweep,0,153061187552,551495
collection,-1,153057923350,3857623
sweep,-1,153281647693,266
mark,-1,153281648915,2662318
sweep,-1,153284323431,11777
concsweep,1,153284343325,569074
concsweep,0,153284347146,587686
collection,-1,153281648889,3383539
sweep,-1,153500099941,168
mark,-1,153500101225,1160457
sweep,-1,153501271585,2788
sweep,-1,153501294267,23695
concsweep,1,153501310728,672431
concsweep,0,153501310734,1293567
collection,-1,153500101201,2576922
sweep,-1,153725612450,183
mark,-1,153725613538,3238138
sweep,-1,153728860529,3188
concsweep,1,153728885949,518734
concsweep,0,153728872378,560470
collection,-1,153725613507,3878339
sweep,-1,153950756922,274
mark,-1,153950758063,2631454
sweep,-1,153953400305,2748
concsweep,1,153953438073,529338
concsweep,0,153953438070,543499
collection,-1,153950758036,3288534
sweep,-1,154167652136,279
mark,-1,154167653357,1178084
sweep,-1,154168839156,2662
sweep,-1,154168846629,108495
concsweep,1,154168873634,665639
concsweep,0,154168873640,1167611
collection,-1,154167653324,2389047
sweep,-1,154394102343,234
mark,-1,154394103491,3444619
sweep,-1,154397558481,11564
concsweep,1,154397597081,570903
concsweep,0,154397597078,574154
collection,-1,154394103465,4142182
sweep,-1,154615922843,208
mark,-1,154615924162,2373211
sweep,-1,154618309509,53988
concsweep,1,154618348694,512084
concsweep,0,154618348699,523474
collection,-1,154615924133,2957276
sweep,-1,154835061193,194
mark,-1,154835062586,861017
sweep,-1,154835934799,2484
sweep,-1,154835956259,25705
concsweep,1,154835974524,648444
concsweep,0,154835974530,662886
collection,-1,154835062560,1575013
sweep,-1,155058216164,219
mark,-1,155058217234,3377964
sweep,-1,155061606132,2908
concsweep,1,155061643477,626845
collection,-1,155058217207,4064204
concsweep,0,155061643475,637881
