event_type,gc_thread,start_ns,time_ns
mark,-1,7008125,144058
mark,-1,9977496,81997
mark,-1,12787909,72498
mark,-1,15598426,110777
mark,-1,17778506,136062
mark,-1,23552042,55456
mark,-1,27223459,40137
mark,-1,29776062,38910
mark,-1,32431977,37752
mark,-1,34989537,41572
mark,-1,37382055,29231
sweep,-1,37437487,2263
mark,-1,39664923,27933
sweep,-1,39727309,2376
mark,-1,41842471,39795
mark,-1,44120461,28544
sweep,-1,44174428,2118
mark,-1,46296899,57977
mark,-1,48477809,24486
mark,-1,50738845,63133
mark,-1,52895115,25579
sweep,-1,52947967,2029
mark,-1,55049681,52843
mark,-1,57221160,36384
mark,-1,59413320,40788
mark,-1,61630244,28812
mark,-1,63918212,44656
mark,-1,66088599,75466
mark,-1,68404824,34216
mark,-1,70612462,54007
mark,-1,72728456,32940
sweep,-1,72789225,2231
mark,-1,74967964,70568
mark,-1,77087888,52938
mark,-1,79308663,26239
sweep,-1,79369021,2472
mark,-1,81483040,33175
sweep,-1,81541037,1973
mark,-1,83628518,33201
mark,-1,85865996,55643
mark,-1,88001640,52304
mark,-1,90081402,72266
mark,-1,92271059,36050
mark,-1,94396509,84439
mark,-1,96603169,35556
mark,-1,98790388,35065
sweep,-1,98851223,2221
mark,-1,100923543,35407
mark,-1,103149342,33245
sweep,-1,103209540,2656
mark,-1,105312858,34859
mark,-1,107417769,36130
mark,-1,109608318,21260
mark,-1,111817131,50134
mark,-1,114039997,46321
mark,-1,116206207,60152
mark,-1,118315531,30229
mark,-1,120539436,32022
mark,-1,122697802,50326
mark,-1,124792243,56624
mark,-1,126968284,40473
mark,-1,129080844,65496
mark,-1,131276318,23594
sweep,-1,131334644,2128
mark,-1,133481285,37034
mark,-1,135607220,29947
mark,-1,137838036,33331
mark,-1,139991608,24301
mark,-1,142112606,66030
mark,-1,144287830,33061
sweep,-1,144348348,2456
mark,-1,146423812,62296
mark,-1,148621894,31714
mark,-1,150824460,31445
mark,-1,152949944,119387
mark,-1,159793834,42456
mark,-1,164183293,28309
mark,-1,168634922,32973
mark,-1,173040690,65264
mark,-1,177495495,32520
mark,-1,181901857,52327
mark,-1,186362806,38460
mark,-1,190794780,64590
mark,-1,195232726,42841
mark,-1,199618813,52084
mark,-1,204079195,51086
mark,-1,208492556,51781
mark,-1,212896002,37062
mark,-1,217296244,92690
mark,-1,221783282,46230
mark,-1,226187752,43687
mark,-1,230587784,61529
mark,-1,234965967,49063
mark,-1,239458008,37712
mark,-1,243879215,47428
mark,-1,248259371,33772
mark,-1,252658858,38059
mark,-1,257152321,39861
mark,-1,261595018,31339
sweep,-1,261654111,2149
mark,-1,266020227,38818
mark,-1,270448519,101334
mark,-1,274962196,33279
mark,-1,279435909,28863
mark,-1,283780113,54724
mark,-1,288172839,38794
mark,-1,292609133,54606
mark,-1,297078168,62040
mark,-1,301413530,52587
mark,-1,305807436,28734
sweep,-1,305862873,2249
mark,-1,310262250,44304
mark,-1,314740520,74310
mark,-1,319111645,37666
sweep,-1,319175610,2454
mark,-1,323514666,48702
mark,-1,327951112,56948
mark,-1,332404136,87700
mark,-1,336774033,38296
mark,-1,341190895,71811
mark,-1,345619592,32616
mark,-1,350157744,45751
mark,-1,354543665,30602
mark,-1,358970740,32943
sweep,-1,359029242,2646
mark,-1,363364041,34895
mark,-1,367887123,40682
mark,-1,372261136,37062
mark,-1,376723359,39210
mark,-1,381135705,25100
sweep,-1,381195861,2066
mark,-1,385582718,145309
mark,-1,390118521,60131
mark,-1,394574310,58232
mark,-1,398987590,55972
mark,-1,403373437,38269
mark,-1,407771473,37614
sweep,-1,407833728,2043
mark,-1,412250918,42363
mark,-1,416659651,39881
mark,-1,421049082,44462
mark,-1,425427003,32361
mark,-1,429920662,25477
mark,-1,434353324,31306
sweep,-1,434418049,2603
mark,-1,438726915,51622
mark,-1,443138948,28619
mark,-1,447635927,34196
sweep,-1,447693113,2288
mark,-1,452101305,31604
sweep,-1,452159391,2243
mark,-1,456439686,36330
mark,-1,460847413,33246
sweep,-1,460906467,2091
mark,-1,465306607,42057
mark,-1,469782814,30245
sweep,-1,469844999,2028
mark,-1,474142841,42604
mark,-1,478535899,33711
mark,-1,482993143,36905
mark,-1,487477503,47540
mark,-1,491835561,39190
mark,-1,496232697,48182
mark,-1,500664014,57718
mark,-1,505130074,53481
mark,-1,509495414,147392
mark,-1,514063037,31868
sweep,-1,514123541,2247
mark,-1,518487011,36371
mark,-1,522952874,52828
mark,-1,527333758,32554
mark,-1,531773069,32322
mark,-1,536152265,94581
mark,-1,540612977,50454
mark,-1,544989888,31170
mark,-1,549435785,36755
sweep,-1,549497541,2002
mark,-1,553852439,45823
mark,-1,558270667,134337
mark,-1,562710264,45784
mark,-1,567204821,41894
mark,-1,571617991,47118
mark,-1,576017850,35757
mark,-1,580408077,33261
mark,-1,584881237,41769
mark,-1,589291258,40401
mark,-1,593679807,27271
sweep,-1,593734530,2332
mark,-1,598143835,41576
mark,-1,602626030,28374
sweep,-1,602688683,1973
mark,-1,607054860,28361
sweep,-1,607110255,2275
mark,-1,611405155,43236
mark,-1,615802625,41381
mark,-1,620372000,30983
sweep,-1,620425862,2074
mark,-1,624837945,33664
mark,-1,629221122,37915
mark,-1,633694766,31386
sweep,-1,633757437,2385
mark,-1,638235559,42723
mark,-1,642707972,28951
sweep,-1,642768410,1992
mark,-1,647064563,49141
mark,-1,651449817,40169
mark,-1,655901510,30553
sweep,-1,655965103,2460
mark,-1,660379108,34617
mark,-1,664755170,45350
mark,-1,669149388,51804
mark,-1,673591028,59329
mark,-1,678127318,53689
mark,-1,682491655,33633
mark,-1,686919356,50164
mark,-1,691328728,30476
sweep,-1,691391506,2337
mark,-1,695789117,61113
mark,-1,700175739,45852
mark,-1,704605971,40959
mark,-1,708996143,38257
mark,-1,713448691,40567
mark,-1,717829036,26233
mark,-1,722290514,47238
mark,-1,726701514,32426
mark,-1,731126597,32828
mark,-1,735519090,49443
mark,-1,739989893,48791
mark,-1,744391583,130431
mark,-1,748804881,41053
mark,-1,753200893,28789
sweep,-1,753264759,2115
mark,-1,757687255,31628
sweep,-1,757758290,2208
mark,-1,762189749,72763
mark,-1,766580851,58266
mark,-1,770998308,49253
mark,-1,775503942,33836
mark,-1,779940038,32018
sweep,-1,779998017,2459
mark,-1,784294981,30279
sweep,-1,784348594,2140
mark,-1,788697446,36713
mark,-1,793185419,36506
sweep,-1,793245697,2151
mark,-1,797669254,35423
sweep,-1,797731460,2034
mark,-1,802077045,37946
mark,-1,806478919,31572
sweep,-1,806536247,2238
mark,-1,810928663,41417
mark,-1,815394714,30220
sweep,-1,815456292,2104
mark,-1,819753916,42279
mark,-1,824131719,35143
mark,-1,828575818,36311
mark,-1,833059015,46846
mark,-1,837412481,36649
sweep,-1,837475019,1952
mark,-1,841823507,46982
mark,-1,846305633,75578
mark,-1,850828948,126203
mark,-1,855215337,31405
sweep,-1,855271705,2448
mark,-1,859645941,67087
mark,-1,864073808,32809
mark,-1,868529043,43546
mark,-1,872946344,31353
mark,-1,877384220,33250
sweep,-1,877443414,2113
mark,-1,881791893,37262
mark,-1,886255874,40532
mark,-1,890642558,35653
mark,-1,895100868,27767
sweep,-1,895158782,2409
mark,-1,899520942,44578
mark,-1,903936199,36774
mark,-1,908325091,51099
mark,-1,912785253,125486
mark,-1,917230360,33236
mark,-1,921619952,36489
mark,-1,926083031,27675
sweep,-1,926138124,2332
mark,-1,930565741,86670
mark,-1,934980515,43105
mark,-1,939362090,33070
mark,-1,943749069,57727
mark,-1,948236912,36718
mark,-1,952672603,33067
mark,-1,957034345,29555
sweep,-1,957086702,2474
mark,-1,961433471,38291
mark,-1,965925567,34938
sweep,-1,965984113,2262
mark,-1,970393174,89821
mark,-1,974734617,52905
mark,-1,979124677,104026
mark,-1,983594261,117759
mark,-1,988081087,40581
mark,-1,992411259,35795
mark,-1,996804053,48472
mark,-1,1001410620,45212
mark,-1,1006002457,38276
mark,-1,1010403154,55841
mark,-1,1014833001,37161
mark,-1,1019274411,35158
mark,-1,1023743068,60428
mark,-1,1028092151,38832
mark,-1,1032491379,53443
mark,-1,1036911663,41501
mark,-1,1041375413,41142
mark,-1,1045753684,28962
mark,-1,1050190629,32980
mark,-1,1054589555,38017
mark,-1,1059041694,89979
mark,-1,1063437449,40664
mark,-1,1067878934,38546
mark,-1,1072266834,27121
sweep,-1,1072328838,2429
mark,-1,1076721823,35401
mark,-1,1081099320,35394
mark,-1,1085551513,51322
mark,-1,1090034164,52108
mark,-1,1094430223,43144
mark,-1,1098827142,31400
sweep,-1,1098881039,2374
mark,-1,1103308036,56450
mark,-1,1107705005,71340
mark,-1,1112078057,30874
sweep,-1,1112134323,2152
mark,-1,1116445295,42675
mark,-1,1120921580,45733
mark,-1,1125324194,40965
mark,-1,1129700573,134060
mark,-1,1134149264,60518
mark,-1,1138635090,32293
mark,-1,1143069417,58982
mark,-1,1147410304,35194
mark,-1,1151824257,45571
mark,-1,1156308478,37409
mark,-1,1160775487,32875
mark,-1,1165115981,40028
mark,-1,1169515985,31562
sweep,-1,1169573718,2287
mark,-1,1174057960,62564
mark,-1,1178588281,29200
mark,-1,1182961813,42347
mark,-1,1187344034,33284
mark,-1,1191804355,35759
mark,-1,1196281200,46772
mark,-1,1200632278,37260
mark,-1,1205029241,81154
mark,-1,1209471957,45071
mark,-1,1213940700,46092
mark,-1,1218309499,30952
sweep,-1,1218364012,2294
mark,-1,1222726340,49761
mark,-1,1227143446,42348
mark,-1,1231599753,60353
mark,-1,1235975919,35659
mark,-1,1240415440,35923
mark,-1,1244811350,38761
mark,-1,1249275075,41831
mark,-1,1253663273,30375
mark,-1,1258195612,48297
mark,-1,1262611431,36828
sweep,-1,1262675736,2582
mark,-1,1267050124,32194
sweep,-1,1267107005,2553
mark,-1,1271453084,49589
mark,-1,1275913996,48828
mark,-1,1280325165,55198
mark,-1,1284719249,29520
mark,-1,1289108657,41173
mark,-1,1293572793,45036
mark,-1,1298061857,42807
mark,-1,1302521528,168005
mark,-1,1307005170,51724
mark,-1,1311500371,33767
mark,-1,1315930841,32989
sweep,-1,1315990080,2362
mark,-1,1320282991,29163
sweep,-1,1320335604,2148
mark,-1,1324687324,36423
mark,-1,1329166937,33936
sweep,-1,1329224802,2326
mark,-1,1333636565,67116
mark,-1,1338027994,55476
mark,-1,1342438027,41306
mark,-1,1346907842,37836
sweep,-1,1346971389,2326
mark,-1,1351382751,51050
mark,-1,1355733385,34799
mark,-1,1360207021,32577
sweep,-1,1360263702,2863
mark,-1,1364644906,54369
mark,-1,1369122961,35121
sweep,-1,1369181347,2456
mark,-1,1373476370,44462
mark,-1,1377877331,55360
mark,-1,1382391591,53953
mark,-1,1386858814,46608
mark,-1,1391210429,134796
mark,-1,1395680568,30928
sweep,-1,1395737978,2148
mark,-1,1400105944,31819
mark,-1,1404570877,50692
mark,-1,1408951598,32114
mark,-1,1413387894,33241
mark,-1,1417787427,38398
mark,-1,1422242666,40087
mark,-1,1426619557,37954
mark,-1,1431082511,42901
mark,-1,1435497667,34314
sweep,-1,1435559200,2127
mark,-1,1439929688,35870
sweep,-1,1439989140,2533
mark,-1,1444323433,49372
mark,-1,1448779133,47261
mark,-1,1453192371,117920
mark,-1,1457613391,34540
sweep,-1,1457675449,2219
mark,-1,1462082106,37525
sweep,-1,1462143311,2445
mark,-1,1466556217,38055
mark,-1,1470970083,132647
mark,-1,1475409779,32136
sweep,-1,1475466803,2464
mark,-1,1479793683,34706
mark,-1,1484288307,29649
mark,-1,1488717888,38972
mark,-1,1493087221,33761
mark,-1,1497478572,35498
mark,-1,1501981036,115728
mark,-1,1506475030,52973
mark,-1,1510799112,46364
mark,-1,1515209023,36063
sweep,-1,1515271381,2353
mark,-1,1519672691,55146
mark,-1,1524127926,34230
mark,-1,1528462134,56896
mark,-1,1532848338,38295
mark,-1,1537289580,53641
mark,-1,1541763271,52958
mark,-1,1546099219,63198
mark,-1,1550485298,29603
sweep,-1,1550541216,2189
mark,-1,1554932715,44283
mark,-1,1559419481,79247
mark,-1,1563798961,37429
sweep,-1,1563863070,2113
mark,-1,1568194699,107623
mark,-1,1572636606,38087
mark,-1,1577111239,42647
mark,-1,1581478612,54443
mark,-1,1585984422,39587
sweep,-1,1586052922,2520
mark,-1,1590397252,39292
mark,-1,1594852627,56078
mark,-1,1599220972,99219
mark,-1,1603683868,43974
mark,-1,1608080092,39137
mark,-1,1612539265,42180
mark,-1,1616911150,27351
mark,-1,1621368097,34401
sweep,-1,1621426786,2618
mark,-1,1625776957,84353
mark,-1,1630212383,43783
mark,-1,1634600406,32419
sweep,-1,1634659140,2337
mark,-1,1639062924,137688
mark,-1,1643529024,63901
mark,-1,1647928651,34771
mark,-1,1652330324,40785
mark,-1,1656811597,37874
mark,-1,1661223628,82493
mark,-1,1665627529,72567
mark,-1,1670101659,34657
sweep,-1,1670160578,2506
mark,-1,1674596699,33900
mark,-1,1679012507,46320
mark,-1,1683391095,34490
mark,-1,1687773090,32118
mark,-1,1692264959,40799
mark,-1,1696706260,35246
sweep,-1,1696770161,2399
mark,-1,1701046254,40006
mark,-1,1705466690,94798
mark,-1,1710028216,39832
mark,-1,1714499410,25502
mark,-1,1718848163,124919
mark,-1,1723275698,178610
mark,-1,1727787645,35453
mark,-1,1732263205,26857
sweep,-1,1732325749,2318
mark,-1,1736631851,43289
mark,-1,1741023794,34058
sweep,-1,1741088509,2467
mark,-1,1745555423,36027
mark,-1,1750119825,46659
mark,-1,1754479716,37663
mark,-1,1758892807,48331
mark,-1,1763359330,57942
mark,-1,1767842848,53465
mark,-1,1772200964,88562
mark,-1,1776635539,33545
mark,-1,1781044464,37354
mark,-1,1785507778,53079
mark,-1,1789959509,34170
mark,-1,1794392544,33991
mark,-1,1798787491,37700
mark,-1,1803249519,92946
mark,-1,1807658300,42123
mark,-1,1812110327,40561
mark,-1,1816517884,47027
mark,-1,1820958312,42231
mark,-1,1825349740,126447
mark,-1,1829863964,37119
mark,-1,1834289834,46478
mark,-1,1838693591,47359
mark,-1,1843075018,43924
mark,-1,1847544299,36756
mark,-1,1851955211,132993
mark,-1,1856400621,55854
mark,-1,1860754931,148457
mark,-1,1865292247,42619
mark,-1,1869699939,40911
mark,-1,1874166816,85034
mark,-1,1878556324,55232
mark,-1,1883041979,33393
sweep,-1,1883101601,2233
mark,-1,1887476046,58628
mark,-1,1891809284,108143
mark,-1,1896237266,59912
mark,-1,1900720373,33326
mark,-1,1905183647,41640
mark,-1,1909523377,40532
mark,-1,1914017188,35017
mark,-1,1918486306,39553
mark,-1,1922984340,87389
mark,-1,1927358096,57185
mark,-1,1931748731,125685
mark,-1,1936237405,50342
mark,-1,1940709623,34361
sweep,-1,1940768055,2301
mark,-1,1945059668,43114
mark,-1,1949443487,38472
mark,-1,1953908206,160164
mark,-1,1958442659,38726
mark,-1,1962802743,42726
mark,-1,1967211000,43478
mark,-1,1971646685,36487
sweep,-1,1971707917,2119
mark,-1,1976111101,39894
mark,-1,1980486753,47189
mark,-1,1984913622,58382
mark,-1,1989312935,42547
mark,-1,1993845423,42392
mark,-1,1998222096,28811
mark,-1,2002688338,68711
mark,-1,2007052455,43225
mark,-1,2011496833,75597
mark,-1,2015858382,39297
mark,-1,2020300602,139831
mark,-1,2024763124,59063
mark,-1,2029187188,44189
mark,-1,2033569361,52031
mark,-1,2038098487,51163
mark,-1,2042500113,52761
mark,-1,2046893825,49579
mark,-1,2051276026,47243
mark,-1,2055745782,29159
mark,-1,2060166452,32827
sweep,-1,2060223439,2775
mark,-1,2064554177,31517
mark,-1,2068941290,40553
mark,-1,2073426571,95617
mark,-1,2077864848,46253
mark,-1,2082225292,78543
mark,-1,2086622561,55888
mark,-1,2091109147,63237
mark,-1,2095548840,32906
mark,-1,2099883729,38633
mark,-1,2104296477,31922
mark,-1,2108759466,55445
mark,-1,2113225784,33349
mark,-1,2117558221,55305
mark,-1,2122038406,38670
mark,-1,2126486719,52251
mark,-1,2130960450,52166
mark,-1,2135304788,24573
mark,-1,2139695602,34169
sweep,-1,2139756495,2322
mark,-1,2144145181,32312
mark,-1,2148627225,38668
mark,-1,2152998840,45917
mark,-1,2157412708,40705
mark,-1,2161850729,35417
sweep,-1,2161911125,2108
mark,-1,2166315105,39849
mark,-1,2170686998,29546
mark,-1,2175124232,33503
mark,-1,2179515770,36826
mark,-1,2183974406,38995
mark,-1,2188335142,27523
sweep,-1,2188396400,2272
mark,-1,2192785042,36927
mark,-1,2197225736,49890
mark,-1,2201645957,42600
mark,-1,2206099857,38230
mark,-1,2210552868,53880
mark,-1,2214956684,174080
mark,-1,2219423091,97948
mark,-1,2223832669,50553
mark,-1,2228283584,48081
mark,-1,2232696911,53498
mark,-1,2237087343,28798
mark,-1,2241473884,43492
mark,-1,2245948235,98459
mark,-1,2250353009,37397
mark,-1,2254734496,42867
mark,-1,2259112481,47263
mark,-1,2263604009,35129
mark,-1,2268043530,33758
sweep,-1,2268103607,2361
mark,-1,2272400137,30687
sweep,-1,2272454621,2314
mark,-1,2276801909,38109
mark,-1,2281295807,80986
mark,-1,2285781340,53085
mark,-1,2290119913,47226
mark,-1,2294530758,36696
mark,-1,2299001972,34924
mark,-1,2303482675,82677
mark,-1,2307827226,55426
mark,-1,2312210662,126386
mark,-1,2316702079,47810
mark,-1,2321183415,33314
mark,-1,2325540219,47219
mark,-1,2330015433,36754
mark,-1,2334476652,189222
mark,-1,2339047988,36359
sweep,-1,2339111787,2509
mark,-1,2343417014,43414
mark,-1,2347825018,41398
mark,-1,2352262927,35257
mark,-1,2356724285,40146
mark,-1,2361094664,30987
mark,-1,2365531707,32790
mark,-1,2370011748,38229
mark,-1,2374483834,41153
mark,-1,2378854699,25097
mark,-1,2383314141,269849
mark,-1,2397013206,65446
mark,-1,2406063034,63585
mark,-1,2414997559,44240
sweep,-1,2415068420,3018
mark,-1,2423978028,52197
mark,-1,2432886237,104320
mark,-1,2441898744,138399
mark,-1,2450863122,60593
mark,-1,2459843265,49462
mark,-1,2468795715,46938
mark,-1,2477728432,74030
mark,-1,2486680328,44230
mark,-1,2495632310,142981
mark,-1,2504647941,43487
mark,-1,2513591571,36806
mark,-1,2522641599,43793
mark,-1,2531626382,53707
mark,-1,2540501383,150558
mark,-1,2549532494,47462
mark,-1,2558477423,45310
mark,-1,2567536467,35755
sweep,-1,2567599030,2455
mark,-1,2576393239,64371
mark,-1,2585426212,67039
mark,-1,2594354994,39525
sweep,-1,2594421022,2430
mark,-1,2603391399,62870
mark,-1,2612258646,52664
mark,-1,2621240817,132625
mark,-1,2630187131,48493
mark,-1,2639144064,136681
mark,-1,2648125617,49731
mark,-1,2657070378,40276
mark,-1,2666054594,56556
mark,-1,2674947454,34813
sweep,-1,2675009418,2552
mark,-1,2683958508,35345
sweep,-1,2684016657,3014
mark,-1,2692848801,66746
mark,-1,2701846759,118989
mark,-1,2710822175,48447
mark,-1,2719762586,110923
mark,-1,2728723964,59654
mark,-1,2737657540,46625
mark,-1,2746682243,69396
mark,-1,2755647906,55578
mark,-1,2764608298,205284
mark,-1,2773659826,44291
mark,-1,2782650306,134087
mark,-1,2791681322,31819
sweep,-1,2791744167,2236
mark,-1,2800545436,36181
mark,-1,2809544782,57266
mark,-1,2818490466,38457
mark,-1,2827556044,42522
mark,-1,2836408952,139650
mark,-1,2845480068,46301
mark,-1,2854423810,41330
mark,-1,2863512028,35137
mark,-1,2872429063,62598
mark,-1,2881373359,52932
mark,-1,2890321593,50068
mark,-1,2899267149,43444
mark,-1,2908250185,45096
mark,-1,2917160111,33604
sweep,-1,2917215903,2238
mark,-1,2926124262,42167
mark,-1,2934995340,131284
mark,-1,2944054292,51700
mark,-1,2952986775,125542
mark,-1,2961961494,44924
mark,-1,2970903182,52995
mark,-1,2979854341,36364
mark,-1,2988787265,43064
mark,-1,2997789053,47477
mark,-1,3006744434,35948
mark,-1,3015703598,37300
mark,-1,3024622715,42286
mark,-1,3033611015,44665
mark,-1,3042568753,57950
mark,-1,3051589820,55661
mark,-1,3060450225,37807
mark,-1,3069513195,49568
mark,-1,3078435561,37901
mark,-1,3087477399,133299
mark,-1,3096399828,49090
mark,-1,3105400329,46740
mark,-1,3114394759,33519
mark,-1,3123349980,41339
mark,-1,3132278467,48358
mark,-1,3141201364,52032
mark,-1,3150182760,39315
mark,-1,3159112255,39422
sweep,-1,3159174560,2426
mark,-1,3168104250,33151
sweep,-1,3168165411,2472
mark,-1,3176994046,54997
mark,-1,3185968752,35057
mark,-1,3194902298,40086
mark,-1,3203856192,65196
mark,-1,3212800038,41664
mark,-1,3221783990,164375
mark,-1,3230800366,42009
mark,-1,3239746127,34230
mark,-1,3248694174,43559
mark,-1,3257676101,52305
mark,-1,3266636803,39003
sweep,-1,3266698643,2386
mark,-1,3275635037,62002
mark,-1,3284489107,40878
mark,-1,3293551414,63849
mark,-1,3302474781,42486
mark,-1,3311510370,126756
mark,-1,3320403555,42843
mark,-1,3329431033,49359
mark,-1,3338393595,44946
mark,-1,3347422025,178405
mark,-1,3356381756,47706
mark,-1,3365316680,127994
mark,-1,3374365624,55224
mark,-1,3383298508,41300
mark,-1,3392279693,43665
mark,-1,3401178498,40334
mark,-1,3410158566,32718
sweep,-1,3410219080,2308
mark,-1,3419060004,47947
mark,-1,3428034132,110511
mark,-1,3437008810,47862
mark,-1,3445955201,41004
mark,-1,3454895130,35588
mark,-1,3463835337,123710
mark,-1,3472816092,53178
mark,-1,3481764322,47937
mark,-1,3490703022,156585
mark,-1,3499765957,38409
mark,-1,3508663457,45774
mark,-1,3517661677,36116
sweep,-1,3517721437,2423
mark,-1,3526596825,44555
mark,-1,3535637833,35257
sweep,-1,3535699563,2499
mark,-1,3544474536,63829
mark,-1,3553503866,43426
mark,-1,3562433079,50051
mark,-1,3571457410,36929
sweep,-1,3571522142,2670
mark,-1,3580341565,38592
mark,-1,3589309664,58601
mark,-1,3598232404,37264
sweep,-1,3598297614,2663
mark,-1,3607183898,41263
mark,-1,3616147999,35227
sweep,-1,3616210502,2461
mark,-1,3625177280,36173
sweep,-1,3625239889,2236
mark,-1,3634222241,59072
mark,-1,3643160050,32065
sweep,-1,3643217821,2691
mark,-1,3652149116,34720
mark,-1,3661053287,52579
mark,-1,3670001309,56371
mark,-1,3678936326,46266
mark,-1,3687882130,48482
mark,-1,3696810413,47205
mark,-1,3705759019,41655
mark,-1,3714695590,93832
mark,-1,3723681633,64136
mark,-1,3732670276,54271
mark,-1,3741642443,66446
mark,-1,3750585048,33081
mark,-1,3759599588,40798
mark,-1,3768462328,54073
mark,-1,3777503044,42916
mark,-1,3786437192,131656
mark,-1,3795521743,38321
mark,-1,3804397181,54288
mark,-1,3813416909,62452
mark,-1,3822406178,44713
mark,-1,3831371262,41974
mark,-1,3840291362,46903
mark,-1,3849235933,49779
mark,-1,3858272706,35896
mark,-1,3867183191,37594
mark,-1,3876141937,35692
mark,-1,3885024086,79337
mark,-1,3894032026,99577
mark,-1,3902963977,57205
mark,-1,3911912085,60818
mark,-1,3920863518,98849
mark,-1,3929836506,31084
mark,-1,3938799973,43590
mark,-1,3947746794,35710
sweep,-1,3947809509,2353
mark,-1,3956682509,42719
mark,-1,3965642573,33429
mark,-1,3974663395,42362
mark,-1,3983655136,35723
sweep,-1,3983714226,2946
mark,-1,3992517932,57463
mark,-1,4001529379,62010
mark,-1,4010456045,41648
mark,-1,4019500051,78909
mark,-1,4028347796,39146
mark,-1,4037462352,134716
mark,-1,4046472683,61644
mark,-1,4055522719,36352
mark,-1,4064509732,61833
mark,-1,4073659734,73609
mark,-1,4082657213,143852
mark,-1,4091644367,40500
mark,-1,4100610732,38851
mark,-1,4109508674,69399
mark,-1,4118545530,37015
mark,-1,4127426568,35952
mark,-1,4136440496,41735
mark,-1,4145366215,48504
mark,-1,4154309747,64127
mark,-1,4163255183,58460
mark,-1,4172197454,71542
mark,-1,4181130917,44268
mark,-1,4190080137,51621
mark,-1,4199020598,38048
mark,-1,4207983461,47777
mark,-1,4216891585,154086
mark,-1,4225887548,104015
mark,-1,4234779656,59578
mark,-1,4243797077,43115
mark,-1,4252640807,67335
mark,-1,4261670297,130542
mark,-1,4270613819,47211
mark,-1,4279646036,67386
mark,-1,4288511101,42573
mark,-1,4297543977,60777
mark,-1,4306507190,53173
mark,-1,4315471147,66910
mark,-1,4324374130,40985
mark,-1,4333314079,40590
sweep,-1,4333379781,2516
mark,-1,4342284474,34178
sweep,-1,4342344826,2514
mark,-1,4351224919,37908
sweep,-1,4351288698,2338
mark,-1,4360180267,31831
mark,-1,4369142026,44101
mark,-1,4378142064,39363
sweep,-1,4378206128,2300
mark,-1,4387052541,50850
mark,-1,4395983308,56483
mark,-1,4404913345,81311
mark,-1,4413841160,30862
mark,-1,4422798914,44187
mark,-1,4431763458,34772
sweep,-1,4431825276,2771
mark,-1,4440704773,42496
mark,-1,4449667502,33285
mark,-1,4458684585,44111
mark,-1,4467668968,35760
sweep,-1,4467729015,2586
mark,-1,4476549970,56329
mark,-1,4485569236,62480
mark,-1,4494500057,40801
mark,-1,4503548569,43210
mark,-1,4512402890,140373
mark,-1,4521480824,49008
mark,-1,4530438875,41352
mark,-1,4539463929,35791
mark,-1,4548383720,60892
mark,-1,4557337440,54285
mark,-1,4566272377,37727
mark,-1,4575211941,114394
mark,-1,4584250628,38989
mark,-1,4593179222,36813
mark,-1,4602159662,61101
mark,-1,4611045438,46143
mark,-1,4620030489,54084
mark,-1,4628941544,51409
mark,-1,4637884610,36015
mark,-1,4646832931,46981
mark,-1,4655775324,130688
mark,-1,4664761547,44138
mark,-1,4673707730,53223
mark,-1,4682664033,35220
mark,-1,4691637922,38387
mark,-1,4700564694,119403
mark,-1,4709581153,39943
sweep,-1,4709646072,2615
mark,-1,4718542910,73717
mark,-1,4727554599,29060
sweep,-1,4727617229,2342
mark,-1,4736418069,64588
mark,-1,4745442059,52784
mark,-1,4754357916,38282
mark,-1,4763400422,33311
sweep,-1,4763456269,2267
mark,-1,4772269022,38819
sweep,-1,4772336023,2434
mark,-1,4781265049,42555
mark,-1,4790178889,29439
mark,-1,4799139096,44374
mark,-1,4808062984,48809
mark,-1,4816990443,51807
mark,-1,4825953712,37435
sweep,-1,4826018990,2733
mark,-1,4834848663,36237
sweep,-1,4834908005,2486
mark,-1,4843824592,51199
mark,-1,4852783684,37523
sweep,-1,4852849017,2086
mark,-1,4861782515,33291
sweep,-1,4861845281,2172
mark,-1,4870727101,39115
mark,-1,4879671327,63847
mark,-1,4888617851,43524
mark,-1,4897567580,36687
mark,-1,4906583630,31805
mark,-1,4915552149,56825
mark,-1,4924475431,49698
mark,-1,4933465163,137147
mark,-1,4942456536,39760
sweep,-1,4942518264,2981
mark,-1,4951458882,45398
mark,-1,4960329799,34697
sweep,-1,4960393625,2473
mark,-1,4969378508,59637
mark,-1,4978297044,39208
mark,-1,4987344021,76403
mark,-1,4996203508,87172
mark,-1,5005264321,36615
sweep,-1,5005327857,2423
mark,-1,5014179466,40502
mark,-1,5023154364,60338
mark,-1,5032069592,71558
mark,-1,5040985279,139100
mark,-1,5049972847,57613
mark,-1,5058957308,48668
mark,-1,5067919145,37824
mark,-1,5076806183,48844
mark,-1,5085807332,83428
mark,-1,5094725916,54017
mark,-1,5103693566,42114
mark,-1,5112631867,41887
mark,-1,5121587313,66446
mark,-1,5130590781,44971
mark,-1,5139552397,37502
mark,-1,5148478531,32365
mark,-1,5157440629,63966
mark,-1,5166454760,52855
mark,-1,5175447926,57479
mark,-1,5184333798,138704
mark,-1,5193397679,42194
mark,-1,5202348343,32461
mark,-1,5211422703,65947
mark,-1,5220266739,40538
mark,-1,5229291887,43046
mark,-1,5238151588,43937
mark,-1,5247171172,63150
mark,-1,5256049636,48812
mark,-1,5265022443,65166
mark,-1,5273937196,71817
mark,-1,5282871022,134377
mark,-1,5291853560,39427
mark,-1,5300780425,48221
mark,-1,5309753941,32598
mark,-1,5318644226,47097
mark,-1,5327614753,36504
sweep,-1,5327679288,2373
mark,-1,5336504097,65983
mark,-1,5345469432,46037
mark,-1,5354493431,42774
mark,-1,5363484183,65371
mark,-1,5372434397,123150
mark,-1,5381408306,38822
mark,-1,5390447095,38899
mark,-1,5399387445,34111
mark,-1,5408333356,43873
mark,-1,5417324948,55598
mark,-1,5426189811,40456
sweep,-1,5426254983,2356
mark,-1,5435195296,62917
mark,-1,5444043075,39968
mark,-1,5453083830,60716
mark,-1,5461941562,40653
sweep,-1,5462008856,2848
mark,-1,5470981708,42829
mark,-1,5479828714,48073
mark,-1,5488864057,65534
mark,-1,5497748065,51097
mark,-1,5506729066,35062
mark,-1,5515652171,47607
mark,-1,5524591390,34872
sweep,-1,5524649219,2408
mark,-1,5533560502,52184
mark,-1,5542551500,42274
mark,-1,5551515612,30085
mark,-1,5560405068,39056
mark,-1,5569405076,41408
mark,-1,5578403206,139594
mark,-1,5587394801,80633
mark,-1,5596339719,50240
mark,-1,5605261721,56566
mark,-1,5614198892,109536
mark,-1,5623152666,36929
sweep,-1,5623213697,2641
mark,-1,5632089207,46204
mark,-1,5641038171,200069
mark,-1,5650056305,42376
mark,-1,5659028818,52893
mark,-1,5667904896,37871
sweep,-1,5667965969,2598
mark,-1,5676928357,62355
mark,-1,5685790458,41136
mark,-1,5694846622,41666
mark,-1,5703695648,51043
mark,-1,5712724655,33313
sweep,-1,5712786780,2587
mark,-1,5721573600,40905
mark,-1,5730677408,42208
sweep,-1,5730745895,2822
mark,-1,5739593647,40375
mark,-1,5748647920,40949
mark,-1,5757592746,48765
mark,-1,5766619685,47137
mark,-1,5775625820,39105
sweep,-1,5775692472,2529
mark,-1,5784581320,38268
mark,-1,5793554440,34737
mark,-1,5802520042,47961
mark,-1,5811507890,46093
mark,-1,5820422721,35467
sweep,-1,5820485603,2283
mark,-1,5829376547,58973
mark,-1,5838390782,54660
mark,-1,5847347376,37133
sweep,-1,5847407490,2512
mark,-1,5856311282,44876
mark,-1,5865251630,47427
mark,-1,5874341581,36628
mark,-1,5883313590,38457
mark,-1,5892218629,149418
mark,-1,5901271424,39868
sweep,-1,5901335644,2334
mark,-1,5910152366,77428
mark,-1,5919191449,115080
mark,-1,5928084504,123001
mark,-1,5937169828,41527
mark,-1,5946038439,136087
mark,-1,5955120635,43518
mark,-1,5963988806,66188
mark,-1,5973091886,36693
mark,-1,5982015681,32088
mark,-1,5990984999,43998
mark,-1,5999908099,150858
mark,-1,6008913287,37798
mark,-1,6017897705,52519
mark,-1,6026811631,30873
sweep,-1,6026870866,3019
mark,-1,6035788215,48567
mark,-1,6044666135,39619
sweep,-1,6044728911,2482
mark,-1,6053651049,49362
mark,-1,6062661751,48907
mark,-1,6071618492,33542
mark,-1,6080565968,47388
mark,-1,6089512330,138173
mark,-1,6098571870,44231
mark,-1,6107524682,46248
mark,-1,6116478261,35698
mark,-1,6125471686,37829
mark,-1,6134463800,142127
mark,-1,6143512282,41060
mark,-1,6152395955,73974
mark,-1,6161406928,66166
mark,-1,6170339912,42945
mark,-1,6179376338,44847
mark,-1,6188217358,143666
mark,-1,6197284513,47502
mark,-1,6206179882,43964
mark,-1,6215222629,66168
mark,-1,6224148458,119402
mark,-1,6233129017,54896
mark,-1,6242054648,36527
mark,-1,6250992889,138768
mark,-1,6260021897,35767
sweep,-1,6260084595,2344
mark,-1,6268933051,66241
mark,-1,6277916234,49069
mark,-1,6286818905,106573
mark,-1,6295847301,94990
mark,-1,6304809142,71810
mark,-1,6313849741,59886
mark,-1,6322802259,44421
mark,-1,6331758095,59324
mark,-1,6340722210,138460
mark,-1,6349727358,51685
mark,-1,6358836681,48636
mark,-1,6367801847,40747
mark,-1,6376751385,30837
mark,-1,6385759189,55243
mark,-1,6394647547,53345
mark,-1,6403677938,119987
mark,-1,6412586211,49950
mark,-1,6421651257,33126
mark,-1,6430598233,63174
mark,-1,6439645456,40384
sweep,-1,6439710246,2367
mark,-1,6448519251,40336
mark,-1,6457579455,43746
mark,-1,6466581000,44408
mark,-1,6475560760,40915
mark,-1,6484502730,50232
mark,-1,6493456762,45955
mark,-1,6502529505,38064
mark,-1,6511482650,38819
mark,-1,6520492185,37805
mark,-1,6529399999,43379
mark,-1,6538491795,34647
sweep,-1,6538555717,2407
mark,-1,6547429512,46496
mark,-1,6556385680,36141
mark,-1,6565355730,47363
mark,-1,6574321142,142440
mark,-1,6583326662,46911
mark,-1,6592275557,104014
mark,-1,6601266078,50367
mark,-1,6610252009,51907
mark,-1,6619186889,118114
mark,-1,6628226905,135549
mark,-1,6637162898,50667
mark,-1,6646189473,40221
mark,-1,6655091570,55469
mark,-1,6664165527,43654
mark,-1,6673033077,37386
mark,-1,6682093802,58524
mark,-1,6691048993,40189
mark,-1,6700103037,32992
mark,-1,6709043624,59281
mark,-1,6718005700,69241
mark,-1,6727012750,48466
mark,-1,6735961917,39074
mark,-1,6744954091,49922
mark,-1,6753860790,35433
mark,-1,6762847451,41265
mark,-1,6771745612,161104
mark,-1,6780825431,52226
mark,-1,6789758333,52466
mark,-1,6798710937,35691
sweep,-1,6798781770,2762
mark,-1,6807665788,49156
mark,-1,6816617998,140255
mark,-1,6825625821,45322
mark,-1,6834640112,46108
mark,-1,6843573197,117005
mark,-1,6852584122,55424
mark,-1,6861508664,33897
sweep,-1,6861571365,2513
mark,-1,6870602299,38319
sweep,-1,6870664957,2194
mark,-1,6879485591,75316
mark,-1,6888483096,63537
mark,-1,6897351268,44284
mark,-1,6906420093,43907
mark,-1,6915278495,131821
mark,-1,6924350308,46225
mark,-1,6933280969,42367
mark,-1,6942308419,65607
mark,-1,6951239039,39852
mark,-1,6960214487,46939
mark,-1,6969166021,155655
mark,-1,6978194949,141034
mark,-1,6987235191,34745
mark,-1,6996242213,37783
sweep,-1,6996304553,2674
mark,-1,7005241404,36227
mark,-1,7014147430,43816
mark,-1,7023154059,35049
mark,-1,7032082339,46753
mark,-1,7041043819,63043
mark,-1,7049992365,56972
mark,-1,7058948030,74712
mark,-1,7067903707,44476
mark,-1,7076890082,53636
mark,-1,7085844784,38172
mark,-1,7094819132,45132
mark,-1,7103752005,138072
mark,-1,7112800757,31577
mark,-1,7121696763,40233
mark,-1,7130733544,57809
mark,-1,7139623805,40288
mark,-1,7148703054,84164
mark,-1,7157575230,37155
mark,-1,7166692162,36666
sweep,-1,7166752970,2346
mark,-1,7175587753,56039
mark,-1,7184603462,40705
mark,-1,7193527494,63781
mark,-1,7202567313,51143
mark,-1,7211516421,47541
mark,-1,7220477467,39177
mark,-1,7229451630,45458
mark,-1,7238431693,35452
sweep,-1,7238491495,2993
mark,-1,7247404193,39555
mark,-1,7256304642,147721
mark,-1,7265380452,127007
mark,-1,7274404216,67486
mark,-1,7283353568,35837
mark,-1,7292308996,49864
mark,-1,7301381728,69619
mark,-1,7310412237,149191
mark,-1,7319431414,35519
mark,-1,7328393123,42026
mark,-1,7337377875,33832
mark,-1,7346340500,45272
mark,-1,7355344618,36567
sweep,-1,7355406772,2331
mark,-1,7364230342,56306
mark,-1,7373255705,63508
mark,-1,7382134144,40242
mark,-1,7391193576,43415
mark,-1,7400061305,42876
mark,-1,7409094955,48973
mark,-1,7417992402,61095
mark,-1,7426994413,42858
mark,-1,7435896014,32422
sweep,-1,7435961120,2462
mark,-1,7444859466,46408
mark,-1,7453813836,78727
mark,-1,7462774825,46789
mark,-1,7471781942,36143
mark,-1,7480716686,41985
mark,-1,7489714156,38097
mark,-1,7498613666,68717
mark,-1,7507648507,61485
mark,-1,7516582993,48379
mark,-1,7525539017,113253
mark,-1,7534604229,59368
mark,-1,7543550222,45050
mark,-1,7552493413,37865
mark,-1,7561445935,40799
mark,-1,7570469439,34864
sweep,-1,7570530857,2430
mark,-1,7579465834,64989
mark,-1,7588378962,35552
mark,-1,7597365800,44460
mark,-1,7606257729,45299
mark,-1,7615301628,121946
mark,-1,7624188270,47054
mark,-1,7633232457,40397
mark,-1,7642159731,36416
sweep,-1,7642221450,2388
mark,-1,7651199776,36984
sweep,-1,7651264340,2399
mark,-1,7660095193,38920
mark,-1,7669093027,50780
mark,-1,7678033732,66658
mark,-1,7686962646,47225
mark,-1,7695905896,51301
mark,-1,7704836170,41486
mark,-1,7713841830,42201
mark,-1,7722783848,145891
mark,-1,7731917428,38260
sweep,-1,7731979979,2216
mark,-1,7740803884,40980
mark,-1,7749794779,54006
mark,-1,7758745285,137907
mark,-1,7767729208,51445
mark,-1,7776702236,36071
sweep,-1,7776762141,2418
mark,-1,7785656143,31688
mark,-1,7794696268,40866
mark,-1,7803637264,55424
mark,-1,7812577857,40613
mark,-1,7821583027,59298
mark,-1,7830567523,36519
mark,-1,7839548765,49929
mark,-1,7848418623,81949
mark,-1,7857512097,55881
mark,-1,7866458332,38234
sweep,-1,7866523402,2240
mark,-1,7875509119,41630
mark,-1,7884370504,36407
mark,-1,7893411968,66317
mark,-1,7902401792,53617
mark,-1,7911390627,57537
mark,-1,7920328854,37789
sweep,-1,7920394343,2575
mark,-1,7929279436,123859
mark,-1,7938240665,55093
mark,-1,7947163810,42755
mark,-1,7956138947,48113
mark,-1,7965040821,42412
mark,-1,7974023852,33443
sweep,-1,7974081261,2391
mark,-1,7982900545,47265
mark,-1,7991862910,38207
sweep,-1,7991925670,2531
mark,-1,8000798795,38520
mark,-1,8009725936,70548
mark,-1,8018675884,139957
mark,-1,8027687343,38867
sweep,-1,8027758615,2503
mark,-1,8036647848,38953
mark,-1,8045633011,33364
mark,-1,8054661136,61335
mark,-1,8063769153,54382
mark,-1,8072845854,38835
sweep,-1,8072907963,2262
mark,-1,8081919592,59372
mark,-1,8090782397,42085
mark,-1,8099832717,61984
mark,-1,8108662643,40173
mark,-1,8117752895,42853
mark,-1,8126603613,44845
mark,-1,8135631541,136782
mark,-1,8144535204,39056
mark,-1,8153507092,49232
mark,-1,8162497736,32962
sweep,-1,8162563088,2407
mark,-1,8171465925,39597
sweep,-1,8171530145,2242
mark,-1,8180426456,36241
mark,-1,8189352209,36246
sweep,-1,8189415091,2362
mark,-1,8198331453,43192
mark,-1,8207230461,36036
sweep,-1,8207290145,2375
mark,-1,8216219583,34171
sweep,-1,8216277309,2205
mark,-1,8225137917,49616
mark,-1,8234106294,56733
mark,-1,8243041393,126677
mark,-1,8252019081,30662
mark,-1,8260974931,45010
mark,-1,8269921401,52374
mark,-1,8278941484,43143
mark,-1,8287916450,33416
mark,-1,8296847181,41356
mark,-1,8305841771,53346
mark,-1,8314708984,59233
mark,-1,8323745594,59408
mark,-1,8332605193,40082
mark,-1,8341660989,42633
mark,-1,8350572937,136933
mark,-1,8359645178,45441
mark,-1,8368587923,42712
mark,-1,8377605586,67013
mark,-1,8386595068,41345
mark,-1,8395554929,46317
mark,-1,8404476314,55467
mark,-1,8413423734,41500
mark,-1,8422466761,42620
mark,-1,8431367223,31503
sweep,-1,8431424185,2190
mark,-1,8440345643,40876
mark,-1,8449228980,143111
mark,-1,8458287548,52625
mark,-1,8467205828,52754
mark,-1,8476145497,33980
mark,-1,8485084510,48517
mark,-1,8494044525,134985
mark,-1,8503038016,41306
mark,-1,8511973916,44310
mark,-1,8520926955,109813
mark,-1,8529920484,52473
mark,-1,8538835570,37546
mark,-1,8547846958,96267
mark,-1,8556737980,35850
mark,-1,8565758149,55873
mark,-1,8574625651,38224
mark,-1,8583704030,44068
mark,-1,8592549631,139486
mark,-1,8601625434,47172
mark,-1,8610589053,42950
mark,-1,8619620939,36338
mark,-1,8628520858,129760
mark,-1,8637472308,60607
mark,-1,8646469264,40891
sweep,-1,8646535659,2670
mark,-1,8655418063,41537
mark,-1,8664383895,49801
mark,-1,8673285958,44301
mark,-1,8682249519,39961
mark,-1,8691136270,38855
mark,-1,8700140238,42266
mark,-1,8709053515,49153
mark,-1,8718018299,36791
sweep,-1,8718080199,2657
mark,-1,8727037574,134319
mark,-1,8736010985,134645
mark,-1,8744984625,46049
mark,-1,8753922497,51464
mark,-1,8762861173,39644
mark,-1,8771819784,96269
mark,-1,8780752667,32307
sweep,-1,8780818156,2269
mark,-1,8789752256,48986
mark,-1,8798637821,40642
mark,-1,8807656153,59917
mark,-1,8816533060,40515
mark,-1,8825567477,43337
mark,-1,8834504788,140216
mark,-1,8843586574,47745
mark,-1,8852534517,42572
mark,-1,8861564377,67108
mark,-1,8870552640,42084
mark,-1,8879499906,48542
mark,-1,8888442415,48920
mark,-1,8897388759,37325
mark,-1,8906451204,52439
mark,-1,8915358555,76142
mark,-1,8924344536,50078
mark,-1,8933247271,101072
mark,-1,8942289258,46198
mark,-1,8951212867,33480
mark,-1,8960183993,59384
mark,-1,8969121278,53955
mark,-1,8978086857,73627
mark,-1,8987005330,143551
mark,-1,8995995675,33002
sweep,-1,8996060396,3085
mark,-1,9004950917,29639
mark,-1,9013952963,43603
mark,-1,9022880414,82378
mark,-1,9031853016,31705
sweep,-1,9031914630,2534
mark,-1,9040739906,38768
sweep,-1,9040803400,2328
mark,-1,9049773346,179395
mark,-1,9058701147,54425
mark,-1,9067742150,40462
mark,-1,9076597898,44181
mark,-1,9085629603,37769
sweep,-1,9085690986,2474
mark,-1,9094595149,37583
mark,-1,9103611537,31466
mark,-1,9112549799,61701
mark,-1,9121505293,52965
mark,-1,9130522631,64048
mark,-1,9139497127,38228
mark,-1,9148476378,46807
mark,-1,9157366487,82672
mark,-1,9166437602,52199
mark,-1,9175304811,100173
mark,-1,9184335660,48185
mark,-1,9193249173,33014
sweep,-1,9193314481,2386
mark,-1,9202216842,66823
mark,-1,9211165442,52025
mark,-1,9220114822,38011
sweep,-1,9220176004,2479
mark,-1,9229075832,44254
mark,-1,9238043483,47348
mark,-1,9246992320,35982
mark,-1,9255978463,39196
mark,-1,9264899765,48755
mark,-1,9273909068,42782
mark,-1,9282773933,56829
mark,-1,9291804130,56903
mark,-1,9300672889,39121
mark,-1,9309726974,54509
mark,-1,9318591304,43763
mark,-1,9327622061,45178
mark,-1,9336512527,57291
mark,-1,9345499629,51576
mark,-1,9354498067,33963
mark,-1,9363438701,43647
mark,-1,9372382005,47958
mark,-1,9381316138,55400
mark,-1,9390291883,39645
mark,-1,9399191308,144630
mark,-1,9408249197,34855
sweep,-1,9408306896,2260
mark,-1,9417128373,67295
mark,-1,9426119514,40272
mark,-1,9435050466,40205
mark,-1,9443998949,36314
mark,-1,9452964797,47263
mark,-1,9461929763,34990
mark,-1,9470876820,44594
mark,-1,9479822811,36553
mark,-1,9488760249,124928
mark,-1,9497788304,65458
mark,-1,9506670213,43180
mark,-1,9515658787,52235
mark,-1,9524516961,46898
mark,-1,9533552210,118247
mark,-1,9542513294,45725
mark,-1,9551558022,34416
sweep,-1,9551621095,2265
mark,-1,9560407132,136228
mark,-1,9569458958,51952
mark,-1,9578429704,45900
mark,-1,9587409320,54380
mark,-1,9596340551,38814
mark,-1,9605273000,46248
mark,-1,9614214274,38811
sweep,-1,9614281841,2703
mark,-1,9623140345,55323
mark,-1,9632103352,37512
mark,-1,9640999991,108724
mark,-1,9650021200,43144
mark,-1,9658913387,49713
mark,-1,9667896648,39674
mark,-1,9676836743,42738
mark,-1,9685784971,116015
mark,-1,9694728788,93105
mark,-1,9703681034,42034
mark,-1,9712629455,45101
mark,-1,9721553079,45521
mark,-1,9730563698,43278
mark,-1,9739556437,57514
mark,-1,9748515044,137408
mark,-1,9757565924,45707
mark,-1,9766525409,60031
mark,-1,9775554603,46911
mark,-1,9784409440,32821
sweep,-1,9784473603,2496
mark,-1,9793445321,41062
mark,-1,9802367296,36182
mark,-1,9811398249,63701
mark,-1,9820278826,95788
mark,-1,9829242718,38695
sweep,-1,9829305683,2418
mark,-1,9838162320,60683
mark,-1,9847082307,50247
mark,-1,9856012668,52839
mark,-1,9864934397,41782
mark,-1,9873992478,44850
mark,-1,9882882035,39852
mark,-1,9891863806,32902
sweep,-1,9891924120,2500
mark,-1,9900759413,46848
mark,-1,9909731116,41804
sweep,-1,9909797285,2340
mark,-1,9918683618,40208
mark,-1,9927631648,65101
mark,-1,9936568729,41777
mark,-1,9945514416,37973
mark,-1,9954539140,32750
mark,-1,9963493915,59677
mark,-1,9972418227,50430
mark,-1,9981395225,56544
mark,-1,9990351365,149076
mark,-1,9999413595,44617
mark,-1,10008292331,65440
mark,-1,10017335908,42643
mark,-1,10026200399,63143
mark,-1,10035227754,40469
mark,-1,10044056629,48977
mark,-1,10053087643,111480
mark,-1,10062002840,57174
mark,-1,10070945884,59626
mark,-1,10079862164,38365
mark,-1,10088797754,50284
mark,-1,10097750837,39229
sweep,-1,10097818191,2279
mark,-1,10106675474,41373
mark,-1,10115647595,45993
mark,-1,10124536002,37398
mark,-1,10133518393,44334
mark,-1,10142493393,35597
sweep,-1,10142559620,2551
mark,-1,10151473884,42888
mark,-1,10160418128,42434
mark,-1,10169372064,59723
mark,-1,10178316145,139035
mark,-1,10187310600,36328
mark,-1,10196247948,47004
mark,-1,10205190046,65868
mark,-1,10214116474,57277
mark,-1,10223119911,56485
mark,-1,10231994266,41528
mark,-1,10240993572,61441
mark,-1,10249859441,39426
mark,-1,10258919094,65856
mark,-1,10267770425,41678
mark,-1,10276809324,43088
mark,-1,10285662165,73759
mark,-1,10294807597,54654
mark,-1,10303694672,47447
mark,-1,10312665478,61144
mark,-1,10321582070,72059
mark,-1,10330581806,140701
mark,-1,10339572928,40078
mark,-1,10348511131,46782
mark,-1,10357550725,37445
sweep,-1,10357614620,2288
mark,-1,10366533069,43903
mark,-1,10375503606,32252
sweep,-1,10375563536,2437
mark,-1,10384400453,40457
mark,-1,10393366191,61827
mark,-1,10402296768,335189
mark,-1,10411404173,57674
mark,-1,10420352020,38441
mark,-1,10429292037,38933
mark,-1,10438239522,49887
mark,-1,10447174925,45913
mark,-1,10456104795,118084
mark,-1,10465124430,37050
mark,-1,10474022299,43844
mark,-1,10483286926,37439
sweep,-1,10483349014,2472
mark,-1,10492161901,43320
mark,-1,10501198632,36253
sweep,-1,10501262478,2476
mark,-1,10510051511,138018
mark,-1,10519115822,38862
mark,-1,10527957879,34903
sweep,-1,10528019966,2454
mark,-1,10536979755,61599
mark,-1,10545854249,54655
mark,-1,10554831546,55073
mark,-1,10563761884,37308
mark,-1,10572710740,48935
mark,-1,10581659293,36727
sweep,-1,10581724219,2509
mark,-1,10590653663,40369
mark,-1,10599621831,43132
mark,-1,10608504673,38315
mark,-1,10617495948,45406
mark,-1,10626471589,33701
sweep,-1,10626535524,2311
mark,-1,10635462842,43600
mark,-1,10644398100,41251
mark,-1,10653349390,57772
mark,-1,10662289552,110231
mark,-1,10671261640,37194
mark,-1,10680212804,47272
mark,-1,10689163128,40584
mark,-1,10698091827,139853
mark,-1,10707096672,42676
mark,-1,10715970415,156166
mark,-1,10725047017,43644
mark,-1,10733927330,65413
mark,-1,10742970880,43619
sweep,-1,10743041858,2325
mark,-1,10751826956,64585
mark,-1,10760846532,43143
mark,-1,10769736134,52504
mark,-1,10778781690,38692
mark,-1,10787654453,39059
mark,-1,10796634013,62624
mark,-1,10805549692,36943
sweep,-1,10805614052,2160
mark,-1,10814602135,142735
mark,-1,10823607333,50394
mark,-1,10832544632,117541
mark,-1,10841571363,40743
mark,-1,10850556248,38862
mark,-1,10859567574,45598
mark,-1,10868556035,33987
sweep,-1,10868620848,2459
mark,-1,10877544193,44599
mark,-1,10886580137,41395
mark,-1,10895546184,59161
mark,-1,10904491950,109109
mark,-1,10913474893,37040
mark,-1,10922511200,47429
mark,-1,10931472419,67454
mark,-1,10940417113,57051
mark,-1,10949422228,57456
mark,-1,10958393330,41069
mark,-1,10967390392,66064
mark,-1,10976269609,39496
mark,-1,10985340322,66784
mark,-1,10994223951,40707
mark,-1,11003273459,42515
mark,-1,11012134794,78263
mark,-1,11021190847,54507
mark,-1,11030113320,46865
mark,-1,11039113179,60607
mark,-1,11048051261,71173
mark,-1,11057006965,40700
sweep,-1,11057073111,2433
mark,-1,11065976058,50005
mark,-1,11074909805,32344
sweep,-1,11074968756,2588
mark,-1,11083903784,41291
mark,-1,11092823609,102851
mark,-1,11101909025,155636
mark,-1,11110918322,52379
mark,-1,11119861621,40705
mark,-1,11128781789,43253
mark,-1,11137711473,70885
mark,-1,11146650883,43070
mark,-1,11155593194,170295
mark,-1,11164628394,42478
mark,-1,11173566063,68423
mark,-1,11182578864,47399
mark,-1,11191579020,239008
mark,-1,11200604023,33563
sweep,-1,11200659373,2415
mark,-1,11209612941,32598
sweep,-1,11209674340,2476
mark,-1,11218542060,41801
mark,-1,11227582058,35009
mark,-1,11236411745,69496
mark,-1,11245441102,42212
mark,-1,11254398259,49289
mark,-1,11263446847,39571
mark,-1,11272357057,42051
mark,-1,11281344689,61766
mark,-1,11290294307,74468
mark,-1,11299240672,40142
mark,-1,11308214887,50373
mark,-1,11317152690,34917
sweep,-1,11317214191,2568
mark,-1,11326211939,41179
mark,-1,11335130281,99462
mark,-1,11344236251,43646
mark,-1,11353145580,66112
mark,-1,11362128688,49921
mark,-1,11371071338,44450
mark,-1,11380022273,41558
mark,-1,11388985690,155907
mark,-1,11398009887,55097
mark,-1,11407018116,227710
mark,-1,11416118965,55539
mark,-1,11425066612,135802
mark,-1,11434122449,38637
mark,-1,11443050787,44049
mark,-1,11452052362,159494
mark,-1,11460993903,53699
mark,-1,11470044252,46632
mark,-1,11478921137,34993
sweep,-1,11478982747,2534
mark,-1,11487965461,40798
mark,-1,11496815533,34877
sweep,-1,11496877489,2433
mark,-1,11505836956,63812
mark,-1,11514725294,53202
mark,-1,11523702241,57448
mark,-1,11532648723,39262
sweep,-1,11532715050,2514
mark,-1,11541613708,211455
mark,-1,11550739604,53891
mark,-1,11559688118,55587
mark,-1,11568657817,96632
mark,-1,11577584853,38482
mark,-1,11586650127,42501
mark,-1,11595545166,40788
mark,-1,11604541259,51628
mark,-1,11613534301,46249
mark,-1,11622561915,38360
sweep,-1,11622627904,2614
mark,-1,11631522372,46269
mark,-1,11640478863,36157
mark,-1,11649443342,47720
mark,-1,11658486980,37583
mark,-1,11667433954,43778
mark,-1,11676425590,52836
mark,-1,11685316939,40168
sweep,-1,11685381081,2596
mark,-1,11694326700,60342
mark,-1,11703186913,40413
mark,-1,11712236034,63780
mark,-1,11721089041,41447
mark,-1,11730212355,77667
mark,-1,11739067434,28298
mark,-1,11748107746,56250
mark,-1,11757003828,49575
mark,-1,11765996310,33896
sweep,-1,11766063060,2748
mark,-1,11774942203,51360
mark,-1,11783884890,34716
sweep,-1,11783942192,2506
mark,-1,11792847307,50721
mark,-1,11801771607,41105
mark,-1,11810733690,32381
sweep,-1,11810803971,2389
mark,-1,11819627522,44157
mark,-1,11828617932,40270
sweep,-1,11828682646,2383
mark,-1,11837532904,51586
mark,-1,11846566755,56665
mark,-1,11855576930,60890
mark,-1,11864620382,68070
mark,-1,11873655624,65485
mark,-1,11882683014,55842
mark,-1,11891720036,49220
mark,-1,11900794025,59361
mark,-1,11909823105,133765
mark,-1,11918987231,89936
mark,-1,11927974035,74327
mark,-1,11937091531,52569
mark,-1,11946064863,192619
mark,-1,11955269950,57522
mark,-1,11964203974,122638
mark,-1,11973311060,54134
mark,-1,11982259381,54877
mark,-1,11991451124,73864
mark,-1,12000438930,61043
mark,-1,12009496957,56820
mark,-1,12018543594,64251
mark,-1,12027742734,156769
mark,-1,12036984954,70108
mark,-1,12046088404,43720
mark,-1,12055221732,35591
mark,-1,12064196419,40305
mark,-1,12073384032,42629
mark,-1,12082384989,51534
mark,-1,12091334400,55844
mark,-1,12100267687,78818
mark,-1,12109223785,30678
mark,-1,12118186289,122262
mark,-1,12127172486,47494
mark,-1,12136116348,32994
mark,-1,12145091999,52829
mark,-1,12154029158,49773
mark,-1,12163012237,32997
sweep,-1,12163078036,2737
mark,-1,12171911789,53983
mark,-1,12180932646,32998
sweep,-1,12180994440,2096
mark,-1,12189807027,83746
mark,-1,12198923825,48558
mark,-1,12207791525,30885
sweep,-1,12207854350,2238
mark,-1,12216841128,46195
mark,-1,12225715060,45907
mark,-1,12234745710,65465
mark,-1,12243663391,39803
mark,-1,12252639696,47785
mark,-1,12261577661,46707
mark,-1,12270593917,42304
mark,-1,12279578810,44522
mark,-1,12288492756,36015
mark,-1,12297475460,41907
mark,-1,12306443435,132684
mark,-1,12315500343,52610
mark,-1,12324420710,51877
mark,-1,12333348234,34996
mark,-1,12342383673,48358
mark,-1,12351341694,138524
mark,-1,12360319139,47334
mark,-1,12370360461,58307
mark,-1,12381989904,45690
mark,-1,12393689757,47936
mark,-1,12405354708,52673
mark,-1,12417041070,55253
mark,-1,12428564476,71809
mark,-1,12440288720,68116
mark,-1,12451824478,48887
mark,-1,12463615911,156781
mark,-1,12475142106,56223
mark,-1,12486881192,48533
mark,-1,12498429401,50477
mark,-1,12510143487,55170
mark,-1,12521722884,40927
mark,-1,12533370879,46655
mark,-1,12544980676,61390
mark,-1,12556603135,53464
mark,-1,12568280280,54158
mark,-1,12579854032,49080
mark,-1,12591524311,38220
mark,-1,12603082808,64202
mark,-1,12614764318,42722
mark,-1,12626395321,86174
mark,-1,12637977458,54555
mark,-1,12649573854,42691
mark,-1,12661281963,50181
mark,-1,12672879560,56183
mark,-1,12684522399,45606
mark,-1,12696136242,52694
mark,-1,12707812528,64587
mark,-1,12719343258,49066
mark,-1,12731055878,77218
mark,-1,12742570440,47406
mark,-1,12754341924,74599
mark,-1,12765842392,48108
mark,-1,12777608260,45251
mark,-1,12789183952,58993
mark,-1,12800934546,49153
mark,-1,12812559664,79765
mark,-1,12824219960,48827
mark,-1,12835837987,60813
mark,-1,12847549001,45526
mark,-1,12859197907,65405
mark,-1,12870814073,179959
mark,-1,12882516670,53451
mark,-1,12894073479,43311
mark,-1,12905758108,47044
mark,-1,12917337923,81493
mark,-1,12928987740,71402
mark,-1,12940580112,56711
mark,-1,12952196486,73581
mark,-1,12963801548,44491
mark,-1,12975456621,53122
mark,-1,12987098218,43704
mark,-1,12998790896,65900
mark,-1,13010387435,58006
mark,-1,13022082437,37937
mark,-1,13033612560,64148
mark,-1,13045406047,42389
mark,-1,13057031511,77728
mark,-1,13068817874,57232
mark,-1,13080311012,45875
mark,-1,13092055308,49631
mark,-1,13103564350,47056
mark,-1,13115271625,39999
mark,-1,13126891467,77100
mark,-1,13138534726,66679
mark,-1,13150141385,58444
mark,-1,13161792001,47474
mark,-1,13173457194,57566
mark,-1,13185126275,44753
mark,-1,13196790966,50485
mark,-1,13208332986,54601
mark,-1,13220058099,45742
mark,-1,13231679116,48214
mark,-1,13243305082,49680
mark,-1,13254921145,38424
mark,-1,13266579427,46770
mark,-1,13278200064,67873
mark,-1,13289833686,124102
mark,-1,13301462605,59741
mark,-1,13313218236,42149
mark,-1,13324781245,51262
mark,-1,13336469756,40889
mark,-1,13348013959,52349
mark,-1,13359871063,45124
mark,-1,13371404715,85315
mark,-1,13383162143,49210
mark,-1,13394683462,120000
mark,-1,13406458887,74949
mark,-1,13418003394,62134
mark,-1,13429690885,73096
mark,-1,13441289139,45673
mark,-1,13452920416,104038
mark,-1,13464543493,73238
mark,-1,13476164140,38824
mark,-1,13487825424,50373
mark,-1,13499400073,160675
mark,-1,13511128352,56861
mark,-1,13522672372,42964
mark,-1,13534349429,40417
mark,-1,13545972590,46127
mark,-1,13557604371,78939
mark,-1,13569285274,150045
mark,-1,13580981014,47133
mark,-1,13592617698,44785
mark,-1,13604259630,49178
mark,-1,13615856690,38595
mark,-1,13627557119,60128
mark,-1,13639085881,46199
mark,-1,13650782791,75419
mark,-1,13662686761,150903
mark,-1,13674486840,53790
mark,-1,13686000243,81396
mark,-1,13697764701,50854
mark,-1,13709256806,59860
mark,-1,13720995322,46104
mark,-1,13732570957,49862
mark,-1,13744322877,74849
mark,-1,13755918376,137020
mark,-1,13767591189,199554
mark,-1,13779212734,59389
mark,-1,13790842415,65363
mark,-1,13802502095,46707
mark,-1,13814099696,47479
mark,-1,13825774427,39930
mark,-1,13837342806,61070
mark,-1,13849028000,49112
mark,-1,13860646233,49446
mark,-1,13872344310,77178
mark,-1,13883931461,49794
mark,-1,13895591063,42808
mark,-1,13907218457,80090
mark,-1,13918910728,65730
mark,-1,13930514531,58863
mark,-1,13942199627,68316
mark,-1,13953714817,169251
mark,-1,13965461287,52776
mark,-1,13977061159,39227
mark,-1,13988861883,78143
mark,-1,14000354118,46594
mark,-1,14012118386,51040
mark,-1,14023615166,105691
mark,-1,14035370023,61510
mark,-1,14046913871,56456
mark,-1,14058570675,74243
mark,-1,14070173766,139164
mark,-1,14081865212,49907
mark,-1,14093495612,64002
mark,-1,14105166318,106445
mark,-1,14116835904,56248
mark,-1,14128418894,45448
mark,-1,14140105819,55568
mark,-1,14151681086,97970
mark,-1,14163389413,193882
mark,-1,14175049583,67106
mark,-1,14186657246,52365
mark,-1,14198279762,140520
mark,-1,14209934798,46899
mark,-1,14221551253,61065
mark,-1,14233266837,56400
mark,-1,14244877627,148397
mark,-1,14256605673,46599
mark,-1,14268191066,59019
mark,-1,14279885367,62971
mark,-1,14291383087,72977
mark,-1,14303117156,57524
mark,-1,14314622811,38766
mark,-1,14326413013,49354
mark,-1,14337907574,41334
mark,-1,14349640921,76664
mark,-1,14361294542,113960
mark,-1,14372952502,45807
mark,-1,14384540542,72542
mark,-1,14396165100,55320
mark,-1,14407763681,63751
mark,-1,14419395124,50449
mark,-1,14431031904,51891
mark,-1,14442609918,163317
mark,-1,14454350712,118622
mark,-1,14465948908,62664
mark,-1,14477615661,73519
mark,-1,14489292245,55314
mark,-1,14500921703,47016
mark,-1,14512539737,59290
mark,-1,14524179089,60748
mark,-1,14535778006,37400
mark,-1,14547427678,49300
mark,-1,14559039867,41538
mark,-1,14570750237,72022
mark,-1,14582299115,44725
mark,-1,14593988687,58082
mark,-1,14605499068,54593
mark,-1,14617326763,86285
mark,-1,14628812849,54527
mark,-1,14640562227,41451
mark,-1,14652067692,166097
mark,-1,14663876187,61311
mark,-1,14675443920,63013
mark,-1,14687125973,64677
mark,-1,14698706258,137029
mark,-1,14710379072,57408
mark,-1,14721977432,62873
mark,-1,14733587988,50159
mark,-1,14745326615,130758
mark,-1,14757018756,48571
mark,-1,14768692494,77887
mark,-1,14780222304,60647
mark,-1,14791894007,74250
mark,-1,14803464617,54701
mark,-1,14815084412,50018
mark,-1,14826702772,60316
mark,-1,14838338495,41713
mark,-1,14849946043,92396
mark,-1,14861558503,39990
mark,-1,14873244978,51694
mark,-1,14884948299,55624
mark,-1,14896491172,55157
mark,-1,14908187363,178260
mark,-1,14919782279,66421
mark,-1,14931529349,56585
mark,-1,14943037261,80244
mark,-1,14954778247,45636
mark,-1,14966286291,166518
mark,-1,14978082646,45457
mark,-1,14989622927,41132
mark,-1,15001398685,60896
mark,-1,15013057790,38482
mark,-1,15024712454,58003
mark,-1,15036326945,45107
mark,-1,15047946047,51366
mark,-1,15059576431,51817
mark,-1,15071139538,46925
mark,-1,15082821057,54829
mark,-1,15094398908,41886
mark,-1,15106072147,52450
mark,-1,15117674649,45425
mark,-1,15129366257,69448
mark,-1,15140956677,40145
mark,-1,15152582615,52357
mark,-1,15164200344,42234
mark,-1,15175872792,135554
mark,-1,15187468252,40873
mark,-1,15199157052,72012
mark,-1,15210661842,65756
mark,-1,15222368739,56725
mark,-1,15233903200,145211
mark,-1,15245706901,53071
mark,-1,15257202304,49425
mark,-1,15268952968,47473
mark,-1,15280485978,55978
mark,-1,15292230486,69626
mark,-1,15303783321,53726
mark,-1,15315432762,53022
mark,-1,15327037379,61768
mark,-1,15338664447,55863
mark,-1,15350385786,46575
mark,-1,15361996021,48156
mark,-1,15373649041,43062
mark,-1,15385269309,51898
mark,-1,15396972629,40947
mark,-1,15408589293,58637
mark,-1,15420226005,73477
mark,-1,15431835440,71741
mark,-1,15443462529,131168
mark,-1,15455084608,51437
mark,-1,15466725793,64283
mark,-1,15478328661,47113
mark,-1,15490009133,54823
mark,-1,15501581619,137636
mark,-1,15513347474,145560
mark,-1,15524987621,43078
mark,-1,15536717610,79390
mark,-1,15548222761,52906
mark,-1,15560002450,46965
mark,-1,15571513064,135981
mark,-1,15583294055,44955
mark,-1,15594819072,63408
mark,-1,15606552024,73850
mark,-1,15618111323,55224
mark,-1,15629749728,50929
mark,-1,15641341208,58229
mark,-1,15653046309,179751
mark,-1,15664743530,65597
mark,-1,15676340278,50652
mark,-1,15687983555,42533
mark,-1,15699533119,52465
mark,-1,15711213354,44674
mark,-1,15722803314,60711
mark,-1,15734539228,70364
mark,-1,15746162973,214571
mark,-1,15757811849,58221
mark,-1,15769403945,43734
mark,-1,15781128549,47909
mark,-1,15792739770,39130
mark,-1,15804434205,193463
mark,-1,15816116284,48362
mark,-1,15827818657,67118
mark,-1,15839340121,65106
mark,-1,15851058419,57553
mark,-1,15862647360,55138
mark,-1,15874465701,41159
mark,-1,15886002706,48797
mark,-1,15897771370,44212
mark,-1,15909295558,44394
mark,-1,15921020384,39253
mark,-1,15932625421,73792
mark,-1,15944249395,68703
mark,-1,15955843421,46352
mark,-1,15967487296,43613
mark,-1,15979141320,50037
mark,-1,15990725360,53958
mark,-1,16002373661,51298
mark,-1,16013926011,55352
mark,-1,16025615617,45015
mark,-1,16037298571,54809
mark,-1,16049006746,135983
mark,-1,16060720242,69386
mark,-1,16071091254,94366
mark,-1,16080045457,44065
mark,-1,16088985477,46766
mark,-1,16097936199,111935
mark,-1,16106947576,55337
mark,-1,16115871563,37241
mark,-1,16124891013,141423
mark,-1,16133843530,36715
mark,-1,16142875252,57493
mark,-1,16151743586,39288
mark,-1,16160810073,45328
mark,-1,16169673027,42230
mark,-1,16178784536,37959
mark,-1,16187670613,41391
mark,-1,16196678892,62619
mark,-1,16205580534,40459
mark,-1,16214602758,46160
mark,-1,16223535918,42216
mark,-1,16232480871,33739
sweep,-1,16232546254,2773
mark,-1,16241465781,45035
mark,-1,16250423606,39313
mark,-1,16259393217,39196
mark,-1,16268250699,141197
mark,-1,16277300561,56211
mark,-1,16286232297,43738
mark,-1,16295162928,114062
mark,-1,16304139290,59513
mark,-1,16313078868,45082
mark,-1,16322033347,59582
mark,-1,16330960784,53839
mark,-1,16339981969,40063
mark,-1,16349041149,39299
mark,-1,16357956836,141314
mark,-1,16367126448,40701
mark,-1,16376001497,41163
mark,-1,16385034818,50299
mark,-1,16393913798,35423
mark,-1,16402981156,49730
mark,-1,16411827377,35564
mark,-1,16420847210,45690
mark,-1,16429723791,63535
mark,-1,16438707851,53548
mark,-1,16447639041,34496
mark,-1,16456586479,40005
sweep,-1,16456651385,2803
mark,-1,16465528418,92881
mark,-1,16474562371,61022
mark,-1,16483571838,33317
sweep,-1,16483633022,2601
mark,-1,16492479546,35140
sweep,-1,16492538518,2575
mark,-1,16501455723,45600
mark,-1,16510427265,69065
mark,-1,16519390507,45298
mark,-1,16528333996,102053
mark,-1,16537277579,48364
mark,-1,16546307609,35764
sweep,-1,16546367799,2650
mark,-1,16555262888,31662
sweep,-1,16555326080,2393
mark,-1,16564223428,39917
mark,-1,16573159062,56154
mark,-1,16582098329,42641
mark,-1,16591099315,59451
mark,-1,16599987624,37690
mark,-1,16608981137,121027
mark,-1,16617872734,56266
mark,-1,16626905177,47483
mark,-1,16635775901,41984
mark,-1,16644816257,55006
mark,-1,16653672774,77786
mark,-1,16662808844,46348
mark,-1,16671699775,51395
mark,-1,16680685218,52001
mark,-1,16689604087,36463
mark,-1,16698639442,47922
mark,-1,16707602258,38281
mark,-1,16716535162,42334
mark,-1,16725605417,47765
mark,-1,16734587492,94181
mark,-1,16743599240,46510
mark,-1,16752504036,92628
mark,-1,16761472832,50158
mark,-1,16770483786,43728
mark,-1,16779421511,41381
mark,-1,16788369776,51253
mark,-1,16797336177,45913
mark,-1,16806304947,42791
mark,-1,16815250666,39249
mark,-1,16824190430,37379
mark,-1,16833197924,54718
mark,-1,16842086507,39442
mark,-1,16851089292,61158
mark,-1,16859960384,39806
mark,-1,16869033579,63954
mark,-1,16877883707,38599
sweep,-1,16877948862,2183
mark,-1,16886927090,42985
mark,-1,16895776016,42492
mark,-1,16904804107,61653
mark,-1,16913693576,53731
mark,-1,16922682873,35257
mark,-1,16931619118,47936
mark,-1,16940575872,38515
sweep,-1,16940637919,2358
mark,-1,16949539690,54706
mark,-1,16958531171,42861
mark,-1,16967505252,35445
mark,-1,16976406288,40541
mark,-1,16985404246,42595
mark,-1,16994411709,54484
mark,-1,17003365517,57392
mark,-1,17012288540,46921
mark,-1,17021233550,51585
mark,-1,17030166106,48126
mark,-1,17039121497,39520
mark,-1,17048081837,35335
mark,-1,17057057844,96268
mark,-1,17066004604,33710
sweep,-1,17066066200,2712
mark,-1,17075002351,46750
mark,-1,17083874451,44873
mark,-1,17092899012,58979
mark,-1,17101761991,39378
mark,-1,17110815883,82907
mark,-1,17119672512,36280
mark,-1,17128710859,37060
sweep,-1,17128772200,2244
mark,-1,17137579901,54490
mark,-1,17146655262,42460
mark,-1,17155562714,62708
mark,-1,17164498816,54168
mark,-1,17173421073,154421
mark,-1,17182492488,40312
mark,-1,17191453506,40056
mark,-1,17200361909,68456
mark,-1,17209342084,35439
mark,-1,17218222843,41237
mark,-1,17227197097,33429
sweep,-1,17227260227,2893
mark,-1,17236129640,47146
mark,-1,17245072957,62639
mark,-1,17254002825,57099
mark,-1,17262939489,70772
mark,-1,17271866087,43254
mark,-1,17280823395,51274
mark,-1,17289773485,55486
mark,-1,17298813899,45779
mark,-1,17307737541,134759
mark,-1,17316775447,33002
mark,-1,17325647932,37287
mark,-1,17334745835,55283
mark,-1,17343608591,39516
mark,-1,17352663046,41835
mark,-1,17361522398,140067
mark,-1,17370661275,46121
mark,-1,17379543686,42835
mark,-1,17388561061,65869
mark,-1,17397466351,41866
mark,-1,17406494043,117582
mark,-1,17415434189,44593
mark,-1,17424381334,40951
mark,-1,17433326359,51621
mark,-1,17442224966,33886
mark,-1,17451189664,46319
mark,-1,17460062628,42852
mark,-1,17469047016,38944
mark,-1,17477972901,47986
mark,-1,17486914726,62774
mark,-1,17495852591,60116
mark,-1,17504814624,74256
mark,-1,17513764544,75412
mark,-1,17522738409,91146
mark,-1,17531719527,106157
mark,-1,17540704584,48808
mark,-1,17549652548,47138
mark,-1,17558717080,63159
mark,-1,17567585959,54685
mark,-1,17576595327,48040
sweep,-1,17576670833,2813
mark,-1,17585472415,151484
mark,-1,17594662826,42274
mark,-1,17603504450,29785
sweep,-1,17603567901,2920
mark,-1,17612537307,32463
sweep,-1,17612599356,2252
mark,-1,17621411627,63376
mark,-1,17630498602,61946
mark,-1,17639411643,47693
mark,-1,17648394683,43455
mark,-1,17657337753,50663
mark,-1,17666292780,46565
mark,-1,17675266230,36327
mark,-1,17684182849,39534
mark,-1,17693167021,35910
mark,-1,17702065571,37445
mark,-1,17711066943,40074
mark,-1,17719986550,47891
mark,-1,17728924059,35563
mark,-1,17737853494,52167
mark,-1,17746872957,79452
mark,-1,17755827170,49118
mark,-1,17764774363,49355
mark,-1,17773715598,42091
mark,-1,17782688447,39114
sweep,-1,17782755607,2553
mark,-1,17791593014,41192
mark,-1,17800581270,44401
mark,-1,17809466162,59792
mark,-1,17818567037,55372
mark,-1,17827432074,38716
mark,-1,17836484557,48465
mark,-1,17845348870,43066
mark,-1,17854411856,65166
mark,-1,17863293151,47246
mark,-1,17872354946,46525
mark,-1,17881288121,34627
mark,-1,17890271833,39583
sweep,-1,17890337209,2770
mark,-1,17899228736,48509
mark,-1,17908185638,40374
mark,-1,17917161701,42626
mark,-1,17926066577,39766
mark,-1,17935047008,62533
mark,-1,17943954227,39993
mark,-1,17952938960,35180
sweep,-1,17953006224,2618
mark,-1,17961913360,37470
mark,-1,17970853016,65494
mark,-1,17979806242,139197
mark,-1,17988795111,74717
mark,-1,17997754343,39328
mark,-1,18006697520,53906
mark,-1,18015623790,40055
mark,-1,18024618926,59058
mark,-1,18033502141,37097
mark,-1,18042576691,52336
mark,-1,18051440514,80663
mark,-1,18060470014,54958
mark,-1,18069338020,37395
sweep,-1,18069401718,2373
mark,-1,18078386229,41321
mark,-1,18087251897,36118
sweep,-1,18087315151,2109
mark,-1,18096287947,64655
mark,-1,18105182322,54764
mark,-1,18114229344,57035
mark,-1,18123160752,36417
mark,-1,18132109273,47782
mark,-1,18141071983,38388
mark,-1,18150008850,40534
mark,-1,18158979270,44133
mark,-1,18167893027,37770
mark,-1,18176857128,45007
mark,-1,18185764229,33408
mark,-1,18194750067,43296
mark,-1,18203695289,40303
mark,-1,18212636113,58733
mark,-1,18221565478,158607
mark,-1,18230673428,37277
mark,-1,18239620064,46244
mark,-1,18248570062,65857
mark,-1,18257489833,53563
mark,-1,18266547952,57607
mark,-1,18275419525,42275
mark,-1,18284420164,62258
mark,-1,18293262243,118181
mark,-1,18302349020,44624
mark,-1,18311184779,66650
mark,-1,18320207613,44638
mark,-1,18329064529,49869
mark,-1,18338103428,38335
mark,-1,18346998477,41986
mark,-1,18356042432,61747
mark,-1,18364968633,36146
mark,-1,18373924477,40390
mark,-1,18382885748,67893
mark,-1,18391801644,44536
mark,-1,18400792594,94012
mark,-1,18409721839,37115
mark,-1,18418729244,43910
mark,-1,18427624254,50956
mark,-1,18436584343,48609
mark,-1,18445524588,123411
mark,-1,18454562806,111192
mark,-1,18463549037,46480
mark,-1,18472512985,167586
mark,-1,18481559340,42760
mark,-1,18490604866,35869
mark,-1,18499555753,43150
mark,-1,18508557991,51372
mark,-1,18517446672,39120
sweep,-1,18517508906,2399
mark,-1,18526534166,61311
mark,-1,18535385140,39795
mark,-1,18544434494,61400
mark,-1,18553275607,41945
mark,-1,18562317885,42522
mark,-1,18571195691,44030
mark,-1,18580246073,147499
mark,-1,18589177674,67186
mark,-1,18598170908,35884
mark,-1,18607099290,62490
mark,-1,18616026737,39834
sweep,-1,18616090793,2222
mark,-1,18624966962,49994
mark,-1,18633894341,35961
sweep,-1,18633956833,2274
mark,-1,18642875201,43467
mark,-1,18651776640,38465
sweep,-1,18651846042,2555
mark,-1,18660764009,137667
mark,-1,18669727194,41887
mark,-1,18678712951,42582
mark,-1,18687664081,41017
mark,-1,18696595596,55247
mark,-1,18705536984,34985
mark,-1,18714573558,43364
mark,-1,18723525736,35252
mark,-1,18732503468,53952
mark,-1,18741439503,50156
mark,-1,18750504914,33709
sweep,-1,18750569397,2422
mark,-1,18759358639,51441
mark,-1,18768345239,33407
sweep,-1,18768411655,2551
mark,-1,18777196227,65085
mark,-1,18786221417,46122
mark,-1,18795041859,36786
mark,-1,18804051376,41192
mark,-1,18812908692,39099
mark,-1,18821900957,30305
mark,-1,18830808376,62145
mark,-1,18839736500,53289
mark,-1,18848642088,47576
mark,-1,18857557270,39301
mark,-1,18866696811,47708
mark,-1,18875590672,35552
sweep,-1,18875648605,2601
mark,-1,18884568075,40405
mark,-1,18893447730,150591
mark,-1,18902586720,53236
mark,-1,18911506619,50955
mark,-1,18920440703,33013
mark,-1,18929417209,47371
mark,-1,18938429083,151101
mark,-1,18947393419,47118
mark,-1,18956339822,38945
mark,-1,18965297063,44973
mark,-1,18974286785,48596
mark,-1,18983204744,143986
mark,-1,18992239561,47486
mark,-1,19001116102,56004
mark,-1,19010132387,34702
sweep,-1,19010195096,2433
mark,-1,19018990813,63094
mark,-1,19028031281,48261
mark,-1,19036878374,38127
mark,-1,19045918621,42022
mark,-1,19054782434,110992
mark,-1,19063820307,43515
mark,-1,19072736462,33014
mark,-1,19081700118,45355
mark,-1,19090613998,77179
mark,-1,19099540886,37232
mark,-1,19108516804,33803
mark,-1,19117413768,36894
mark,-1,19126465960,50364
mark,-1,19135397639,144783
mark,-1,19144460616,51247
mark,-1,19153376663,52281
mark,-1,19162334420,33978
mark,-1,19171269686,122083
mark,-1,19180236978,41037
mark,-1,19189187532,46228
mark,-1,19198155330,46126
mark,-1,19207108699,36006
mark,-1,19216108419,39029
mark,-1,19225022928,142650
mark,-1,19234062167,39639
sweep,-1,19234126807,2381
mark,-1,19242941158,40626
mark,-1,19251955384,48681
mark,-1,19260803271,34062
mark,-1,19269864323,47772
mark,-1,19278704968,41954
mark,-1,19287757582,41835
sweep,-1,19287824564,2633
mark,-1,19296643717,56654
mark,-1,19305645296,51121
mark,-1,19314644106,32536
mark,-1,19323606095,37680
sweep,-1,19323669394,2450
mark,-1,19332561959,51278
mark,-1,19341492125,111435
mark,-1,19350559272,52643
mark,-1,19359458407,45582
mark,-1,19368438956,138322
mark,-1,19377383274,49065
mark,-1,19386464080,39335
mark,-1,19395372645,39580
mark,-1,19404314243,106568
mark,-1,19413282408,57235
mark,-1,19422216051,97488
mark,-1,19431159366,44494
mark,-1,19440097132,43733
mark,-1,19449034416,35856
mark,-1,19458007536,38398
mark,-1,19466928210,42358
mark,-1,19475915905,42388
sweep,-1,19475989853,2270
mark,-1,19484780232,57435
mark,-1,19493803277,56367
mark,-1,19502664532,39386
sweep,-1,19502738404,2401
mark,-1,19511725294,49373
mark,-1,19520580849,42439
mark,-1,19529623467,93667
mark,-1,19538570114,46218
mark,-1,19547542834,99814
mark,-1,19556445119,43652
mark,-1,19565381526,49667
mark,-1,19574394713,148038
mark,-1,19583407791,44536
mark,-1,19592378527,41174
mark,-1,19601287637,38649
mark,-1,19610276778,50792
mark,-1,19619155379,37280
mark,-1,19628154247,49227
mark,-1,19637084714,43134
mark,-1,19646023265,37381
mark,-1,19654982633,32223
mark,-1,19663933913,40125
mark,-1,19672891865,50275
mark,-1,19681827054,46804
mark,-1,19690772110,35584
mark,-1,19699753837,58020
mark,-1,19708642087,36456
mark,-1,19717628508,48111
mark,-1,19726611733,83990
mark,-1,19735664723,54505
mark,-1,19744522689,36662
sweep,-1,19744586158,2374
mark,-1,19753557368,42549
mark,-1,19762490115,36543
sweep,-1,19762554332,2584
mark,-1,19771529258,64225
mark,-1,19780416560,96750
mark,-1,19789375971,38281
mark,-1,19798374855,62506
mark,-1,19807305995,48189
mark,-1,19816258528,51799
mark,-1,19825201662,39245
mark,-1,19834186050,47249
mark,-1,19843085170,150380
mark,-1,19852140805,92126
mark,-1,19861123023,52798
mark,-1,19870103135,63786
mark,-1,19879026728,46042
mark,-1,19887972081,38319
mark,-1,19896938724,33830
mark,-1,19905915189,37813
mark,-1,19914873459,220051
mark,-1,19923940937,53563
mark,-1,19932878285,40707
mark,-1,19941882132,47833
mark,-1,19950877967,117152
mark,-1,19959889540,110874
mark,-1,19968764993,56879
mark,-1,19977797047,55223
mark,-1,19986654191,38120
mark,-1,19995692502,49495
mark,-1,20004541924,37511
mark,-1,20013557152,131201
mark,-1,20022569615,49242
mark,-1,20031555326,98623
mark,-1,20040497263,40804
mark,-1,20049445003,44678
mark,-1,20058460790,58361
mark,-1,20067593177,33889
mark,-1,20076688857,40174
mark,-1,20085577586,37733
sweep,-1,20085640580,2406
mark,-1,20094646535,37209
sweep,-1,20094707841,2125
mark,-1,20103528662,39630
mark,-1,20112507411,51867
mark,-1,20121438035,44865
mark,-1,20130462552,39628
mark,-1,20139412338,35923
mark,-1,20148355656,123114
mark,-1,20157345615,40415
mark,-1,20166286953,52914
mark,-1,20175229223,39003
mark,-1,20184214907,59045
mark,-1,20193128610,36842
mark,-1,20202118896,48043
mark,-1,20210979402,45998
mark,-1,20220037030,70888
mark,-1,20228872221,45239
mark,-1,20237906212,32109
sweep,-1,20237973041,2811
mark,-1,20246810859,46989
mark,-1,20255816136,37006
sweep,-1,20255879920,2435
mark,-1,20264689840,40439
mark,-1,20273635534,61419
mark,-1,20282637420,37053
sweep,-1,20282702152,2201
mark,-1,20291593415,41939
mark,-1,20300566344,39888
mark,-1,20309496260,35985
sweep,-1,20309558417,2416
mark,-1,20318550812,42430
mark,-1,20327445496,38750
sweep,-1,20327507790,2476
mark,-1,20336437767,39112
sweep,-1,20336501780,2261
mark,-1,20345342484,49684
mark,-1,20354290928,55485
mark,-1,20363211139,45771
mark,-1,20372223947,51424
mark,-1,20381163420,48071
mark,-1,20390108191,41296
mark,-1,20399055517,32801
mark,-1,20408049740,45033
mark,-1,20416973972,81873
mark,-1,20425974841,137038
mark,-1,20434900691,104512
mark,-1,20443952632,47674
mark,-1,20452816564,33050
mark,-1,20461891472,35379
mark,-1,20470751621,38819
mark,-1,20479796052,36663
sweep,-1,20479855685,2730
mark,-1,20488681888,43940
mark,-1,20497696871,31796
mark,-1,20506622482,63679
mark,-1,20515572531,52444
mark,-1,20524491363,36265
mark,-1,20533450458,36046
sweep,-1,20533513040,2337
mark,-1,20542503629,41741
mark,-1,20551407801,132053
mark,-1,20560434686,41127
mark,-1,20569308034,132073
mark,-1,20578445480,38203
mark,-1,20587368337,47256
mark,-1,20596305153,63663
mark,-1,20605241531,55853
mark,-1,20614190327,70334
mark,-1,20623123944,73912
mark,-1,20632065487,85900
mark,-1,20641014861,51248
mark,-1,20649964088,57848
mark,-1,20658877747,50776
mark,-1,20667848395,67074
mark,-1,20676704557,29216
sweep,-1,20676766226,2226
mark,-1,20685729609,64763
mark,-1,20694584640,41446
mark,-1,20703639883,40359
mark,-1,20712497205,129778
mark,-1,20721567356,37198
mark,-1,20730516621,51297
mark,-1,20739530349,62444
mark,-1,20748431663,126426
mark,-1,20757425659,51303
mark,-1,20766441706,38742
mark,-1,20775376193,153040
mark,-1,20784384575,36765
mark,-1,20793316539,37928
sweep,-1,20793381302,2548
mark,-1,20802295199,43576
mark,-1,20811201402,35943
sweep,-1,20811260610,2303
mark,-1,20820207439,35048
sweep,-1,20820266601,2048
mark,-1,20829135889,48990
mark,-1,20838080859,55708
mark,-1,20847082233,44475
mark,-1,20856007988,51579
mark,-1,20864927040,45619
mark,-1,20873851082,41262
mark,-1,20882791175,33581
mark,-1,20891734945,43881
mark,-1,20900646183,133871
mark,-1,20909645957,153346
mark,-1,20918637083,82773
mark,-1,20927673695,51933
mark,-1,20936544279,37530
sweep,-1,20936610980,2587
mark,-1,20945615868,36956
sweep,-1,20945679603,2235
mark,-1,20954547867,39956
mark,-1,20963579032,32850
sweep,-1,20963637790,2394
mark,-1,20972440539,36842
mark,-1,20981457073,63935
mark,-1,20990431427,37405
mark,-1,20999448963,44144
mark,-1,21008448086,81863
mark,-1,21017388048,37122
mark,-1,21026490910,44565
mark,-1,21035422284,47923
mark,-1,21044404386,40584
mark,-1,21053282520,131033
mark,-1,21062350041,39105
sweep,-1,21062413861,2512
mark,-1,21071270521,47888
mark,-1,21080194269,64967
mark,-1,21089129212,57689
mark,-1,21098065307,74663
mark,-1,21106990355,43459
mark,-1,21115946352,54427
mark,-1,21124891209,39826
mark,-1,21133870742,47596
mark,-1,21142797573,137980
mark,-1,21151840553,33499
sweep,-1,21151900232,2829
mark,-1,21160729346,37059
mark,-1,21169760936,57456
mark,-1,21178624577,39335
sweep,-1,21178691873,2774
mark,-1,21187680808,76954
mark,-1,21196528440,38537
mark,-1,21205573911,37009
sweep,-1,21205635239,2564
mark,-1,21214520227,57089
mark,-1,21223530038,41440
mark,-1,21232442242,62013
mark,-1,21241395467,53580
mark,-1,21250412708,47531
mark,-1,21259365470,38510
mark,-1,21268347789,46347
mark,-1,21277241802,35831
sweep,-1,21277299961,2776
mark,-1,21286214666,38546
mark,-1,21295091484,44412
mark,-1,21304078945,38399
mark,-1,21313014325,40572
mark,-1,21321970179,37519
mark,-1,21330932168,50724
mark,-1,21339873101,51881
mark,-1,21348888270,30357
mark,-1,21357858531,40044
mark,-1,21366839135,33077
mark,-1,21375844439,56794
mark,-1,21384740336,35713
mark,-1,21393724130,50178
mark,-1,21402590365,46236
mark,-1,21411633704,34545
sweep,-1,21411695357,2569
mark,-1,21420478968,65793
mark,-1,21429504985,42300
mark,-1,21438428238,48126
mark,-1,21447460056,109884
mark,-1,21456361192,53977
mark,-1,21465346819,56858
mark,-1,21474277377,171533
mark,-1,21483264622,62492
mark,-1,21492166589,44751
mark,-1,21501101732,34549
mark,-1,21510072390,39119
mark,-1,21518975116,37254
sweep,-1,21519037675,2426
mark,-1,21527950977,98346
mark,-1,21536853605,52758
mark,-1,21545830763,137070
mark,-1,21554851190,46658
mark,-1,21563772997,192406
mark,-1,21572766467,35336
mark,-1,21581767478,129119
mark,-1,21590747853,45164
mark,-1,21599688872,47214
mark,-1,21608627420,37172
mark,-1,21617599657,38646
mark,-1,21626598547,42479
mark,-1,21635592206,146624
mark,-1,21644514129,35890
mark,-1,21653546657,47738
mark,-1,21662466388,36683
sweep,-1,21662530497,2265
mark,-1,21671496195,47324
mark,-1,21680336036,42519
mark,-1,21689343963,138423
mark,-1,21698375694,47885
mark,-1,21707386247,126822
mark,-1,21716345638,45214
mark,-1,21725309485,47120
mark,-1,21734246239,42527
mark,-1,21743259027,35056
mark,-1,21752270989,46371
mark,-1,21761209603,44417
mark,-1,21770193394,44295
mark,-1,21779084709,57024
mark,-1,21788062519,33896
mark,-1,21796998252,42821
mark,-1,21805947161,112682
mark,-1,21814918023,132598
mark,-1,21823915393,44889
mark,-1,21832864234,85288
mark,-1,21841828830,41082
mark,-1,21850764166,34228
mark,-1,21859733445,65035
mark,-1,21868631142,36085
sweep,-1,21868691596,2533
mark,-1,21877669348,46304
mark,-1,21886628372,45089
mark,-1,21895674652,42165
mark,-1,21904555017,83872
mark,-1,21913634561,45815
mark,-1,21922570733,35425
mark,-1,21931599428,126282
mark,-1,21940537646,114139
mark,-1,21949561951,59186
mark,-1,21958553162,36981
mark,-1,21967502231,40027
mark,-1,21976424488,49616
mark,-1,21985356734,40373
mark,-1,21994326750,44912
mark,-1,22003221765,39617
mark,-1,22012207292,33218
sweep,-1,22012263538,2398
mark,-1,22021094272,48912
mark,-1,22030060198,37730
sweep,-1,22030122326,2604
mark,-1,22039007736,38701
sweep,-1,22039073245,2806
mark,-1,22047944475,185882
mark,-1,22056946503,39934
mark,-1,22065899504,37692
mark,-1,22074849485,38696
mark,-1,22083787308,32954
mark,-1,22092740197,42472
mark,-1,22101730172,55723
mark,-1,22110602709,39330
sweep,-1,22110666268,2717
mark,-1,22119608383,60941
mark,-1,22128461473,40291
mark,-1,22137513751,40456
mark,-1,22146436045,52551
mark,-1,22155456015,46433
mark,-1,22164307548,47202
mark,-1,22173347003,63161
mark,-1,22182236135,50709
mark,-1,22191206320,66372
mark,-1,22200128705,76149
mark,-1,22209053057,135667
mark,-1,22218043678,39654
mark,-1,22226974463,47019
mark,-1,22235931094,35817
mark,-1,22244836234,43117
mark,-1,22253819497,40976
mark,-1,22262723462,78910
mark,-1,22271723173,133155
mark,-1,22280680174,53147
mark,-1,22289614275,40293
sweep,-1,22289682977,2869
mark,-1,22298628260,52905
mark,-1,22307558462,41771
mark,-1,22316507008,37189
mark,-1,22325471338,30810
mark,-1,22334509854,42553
mark,-1,22343496753,53533
mark,-1,22352381686,78182
mark,-1,22361397535,48752
mark,-1,22370339370,36840
sweep,-1,22370404867,2364
mark,-1,22379392461,61423
mark,-1,22388249114,125438
mark,-1,22397411689,44568
mark,-1,22406347935,47890
mark,-1,22415379594,38082
mark,-1,22424290063,40561
mark,-1,22433262458,60698
mark,-1,22442198966,70781
mark,-1,22451112356,39954
sweep,-1,22451177386,2617
mark,-1,22460068240,52897
mark,-1,22468996245,34746
mark,-1,22477987297,44452
mark,-1,22486901342,38729
mark,-1,22495894989,139466
mark,-1,22504863843,38248
mark,-1,22513831665,44467
mark,-1,22522774261,118859
mark,-1,22531749564,40519
mark,-1,22540693863,157996
mark,-1,22549694942,37329
mark,-1,22558648356,35697
sweep,-1,22558710167,2339
mark,-1,22567592703,57955
mark,-1,22576519674,52410
mark,-1,22585515429,59748
mark,-1,22594472974,56994
mark,-1,22603509725,63500
mark,-1,22612375316,39164
mark,-1,22621422477,63380
mark,-1,22630353362,90587
mark,-1,22639423337,49299
mark,-1,22648264157,41747
mark,-1,22657285553,44569
mark,-1,22666176009,44403
mark,-1,22675135211,60730
mark,-1,22684049094,71490
mark,-1,22692961182,39506
sweep,-1,22693026269,2758
mark,-1,22701919590,49751
mark,-1,22710842587,33407
sweep,-1,22710904017,2325
mark,-1,22719805247,42183
mark,-1,22728702496,37931
mark,-1,22737695356,150272
mark,-1,22746659574,35482
sweep,-1,22746722613,2259
mark,-1,22755620337,43633
mark,-1,22764553508,41107
mark,-1,22773496991,59172
mark,-1,22782512531,112137
mark,-1,22791497075,37198
mark,-1,22800432602,46213
mark,-1,22809399130,66653
mark,-1,22818407528,55791
mark,-1,22827389747,58000
mark,-1,22836256512,41381
mark,-1,22845263011,61906
mark,-1,22854126370,40693
mark,-1,22863253449,40134
mark,-1,22872075118,54243
mark,-1,22881081966,34213
sweep,-1,22881140160,2437
mark,-1,22889913372,38507
mark,-1,22898917798,43322
mark,-1,22907782147,40585
mark,-1,22916713871,39748
mark,-1,22925621184,47551
mark,-1,22934635132,49363
mark,-1,22943616891,37831
mark,-1,22952531478,39204
sweep,-1,22952595156,2307
mark,-1,22961510503,37235
mark,-1,22970467206,46529
mark,-1,22979473225,38126
mark,-1,22988403647,48359
mark,-1,22997343741,34159
sweep,-1,22997411883,2019
mark,-1,23006293225,47874
mark,-1,23015223469,132457
mark,-1,23024208047,46301
mark,-1,23033154591,45939
mark,-1,23042110046,35789
mark,-1,23051090900,36895
sweep,-1,23051157364,2622
mark,-1,23060018421,45078
mark,-1,23069017000,88535
mark,-1,23077915276,45602
mark,-1,23086949337,51768
mark,-1,23095815341,36387
sweep,-1,23095880122,2679
mark,-1,23104863208,49488
mark,-1,23113713417,45924
mark,-1,23122755593,135392
mark,-1,23131707386,45609
mark,-1,23140729125,45777
mark,-1,23149671906,34241
mark,-1,23158713958,41554
mark,-1,23167646060,90214
mark,-1,23176590652,116967
mark,-1,23185582195,42059
mark,-1,23194567459,45149
sweep,-1,23194644060,2753
mark,-1,23203540535,34233
mark,-1,23212414074,52166
mark,-1,23221410908,63576
mark,-1,23230422788,48985
mark,-1,23239358699,108704
mark,-1,23248331295,58726
mark,-1,23257259702,47458
mark,-1,23266212267,39943
mark,-1,23275168812,42444
mark,-1,23284112633,92814
mark,-1,23293126857,123608
mark,-1,23302069637,35010
mark,-1,23311058146,49920
mark,-1,23319921767,44869
mark,-1,23328957135,51025
mark,-1,23337833195,101234
mark,-1,23346959861,40633
mark,-1,23355812634,37418
sweep,-1,23355875005,2515
mark,-1,23364836161,41345
mark,-1,23373715755,45452
mark,-1,23382725982,94188
mark,-1,23391663588,44593
mark,-1,23400617499,45394
mark,-1,23409549744,37692
sweep,-1,23409612702,2359
mark,-1,23418564012,31116
mark,-1,23427539514,39779
mark,-1,23436432136,37974
sweep,-1,23436495193,2317
mark,-1,23445400917,90601
mark,-1,23454377941,52510
mark,-1,23463357777,64216
mark,-1,23472279490,49252
mark,-1,23481232362,39885
mark,-1,23490197821,31944
sweep,-1,23490261224,2213
mark,-1,23499162627,37319
mark,-1,23508118943,129589
mark,-1,23517082661,53342
mark,-1,23526039236,40124
mark,-1,23535028979,69853
mark,-1,23543939292,41066
mark,-1,23552937305,46559
mark,-1,23561806923,45041
mark,-1,23570854541,119999
mark,-1,23579736900,47048
mark,-1,23588780097,52939
mark,-1,23597617675,43010
mark,-1,23606744207,140070
mark,-1,23615719787,132644
mark,-1,23624789775,54930
mark,-1,23633699708,36156
sweep,-1,23633766020,2303
mark,-1,23642650025,46496
mark,-1,23651597102,39798
mark,-1,23660548458,32953
mark,-1,23669522369,40896
mark,-1,23678502297,38556
mark,-1,23687490941,96002
mark,-1,23696401371,53063
sweep,-1,23696483847,2679
mark,-1,23705377613,62638
mark,-1,23714351473,48792
mark,-1,23723288046,112133
mark,-1,23732325397,63767
mark,-1,23741272001,45153
mark,-1,23750230753,40799
mark,-1,23759187691,41905
mark,-1,23768129142,33979
mark,-1,23777117161,66721
mark,-1,23786025734,107291
mark,-1,23795035380,41509
mark,-1,23803911757,55326
mark,-1,23812920895,53375
mark,-1,23821786512,37569
mark,-1,23830834241,49430
mark,-1,23839678206,41724
mark,-1,23848699404,41110
mark,-1,23857657064,58796
mark,-1,23866714028,52391
mark,-1,23875632349,34509
mark,-1,23884585981,75014
mark,-1,23893503802,36852
mark,-1,23902516839,44025
mark,-1,23911484031,54245
mark,-1,23920380837,31828
sweep,-1,23920439923,2803
mark,-1,23929373949,59301
mark,-1,23938261623,53515
mark,-1,23947237112,60936
mark,-1,23956151037,46335
mark,-1,23965083042,116813
mark,-1,23974059714,56635
mark,-1,23982995256,45549
mark,-1,23991948601,38270
mark,-1,24000898731,40434
mark,-1,24009861880,32810
mark,-1,24018848703,66467
mark,-1,24027825208,36345
sweep,-1,24027886347,2241
mark,-1,24036817146,48326
mark,-1,24045714146,71424
mark,-1,24054820861,42917
sweep,-1,24054892845,2144
mark,-1,24063746662,33218
sweep,-1,24063812932,2706
mark,-1,24072995540,40507
mark,-1,24081896146,32918
sweep,-1,24081957013,2427
mark,-1,24090931391,39918
mark,-1,24099822625,66917
mark,-1,24108798473,32408
mark,-1,24117725864,69707
mark,-1,24126659204,77606
mark,-1,24135629095,37890
mark,-1,24144565134,41348
mark,-1,24153536941,86696
mark,-1,24162524222,42253
mark,-1,24171510317,32439
sweep,-1,24171569903,2498
mark,-1,24180401105,77722
mark,-1,24189401121,45594
mark,-1,24198424906,42881
mark,-1,24207352297,67741
mark,-1,24216281590,40029
mark,-1,24225230749,34493
mark,-1,24234259423,33257
mark,-1,24243227390,61016
mark,-1,24252151129,51321
mark,-1,24261137085,57361
mark,-1,24270029540,139286
mark,-1,24279105366,42848
mark,-1,24287984342,69425
mark,-1,24297045177,42113
mark,-1,24305905580,30200
mark,-1,24314948092,39645
mark,-1,24323802745,43908
mark,-1,24332859217,62584
mark,-1,24341756953,51308
mark,-1,24350729699,65553
mark,-1,24359642755,74658
mark,-1,24368644563,40813
mark,-1,24377600286,50084
mark,-1,24386605560,33430
sweep,-1,24386665019,2362
mark,-1,24395566147,41538
mark,-1,24404464712,44434
mark,-1,24413449837,140617
mark,-1,24422494945,78118
mark,-1,24431468373,59565
mark,-1,24440405557,82614
mark,-1,24449328669,49376
mark,-1,24458271694,49390
mark,-1,24467201471,37866
mark,-1,24476142958,46470
mark,-1,24485092554,37028
mark,-1,24494040405,43869
mark,-1,24503030698,54841
mark,-1,24511896576,140691
mark,-1,24520938517,48321
mark,-1,24529799634,30747
sweep,-1,24529865799,2366
mark,-1,24538867723,65018
mark,-1,24547723309,39829
mark,-1,24556758050,42259
mark,-1,24565603019,44615
mark,-1,24574711655,145633
mark,-1,24583633053,47198
mark,-1,24592621181,48922
mark,-1,24601548904,32209
sweep,-1,24601611169,2476
mark,-1,24610580863,40873
mark,-1,24619552958,35537
mark,-1,24628467663,34695
sweep,-1,24628528283,2634
mark,-1,24637432945,47554
mark,-1,24646401214,48739
mark,-1,24655393663,44626
mark,-1,24664319058,36573
sweep,-1,24664381593,2300
mark,-1,24673273895,51438
mark,-1,24682227904,127149
mark,-1,24691201279,65434
mark,-1,24700135488,148925
mark,-1,24709144051,37923
mark,-1,24718100319,47383
mark,-1,24727035402,40272
mark,-1,24735964457,31817
mark,-1,24744965762,57430
mark,-1,24753842348,53934
mark,-1,24762846634,46981
mark,-1,24771710552,34851
sweep,-1,24771773040,2368
mark,-1,24780767656,33959
sweep,-1,24780828194,2466
mark,-1,24789608159,40268
mark,-1,24798722120,35968
sweep,-1,24798781233,2143
mark,-1,24807594497,38979
mark,-1,24816628917,31282
mark,-1,24825553116,62015
mark,-1,24834581934,54821
mark,-1,24843501057,48865
mark,-1,24852452792,38554
mark,-1,24861415486,47186
mark,-1,24870397895,88837
mark,-1,24879387141,51090
mark,-1,24888271611,102365
mark,-1,24897303723,48169
mark,-1,24906233405,68243
mark,-1,24915173996,55569
mark,-1,24924186135,51075
mark,-1,24933109361,68709
mark,-1,24942010589,147086
mark,-1,24950997346,34089
mark,-1,24959934706,30736
mark,-1,24968898955,43561
mark,-1,24977817855,45188
mark,-1,24986806720,38378
sweep,-1,24986871254,2529
mark,-1,24995659942,55256
mark,-1,25004658581,61975
mark,-1,25013490759,128150
mark,-1,25022657952,51765
mark,-1,25031502069,46025
mark,-1,25040531902,41389
sweep,-1,25040598489,2833
mark,-1,25049436361,41119
mark,-1,25058538996,35656
mark,-1,25067452582,59953
mark,-1,25076385593,53724
mark,-1,25085316602,47820
mark,-1,25094253436,37594
mark,-1,25103232041,45961
mark,-1,25112129991,34561
sweep,-1,25112187753,2350
mark,-1,25121106561,41813
mark,-1,25129997915,46919
mark,-1,25139003911,38236
sweep,-1,25139068035,2240
mark,-1,25147942352,113198
mark,-1,25156889266,48516
mark,-1,25165824466,51025
mark,-1,25174771265,83466
mark,-1,25183715764,55792
mark,-1,25192645494,48583
mark,-1,25201602865,38758
mark,-1,25210652330,36572
sweep,-1,25210716678,2118
mark,-1,25219563602,43042
mark,-1,25228558986,43152
mark,-1,25237417782,57272
mark,-1,25246518214,73088
mark,-1,25255400289,37015
mark,-1,25264444219,50080
mark,-1,25273300425,43593
mark,-1,25282342075,96173
mark,-1,25291231311,43419
mark,-1,25300221252,43771
mark,-1,25309130844,29314
mark,-1,25318102867,40791
sweep,-1,25318168736,2930
mark,-1,25327055663,132291
mark,-1,25336058757,44720
mark,-1,25345019158,56000
mark,-1,25353919502,33922
sweep,-1,25353976616,2325
mark,-1,25362970505,36715
sweep,-1,25363030258,2708
mark,-1,25371849950,72103
mark,-1,25380821196,34531
mark,-1,25389738438,42718
mark,-1,25398673073,37111
mark,-1,25407605626,64699
mark,-1,25416545013,39471
sweep,-1,25416609329,2341
mark,-1,25425477224,40635
mark,-1,25434505866,54977
mark,-1,25443445989,43381
mark,-1,25452433380,59561
mark,-1,25461328438,37911
mark,-1,25470335145,50453
mark,-1,25479202680,193722
mark,-1,25488275919,30812
mark,-1,25497148793,63202
mark,-1,25506180571,30550
mark,-1,25515053682,160900
mark,-1,25524154552,46333
mark,-1,25533023544,62441
mark,-1,25542001345,52478
mark,-1,25550919390,34199
mark,-1,25559875038,40894
mark,-1,25568804357,47254
mark,-1,25577730626,55939
mark,-1,25586695610,37497
sweep,-1,25586760799,2460
mark,-1,25595621187,36533
sweep,-1,25595681068,2461
mark,-1,25604592133,46295
mark,-1,25613484775,69258
mark,-1,25622524620,41026
sweep,-1,25622591009,2906
mark,-1,25631463499,40760
mark,-1,25640394204,39605
mark,-1,25649351060,46979
mark,-1,25658311785,35439
mark,-1,25667271249,46342
mark,-1,25676232097,37022
sweep,-1,25676295870,2483
mark,-1,25685173629,45119
mark,-1,25694170855,52394
mark,-1,25703051857,38570
sweep,-1,25703113378,2960
mark,-1,25712067812,134525
mark,-1,25720949107,52251
mark,-1,25729998959,37146
sweep,-1,25730065151,2474
mark,-1,25738832280,63643
mark,-1,25747931877,43040
mark,-1,25756790438,79389
mark,-1,25765835930,63473
mark,-1,25774716389,49987
mark,-1,25783692188,56636
mark,-1,25792625786,38648
mark,-1,25801588252,51335
mark,-1,25810597955,36294
sweep,-1,25810663269,2744
mark,-1,25819528422,42138
mark,-1,25828512400,45124
mark,-1,25837406313,40553
mark,-1,25846466713,129060
mark,-1,25855419263,57735
mark,-1,25864377488,42642
mark,-1,25873392149,44954
mark,-1,25882422634,42705
mark,-1,25891374768,50361
mark,-1,25900304903,38883
mark,-1,25909244844,32799
mark,-1,25918215990,57653
mark,-1,25927136339,50245
mark,-1,25936129738,56966
mark,-1,25945009111,141389
mark,-1,25954097315,45207
mark,-1,25962979474,34445
sweep,-1,25963043124,2178
mark,-1,25972028926,59268
mark,-1,25980897369,40303
mark,-1,25989940286,43318
mark,-1,25998806423,44327
mark,-1,26007839984,65963
mark,-1,26016723900,52037
mark,-1,26025690160,67407
mark,-1,26034672273,72202
mark,-1,26043585751,39697
sweep,-1,26043650675,2538
mark,-1,26052539109,51088
mark,-1,26061457606,35831
mark,-1,26070513427,41449
mark,-1,26079399184,96921
mark,-1,26088409784,43948
mark,-1,26097281584,31395
sweep,-1,26097347126,2509
mark,-1,26106253765,42984
mark,-1,26115192941,40606
mark,-1,26124132906,59293
mark,-1,26133069473,159238
mark,-1,26142079779,40049
mark,-1,26151022325,31844
mark,-1,26159993150,89217
mark,-1,26168923626,126101
mark,-1,26177963066,39254
mark,-1,26186855601,39216
sweep,-1,26186918430,2299
mark,-1,26195861187,49657
mark,-1,26204713380,36197
sweep,-1,26204778513,2270
mark,-1,26213756987,61791
mark,-1,26222601233,38186
mark,-1,26231637073,158900
mark,-1,26240551537,51837
mark,-1,26249580826,39954
mark,-1,26258552315,41541
mark,-1,26267519888,61983
mark,-1,26276438862,39993
mark,-1,26285405528,40450
mark,-1,26294462302,36557
mark,-1,26303391582,34252
sweep,-1,26303451169,2348
mark,-1,26312343741,42477
mark,-1,26321237210,36518
sweep,-1,26321296731,2776
mark,-1,26330223301,55563
mark,-1,26339146851,182219
mark,-1,26348150598,38043
mark,-1,26357285341,40933
mark,-1,26366234085,55108
mark,-1,26375171620,33397
mark,-1,26384130834,43660
mark,-1,26393070555,35236
mark,-1,26402042159,52745
mark,-1,26410957498,48144
mark,-1,26419963306,35065
sweep,-1,26420022218,2868
mark,-1,26428832694,50830
mark,-1,26437861085,70881
mark,-1,26446731970,62820
mark,-1,26455871978,39615
mark,-1,26464729752,135883
mark,-1,26473814159,36507
mark,-1,26482666014,95919
mark,-1,26491715023,51406
mark,-1,26500611168,41494
mark,-1,26509561526,39944
mark,-1,26518562861,48182
mark,-1,26527490002,46695
mark,-1,26536459998,37729
sweep,-1,26536525191,2696
mark,-1,26545362191,38709
mark,-1,26554340859,52840
mark,-1,26563269752,43112
mark,-1,26572241233,33454
sweep,-1,26572304050,2337
mark,-1,26581161107,44864
mark,-1,26590099691,63539
mark,-1,26599041429,57616
mark,-1,26607982951,72750
mark,-1,26616913043,42353
mark,-1,26625875395,52705
mark,-1,26634813371,38205
mark,-1,26643784781,44540
mark,-1,26652709569,134749
mark,-1,26661749804,33870
mark,-1,26670622080,36584
mark,-1,26679636015,56929
mark,-1,26688472996,38265
mark,-1,26697529618,43294
mark,-1,26706454616,140534
mark,-1,26715520861,46518
mark,-1,26724404424,42179
mark,-1,26733438765,66099
mark,-1,26742431630,42122
mark,-1,26751396729,47685
mark,-1,26760346199,79309
mark,-1,26769334736,38650
mark,-1,26778341768,36291
mark,-1,26787248432,45343
mark,-1,26796228865,40677
mark,-1,26805119802,137079
mark,-1,26814175994,34647
mark,-1,26823089849,47312
mark,-1,26832025581,138226
mark,-1,26840977553,35960
mark,-1,26849938578,31844
sweep,-1,26850003081,2474
mark,-1,26858887032,41627
mark,-1,26867837768,45657
mark,-1,26876783011,37033
mark,-1,26885821296,36125
mark,-1,26894739231,43366
mark,-1,26903732538,147360
mark,-1,26912656982,37429
mark,-1,26921684053,137521
mark,-1,26930598527,51920
mark,-1,26939612084,46999
mark,-1,26948451222,39219
mark,-1,26957467387,92617
mark,-1,26966487569,65336
mark,-1,26975480775,43819
mark,-1,26984402956,31779
sweep,-1,26984468055,2490
mark,-1,26993357152,44198
mark,-1,27002300399,40308
mark,-1,27011254193,32136
mark,-1,27020238271,42207
mark,-1,27029127174,92201
mark,-1,27038149001,36559
sweep,-1,27038209979,3029
mark,-1,27047040036,52483
mark,-1,27056018761,61845
mark,-1,27064956174,49037
mark,-1,27073932485,106627
mark,-1,27082917282,61965
mark,-1,27091858984,48559
mark,-1,27100812418,37860
mark,-1,27109766697,39001
mark,-1,27118722712,35677
mark,-1,27127719832,41175
mark,-1,27136635977,38276
mark,-1,27145648235,44931
mark,-1,27154612153,62811
mark,-1,27163661842,49206
mark,-1,27172538244,34575
sweep,-1,27172599151,2264
mark,-1,27181596621,41387
mark,-1,27190561197,35766
mark,-1,27199627776,64593
mark,-1,27208539607,54072
mark,-1,27217518444,55637
mark,-1,27226515230,36224
mark,-1,27235476587,45737
mark,-1,27244436650,37332
mark,-1,27253372616,42103
mark,-1,27262368842,46100
mark,-1,27271274872,39365
mark,-1,27280280264,44454
mark,-1,27289197535,34727
mark,-1,27298192364,43240
mark,-1,27307139013,41330
mark,-1,27316094030,59628
mark,-1,27325053138,159015
mark,-1,27334099404,35357
mark,-1,27343090822,48956
mark,-1,27352051949,66553
mark,-1,27360990957,58165
mark,-1,27369992875,59007
mark,-1,27378890898,87770
mark,-1,27387932477,51977
mark,-1,27396795523,36661
mark,-1,27405870358,63585
mark,-1,27414712869,39038
mark,-1,27423774795,44434
mark,-1,27432644354,44249
mark,-1,27441681818,65250
mark,-1,27450669296,51551
mark,-1,27459670225,36299
mark,-1,27468606334,123353
mark,-1,27477568594,34454
mark,-1,27486629172,33717
sweep,-1,27486691169,2415
mark,-1,27495587885,34193
sweep,-1,27495648183,2155
mark,-1,27504549745,29511
mark,-1,27513464102,38121
mark,-1,27522546092,41672
mark,-1,27531480756,52810
mark,-1,27540451916,59088
mark,-1,27549411777,302534
mark,-1,27558588059,47078
mark,-1,27567536924,48765
mark,-1,27576493140,39617
mark,-1,27585455114,48144
mark,-1,27594505903,40894
mark,-1,27603464332,35938
mark,-1,27612477967,136424
mark,-1,27621376643,152350
mark,-1,27630543453,52190
mark,-1,27639417146,35079
sweep,-1,27639481435,2602
mark,-1,27648493283,63340
mark,-1,27657351687,39714
mark,-1,27666391853,41841
mark,-1,27675258806,50241
mark,-1,27684316119,61482
mark,-1,27693205044,49965
mark,-1,27702248977,65626
mark,-1,27711178185,238347
mark,-1,27720220702,126877
mark,-1,27729292904,49305
mark,-1,27738240396,52505
mark,-1,27747196685,38064
mark,-1,27756108768,38155
sweep,-1,27756171359,2400
mark,-1,27765099638,31914
sweep,-1,27765160716,2160
mark,-1,27774021602,53974
mark,-1,27783013729,34660
mark,-1,27791973175,40607
mark,-1,27800917767,62980
mark,-1,27809872835,141905
mark,-1,27818881726,76002
mark,-1,27827850540,99369
mark,-1,27836820847,42320
mark,-1,27845785753,34982
mark,-1,27854864291,57028
mark,-1,27863764833,135836
mark,-1,27872820316,145449
mark,-1,27881746764,39533
mark,-1,27890793669,43598
mark,-1,27899667378,33098
sweep,-1,27899731944,2637
mark,-1,27908733195,40802
mark,-1,27917577851,36072
sweep,-1,27917640809,2283
mark,-1,27926700227,64847
mark,-1,27935592197,101243
mark,-1,27944572481,38692
mark,-1,27953502203,189855
mark,-1,27962597088,102367
mark,-1,27971531135,36860
mark,-1,27980490276,52224
mark,-1,27989471668,38902
mark,-1,27998475340,42954
sweep,-1,27998542296,2924
mark,-1,28007465715,31462
sweep,-1,28007528877,2547
mark,-1,28016373618,52293
mark,-1,28025346260,62024
mark,-1,28034368484,67759
mark,-1,28043356274,40559
mark,-1,28052292161,32509
sweep,-1,28052356256,2373
mark,-1,28061251415,37738
mark,-1,28070489155,53688
mark,-1,28079474862,46194
mark,-1,28088411026,36668
mark,-1,28097395017,155977
mark,-1,28106418313,37936
mark,-1,28115420827,143370
mark,-1,28124360201,153298
mark,-1,28133478842,58029
mark,-1,28142424299,40038
sweep,-1,28142491922,2639
mark,-1,28151482665,48204
mark,-1,28160338389,43638
mark,-1,28169377541,41439
mark,-1,28178268204,59138
mark,-1,28187275492,52712
mark,-1,28196189732,33255
mark,-1,28205149331,127950
mark,-1,28214129110,36252
mark,-1,28223082694,45190
mark,-1,28232071519,34088
sweep,-1,28232135098,2232
mark,-1,28240981358,34792
sweep,-1,28241039083,2438
mark,-1,28249973791,37152
mark,-1,28258888272,45119
mark,-1,28267874576,38058
sweep,-1,28267936870,2239
mark,-1,28276817717,38886
mark,-1,28285764765,64611
mark,-1,28294711463,142510
mark,-1,28303721496,37677
mark,-1,28312702009,39365
mark,-1,28321657786,82815
mark,-1,28330698164,51287
mark,-1,28339697969,67774
mark,-1,28348597940,40640
mark,-1,28357608730,50549
mark,-1,28366620340,258688
mark,-1,28375846888,127518
mark,-1,28384735150,51408
mark,-1,28393781152,39674
mark,-1,28402632906,163215
mark,-1,28411748700,36543
sweep,-1,28411809207,2826
mark,-1,28420656969,61624
mark,-1,28429675344,50977
mark,-1,28438709178,34909
mark,-1,28447661278,40143
sweep,-1,28447726524,2789
mark,-1,28456627645,49665
mark,-1,28465568058,40440
mark,-1,28474621273,43969
mark,-1,28483536667,42333
mark,-1,28492538371,36011
mark,-1,28501440511,51043
mark,-1,28510512616,56127
mark,-1,28519504920,41248
mark,-1,28528456831,64872
mark,-1,28537423936,41606
mark,-1,28546465407,41522
mark,-1,28555440126,41047
mark,-1,28564417814,55131
mark,-1,28573356417,50967
mark,-1,28582359451,56754
mark,-1,28591242461,138471
mark,-1,28600305876,44795
mark,-1,28609176808,31834
mark,-1,28618259654,58442
mark,-1,28627119913,38582
mark,-1,28636166501,42406
mark,-1,28645022633,45091
mark,-1,28654062962,62857
mark,-1,28662973131,51592
mark,-1,28671988922,35109
mark,-1,28680932116,47289
mark,-1,28689906530,36263
sweep,-1,28689966550,2577
mark,-1,28698893026,58997
mark,-1,28707835651,42202
mark,-1,28716801949,30493
mark,-1,28725711280,41762
mark,-1,28734725280,41615
mark,-1,28743641885,51117
mark,-1,28752579180,59434
mark,-1,28761516502,122008
mark,-1,28770576708,41146
mark,-1,28779531937,161639
mark,-1,28788569158,41477
mark,-1,28797528819,31858
mark,-1,28806594957,52590
mark,-1,28815536740,50245
mark,-1,28824524095,33694
sweep,-1,28824589213,2833
mark,-1,28833421432,51031
mark,-1,28842520340,33055
sweep,-1,28842587743,2507
mark,-1,28851470570,65359
mark,-1,28860516558,47520
mark,-1,28869365480,37605
mark,-1,28878415652,40696
sweep,-1,28878480658,2389
mark,-1,28887310603,40484
mark,-1,28896351888,33468
mark,-1,28905287811,64579
mark,-1,28914257034,53362
mark,-1,28923194788,48086
mark,-1,28932152460,38348
mark,-1,28941145099,47764
mark,-1,28950068501,37732
sweep,-1,28950128072,2695
mark,-1,28959052821,41813
mark,-1,28967938152,150024
mark,-1,28977023521,53269
mark,-1,28985967492,131337
mark,-1,28994953530,45118
mark,-1,29003906397,52334
mark,-1,29012872733,77141
mark,-1,29021833507,47719
mark,-1,29030782011,41125
mark,-1,29039734907,46733
mark,-1,29048715039,50921
mark,-1,29057640700,37291
sweep,-1,29057710721,2366
mark,-1,29066714171,102513
mark,-1,29075604116,36680
mark,-1,29084625369,56824
mark,-1,29093515641,37746
mark,-1,29102657245,43633
mark,-1,29111511856,138496
mark,-1,29120589351,45169
mark,-1,29129525854,42609
mark,-1,29138626910,37542
mark,-1,29147545629,61674
mark,-1,29156487058,54575
mark,-1,29165410346,36263
mark,-1,29174449495,36660
sweep,-1,29174512980,2344
mark,-1,29183451305,40023
mark,-1,29192378033,133117
mark,-1,29201411261,41146
mark,-1,29210381570,37651
mark,-1,29219393296,56640
mark,-1,29228325383,51975
mark,-1,29237286618,35804
mark,-1,29246235585,121950
mark,-1,29255206354,42698
mark,-1,29264157330,44035
mark,-1,29273119662,46848
mark,-1,29282088301,36971
mark,-1,29291088100,39323
mark,-1,29300036475,42522
mark,-1,29309061901,90105
mark,-1,29317976502,45983
mark,-1,29327016772,52729
mark,-1,29335898434,36963
sweep,-1,29335962087,2322
mark,-1,29344956513,50574
mark,-1,29353822685,40314
mark,-1,29362864755,143118
mark,-1,29371824198,45436
mark,-1,29380833775,45876
mark,-1,29389774208,31818
mark,-1,29398756904,41446
mark,-1,29407704401,48760
mark,-1,29416645022,40349
mark,-1,29425610778,43387
mark,-1,29434593227,41008
mark,-1,29443590958,33185
sweep,-1,29443647103,2734
mark,-1,29452505353,49308
mark,-1,29461487202,36258
sweep,-1,29461556279,2565
mark,-1,29470520297,45533
mark,-1,29479478147,39233
mark,-1,29488454305,33784
sweep,-1,29488513062,2641
mark,-1,29497426227,36436
sweep,-1,29497491550,2834
mark,-1,29506475069,48094
mark,-1,29515448740,41131
mark,-1,29524423587,35538
mark,-1,29533448028,141259
mark,-1,29542452947,49743
mark,-1,29551448583,65795
mark,-1,29560315144,42408
mark,-1,29569365416,40117
mark,-1,29578234586,54836
mark,-1,29587283068,46989
mark,-1,29596165591,46249
mark,-1,29605221269,64018
mark,-1,29614127587,51645
mark,-1,29623118761,35902
mark,-1,29632038831,47360
mark,-1,29641000251,35660
sweep,-1,29641059163,2515
mark,-1,29649968033,52208
mark,-1,29658889112,42878
mark,-1,29667872897,35497
mark,-1,29676762787,133157
mark,-1,29685824272,41097
mark,-1,29694736610,40758
mark,-1,29703702892,41495
mark,-1,29712650395,73658
mark,-1,29721583153,41258
mark,-1,29730625534,53486
mark,-1,29739589453,51428
mark,-1,29748621852,38360
mark,-1,29757586511,51370
mark,-1,29766596707,48886
mark,-1,29775601563,34838
sweep,-1,29775661029,2411
mark,-1,29784489813,51625
mark,-1,29793495593,30304
sweep,-1,29793560831,2096
mark,-1,29802455280,65685
mark,-1,29811522066,47044
mark,-1,29820394393,39457
mark,-1,29829428077,41261
mark,-1,29838387503,40252
mark,-1,29847427111,31250
mark,-1,29856360885,61765
mark,-1,29865308373,54884
mark,-1,29874335541,50386
mark,-1,29883299503,39627
mark,-1,29892289186,48397
mark,-1,29901197604,133518
mark,-1,29910233448,51601
mark,-1,29919120605,103232
mark,-1,29928157280,48665
mark,-1,29937087982,37469
mark,-1,29946105818,59981
mark,-1,29955059964,56796
mark,-1,29964010621,71201
mark,-1,29972941148,42875
mark,-1,29981887903,53802
mark,-1,29990847197,39964
mark,-1,29999846261,48174
mark,-1,30008782203,144855
mark,-1,30017836062,32945
sweep,-1,30017900421,2162
mark,-1,30026743968,36969
mark,-1,30035766952,55539
mark,-1,30044635258,123671
mark,-1,30053759803,50729
mark,-1,30062639080,33296
mark,-1,30071680426,36550
mark,-1,30080563342,47344
mark,-1,30089568934,37990
mark,-1,30098584634,33336
mark,-1,30107563245,43188
mark,-1,30116504668,38449
sweep,-1,30116570763,2500
mark,-1,30125461790,34578
sweep,-1,30125524642,2053
mark,-1,30134515635,40572
mark,-1,30143428090,92492
mark,-1,30152444859,35954
sweep,-1,30152505199,2627
mark,-1,30161369166,52555
mark,-1,30170361142,62800
mark,-1,30179292040,46893
mark,-1,30188242222,117351
mark,-1,30197234067,60227
mark,-1,30206198868,46227
mark,-1,30215147575,39174
mark,-1,30224101970,42829
mark,-1,30233067114,36006
sweep,-1,30233129611,2362
mark,-1,30242058045,64445
mark,-1,30250972448,110492
mark,-1,30259994983,39540
sweep,-1,30260059525,2446
mark,-1,30268864327,57683
mark,-1,30277900338,57458
mark,-1,30286775687,39335
mark,-1,30295821338,49617
mark,-1,30304681308,43215
mark,-1,30313720742,45519
mark,-1,30322626825,57337
mark,-1,30331645360,52880
mark,-1,30340585664,35737
mark,-1,30349534859,38365
sweep,-1,30349599581,2287
mark,-1,30358619617,50723
mark,-1,30367563094,41009
mark,-1,30376549499,44669
mark,-1,30385476439,148312
mark,-1,30394625963,37559
sweep,-1,30394686748,2369
mark,-1,30403528105,42957
mark,-1,30412521245,53963
mark,-1,30421463271,106668
mark,-1,30430496893,51690
mark,-1,30439480435,38084
sweep,-1,30439542509,2323
mark,-1,30448431920,35742
mark,-1,30457381416,48955
mark,-1,30466326443,46554
mark,-1,30475275890,36432
mark,-1,30484275489,58010
mark,-1,30493183174,37802
mark,-1,30502182538,51070
mark,-1,30511062215,82587
mark,-1,30520106089,52732
mark,-1,30528981789,37451
sweep,-1,30529045454,2214
mark,-1,30538036988,41808
mark,-1,30546908427,39052
sweep,-1,30546974828,1991
mark,-1,30555943487,63793
mark,-1,30564828761,50869
mark,-1,30573807101,59296
mark,-1,30582730300,36765
mark,-1,30591676898,46269
mark,-1,30600640832,40838
mark,-1,30609587562,42594
mark,-1,30618651631,45671
mark,-1,30627885005,38909
mark,-1,30636871736,46917
mark,-1,30645801145,33679
mark,-1,30654795341,44374
mark,-1,30663736710,40956
mark,-1,30672671249,55424
mark,-1,30681625720,35074
sweep,-1,30681685750,2727
mark,-1,30690649824,46709
mark,-1,30699599986,32148
mark,-1,30708578070,52666
mark,-1,30717510088,47640
mark,-1,30726576902,31806
mark,-1,30735466170,54461
mark,-1,30744472491,32803
sweep,-1,30744537295,2266
mark,-1,30753345804,63875
mark,-1,30762475084,48169
mark,-1,30771331296,29948
sweep,-1,30771391349,2482
mark,-1,30780369588,73959
mark,-1,30789248050,30700
mark,-1,30798285850,61462
mark,-1,30807202266,38416
sweep,-1,30807268176,2161
mark,-1,30816172587,46006
mark,-1,30825116875,80487
mark,-1,30834081391,36587
mark,-1,30843080157,34736
sweep,-1,30843149402,2758
mark,-1,30851995748,45668
mark,-1,30860973810,51258
mark,-1,30869946498,102416
mark,-1,30878986345,45134
mark,-1,30887919679,67856
mark,-1,30896868032,35077
mark,-1,30905825906,47959
mark,-1,30914788894,70776
mark,-1,30923734733,148637
mark,-1,30932758335,33865
mark,-1,30941726850,33271
mark,-1,30950730553,44075
mark,-1,30959665687,144815
mark,-1,30968727324,35225
mark,-1,30977616310,37690
sweep,-1,30977678011,2495
mark,-1,30986711982,55644
mark,-1,30995589977,37890
mark,-1,31004649439,43848
mark,-1,31013521610,140369
mark,-1,31022693937,47426
mark,-1,31031563486,41605
mark,-1,31040585338,36362
mark,-1,31049511637,60182
mark,-1,31058548448,53039
mark,-1,31067473403,49543
mark,-1,31076425323,112047
mark,-1,31085452010,54048
mark,-1,31094435364,32402
sweep,-1,31094497672,2889
mark,-1,31103419485,49317
mark,-1,31112325051,33971
sweep,-1,31112382849,2202
mark,-1,31121321107,50163
mark,-1,31130255557,51104
mark,-1,31139199278,34543
mark,-1,31148138636,48176
mark,-1,31157079926,137799
mark,-1,31166074242,43392
mark,-1,31175026504,52144
mark,-1,31183988744,37555
mark,-1,31192979847,37297
mark,-1,31201910679,140681
mark,-1,31210965528,40571
mark,-1,31219858384,75919
mark,-1,31228891957,28179
sweep,-1,31228954190,2421
mark,-1,31237779972,64638
mark,-1,31246828443,55679
mark,-1,31255691034,36834
mark,-1,31264741047,34232
sweep,-1,31264798913,2353
mark,-1,31273617155,39786
sweep,-1,31273685559,2798
mark,-1,31282706914,42357
mark,-1,31291632429,29903
mark,-1,31300597583,38030
sweep,-1,31300659949,2374
mark,-1,31309539562,50530
mark,-1,31318552920,54457
mark,-1,31327521848,39145
mark,-1,31336432684,38802
sweep,-1,31336495092,2305
mark,-1,31345493098,34478
sweep,-1,31345556171,2721
mark,-1,31354476312,53446
mark,-1,31363529698,35973
sweep,-1,31363597926,2250
mark,-1,31372487762,39501
mark,-1,31381458668,65951
mark,-1,31390503195,42936
mark,-1,31399458020,38876
mark,-1,31408416813,32532
mark,-1,31417388953,59978
mark,-1,31426406773,52680
mark,-1,31435404846,149629
mark,-1,31444341010,35525
sweep,-1,31444398594,2328
mark,-1,31453343662,45534
mark,-1,31462231678,131058
mark,-1,31471298799,139396
mark,-1,31480197853,56091
mark,-1,31489234027,114062
mark,-1,31498106146,32831
sweep,-1,31498166847,2421
mark,-1,31507131302,41340
mark,-1,31516010480,57788
mark,-1,31524997739,52186
mark,-1,31533940820,34547
mark,-1,31542898304,73421
mark,-1,31551820632,37360
mark,-1,31560769778,43929
mark,-1,31569805058,34756
mark,-1,31578793287,52066
mark,-1,31587824425,47186
mark,-1,31596752482,40720
mark,-1,31605724421,34641
mark,-1,31614692025,39222
mark,-1,31623641745,63405
mark,-1,31632592679,44111
mark,-1,31641538191,73212
mark,-1,31650573300,49687
mark,-1,31659528080,40897
mark,-1,31668478735,43173
mark,-1,31677477183,52563
mark,-1,31686459988,55312
mark,-1,31695513335,63411
mark,-1,31704396514,40434
mark,-1,31713478779,39212
mark,-1,31722426807,104579
mark,-1,31731534496,36398
sweep,-1,31731595979,2740
mark,-1,31740418940,44285
mark,-1,31749476490,63315
mark,-1,31758454390,169970
mark,-1,31767502425,45192
mark,-1,31776419061,62465
mark,-1,31785338864,82275
mark,-1,31794298722,39493
mark,-1,31803202287,40851
mark,-1,31812149928,49776
mark,-1,31821033053,37691
mark,-1,31830084352,45267
mark,-1,31839014671,35702
sweep,-1,31839078620,2194
mark,-1,31847993010,41575
mark,-1,31856942280,111210
mark,-1,31865912976,110135
mark,-1,31874889444,47483
mark,-1,31883859182,39244
mark,-1,31892821361,33723
mark,-1,31901796583,59379
mark,-1,31910728342,52682
mark,-1,31919726431,56083
mark,-1,31928616455,41889
mark,-1,31937633936,61128
mark,-1,31946580744,40262
mark,-1,31955639728,41314
mark,-1,31964490705,52784
mark,-1,31973535490,34360
sweep,-1,31973598529,2318
mark,-1,31982552424,45313
mark,-1,31991585055,40871
mark,-1,32000490747,40986
mark,-1,32009453778,178382
mark,-1,32018554468,142058
mark,-1,32027559703,148711
mark,-1,32036569747,51740
mark,-1,32045517402,34712
sweep,-1,32045579067,2297
mark,-1,32054567669,56919
mark,-1,32063576350,36604
mark,-1,32072750636,69245
mark,-1,32081709619,44280
mark,-1,32090719579,43504
mark,-1,32099626647,107670
mark,-1,32108568472,39636
mark,-1,32117492884,137666
mark,-1,32126567773,166349
mark,-1,32135586075,42607
mark,-1,32144555429,35921
sweep,-1,32144619210,2067
mark,-1,32153501134,42630
mark,-1,32162589129,53014
mark,-1,32171471992,39060
sweep,-1,32171533938,2322
mark,-1,32180483964,59960
mark,-1,32189391463,123454
mark,-1,32198578478,45565
mark,-1,32207437266,63119
mark,-1,32216475311,42850
mark,-1,32225325884,47740
mark,-1,32234361450,39145
mark,-1,32243258440,39520
mark,-1,32252238449,61618
mark,-1,32261179659,38531
mark,-1,32270139300,41382
mark,-1,32279096925,37392
mark,-1,32288004887,115434
mark,-1,32297024721,39554
mark,-1,32305959796,36332
sweep,-1,32306019444,2203
mark,-1,32314949257,99580
mark,-1,32323891530,54868
mark,-1,32332835805,51696
mark,-1,32341790745,42711
mark,-1,32350733536,60315
mark,-1,32359687469,158504
mark,-1,32369620248,44994
mark,-1,32381315234,56531
mark,-1,32392975984,78818
mark,-1,32404619214,68890
mark,-1,32416318758,73282
mark,-1,32427829734,49367
mark,-1,32439538221,79120
mark,-1,32451037736,50409
mark,-1,32462823906,97462
mark,-1,32474360908,49725
mark,-1,32486114872,50827
mark,-1,32497611571,53908
mark,-1,32509428703,81399
mark,-1,32521045689,62851
mark,-1,32532711577,79004
mark,-1,32544310702,48848
mark,-1,32555965269,49718
mark,-1,32567607348,42318
mark,-1,32579236849,43431
mark,-1,32590908758,51896
mark,-1,32602490023,60114
mark,-1,32614225317,149746
mark,-1,32625890771,85860
mark,-1,32637534407,73503
mark,-1,32649212050,55915
mark,-1,32660831503,70390
mark,-1,32672435875,42732
mark,-1,32684089626,51214
mark,-1,32695723131,41337
mark,-1,32707425007,65303
mark,-1,32719014257,59697
mark,-1,32730703173,39786
mark,-1,32742253743,64962
mark,-1,32753977261,38953
mark,-1,32765507616,76144
mark,-1,32777347458,55939
mark,-1,32788855590,34861
mark,-1,32800631242,57382
mark,-1,32812180621,51286
mark,-1,32823925649,81130
mark,-1,32835508751,47790
mark,-1,32847235857,56467
mark,-1,32858843546,166611
mark,-1,32870518871,166246
mark,-1,32882226864,39247
mark,-1,32893850292,132686
mark,-1,32905539482,91135
mark,-1,32917191545,50266
mark,-1,32928869989,160340
mark,-1,32940547854,44535
mark,-1,32952204030,64355
mark,-1,32963823673,143643
mark,-1,32975472362,123835
mark,-1,32987114145,84103
mark,-1,32998757304,64424
mark,-1,33010412455,63334
mark,-1,33022063343,48921
mark,-1,33033683423,42006
mark,-1,33045479125,69320
mark,-1,33057077052,65277
mark,-1,33068791013,56114
mark,-1,33080333242,148212
mark,-1,33092163056,53158
mark,-1,33103675367,80981
mark,-1,33115418724,83701
mark,-1,33126946817,57896
mark,-1,33138712392,73939
mark,-1,33150262013,64534
mark,-1,33161929024,79876
mark,-1,33173493170,137555
mark,-1,33185219551,144591
mark,-1,33196849853,47942
mark,-1,33208469416,56451
mark,-1,33220110702,41652
mark,-1,33231673785,57636
mark,-1,33243343250,144728
mark,-1,33254953866,64626
mark,-1,33266609314,48490
mark,-1,33278225201,50107
mark,-1,33289824306,77141
mark,-1,33301409763,47621
mark,-1,33313130335,169657
mark,-1,33324805246,48793
mark,-1,33336465311,136402
mark,-1,33348100471,57297
mark,-1,33359874271,74780
mark,-1,33371419390,49098
mark,-1,33383114859,62963
mark,-1,33394639514,223816
mark,-1,33406430561,54735
mark,-1,33418005260,77946
mark,-1,33429736987,136640
mark,-1,33441243430,52351
mark,-1,33452982194,50573
mark,-1,33464522328,72324
mark,-1,33476210799,62308
mark,-1,33487800450,42190
mark,-1,33499441926,49174
mark,-1,33511051621,61675
mark,-1,33522681073,51219
mark,-1,33534342625,53218
mark,-1,33545928983,48645
mark,-1,33557623629,40701
mark,-1,33569275098,58654
mark,-1,33580973966,46378
mark,-1,33592604953,46866
mark,-1,33604251454,81077
mark,-1,33615870920,51059
mark,-1,33627520038,166672
mark,-1,33639201768,50169
mark,-1,33650863738,83511
mark,-1,33662452830,59076
mark,-1,33674164171,80502
mark,-1,33685693782,48070
mark,-1,33697379452,111694
mark,-1,33709008607,146746
mark,-1,33720817117,61954
mark,-1,33732337848,42097
mark,-1,33744187331,51577
mark,-1,33755683304,44352
mark,-1,33767415238,79761
mark,-1,33778946053,120219
mark,-1,33790597861,47465
mark,-1,33802199454,73893
mark,-1,33813815485,75980
mark,-1,33825466248,64531
mark,-1,33837147366,49566
mark,-1,33848769716,53202
mark,-1,33860334152,49690
mark,-1,33872076229,40835
mark,-1,33883616245,58315
mark,-1,33895285308,47077
mark,-1,33906901483,47644
mark,-1,33918530185,77449
mark,-1,33930140992,50130
mark,-1,33941803750,41889
mark,-1,33953428969,39417
mark,-1,33965172945,74148
mark,-1,33976776567,59573
mark,-1,33988459569,64760
mark,-1,33999999495,168942
mark,-1,34011773135,55278
mark,-1,34023294870,39939
mark,-1,34035072704,74011
mark,-1,34046573339,160423
mark,-1,34058373246,56440
mark,-1,34069864755,60552
mark,-1,34081590393,46255
mark,-1,34093225763,50317
mark,-1,34104903079,73671
mark,-1,34116490415,45676
mark,-1,34128130405,155840
mark,-1,34139790932,59165
mark,-1,34151409124,150871
mark,-1,34163114274,47090
mark,-1,34174701511,46428
mark,-1,34186387718,53687
mark,-1,34197952721,40182
mark,-1,34209606216,50860
mark,-1,34221290728,47252
mark,-1,34232983073,71745
mark,-1,34244592800,41787
mark,-1,34256258747,54324
mark,-1,34267888068,42426
mark,-1,34279560025,64426
mark,-1,34291153376,60102
mark,-1,34302846164,37556
mark,-1,34314386982,65527
mark,-1,34326106838,39860
mark,-1,34337649898,76069
mark,-1,34349506814,57713
mark,-1,34361117374,96885
mark,-1,34372900244,42302
mark,-1,34384427802,47464
mark,-1,34396139660,39722
mark,-1,34407739456,75001
mark,-1,34419370141,65853
mark,-1,34430968341,162692
mark,-1,34442650292,164860
mark,-1,34454368254,40663
mark,-1,34465988119,79499
mark,-1,34477626460,59977
mark,-1,34489279953,45365
mark,-1,34500972668,57589
mark,-1,34512553706,66844
mark,-1,34524190510,72708
mark,-1,34535798845,327475
mark,-1,34547576227,58552
mark,-1,34559187475,42824
mark,-1,34570846741,46500
mark,-1,34582478652,39033
mark,-1,34594184083,65914
mark,-1,34605798816,60010
mark,-1,34617479711,38117
mark,-1,34629092135,62710
mark,-1,34640872403,38630
mark,-1,34652397633,78670
mark,-1,34664159068,57620
mark,-1,34675672086,54402
mark,-1,34687416758,177349
mark,-1,34698995819,68108
mark,-1,34710725379,77176
mark,-1,34722271769,54456
mark,-1,34733929821,49708
mark,-1,34745511026,58330
mark,-1,34757208201,176961
mark,-1,34768885228,65167
mark,-1,34780493698,52472
mark,-1,34792144627,68722
mark,-1,34803679625,46024
mark,-1,34815366373,54007
mark,-1,34826961541,43479
mark,-1,34838612154,63022
mark,-1,34850216744,142375
mark,-1,34861876558,52108
mark,-1,34873529314,50513
mark,-1,34885226781,70264
mark,-1,34896822735,55652
mark,-1,34908499372,67585
mark,-1,34920103482,60744
mark,-1,34931802166,39698
mark,-1,34943360842,66395
mark,-1,34955081006,41193
mark,-1,34966615894,78329
mark,-1,34978378059,58342
mark,-1,34989899501,56297
mark,-1,35001735859,153268
mark,-1,35013328509,74155
mark,-1,35025052431,44048
mark,-1,35036631832,78585
mark,-1,35048305056,105922
mark,-1,35059872979,57886
mark,-1,35071503391,62690
mark,-1,35083141667,64755
mark,-1,35094768380,52468
mark,-1,35106430639,43306
mark,-1,35118018576,46693
mark,-1,35129714333,53792
mark,-1,35141306250,63905
mark,-1,35152943288,69920
mark,-1,35164534587,53330
mark,-1,35176158586,61267
mark,-1,35187760240,55811
mark,-1,35199418843,47990
mark,-1,35211046505,125250
mark,-1,35222771327,76530
mark,-1,35234332380,66065
mark,-1,35246006803,81155
mark,-1,35257502156,68214
mark,-1,35269279380,56261
mark,-1,35280813033,43287
mark,-1,35292598815,40934
mark,-1,35304124805,55484
mark,-1,35315888438,42598
mark,-1,35327431391,46658
mark,-1,35339161527,38530
mark,-1,35350832271,74336
mark,-1,35362456820,62910
mark,-1,35374027054,59423
mark,-1,35385647664,198764
mark,-1,35397428546,66338
mark,-1,35409113668,51919
mark,-1,35420764139,42544
mark,-1,35432314404,53448
mark,-1,35443991970,39544
mark,-1,35455597812,55197
mark,-1,35467216151,75599
mark,-1,35478820013,72168
mark,-1,35490451172,129791
mark,-1,35502071319,50268
mark,-1,35513717032,67913
mark,-1,35525305113,48922
mark,-1,35536971641,56870
mark,-1,35548555697,56029
mark,-1,35560266332,45973
mark,-1,35571811315,67137
mark,-1,35583532048,76682
mark,-1,35595034251,47984
mark,-1,35606807669,54850
mark,-1,35618300666,157807
mark,-1,35630078322,56738
mark,-1,35641602576,52232
mark,-1,35653406400,179693
mark,-1,35665057892,66409
mark,-1,35676711853,55456
mark,-1,35688310122,155835
mark,-1,35699944518,53199
mark,-1,35711575385,67059
mark,-1,35723172895,51495
mark,-1,35734905709,42756
mark,-1,35746471246,52714
mark,-1,35758154054,45085
mark,-1,35769736701,177076
mark,-1,35781447573,59245
mark,-1,35793137515,48504
mark,-1,35804794392,130912
mark,-1,35816437895,170891
mark,-1,35828135310,51747
mark,-1,35839774957,42364
mark,-1,35851460749,64175
mark,-1,35863135125,60420
mark,-1,35874812381,38736
mark,-1,35886341870,62572
mark,-1,35898060334,38909
mark,-1,35909574365,76581
mark,-1,35921398798,55596
mark,-1,35932967504,44603
mark,-1,35944710222,50307
mark,-1,35956229124,50192
mark,-1,35967954263,38415
mark,-1,35979567906,75333
mark,-1,35991204282,63485
mark,-1,36002796018,45439
mark,-1,36014432842,43492
mark,-1,36026094026,66307
mark,-1,36037752679,71191
mark,-1,36049476946,51839
mark,-1,36061095516,53899
mark,-1,36071440234,38912
sweep,-1,36071504145,2576
mark,-1,36080375697,38260
mark,-1,36089319232,107391
mark,-1,36098291393,59895
mark,-1,36107236113,44511
mark,-1,36116186744,38895
mark,-1,36125138313,41721
mark,-1,36134097267,34354
sweep,-1,36134158091,2491
mark,-1,36143099901,67572
mark,-1,36152037000,37968
mark,-1,36161044714,46442
mark,-1,36169942482,45094
mark,-1,36179001022,43765
mark,-1,36187856363,29508
sweep,-1,36187920647,2359
mark,-1,36196902429,53310
mark,-1,36205762339,43853
mark,-1,36214805514,54825
mark,-1,36223708602,49549
mark,-1,36232697336,54925
mark,-1,36241633330,36644
mark,-1,36250666270,148321
mark,-1,36259663529,51520
mark,-1,36268590442,40039
mark,-1,36277550913,93092
mark,-1,36286529785,41722
mark,-1,36295532067,63812
mark,-1,36304404515,54335
mark,-1,36313387151,60323
mark,-1,36322382097,49388
mark,-1,36331331880,110574
mark,-1,36340306667,60532
mark,-1,36349257724,125729
mark,-1,36358243978,44908
mark,-1,36367316930,45437
mark,-1,36376351916,57839
mark,-1,36385346232,38977
mark,-1,36394265298,143799
mark,-1,36403323470,39742
sweep,-1,36403388691,3111
mark,-1,36412191359,73785
mark,-1,36421214192,29583
sweep,-1,36421277884,2531
mark,-1,36430102488,65797
mark,-1,36439156332,41086
mark,-1,36448004863,40632
mark,-1,36457022725,44263
mark,-1,36465911416,59225
mark,-1,36474985172,43534
mark,-1,36483904820,61771
mark,-1,36492841438,52067
mark,-1,36501850623,73322
mark,-1,36510807206,48571
mark,-1,36519778469,34874
mark,-1,36528696408,38738
sweep,-1,36528758734,2250
mark,-1,36537675886,42365
mark,-1,36546657832,42501
sweep,-1,36546727509,2537
mark,-1,36555634653,58086
mark,-1,36564544067,172878
mark,-1,36573539228,50267
mark,-1,36582526583,135764
mark,-1,36591484948,88839
mark,-1,36600420104,35821
mark,-1,36609349305,43258
mark,-1,36618289329,111778
mark,-1,36627252186,105756
mark,-1,36636183633,36559
mark,-1,36645154262,32893
sweep,-1,36645218355,2068
mark,-1,36654003220,53134
mark,-1,36663006574,60712
mark,-1,36671841086,40359
mark,-1,36680882686,42606
mark,-1,36689717634,137883
mark,-1,36698777040,47269
mark,-1,36707646215,41982
mark,-1,36716642756,64450
mark,-1,36725523328,41956
mark,-1,36734564941,46452
mark,-1,36743517126,47758
mark,-1,36752458168,42005
mark,-1,36761431010,43434
mark,-1,36770431588,37222
sweep,-1,36770490840,2540
mark,-1,36779389076,38864
mark,-1,36788276821,145410
mark,-1,36797336836,51827
mark,-1,36806271242,52975
mark,-1,36815213678,35067
mark,-1,36824160024,47471
mark,-1,36833095867,163678
mark,-1,36842068602,48635
mark,-1,36851023728,42126
mark,-1,36859995763,48124
mark,-1,36868970139,50746
mark,-1,36877887538,37811
mark,-1,36886874705,94661
mark,-1,36895745050,81484
mark,-1,36904797275,46396
mark,-1,36913655314,31029
mark,-1,36922795701,41842
mark,-1,36931650342,40085
mark,-1,36940698379,46370
mark,-1,36949657075,61376
mark,-1,36958717379,43484
mark,-1,36967620044,30762
sweep,-1,36967685287,2849
mark,-1,36976598628,44197
mark,-1,36985540344,39417
mark,-1,36994572043,31697
mark,-1,37003563124,40697
mark,-1,37012462598,38226
sweep,-1,37012526103,2268
mark,-1,37021454616,93736
mark,-1,37030448351,99378
mark,-1,37039467383,52051
mark,-1,37048390262,45787
mark,-1,37057336621,40511
mark,-1,37066290708,50679
mark,-1,37075231050,51019
mark,-1,37084172762,41366
mark,-1,37093120791,46070
mark,-1,37102077944,46000
mark,-1,37111047534,34080
mark,-1,37119962345,42983
mark,-1,37128963811,52470
mark,-1,37137825380,61283
mark,-1,37146855058,47393
mark,-1,37155713924,35297
sweep,-1,37155775498,2377
mark,-1,37164736317,42792
mark,-1,37173590859,36237
mark,-1,37182700060,64313
mark,-1,37191588923,53214
mark,-1,37200550953,57891
mark,-1,37209479992,37946
mark,-1,37218521963,47980
mark,-1,37227466716,39312
sweep,-1,37227534309,2508
mark,-1,37236389270,40699
mark,-1,37245370227,45222
mark,-1,37254273199,39613
mark,-1,37263261526,42849
mark,-1,37272174405,33841
sweep,-1,37272240926,2717
mark,-1,37281153194,40927
mark,-1,37290163383,40853
mark,-1,37299108019,54734
mark,-1,37308032379,33499
sweep,-1,37308090533,2293
mark,-1,37316972558,45150
mark,-1,37325922708,33292
mark,-1,37334889647,53035
mark,-1,37343808100,49654
mark,-1,37352800726,32026
mark,-1,37361699822,158131
mark,-1,37370781948,58169
mark,-1,37379643027,39396
mark,-1,37388708232,37594
mark,-1,37397565393,42125
mark,-1,37406673595,36554
sweep,-1,37406734976,2340
mark,-1,37415556628,40300
mark,-1,37424564892,29931
mark,-1,37433487004,61501
mark,-1,37442525414,51471
mark,-1,37451458604,46385
mark,-1,37460395544,42157
mark,-1,37469367465,43732
mark,-1,37478297825,35983
sweep,-1,37478364574,3013
mark,-1,37487341918,42922
mark,-1,37496222014,162697
mark,-1,37505304094,51251
mark,-1,37514215693,53038
mark,-1,37523157159,34885
sweep,-1,37523217043,2297
mark,-1,37532099034,50866
mark,-1,37541040859,204883
mark,-1,37550083757,35020
sweep,-1,37550146502,2525
mark,-1,37559028261,89337
mark,-1,37567975343,126386
mark,-1,37576967045,67375
mark,-1,37585885519,56047
mark,-1,37594864402,69811
mark,-1,37603722363,33685
mark,-1,37612736254,63039
mark,-1,37621596185,42607
mark,-1,37630759088,39635
mark,-1,37639614420,136967
mark,-1,37648689281,39053
mark,-1,37657548335,51322
mark,-1,37666634516,61134
mark,-1,37675548965,126885
mark,-1,37684553192,51390
mark,-1,37693472118,38537
sweep,-1,37693535388,2896
mark,-1,37702496835,183119
mark,-1,37711526064,60524
mark,-1,37720485795,40450
mark,-1,37729452515,31890
sweep,-1,37729518471,2568
mark,-1,37738429071,37849
mark,-1,37747497452,37691
mark,-1,37756420679,61800
mark,-1,37765359976,52911
mark,-1,37774297350,44670
mark,-1,37783240239,57658
mark,-1,37792189592,37364
sweep,-1,37792251562,2570
mark,-1,37801136149,50612
mark,-1,37810109888,41341
mark,-1,37819089175,48446
mark,-1,37828026233,49042
mark,-1,37837016801,32003
mark,-1,37845932164,52749
mark,-1,37854932649,32732
sweep,-1,37854998939,2678
mark,-1,37863813896,65406
mark,-1,37872936225,47867
mark,-1,37881796274,35479
mark,-1,37890847900,41096
mark,-1,37899709665,41091
mark,-1,37908721514,31911
mark,-1,37917674680,63088
mark,-1,37926709405,54879
mark,-1,37935627954,48926
mark,-1,37944550808,43423
mark,-1,37953562184,44234
mark,-1,37962579591,33707
sweep,-1,37962635401,2233
mark,-1,37971564207,41801
mark,-1,37980446881,134440
mark,-1,37989464099,41428
mark,-1,37998472437,50303
mark,-1,38007407272,61535
mark,-1,38016339602,57058
mark,-1,38025275124,72004
mark,-1,38034194245,42281
mark,-1,38043145910,51350
mark,-1,38052074894,40430
mark,-1,38061032216,46542
mark,-1,38069949036,139323
mark,-1,38078994407,34211
sweep,-1,38079055186,2845
mark,-1,38087892898,42097
mark,-1,38096903314,125793
mark,-1,38105822760,54345
mark,-1,38114846590,41547
mark,-1,38123672810,132218
mark,-1,38132714333,37176
mark,-1,38141552755,51740
mark,-1,38150647622,63163
mark,-1,38159557147,45589
mark,-1,38168523453,75293
mark,-1,38177440782,122485
mark,-1,38186494715,48519
mark,-1,38195451171,36528
mark,-1,38204367568,35380
sweep,-1,38204429039,2514
mark,-1,38213348243,41918
mark,-1,38222254963,36631
sweep,-1,38222315474,2407
mark,-1,38231266360,34135
sweep,-1,38231323451,2471
mark,-1,38240186980,48738
mark,-1,38249128439,56083
mark,-1,38258070521,131486
mark,-1,38267048648,63993
mark,-1,38275987755,38861
sweep,-1,38276052840,2409
mark,-1,38284947015,92915
mark,-1,38293918556,54604
mark,-1,38302863070,63237
mark,-1,38311785523,50764
mark,-1,38320758366,57455
mark,-1,38329628087,165143
mark,-1,38338762574,41836
mark,-1,38347639040,31979
mark,-1,38356776841,61791
mark,-1,38365625864,41040
mark,-1,38374749574,127306
mark,-1,38383653675,40880
mark,-1,38392695434,48033
mark,-1,38401595832,45946
mark,-1,38410633340,60485
mark,-1,38419560952,36816
sweep,-1,38419628022,2723
mark,-1,38428504662,42337
sweep,-1,38428572450,2809
mark,-1,38437460590,34591
mark,-1,38446465583,37128
sweep,-1,38446528630,2591
mark,-1,38455427109,30070
mark,-1,38464317991,43644
mark,-1,38473307605,98681
mark,-1,38482249308,37932
sweep,-1,38482315379,2678
mark,-1,38491205053,49567
mark,-1,38500136161,136256
mark,-1,38509126093,40688
mark,-1,38518156917,35205
sweep,-1,38518216673,2540
mark,-1,38527091698,77722
mark,-1,38536050741,44574
mark,-1,38545018604,55731
mark,-1,38553955083,51232
mark,-1,38562936967,33378
sweep,-1,38563001068,2549
mark,-1,38571830722,50426
mark,-1,38580838170,105992
mark,-1,38589734168,48550
mark,-1,38598807979,39898
mark,-1,38607665434,130430
mark,-1,38616727401,36028
mark,-1,38625593263,53267
mark,-1,38634694352,62310
mark,-1,38643573470,45291
mark,-1,38652528161,43078
mark,-1,38661472119,51072
mark,-1,38670481595,47098
mark,-1,38679460081,39408
mark,-1,38688365049,90392
mark,-1,38697359634,169559
mark,-1,38706397348,31802
sweep,-1,38706459255,2569
mark,-1,38715396930,34501
mark,-1,38724292134,50435
mark,-1,38733233913,57797
mark,-1,38742180201,78736
mark,-1,38751113912,42235
mark,-1,38760064933,163704
mark,-1,38769082554,41576
mark,-1,38778014197,32784
mark,-1,38786983023,53129
mark,-1,38795907960,50669
mark,-1,38804910206,35428
sweep,-1,38804969747,2628
mark,-1,38813787922,53493
mark,-1,38822792932,30733
mark,-1,38831665489,64082
mark,-1,38840732448,47851
mark,-1,38849586325,29690
sweep,-1,38849647195,2426
mark,-1,38858700916,70596
mark,-1,38867640325,34338
sweep,-1,38867705881,2816
mark,-1,38876667627,63689
mark,-1,38885586360,113488
mark,-1,38894637363,55331
mark,-1,38903559398,156735
mark,-1,38912578495,39912
sweep,-1,38912643164,2825
mark,-1,38921601219,38164
mark,-1,38930601098,96000
mark,-1,38939591247,49684
mark,-1,38948472555,35744
sweep,-1,38948531282,2533
mark,-1,38957469702,46773
mark,-1,38966463552,56263
mark,-1,38975394237,60297
mark,-1,38984322642,45664
mark,-1,38993268662,52861
mark,-1,39002190516,47750
mark,-1,39011132879,84719
mark,-1,39020093254,48780
mark,-1,39029047930,57062
mark,-1,39037978512,53054
mark,-1,39046974708,67310
mark,-1,39055838260,30076
mark,-1,39064849375,62125
mark,-1,39073703576,44435
mark,-1,39082764790,38700
mark,-1,39091622854,134792
mark,-1,39100693112,41560
mark,-1,39109550242,52240
mark,-1,39118639609,199180
mark,-1,39127630588,60311
mark,-1,39136577982,39204
mark,-1,39145515216,129509
mark,-1,39154574659,47033
mark,-1,39163513354,37689
mark,-1,39172426508,34806
sweep,-1,39172487389,2790
mark,-1,39181404079,42803
mark,-1,39190398545,37382
sweep,-1,39190459172,2258
mark,-1,39199395561,96038
mark,-1,39208331605,69333
mark,-1,39217277040,60151
mark,-1,39226211726,47473
mark,-1,39235146959,58038
mark,-1,39244076088,37838
mark,-1,39253019434,45257
mark,-1,39261960619,34630
mark,-1,39270927694,52219
mark,-1,39279857166,51111
mark,-1,39288851336,32807
mark,-1,39297749343,53817
mark,-1,39306750139,31492
sweep,-1,39306815628,2575
mark,-1,39315627266,64609
mark,-1,39324732644,46245
mark,-1,39333579989,38261
mark,-1,39342689500,58549
mark,-1,39351587150,39751
mark,-1,39360599170,32864
mark,-1,39369533503,62293
mark,-1,39378553526,55462
mark,-1,39387494951,47000
mark,-1,39396441263,36923
mark,-1,39405415708,47078
mark,-1,39414394554,80815
mark,-1,39423373909,38627
mark,-1,39432244769,148392
mark,-1,39441304728,153726
mark,-1,39450358027,63843
mark,-1,39459288683,61023
mark,-1,39468214963,118030
mark,-1,39477174582,65074
mark,-1,39486105430,40951
mark,-1,39495043165,44688
mark,-1,39503984261,35196
mark,-1,39512946709,51687
mark,-1,39521880460,49824
mark,-1,39530860281,62920
mark,-1,39539729861,55927
mark,-1,39548740114,47760
mark,-1,39557599112,35926
sweep,-1,39557663214,2256
mark,-1,39566734049,35141
sweep,-1,39566795678,2294
mark,-1,39575590329,42218
mark,-1,39584613181,46274
mark,-1,39593466389,65880
mark,-1,39602569378,41036
sweep,-1,39602635919,2291
mark,-1,39611488265,65204
mark,-1,39620434924,52684
mark,-1,39629359639,36192
sweep,-1,39629419836,2590
mark,-1,39638300447,40455
mark,-1,39647269725,50937
mark,-1,39656166798,32944
mark,-1,39665155370,46477
mark,-1,39674050673,45436
mark,-1,39683039844,38270
mark,-1,39691948509,47897
mark,-1,39700903367,62953
mark,-1,39709859376,57285
mark,-1,39718801370,73425
mark,-1,39727806212,44288
mark,-1,39736746485,52044
mark,-1,39745681039,39508
sweep,-1,39745760549,2231
mark,-1,39754734364,45362
mark,-1,39763655742,143993
mark,-1,39772701541,45868
mark,-1,39781581170,54641
mark,-1,39790677221,34961
mark,-1,39799529811,172513
mark,-1,39808603302,50829
mark,-1,39817435148,40135
mark,-1,39826549422,34408
sweep,-1,39826607603,2938
mark,-1,39835412566,59158
mark,-1,39844422253,34120
mark,-1,39853347607,64541
mark,-1,39862370782,89983
mark,-1,39871255513,46893
mark,-1,39880167507,37424
sweep,-1,39880236615,2835
mark,-1,39889126643,63241
mark,-1,39898016757,48058
mark,-1,39906988133,35231
mark,-1,39915886421,39298
mark,-1,39924858478,42355
mark,-1,39933764324,69317
mark,-1,39942787068,60205
mark,-1,39951729291,126279
mark,-1,39960703618,31157
mark,-1,39969642026,44478
mark,-1,39978659578,86057
mark,-1,39987631666,45743
mark,-1,39996594099,56738
mark,-1,40005518316,49426
mark,-1,40014600275,32371
mark,-1,40023496274,52143
mark,-1,40032511876,32217
mark,-1,40041438257,63407
mark,-1,40050551962,90679
mark,-1,40059425035,38492
mark,-1,40068616796,43238
mark,-1,40077549997,63005
mark,-1,40086654146,36746
sweep,-1,40086715556,2304
mark,-1,40095555906,66486
mark,-1,40104499967,53694
mark,-1,40113437830,34627
mark,-1,40122471342,39571
mark,-1,40131433319,52207
mark,-1,40140334904,33502
mark,-1,40149329686,47177
mark,-1,40158221807,44808
mark,-1,40167217437,40312
mark,-1,40176143100,83027
mark,-1,40185084779,44384
mark,-1,40194034114,126788
mark,-1,40203008344,53574
mark,-1,40211933452,72717
mark,-1,40220890795,39032
mark,-1,40229847187,28237
mark,-1,40238829976,44185
mark,-1,40247748119,134643
mark,-1,40256789403,32519
sweep,-1,40256853062,2192
mark,-1,40265683033,40650
sweep,-1,40265752506,2397
mark,-1,40274761439,56857
mark,-1,40283596876,121095
mark,-1,40292645134,48952
mark,-1,40301467607,42203
mark,-1,40310579173,40911
mark,-1,40319458836,40501
mark,-1,40328475040,31348
mark,-1,40337416915,62788
mark,-1,40346457087,53019
mark,-1,40355380179,49435
mark,-1,40364323162,43442
mark,-1,40373407002,45414
mark,-1,40382406768,34449
sweep,-1,40382463535,2284
mark,-1,40391385227,40596
mark,-1,40400261179,136617
mark,-1,40409302761,42300
mark,-1,40418234165,119837
mark,-1,40427191216,119098
mark,-1,40436164404,51850
mark,-1,40445116612,53351
mark,-1,40454056179,144111
mark,-1,40463074511,53558
mark,-1,40472023726,40793
mark,-1,40481010141,54440
mark,-1,40489931824,51562
mark,-1,40498913798,33431
sweep,-1,40498978086,2227
mark,-1,40507798333,54280
mark,-1,40516801653,32771
sweep,-1,40516867846,2853
mark,-1,40525673552,65317
mark,-1,40534814699,127961
mark,-1,40543680779,41564
mark,-1,40552704152,35512
sweep,-1,40552763969,2852
mark,-1,40561570547,60498
mark,-1,40570662772,31949
mark,-1,40579610113,65581
mark,-1,40588570726,88205
mark,-1,40597475786,48548
mark,-1,40606494542,51294
mark,-1,40615446247,53695
mark,-1,40624353243,42761
mark,-1,40633307853,34280
mark,-1,40642188247,131338
mark,-1,40651241491,41324
mark,-1,40660158810,71064
mark,-1,40669099629,59472
mark,-1,40678042499,46524
mark,-1,40686979252,57323
mark,-1,40695917037,36164
sweep,-1,40695978353,2480
mark,-1,40704848947,42261
mark,-1,40713808111,42465
mark,-1,40722773547,47792
mark,-1,40731727096,49455
mark,-1,40740698917,30341
mark,-1,40749570873,51366
mark,-1,40758664560,29299
sweep,-1,40758728553,2935
mark,-1,40767530277,64270
mark,-1,40776571520,48100
mark,-1,40785417427,39938
mark,-1,40794531404,45392
mark,-1,40803404231,39115
mark,-1,40812411494,33616
mark,-1,40821342388,59200
mark,-1,40830319869,52073
mark,-1,40839252043,49441
mark,-1,40848261742,38794
mark,-1,40857227512,48070
mark,-1,40866110176,37679
mark,-1,40875073817,41390
mark,-1,40883932748,161579
mark,-1,40892982675,54268
mark,-1,40901892721,50635
mark,-1,40910818689,36056
mark,-1,40919731722,48809
mark,-1,40928652660,137702
mark,-1,40937605486,42066
mark,-1,40946619699,48659
mark,-1,40955567604,34227
mark,-1,40964542617,33757
sweep,-1,40964605816,2284
mark,-1,40973464628,43251
mark,-1,40982531055,147105
mark,-1,40991467472,37896
mark,-1,41000571553,49778
mark,-1,41009511603,36355
sweep,-1,41009575407,2394
mark,-1,41018640805,44833
mark,-1,41027488030,37256
mark,-1,41036524770,46168
mark,-1,41045407700,59982
mark,-1,41054469248,52084
mark,-1,41063386100,67189
mark,-1,41072318764,53080
mark,-1,41081248539,44988
mark,-1,41090196121,105656
mark,-1,41099193281,39702
mark,-1,41108098006,40481
sweep,-1,41108162266,2138
mark,-1,41117058048,32951
sweep,-1,41117118874,2636
mark,-1,41125937648,51478
mark,-1,41134925388,64152
mark,-1,41143857467,49108
mark,-1,41152802387,113917
mark,-1,41161782257,60408
mark,-1,41170709778,44750
mark,-1,41179651739,38289
mark,-1,41188585688,42501
mark,-1,41197527515,34603
mark,-1,41206594581,67014
mark,-1,41215487843,112551
mark,-1,41224516444,41407
mark,-1,41233388037,57908
mark,-1,41242487354,56278
mark,-1,41251350373,37624
mark,-1,41260389309,48977
mark,-1,41269244365,76040
mark,-1,41278301124,47109
mark,-1,41287180868,46011
mark,-1,41296193450,47592
mark,-1,41305108721,32874
mark,-1,41314085156,41702
sweep,-1,41314152432,3206
mark,-1,41323035678,56986
mark,-1,41331971367,39924
mark,-1,41340940360,44346
mark,-1,41349838341,99775
mark,-1,41358906846,93475
mark,-1,41367817113,53109
mark,-1,41376784355,62351
mark,-1,41385779495,47296
mark,-1,41394801051,40428
mark,-1,41403751015,51598
mark,-1,41412703451,51281
mark,-1,41421634631,31418
mark,-1,41430681236,40673
mark,-1,41439647834,35474
mark,-1,41448660778,60214
mark,-1,41457565169,38698
mark,-1,41466630112,120780
mark,-1,41475501140,57540
mark,-1,41484542863,47847
mark,-1,41493422610,36291
sweep,-1,41493485568,2305
mark,-1,41502552095,41576
mark,-1,41511408889,35908
mark,-1,41520432928,62787
mark,-1,41529298611,133487
mark,-1,41538393156,66307
mark,-1,41547304427,40162
mark,-1,41556258029,39139
mark,-1,41565213613,53619
mark,-1,41574227266,110716
mark,-1,41583239809,53708
mark,-1,41592141904,46850
mark,-1,41601114140,62376
mark,-1,41610016049,43612
mark,-1,41618987187,60591
mark,-1,41627914614,47623
mark,-1,41636842725,40595
mark,-1,41645803724,51475
mark,-1,41654752617,34419
mark,-1,41663704913,44498
mark,-1,41672644108,40873
mark,-1,41681581464,35494
mark,-1,41690659894,57574
mark,-1,41699577598,38221
mark,-1,41708555276,48399
mark,-1,41717414169,83048
mark,-1,41726517126,54033
mark,-1,41735370271,36318
sweep,-1,41735432201,2401
mark,-1,41744472225,43295
mark,-1,41753319286,33867
mark,-1,41762355126,39277
mark,-1,41771234592,65396
mark,-1,41780206490,33087
mark,-1,41789130732,58418
mark,-1,41798133568,39788
sweep,-1,41798197892,2354
mark,-1,41807170218,48741
mark,-1,41816115884,87071
mark,-1,41825110768,49627
mark,-1,41834019393,38355
mark,-1,41843015575,45239
mark,-1,41851921270,33695
sweep,-1,41851982367,2564
mark,-1,41860882995,41481
mark,-1,41869823855,57749
mark,-1,41878800026,56858
mark,-1,41887713553,32788
mark,-1,41896625105,43117
mark,-1,41905525182,34728
mark,-1,41914556694,50449
mark,-1,41923483630,48077
mark,-1,41932464436,72767
mark,-1,41941380582,43770
mark,-1,41950414905,43865
mark,-1,41959271673,53284
mark,-1,41968328536,123116
mark,-1,41977198880,74022
mark,-1,41986212693,45375
mark,-1,41995067815,30995
mark,-1,42004098836,53074
mark,-1,42012996271,43325
mark,-1,42021975222,39615
sweep,-1,42022040747,2269
mark,-1,42030949014,50043
mark,-1,42039929696,47585
mark,-1,42048914329,38109
sweep,-1,42048979878,2671
mark,-1,42057835222,38769
sweep,-1,42057897868,2330
mark,-1,42066807893,36729
sweep,-1,42066871241,2111
mark,-1,42075678329,38194
mark,-1,42084682940,41902
sweep,-1,42084750202,2718
mark,-1,42093608705,49650
mark,-1,42102627744,33142
mark,-1,42111566917,48077
mark,-1,42120506425,134742
mark,-1,42129496584,44539
mark,-1,42138518796,46623
mark,-1,42147477831,113930
mark,-1,42156496223,52045
mark,-1,42165435985,36516
mark,-1,42174510083,85836
mark,-1,42183408406,45415
mark,-1,42192439827,57729
mark,-1,42201307632,37973
mark,-1,42210373158,81538
mark,-1,42219236251,140570
mark,-1,42228325565,72584
mark,-1,42237211679,56795
mark,-1,42246250784,31911
mark,-1,42255170530,41743
mark,-1,42264140561,64078
mark,-1,42273090380,41049
sweep,-1,42273156704,2753
mark,-1,42282061636,42751
mark,-1,42291053336,53346
mark,-1,42299958047,44827
mark,-1,42308929992,38572
mark,-1,42317840062,43460
mark,-1,42326841547,32734
sweep,-1,42326904183,2320
mark,-1,42335785476,48024
mark,-1,42344751221,65377
mark,-1,42353704384,61271
mark,-1,42362672843,74315
mark,-1,42371615175,43325
mark,-1,42380570794,56189
mark,-1,42389558169,39759
mark,-1,42398614046,49414
mark,-1,42407561892,36915
mark,-1,42416586191,47823
mark,-1,42425483925,59238
mark,-1,42434600941,63724
mark,-1,42443488177,75345
mark,-1,42452539591,51050
mark,-1,42461394045,97014
mark,-1,42470541155,42069
mark,-1,42479423510,71206
mark,-1,42488459583,33783
mark,-1,42497406815,41148
mark,-1,42506488326,35866
mark,-1,42515459721,46574
mark,-1,42524453650,43021
mark,-1,42533448851,45239
mark,-1,42542453753,95181
mark,-1,42551515587,50691
mark,-1,42560401797,98415
mark,-1,42569433051,48931
mark,-1,42578445808,36220
mark,-1,42587405923,59379
mark,-1,42596348531,54102
mark,-1,42605308574,38738
sweep,-1,42605371156,2401
mark,-1,42614284574,44295
mark,-1,42623247954,47646
mark,-1,42632209484,35990
mark,-1,42641190369,38739
mark,-1,42650103611,141478
mark,-1,42659169682,42162
mark,-1,42668070584,75964
mark,-1,42677104388,64805
mark,-1,42685990124,46930
mark,-1,42695045338,46512
mark,-1,42703922618,148211
mark,-1,42713044331,45869
mark,-1,42721943770,42895
mark,-1,42730982274,67743
mark,-1,42739919633,39658
mark,-1,42748909279,48849
mark,-1,42757863296,45631
mark,-1,42766820541,193174
mark,-1,42775879216,39989
mark,-1,42784820897,71450
mark,-1,42793797106,47577
mark,-1,42802683285,104242
mark,-1,42811724218,92990
mark,-1,42820681729,71286
mark,-1,42829644033,59898
mark,-1,42838672723,46341
mark,-1,42847649296,57866
mark,-1,42856612413,113285
mark,-1,42865676415,36995
mark,-1,42874721825,46055
mark,-1,42883694000,40031
mark,-1,42892655889,33918
mark,-1,42901664496,56997
mark,-1,42910626415,55486
mark,-1,42919654738,46314
mark,-1,42928552301,33329
mark,-1,42937628409,32892
mark,-1,42946568224,38063
mark,-1,42955608384,33418
sweep,-1,42955671789,2459
mark,-1,42964506712,37029
mark,-1,42973542247,63883
mark,-1,42982548779,40473
mark,-1,42991541041,76719
mark,-1,43000517849,49764
mark,-1,43009482347,86265
mark,-1,43018570862,53054
mark,-1,43027496305,35135
sweep,-1,43027561838,2519
mark,-1,43036472602,50273
mark,-1,43045378594,37086
sweep,-1,43045439260,2600
mark,-1,43054392117,47943
mark,-1,43063319809,48760
mark,-1,43072278903,34278
mark,-1,43081247514,47569
mark,-1,43090218023,135865
mark,-1,43099223350,45010
mark,-1,43108194287,46093
mark,-1,43117151592,36678
mark,-1,43126139716,38128
mark,-1,43135071712,41956
mark,-1,43144066485,45118
mark,-1,43152959583,129388
mark,-1,43162042506,44549
mark,-1,43170919012,31578
mark,-1,43179972220,122593
mark,-1,43188855597,41253
mark,-1,43197921186,139215
mark,-1,43206914881,64271
mark,-1,43215924863,46765
mark,-1,43224847209,30074
sweep,-1,43224910772,2602
mark,-1,43233818618,45291
mark,-1,43242774251,40464
sweep,-1,43242842026,2623
mark,-1,43251741739,37247
mark,-1,43260726524,40355
mark,-1,43269634668,38079
mark,-1,43278712882,95744
mark,-1,43287631978,51990
mark,-1,43296616362,62143
mark,-1,43305561824,48186
mark,-1,43314609286,217648
mark,-1,43323660463,34944
mark,-1,43332621797,133518
mark,-1,43341629039,44159
mark,-1,43350683163,46929
mark,-1,43359650694,35706
mark,-1,43368636321,39866
mark,-1,43377561962,43256
mark,-1,43386639344,45852
mark,-1,43395529657,126001
mark,-1,43404616961,44496
mark,-1,43413480809,29147
mark,-1,43422616453,49210
mark,-1,43431474423,41702
mark,-1,43440527084,42769
mark,-1,43449429867,59904
mark,-1,43458529451,50987
mark,-1,43467462793,35843
mark,-1,43476432446,39796
sweep,-1,43476497600,2208
mark,-1,43485393998,51975
mark,-1,43494421534,112840
mark,-1,43503431412,53649
mark,-1,43512337925,39201
mark,-1,43521343732,42948
mark,-1,43530255288,54520
mark,-1,43539261618,62065
mark,-1,43548203662,49385
mark,-1,43557146555,115138
mark,-1,43566137483,176979
mark,-1,43575173817,46172
mark,-1,43584147418,44571
mark,-1,43593103131,45854
mark,-1,43602076503,35527
mark,-1,43611075342,36879
mark,-1,43620013437,42157
mark,-1,43629025571,44185
mark,-1,43637918482,58100
mark,-1,43646969574,55439
mark,-1,43655846625,38820
mark,-1,43664900969,49552
mark,-1,43673760385,41251
mark,-1,43682816173,42920
mark,-1,43691729468,59757
mark,-1,43700748548,51690
mark,-1,43709702974,34655
mark,-1,43718671864,73878
mark,-1,43727676083,48728
mark,-1,43736629750,39672
mark,-1,43745592789,56197
mark,-1,43754582814,34676
sweep,-1,43754640663,2268
mark,-1,43763580950,35760
sweep,-1,43763640442,2373
mark,-1,43772474075,65716
mark,-1,43781455854,39094
sweep,-1,43781520429,2345
mark,-1,43790500291,40139
mark,-1,43799461499,37788
mark,-1,43808424916,64049
mark,-1,43817406642,138746
mark,-1,43826509564,42536
mark,-1,43835485747,41159
mark,-1,43844463264,111670
mark,-1,43853476020,38896
mark,-1,43862525779,45320
mark,-1,43871534949,158980
mark,-1,43880487896,54476
mark,-1,43889531160,46461
mark,-1,43898479776,34866
sweep,-1,43898540582,2351
mark,-1,43907527878,40581
mark,-1,43916388639,44748
mark,-1,43925432619,64322
mark,-1,43934410156,51565
mark,-1,43943401600,59999
mark,-1,43952336524,64318
mark,-1,43961262141,47402
mark,-1,43970240168,52031
mark,-1,43979198257,40079
mark,-1,43988185936,102666
mark,-1,43997122207,40241
mark,-1,44006140398,63641
mark,-1,44015038014,51303
mark,-1,44024023612,247775
mark,-1,44033092459,62232
mark,-1,44042121374,76571
mark,-1,44051116664,49617
mark,-1,44060078820,132845
mark,-1,44069221320,75360
mark,-1,44078318387,87680
mark,-1,44087283090,45341
mark,-1,44096253821,49460
mark,-1,44105186511,37271
mark,-1,44114200453,97158
mark,-1,44123094535,38106
mark,-1,44132130798,54944
mark,-1,44140996803,37005
mark,-1,44150072921,120359
mark,-1,44158963559,147097
mark,-1,44168052279,42309
mark,-1,44176925412,61261
mark,-1,44185945944,34868
mark,-1,44194870234,67033
mark,-1,44203847672,52259
mark,-1,44212784109,33458
sweep,-1,44212841111,2308
mark,-1,44221734978,143552
mark,-1,44230784048,33822
sweep,-1,44230848117,2176
mark,-1,44239731892,37946
sweep,-1,44239794992,2199
mark,-1,44248721245,38293
sweep,-1,44248787239,2706
mark,-1,44257627399,44172
mark,-1,44266725486,63728
mark,-1,44275672554,37268
sweep,-1,44275737231,2517
mark,-1,44284640220,60533
mark,-1,44293601902,55995
mark,-1,44302634205,36170
sweep,-1,44302693874,3041
mark,-1,44311595517,42243
mark,-1,44320551137,44802
mark,-1,44329509492,100607
mark,-1,44338604946,57415
mark,-1,44347544172,33798
sweep,-1,44347607008,2543
mark,-1,44356567479,38175
sweep,-1,44356632212,2522
mark,-1,44365461969,43804
mark,-1,44374642955,50173
mark,-1,44383522874,34597
mark,-1,44392604688,49856
mark,-1,44401475742,41783
mark,-1,44410603262,137538
mark,-1,44419559783,44996
mark,-1,44428564272,44917
mark,-1,44437501692,35072
mark,-1,44446550246,38942
sweep,-1,44446614934,2460
mark,-1,44455518616,52288
mark,-1,44464479386,40649
mark,-1,44473469731,44899
mark,-1,44482448635,41716
mark,-1,44491443871,33368
sweep,-1,44491500884,2324
mark,-1,44500335990,48570
mark,-1,44509323560,185278
mark,-1,44518445518,49248
mark,-1,44527392962,42455
mark,-1,44536349027,41670
mark,-1,44545310464,39824
mark,-1,44554263489,45691
mark,-1,44563221294,37689
mark,-1,44572161675,42291
mark,-1,44581179063,52888
mark,-1,44590068809,39065
sweep,-1,44590130122,2315
mark,-1,44599071319,61716
mark,-1,44607942965,40594
mark,-1,44617008256,63256
mark,-1,44625868048,145155
mark,-1,44635007905,46170
mark,-1,44643872807,50401
mark,-1,44652915982,38977
mark,-1,44661826018,42620
mark,-1,44670806812,62780
mark,-1,44679735667,71029
mark,-1,44688673614,75090
mark,-1,44697655288,41191
mark,-1,44706686850,58078
mark,-1,44715675466,43499
mark,-1,44724598083,151623
mark,-1,44733657878,45725
mark,-1,44742616760,53568
mark,-1,44751599146,40565
mark,-1,44760542371,40419
mark,-1,44769499633,64927
mark,-1,44778530019,41259
mark,-1,44787477034,37421
mark,-1,44796430104,33586
mark,-1,44805415604,59482
mark,-1,44814424934,50994
mark,-1,44823420243,55975
mark,-1,44832310881,141062
mark,-1,44841388885,42871
mark,-1,44850357903,63333
mark,-1,44859405986,41584
mark,-1,44868267712,67853
mark,-1,44877308555,42885
mark,-1,44886164782,49348
mark,-1,44895221757,37341
mark,-1,44904132977,40640
mark,-1,44913129624,60055
mark,-1,44922081782,71450
mark,-1,44931040698,137746
mark,-1,44940050060,40490
mark,-1,44948988489,48375
mark,-1,44957988156,36597
mark,-1,44966909677,147987
mark,-1,44975968804,121481
mark,-1,44984917396,37618
sweep,-1,44984983396,2363
mark,-1,44993913751,66209
mark,-1,45002841359,45447
mark,-1,45011763016,39481
sweep,-1,45011831035,2614
mark,-1,45020716808,37295
mark,-1,45029658240,139781
mark,-1,45038707749,40382
mark,-1,45047644931,52912
mark,-1,45056576344,42646
mark,-1,45065543707,58191
mark,-1,45074502857,35713
mark,-1,45083499489,50026
mark,-1,45092382161,81580
mark,-1,45101410753,50300
mark,-1,45110371054,37012
sweep,-1,45110434399,2075
mark,-1,45119404299,41127
mark,-1,45128275005,38707
sweep,-1,45128341537,2642
mark,-1,45137302752,63033
mark,-1,45146188860,54401
mark,-1,45155179875,57152
mark,-1,45164110025,38284
sweep,-1,45164174833,2354
mark,-1,45173079138,185670
mark,-1,45182134597,52254
mark,-1,45191072069,40027
mark,-1,45200055108,46324
mark,-1,45208970076,42217
mark,-1,45217955910,33117
sweep,-1,45218016820,2545
mark,-1,45226846325,85332
mark,-1,45235826690,185795
mark,-1,45244832167,53481
mark,-1,45253779202,124826
mark,-1,45262757030,57652
mark,-1,45271694304,46374
mark,-1,45280646585,69646
mark,-1,45289586006,41358
mark,-1,45298603933,49538
mark,-1,45307600734,43419
mark,-1,45316511504,142399
mark,-1,45325563655,41144
sweep,-1,45325630647,2526
mark,-1,45334529766,77399
mark,-1,45343562036,66071
mark,-1,45352427110,61559
mark,-1,45361637206,47191
mark,-1,45370566229,55230
mark,-1,45379654990,36293
sweep,-1,45379713700,2702
mark,-1,45388532358,39089
mark,-1,45397528360,43628
mark,-1,45406531278,60920
mark,-1,45415468998,53996
mark,-1,45424419569,42874
mark,-1,45433367627,33395
mark,-1,45442361712,57454
mark,-1,45451317978,39426
mark,-1,45460301697,63999
mark,-1,45469172239,51599
mark,-1,45478158284,62272
mark,-1,45487082022,46607
mark,-1,45496015426,40494
mark,-1,45504968511,50001
mark,-1,45513917620,50240
mark,-1,45522859365,30131
mark,-1,45531821250,39290
mark,-1,45540761352,33355
mark,-1,45549764070,56909
mark,-1,45558660288,158666
mark,-1,45567737066,45822
mark,-1,45576600383,59201
mark,-1,45585625993,46126
mark,-1,45594564451,35007
sweep,-1,45594625349,2321
mark,-1,45603597015,39738
mark,-1,45612443796,34448
sweep,-1,45612505340,2365
mark,-1,45621466600,64440
mark,-1,45630419400,50137
mark,-1,45639398919,55922
mark,-1,45648329529,33735
mark,-1,45657298441,47139
mark,-1,45666275260,39775
mark,-1,45675212324,42656
mark,-1,45684173641,46433
mark,-1,45693076284,40573
mark,-1,45702067639,44216
mark,-1,45710979589,36688
mark,-1,45719947312,43322
mark,-1,45728905479,40290
mark,-1,45737846179,55801
mark,-1,45746865674,34084
mark,-1,45755804449,43361
mark,-1,45764737055,35670
sweep,-1,45764799290,2325
mark,-1,45773710272,56323
mark,-1,45782642911,49771
mark,-1,45791630915,33884
sweep,-1,45791696354,2564
mark,-1,45800521423,58929
mark,-1,45809529855,40465
mark,-1,45818480545,57665
mark,-1,45827534525,44152
mark,-1,45836388848,36682
mark,-1,45845432921,40241
sweep,-1,45845497902,2538
mark,-1,45854409410,39928
mark,-1,45863457784,31890
mark,-1,45872454132,60546
mark,-1,45881355468,52898
mark,-1,45890258287,37000
mark,-1,45899174608,36309
sweep,-1,45899238138,2516
mark,-1,45908121531,39006
mark,-1,45916999138,131511
mark,-1,45926007636,40755
mark,-1,45934875236,37966
mark,-1,45943849917,57737
mark,-1,45952762892,53019
mark,-1,45961681383,37895
sweep,-1,45961756537,2630
mark,-1,45970692432,46912
mark,-1,45979642979,141973
mark,-1,45988636492,42701
mark,-1,45997570824,43146
mark,-1,46006606752,35673
mark,-1,46015597700,37292
sweep,-1,46015664252,2419
mark,-1,46024520515,142851
mark,-1,46033573147,40943
mark,-1,46042533666,125040
mark,-1,46051571192,54040
mark,-1,46060445362,38680
mark,-1,46069500148,43549
mark,-1,46078430110,143572
mark,-1,46087503719,76075
mark,-1,46096402269,34534
mark,-1,46105422376,60911
mark,-1,46114416329,38019
mark,-1,46123373597,44096
mark,-1,46132288156,77576
mark,-1,46141233538,37528
mark,-1,46150218482,40069
mark,-1,46159122374,47154
mark,-1,46168097723,40684
mark,-1,46176970778,151589
mark,-1,46186042831,37279
mark,-1,46194979697,46398
mark,-1,46203921226,138513
mark,-1,46212886088,35669
mark,-1,46221831698,65743
mark,-1,46230763485,39253
mark,-1,46239716079,52855
mark,-1,46248664784,40303
mark,-1,46257650493,48776
mark,-1,46266647656,146338
mark,-1,46275691620,34412
sweep,-1,46275757151,2968
mark,-1,46284572370,75332
mark,-1,46293600727,46422
mark,-1,46302549941,35918
mark,-1,46311611262,42846
mark,-1,46320466819,142555
mark,-1,46329552261,49911
mark,-1,46338534751,42944
mark,-1,46347577448,67559
mark,-1,46356626187,41461
mark,-1,46365585756,210502
mark,-1,46374684729,43599
mark,-1,46383607277,41191
mark,-1,46392579875,52833
mark,-1,46401556471,45247
mark,-1,46410598171,41263
mark,-1,46419487687,40032
mark,-1,46428491580,118266
mark,-1,46437449571,63518
mark,-1,46446486843,62780
mark,-1,46455433313,51242
mark,-1,46464378404,50961
mark,-1,46473312337,56149
mark,-1,46482266452,39227
mark,-1,46491227249,33842
mark,-1,46500199839,44430
mark,-1,46509117334,143840
mark,-1,46518159928,35236
mark,-1,46527042686,74909
mark,-1,46536065124,44962
mark,-1,46544908412,33881
sweep,-1,46544969333,2483
mark,-1,46553964880,40174
mark,-1,46562802364,41499
mark,-1,46571824739,128714
mark,-1,46580749981,47355
mark,-1,46589774003,38806
mark,-1,46598693953,76995
mark,-1,46607670745,53042
mark,-1,46616616863,48619
mark,-1,46625562131,37744
mark,-1,46634606195,71611
mark,-1,46643501799,78870
mark,-1,46652469780,38645
mark,-1,46661353680,44377
mark,-1,46670358726,36234
mark,-1,46679287956,48066
mark,-1,46688231588,62415
mark,-1,46697186719,55594
mark,-1,46706149903,72860
mark,-1,46715081267,42069
mark,-1,46724035605,53750
mark,-1,46732984536,39142
mark,-1,46741977066,47463
mark,-1,46750913083,143638
mark,-1,46759976877,74906
mark,-1,46768885134,56293
mark,-1,46777900543,32951
sweep,-1,46777961561,2488
mark,-1,46786763777,261180
mark,-1,46795958501,39485
mark,-1,46804808201,80759
mark,-1,46813875827,38299
mark,-1,46822735618,38664
mark,-1,46831764139,55504
mark,-1,46840670984,43437
mark,-1,46849651841,39751
mark,-1,46858651278,47667
mark,-1,46867587210,148236
mark,-1,46876598110,55217
mark,-1,46885508754,42603
mark,-1,46894551727,34040
mark,-1,46903447330,38301
mark,-1,46912433364,144990
mark,-1,46921415471,39767
sweep,-1,46921483578,2579
mark,-1,46930532743,123918
mark,-1,46939556923,52585
mark,-1,46948495263,61656
mark,-1,46957446965,161739
mark,-1,46966547278,38493
mark,-1,46975498091,46792
mark,-1,46984441581,63658
mark,-1,46993349505,53621
mark,-1,47002353590,56723
mark,-1,47011215988,141131
mark,-1,47020273695,45460
mark,-1,47029131893,30605
mark,-1,47038196932,62405
mark,-1,47047047459,127990
mark,-1,47056130927,46688
mark,-1,47064973972,51478
mark,-1,47074005310,54663
mark,-1,47082965814,42438
mark,-1,47091960252,60742
mark,-1,47100880921,37712
mark,-1,47109832429,44871
mark,-1,47118778783,160303
mark,-1,47127791704,44161
mark,-1,47136764634,35302
sweep,-1,47136826496,2177
mark,-1,47145649901,38780
mark,-1,47154713100,47411
mark,-1,47163611091,51866
mark,-1,47172566314,52499
mark,-1,47181498422,42464
mark,-1,47190518152,56955
mark,-1,47199450153,159636
mark,-1,47208471683,36972
mark,-1,47217411792,47999
mark,-1,47226450695,41926
mark,-1,47235391270,31244
mark,-1,47244388670,56553
mark,-1,47253256427,55522
mark,-1,47262263456,114974
mark,-1,47271152358,52185
mark,-1,47280197443,32108
mark,-1,47289048173,62677
mark,-1,47298087021,37197
mark,-1,47306945184,37996
mark,-1,47315973203,41500
mark,-1,47324884819,43482
mark,-1,47333910395,38020
mark,-1,47342831369,48437
mark,-1,47351771316,152723
mark,-1,47360790908,53820
mark,-1,47369683713,196997
mark,-1,47378816341,42855
mark,-1,47387709457,35909
mark,-1,47396699778,137420
mark,-1,47405683179,54878
mark,-1,47414724943,130215
mark,-1,47423688580,51821
mark,-1,47432632345,40836
mark,-1,47441578110,157527
mark,-1,47450675773,38323
mark,-1,47459625543,43688
mark,-1,47468582076,47258
mark,-1,47477530317,47622
mark,-1,47486608158,54603
mark,-1,47495504715,38213
sweep,-1,47495566181,2356
mark,-1,47504491335,61750
mark,-1,47513345847,40361
mark,-1,47522384123,63262
mark,-1,47531229018,40481
mark,-1,47540275830,45625
mark,-1,47549140391,43593
mark,-1,47558192796,61866
mark,-1,47567093533,51972
mark,-1,47576061973,65924
mark,-1,47584973086,71294
mark,-1,47593906786,41036
mark,-1,47602864447,51018
mark,-1,47611776851,36515
sweep,-1,47611839927,2301
mark,-1,47620739417,41744
mark,-1,47629624631,36516
mark,-1,47638683662,59049
mark,-1,47647612703,52521
mark,-1,47656574656,48967
mark,-1,47665519638,42878
mark,-1,47674527506,59355
mark,-1,47683465452,138486
mark,-1,47692475104,35549
mark,-1,47701399548,47728
mark,-1,47710447719,67298
mark,-1,47719371194,56579
mark,-1,47728414633,58314
mark,-1,47737290292,40550
mark,-1,47746293800,61727
mark,-1,47755145583,117835
mark,-1,47764215580,44235
mark,-1,47773074765,68058
mark,-1,47782103369,43251
mark,-1,47790947906,50093
mark,-1,47799979475,39862
mark,-1,47808890311,39593
mark,-1,47817888139,61099
mark,-1,47826833783,37364
mark,-1,47835793533,43599
mark,-1,47844756512,68426
mark,-1,47853693754,110002
mark,-1,47862756455,90600
mark,-1,47871666717,42932
mark,-1,47880657527,34709
mark,-1,47889565773,59502
mark,-1,47898614795,43373
mark,-1,47907550502,40516
mark,-1,47916480179,68179
mark,-1,47925430847,41673
mark,-1,47934446522,35855
mark,-1,47943400578,34379
mark,-1,47952450252,57739
mark,-1,47961373575,51115
mark,-1,47970363266,58627
mark,-1,47979236698,140705
mark,-1,47988288216,45564
mark,-1,47997152479,31485
mark,-1,48006217187,61169
mark,-1,48015067230,39824
mark,-1,48024100931,40960
mark,-1,48032942566,42170
mark,-1,48042029264,123001
mark,-1,48050985214,53213
mark,-1,48060024806,35388
mark,-1,48069107448,49080
mark,-1,48078159267,35158
sweep,-1,48078217409,3530
mark,-1,48087132647,53152
mark,-1,48096068326,42502
mark,-1,48105349482,34983
mark,-1,48114237395,38907
mark,-1,48123238866,43256
mark,-1,48132162594,54421
mark,-1,48141117798,57003
mark,-1,48150068576,366045
mark,-1,48159243208,46129
mark,-1,48168191623,49722
mark,-1,48177122867,38431
mark,-1,48186079261,51208
mark,-1,48195042449,41154
mark,-1,48203974620,64693
mark,-1,48212955721,70086
mark,-1,48221829398,141036
mark,-1,48230880121,43535
mark,-1,48239733521,63599
mark,-1,48248770760,41963
mark,-1,48257631174,30127
mark,-1,48266773959,40947
mark,-1,48275628992,44139
mark,-1,48284652290,61989
mark,-1,48293545111,125611
mark,-1,48302619284,118526
mark,-1,48311574818,44193
mark,-1,48320519758,46338
mark,-1,48329478709,37760
mark,-1,48338500662,39898
mark,-1,48347487913,43765
mark,-1,48356385778,39967
mark,-1,48365363534,43644
mark,-1,48374327314,32741
sweep,-1,48374392161,2865
mark,-1,48383302059,43106
mark,-1,48392233055,41599
mark,-1,48401161385,59721
mark,-1,48410110914,216906
mark,-1,48419165229,40042
mark,-1,48428123926,35372
mark,-1,48437073952,56447
mark,-1,48445999986,51240
mark,-1,48454975856,58524
mark,-1,48463862758,140111
mark,-1,48472899775,46384
mark,-1,48481750761,31281
mark,-1,48490803873,61687
mark,-1,48499634457,39667
mark,-1,48508657801,41250
mark,-1,48517500493,44481
mark,-1,48526604774,62171
mark,-1,48535492257,52263
mark,-1,48544461758,67008
mark,-1,48553377002,75345
mark,-1,48562360089,137185
mark,-1,48571297545,55160
mark,-1,48580196084,42215
mark,-1,48589135281,45898
mark,-1,48598086131,41182
mark,-1,48607054414,32625
sweep,-1,48607114486,2669
mark,-1,48615946721,48932
mark,-1,48624932200,37379
mark,-1,48633879516,38822
mark,-1,48642829343,64387
mark,-1,48651773593,41035
mark,-1,48660721695,35954
sweep,-1,48660781792,2474
mark,-1,48669667082,90464
mark,-1,48678745137,44341
mark,-1,48687679247,45597
mark,-1,48696658661,53762
mark,-1,48705542781,41176
sweep,-1,48705608682,2620
mark,-1,48714624814,135853
mark,-1,48723505008,51070
mark,-1,48732555357,39992
mark,-1,48741410598,120163
mark,-1,48750566088,36989
sweep,-1,48750631465,2286
mark,-1,48759423046,49045
mark,-1,48768449311,37701
sweep,-1,48768514138,2383
mark,-1,48777339430,41420
mark,-1,48786324428,61182
mark,-1,48795243539,37676
sweep,-1,48795307579,2574
mark,-1,48804195352,142043
mark,-1,48813195261,55639
mark,-1,48822104481,30234
sweep,-1,48822168447,2392
mark,-1,48831120633,41241
mark,-1,48840033713,102565
mark,-1,48849096207,136519
mark,-1,48858025596,53641
mark,-1,48866976911,41097
sweep,-1,48867043301,2898
mark,-1,48875901349,41018
mark,-1,48884823062,65015
mark,-1,48893732216,45486
mark,-1,48902655829,36428
mark,-1,48911569591,30553
mark,-1,48920500429,56624
mark,-1,48929399570,52542
mark,-1,48938467619,61519
mark,-1,48947361295,39362
sweep,-1,48947423556,2735
mark,-1,48956363054,61331
mark,-1,48965223376,41826
mark,-1,48974277302,61073
mark,-1,48983108974,39969
mark,-1,48992139276,43217
mark,-1,49001002137,46053
mark,-1,49010044028,131262
mark,-1,49019083221,42080
mark,-1,49028210098,60084
mark,-1,49037194080,37253
mark,-1,49046119084,39507
sweep,-1,49046183022,2337
mark,-1,49055053054,32590
sweep,-1,49055112174,2750
mark,-1,49063952567,36093
sweep,-1,49064014758,2414
mark,-1,49072896454,79573
mark,-1,49081786913,39397
sweep,-1,49081850513,2420
mark,-1,49090765418,143129
mark,-1,49099724189,56062
mark,-1,49108655184,49887
mark,-1,49117562261,43858
mark,-1,49126580845,57420
mark,-1,49135520543,36448
mark,-1,49144463097,44170
mark,-1,49153400084,36105
sweep,-1,49153462897,2265
mark,-1,49162452765,53235
mark,-1,49171379773,49914
mark,-1,49180359063,32010
sweep,-1,49180423203,2398
mark,-1,49189230647,51625
mark,-1,49198248086,32369
sweep,-1,49198314730,2850
mark,-1,49207126933,130631
mark,-1,49216187018,52464
mark,-1,49225036298,74407
mark,-1,49234043361,43576
mark,-1,49242892597,33430
sweep,-1,49242960428,2641
mark,-1,49251923819,52149
mark,-1,49260809822,43695
mark,-1,49269770100,38614
mark,-1,49278696535,51784
mark,-1,49287631984,47463
mark,-1,49296622835,38206
mark,-1,49305538014,39792
mark,-1,49314582029,36935
mark,-1,49323461027,43413
mark,-1,49332449120,37306
mark,-1,49341361234,47053
mark,-1,49350309313,64813
mark,-1,49359255104,59002
mark,-1,49368204786,180226
mark,-1,49377214253,31975
sweep,-1,49377278270,2488
mark,-1,49386164859,50164
mark,-1,49395102564,37405
mark,-1,49404062815,45884
mark,-1,49412982870,141208
mark,-1,49422029947,36683
mark,-1,49430906864,38603
sweep,-1,49430970212,2349
mark,-1,49439920041,58799
mark,-1,49448765167,121164
mark,-1,49457858218,49330
mark,-1,49466696572,47416
mark,-1,49475726182,40768
mark,-1,49484602079,42870
mark,-1,49493618540,36867
mark,-1,49502621915,60148
mark,-1,49511577048,54180
mark,-1,49520493957,36870
mark,-1,49529470678,115386
mark,-1,49538572338,38098
mark,-1,49547496509,46475
mark,-1,49556444972,39838
mark,-1,49565313999,146513
mark,-1,49574458109,39850
sweep,-1,49574523035,2154
mark,-1,49583378704,48754
mark,-1,49592327591,116905
mark,-1,49601306096,58651
mark,-1,49610278108,77258
mark,-1,49619214857,145223
mark,-1,49628218661,37007
sweep,-1,49628282729,2451
mark,-1,49637161051,42032
mark,-1,49646126994,35080
mark,-1,49655065044,41975
mark,-1,49664055922,36580
sweep,-1,49664116328,2393
mark,-1,49672917313,56986
mark,-1,49681939762,60890
mark,-1,49690782457,38535
sweep,-1,49690848966,2726
mark,-1,49699833575,78920
mark,-1,49708679053,39505
mark,-1,49717706908,42924
mark,-1,49726584341,70093
mark,-1,49735638857,41159
mark,-1,49744616903,30855
mark,-1,49753575566,44151
mark,-1,49762594669,40135
sweep,-1,49762661299,2834
mark,-1,49771520966,34727
sweep,-1,49771586906,2799
mark,-1,49780485396,39418
mark,-1,49789374490,37662
sweep,-1,49789438237,2142
mark,-1,49798368916,70107
mark,-1,49807287275,58195
mark,-1,49816257888,35285
mark,-1,49825189874,39627
mark,-1,49834128714,40487
mark,-1,49843065724,361969
mark,-1,49852223533,46357
mark,-1,49861169810,40092
mark,-1,49870148941,53638
mark,-1,49879143035,119320
mark,-1,49888164881,46713
mark,-1,49897095119,46749
mark,-1,49906101074,145536
mark,-1,49915042830,37116
sweep,-1,49915104289,2465
mark,-1,49924074530,50762
mark,-1,49932937876,34659
mark,-1,49941994645,48015
mark,-1,49950842357,41666
mark,-1,49959887730,42155
mark,-1,49968766724,58543
mark,-1,49977775080,50837
mark,-1,49986720593,68439
mark,-1,49995666789,56997
mark,-1,50004585945,44286
mark,-1,50013516927,35815
mark,-1,50022558000,38546
mark,-1,50031449423,38271
mark,-1,50040431568,92685
mark,-1,50049342323,53787
mark,-1,50058313335,59591
mark,-1,50067243478,47820
mark,-1,50076199870,192767
mark,-1,50085219117,38326
mark,-1,50094178387,41960
mark,-1,50103117751,36092
mark,-1,50112050363,43204
sweep,-1,50112121762,2415
mark,-1,50121003519,35658
mark,-1,50129992861,65451
mark,-1,50138891629,39011
sweep,-1,50138955803,2189
mark,-1,50147887112,45645
mark,-1,50156761679,44084
mark,-1,50165800547,116178
mark,-1,50174690570,102574
mark,-1,50183741578,41250
mark,-1,50192579546,134559
mark,-1,50201653132,38855
mark,-1,50210606776,83059
mark,-1,50219629231,60372
mark,-1,50228547813,39780
mark,-1,50237494833,179265
mark,-1,50246574123,36191
sweep,-1,50246635934,2411
mark,-1,50255503443,42083
mark,-1,50264476042,40274
mark,-1,50273371981,35728
mark,-1,50282342349,105564
mark,-1,50291245764,136686
mark,-1,50300314635,50340
mark,-1,50309249998,50055
mark,-1,50318198084,36092
sweep,-1,50318259319,2826
mark,-1,50327135159,128297
mark,-1,50336114701,127928
mark,-1,50345077013,45122
mark,-1,50354095652,39740
mark,-1,50363032539,47301
mark,-1,50371999666,55887
mark,-1,50380926095,139232
mark,-1,50389960825,33395
mark,-1,50398856588,39480
mark,-1,50407864923,57175
mark,-1,50416729774,40328
mark,-1,50425812581,44561
mark,-1,50434658336,138739
mark,-1,50443744695,47106
mark,-1,50452632750,42648
mark,-1,50461646711,68333
mark,-1,50470634098,43127
mark,-1,50479593341,118448
mark,-1,50488534813,45068
mark,-1,50497496893,80488
mark,-1,50506551762,44487
mark,-1,50515463077,68744
mark,-1,50524440340,50601
mark,-1,50533318316,38079
sweep,-1,50533380295,2445
mark,-1,50542332483,64543
mark,-1,50551283959,53668
mark,-1,50560197320,57193
mark,-1,50569099868,46375
mark,-1,50578024662,48975
mark,-1,50586932296,35986
mark,-1,50595871631,47836
mark,-1,50604797276,35430
mark,-1,50613809207,44985
mark,-1,50622737652,134884
mark,-1,50631747411,136836
mark,-1,50640661001,234338
mark,-1,50649770857,60042
mark,-1,50658624512,40089
mark,-1,50667688366,63783
mark,-1,50676520430,40164
sweep,-1,50676587442,2669
mark,-1,50685558185,41973
mark,-1,50694489741,48299
mark,-1,50703511092,63188
mark,-1,50712386907,50840
mark,-1,50721348566,65589
mark,-1,50730267834,138290
mark,-1,50739202117,80246
mark,-1,50748120262,48793
mark,-1,50757046918,52632
mark,-1,50766024031,35487
sweep,-1,50766086357,2738
mark,-1,50774927270,35973
sweep,-1,50774987142,2547
mark,-1,50783897298,47331
mark,-1,50792779045,34879
sweep,-1,50792840339,2324
mark,-1,50801758682,33852
sweep,-1,50801822138,2256
mark,-1,50810708166,37941
mark,-1,50819640858,62389
mark,-1,50828581999,41236
mark,-1,50837529902,163175
mark,-1,50846636073,41435
mark,-1,50855594547,35222
mark,-1,50864609651,43835
mark,-1,50873599731,91817
mark,-1,50882583168,44193
mark,-1,50891572412,47182
mark,-1,50900419541,33891
mark,-1,50909469653,59897
mark,-1,50918392578,40452
sweep,-1,50918460264,2856
mark,-1,50927439886,41477
mark,-1,50936291057,46481
mark,-1,50945320889,65451
mark,-1,50954218725,56641
mark,-1,50963191297,65218
mark,-1,50972098572,71165
mark,-1,50981031565,39638
sweep,-1,50981096053,2729
mark,-1,50989991877,51923
mark,-1,50998971739,37578
mark,-1,51007943090,41410
mark,-1,51016845736,38667
mark,-1,51025843500,39752
sweep,-1,51025909483,2597
mark,-1,51034755969,51112
mark,-1,51043722803,47190
mark,-1,51052668013,41859
mark,-1,51061616351,58870
mark,-1,51070628238,159382
mark,-1,51079639065,36552
sweep,-1,51079700336,2738
mark,-1,51088582046,46616
mark,-1,51097534513,40837
mark,-1,51106534770,32230
mark,-1,51115541212,57166
mark,-1,51124405569,52360
mark,-1,51133413224,48361
mark,-1,51142381857,35731
sweep,-1,51142444662,2601
mark,-1,51151446859,37047
mark,-1,51160304522,140327
mark,-1,51169346340,43301
mark,-1,51178220420,38034
mark,-1,51187257857,53933
mark,-1,51196155444,44368
mark,-1,51205112893,39665
mark,-1,51214034756,47558
mark,-1,51222953930,45120
mark,-1,51231928740,37898
sweep,-1,51231993562,2634
mark,-1,51240851784,66926
mark,-1,51249818685,105095
mark,-1,51258747564,43692
mark,-1,51267745820,138083
mark,-1,51276750371,74260
mark,-1,51285695333,63498
mark,-1,51294636378,45878
mark,-1,51303573231,129945
mark,-1,51312544652,156779
mark,-1,51321539007,42778
mark,-1,51330553758,49339
mark,-1,51339498377,40786
mark,-1,51348502951,46036
mark,-1,51357475049,52679
mark,-1,51366437168,37248
sweep,-1,51366498162,2618
mark,-1,51375438104,60312
mark,-1,51384294016,40474
mark,-1,51393348642,63250
mark,-1,51402197972,39954
mark,-1,51411313262,84196
mark,-1,51420203232,43285
mark,-1,51429231024,151190
mark,-1,51438171045,35472
sweep,-1,51438236069,2661
mark,-1,51447148452,62369
mark,-1,51456066500,69759
mark,-1,51464981602,39297
sweep,-1,51465046639,2591
mark,-1,51473935542,51282
mark,-1,51482845179,34464
sweep,-1,51482905909,2567
mark,-1,51491810158,41987
mark,-1,51500713094,41959
mark,-1,51509699529,41018
mark,-1,51518604081,49604
mark,-1,51527554260,46661
mark,-1,51536487167,41589
mark,-1,51545425034,60474
mark,-1,51554456730,161335
mark,-1,51563473466,37430
mark,-1,51572417115,45523
mark,-1,51581367842,67464
mark,-1,51590372516,53697
mark,-1,51599364043,55579
mark,-1,51608239626,143082
mark,-1,51617312905,43930
mark,-1,51626171867,33999
sweep,-1,51626235722,2352
mark,-1,51635222596,61772
mark,-1,51644061154,37985
sweep,-1,51644125898,2365
mark,-1,51653069201,41472
mark,-1,51661902021,45469
mark,-1,51670913877,64966
mark,-1,51679780083,51064
mark,-1,51688727758,65440
mark,-1,51697620856,76468
mark,-1,51706640396,115563
mark,-1,51715597714,63458
mark,-1,51724501706,36140
sweep,-1,51724565044,2322
mark,-1,51733548610,40877
mark,-1,51742524824,37892
mark,-1,51751504764,46330
mark,-1,51760388104,52212
mark,-1,51769363951,42873
mark,-1,51778311761,110592
mark,-1,51787257992,44333
mark,-1,51796201451,38032
mark,-1,51805154928,78393
mark,-1,51814115582,34817
mark,-1,51823061413,29279
mark,-1,51832005949,39626
mark,-1,51841008712,50109
mark,-1,51849899151,39289
sweep,-1,51849960824,2486
mark,-1,51858905611,62954
mark,-1,51867769225,40208
mark,-1,51876828291,63835
mark,-1,51885679609,47020
sweep,-1,51885756872,2396
mark,-1,51894797993,43644
mark,-1,51903656553,42592
mark,-1,51912685420,63252
mark,-1,51921569741,53240
mark,-1,51930618033,34825
mark,-1,51939542012,46221
mark,-1,51948467172,34548
sweep,-1,51948524712,2333
mark,-1,51957421388,50179
mark,-1,51966410881,40726
mark,-1,51975373423,34168
mark,-1,51984269041,38786
mark,-1,51993241976,41010
mark,-1,52002160921,52281
mark,-1,52011114547,58725
mark,-1,52020047398,365499
mark,-1,52029275507,51498
mark,-1,52038304244,93120
mark,-1,52047383359,35290
sweep,-1,52047445364,2187
mark,-1,52056327682,48047
mark,-1,52065398202,67332
mark,-1,52074532317,73177
mark,-1,52083543675,59470
mark,-1,52092420639,146692
mark,-1,52101483874,44493
mark,-1,52110413841,32291
mark,-1,52119459448,59925
mark,-1,52128298841,39548
mark,-1,52137333786,43087
mark,-1,52146177489,42705
mark,-1,52155208981,63464
mark,-1,52164085292,123920
mark,-1,52173079644,42837
mark,-1,52182074208,61166
mark,-1,52191009414,40638
mark,-1,52199953250,50863
mark,-1,52208862190,35012
sweep,-1,52208922875,2676
mark,-1,52217846205,40992
mark,-1,52226750095,144401
mark,-1,52235802318,43051
mark,-1,52244684657,65091
mark,-1,52253627421,50334
mark,-1,52262631317,119117
mark,-1,52271574405,46244
mark,-1,52280504077,29399
sweep,-1,52280565317,2287
mark,-1,52289457046,50629
mark,-1,52298473208,54860
mark,-1,52307425887,86994
mark,-1,52316382058,53909
mark,-1,52325369606,40303
mark,-1,52334273744,41407
mark,-1,52343293138,124236
mark,-1,52352201337,45990
mark,-1,52361272767,72154
mark,-1,52371475660,57188
mark,-1,52383232274,38082
mark,-1,52394751401,90661
mark,-1,52406498014,76524
mark,-1,52418035232,63482
mark,-1,52429702618,72433
mark,-1,52441301554,45997
mark,-1,52452957426,56487
mark,-1,52464594769,46292
mark,-1,52476241591,50787
mark,-1,52487887664,53592
mark,-1,52499476321,47121
mark,-1,52511156525,55229
mark,-1,52522738237,40403
mark,-1,52534417238,51820
mark,-1,52546040380,49559
mark,-1,52557682072,75169
mark,-1,52569356413,97675
mark,-1,52581108705,37317
mark,-1,52592815440,64651
mark,-1,52604469649,40756
mark,-1,52616074744,51166
mark,-1,52627789120,74324
mark,-1,52639304617,67287
mark,-1,52651019432,55721
mark,-1,52662547385,41241
mark,-1,52674341735,152293
mark,-1,52685908865,43898
mark,-1,52697652284,38267
mark,-1,52709261819,72664
mark,-1,52720998835,40268
mark,-1,52732590958,137204
mark,-1,52744291444,60706
mark,-1,52755884175,40923
mark,-1,52767516473,47955
mark,-1,52779181834,62563
mark,-1,52790786087,131134
mark,-1,52802450428,64289
mark,-1,52814005339,147334
mark,-1,52825779323,44065
mark,-1,52837359372,59308
mark,-1,52849055648,68014
mark,-1,52860669695,259759
mark,-1,52872359886,58461
mark,-1,52883972273,45427
mark,-1,52895632590,45191
mark,-1,52907246660,50696
mark,-1,52918911762,57873
mark,-1,52930524397,155127
mark,-1,52942265537,49147
mark,-1,52953800611,59309
mark,-1,52965516071,55186
mark,-1,52977129317,42449
mark,-1,52988936247,42101
mark,-1,53000514241,48761
mark,-1,53012271233,44257
mark,-1,53023814031,46839
mark,-1,53035557984,134300
mark,-1,53047168872,47128
mark,-1,53058797900,55403
mark,-1,53070399195,239102
mark,-1,53082102655,54839
mark,-1,53093753480,46954
mark,-1,53105365503,48499
mark,-1,53117029685,45600
mark,-1,53128586602,54326
mark,-1,53140291022,63142
mark,-1,53151886238,43837
mark,-1,53163523062,78063
mark,-1,53175121513,65932
mark,-1,53186754051,43595
mark,-1,53198364073,58544
mark,-1,53209994449,52875
mark,-1,53221610525,42250
mark,-1,53233364374,42717
mark,-1,53244957849,53091
mark,-1,53256673521,54251
mark,-1,53268211859,73116
mark,-1,53279950815,68650
mark,-1,53291479832,48046
mark,-1,53303266819,63498
mark,-1,53314780557,45570
mark,-1,53326556633,130155
mark,-1,53338126951,57166
mark,-1,53349815259,54665
mark,-1,53361465472,39129
mark,-1,53373183891,44621
mark,-1,53384815761,68110
mark,-1,53396469006,63482
mark,-1,53408149541,51358
mark,-1,53419731830,42984
mark,-1,53431423124,54751
mark,-1,53442971577,84272
mark,-1,53454622598,48319
mark,-1,53466244953,48378
mark,-1,53477881837,43277
mark,-1,53489492642,77306
mark,-1,53501199265,47135
mark,-1,53512812403,41427
mark,-1,53524480488,50403
mark,-1,53536075664,38719
mark,-1,53547780627,58965
mark,-1,53559315641,46489
mark,-1,53571020998,127329
mark,-1,53582544728,73317
mark,-1,53594299332,47915
mark,-1,53605795562,49494
mark,-1,53617540305,53004
mark,-1,53629119323,49899
mark,-1,53640867695,61147
mark,-1,53652424292,55586
mark,-1,53664055976,75286
mark,-1,53675646989,144957
mark,-1,53687319773,100547
mark,-1,53698978481,48824
mark,-1,53710635561,50790
mark,-1,53722286419,55158
mark,-1,53733851186,46365
mark,-1,53745609884,57045
mark,-1,53757271102,39553
mark,-1,53768940999,50418
mark,-1,53780559317,46552
mark,-1,53792189391,70953
mark,-1,53803790577,43434
mark,-1,53815426766,53548
mark,-1,53827035125,40829
mark,-1,53838692768,64110
mark,-1,53850277288,66218
mark,-1,53861973051,40191
mark,-1,53873592821,64584
mark,-1,53885385371,38753
mark,-1,53896932419,77476
mark,-1,53908707979,57402
mark,-1,53920217892,44906
mark,-1,53931963672,48541
mark,-1,53943482360,46754
mark,-1,53955205943,38309
