mark_time_ns,sweep_time_ns
1114436,263395
2062301,536995
4742522,1326875
12644,474578
11490,122890
11088,108887
9558,107183
12496,106610
11330,104811
10368,104903
18687,105766
14458,104893
36754,111152
36666,112399
16897,103756
147890,141540
33421,109148
709782,268225
532902,214404
407139,216321
2207454,596225
2385503,615983
423308,226696
8337,99644
8458,98541
7395,98466
10923,99256
8260,97345
8355,97242
13626,98147
11011,97477
16419,99013
35522,104468
13831,98836
89339,119622
31317,105358
31217,104379
496073,201477
104457,125161
1822827,489895
2289451,615235
427540,218737
8312,100617
8369,98658
6690,98631
9292,99247
8555,98285
7937,98104
12712,99332
9302,98911
10611,98937
34235,106687
13509,100435
87489,120018
31050,104701
30501,105467
464992,209423
103652,126076
1859774,496669
2250931,620020
427414,217773
8397,100277
8429,98093
7296,98597
9077,98453
9064,98011
7840,96596
12621,98672
9654,98692
10978,99246
33834,107307
13675,100138
87139,119451
31838,105013
30516,104241
463114,204279
102998,125110
1843483,504032
2223056,616700
418393,215797
8102,100614
7641,100512
7330,98835
9277,100315
8855,99916
7535,98000
13220,101826
9534,98865
15167,100965
34393,107390
14019,100290
87195,119813
31577,106295
31148,106535
460269,204915
102798,126810
1798480,488815
2212874,612343
425889,218078
9174,101851
9440,100281
7582,100006
9574,101733
9601,100254
7458,99408
13434,101425
10519,98371
10084,105640
34949,108293
14252,99379
86306,121369
32143,106117
30490,105299
463159,207830
103939,127102
1799954,491376
2221604,613013
421595,220411
9077,100661
8508,99028
7872,97927
8826,98098
9377,98456
7558,97686
13381,100224
9249,104883
11016,98778
34290,106704
13885,99591
87504,119565
32238,111034
31475,104065
464161,206618
109625,127633
1820626,500096
2204756,630047
428625,215562
8120,106581
8652,98059
7581,98195
9769,98620
8159,97557
7782,97874
13038,98560
9774,98272
14982,100456
34892,105975
14230,99726
88604,118883
31959,104610
30072,104764
456766,204956
104228,125482
1802779,501225
2194270,616023
428524,217764
8616,99882
8697,98793
6767,97892
9885,99270
9017,98956
7410,98900
13081,99695
9830,98531
11071,98986
35618,107459
14235,99115
87433,120246
31535,105284
30658,104783
459347,204776
103059,125941
1794557,491223
2175807,606863
425590,218669
7885,101665
8733,99681
7433,98307
10065,99291
9547,98681
7635,98156
13742,100130
9965,99159
10990,100539
34256,107890
13990,100661
86581,120800
31743,104338
30789,105144
458994,205070
104895,126258
1797318,488489
2178814,602582
417613,216074
8526,101361
7880,99448
7490,99705
9844,99890
8575,99031
7421,98905
12345,100833
9766,99169
15176,101274
34794,106129
13999,99291
87503,119535
31328,104665
29965,104650
458736,206990
104364,125290
1794496,501644
2183182,614293
426036,216777
8808,99530
8085,98223
7120,98272
9521,99641
8850,99256
7636,99703
13134,99464
9724,97529
10221,99116
34506,106579
13259,99514
87653,119342
30920,104897
29994,105445
457125,207305
102687,125524
1779394,485624
2192468,603226
427674,213515
8082,100371
8319,98653
6812,98912
9311,99704
8917,98408
7076,97511
12424,100350
9020,98956
10922,99127
34692,107885
14648,99143
87250,120790
31939,105038
30262,105514
458264,207917
103292,126851
1780044,488981
2181201,610758
419263,217271
8624,102968
8471,98489
6958,99024
9367,98783
8707,102751
7535,96629
12840,99287
9844,97771
14820,100696
34241,105168
13823,99559
87836,120776
31894,105575
29908,103875
460318,213700
103084,125014
1783482,486252
2178238,603731
424739,217161
8269,101985
8049,98391
7001,97650
9388,98708
8535,98062
7863,97084
13356,100056
9264,98055
9900,99254
34384,106393
13796,99281
87758,119234
30797,103998
30473,104757
456555,206764
103496,125996
1786068,489564
2164036,610251
421360,214165
8841,98760
9074,98857
7614,97485
9735,97495
9713,97780
7640,97177
12959,98776
10207,97423
10932,98157
34676,105571
14675,98863
87283,119934
32029,104761
31342,105001
456066,205148
104578,125003
1787942,501519
2183041,604012
418870,214726
8841,100512
8128,98486
7822,97771
9540,99316
8910,98765
8175,98004
13196,99832
9836,99431
15873,100818
34660,106789
14148,98550
88440,121407
31772,104802
30295,105257
457573,207336
103842,125937
1790339,491827
2200738,611475
425628,217000
8309,100438
8013,99975
6922,98452
9280,100058
8249,99156
7554,99630
12980,101979
9666,99861
10303,100264
34830,108478
13607,100246
88801,120068
31109,105902
29971,111653
455199,206847
102666,126569
1778850,488121
2187025,606889
434768,216130
7974,102313
8780,99077
7822,98289
9301,99998
8962,99723
7346,98128
12988,100289
9400,98336
10356,99399
34014,106579
14362,98946
86438,120923
31773,104839
30394,105241
456342,206613
103524,125851
1781278,487077
2184409,606640
417302,215484
8583,100673
8497,98778
7258,99029
9543,99059
8281,99065
7714,97533
13127,99941
9780,98834
15675,100585
34548,105849
14148,100387
88820,119356
32019,106006
29881,104575
458693,204638
103054,126037
1793015,491362
2172965,601852
422363,215880
8271,101576
8288,100284
7273,99431
9254,99280
8549,98931
7232,98777
12646,100492
9625,99118
10638,99899
34067,107900
13674,100380
86069,120987
30986,106084
29901,106014
457867,205620
102098,126252
1788517,482055
2183751,603496
419455,213664
7536,99450
8420,98497
6633,98379
9193,99346
8532,98407
7103,98424
12293,99708
8964,98403
11165,99911
34051,104885
13831,99455
86124,119812
31745,104354
30894,104605
461391,205644
102677,125404
1798898,482794
2200780,608899
412832,215963
7327,102406
8250,98925
7363,98647
9866,108170
9816,98695
7721,103298
12785,100066
9827,104998
15029,100423
34520,106494
13304,99984
87440,120789
31876,104898
30508,104730
457422,212169
102197,126040
1799975,488783
2196152,607504
423976,219395
8501,100616
7863,98651
7350,98416
10117,99819
8440,98424
6767,97781
12940,99853
9737,98767
10097,98972
33968,106329
13603,99290
86408,120594
31446,105382
30169,105665
457329,206039
102289,126119
1797760,488319
2190832,605715
419303,216176
7867,100781
8051,99298
6886,98017
8822,98772
9228,99619
7657,99016
12998,99512
9255,99095
10260,99277
33514,106823
14243,100690
85900,120422
32485,104376
30956,104817
460701,206099
102701,126200
1800619,486299
2191839,603546
415000,214967
8348,101667
9156,100048
7410,100172
10078,99248
8652,99402
7700,99274
12237,100520
9754,100033
16056,100599
34297,106413
13728,99917
87158,120787
31958,105544
30966,105617
459872,205229
101738,126117
1791752,490343
2198113,605661
422125,215971
8518,100430
8308,100073
7528,99647
9479,99568
8505,98934
6759,98437
12727,101522
9411,99088
10069,99176
40233,107517
13015,100128
86031,121436
31276,111158
30326,105592
464855,207162
102417,134853
1782671,492998
2173898,614995
421570,228725
8677,100581
8880,99345
7517,98848
9592,99063
9056,98349
7884,98734
12945,100562
9340,99157
10357,99090
33206,105945
13687,100401
86089,119609
31455,105415
30278,105931
457888,205713
103450,124823
1808464,494553
2176903,606880
414030,216055
8203,100359
8022,99575
7223,98830
9600,99372
8713,98754
7540,98498
12914,98913
9457,98903
15507,100666
34233,107133
13457,99561
86779,120205
31604,105770
29661,106545
458069,205747
102897,125863
1798473,483364
2196169,600753
421760,214839
8277,101022
8343,99694
6926,99821
9620,99719
9098,99629
7194,97885
13031,101477
9903,99140
10520,99913
34576,107944
14749,100530
86891,121830
31964,105542
30642,105565
461491,206511
103061,127649
1789238,494120
2188416,605579
417830,216873
7436,101780
8209,99186
7461,99426
9303,104171
8678,99238
7403,106965
12927,100843
9151,104881
10400,99583
34020,106808
13527,100249
86516,119824
31757,103925
37083,105989
465948,206941
103290,126138
1788831,483587
2183892,604814
420618,214573
8310,101551
8339,99335
7006,98676
9330,99390
8526,98826
7262,96997
13022,99758
10551,99317
15875,101892
35082,106685
13683,99451
86246,119935
31489,105546
29943,104643
456049,204549
102872,124186
1793577,487100
2164135,605745
422611,217308
8117,100033
7587,99404
6278,98446
9459,99694
8366,98576
6663,97865
12617,100344
9235,98910
9992,99892
33672,106913
13674,99489
86209,121351
30804,105000
29649,105519
458839,208623
102192,125744
1798228,483621
2184712,607496
422160,216503
7984,102151
8052,99607
7440,98736
9429,99864
9602,99215
7232,98299
12972,101153
9078,98025
10301,100403
33666,106478
13783,100619
85320,122575
31265,105325
30541,105386
461230,206879
103168,126997
1784189,492326
2173519,605413
412460,215639
7982,103009
8782,98878
7825,99119
9585,98592
8482,105120
7203,99133
12554,99683
9505,98965
15080,100399
33953,105887
13187,99035
85890,121033
31738,105094
29246,104365
459064,204418
102140,127829
1817062,492114
2171478,602180
420256,216742
9750,100494
8497,99261
6896,98340
9745,99305
8630,98815
7074,98040
13268,100163
9769,98092
10662,98512
34166,106571
13455,98476
86800,119767
31175,105056
30685,104497
456919,205680
101904,123946
1790848,496139
2187810,608135
423309,216684
8021,100476
8248,98566
7215,97647
9053,98732
9016,97954
7182,98490
12692,99215
9096,98290
11350,99315
34213,107066
14102,99984
85804,120205
31048,105206
30484,104144
460697,206300
102656,125397
1804158,485459
2171121,596577
417605,218229
7887,101518
7817,90671
7012,98227
10079,99133
8270,98200
7657,97652
12651,99868
9875,99123
15544,101179
33711,106703
13605,100156
86623,120586
31230,105725
29746,95594
470079,205693
102185,126199
1793067,487081
2168752,610170
430144,215124
8208,100194
8727,98060
7405,97009
9883,98743
8767,98581
7461,97710
13000,100196
9524,97979
10149,99224
34066,106696
13356,99156
85804,120255
30981,104327
29681,104142
457599,205905
103148,123992
1777608,499012
2181123,605035
421153,213634
9148,99186
8911,99846
7391,97973
9527,99511
8833,98892
7557,98557
12788,100932
9926,97998
11084,99237
33754,107209
13903,99412
85800,119933
32158,103709
30344,104664
456930,204195
102848,127037
1773350,483272
2178852,610262
416301,215474
9021,101449
8482,98649
7617,98485
11011,99016
8710,97999
7782,97316
12938,99290
9537,98235
15058,99944
34671,105409
14506,98651
86345,119260
31463,103597
29626,104201
457205,203885
102507,125944
1775125,500105
2171566,606980
423800,216445
8243,100551
8392,99998
6997,98694
9794,99637
9150,98206
7280,98587
13201,99521
9857,98626
10574,98799
34383,107034
13794,98671
86624,120136
31124,105205
30030,104434
455222,204030
102690,126472
1770620,487138
2190907,602354
420603,218659
8913,100610
8974,99924
7047,99269
9000,100111
8991,98159
7846,98428
12805,101116
9643,99375
11301,99631
33674,106617
14298,100137
85968,120849
31169,104466
30742,105149
459188,205822
103057,126114
1784611,489855
2181506,604361
417530,215880
8912,101952
8921,99990
7574,99027
9665,99658
9208,98695
7972,98232
12543,99833
10296,99706
15794,100919
34607,107191
14141,100671
87979,120985
32360,105268
30045,105589
458362,205445
102485,126622
1772686,488494
2172913,611170
418938,215697
8235,101003
8740,101753
7019,99303
9759,105940
8504,99331
6901,103903
13065,105138
9387,99385
10417,98011
39915,106918
14034,98704
85608,119206
30845,110037
29709,105116
463339,206484
108026,127361
1761771,483019
2170715,610270
429711,215882
8096,99805
8555,98222
7609,97677
9003,98070
8613,98045
7199,97493
13247,99629
9182,98278
10424,99013
34228,106285
14164,99696
85968,119629
31791,104679
30213,103584
455040,204682
102623,126319
1781910,489214
2159302,603157
414639,217737
9102,101689
8053,99214
7331,99252
9848,99705
8643,98606
7895,98730
12863,99644
9718,99362
14998,101507
34398,107152
14040,99899
87111,119755
31398,105445
29884,104607
456631,204985
101840,126977
1781551,489116
2165469,608930
418251,217217
8824,101403
8597,99967
7158,98420
10031,99763
8830,98934
7445,98924
13096,100464
9877,98212
10842,100717
34629,106842
13935,100859
86821,121799
31388,105708
29849,106066
455559,205929
101852,127064
1768475,490791
2172426,601006
417832,216022
8243,100672
7997,99074
7171,99180
9211,99381
9453,99998
7698,99812
13216,100500
9171,99520
11145,100205
33972,107179
14124,100648
85959,120108
31499,104658
30583,105252
458760,204935
103078,126778
1783908,492152
2184464,609449
416202,217271
8219,101039
9347,101360
7840,99165
9995,99933
8911,98869
7747,98382
12574,100931
9696,100384
15642,101363
34537,107054
13638,89272
86857,120055
31474,106338
30557,104599
461820,205389
103157,126050
1768073,484846
2177523,607324
416849,215649
8515,100855
7916,99565
6580,98586
9175,98418
13771,99082
7722,98691
13190,99632
9637,98619
10630,99863
34136,107259
13323,99273
86375,119735
31265,105424
30260,104938
454803,210961
102632,125080
1778176,487598
2166927,605050
418321,215560
7573,100239
8306,98275
7346,97927
8901,98453
8808,98432
7427,97091
12746,98913
9246,97420
10422,98173
33601,105273
14188,99281
86186,119380
30971,104142
29717,104753
457867,205125
102820,126555
1787668,492854
2167926,598892
412355,215757
8242,101701
8024,99051
7493,98903
9553,99942
8178,98583
7375,97534
12568,99919
9504,99365
14552,101342
33662,106560
13379,99820
86621,120339
30545,104480
31328,104559
460259,205291
104107,127172
1767977,498242
2174775,608862
414103,214669
8283,100844
7608,98534
7351,100355
9953,99198
8852,99250
7498,98228
12904,100176
8954,98723
14979,100927
33842,106831
13379,99232
86117,120701
30780,104653
31393,104288
457603,205773
103662,126099
1777462,491789
2177682,604494
412806,216340
8559,101006
7399,99841
6773,98932
9505,100244
8669,99903
7646,97398
12702,100085
8875,99770
14956,106951
34569,106983
13401,100336
86838,121167
30375,105441
30025,105397
465458,206219
103524,128248
1775842,486884
2166972,608880
425705,215038
7922,107884
7383,98427
7010,98680
9419,98794
8719,98322
7125,97077
12630,99876
8737,98690
15018,100676
34000,106855
13543,100705
86600,121196
30533,104672
30020,103960
457627,206036
102764,125359
1772257,485002
2161409,600025
418147,213872
8133,100132
7398,97524
6802,97976
9590,98205
8908,98733
7219,98109
13010,100191
9411,98808
15532,100805
34141,107431
13583,99231
86906,120136
30593,104074
30305,105454
454389,206539
102673,125872
1765138,491393
2178735,603458
416369,213716
8040,102182
8271,98349
6845,98658
9536,100748
8950,99138
7581,98251
12710,100561
8827,98839
15337,101727
34649,106252
13322,100765
85457,121547
30326,106017
30118,97621
458844,205355
103078,125542
1766068,485355
2171300,606705
414604,213026
8055,101486
8131,98361
7238,98980
9608,98803
8723,99377
7177,98493
12281,100762
8603,99117
14816,101027
33629,106508
12853,100097
85874,121393
29991,105754
30041,105512
455603,207374
103052,125441
1760868,489137
2174859,602721
423172,215264
8373,99826
7467,97530
7132,97944
9812,99273
8974,97653
7081,97135
12784,100017
8837,97715
14829,100334
33836,106494
13352,98585
85104,120257
30540,104410
30141,95589
453070,203508
103099,125532
1785027,485279
2156108,609550
414861,216611
8121,100708
7673,98456
6650,98681
9743,99199
8979,99393
7916,98997
13372,100547
9062,100147
15215,102072
33854,106892
13305,99629
85689,120359
30116,104933
30210,104410
454417,206780
103597,127357
1772277,486765
2159551,602918
412125,214793
8073,101083
7554,98731
6679,99032
9406,101197
9237,99518
7017,99013
12446,101501
8525,100236
15164,101470
34931,107538
13208,99363
85805,121087
30251,105238
30490,106415
454701,205968
102878,126000
1776305,485103
2169643,604282
413587,217825
8100,101924
7900,99211
7267,100024
9408,100409
9465,99002
8006,98060
12472,100671
8973,100092
15514,100809
33907,107370
13758,99807
85909,120932
30712,104864
30564,104964
453072,205768
103261,126302
1773345,490675
2167319,601219
409367,213886
7877,101756
7906,98406
7655,98540
9417,103667
8765,99363
7126,104337
12934,105702
13350,99686
14911,100360
34107,112219
12674,100068
85876,120886
30812,110323
30602,104163
460667,206059
103029,132232
1779460,488379
2161363,617958
416089,225517
7771,101146
7668,98447
6707,97815
9661,99595
9058,99023
7379,97972
12495,100277
8876,98846
15491,100753
34069,106758
13508,99504
85967,119800
29964,104774
30032,104340
451231,206278
102804,126547
1766027,490617
2162309,603579
414489,216048
8424,99572
8309,98687
7020,98149
10253,100017
9279,99225
7782,97073
12875,100379
9322,98744
14912,100809
34062,107545
13354,101162
86093,120928
30498,105673
29754,105254
456697,205778
103228,127594
1775376,496113
2157682,598847
410140,214539
8251,100449
7168,99840
6896,98857
9211,100148
9276,99545
7081,99122
12828,101117
9030,99049
14954,100986
34052,107288
13649,99715
86043,120902
30611,104743
30124,104945
455844,205543
103034,125296
1773787,482162
2163269,605549
414205,215630
8232,100788
7953,99436
6633,100702
10084,99746
9123,99755
7341,98412
13073,100905
9394,100333
21652,101192
34554,106988
13723,101157
86059,121601
31017,106447
30360,105501
456844,206689
102391,127157
1767830,497301
2166355,622489
425720,214814
8365,107760
7146,98693
7120,98374
9109,99490
8930,98785
7421,98223
13204,99649
8957,98490
15664,100410
34683,106657
13832,99905
85738,119699
30814,104919
30717,105275
453484,206164
104079,125575
1779817,485489
2169646,594935
415150,215307
7861,99964
7674,99905
7165,99063
10586,99291
9374,98791
7298,98468
13085,100390
8983,98898
15247,100886
34099,106553
13655,100344
86020,120801
30506,105519
30353,104365
456419,205445
102929,126270
1774998,492725
2192331,606302
409751,213231
8299,101578
7186,99800
6999,100003
9938,100380
9033,98982
7296,99030
12353,100563
8936,98768
15960,100967
34219,107753
13559,99686
85827,121019
31119,105904
30809,106397
459448,205782
104007,126258
1763131,483262
2175488,596274
413552,215233
8375,100998
7156,98852
6983,98622
9657,99673
9185,99074
8039,98233
12537,100155
9210,98781
15027,101554
34707,106419
13439,99666
86509,121236
30996,106068
30305,111605
458814,205890
103774,126030
1765983,483214
2166103,608315
427050,214593
7976,108010
8105,98169
7277,98163
10310,99255
9235,98830
7706,98289
12647,100319
9361,98478
15584,90498
34915,106350
13467,99887
85719,119903
31056,105040
30480,106042
455942,206546
102515,127019
1787060,489854
2170977,595859
412312,216667
8369,100961
7478,99379
6910,98838
10251,99853
9247,99558
7414,97648
12962,100775
9236,98372
15093,100716
34214,105523
13705,99019
86226,120547
31010,104775
30425,104118
453938,204775
101723,125290
1778544,499581
2175921,601286
414148,215611
8166,101120
7287,98889
7367,98403
9437,99194
9158,98407
7799,98513
13213,101719
8904,99130
15295,100867
34342,107549
13545,99541
85862,121254
30088,105480
30403,105081
456341,206709
103875,127913
1772362,484986
2179594,597930
412887,214495
8032,100368
8310,99107
7619,98492
9707,99506
9506,99434
7197,98666
12733,100880
9424,99049
14777,106780
33967,107094
13279,105237
85964,128901
30146,105792
30731,104879
464372,205362
103091,126868
1782664,485763
2175329,605492
415161,225675
8687,100843
8159,99497
7157,98937
9400,100345
9042,97731
7626,97684
12992,100586
8838,98576
14797,101586
34110,106958
13339,99024
86659,121199
30416,104422
30975,106538
456476,204991
103023,126124
1787560,486706
2163695,598415
412580,215047
7760,99930
7503,98068
6676,99435
9200,100055
8875,98228
7116,97809
13102,101154
9804,98656
15289,100964
34283,105969
13155,99024
85646,121413
30194,104540
30402,104475
456494,205104
103211,125276
1782592,494340
2170988,601302
410223,215113
8624,99755
7427,98799
7689,98740
9661,99482
9091,99842
7107,98166
12970,101501
9148,99406
14823,101938
33806,106640
13190,100618
85499,121737
30335,105006
30265,106050
456169,205617
103417,127173
1758583,484567
2179378,603647
413801,216956
8309,101556
7458,99965
7354,98509
9467,105587
8752,98726
7180,102780
12788,105765
9141,104747
14685,101988
34166,107114
13285,99445
86839,121158
30765,104320
30792,104646
463598,206472
103217,125657
1787744,487204
2177243,613513
414106,212792
7991,99768
7488,98851
6979,98906
9431,99163
8966,98491
7099,97242
12759,99173
8882,97544
15163,100889
33894,107618
13357,99710
86406,120066
30878,104737
30193,104616
460061,206144
104086,126034
1779510,487842
2155155,601763
412130,216309
8072,100176
7650,98967
6664,99157
10042,100046
8675,99439
7689,98411
13071,101433
9263,99130
15303,102434
34656,106277
13360,99756
85514,121897
30521,105009
30063,105674
454787,205197
103446,126559
1793734,481220
2172443,607827
413619,215420
8535,101899
7563,97773
7346,98174
10586,99397
9349,98956
7712,98190
12595,99791
9317,98306
15039,101190
33572,107116
13273,99146
85836,119310
30278,106894
30546,111500
456991,206658
103811,126777
1769600,485422
2156249,609591
426544,213993
7994,105531
8098,97513
6991,98530
9486,99958
9042,98201
7015,98039
12474,100060
9593,98415
15070,100864
34585,107139
13388,99382
85817,121328
30343,105385
30596,105176
454744,204686
102513,125603
1764357,483514
2160032,604241
412336,214814
8036,100188
8291,99189
6687,99235
9555,100184
8975,98875
7243,98535
13073,100566
9386,99247
15556,101290
33703,106928
13880,99918
85716,121475
30710,104576
30677,105625
458971,207422
102774,126505
1779542,491845
2180075,605129
413007,215654
8086,100110
7656,98582
6878,100155
9561,99572
8543,99081
7281,98827
13164,100223
8612,98804
14696,101673
33881,107925
13383,100924
85855,121083
30564,106029
30507,105437
458857,205471
102482,124800
1764461,486933
2174797,608171
415603,218882
8253,101283
7928,98461
7379,99857
9478,105725
9177,98961
8001,102809
12926,101620
9241,104488
15665,101330
34586,107066
12981,99792
86171,120679
30441,105816
30519,104962
455300,212546
103320,126128
1782377,484036
2157696,608352
417901,215111
8011,101495
7266,98888
7272,99440
9738,100034
9048,98837
7499,98159
12988,100572
8925,98843
15451,101260
34443,107123
12896,100568
86145,120468
30117,105513
31043,107210
457022,205438
103019,124694
1782514,487297
2159150,599952
412673,217500
7836,100374
7521,98974
7047,97930
9539,98963
9501,97907
7946,97281
12702,99894
9266,98064
15492,100460
34857,106601
14312,100382
85714,120376
30543,105800
30836,105098
456929,204956
103633,125328
1784315,486377
2175046,608777
415367,216704
8923,99830
7005,99085
6794,99665
9311,100296
9074,99541
7293,98651
12403,100906
9279,98632
14955,100580
33492,107719
13244,100689
86031,121144
30426,105805
30330,105014
465395,204204
103585,125675
1771254,487679
2155420,607086
423666,217525
8039,101210
8017,98784
7226,97972
9519,99971
8731,97898
6809,96983
12274,99902
9027,98848
15045,100400
33628,106934
13158,100079
86371,120677
30442,105009
30274,104903
452875,204539
103102,125321
1777961,483577
2165347,602704
418304,213438
7837,100437
7545,98090
7217,98465
10285,98443
8727,99267
7281,97908
12554,101164
9680,98371
14911,100687
34506,106812
13330,99679
85323,121727
30527,104488
30273,105420
458990,206087
103296,126287
1769848,488616
2170588,605957
409715,212934
8124,100986
7556,98767
6936,98457
9518,99438
9159,99481
7166,99051
12978,100494
9107,98354
15275,101049
33862,106723
13286,99426
86020,120913
30007,104809
30672,102188
457086,205878
103150,125600
1771538,487218
2160499,605239
412314,216143
7958,102604
7426,99706
6782,99432
9505,99279
9103,103663
7300,97973
12820,100070
8952,99050
14729,101204
34343,106646
13830,99661
85990,120049
30485,104595
30553,105150
458099,204534
102553,125337
1781939,483156
2148603,602229
416589,215923
8089,100701
7653,98805
6847,98820
9165,100085
8853,99650
7405,98303
12790,99807
9058,98988
15300,100355
34362,106595
13556,100128
85454,121612
31830,105046
30335,106101
457842,206291
103634,127473
1779747,500273
2162353,603219
416813,214585
8011,100135
8335,99301
7481,99929
9776,100422
9427,99103
7509,99242
12832,99789
9520,97574
10305,97835
34854,107173
13854,99231
87271,119712
31349,105230
30757,104409
457353,204890
102300,126005
1773237,485610
2181895,603203
418256,215167
8343,99917
8684,99326
7333,98568
9228,99166
8806,98455
7637,98086
12677,101252
9217,99712
10315,98187
33738,106950
13451,105279
86185,125146
39995,104093
30385,104175
460978,205752
109212,125756
1787613,488351
2160508,614824
415307,221911
7938,99798
8504,98084
7774,97197
9229,100338
8280,98784
7440,97184
12670,99939
9467,98583
15341,100925
33925,106238
13412,99740
86314,120001
31622,105281
30185,104128
455964,205271
102292,124766
1791030,489652
2153081,601147
419531,217309
8959,100355
8137,99291
6703,98206
9660,100230
8725,99416
7310,99174
13082,99655
9199,98093
10210,98262
34217,106977
13539,100094
87298,120196
31325,105399
29932,105358
458080,205198
102636,126164
1769599,482021
2179733,606032
419798,215076
8318,100398
8547,99399
7352,99313
9284,99361
9520,98479
7065,98305
12810,100520
9324,98734
10572,99069
33626,105943
14306,99342
86117,121215
31676,105321
35843,105341
457103,206778
102866,126497
1757047,484090
2159214,606654
419740,216215
7931,101573
7900,100238
7505,99629
9506,98992
8588,104162
8195,97422
12746,100541
9407,99001
14577,100096
34222,107076
13282,99186
87805,120303
31074,105006
30017,105436
463674,206602
102227,132861
1775337,493159
2167299,621804
419364,226775
8699,99860
8463,100294
6626,98078
9418,98747
8700,98561
6772,98034
13092,100187
9463,98353
10333,98942
33796,108158
13101,99225
85994,119486
31448,104718
30236,104904
452800,204497
103367,124731
1771019,488881
2161360,610718
419146,215037
8174,99908
9046,98372
7397,96945
9318,97814
9206,97744
7547,96911
12488,99092
9386,98836
10382,97296
33023,106284
13829,99072
85986,119544
31141,105079
30156,103994
454580,203601
102589,125252
1782010,484860
2160664,599838
417242,214290
8241,100325
8368,98729
7663,97991
9447,99894
8125,99605
7213,97623
12792,100293
9901,98439
15652,102009
34033,106598
13642,98819
86643,119345
31943,105784
29796,104539
458087,204505
102198,125350
1763908,496095
2174591,605780
422411,216342
8333,100069
8532,99460
7652,98219
9948,99481
9729,99724
7053,97633
12995,99579
9664,98217
9903,98637
34208,106252
13611,99790
87179,120174
31694,105093
30552,104779
459175,204832
103616,126409
1785755,488408
2203812,604885
424313,218417
8147,100180
8837,100209
7306,99558
9294,100264
9187,99413
8247,98365
12852,100334
9350,99447
10741,98943
34104,108385
13948,100253
86890,121508
31379,106381
31023,105497
462855,207764
103854,126180
1800003,493799
2191175,600737
417900,216623
7965,101317
8181,98784
7078,98323
9302,99576
8430,98703
7181,98389
12075,100831
9158,100003
15011,100954
34000,107339
14112,100258
88067,120277
31528,104646
29956,106177
457638,206399
103264,126538
1791996,490183
2179852,604945
425891,216272
7851,100129
8197,98867
7324,98424
9626,99084
8943,98474
7404,97735
12929,99352
9755,98724
10045,99340
34895,108155
13353,99701
86351,119324
31037,105376
30286,105741
460895,204924
102689,126348
1780489,500941
2212217,619956
422553,217273
8016,100302
8438,99171
6982,98767
14676,99918
9121,98962
8107,99260
12753,100572
9709,98456
10812,99558
34425,107193
13330,104994
91518,121172
32304,104718
30817,104772
470167,207281
104139,127448
1779409,491651
2174999,619134
430105,217587
7823,102716
7597,104664
7198,103380
9097,99697
8620,98606
7129,98380
12601,100835
10141,97921
15593,101663
34788,107025
13739,100148
88036,119735
31448,105163
29684,105734
463576,212729
103220,126782
1793268,487951
2185367,618988
426304,223822
8512,100362
8453,98651
6831,98841
9432,98544
8585,98811
7399,97945
13429,100384
9645,99169
10972,99322
35034,107026
13527,99003
86878,119624
31509,105073
30278,105973
456917,206898
103038,126138
1786447,489861
2185431,611724
429044,217004
8309,100895
8681,99563
7001,98314
9223,98727
9785,98681
7727,99238
13324,100378
9636,99401
10516,99649
33922,106361
13792,99650
87038,120304
31685,103925
30277,105216
457957,205231
104369,126423
1788832,498430
2171787,601706
419235,212748
8550,100063
8439,99833
6947,98479
8957,99709
9117,98226
7345,98582
12777,99399
9350,98700
15458,100456
34780,106280
13751,99569
87792,121182
30880,105549
30465,104571
459316,205019
102274,126366
1779939,491241
2184666,607327
427947,214967
8009,99825
8018,99237
6620,98807
9552,99362
8762,98798
7899,97705
13597,100083
9575,98983
10460,99334
34516,107470
13933,99504
87634,121196
31957,105215
30413,105850
457986,205783
103698,125534
1785199,486974
2196077,607179
427626,216332
7995,100867
7751,99042
7090,97480
9248,98914
8755,97615
7323,97706
12655,98147
9444,98226
11224,97620
34173,105620
14127,99559
86308,120040
31098,105633
30381,104622
459219,206534
104182,126262
1790290,490464
2190326,609137
420896,215831
8531,102103
8954,100611
8141,99508
11155,100836
8792,98855
8005,98481
12300,99891
9714,100287
15155,102510
35081,107442
13389,100806
87553,120370
32093,105781
30003,105030
462839,206056
104172,126854
1780891,490769
2188893,601161
423204,218200
8451,102208
8536,98637
6962,92002
9421,99714
9060,99136
7288,97488
13706,99634
9421,104206
10419,98657
34445,111421
13187,98870
87654,120413
31429,110593
30075,105051
465808,208632
104230,131593
1771950,491613
2168185,614199
425455,223135
8315,100183
8636,99020
7616,98728
9462,99064
9144,98878
7313,98454
13212,99807
9472,97736
10594,98529
33633,105579
13643,99625
87172,120142
31880,103798
30297,103880
458934,205405
104126,124868
1797322,486814
2175774,611056
419246,215664
8024,100806
8193,97687
7915,98291
9645,99761
8824,98599
8088,98725
12755,100665
10017,98539
15643,101059
34853,107781
14496,99755
88476,119422
31608,105012
30325,105596
459688,207027
103437,125313
1800673,490554
2181403,604727
429182,216375
8237,99817
8152,97966
6938,97840
9689,99324
8753,98592
7042,98272
13197,99695
9514,98790
9567,99505
34583,106574
13410,99558
87009,121062
31390,105477
30250,106234
458992,206825
104532,126018
1779290,497979
2186144,596283
423220,215417
8003,101000
8647,98715
7095,98034
9183,98265
9165,98837
7476,97252
12626,100049
9655,98426
11020,98642
34363,106703
13944,99537
86154,120104
30778,104824
30544,103983
462604,205916
104012,126182
1782940,489410
2191255,604954
417050,216233
9126,100805
8070,98314
7389,98838
10121,99256
8904,98685
7398,97916
12890,100029
10051,97815
16420,100741
34404,106747
13843,101059
86633,120147
31879,105140
29777,105820
463659,206053
103324,125054
1772567,485000
2197394,604319
424247,217377
8670,100810
8452,99734
6435,99736
8881,98821
8515,98469
7005,97994
13223,99976
9303,98426
10533,98129
34585,107109
13779,99559
86941,120085
31600,104627
30390,104544
460199,212966
102328,125673
1784550,491676
2170524,618554
425592,214037
8025,99925
8179,99208
6960,98125
9427,98757
8712,99606
7645,99457
12560,99948
9290,97390
10697,99319
34154,104901
14094,100020
86569,119743
31403,104650
30349,104837
460789,204510
103523,125754
1781007,491234
2191302,607455
419715,215227
8496,102225
8868,99954
7785,99624
9412,101067
8782,99660
7851,98403
12767,101695
9732,99626
16166,102236
34763,107215
14097,100881
87200,122313
32385,105764
30383,106048
459319,205130
103246,127746
1784784,504682
2184643,607755
422135,215053
8430,99614
8562,99382
6846,98861
9418,98667
9070,97854
7372,98425
12892,100405
9737,99068
10715,99018
34404,106158
13682,99651
87205,120075
31413,105641
30185,104817
459192,204924
103645,126515
1785510,486685
2204966,607339
427533,215860
8148,99872
7843,99671
7170,99479
9777,99340
9020,99835
8263,98501
12988,100193
9567,99618
10560,99481
34114,106344
13663,100280
87053,121397
31550,105195
30668,106346
458447,208573
104279,126097
1772805,490060
2191430,606797
417116,216278
9747,102233
8801,100261
7919,99070
9694,99852
9780,100573
8222,98583
12843,100335
9784,99827
15375,100952
34886,106056
13692,99841
88771,120272
31755,105876
29900,105379
456147,213062
103023,126201
1787393,488159
2177225,618201
424379,217497
8132,102510
8345,99372
6918,98779
10064,99541
9223,98770
7496,98125
13045,101355
9562,99566
10126,99536
34835,107211
13315,101163
87343,121481
31346,105281
30192,105757
460623,208091
103911,125827
1771009,485726
2175512,606655
426027,217925
8268,100903
8895,100160
8340,98828
8944,99770
9115,98537
7434,98657
12378,101241
9113,99224
10700,94631
34361,106489
14279,101027
87484,120280
31911,105438
31065,105638
461321,205368
103763,125357
1790500,505108
2185605,610365
416782,215308
8319,101182
7597,100689
7875,98747
9403,99999
8320,99689
7412,99917
13008,100028
9778,100294
15695,101942
34550,107901
13528,100116
87318,120107
30945,106593
30482,105604
462136,205467
103593,126700
1790834,483590
2187213,609480
420226,216015
8664,101898
8214,99484
7288,98267
9908,100236
8714,99315
7688,98974
13324,101363
9644,98531
10083,104860
34386,107013
13869,99393
93766,121602
31947,105452
30127,104579
469060,205511
103247,126759
1788211,490520
2171988,615367
430934,217240
8345,100034
8817,98846
6719,97931
8910,99575
8825,97726
7432,98186
13157,99464
9267,98241
10717,98761
33877,106683
14400,99680
86941,120094
31537,104302
31298,105778
458667,206624
103719,125218
1787551,488072
2180940,605656
418031,216903
7917,99633
7947,99616
7448,98281
10226,98744
8636,98849
7665,97319
13155,99700
9468,99326
15353,100798
34464,106081
13788,99267
89120,119660
31633,106111
30027,103735
462254,204519
103685,124949
1777528,498040
2186627,607911
425612,215495
8797,100527
8303,98822
7417,97703
10110,99119
8338,98467
7424,97146
12748,99485
9240,98574
10061,98653
33673,105940
13336,98265
87543,120742
31686,104185
30380,104231
455220,206307
102995,125955
1776624,493985
2194547,605985
422340,215907
8267,98587
8167,97577
7487,96990
9294,98530
8766,98629
7201,97517
12677,99365
9757,98190
11291,98994
34404,106130
13916,99580
86431,120494
31197,105298
30058,110041
457774,206697
104585,126041
1779428,488981
2196104,609162
431593,217270
7882,102436
7509,106699
7082,104950
9115,100016
8379,98980
7580,97531
12949,99604
9818,99372
14958,100708
34533,106585
13734,98932
87838,119774
31600,105713
29511,105727
459935,206701
102856,127190
1799495,487533
2178662,601363
422766,216927
8170,99442
8164,98275
6424,98486
9581,99486
8682,98028
7017,97175
13080,100779
9535,99015
10479,98065
34391,105808
13793,99067
86533,119671
32106,105063
29924,105280
462876,206554
103299,126381
1790301,489876
2199054,613447
424850,213887
8812,101214
8408,98971
6732,98746
9190,99479
8927,99125
7228,98858
12699,100362
10364,99886
10753,99331
33884,106880
14485,99424
87001,120077
31765,105166
30913,105615
458640,207817
104099,126718
1788269,488152
2193202,612152
418594,215694
8000,101476
7896,98820
7162,98136
9683,99768
8609,98583
7408,97800
12362,99756
9785,99251
15294,101541
34473,106609
13557,101010
87322,120171
31282,106278
30567,104752
466350,207628
103480,127171
1785553,490626
2188412,610143
422343,215203
8290,100968
8297,99225
7670,99606
9366,99330
8625,102713
7266,98394
13217,99249
9560,98298
10290,99913
34389,106481
14031,100716
88414,120792
31381,104796
30669,105235
461979,204867
103183,126752
1793334,493544
2187650,603162
423018,218145
7601,100528
8553,98355
7057,98713
9285,98885
8822,100482
7299,98069
13164,100527
8905,98497
10623,100470
34412,106617
13764,99844
86659,120306
31567,105966
30117,104557
461428,205463
103498,125866
1803462,488109
2180378,608575
421181,217117
8645,99824
8178,99161
7657,98714
9832,99577
8638,98308
7799,98412
12965,100888
9478,99413
14934,101941
34762,106729
14245,99865
87669,120365
31616,107408
29981,105272
467261,205785
103401,128772
1789280,486746
2196554,603070
424240,217438
8599,101020
8295,99684
6931,98226
9994,100845
8500,99711
6727,99411
12391,100949
8953,98606
10103,100242
34076,107213
13334,100498
86714,120659
31564,105823
30495,105997
461390,206345
103111,125658
1783725,489243
2187012,605762
435047,217390
7783,101583
8117,100279
7321,99308
9475,98558
9098,98314
7268,96799
13190,100239
9021,98269
10688,98093
33984,106164
13696,99376
86359,120233
31724,104949
30866,103961
460855,205385
104329,125883
1804808,493732
2174596,609665
420614,215950
8131,100341
7731,100308
6920,99048
9354,99111
8520,99465
7819,98154
12967,101009
9715,99439
16110,101468
34355,107712
13319,100352
87747,120634
31444,105643
29800,105621
458415,205024
103872,126150
1802751,500376
2181320,605637
422575,215003
8681,102397
7976,99014
7192,99188
9462,100859
8676,99289
7251,98431
13295,100821
9429,99029
10317,99055
34898,106621
13561,100548
86326,120570
31530,105896
30370,105918
461753,208647
104135,127686
1795356,486919
2184817,605999
423582,217675
7781,101252
8132,99057
7246,99551
9277,99809
9026,99168
6826,98983
12609,100277
8947,100037
10333,100046
34130,107534
13731,99666
86460,119703
31421,111147
30549,104965
467718,206155
103583,133384
1788972,490083
2167404,619675
418845,221778
8718,101661
8212,99639
7329,98825
9422,98953
8864,99004
7587,97586
12792,100900
9673,99393
15323,101037
34502,106571
14409,99375
87994,121673
32162,106218
29955,104935
460185,206405
103241,124911
1785805,491007
2166208,607967
425627,215637
8352,102632
8325,99966
6636,99516
9158,99345
8634,100084
7339,98903
12785,101750
9516,98376
10317,99399
35578,108937
13612,99773
87089,121502
32002,105724
30519,106836
458687,208035
103203,125984
1780507,490086
2189541,604439
426909,216572
8323,100313
8761,99333
7383,98265
9502,98796
8970,98457
7962,98072
13151,99144
9451,98646
10811,98902
33729,106699
14349,100599
87542,119977
31589,105956
30585,104492
461545,204384
103522,124547
1800241,489855
2177538,605387
419212,215852
8853,101916
8477,100243
7484,98237
9570,99382
8388,98908
7506,98524
12482,100421
10193,98447
15423,100957
34670,106108
14159,99718
87921,120742
31502,106584
30235,105452
460425,206386
103451,127607
1780695,498047
2201217,609618
424904,217065
8393,100933
8376,100199
6873,100210
9370,100836
8689,99664
7044,98683
12648,100799
9679,99298
16398,101919
29055,104690
14069,99801
87255,121142
31077,105073
32159,105527
459882,206128
103316,126059
1779674,485775
2188676,610533
421826,217609
9027,102838
8353,100305
6997,98235
9837,100759
9211,99549
8280,99160
12846,100375
8998,99298
15679,100909
34291,106050
13848,100005
87011,121196
30793,106069
30429,105519
463559,205349
104525,126241
1772832,489771
2186894,611685
418463,214908
7892,100407
7348,98882
7021,99268
9955,99396
9563,99524
7584,98590
12658,99276
9189,99445
15371,101661
35472,103365
14622,95475
86872,111287
31983,97846
31652,105948
457804,205164
103762,125781
1785702,490606
2192015,604338
416036,215931
8736,100010
7908,98695
6669,99053
9548,99304
9146,99696
7419,98825
12979,101110
9458,99632
15590,100845
34506,106291
13545,99461
87504,127253
30301,105680
30399,105120
467911,206525
104031,127035
1772500,492048
2184760,618237
427176,215297
8153,100034
7812,98426
6862,99157
9815,99244
9049,98693
7911,97182
13179,99983
9386,98382
15407,100238
34657,106963
13520,100188
86328,121660
30511,105381
30736,104956
461541,206137
104227,126159
1786390,490253
2163869,604413
419826,217851
8610,101584
7691,98532
7332,98584
9618,98537
8881,98438
7857,98402
13780,100891
8862,99063
15539,101041
34860,107172
14249,99368
86787,120641
30427,104567
30447,105547
461460,205370
104723,126310
1776833,491505
2185135,606714
419846,216012
8269,100213
8131,98950
7113,98191
9910,100038
9463,99360
7816,99335
13135,100669
9075,98710
15917,101157
34615,107288
13616,99427
86821,120902
30715,104727
30525,104845
458886,205802
103770,127080
1778362,495383
2183104,605999
419253,217304
8421,100267
7233,98197
7839,98829
9596,99992
9235,98233
7788,96832
13173,100231
8535,99997
14988,100917
34370,106197
13354,98336
87072,119640
30904,104585
31137,103839
460776,205312
104681,124822
1776910,494384
2183560,614528
418895,215121
8587,100279
7678,99337
7367,99439
9676,99904
8916,99514
7254,98044
12892,100945
8941,98747
15030,101560
34319,106751
13779,98696
86496,120362
31212,104955
30883,94630
461820,207204
104726,125640
1760155,491371
2189552,607254
419973,217220
8919,100181
7628,99062
7274,99372
9993,104601
9271,98443
7409,105132
13073,105933
9542,104424
15959,100628
34332,111441
13298,99665
87185,119759
31380,105574
31237,105535
467923,206022
104253,131641
1783176,488795
2175788,614156
421997,221762
7983,100525
7722,99483
7059,98849
9551,99957
9598,98482
7527,97494
13060,99945
8923,97652
15069,100741
34111,106568
13970,99511
87581,120084
31340,104274
31264,104967
458755,206286
104578,126452
1771324,492529
2168373,605365
416064,216034
8122,100408
7785,98583
7219,99124
10093,99247
9223,98525
7358,98836
13002,100345
9007,98348
14961,101069
34872,106159
13573,100800
87348,120853
30286,104545
30842,104643
457141,205268
104313,126053
1787981,491164
2170356,602391
416814,215634
8830,100066
7837,98026
7062,97526
10798,98579
9815,99633
7854,97828
12933,100267
8859,98529
15228,100434
34885,107868
13679,99459
86750,121016
30460,106048
30620,105647
455314,205869
104206,126549
1754164,481934
2192518,602734
417013,215650
8748,101198
7323,99031
6847,98457
9690,99366
9193,99068
7202,97746
12199,100360
9144,98585
15079,100844
34952,107142
13468,99657
86827,120805
30585,104835
30602,105120
458240,205543
103805,126085
1776255,485460
2188465,607997
418426,215524
8999,101419
7708,99797
7166,98997
9573,100296
8864,98919
7876,98575
12510,100241
9395,99245
15671,101368
34495,106040
13872,99862
87284,122346
31060,105768
30892,110101
457996,207099
104479,127122
1763925,492031
2174951,599089
429723,216474
8400,100617
7492,98433
6873,98053
9989,99417
8787,98478
7770,97654
12788,100442
9267,98074
15542,99964
34173,106960
13403,99537
86707,120377
30974,104860
30599,104438
459088,215146
103714,125662
1772082,492108
2162814,607941
420997,213692
7972,101827
7750,98581
7505,98048
9859,99585
9545,98470
7816,97821
13236,99668
9492,98687
15364,100872
34547,106165
13524,99732
87669,120132
30920,105499
30791,104889
460210,206639
104276,126207
1776401,487553
2165298,600889
416043,216897
8424,99225
7720,98902
7424,98971
9969,99246
9206,99732
7413,98175
12362,100060
9018,98954
15541,100920
34382,106950
13306,99808
86512,121062
30806,104721
30878,105281
461091,204765
104347,126518
1757877,495039
2198626,605868
420749,217185
8804,100879
7654,100354
7445,100165
9391,99959
9576,99235
7502,98907
12670,100223
9446,99036
15665,100839
34263,106847
13406,100053
86811,121159
31363,106199
30252,106675
460094,207060
104224,125325
1767491,490801
2181837,607165
419704,215411
8199,100387
7812,98383
7020,99366
9449,98773
8490,97671
6963,98391
12658,100157
8959,97924
15525,101235
34143,105483
14006,100445
86490,120972
30791,104828
37682,105640
456594,205751
103643,126454
1759791,485060
2186621,603005
428556,216889
9011,101074
7125,105007
6827,99316
9632,98729
8948,98373
7503,97119
12985,100106
9485,97849
15342,100144
34396,105694
13948,99431
87615,120669
31281,104952
30671,104310
458186,205298
104127,126470
1775610,484779
2181626,604949
418588,216574
8144,102100
7577,98729
7313,98866
9873,99035
8916,99008
7419,97741
13192,99370
9229,98967
15160,102155
34671,106510
13582,100522
87168,121026
30922,105257
30389,105281
456934,205170
105309,127187
1774336,490185
2167353,603949
419343,212813
8390,99879
8121,98193
6982,98339
10028,98627
9089,98481
7524,97828
13887,100041
9258,98425
15586,101001
34243,106631
13961,99399
86472,120296
30879,104690
30889,105313
460379,206387
104216,125298
1781807,489012
2183078,607075
417050,215543
8512,101052
7527,98597
7289,98630
9351,99516
9073,97717
7169,97989
12782,100034
9109,99051
14783,101491
34711,107656
13268,100109
86666,121501
30829,105804
30718,104995
457748,206178
105360,126984
1774881,485978
2180980,608168
415843,217374
9084,101826
8207,99358
7035,100080
9755,100045
9120,100022
7554,97757
12960,101113
9491,98602
21016,101967
35280,106866
13644,100002
87413,121044
30646,104968
30288,106295
464294,206156
103191,126051
1772943,488551
2160709,612309
426487,214878
8048,107314
7500,98380
6880,98708
9776,99067
9067,98547
7389,98014
12979,100657
9084,97085
15496,100148
35021,105766
13267,100313
87058,120932
30390,105086
30551,104977
457762,204749
104488,126282
1778189,483388
2178106,609524
416298,214732
7989,100595
7263,98229
7569,98947
9465,99674
8911,98602
7665,97595
12922,99997
9001,97642
15451,100554
33861,106796
13267,99167
86991,119844
30372,104801
30842,104848
457109,205814
104072,126233
1779005,494893
2178833,603447
417732,215444
8686,101633
7791,97509
7445,98522
9870,99388
9431,99379
7739,97113
13312,100205
9261,97426
15407,101014
35196,106522
13457,99064
87144,120520
30557,104682
30188,105043
460437,205213
103640,127082
1773280,484718
2179539,607925
415797,216604
8944,101873
7911,99456
7622,98314
9237,100033
8906,98745
7206,98671
13343,100506
8893,99211
15256,101225
34161,107067
13733,99630
86802,120813
30247,104887
30496,104755
457215,206253
103778,126450
1782043,489300
2177532,604028
417670,216336
8523,100911
7688,97952
6720,99363
9749,99077
9546,98238
7428,97027
13353,100680
9275,99330
15214,101761
34153,106795
13451,106173
87120,127355
30910,106146
30650,104607
465838,205532
104049,125905
1785372,488120
2167026,620548
424270,216868
7787,99796
7582,98277
6946,98840
9450,99714
8805,98995
7836,99080
12735,100260
8846,98352
15533,101110
34878,106095
13586,99352
86397,120677
30192,105394
30450,105020
455268,204730
103681,125933
1790772,489271
2172429,607708
417793,215433
8614,102343
8245,98924
7615,98934
10280,98904
8933,99692
8151,98173
13685,100163
9301,99837
15440,100733
34238,107622
13950,100334
86595,120497
30623,104930
30470,104936
455303,206269
103997,125966
1783301,489127
2166770,607156
415278,216492
7703,101174
7546,100206
7460,98691
9546,98932
9039,98436
7988,97543
12947,101029
9504,99634
15379,101061
34964,106801
13998,99646
86702,122130
30947,104990
30424,105284
461577,204988
104525,126538
1772944,489236
2183351,602616
417305,216503
8037,100993
8313,99237
7477,98464
9830,99511
8919,98908
7504,97774
12798,100306
8910,99175
15478,100539
34344,106905
13870,99726
87493,121724
30761,105674
30890,104953
458817,204856
104088,127287
1771758,487546
2188158,610290
417236,216527
8967,101638
8348,99548
7101,99962
9248,99599
9109,99117
7366,98295
18045,99844
8881,99253
15317,100989
35062,112923
14300,100012
86958,120275
30429,110462
30690,104624
463853,204855
103642,131685
1772512,491003
2157514,616961
417862,224820
7976,100037
7294,98676
7030,98310
9448,99222
8583,98577
7241,98301
12641,99306
9345,98171
15140,101352
33713,106464
13422,99519
87828,119695
30543,104462
30532,103446
460977,204381
104189,126037
1777546,491224
2172743,600224
420046,215454
8062,101404
7493,98376
7221,99700
9989,99171
9202,98936
6996,98177
13031,99455
9312,98849
15202,100506
34551,106485
13493,99597
87085,121174
30088,104803
30593,104967
460928,206867
103315,127026
1770567,500660
2180320,612646
417145,215491
8524,99867
7349,97291
6853,97782
9665,99366
9219,99161
7791,97728
12529,99329
9331,98452
15222,101097
34579,105624
13308,99516
86759,121413
30868,104690
30736,105344
460151,206622
105085,127825
1765311,489490
2171488,606193
417755,215470
8177,101160
7946,99183
7386,98604
9151,99355
8730,98585
7209,97646
12497,99574
9312,98138
15008,102333
34661,107899
13478,100775
86481,120786
30507,105491
30525,104975
459769,206447
104238,126494
1762896,488021
2157501,617899
428986,216481
8190,107212
7604,99425
7067,97654
9905,98485
8660,97734
7213,97350
12848,99494
8759,98710
15442,101317
34022,106260
12874,99251
86854,121230
30531,104962
29976,104435
460511,205464
104504,126551
1788591,491421
2173173,605647
418526,215439
8626,100668
7967,97788
6976,99037
9959,99523
9210,97633
7581,97503
12926,100863
9102,98834
15650,101223
34247,107165
13191,100419
87102,120798
30380,105374
31499,104811
463471,207262
104264,127295
1789029,490506
2177227,601980
413938,217751
8368,102915
7144,98373
6848,99245
10264,100343
9257,99937
7444,98028
12765,100119
9253,99221
15551,101633
34359,106392
13417,99930
87273,121238
30151,105570
30789,104793
455564,206114
103128,125737
1786379,492158
2196785,606738
417321,215035
8422,101687
7700,98838
7335,98691
10155,100433
9244,98410
7717,98529
13104,100372
9350,99157
15266,100867
34076,106647
13832,99644
86594,120812
31959,105172
30306,105653
456937,205991
104043,126089
1777203,492683
2172566,611416
427015,216911
8853,100201
8603,98584
7419,99279
9695,99202
9131,98483
7001,98312
13005,100561
9432,103571
10159,98793
33707,106069
13484,99088
88321,121316
31205,104631
30207,104524
457270,213612
103471,127005
1788250,484050
2169810,611754
421108,214338
8244,100444
8214,98129
6721,97902
9712,97741
9299,98688
7582,98271
13286,100431
9594,98330
10501,98972
34109,106044
13993,99890
86956,120370
31978,105061
30532,104707
458753,205204
104670,126358
1793040,489557
2175459,605833
421978,217306
9646,102099
8011,98522
7327,98123
9835,99092
9152,98431
7794,97426
12648,98585
9798,99159
15484,100982
34702,105570
13584,99169
87244,120147
32326,105316
30097,104582
459602,205207
103480,126393
1781503,492456
2189319,606799
422153,213155
8238,100346
8470,98184
7856,98246
9461,98105
8322,97972
7752,98099
13496,99615
9834,98732
9916,97830
34928,106520
13260,99032
87541,120483
31577,105525
30279,105719
460223,208018
103155,126085
1777854,489728
2181923,609793
426181,216558
8466,99677
8573,99838
6755,99037
9580,99264
8879,99069
7506,98169
12901,99968
8954,99396
10111,98994
33722,106871
14153,105980
87976,125425
31421,104689
29988,104844
468499,206527
103448,126699
1787383,490250
2169840,614154
427492,217355
7707,99995
7826,98259
7926,97177
9617,98686
8944,97188
7348,97515
12641,99715
10197,98635
15074,100888
34152,106411
13245,98667
88269,120312
31457,104339
30383,104285
458056,205309
102991,125113
1794422,489344
2179984,605862
428270,215736
8959,99646
8333,98780
7032,98264
9833,99046
8985,98408
7372,97997
12798,100754
9432,98371
10448,99384
34630,105724
13333,99742
87667,120154
31274,105602
30957,105410
456764,206497
103153,125827
1783688,498775
2185056,605361
424006,215379
7884,99977
8571,98547
6664,98039
9389,99578
8400,98860
7047,97853
12765,99767
9019,98450
10108,98598
33346,107180
13640,99659
86936,119901
31848,105276
30755,105206
458722,206663
104076,125782
1783633,487328
2188882,607595
418206,217489
8172,99850
8755,99123
7708,98693
9430,99625
8395,98311
7393,98123
12649,99300
9672,99896
15393,101250
34103,107011
13805,99568
87988,119884
31355,105531
30174,104731
460167,205080
104132,125970
1776664,491267
2181180,606405
428195,218472
9030,101081
8205,100380
7612,99035
9342,98892
9245,98914
7049,97280
12977,100399
10137,98613
10112,99554
34385,106746
13552,100472
86947,119581
31352,104294
30748,104776
456997,213052
103453,125925
1777328,488694
2172990,607973
425404,217108
7640,99465
9405,99279
6978,98642
9404,99510
9172,99136
8007,99276
12999,101708
9757,98811
10775,99760
34636,107246
14028,102303
87049,121293
31463,105373
31114,105716
462970,206942
103132,125318
1798352,491470
2178795,606400
419155,215365
8283,99866
8224,99584
8033,98686
9724,99079
8680,98994
7838,98454
12526,100236
10118,99718
15809,101036
34434,107411
13853,100528
87627,121042
31155,105159
30439,105066
459814,207211
102490,126833
1779365,486049
2189791,610005
424606,217734
9262,100635
8426,100108
6865,100536
9255,98990
8986,99924
7265,98610
13303,100859
9242,99124
10467,99835
34619,107359
13647,100608
87136,121134
31768,104444
30698,106064
462942,206113
103426,127395
1777741,493020
2177876,602394
424887,216086
8539,101634
8293,99223
7289,98743
9754,92148
8571,100302
7563,99032
12794,105696
14452,99764
10790,99688
34169,113228
14007,99898
87144,120866
31246,105089
29975,105755
464434,205369
103303,126151
1784461,494698
2181998,618943
421785,217881
8077,101434
8032,98429
7069,98359
9453,98641
8538,98598
7348,99041
12725,100369
10238,99084
15400,101216
35219,105879
14048,98866
87889,120141
31996,105797
30071,104889
459192,206164
103639,127092
1784871,493759
2167303,613114
428905,215880
8241,98722
7799,98716
6897,97504
9856,98558
8062,98390
7476,99040
13575,99983
9638,98661
10177,98937
34760,107545
13496,100527
86476,120112
31335,104469
30859,106132
459214,206936
103040,124752
1783760,489689
2189030,610359
427963,217813
8087,101064
9160,99097
6845,98505
8900,99119
8576,99364
6855,98803
12449,100448
8946,98148
10489,98503
33902,106782
14151,100112
86926,120445
32418,104398
30541,105208
460305,207209
103430,127523
1788877,493425
2195630,608772
415887,215015
8328,101639
7774,100256
7686,99045
9298,106805
8476,98428
7344,103372
12391,98984
9577,104364
14730,101309
34352,107039
13160,99006
87744,120782
31140,105006
29756,104868
458519,211403
102907,124912
1785767,489101
2169577,614515
424562,218220
8685,99516
8793,99639
7087,99017
9192,100857
8260,98772
6820,97271
12601,100196
8859,98497
9640,98808
34058,107846
13474,99147
86238,120607
31248,105296
30386,105968
461492,204626
103332,124655
1785692,489263
2183630,604615
423680,217260
8730,101155
8184,99701
6579,98950
8590,101258
8596,99024
7364,98543
12653,100870
9117,99582
9947,99695
33653,107602
13210,99694
86831,120586
31610,105496
30256,105522
464852,206710
104381,126465
1796513,485983
2196146,609836
419772,215890
8877,100919
8498,100977
7230,99294
9626,100253
8396,99540
7571,98153
12688,100295
9669,98846
15254,102406
34464,106867
13814,99917
87332,122154
31614,105986
30112,105438
459077,207241
102709,126915
1793736,486817
2198220,602331
424186,216902
9227,100556
7912,98604
6633,98859
8843,98757
8402,99083
7192,97534
13519,99788
9678,97953
10148,98753
34189,106041
13888,99220
86508,119928
31791,104829
30302,105565
463043,213561
103676,126423
1797054,483937
2185426,599051
423558,216124
8116,99673
8655,99198
7082,97615
9412,99156
8527,98848
7580,97997
12802,99330
8980,98140
10648,98395
33852,105862
13836,99583
87313,120868
32261,105332
30882,104519
462376,205262
103870,126405
1792468,489630
2185973,609715
417548,216984
8155,100970
8028,99170
7417,99152
9305,99746
8303,97735
7133,97611
12814,99727
9942,98670
15805,100894
35449,107636
14286,100183
87406,121380
31794,105561
30048,105802
462966,205440
102744,125797
1794604,488963
2200723,608036
425500,216035
8355,101342
7727,98612
6845,98854
9206,99755
8139,97949
7001,98237
13137,99907
9618,98467
10184,98589
33825,108256
13584,98459
86469,120763
31477,105122
29977,103966
460263,207417
103270,126476
1778700,491812
2172254,615636
434779,216491
8161,108261
8198,97605
7342,97198
8861,98876
8646,97201
6972,97488
13032,99257
9119,97816
10390,98460
33845,106062
13645,100177
86163,119628
31119,104670
30609,105420
460062,204757
103421,125755
1796974,490247
2184797,605846
419666,213364
8488,100945
8597,98728
7434,97904
9481,99025
8930,98186
7791,97362
12264,98981
9813,99264
15074,101344
35081,106428
13288,100193
87548,121217
32119,105187
29723,105248
462132,204831
103292,125773
1785863,501387
2190232,606842
421705,214759
8756,100694
8090,99554
6896,98715
9861,100125
8829,97521
7440,98464
13440,101608
9516,100618
10863,99426
34666,105928
14082,99719
86953,120487
31543,103812
30792,104734
462058,205979
103471,127037
1798824,490350
2190517,609000
422602,217132
8053,100792
8709,101463
6992,100093
9257,99951
9123,100174
8234,98978
12749,105187
14903,100141
10007,99440
33803,111922
13348,99672
86576,120753
31651,104846
30569,104525
468363,208389
104338,127652
1804220,487085
2173739,614510
418702,216009
8255,101233
8750,98668
7848,97987
9649,100094
8698,98688
7482,98468
12758,100014
9877,100182
14906,101611
34572,107346
13633,99307
87315,121599
31424,105802
29715,106642
461288,206604
102384,127931
1809225,492907
2174924,604668
423854,218379
9463,99014
8355,99286
7043,97108
9888,98168
8743,98347
7261,97401
12642,100244
9480,98509
10124,98342
34721,106601
13797,99303
87722,120364
31743,104926
29526,103941
458222,205061
103748,125986
1780630,499535
2201915,604170
424235,216915
8257,100061
8372,99468
6920,97785
8809,99270
8700,98790
7119,97115
12590,99608
8942,98317
10247,99149
33593,107016
13891,99373
86581,120975
31726,104923
30333,105804
455526,206161
104013,124565
1785926,489828
2182758,602251
419824,214624
8573,101522
8488,99639
7688,98599
10581,100257
8891,97952
7559,98692
12864,100086
10107,100427
15255,101539
34581,108069
13699,99563
88365,120250
32074,105217
30823,98951
460236,201416
102564,125442
1770619,490116
2181612,610644
424581,214062
9495,100577
8250,90312
6952,98725
9475,100507
8367,97763
7072,98252
13247,100701
9331,99417
10049,103992
34508,106503
13545,100237
92705,121751
31355,105403
30042,104754
467945,205796
103546,126617
1764702,487760
2167432,617496
434277,219943
8532,100570
8289,105340
7079,103401
9108,99784
8858,99236
7983,97751
12754,99848
9603,99092
10218,98743
33818,106017
13919,99892
87463,121407
31306,106087
30007,104627
461811,214587
103927,125394
1783609,487382
2166652,611157
420290,216569
7553,101462
8183,99526
6885,98882
9380,100233
8516,97761
7495,97748
12975,98933
9833,98205
15725,100732
35075,106932
13715,99194
87785,120121
32397,104353
30354,104820
458664,205345
102918,125607
1792990,493591
2179848,606609
427946,215589
9011,100347
9725,98704
6937,98223
9165,98613
8437,97767
6758,98154
12850,99265
9179,99144
10014,97954
34192,106100
13980,99706
86512,119890
31212,104254
30057,104950
457681,205035
103536,125984
1783612,490760
2206863,602881
425098,216311
8276,99118
8835,98035
7128,98039
10032,99568
9084,97573
7311,97798
12666,99763
9503,98403
10256,98105
33890,105759
14046,99793
86848,120335
31736,104845
30640,105523
459878,203628
103604,116641
1777648,493551
2193618,607071
417370,214611
8744,101226
8523,98390
7419,99268
9912,99317
8849,98646
7454,97599
13010,99824
9598,98839
15184,100934
35269,106886
13917,100975
87493,120767
31579,105283
29928,104959
459092,206763
103897,127507
1777496,486108
2189498,606575
425180,219958
8327,100281
8123,99056
6965,98612
9573,99824
8961,100086
7321,98714
13354,101722
9702,98853
10551,99400
34533,109077
14027,100519
87657,120007
31472,105932
29991,112277
462705,206261
103922,126836
1776525,486404
2195144,606816
437342,217817
8638,100663
8004,99347
7124,99376
9252,99283
8862,97998
7859,97851
13361,99498
9084,98974
10452,99945
34165,106577
13820,99668
86417,119590
31877,104698
30463,103824
456903,214670
104284,125973
1782796,486608
2172340,605073
417968,217116
8063,101248
8043,100758
7455,98586
9695,98761
8254,97648
7480,97617
12972,99480
9833,98218
15320,100793
34359,105630
14422,99450
87386,120447
31803,104835
30296,104396
457924,204239
104030,125852
1792399,487708
2173669,604896
424627,216218
8116,99951
7934,98218
6687,99068
9236,99302
8428,99046
6862,98141
12521,100160
9592,98897
9721,98375
33616,106417
13562,99231
86312,119937
30843,106345
29960,105268
458782,205078
101917,125772
1760174,492982
2179538,607903
419405,215721
8068,100161
7694,98529
7027,98769
8837,99470
8571,98769
7088,97931
13277,99757
9896,99240
10909,99038
33943,106831
14368,99222
85658,119993
31115,105652
30086,105767
455499,205003
102952,126366
1765730,484577
2176688,599994
416682,212261
8993,101124
8520,100151
7588,99298
10042,99497
8688,99508
7468,99131
12619,101183
9921,100531
15794,101549
34629,107123
15199,100558
87434,120890
32308,107289
29953,111429
458429,205701
101968,125510
1762242,482224
2149504,595805
429702,219473
8127,100771
7981,105284
13402,98973
9087,99153
9224,98754
7070,99151
13567,100695
9124,99179
9812,98372
33517,106777
13750,98980
86184,120625
31178,104572
30058,104718
454858,205058
103209,126747
1753966,488738
2139454,603706
421652,215823
7957,100023
8928,99590
7388,98411
9671,98486
9114,99260
7297,97956
12648,100455
10002,98469
10652,99806
33656,106163
13623,99517
85601,119664
31629,104383
30925,104826
454791,206567
102769,125748
1771573,487671
2158496,601550
415379,215120
8441,100864
8033,98679
7173,98522
9084,99519
8086,98102
7473,98001
12598,99914
9646,98669
14821,100523
34028,106170
13263,98694
86867,120190
31576,103994
29548,104505
457498,205827
103157,125522
1781466,485601
2175705,604972
419972,214569
8587,101871
8754,98170
6512,98191
9327,98950
8603,97948
6839,97730
12745,100017
9630,98219
9811,100532
34102,105344
13400,98461
86051,119756
30667,104111
29687,104360
457071,204358
102718,125662
1755205,482275
2162152,605266
417496,214766
7894,100241
8094,98451
6993,98464
9009,98550
9309,98795
6943,97386
12549,99729
9187,98176
10467,99414
33211,106885
13845,100447
85654,120072
30886,104361
30327,104084
455035,211195
102591,125405
1771459,485503
2146803,603514
414604,213916
9133,99595
8657,98706
7078,98322
10100,99264
8799,97881
7468,98503
13089,99194
9653,98648
15332,100276
34809,106735
13684,98698
87422,120786
31331,106063
29725,105475
458712,203917
102858,124903
1789397,489504
2152545,605840
419839,214998
7691,100806
8186,99512
6900,97410
9566,100339
8338,98561
7017,98726
13126,100951
9554,99739
10399,99345
34183,106647
13489,99668
86298,121558
30829,104938
30522,106095
455345,206159
102731,126932
1766815,485072
2173812,605886
421048,213976
7539,99570
8573,99411
6919,98006
10084,99248
8826,98521
7474,97729
12065,100524
9224,98678
10374,99121
33619,106563
13426,98761
86130,119884
31346,105043
30538,105214
454743,205022
103093,125316
1761488,484726
2176278,600148
413416,217283
8136,101522
8067,99266
7002,98697
9855,100079
8311,99853
8019,98561
12826,100226
9991,100054
15546,101321
34927,107436
13950,105499
86999,125323
32180,105873
29687,106231
460229,205937
107833,127229
1769340,485742
2163682,612565
422540,222871
8901,99562
8082,98958
7033,99017
9239,100503
8775,98767
6920,98294
12758,101603
9150,98805
9895,100163
34204,106954
13186,99894
86211,120676
31273,105547
30100,105327
452505,204807
101938,127608
1771446,486175
2152020,602376
421479,216579
8279,101418
8044,97799
7081,98213
8920,98432
8600,98650
7081,98289
12162,99831
8895,98549
10300,98102
33165,106203
13774,99017
85482,120047
30813,104369
30251,105358
456950,203577
102617,125409
1772555,492888
2172997,602196
415437,216878
8206,101383
8197,99399
7766,99025
10027,99610
9011,98008
7527,98896
12848,99916
9856,100006
14995,102413
34488,106582
14352,101128
87097,120483
31905,106361
29306,105534
457131,203747
101787,125659
1764359,485577
2166989,611762
418745,215243
8290,101413
7856,98756
7502,98941
9413,101394
8791,99037
7179,98888
12750,101574
9350,98666
15777,106397
28883,104585
12890,100235
92484,120397
30694,105048
31777,104322
465026,204351
102825,127894
1768738,483255
2163635,612872
422920,215306
8583,101316
7818,98457
7150,99383
9974,100016
8741,98549
7220,98365
12771,100012
9254,98065
15189,101036
34591,106642
13225,99215
86492,120815
30725,105413
29878,104374
460752,205664
102646,127089
1769271,483569
2157680,600220
416996,216486
9145,101788
7450,100454
6969,98962
9254,99280
8549,98631
7331,98217
12703,100453
9079,98733
15208,101044
34034,107362
13598,100343
85969,122165
30372,104707
30247,105178
456802,206641
103731,126354
1763120,492764
2169403,601901
416531,216433
8109,99813
7788,97858
6865,98046
9839,99526
9236,99040
7331,97217
12518,100080
8951,98800
15191,100534
34498,105675
13723,99324
85890,120899
30554,104311
30190,105043
458121,205779
103043,126268
1760566,484514
2174671,605330
408050,212960
7695,100133
7494,98716
6887,98552
9375,100592
8655,98803
7229,98574
13144,99860
9315,99253
14859,100305
34106,107232
13218,99787
86485,127593
35867,104207
30707,105274
467077,204799
108881,125545
1755798,484966
2151014,613174
412708,222482
8380,100371
7770,98896
7399,99681
9601,99396
8857,98025
7471,97297
12724,99628
8993,97511
15164,100018
34346,106403
12739,97381
85223,120253
29909,103974
30369,104463
458286,206698
102516,125189
1761909,485729
2171054,609362
411948,215305
9134,100844
8560,99958
7988,99538
9625,100794
9462,98830
7776,98872
13675,100672
9193,99091
15354,101739
34772,106284
13623,100150
86406,120900
30967,104842
30848,98205
457620,207301
103453,128225
1784527,486772
2186590,610830
413657,216400
8688,102412
7885,98578
7356,98962
10206,99282
8661,98776
7590,98066
12674,101431
9290,98513
15129,100954
33850,106947
13986,99695
85714,120465
30603,105236
31228,105136
456612,204639
102737,125795
1778402,488698
2182640,605531
408908,212591
8363,100468
7618,98993
7416,99034
9362,100467
8779,98884
7413,98758
18064,100743
9095,99043
14941,101350
33972,112762
13255,98885
85519,121680
30938,110442
30571,105918
465381,207469
102375,132114
1784592,486584
2174868,612914
412694,223800
8687,100422
7627,97637
7060,99436
10057,99355
8636,98345
6910,97989
12479,101210
9206,98174
14947,101099
33717,106734
13187,98953
85538,119178
30429,104550
30187,104507
458862,204579
102258,125116
1768220,482254
2164859,606108
412472,217650
8434,101351
7358,98048
6837,99018
9751,98924
9425,98322
7380,98471
12451,99758
8645,99191
15368,101110
33626,106655
13291,100641
86509,120778
30299,105216
30358,105473
458774,206145
103389,126630
1781070,486062
2174474,598908
409088,214978
8253,99846
7653,99714
6836,98741
9577,99666
8798,98674
7083,98586
12691,101179
8983,98904
15292,101388
34459,107582
13931,100377
85706,120904
30552,107434
30625,105402
455030,204896
103131,126068
1768231,484328
2175938,597975
412239,216230
8442,102505
7463,99729
6847,99633
9101,100132
9739,105958
6988,97300
12556,100157
9015,98386
15072,101021
33737,106346
13621,98918
85522,120679
30037,104879
29722,103972
455244,205790
102992,126854
1775012,487326
2160327,590348
414695,212951
8364,99018
7135,98586
7151,98569
9324,99598
8662,99254
7179,97932
12591,100708
8711,98558
15592,102424
34430,107202
13431,98946
85667,120553
30211,104781
30104,103851
455996,205087
102934,126498
1793935,483267
2176567,598076
414530,215093
7891,100735
7676,97832
6909,97849
9683,99718
9240,98459
7604,97142
12771,99978
8890,99571
15176,100990
33699,106731
13437,99552
85978,121843
30515,104991
30291,104917
457455,206529
102465,125240
1769746,487087
2157527,606265
412724,214872
9081,100477
8135,97912
7310,98552
10508,99830
9138,98858
7531,96947
12548,99957
8533,98225
15153,101788
34037,106961
13057,100605
85639,120515
30006,96908
29905,105046
458736,205454
103196,126619
1770100,485668
2161505,610801
426148,216843
7810,106181
7345,98030
6670,98276
9439,99073
8821,98278
7609,98583
13094,99217
8745,98407
14890,100770
34696,106989
13751,98635
85670,120230
30331,104718
30336,105194
457080,205390
103238,125872
1772098,487171
2143595,597958
409292,214846
8635,100981
7689,90128
6956,98958
9957,100082
8851,98217
7404,97840
12349,99039
8951,98436
15173,101137
34204,105694
13531,98878
85440,119630
30738,105079
30076,104275
456794,204023
102520,126641
1776655,495834
2185766,600047
416175,213443
8752,100908
7630,97115
7163,98621
9452,98256
8778,97354
7317,97383
12663,98989
9080,97788
15066,100477
33913,106551
13560,100777
86611,119806
30141,103668
30529,105867
453225,205308
103898,125477
1771656,482147
2178586,609199
411745,216414
8547,99841
7362,98768
7443,99467
9138,104981
8983,99571
7776,102491
12709,91809
8781,98088
15027,101275
33783,106344
13296,99078
86159,119981
30086,105558
30637,103845
454095,213714
102767,125568
1789468,474955
2165685,607716
418896,216206
8129,99796
7669,99108
6871,98796
9653,99956
9234,99031
7646,98170
13137,99632
8828,98457
14961,100511
33965,108030
13477,99241
86714,120994
30631,105507
30826,105659
457611,205690
103635,126406
1772984,489046
2193765,607800
414560,215507
8616,99622
8482,98863
7033,99336
9787,99491
9378,99795
7108,98410
12730,101239
8968,98350
15518,101777
35199,108303
13592,99976
87617,122241
30139,105675
30608,106006
459135,205662
103972,125880
1776616,487961
2184921,608506
415095,215214
9012,101667
7511,99080
7146,99123
9593,99628
8559,99159
7236,98681
12506,100282
9024,99568
15386,100546
35268,106347
13327,99274
87140,121804
31414,105089
30675,104368
466155,206019
105020,126933
1771473,487347
2166711,611532
427149,216562
8117,100247
7685,98948
6829,98116
9934,99031
8637,98304
7431,97389
12394,100116
8792,98029
15200,100045
34450,106937
13592,99560
87761,121164
30749,104687
31186,104674
459377,206848
103941,125823
1775217,489067
2165008,607128
416743,215957
8256,100756
7712,99368
7326,98420
9785,100059
9773,98650
7313,98165
12524,100016
8991,99203
15344,101190
34379,106275
14093,100405
86706,121582
30145,105913
30334,104958
459663,206153
105296,126691
1773168,488284
2186900,610703
418542,214997
7946,99928
8038,98628
6738,98581
9686,99678
8838,98622
7083,98490
12681,100460
9042,98753
15162,101339
34345,106685
13433,100108
86902,119815
30237,105530
30353,104509
458240,206119
104952,126466
1767967,487884
2188848,607577
417904,216487
9150,101371
7949,99095
7161,98904
9464,99339
9302,103808
7807,98193
13100,100035
9046,98658
15596,100871
34819,107762
13557,100550
87477,121280
31294,105018
31226,106114
456076,204852
104838,126372
1780193,487838
2164584,604108
415819,217796
7861,100437
7735,99293
7491,98938
10181,99361
9364,99097
8083,98832
13425,101619
9377,98730
15502,101268
34674,108020
13865,100546
86683,121647
30535,105530
31176,105933
458796,207070
104130,126085
1783453,501808
2184368,606684
415976,214325
7825,99943
8154,98795
6811,99540
9992,99408
8902,98617
7353,97723
13201,100781
8676,98716
14998,100678
34730,107122
13008,99758
86210,121056
30282,105197
31073,105599
458870,206346
103862,127812
1781724,487952
2192766,613778
414978,214730
8421,100757
7985,99035
7084,99250
9935,99810
9364,99169
7245,98456
12653,99815
9512,99278
15347,100702
34635,105912
13445,99794
86943,127995
30442,111536
31137,104311
468401,205864
104626,133839
1797054,485824
2175688,617711
418155,227451
8403,99133
6892,98829
6610,97984
9469,98945
8533,97934
7457,97652
12651,99269
8847,97827
15529,100706
34071,106552
13265,99277
86877,120739
30986,105404
30391,96293
457979,204730
104021,124776
1792640,483811
2174866,601855
422247,215407
8471,101243
7364,99017
7305,98927
9769,99454
9077,99613
6985,98712
12565,100412
8895,98568
15566,100803
34664,106740
13456,99532
87185,120947
30484,104240
30507,105025
458546,205462
104024,125560
1777523,484001
2190568,611876
413617,215635
8247,100416
7588,98786
7186,99139
10034,99861
9864,99327
7571,98488
12876,100536
9617,100200
15271,101372
34508,107870
14066,100175
86273,121895
30411,104376
30429,100587
456935,207377
104343,126769
1776443,483695
2184244,612590
428747,214346
8426,100777
7674,104077
7210,103635
9884,99429
8798,98976
7386,97537
12516,100330
8828,98638
15670,100453
34962,107432
14241,100456
87689,121305
30530,105695
30874,104435
459831,207761
103105,125805
1792129,489347
2166032,596563
416715,216400
8318,100467
7538,97852
7318,98077
9451,98695
8702,98462
7526,98372
13384,101151
8838,98462
15602,100732
34347,106663
13440,99879
86333,120495
30677,105013
30529,104850
462170,206441
104581,127219
1786483,502289
2180482,603423
419108,217417
8201,100377
7514,98907
7447,99332
9810,99880
8989,100008
7534,99243
12324,100737
8880,99108
15735,101019
34701,106721
13962,100259
86903,122924
30505,105230
30876,105061
463139,206555
103989,125010
1776780,487272
2198084,601483
416543,216639
8090,100628
8115,97690
6980,100692
8910,99898
9033,99584
6996,98531
12570,99580
8806,100168
14691,101447
34671,107706
13613,105801
86900,125448
30877,105340
30002,105189
464659,206629
103980,126359
1752958,489055
2177973,621266
430620,217181
7835,100730
6761,103517
7422,102153
9676,99585
8983,97725
6730,97253
12579,99515
8400,98109
14807,100883
34618,106209
12889,98787
87540,120362
30241,104134
30264,104331
454861,212893
103427,125988
1772107,490836
2176355,613610
420928,212394
7945,98434
7391,97396
6646,96739
9505,97560
9071,97210
6940,96539
12444,98978
8909,97602
15022,100027
34765,105488
13630,98714
87173,120339
30511,104004
30969,103675
457767,204267
103523,127813
1776113,489597
2173019,614582
419305,215603
7935,100375
7663,98686
7339,97553
9733,99228
8753,98368
7440,98087
12980,100245
8773,97600
15297,100370
34686,106083
14151,98895
87489,120294
30679,104543
30097,104554
455203,205206
104565,125033
1775233,489707
2168464,610640
422811,216888
8792,100041
7800,98228
7076,98911
9917,100009
9549,98891
7437,98498
13237,100954
9168,99482
15548,100475
34609,106943
13687,99352
87515,121208
30857,104530
30746,106492
459255,207700
104509,127272
1769645,496194
2185323,612041
418448,216479
8189,100465
7603,97776
7181,98206
9746,100162
8892,98969
7507,97571
12681,100187
8502,98963
15465,100582
34505,101860
13845,99407
86723,120655
30735,105503
30978,104868
458463,206478
103032,125774
1769401,482848
2194482,602218
416950,216734
8548,100671
7061,99202
6983,99028
9355,99293
8887,98168
7446,98359
12414,98981
8598,98445
14745,99440
34709,107086
13440,99766
87758,120460
31449,105503
30605,105921
458992,207867
103795,124936
1771405,486956
2186781,612272
425978,215555
8448,100515
8460,100167
6766,98951
9982,99871
9118,99394
6971,97772
12864,100607
9764,98281
10094,99727
34390,107091
13207,98645
87549,120108
31212,105455
29739,105505
457011,206661
102808,125757
1768925,491397
2181946,610226
427478,214540
8195,100999
8891,99156
7024,98979
8951,103928
9059,98637
7241,103201
13114,104402
10028,95002
11012,99118
33571,112343
13707,100278
87339,120074
32267,109986
30140,105607
467595,207306
105371,125675
1780558,491127
2160925,619199
430491,214991
7925,102837
8226,100597
6877,98446
9300,99670
8633,99044
7841,97797
12511,99663
10073,98975
15713,101548
34882,107216
13503,99344
87158,119900
32093,105396
29905,104583
464079,206274
103329,127101
1782304,495651
2188375,605418
428967,217667
8372,100971
8257,99657
6508,97583
9908,99593
8734,99295
7572,99542
13539,99934
9344,99190
10760,98734
34216,105993
13679,99257
86778,120864
31549,103827
29767,105204
457662,206475
103182,125725
1793556,488020
2177985,605921
422914,218313
7986,99123
8501,99175
7148,97679
9117,98306
8675,98011
7067,97226
12702,100232
9237,98344
10114,98990
33474,105572
13873,99442
87369,119082
31862,104207
30194,105226
459279,206821
103333,125311
1790366,489362
2183854,614530
419367,217221
7837,100669
8009,99528
7480,98724
9794,98830
8603,98906
7807,99458
13164,99516
9880,98513
15610,101154
34568,106986
14088,99829
88505,120261
31696,105374
30339,103857
458408,206625
103567,125914
1777002,502214
2184375,611007
425882,216312
9253,99320
8039,98441
7247,97157
10088,98139
8488,98165
7060,98103
13051,99590
9211,98920
10752,98825
34581,106844
13704,99408
86737,120836
31589,104466
30027,104131
461569,205112
102244,124647
1770719,485891
2186160,603764
421797,216203
7947,100267
7851,98700
6505,97508
8845,96436
8825,98052
7476,98085
12562,98707
9374,98147
10286,99645
33672,105721
13891,99087
86700,119269
31244,103714
30224,105098
458814,204829
103783,125612
1769386,490602
2185775,608221
418763,214765
9111,100955
7760,99422
7390,98144
10217,100258
9056,98905
7757,97665
12735,99776
9690,98528
15200,100394
33958,105974
13798,99644
87847,120139
31567,104979
30008,104131
459054,205553
103578,125014
1774336,487441
2185626,610074
425984,217781
8488,102704
7870,100933
6881,98481
9558,100248
8302,98945
7015,97980
12998,99532
9408,99250
10089,99010
33890,108123
13098,99499
86429,124888
31297,105421
30148,105782
465598,206677
103518,128350
1770623,485747
2180934,619188
432400,215767
8131,106747
8488,99060
7169,98029
9452,98571
9022,98225
7644,97323
12367,98917
9683,98007
11248,99024
34707,106009
14363,100028
87386,121795
32012,103807
30441,105443
459878,206368
105048,124802
1782364,492672
2174874,605240
420572,215021
7760,101280
8272,99424
7690,98438
9721,99405
8718,98407
7305,98819
13094,100864
10140,99440
15260,100525
34777,107309
14135,99834
87605,121478
32412,104910
30477,105899
459357,207754
103685,126430
1786003,487099
2173306,601858
423740,217307
9355,98559
8654,98980
7855,97522
10010,98745
8783,98550
7576,98670
13092,99963
9605,99317
10469,99770
34816,106536
13662,99437
87272,120459
31435,104188
30114,104633
458036,203853
103363,125563
1781672,499524
2192251,609714
423937,216713
8258,99717
8698,99210
7097,97895
9169,99268
9005,99185
7719,99309
13114,100208
9455,99083
10674,98950
34185,106155
14177,99764
86191,120424
31586,105574
30348,105145
458496,206180
103499,126611
1787733,490841
2196341,612284
418497,213548
7951,101828
8172,99652
7407,96973
9804,99386
8895,98238
7865,97685
13069,100669
9979,98625
15586,102502
34288,106516
13609,99550
87854,119890
31556,105118
29970,105025
460325,206092
104000,125530
1775699,485874
2198889,611680
424927,215015
9073,100284
8640,99405
7150,97474
9528,98595
8784,98476
7563,97902
12679,99945
9273,98269
10259,98747
34236,106886
13892,99303
87088,120911
31512,105595
30003,104114
458833,205107
103412,125567
1766167,490275
2184519,611892
423286,213602
8103,98957
8431,98654
7457,99333
9582,99315
9510,106144
7485,97569
12747,98428
9132,99339
10974,99475
34599,105649
13972,99753
87789,119703
31862,104303
30384,103782
466450,208342
103414,126430
1771409,485157
2164865,621230
422207,221922
8287,99365
8694,99216
7128,98439
9531,99027
9197,96931
7336,97779
12981,99557
10067,98373
15466,100639
34389,107059
14561,98962
87232,120182
31578,105028
29937,104153
462582,205151
103496,125366
1795381,490839
2180130,606161
425608,217988
8322,99392
8476,98819
7144,97845
9561,98444
8576,98606
7245,97671
13265,100288
9465,97602
10400,99202
34906,106096
13498,100232
86608,118744
31478,104567
30500,104583
457463,205063
102644,125808
1781670,488368
2176682,608169
424673,217716
8384,100557
9193,100592
8223,98692
9575,99001
8829,98882
7407,97965
12964,99534
9739,99148
10503,98594
34667,106883
14251,99891
87469,122014
31611,104203
30599,105193
457524,206771
103990,126864
1780288,496821
2190178,601075
422969,216878
8354,100421
7921,97674
7144,98546
9309,99106
9093,98994
7561,98470
12852,99030
9814,98076
15286,101567
34335,107116
13340,98953
87357,120276
32163,106527
29700,104954
463614,207501
103402,126329
1772493,488507
2196477,617228
424625,215295
9035,99794
8181,98402
6803,98985
9305,99104
8624,97960
7146,98068
12963,100086
9498,99518
9975,100116
34520,106177
14082,99416
87074,119699
30897,105142
30053,105400
460123,206155
103099,125673
1777119,490840
2185453,610025
425622,216900
8066,100659
8223,99148
7178,98356
9970,98834
8791,98407
7485,98045
13213,100814
10108,98927
11147,100279
34275,107781
13617,105723
86689,127055
31534,106844
30805,105186
468536,205170
103574,127675
1780616,490399
2165467,613106
426737,214106
7905,100236
8074,98359
7079,97595
9322,97433
8523,97775
7799,97410
12961,99038
9670,98381
15467,99129
34672,105882
13692,98833
89103,118647
30980,105086
29151,105137
457241,205863
103110,124133
1775589,487426
2180477,612048
427643,215934
8542,100871
8067,99661
6903,98653
9274,98499
8826,98538
7121,98548
13390,100116
9224,98061
10392,99146
34896,107034
13535,98809
87812,119228
31623,104866
30462,104440
458910,205069
102829,126345
1786554,490985
2174047,601769
426174,217152
8275,99668
8334,99974
7369,98389
9539,98440
8536,97481
7747,97929
12777,99945
9358,98578
10171,98084
33759,106794
14413,99758
86188,120095
32328,103768
30413,104791
459093,206857
103466,126697
1776748,498804
2171153,618666
417162,215883
8121,101047
8002,99269
6724,97738
9084,99556
8329,98847
7123,97876
12914,99940
9402,99195
15401,101467
34346,107190
13387,99689
87733,120483
32159,107228
29734,105579
460268,206043
102762,125356
1785341,488397
2193967,614701
427751,217319
7734,100779
8195,98732
6802,99129
9394,99773
8294,98442
6632,98227
13025,100458
9459,99195
9732,98300
34334,107171
13287,99329
86748,121823
31124,105491
30458,106507
453856,207188
102607,126983
1768777,482318
2189231,610350
429691,217447
8331,100564
8971,99041
7873,98720
9165,104181
9483,100573
7579,102932
12666,103254
14513,98401
10525,98854
34055,111005
13845,99256
86688,120096
31326,109231
30932,104616
463981,204774
103894,131716
1787063,481846
2180588,617533
423299,224965
8278,99424
7514,98345
7016,98007
9365,98961
8427,98553
7386,97784
12928,99320
9710,98272
15969,99649
34399,105743
14020,98977
87974,120438
31903,104525
29705,104974
462204,204158
104335,125700
1779470,487451
2172272,595869
423823,215524
8681,99415
8211,99021
6764,98145
9253,99358
8248,97889
6886,98904
13048,101328
9344,99087
10088,99582
34296,107112
13564,99464
86123,119967
30923,106218
29692,104425
460591,205601
103298,127556
1778768,500912
2189214,603693
424993,215414
7949,100677
8203,98075
6936,97406
9215,98482
9175,98482
7344,97588
12905,99583
9229,98729
10487,98746
33261,105859
14094,100654
86957,119993
31462,105293
30175,105080
457955,207296
103666,124745
1787891,483294
2194827,612076
420490,215243
8263,102093
8045,100087
7530,98769
9666,98881
8797,98330
7235,97834
12410,100815
9780,98982
15163,101112
34421,107030
13946,100300
87686,120784
31587,104503
29869,105430
462219,207015
102940,126952
1789699,494566
2193153,606608
425165,215428
8820,100151
8114,99241
6698,99250
9566,104793
8613,98345
6730,97458
12689,99923
9486,103982
9989,98348
34249,106335
12965,99640
86482,120749
31221,103512
29960,105261
455146,211779
103411,125276
1772038,492579
2167146,612068
425171,218750
9327,99655
8685,99322
7320,97987
9579,98581
9311,98532
7355,97514
12898,100144
9508,98275
10895,99546
33641,105914
13854,100666
86076,120375
31228,104828
30297,104843
457411,205898
104133,126467
1797795,486853
2182937,600338
420028,214376
8334,100305
8686,98774
7580,98090
10154,99097
8793,98055
7575,98638
13018,99145
9634,99203
14844,100509
34533,106219
13420,99186
88668,119847
32049,106747
29794,105433
458537,206284
103353,126329
1784934,489659
2196547,613009
424542,217870
8454,99421
8415,98122
6782,98392
9855,98342
8676,99001
7148,97266
13155,99522
9523,97346
10804,99109
34659,106699
13659,99225
87284,120082
31691,105557
30113,105680
459016,207738
104817,127093
1780990,488306
2186771,606251
422032,216780
8492,99680
8185,99571
6784,98951
9104,104624
8857,99215
7715,98406
13333,100097
9053,98847
11039,98607
34139,105842
13746,99110
86801,120325
32098,105167
30984,106162
458675,214265
104094,125878
1788864,485817
2176363,609883
419115,215867
8531,100787
8295,98566
6928,99130
9326,99153
8613,98879
7647,99009
12574,99864
10249,98801
15308,100294
34894,106971
13637,99835
86853,120509
31497,104446
29604,105657
461907,205089
102282,124845
1786250,489835
2167277,605480
425081,217611
8062,100748
8273,98731
6845,98144
9673,98858
8522,97774
7771,99074
13270,99839
9109,98764
10074,99258
34340,107522
13611,99665
86599,120292
31589,105019
30275,106586
463255,205675
103159,126765
1784652,483000
2184280,605101
421232,218059
7628,101409
8281,100484
7031,98765
8835,98983
9197,99218
7548,97627
12801,100923
8877,97980
10072,98944
33807,106070
13707,100129
86480,121422
31861,105118
30849,105098
460290,207566
104091,125394
1785840,487408
2192762,604685
416882,217428
8098,100578
8399,99778
7451,98638
9136,98484
8620,104098
7561,98751
12930,99157
9609,98196
15064,100549
34670,106669
13635,98924
86661,120479
31258,104818
30006,104517
456566,206350
103289,125974
1788996,487358
2173831,601148
425861,216968
8151,98736
8332,99450
6921,98299
9466,98434
8791,98087
7020,97500
13034,99556
8895,97606
9956,97701
34120,106060
13582,98563
86779,119116
31252,104253
30192,105153
460243,204869
103620,125538
1785365,495284
2193860,609938
426886,215937
7710,100354
8429,98514
7162,98869
9015,99575
8977,100143
7513,98789
14080,100475
9113,99048
10706,99867
34481,107139
13850,99785
86134,119541
31807,105324
30568,105461
461133,206801
104548,126370
1782441,488491
2191017,607230
418499,216029
8529,101059
7791,98623
7120,99005
9682,99393
8355,97625
7422,98777
12918,100189
10311,98411
15171,100441
34694,106116
13553,98436
88328,119612
32452,105564
29930,104867
468319,204484
102533,127085
1797223,490566
2180400,617910
437302,215469
8111,106534
8377,97917
6742,97424
9447,98121
8765,97616
7113,97822
13199,99619
9345,98228
10772,97682
34480,106033
13360,99126
86560,119760
31765,103807
30646,104676
460622,205604
103346,126094
1797882,488673
2178458,599627
425327,216194
8655,99284
8538,98643
8198,99031
9750,100450
9085,98947
7486,98212
12562,99516
9385,97775
10963,99988
34599,106729
13884,99029
86277,119993
32029,104491
30681,104792
463427,206342
103693,126074
1787543,496800
2185219,603116
418171,215140
8240,101917
8324,98948
7321,98175
9089,98738
8631,97763
7452,97923
12784,100178
9698,98504
15316,100472
34954,106576
13500,99091
86673,119885
31813,104902
30288,105088
465645,205751
103737,126271
1778380,485968
2191418,605030
424695,214521
8931,100146
8223,98416
6793,98036
9950,99514
8320,97570
7254,97420
13199,100232
9765,97408
10399,98391
40873,107046
13710,99047
87866,119947
31722,110242
30571,105759
468202,206973
103088,132304
1792390,487847
2196031,616999
427056,226133
7810,101093
9140,99582
7285,97774
9271,98987
8773,98876
7055,97854
12938,99499
9113,98998
10117,99192
34826,107102
13941,99996
86775,119917
31697,104454
30324,105335
458926,206183
104698,126979
1795864,488323
2178328,607817
418521,216300
7868,100560
8470,99298
7617,98239
9540,100222
8973,98891
7822,98442
13166,100743
9521,99006
15352,102532
35305,106754
13782,100270
87225,120694
32052,105663
29903,104938
460134,205110
104036,126665
1789936,485187
2192818,608818
422654,215176
7991,101086
8350,99962
7091,98791
9191,99357
8546,98242
7029,97744
13784,99071
9111,98273
10238,98655
34484,107553
13810,99044
87749,120792
31668,105925
30354,105816
459397,207218
104166,125453
1794115,491252
2182731,605193
422583,217761
8158,100236
8833,98215
6914,99381
9397,104576
8835,100429
7427,97530
13070,98963
9217,104587
11238,99476
33966,106209
14089,99984
86951,120504
31895,104794
30638,104390
460850,212221
103394,124734
1794893,484738
2159190,599223
416927,214437
8005,101451
8122,100379
7334,99837
9354,99759
8135,98494
7199,97965
12998,99595
9985,98404
15253,100698
34349,106718
13333,100329
87531,119893
32083,106523
30184,104878
461360,205068
103598,126472
1795269,489083
2175131,603170
426182,217958
8478,100626
8191,100634
7067,99191
9629,101390
8815,99880
6982,98884
12598,100184
9695,99406
9969,100035
34301,108081
13676,99413
87169,121177
30756,105777
29629,104400
458702,207013
103488,127180
1782670,488629
2201452,608456
424445,215158
8082,100774
8555,98877
6955,99197
9199,99851
8544,98450
7162,97418
12704,99749
9429,98517
10599,99541
33927,105921
13883,99893
86600,119839
32548,105317
30403,105045
460221,207874
103495,126179
1770864,485845
2190667,607851
430917,216223
7790,101521
7450,104111
7491,104903
9914,98783
9213,98011
7370,97612
13075,99392
9566,98274
15226,100929
34081,105559
13409,99496
87530,120485
32007,105577
29420,104357
462483,206622
103075,126822
1781430,491136
2162389,602208
426535,215455
7770,101500
8002,98909
7428,98269
9180,98652
8906,97843
7341,98499
13156,100586
9319,99010
16318,101375
29638,104733
13589,99362
88055,120472
31106,104677
31238,104399
462917,205314
104035,128491
1785201,495338
2185208,604813
418151,215809
8181,101331
7496,99921
6962,98897
9188,101231
8718,99481
7314,98472
12864,101687
8821,99810
15441,102731
34468,108283
13440,99939
86805,121943
30737,105518
30179,106585
458482,201081
105388,120192
1784332,484525
2184805,609175
416494,216267
7934,100558
7047,99464
7614,100540
9667,106169
9066,99039
7276,103335
12584,100813
9109,104372
16121,101774
34594,107373
13953,99186
86348,120359
30402,105092
30460,104320
462431,211939
104143,126597
1787143,483193
2165993,605747
417139,216968
8414,101878
7894,98546
7277,98692
9704,99438
9081,98908
7038,98064
12644,100830
9051,98910
15064,100778
34605,106909
13640,99379
86351,121655
30367,105758
30204,106577
460822,207114
103593,126869
1792820,486785
2179677,608065
414219,216228
8292,99334
7088,99546
6833,97779
9096,98899
8878,98444
7660,96843
13016,100670
8984,98516
15020,100791
34467,106249
13448,99530
87168,120953
30401,104812
30563,104994
461948,205569
104221,125745
1798109,491252
2183100,606004
413872,219561
8971,99084
7734,99356
7515,99109
9953,99892
9304,98906
7423,99092
12682,100257
9039,99346
15820,97966
34430,107368
13386,99472
87592,121700
30806,105991
30848,104860
461498,207091
103498,127516
1780312,487821
2175986,614611
426755,218559
7737,107489
7483,99598
7382,98538
9530,99214
8919,98459
7214,96699
12945,99268
8461,98839
15540,100738
33768,105750
14009,98720
86984,120134
30345,105300
30193,105441
460576,206020
105380,125029
1788727,489753
2179453,602555
417489,218052
8509,100128
7503,98361
7033,98919
10005,100020
9066,100223
7292,97448
12767,100128
9136,98462
15377,101695
34133,107560
13181,99368
86567,120477
30622,104767
30216,105313
462392,206388
104269,126644
1793827,493430
2184044,610260
421653,217810
7861,100981
7529,100110
6922,99197
10060,99349
9065,98956
7360,97810
13292,100750
8471,99801
15100,100423
34270,107263
13281,99298
86965,119861
30369,106056
30145,105182
457697,206823
103879,126137
1774049,492165
2183128,609989
419513,216953
8955,101636
7818,98428
7549,99140
10002,99934
8868,98958
7668,98400
13352,100393
9241,98449
15162,101000
34782,107385
13485,99361
87337,120123
30358,104433
30656,104150
456544,205450
103645,125182
1768139,485625
2178793,609383
416215,216315
7720,99354
8019,99080
6992,98466
14993,100280
8970,99025
7019,98607
12582,104831
8988,98833
14958,100638
39329,107693
13295,100374
86638,128548
30363,105331
30746,105327
463982,205430
105115,126422
1763005,485135
2172892,628076
430766,216066
8594,106303
7625,97618
7205,98914
9919,98699
8938,98590
7411,98338
12758,100253
8910,97968
15222,101934
34644,106662
13335,99314
86118,120839
30632,104526
30086,97209
459959,205971
103271,125655
1782747,487648
2183482,599533
419595,215689
8370,100447
7855,99326
7383,98364
9518,99737
9452,97673
7896,98176
13040,100003
9170,99071
15233,100459
34643,106596
13248,99614
86738,120826
30429,105227
31418,105872
458957,206879
104368,125721
1775500,489185
2160427,606032
418417,215896
8866,101104
7656,98281
7628,99092
9951,100607
9095,99108
7508,98396
13227,100342
9022,97775
15377,101479
34889,106767
13673,99661
86857,121041
30666,105823
31207,105148
458819,206291
104021,126383
1784960,489416
2170745,612783
417878,215685
8514,102173
8587,99153
7186,99003
9835,99086
9454,99073
7571,98424
13209,100643
8827,98796
15298,101999
34107,105761
13150,99428
87635,120511
30760,105192
31157,105503
460803,206904
104405,126149
1763675,495657
2197867,602266
415623,216443
7827,100567
7703,99477
6890,99199
9300,100197
9390,100046
7419,97979
12558,99952
9289,99006
15395,101115
34369,105998
13363,99738
87349,120721
30840,104618
30383,105705
460364,206076
104111,128025
1774230,485990
2197212,613882
420929,216280
8373,102373
8006,100448
6490,98751
9640,100607
8736,99833
7287,99799
13112,100095
9070,99448
15644,100631
34805,107545
13348,99663
87765,121621
30738,105928
31078,105385
458010,206245
103750,126095
1770551,484529
2195265,613393
418427,216186
7738,100424
7661,98590
7613,98882
9847,100459
8788,98957
7862,97690
12877,99793
9174,98249
15567,100411
34840,106108
13565,99336
86522,120915
31124,104958
30695,104965
460467,207502
103963,125911
1762265,487137
2190376,602871
419838,215528
8185,100292
7763,98589
7137,99903
9847,99077
9305,98017
7158,98125
12596,100293
9034,99820
15160,100853
34638,107450
13546,104797
86548,127322
30573,105484
30301,98940
465109,205497
104108,127447
1766745,493070
2175700,618718
430846,214621
7788,106877
7393,98581
7611,98251
9834,98222
9373,98232
7221,97648
12800,100324
9187,97809
15331,100171
34086,106262
13507,98987
87413,121117
31365,104517
30214,104169
461027,213455
103642,125412
1781381,482927
2167792,610596
419964,214992
8155,100901
7484,98405
7004,98722
9243,98955
9060,98647
8021,97588
13192,100709
9010,98646
15803,101099
33986,107053
12897,99051
86317,120834
30913,105425
30477,104926
461134,206675
104065,125479
1784499,488219
2167291,603325
420258,214647
8279,99578
7462,98006
7526,99463
10108,100028
8909,98110
7120,97505
12453,99968
8513,98069
14808,100441
34821,105477
13220,99807
86946,121914
30202,104992
30666,105123
457783,206119
103373,126055
1768572,497581
2190405,613506
415073,214565
8210,101807
7427,99167
6843,98794
9424,99134
8675,99037
7575,98430
12557,100189
9033,98693
14745,100567
35162,106532
13368,98985
87061,120905
30380,105098
30933,105274
459205,205458
104696,124955
1781800,489382
2179560,605816
417320,213979
7957,100789
8458,99217
7131,99263
9970,100310
9649,99090
7680,97281
12905,100246
9297,99863
15395,102191
35197,105993
13452,100189
87399,121237
30992,105861
30320,104622
461143,204607
104253,126330
1762439,487510
2183628,598428
419203,215529
8269,101743
7984,100225
6790,99628
9820,99619
9285,99275
7162,98386
18181,101331
9433,99383
15572,101173
34271,107388
13180,99546
86994,120502
30666,110515
30704,104761
464995,207605
110588,127224
1769019,487110
2169752,613205
421718,220758
8570,100510
7670,98373
7429,98275
10257,99410
9844,98874
7637,98147
12750,99861
8934,98822
15377,100498
34745,106539
13726,99348
87265,119686
31231,104935
30602,104280
460934,205160
104375,127111
1773846,489042
2174363,607275
417712,217031
8528,101438
7273,99344
6962,100120
9577,99667
9502,99063
7533,97934
12728,100980
9522,98336
15338,101276
34780,105692
13457,99744
86398,120283
31187,104242
30748,104681
457494,207804
105282,124489
1778445,487027
2170983,599216
417325,215723
8418,99628
8520,99388
7036,97738
10262,99494
9102,98594
7541,96886
12785,100637
9541,98582
15561,101534
34527,106872
13367,99420
87450,119896
30507,104983
31206,104473
460058,204548
104255,125043
1770072,487710
2183529,607927
418120,213339
8520,99210
8448,98240
6751,99026
9531,99150
9523,99155
7755,98793
12664,100075
8746,98855
15350,100949
33936,106092
13868,99779
86499,120651
30529,103933
30903,104978
457889,205736
104059,126459
1773932,485051
2173089,605710
417421,217071
8694,100374
7335,98310
7223,99463
9605,99323
9375,98375
7271,98355
12603,99559
9156,99216
15186,100630
34166,107421
13387,104473
92909,121232
31453,105596
30542,104215
465452,205474
104214,127703
1764453,488186
2162313,612053
425606,215086
8583,100511
8280,98189
7821,99322
10029,99366
9409,98332
7673,98917
13123,99385
9353,99287
15609,93007
34516,106511
14133,99333
86914,120479
30208,105487
31104,105711
460228,206049
105285,126523
1782344,490084
2169243,606504
419903,217350
7757,99016
7412,98553
6909,98081
9587,99851
9206,98514
7312,97373
12435,99639
8784,98873
15144,101017
33998,107519
13047,99998
87044,120605
30771,104928
30658,105046
463356,204439
103417,124654
1767959,495793
2193201,602428
422767,215299
9456,100517
8126,100109
6801,98969
9562,99704
8977,99372
6694,97206
12900,100127
9042,100215
15463,101727
34413,107323
14370,101253
86841,122362
30984,105888
30791,106224
458935,207550
104638,126641
1787116,489732
2190609,617201
418842,215726
8561,101160
7265,99640
6901,99204
10221,100223
9098,99082
7118,98168
12979,100374
8688,98494
15030,101196
34330,106576
13982,99529
87061,120216
31221,104718
30407,104811
461878,204540
103938,127014
1775349,486564
2187669,608194
415771,216311
8101,102725
7646,98777
7206,99133
9774,98940
8842,104170
7871,98408
12918,99676
8950,98280
15601,101149
33825,107056
13282,99332
87590,121338
30883,104931
30770,104048
456774,214162
104648,125094
1780886,483602
2185474,603274
415900,215554
8311,101223
7889,99459
6671,99249
9662,100000
8941,99116
7424,98709
13107,100169
9010,99161
15417,101887
34128,108250
14205,100810
87418,121425
30940,105087
30487,105376
459999,206323
103934,126459
1785750,488855
2166223,608716
417067,215215
8599,98960
7831,99106
7373,98517
10048,99144
8896,98938
7614,98324
12568,100449
9025,99551
15308,100867
35580,107974
13692,99958
86994,121469
30597,105058
31174,105239
459710,206114
105176,127024
1783366,489344
2200613,615381
421070,213465
8429,99636
7085,98918
6784,98645
9621,99285
8794,98503
7492,100036
13143,101300
8932,97939
15580,100717
33934,106099
14126,100080
86972,121120
30960,104923
31005,105508
460219,205962
104201,126487
1772561,492737
2197227,612334
415683,215951
8193,102498
7600,99962
7199,98924
9310,100366
9739,99602
7980,99557
13100,105806
9346,99678
15987,101832
35101,113052
13520,99439
85930,120904
30628,110647
30815,104615
465160,206119
104559,130455
1784791,486249
2177367,614654
419152,229797
8093,101097
7882,98935
6899,98894
9897,89220
8832,93298
7501,98808
12792,100281
8891,98130
15347,100738
35035,106116
13398,100042
87079,121374
30408,105644
31021,105466
459480,206443
104672,126152
1798261,487199
2175084,602028
419528,214141
8280,101236
7575,98577
7536,99074
9382,99147
8894,99174
7375,98106
12984,101121
9208,98217
15690,101218
34439,106623
13405,101101
86650,120995
30952,105294
30878,104765
460001,206296
104837,126179
1787517,491332
2192216,604707
415736,213943
8463,101884
8399,99086
6898,98913
9507,99377
9862,99449
7149,98594
12729,100494
9085,98493
15647,102116
34501,106726
13553,99854
86733,119764
31680,105549
30491,105273
458976,207040
104895,126009
1776044,490591
2199791,608122
415504,214834
8197,100717
7714,99545
7345,99524
9206,99579
8828,106934
7368,98505
12330,100430
9465,98027
15423,100961
34122,106703
13129,98873
86453,120846
31555,104964
31048,105831
464316,213334
103952,125319
1791583,488402
2183477,612611
426577,216321
7629,102783
7929,99476
6198,98767
9788,99058
8824,99111
6699,97077
12420,99702
9361,99965
10131,99842
34282,105855
13514,98704
86907,120522
31710,105272
29906,105225
459833,206474
103225,126157
1800222,488877
2187384,604768
423855,216036
7743,101508
7810,99558
7242,99809
9424,98599
9451,98012
7060,96984
13047,98942
9068,98532
10349,99925
33882,106245
13936,100054
86016,120116
31852,104648
30331,104788
457650,205938
104338,126858
1791231,486759
2192215,608131
419140,216690
8676,100898
8007,98507
7912,98313
9851,99340
9095,98112
7232,98504
12884,100553
9530,98989
15011,100156
34930,105955
13697,99370
87856,120531
32034,105088
29776,104846
460123,205578
103243,126375
1773886,494068
2184598,609535
437045,217196
8544,100918
14192,98713
7024,98606
9259,99445
8335,98050
7157,97756
13121,99587
9253,98428
10221,98318
34093,107361
13333,99084
86698,120181
31296,105902
30096,105465
455952,205785
103074,125776
1790997,490232
2180392,609509
425958,216881
8321,99546
8407,99838
7347,98859
9278,98220
8781,98876
7076,98611
12799,99771
8961,97924
10104,100505
34308,106888
14445,99478
87252,120188
32137,104846
30684,104811
465271,206432
105168,125766
1782925,502572
2197004,608165
423009,211966
8532,101175
8384,98169
7408,97906
10184,98965
8567,97932
7526,98542
12618,99298
9928,97851
14964,100378
34540,106396
14191,98735
86821,119028
31293,105692
29965,103847
458769,207103
103089,124580
1792125,491121
2188736,599017
426637,216960
8643,98366
8066,98110
7252,98811
9882,98996
8815,99193
7332,98582
12767,100062
10268,99136
10382,105483
33993,107210
13267,105363
86747,126251
30975,104656
29809,105228
470836,205039
109774,127145
1785378,484964
2182587,613105
424798,222108
8412,100219
8446,99732
7070,97431
9220,98971
8902,98256
7799,97165
13205,99608
9458,98280
10910,99254
33811,106629
13897,99312
86916,120030
31359,104613
30013,104442
463568,207017
105016,126111
1801159,486185
2166030,604399
416409,213303
8534,102308
8365,99649
7193,98996
9935,100706
8880,98201
7637,97573
12923,100015
10130,98864
15217,100469
35120,106079
13767,99724
88200,120583
31409,104585
30078,104588
464638,204564
102418,126087
1787658,488920
2198224,610195
424424,219147
8637,101595
7940,98261
6930,98385
9309,99006
8434,97872
6987,98551
13745,100259
9250,98850
10061,98886
34314,106342
13904,98694
86880,120654
31213,104866
30553,105314
460973,206032
102776,125988
1785774,482245
2191556,602773
421499,219488
7939,100301
8382,99257
6769,97418
9310,103524
9207,99419
7124,102611
13732,99886
9221,98997
10718,98171
34117,105830
13803,99656
86381,119879
31861,105538
30026,104752
464300,214051
104227,125392
1789619,492444
2180185,600684
417783,214917
8101,102205
8471,99542
7164,99388
9254,98645
8531,98620
7492,97486
13545,100091
9631,99984
15457,100573
34748,106491
14877,99472
87645,120012
31895,105444
29459,104785
459261,207313
103608,126508
1804241,488637
2170228,604883
424301,218339
8562,101630
8675,98450
7238,101148
9512,89980
8675,98027
7559,98266
12410,100987
9319,98871
10631,99426
35837,106967
13582,99950
87229,121421
31522,104916
30304,105618
458431,207025
103183,128121
1786798,488883
2185861,605086
423448,216907
7978,100840
8225,99575
6733,98777
8946,99958
9121,99200
7578,99137
12507,100259
9398,99447
10914,100040
34285,106337
14162,100467
86047,120653
31252,104740
30083,105124
463238,206027
104523,126351
1775917,485546
2171737,610686
428518,216523
8181,106779
7970,99836
7628,99086
9302,99860
8966,98881
7163,98190
12420,100228
9611,98621
15615,101039
34599,107260
13889,99167
88220,119928
31908,105494
29884,104857
460699,206068
104007,124923
1794758,498976
2172132,609155
425775,214542
9055,100324
8028,99903
6593,98516
8819,98953
8204,98232
7010,98148
13147,99269
9502,98901
10196,98482
34740,108025
13857,100430
86620,119948
31533,105381
30569,104916
457306,207892
103493,125464
1789355,498052
2183788,612248
425239,219540
8681,101851
8645,98975
6983,98369
9708,98278
9377,100166
7506,98174
12557,100008
9675,98476
10799,99769
33890,106297
13326,99671
86993,121980
32486,105626
30390,104345
462853,206009
103934,124263
1788229,487724
2175054,606179
417833,215667
8330,101367
8753,99826
7848,99272
9651,99451
8446,98843
7380,103777
12777,104632
9646,105881
14589,101629
34813,111974
13523,99502
87409,120043
31672,105299
30197,104462
463240,212844
103019,125349
1785501,489583
2178540,620087
426862,226184
7966,101479
8180,98631
7228,98761
9853,98907
9391,98122
7393,98451
12935,99384
9896,97886
10275,98712
34428,106790
14070,99479
86780,120778
31743,105307
30281,103766
459328,205665
103756,126180
1786620,486900
2182691,601986
425823,214145
8236,100303
8454,98425
7663,97846
9929,98471
8831,98049
7131,97777
12884,98456
9226,98551
10954,99246
33671,106160
13722,99121
86953,119982
31369,104374
30754,104702
458771,206451
104659,125891
1791075,499286
2174100,609191
418430,214460
8571,100518
8371,99510
7510,98130
9465,98344
8933,97259
8004,97095
12806,99165
10045,98556
15496,100287
35437,106766
14490,100389
88187,119519
33236,105379
31057,103616
463849,206182
104024,125461
1778669,492574
2187038,609638
425071,214866
9172,101462
8640,98713
6761,96983
9462,98851
8237,98604
7316,97374
12985,99659
9711,97881
10597,98138
34389,106235
14377,99474
86802,119380
31172,104217
30757,104412
461048,204251
102912,125516
1780067,495765
2195325,611275
425210,218000
9307,99553
8548,99705
6816,98412
9333,99518
9093,98746
7357,97715
12581,100149
9808,98832
10545,100098
33673,105391
14135,99622
87405,120262
31817,105168
30575,105078
461417,206235
103968,125627
1787184,491932
2180958,605571
419818,215205
8315,101389
8295,99782
7288,100333
9879,99696
9180,98760
7998,98819
12504,100409
9920,99424
14957,101170
34738,107024
13659,99270
87213,119959
31320,106282
29912,105271
460349,205590
103451,126217
1778652,485537
2175679,608574
426064,216136
8766,99353
8076,98876
7563,97401
9770,98426
8794,97187
7611,97173
13197,98962
9630,97746
10412,98201
34634,106041
13605,104453
92508,120317
31603,104711
30302,103314
469006,204302
103237,126442
1775351,488167
2166788,615262
433192,216836
7775,107769
8713,98885
6742,98565
9311,99828
9148,97990
7692,98492
12416,100118
9021,97895
10322,99471
34226,106481
14513,99236
86215,120014
31485,105395
30050,105379
455654,207779
105313,127653
1785616,487336
2169677,604533
415231,213913
7992,102184
8879,98503
7287,100229
9791,100157
8520,99217
7419,99443
12855,100466
9794,99464
15391,101464
34488,107186
13926,99819
87823,120240
31840,105414
30439,104671
460451,206148
103002,126271
1794099,492108
2181327,598972
425101,213497
8811,99195
8056,99416
6847,99882
9446,99494
7931,98901
7089,98696
12574,100073
9562,98437
9880,100140
34572,107495
13194,99603
87389,121028
31307,104265
30218,104374
458339,206447
103549,126924
1777927,498012
2182291,608346
423042,216520
7567,99351
9346,98798
7022,97607
9717,98997
9032,98022
7375,98776
13153,99407
9500,97945
10875,99412
34227,107343
13788,99513
86541,122072
31197,105263
30587,104624
462670,205076
103231,125588
1776550,484105
2195207,608242
417675,213839
8158,100966
7717,99292
7210,98700
9550,99368
8410,98965
7289,99060
13040,100591
10110,98896
15339,100912
34208,107593
14034,100000
86548,120674
31466,107066
30058,106182
457070,205391
102753,126692
1769900,485491
2172559,603591
420022,218077
8584,99731
8567,99399
6521,98525
9175,99383
8595,98577
6887,97591
12841,100146
9080,103820
9979,94657
33828,105790
13400,98886
85487,120613
31089,104449
30088,104826
463006,204599
102764,125846
1762429,481328
2152215,604104
419002,214745
7483,100128
8436,99497
6663,97603
9248,97907
8732,98569
6972,97563
12347,98770
9177,98000
10314,97414
34137,106383
13658,99551
85313,119446
31717,104910
29819,104238
457310,205559
102490,125402
1786012,484296
2159549,596691
416201,213383
8068,100557
8302,98531
7335,98670
9539,99123
8587,98271
7317,97401
12363,100679
9713,98918
15236,100446
34778,107357
13225,99660
87138,120021
31532,105514
29888,106073
452605,205633
101981,125113
1767755,495649
2163564,603990
420668,214387
8434,100642
9107,99171
6827,97502
9087,99947
8620,99213
7175,97938
13321,99529
9314,98593
10041,98515
33886,107870
13434,100016
86790,119905
31255,104986
29668,105204
454226,206574
102359,126952
1770079,488321
2165444,599155
419596,214053
7938,99850
8631,98902
6700,97316
8719,99149
8383,98177
7080,98630
13098,99095
9447,98426
10451,99883
34155,105220
13464,101099
85411,119020
31372,105300
35605,104021
454974,204870
103281,124792
1760433,490429
2167500,603547
427401,217082
7921,100555
8937,99236
7390,98063
9014,97623
8590,97850
7061,98396
12377,100207
10111,98267
15043,100994
34307,106095
13779,100100
86375,120079
31507,105949
29818,104635
456430,204200
101918,126046
1775027,482775
2149522,600449
423276,213606
8447,100109
8778,99651
7577,98305
9881,98955
8245,97905
7125,97238
12895,100039
9363,98531
10275,98064
33827,106584
13631,98997
86001,119633
30970,105089
30405,103770
458638,204574
103154,125721
1766866,485272
2154070,596604
417846,216669
7960,101321
8306,99551
7203,97927
8761,98027
9225,98827
7253,98834
12833,100435
9058,98240
10532,99186
33646,106405
13851,99804
86004,119382
30773,103797
30027,104001
456039,205533
102837,125162
1779635,478046
2167780,604406
416316,216864
8735,102149
8474,100096
7160,99382
9730,99306
8363,98623
7380,98446
12722,99805
9080,98420
15252,102202
33951,107233
13194,100289
86540,121402
31218,104949
29652,106049
454585,205670
101948,126654
1761394,486748
2169901,602668
421722,215535
8799,100405
7869,98717
7103,98576
9392,98901
8782,99537
7492,99041
13324,100506
9259,99358
9752,99077
39566,107867
13651,99639
85593,119876
30469,111495
29852,104448
460199,206126
108408,128116
1763486,485888
2151840,609864
424769,222580
8590,99638
7981,98587
6899,98429
9470,99311
8469,98526
7037,98112
12603,99888
9381,97541
10541,99045
33324,105371
13801,99647
85557,119832
31568,103943
30341,104544
453873,205829
103082,125086
1770603,483832
2159476,604169
419195,216725
8045,100618
7806,99158
7412,98758
8960,98969
8285,98909
7122,99214
12626,100196
9576,99605
14786,101116
34430,107311
13404,98987
86637,120547
31677,105305
30216,105249
455555,204520
101412,125903
1765752,495913
2167748,595528
422210,215557
8785,100239
8499,98884
7022,97931
9416,99291
8771,98032
7526,97991
13255,100287
9408,98341
10218,99585
34229,106201
14158,99027
85759,120359
30676,104687
30202,105486
458138,204143
102056,125267
1783105,483801
2171065,606140
418653,216651
8664,100838
7922,98566
7677,97699
10258,99201
9204,97936
7458,98483
13202,100935
9062,88508
10546,97808
33895,106553
14014,100098
85640,120596
31441,104274
30667,110890
457275,205497
103423,124915
1774306,485354
2158683,606747
430188,213432
8217,99622
7985,98060
7871,97432
10189,99169
8648,97242
7357,96843
12877,98374
9588,98114
15175,99622
33840,105463
13617,98497
86222,119320
31132,103261
28966,103461
458372,203022
102083,123570
1780526,484239
2164997,602631
421623,214467
8579,100906
8321,98176
6919,97909
10110,99025
8993,98157
7346,98369
13321,100769
9346,98397
10553,98252
33807,107179
13617,98371
85537,120206
31487,104142
30621,104574
452292,206352
103034,124590
1768080,494799
2174855,608177
419246,218691
8488,100132
8605,99429
7181,99023
9214,98881
9111,99811
7372,98264
12976,100174
9861,98549
10482,98271
33934,106437
13992,99696
86476,119049
30508,104977
30356,104557
458890,204875
103042,126647
1775338,478496
2169459,600982
414257,214248
8306,101365
7774,99193
7518,98722
9298,100099
8360,98025
7793,98259
12771,92301
9909,99407
15116,100820
34185,105727
13798,99557
86328,119811
31427,111469
29318,104097
463613,205575
109194,126957
1790994,483234
2157347,609147
420695,225841
8017,99711
8131,98075
7310,97186
9629,99016
8742,97593
7038,97521
13254,99952
9975,97836
10656,98308
33661,105722
13155,100466
85107,119979
30970,105664
29873,104048
455296,203648
102410,125148
1779002,484543
2157465,599964
423429,215678
7943,100575
8759,98892
7098,97764
9371,98419
9257,97958
7300,97787
12763,99913
9457,98853
10369,99361
33227,106176
14240,99264
85696,119482
32029,104468
30220,104553
456586,203587
103828,118839
1785433,486512
2176938,596409
415896,216160
8367,101584
8734,98805
7145,99308
9422,99755
8524,98087
7332,97947
13008,100141
9469,99230
15288,101870
34224,106533
13531,98680
86151,120266
31702,104861
29952,105359
457305,206020
103045,125685
1779113,484543
2179263,603446
417591,217446
7994,100657
8170,99038
6982,98140
8761,97932
8515,103760
7405,97606
13373,98977
9546,98514
10144,97624
33839,106033
13617,98709
86621,120000
30943,105299
29688,103605
452030,204055
102951,126399
1775370,488115
2155499,598055
424508,214018
7926,98764
8487,99072
7161,98067
9504,100082
9145,98401
8031,97198
12728,99999
9420,97352
10386,99873
34146,106066
14473,101322
86082,119956
32143,104407
30245,103985
455020,204344
103657,125780
1769674,498483
2190617,602699
415809,214306
7654,100802
8226,99501
7611,99158
9421,99485
8947,97403
7779,98730
13087,99237
9934,98365
15312,100324
33753,106619
13326,99407
87047,120062
31821,104334
30113,105175
455811,206582
102524,126100
1781183,483508
2180361,608555
418534,216499
8347,100683
7936,100423
6989,98407
9380,99156
8547,98104
7157,99189
13202,100965
9689,98876
10217,104569
33952,107648
13702,105805
87300,124944
30969,106262
30281,105004
467080,206970
108297,126501
1785613,486845
2172009,608339
418321,221932
7793,101001
8681,99223
6758,98014
9142,99952
8524,98786
7279,96949
12980,100401
9038,99050
10168,98140
32938,105784
13783,99625
85908,119798
31677,105509
30217,105531
455607,204981
103070,125411
1787424,486305
2139617,607581
414637,214558
8186,100127
8078,98090
6862,99226
9438,99004
8457,98200
7771,98949
12644,100447
9334,98296
15000,101413
34204,107149
13553,99907
86570,120434
31486,105331
29504,104504
458448,207242
101769,125079
1779244,480538
2173326,598002
420916,216488
9066,100742
8202,98803
6689,98080
9769,100759
8645,99175
7192,99169
12490,99826
9244,98989
16725,101077
29192,105986
13591,100084
86570,120393
31384,104685
31693,106276
459377,205377
102462,126604
1770558,481973
2164683,602052
425078,213367
7890,99878
7574,104427
7369,105095
10157,99710
8921,98915
7544,97853
12438,100178
8421,99036
14803,100809
34197,105575
13112,100528
85720,120542
30585,104404
29848,105355
457561,206282
101874,125605
1774327,486097
2162076,601260
413501,214007
8291,100720
7743,99105
6896,98815
9447,98828
9147,98862
7040,98259
12607,100526
9573,99196
14853,100221
33827,106319
13480,98524
85740,119653
30295,104307
30532,103871
459339,204816
102546,125246
1773445,499340
2177798,606141
412016,217649
8677,100189
7338,99051
7421,99519
9517,100382
8802,99104
7990,97973
12773,101151
9367,98911
15214,101018
34454,107102
13948,100240
85752,120280
30259,104992
30272,105436
460087,204566
103725,126217
1776223,484827
2176507,604597
408545,212113
8369,102601
6996,98750
6868,98719
9569,99775
9101,99563
7542,97531
12849,99830
9190,98725
15490,100850
34001,106523
13548,99254
85876,119408
30293,104375
30097,105783
462204,206402
102419,133801
1774747,490031
2169989,617666
415963,223632
8278,99276
7729,97803
7705,98146
9939,98144
9612,97733
7770,97628
12650,99426
8750,97775
15192,100333
33483,105970
13630,98825
86520,120330
30183,104647
31109,104257
454054,204481
104005,126938
1758341,485400
2172892,608491
414715,213631
8611,100516
7571,99855
7036,99941
9685,100137
8960,99359
7352,98455
13154,101776
9010,99924
15228,100709
34421,107325
14178,100370
85938,120991
30306,106087
30616,105446
453629,205090
104198,126770
1785428,486680
2154859,605094
414683,214954
7823,100523
7840,98766
6937,99536
9260,99175
8927,100000
7839,98199
13127,100655
9061,99398
15168,100576
33715,108165
12984,99159
87005,119929
30703,104821
30181,104881
458263,205712
103414,125865
1770931,496862
2181126,597653
420577,216036
8537,101132
7506,99350
6692,99452
9843,100121
9366,98506
7553,97808
12806,99643
9301,99654
15588,101699
34052,106392
13136,100428
85941,121273
30958,104721
30201,105653
453959,205601
103868,124980
1767356,487787
2179832,612481
416976,214667
9582,100487
7509,99276
6952,98648
9836,99949
8905,99698
7950,99231
12603,100429
9028,99767
15143,101176
34340,107840
13429,101980
86243,121953
30570,105709
30148,105782
456140,204603
103893,125854
1763698,488458
2183800,605664
416555,214919
7548,101027
7636,99332
7331,99066
9566,93063
8994,91477
7263,99764
12609,100196
8848,99115
15416,100306
33962,107653
13485,101212
85950,120885
30108,104777
31126,106124
458597,206133
104025,125697
1760758,488750
2173077,595837
410026,215621
7872,101998
7378,98717
7100,99087
9567,99629
8712,98087
7873,98310
12830,100981
9627,98857
14805,99559
34476,106308
13316,105429
92024,120018
30196,105923
30353,103933
462941,206150
102256,126250
1762724,485185
2171868,617663
427984,215977
7860,108429
8565,98313
7265,98241
10030,98482
9559,98714
8156,97877
13245,98146
9017,98348
15205,100304
34195,105826
13480,98262
85868,119522
31250,105356
30485,105157
456250,204356
103379,125490
1761332,484316
2151132,605946
418370,215006
8506,99710
7567,98863
7306,98311
10109,99055
9693,98415
7316,98014
12896,100233
9192,98868
15313,100939
34506,106546
13956,99056
85624,119961
30383,105729
30729,105527
456462,204283
102935,126430
1771558,487237
2169647,602481
418523,215459
8043,100683
7878,99134
6938,99135
9514,100590
9351,98755
7983,98314
13474,100341
9381,99192
15238,100771
35027,106257
13423,99554
86418,119658
30341,104568
30872,105675
453355,204788
103981,125190
1766840,483525
2158080,600785
415739,215690
8247,99531
7096,98925
7275,98902
10015,99881
8762,98487
7115,99145
12863,100742
8584,98547
15217,101289
34308,106607
13292,100003
86023,120933
30772,105716
30653,105251
454804,204918
103032,125634
1753674,489176
2158455,606011
413675,215839
9044,101854
7964,99373
6884,100105
9396,100058
8898,99498
7258,99751
13321,101258
8998,99615
15850,106509
34202,106669
13908,100825
91568,121701
30567,105807
29756,104921
463798,207637
104236,125288
1756297,491587
2159786,608484
423192,214538
8003,99626
7682,97895
7318,99182
10239,99984
8928,98724
7074,96677
12413,99551
9477,98257
15174,100744
33732,105987
13377,99664
85047,120514
29980,105335
29548,104427
458138,204501
102840,126703
1758163,481995
2154610,600704
416282,213545
7958,100636
7526,99306
6924,99669
9593,99224
9213,98957
7687,98931
13241,99800
9050,98616
15265,101340
33674,107240
13531,100427
86168,121055
30121,105290
30209,106108
456973,205944
102587,127088
1763126,494075
2168002,607314
415219,214464
8419,100490
7402,99029
7341,99318
10079,99147
8897,98615
7579,98651
12325,99825
8823,99514
14897,101186
34921,106713
13328,99689
87104,121170
29786,105015
30411,106185
457576,206223
103663,127165
1748677,488249
2179941,602572
413708,212849
8167,100014
7244,98295
6994,98826
9289,99119
8800,98222
7219,98144
12887,100569
9061,98273
14954,100697
34260,106855
13240,100067
85616,120320
30752,104776
30277,104934
455363,205251
102962,126331
1758304,480428
2170533,607757
412548,214275
8364,100900
7660,98777
7049,98478
9710,99166
9040,98495
7025,97943
12918,99501
9190,97462
14959,101615
34957,105873
13572,99071
85941,119975
30462,104666
30005,104338
454335,210627
103509,125359
1752747,488307
2147268,609454
417127,213041
8487,100902
7942,99124
6895,98356
9181,99067
8845,98104
7569,99093
12850,99873
8771,98154
15004,100766
33791,107370
13673,99547
85997,120861
30406,104321
30149,104548
453302,204182
102034,125887
1762194,483591
2159613,599389
414866,215542
8470,101699
8037,98928
7097,99084
9907,99229
9345,98763
7241,98589
13317,99934
8632,97908
15263,101899
34418,107293
13422,99318
87461,120969
30647,104869
30150,105915
458333,206218
104410,126669
1777668,496497
2178344,604764
419198,216198
8095,101411
7561,100496
7434,99418
9515,99634
8746,99129
7562,98961
13520,100501
9355,98879
15987,100718
34199,107498
13625,101259
86695,121461
30630,106856
31073,105623
455904,207691
103724,126918
1766568,486647
2176301,603040
416171,215281
8610,100599
7908,98108
6992,99314
9901,99716
9313,99097
7200,97392
12846,99793
9032,99677
15073,102098
34637,107129
13218,100091
86921,117657
30696,100864
29915,110436
457243,205854
103018,126196
1755489,491410
2175176,609546
428702,214904
8288,101444
7576,104186
6843,103642
9299,99047
9845,98657
7738,98698
12783,99569
9301,98397
15553,100862
34460,106256
13411,100136
86805,120778
30257,105596
30359,104300
453734,206335
104133,127296
1778079,488289
2176599,600706
422281,215344
8376,100345
7298,97900
6812,98301
10110,99106
9242,98848
7218,98060
12892,100593
9422,99012
14857,100995
33927,106529
13361,98682
86463,121046
30396,105465
30977,94242
459120,205816
103080,126593
1778083,492945
2174709,604213
420053,214182
7729,100631
7472,98385
6532,97952
9303,98797
8721,98317
7431,97681
12501,99879
8541,98357
15117,100315
34276,106742
13125,99438
86357,120081
30422,104617
29709,104164
460540,204909
104898,125608
1764631,488980
2182472,605118
419194,215745
8039,100648
7533,98890
6919,98666
9596,100875
9107,99694
7376,98492
12999,100548
9032,98478
15468,101978
34730,107719
14031,100040
86590,121482
30882,107034
30656,105022
462504,205596
104316,127333
1768337,491187
2185246,607282
416655,215556
8177,101393
7177,99421
6838,98297
9395,99341
9040,99753
7940,97640
12727,99704
9331,99841
14924,101102
35113,107861
13964,106753
86485,126637
30837,106140
30924,105466
465335,206320
104661,127523
1761404,488356
2177686,620362
430751,217926
8349,99856
7871,98272
7347,98628
10120,99260
9437,98589
7049,98251
12896,99450
9103,98460
15286,101384
34447,106582
13335,100240
87241,121139
30843,104777
30459,104794
458863,204946
104844,124612
1786900,491482
2172420,601432
417999,214276
8216,100162
7045,98324
6989,97789
9776,99374
9152,98541
7442,97531
12799,99676
9081,98485
15150,101128
34739,106618
13550,99403
86460,119907
30310,105254
30443,104436
455827,205806
104297,126581
1780548,501279
2173330,611352
417463,218914
8480,101187
7611,98422
6920,99233
9327,98972
9350,99750
7037,97665
12393,101148
8959,98380
15046,100566
34354,106950
13374,99475
86924,120148
30707,104975
30626,105857
458925,206452
104522,126320
1774014,483273
2189242,607653
417108,214904
7738,101013
7486,98140
7414,98578
10228,98910
9234,98108
7433,97351
12586,99606
9122,98669
14749,100800
34306,106765
13957,100367
86637,120549
30702,94685
30218,104122
460640,207023
103929,125377
1766556,487059
2185827,616283
429484,217136
7806,107621
7520,99219
7003,98516
9621,100110
8889,98845
7247,98219
12921,100144
9294,98871
15224,100413
35244,106085
13494,98459
86817,120582
30521,104937
30050,104343
461711,204666
103365,124208
1799098,486454
2177148,600859
419143,217406
8511,100290
7871,98190
6953,99503
9023,99195
8712,99152
7238,97562
12600,99473
9085,98655
14949,100510
34265,106805
13340,99398
86068,120202
30928,104803
30681,105312
458068,205030
104581,125467
1780470,496268
2184776,605956
418300,217205
8569,100112
7414,98531
7384,99199
9831,98854
9087,99309
7024,98109
12608,100693
8619,99094
14904,101402
34185,107407
13087,99840
86624,121536
30456,104764
30877,98843
462043,204950
104600,126056
1780085,490258
2193912,604190
416209,214225
8361,100372
7242,98981
7598,99020
9643,100182
9271,99023
7779,98492
12819,100038
9680,99664
15359,100991
40159,108720
13097,99562
86640,120981
30867,110891
30338,104986
465985,207065
103735,134004
1781626,491071
2169847,616236
417256,223157
8252,100085
8239,97916
7935,98007
10186,99967
9251,98933
7569,98640
12948,99980
9449,98861
15653,100430
34852,106123
14199,99735
87302,120892
31212,105134
30623,106385
460793,206177
104154,126780
1787807,489036
2172685,601475
419829,215059
8452,101167
7868,99003
6585,98206
9845,100220
8868,98409
7570,97993
12782,100176
8892,98282
15695,101040
34759,107755
13615,99979
87390,120996
30704,104856
30872,105172
459534,207378
104136,125607
1779338,486886
2183806,606538
418244,214818
7955,100652
7558,98811
7038,98730
9990,100070
9327,98564
7917,99022
12787,100931
9375,99647
15423,101206
34807,107138
13756,100848
86566,121846
30675,105704
37419,106320
460233,206322
103999,128081
1760042,486712
2174619,609593
427219,215391
7721,100143
7228,103542
6324,97955
9147,98531
8702,98117
6936,97851
12517,99962
8850,98797
14894,99127
34522,106478
13994,99606
86883,120067
31376,104164
29934,105612
461967,206043
104168,126842
1796597,488042
2177819,600455
427610,215415
8112,99847
8674,97722
6685,98313
9616,98053
8293,97242
7441,96854
12834,100010
8924,97570
10306,98864
34206,106194
13038,98133
87770,119899
31477,105735
29938,104218
459533,206201
103488,126069
1779105,499747
2194605,602869
423174,217144
7986,100301
8497,98818
6799,97906
9440,98627
8812,98322
7161,97296
13065,99058
10145,98212
10468,99064
33928,105286
13404,98671
86789,119729
30816,104511
30144,104517
460806,204930
104043,125141
1800278,487451
2176400,602825
418791,214058
8448,99801
8172,98755
7297,98392
9355,99826
8839,99345
7319,98208
12251,99952
9686,98685
15060,101208
34470,111719
13776,99044
87196,119943
31154,104783
29763,103938
469191,206670
103175,125207
1790554,485496
2169170,615310
423932,213059
8426,99000
8567,97372
7138,98469
9529,97642
8233,97480
7199,97366
12921,98041
9443,96846
10059,98264
34389,107585
13824,98351
87754,120860
30955,104072
30217,104281
460238,205135
102845,124658
1787577,491178
2179183,603075
426062,216504
9144,100072
9037,98895
7507,98568
9372,100009
9304,99268
7514,98325
14029,100854
9617,99148
10812,101053
34695,107599
13756,100319
86478,120614
31608,104608
30764,105947
461839,207095
103935,126516
1791105,492050
2190444,609312
419235,215404
8667,100842
7409,98436
7024,98854
9621,99438
8930,98007
7717,97465
13114,99739
9906,99145
15590,100592
34595,106348
14442,99690
87982,120450
31819,105301
30317,110000
462136,207279
103257,126177
1771477,487185
2166580,611536
435271,217208
8150,108227
8398,99240
7040,98335
9943,99240
8695,99437
7161,97727
13055,99931
8929,98459
10480,98611
34137,106533
13399,99031
87458,120716
30811,105046
30027,105341
459289,204839
102802,124818
1784756,486168
2180377,605764
426659,217416
8697,100702
7962,98779
7572,97982
9030,98934
9120,97374
7753,98174
12682,99102
9451,97989
9893,98881
33570,106480
14298,99825
86265,121364
31014,105422
30747,104816
458061,205363
103836,125730
1780589,494518
2180542,604623
419847,216647
8228,100063
8207,98712
7015,98844
9558,99232
8424,98117
7119,97834
12745,100649
9760,99049
15273,101370
34321,107066
13779,100254
87278,120552
32357,106976
30302,105214
461615,204832
103580,126131
1789865,488983
2169969,612710
427078,215912
8549,100891
8568,99196
7134,99139
9487,100024
8305,98242
7125,98496
13269,100263
9538,100211
10118,98714
34754,106804
13647,100144
87179,121031
31040,105091
30517,105301
455837,205891
104300,126734
1766526,489104
2185315,607113
424883,217686
8174,100936
8973,100429
6892,98434
9029,99436
9777,98203
7388,98113
13498,99969
9048,98105
10800,98907
33957,105396
13784,99654
87471,119827
31905,103399
30400,105084
494541,207115
105343,125406
1784900,489981
2192705,606851
420042,215919
8228,101305
8011,100000
7097,99672
9671,99310
8443,98071
7804,98326
12890,99944
9550,99644
15065,102272
34809,107315
14086,100181
87854,120328
32173,104819
36501,105933
459924,204595
102814,125623
1772273,488050
2172691,607217
429850,217420
8527,100358
7914,98711
6666,98307
8873,98836
8803,98522
6827,97824
12998,99392
9337,99020
10201,97713
33976,106486
14074,99858
87245,119577
31196,104630
30022,104971
458882,216008
102821,124991
1777036,487730
2171738,602589
425434,216741
8301,100770
8780,99702
6949,98570
9457,98679
9446,98627
7670,98239
12937,99725
9276,99019
10726,99789
33624,106909
13577,100463
87752,121242
31377,105276
30180,105163
459531,206213
103989,125855
1777662,483381
2166371,593110
416668,215425
9332,100737
8768,98194
7334,97203
9833,98954
9003,98305
7578,97554
13369,99764
10196,98373
15418,99726
35119,106337
13404,97927
87880,119870
31857,105029
29813,104464
460114,204512
103504,125539
1771513,489667
2187274,606591
425434,217966
9083,100519
8745,99522
7122,99419
9709,100022
8991,98244
7962,98237
13253,100537
9483,98551
10567,99384
34889,106409
13698,99794
86233,120689
31501,104596
30971,105507
456683,206517
102961,125677
1770338,485173
2180881,608293
422023,215136
8040,100454
8459,99514
6994,99866
9459,98456
8902,98715
7872,98690
13357,99913
9279,99072
10651,99949
34769,106575
13703,104777
87533,124746
36663,104598
30442,104337
465185,205199
109745,126595
1774388,486646
2164331,620134
421346,225295
7939,100285
8039,98826
7322,98527
9642,99081
8561,98269
7329,97788
13166,100338
9578,99311
16053,100338
34790,106836
13867,100379
88560,119959
31840,104829
30405,104656
458893,205843
103800,124781
1774145,487313
2174083,605909
423892,216507
8324,99500
7961,99522
7637,98628
9414,98628
8670,98634
7437,98281
12969,100427
9223,99380
10132,97936
33974,105607
13574,99042
87106,120326
31527,105137
30257,104765
456297,206669
103622,125699
1770506,506067
2185796,606371
423869,216856
8521,101223
8556,99681
7739,99154
9726,98333
9133,97927
7804,98291
12432,99980
9721,98807
11004,98822
34165,107749
13663,100107
86929,120302
32305,104930
30873,104734
461565,205983
104612,127959
1779291,500237
2184118,616265
416525,216954
8219,100873
7995,99450
7538,98761
9403,100343
8493,98465
7740,98901
12732,101307
10818,99592
15383,101551
34878,107964
14296,99172
87755,120462
32237,105793
30468,105192
455607,206075
102768,126507
1766886,481391
2176336,601593
423125,216607
8567,100617
8349,99409
7012,98455
9693,98942
8656,97713
7132,98308
12606,99662
9385,98021
10071,98060
34367,106796
13350,99200
86352,120375
31531,105455
30289,105663
458551,206870
103690,125880
1786311,485179
2170133,603343
428124,216248
7550,99468
7961,99182
7199,98065
9275,99876
8817,98441
7432,97566
12576,98639
9694,98168
10512,99739
33942,105636
13638,99785
87002,119323
31587,105334
30281,103323
458969,206092
104232,127866
1789485,491452
2163851,596674
418790,216453
9172,99745
8511,98107
7362,98912
9523,98835
8512,98203
7488,97794
13229,98987
10238,98773
15226,102436
34379,106460
13718,99727
88170,119657
31381,104261
29520,105187
456057,207086
103654,126504
1778544,482786
2174770,611472
422728,213639
9011,100148
8302,99096
6965,98324
9454,99513
8842,99220
7422,98362
12568,101265
9467,98194
10444,99650
33967,107369
13654,100044
87234,121209
31665,105224
30317,105671
460524,205987
103696,126807
1771478,492460
2195119,611773
420133,215511
7956,100383
8277,98040
7256,97502
8999,104291
8912,98725
7141,102891
13217,100276
9554,103205
10726,98398
34170,106504
13526,99794
86290,119483
32261,104070
30634,105039
463985,206368
104108,131450
1785611,494495
2185781,618825
418576,222715
8649,100444
8053,99142
7115,98533
9637,98839
8437,98458
7417,98533
12733,99767
9734,98915
14967,101482
34744,106114
13601,99803
87243,121028
31853,105093
29845,103951
463660,205495
103435,125315
1779919,494019
2156224,604557
424920,217832
8867,98379
8005,98534
7375,98190
9119,98960
8639,98113
7278,97480
12911,99244
9592,98498
10050,97983
33797,107087
13211,99474
87128,118567
31440,104454
30113,105487
457090,205190
103457,125393
1770264,496332
2179172,611437
425004,217082
8765,99357
8155,98868
6717,98403
9159,99266
8848,99580
7263,97873
12503,99629
8992,97600
10064,97977
33655,105446
13993,99618
86572,121000
31630,104968
30428,104415
458604,204955
104448,124845
1783242,483362
2181410,602910
416470,217265
8008,101844
8142,99529
7550,99751
9624,99223
9249,98540
7455,97764
13240,100709
10037,99713
14984,107066
34400,106218
14217,100341
94076,120931
32033,105045
29963,105439
468530,207746
105386,127695
1768337,487525
2167970,625923
433581,216806
8392,108027
8250,98242
7769,98108
9592,99607
8702,97968
7151,97825
12810,100542
9511,99876
10512,99330
34201,106635
13525,99237
87247,120309
31521,105612
31587,105685
458226,204593
103751,126496
1778090,486239
2178051,601151
423053,216242
7442,101097
7834,99795
7686,99520
9109,98654
8989,98071
7416,97678
12461,99406
8907,98293
10305,98610
33206,107934
13941,100569
86453,120256
31663,104328
30081,105018
459645,207448
103642,126576
1784234,496326
2196836,602375
417385,219163
8076,100527
8987,98142
7140,99014
9526,100626
8695,99872
7326,98048
12527,100102
9585,98485
14659,101638
34470,106783
13464,100011
87030,120609
32305,105524
29788,105594
460591,205128
102809,125843
1776303,488065
2200072,608828
424438,218505
8685,102296
7991,99488
7000,98479
9046,101097
8356,98650
6999,98794
13140,100117
9538,98606
9768,99004
34434,107264
13500,100161
87303,121842
31364,105817
29830,106472
459584,208181
102745,128307
1770613,489128
2188813,605313
427514,218093
7759,100835
8306,99018
7214,100033
9352,98451
8944,98262
7092,97016
12534,99101
9537,98172
10290,98734
34066,105446
13576,99613
86640,120886
31371,105135
30514,105619
457950,206527
104093,128123
1794025,486789
2163532,599360
418594,215543
8243,102420
8083,98519
7681,98733
9586,99345
8883,98081
7892,97137
12638,99729
9871,98696
15018,100129
34752,106647
14483,98680
87193,119755
32662,105237
30239,104641
457237,206274
103239,126036
1783124,495887
2191175,616882
424628,217844
8656,100552
8842,98929
6771,99456
9497,99096
8706,98265
6890,98006
13263,100224
10120,98371
9879,99466
34470,106458
13984,99459
86711,120097
31409,104818
30264,104521
456872,205956
103699,126296
1782153,483135
2186935,608678
422566,217120
8705,101064
8228,100104
6922,98904
9014,99796
9259,100104
7547,97528
13066,100332
9761,98461
10395,99599
33937,107566
13921,100354
86129,119959
31847,104606
30953,105944
464476,207441
104772,126403
1771137,486702
2190842,612930
431112,217135
8346,101811
8163,98945
7590,103757
9523,98847
8486,98162
7528,97370
13129,99786
9630,98049
15485,101516
35014,106249
13610,100001
88435,119909
31496,105688
29759,104941
457181,205975
102818,125985
1788498,489794
2174965,609868
427891,215811
8540,99808
8152,99556
6932,98044
9782,98540
8315,98220
6782,98611
13099,99643
9423,98541
10462,99357
34754,107372
14158,99390
87499,120706
32061,104741
30902,104471
459786,206511
104511,126701
1782947,497022
2185897,603503
426808,217004
8365,99711
8804,99953
8226,98794
9283,99240
9323,98970
7398,99738
13056,99612
9572,98145
10998,100371
33768,105841
13772,100345
87438,120429
31886,105415
31338,104986
460568,206851
103075,126032
1772435,486170
2172894,607712
419261,216560
8051,100487
8070,99116
7625,98337
10304,99018
8501,97621
7750,98544
12517,100039
9769,99467
15219,106038
34523,107679
13672,105322
88129,125723
32224,106098
30344,104610
470294,205674
104290,126552
1792561,495521
2184987,617264
433711,215740
8842,101490
8556,99813
7478,98679
10597,99846
9765,98642
7292,98034
13027,100102
9430,98122
10549,99369
34620,107794
14341,98907
87994,120631
31415,105207
30567,105088
460539,205603
104102,126884
1778551,485660
2171934,597842
427308,214987
9121,100504
8856,99110
7146,98774
9575,99752
9422,98572
7954,97059
13135,99067
9548,98338
11044,98943
34642,106194
14341,98928
87346,120162
32077,105031
30955,104744
462794,205844
103957,125601
1786934,500841
2178353,602624
419543,216858
8679,100376
8723,99606
7780,99031
10085,99403
8017,99535
7660,99261
13071,100220
9616,99305
15159,101461
34311,107109
13712,100213
87828,120245
32366,106960
29780,105158
458791,205702
103009,126283
1789540,488756
2181742,603833
424779,218948
8342,100317
7787,98719
7162,98331
9083,99455
8584,98861
7422,98055
13412,100179
9544,98412
10422,98902
40143,107812
13083,99549
87176,119809
31461,110853
29819,104228
466729,204952
102608,132473
1787079,492688
2191918,619864
425364,223828
7638,99522
8288,98455
7313,98307
9405,100021
8414,98617
7835,98366
12974,100094
9573,97621
11110,99109
34465,105630
13738,99939
86601,121157
31369,104461
30267,104616
461562,207244
103687,125841
1805267,492942
2180839,602901
417382,215086
9042,100233
7942,98436
7172,98527
9950,99557
8560,97233
7458,97772
12704,99173
9345,98888
16087,101093
34206,106477
13264,100347
87212,119605
31852,105339
30049,105140
460555,206360
103426,125355
1773008,484822
2193160,611925
423489,214664
8154,99159
7826,99730
6618,98041
9719,99292
8974,98796
7336,97411
12877,101041
9630,98263
10537,99441
34621,106727
14026,99027
86833,119594
31145,105677
30250,105359
458999,204772
103368,126799
1779945,487700
2172136,605040
421692,216994
8096,101013
8413,100212
6958,99218
9298,98600
9179,98718
7308,98175
13428,101113
9943,98317
10790,99925
34222,106451
13648,100106
87068,120492
32157,105687
30252,105689
461666,205377
104360,126168
1794892,483582
2161106,603421
417533,214998
8030,100424
8286,98446
6841,98616
9749,99011
8713,98280
7470,97748
13013,100562
9705,99142
15384,102444
34075,106351
13871,100373
87173,120765
31635,105359
29678,105302
462421,205378
102272,126480
1779720,496883
2193545,605448
422624,217466
9096,101675
8224,99154
6615,98347
9473,99620
8335,98675
7392,98180
12965,101004
9626,99042
10488,100650
34457,107866
13913,100554
87157,120439
30943,105021
30518,105332
462908,207669
102936,127075
1780673,488366
2190535,607352
422126,217988
8014,101182
7497,99542
7083,99666
9175,100442
8701,100093
7465,99375
12438,101571
9595,98757
10328,99101
33995,106615
13372,99621
86350,124820
32429,105824
30121,105564
466890,205633
103755,126736
1770591,498283
2168924,630062
432575,213238
8679,110714
8490,99959
7818,104042
10066,99023
8733,99775
8061,98787
13369,100539
9691,98898
15560,101463
35284,107167
13690,100184
88114,121512
31634,105551
29939,105142
460129,213847
103054,125388
1775208,486413
2183310,609667
427198,217519
8549,99196
9118,100169
7553,98212
9824,99573
8792,98310
7629,98109
13856,100324
9422,98175
10210,98405
34220,105808
13642,100285
87424,119990
31562,104546
30003,104987
456794,206990
103159,126128
1761693,487801
2160448,604092
424179,216166
8221,101006
8795,98995
7911,98087
9638,98651
9315,98930
7715,100050
12795,99869
9752,98225
11443,98929
34320,106760
14520,100386
86591,121126
31780,104819
30754,104904
459818,206665
104247,126338
1777590,495045
2183943,616757
421284,216994
7984,101594
8188,99370
7714,98526
9567,101659
8387,99018
7878,98778
12646,101034
9843,100144
14985,102345
34780,107611
14033,100568
87784,120466
32055,106515
29983,105452
462268,208944
102721,127024
1785026,489874
2182633,608195
423463,216085
9141,99445
8640,99730
6947,98694
9484,99574
8573,99336
7661,98999
13275,99422
9230,98113
16200,100760
29241,105488
13673,99399
87977,120797
31013,105837
31767,105471
458323,204837
105194,125943
1772246,487709
2188075,605301
417269,216276
8675,100577
8111,98853
7349,100205
9675,99820
9116,99205
7492,98304
12654,100755
9390,98510
15435,102236
39763,107741
13721,99308
87303,120622
30592,111166
30351,105561
467691,205762
109323,127722
1772374,488969
2178503,623348
418990,223705
8148,100296
8003,99477
7319,98961
9416,100624
8902,99285
7467,98956
13188,100505
9307,99026
15594,101384
34579,107207
14008,100532
87096,120842
30357,105087
30746,105517
456806,206284
104324,126653
1771243,491396
2162851,598335
417286,214944
8727,100362
7537,98300
7338,99232
9907,99540
8761,98487
7006,98062
12260,100118
8605,98209
15025,101151
34886,107447
13740,100126
86735,121269
30812,105995
30347,105836
458367,205705
104522,126211
1786652,500719
2177987,607327
418734,214123
8570,101508
7525,99063
6602,98219
9399,99395
8838,99354
7320,98940
12434,99500
8985,98537
15434,100587
34265,106927
13229,100471
87161,120500
30343,105218
31477,105308
456560,207801
104386,126616
1769992,485600
2175244,604624
416903,213418
8300,99948
7406,98433
6923,99283
10078,100424
8822,99952
7788,99201
13061,100516
8993,100843
15533,102415
35047,100594
13864,96284
86723,122067
31049,105644
35597,106339
456767,205967
104514,128233
1767567,488333
2170089,609055
428478,214579
8871,101109
7116,105425
7243,103255
10344,98875
9411,98663
7452,98069
13247,100166
9295,98135
16067,100904
34807,106564
13959,99496
86879,120999
31092,104378
30867,106117
455290,206894
103891,126009
1778556,492605
2165764,610205
419657,215670
8994,100161
7789,98703
6963,98021
9913,99152
8826,98744
7482,98069
12994,99808
8741,99176
15456,101261
34601,106060
14342,102064
86645,121226
30963,106558
31442,105441
457624,206029
104024,128163
1785753,488335
2190366,606629
416532,214196
8076,101295
8452,99664
7196,98994
9485,99154
8697,98617
7373,98342
12965,100038
9253,98412
15585,101950
35008,107111
14202,101103
86805,121548
31280,105799
30765,106030
460430,206698
103468,127178
1772086,485225
2178340,613841
416485,215035
7986,99807
7427,98573
6650,98744
9403,99424
9042,97402
7178,97276
12780,99708
9296,98127
15130,100566
34043,106300
13260,98895
87124,120613
30245,105317
31057,104542
459158,205702
104001,127323
1762816,486101
2188299,610061
418386,220069
8266,101385
7731,99688
6925,99406
9317,98957
8958,99540
7932,97940
13141,99554
9315,99226
15422,101013
35088,107654
13397,99503
86722,120980
31651,105494
31689,105338
460883,212504
104040,125836
1777899,485083
2170634,612493
417269,217368
9015,98889
7471,98885
7069,98547
9818,99445
9210,99123
7138,98381
13067,101391
9016,99270
14979,101390
34486,106792
13312,100423
86542,122073
30323,104622
31292,105467
461214,206311
104433,124859
1780208,489420
2171508,604876
421234,215296
8238,99949
7854,98262
6547,99620
9690,100278
9091,99049
6969,97775
13268,100136
9212,98768
15133,101255
34287,107152
14220,99830
86926,121048
30983,104937
30570,105328
459561,205731
104518,126430
1781178,486763
2187456,598589
417207,215582
8446,100173
7637,99340
7143,99293
9364,100356
9589,99185
7421,97601
12887,100412
8987,98130
14850,101779
34268,106592
13334,99521
86605,120771
31066,104761
30831,105537
459148,201820
104027,125433
1769474,486171
2196261,597931
419075,215529
8812,101336
8808,99806
7388,99680
9690,104036
9354,99205
7381,97786
13350,100906
9951,104480
15708,101457
34812,107531
14025,100108
87341,121697
30792,105008
30973,105442
456447,213153
104228,127062
1783441,484136
2187588,617586
417063,216315
8435,101898
7835,98601
7233,99061
10190,100579
9395,99146
7265,98453
12700,101684
8779,99758
15034,100834
33964,106721
13118,100548
85984,121611
30560,105539
30606,105320
459870,206264
104089,126851
1791128,493542
2171841,604344
423582,216264
8379,100980
8058,99504
6988,100649
9867,99825
9118,98865
7588,99282
12919,101008
9311,98842
15228,101821
34606,107270
13545,100749
87299,120821
30962,104817
31216,104872
460798,205826
104442,125969
1777965,487510
2185040,603716
418680,217560
7453,101228
7463,99057
7406,99021
9656,100740
8822,99281
7232,99331
12838,101149
9141,98981
15192,102866
35882,107268
13415,100110
86652,121751
30679,104937
30682,105466
458830,206300
105446,127635
1775448,487342
2191463,603392
417000,217318
8562,102228
8140,100418
7467,99927
9953,100150
8750,104829
7582,98417
12684,101400
8803,99395
15164,101488
34744,107963
14469,100684
86958,121319
30489,105109
30976,106155
462590,214436
103478,126671
1781270,491322
2170018,595515
421065,217823
7895,101484
7586,98605
7146,99191
9401,100403
8893,98807
7594,98811
12988,100785
9153,98776
15730,102181
35000,106626
13588,98876
86378,120724
30169,104410
31427,97933
458214,205946
103548,125800
1787954,499440
2186842,612432
414522,214771
9063,100511
7663,98434
6716,99290
10275,99818
8995,99337
7626,98255
12980,100811
8999,99574
15362,100534
34611,107207
13548,100288
86916,121533
30804,104451
30465,105623
458086,206168
103509,126425
1778376,483607
2190304,608643
420071,214629
8048,100558
7424,98976
6642,98953
9281,99643
8608,99733
7577,98250
12877,100323
8922,99384
15385,101579
34677,107161
13404,99661
86888,121530
30152,104756
35130,105199
462565,206531
104659,128420
1778004,483751
2203199,608511
429348,217860
8273,100845
7893,104939
7333,105129
9514,99605
9034,99456
7004,97656
13115,99899
8733,99000
15059,101274
33809,106897
13074,99297
86318,121585
30281,106637
30425,106011
458001,205871
104298,126414
1784790,485806
2174421,605341
418668,216565
8179,100085
7259,98237
6957,97938
9985,98930
9703,98228
7574,97666
12947,100021
9357,98484
15718,101818
34326,107242
13603,100010
87427,121176
30574,105124
30151,104271
461102,206164
104101,126324
1782894,498893
2172335,601522
416031,215619
8076,100602
6957,98822
6816,98861
9337,99589
8987,98368
8159,99038
13196,101302
9088,98847
15314,101785
34238,107468
13792,100279
86869,121116
30826,105830
30687,107614
461239,205519
103794,125704
1778113,490191
2198366,605167
416960,213679
8282,101965
7494,99330
6875,99426
9881,100629
9344,100259
7404,98792
12718,100878
9348,98289
15464,101196
40501,106516
13788,100377
86999,121031
31495,111089
31164,104808
466253,207553
103852,132673
1780349,494584
2187230,618287
416382,224736
8404,100202
8105,99553
6946,98593
9733,99905
9514,97750
7197,98968
12551,99725
8643,98862
15370,100065
34926,106115
13843,100209
87860,121863
30431,104732
30596,105297
462543,206372
104959,127064
1785290,485429
2169976,599024
417850,216451
8538,101084
8059,98692
7563,99341
9387,99266
9133,99260
7281,97890
12283,99862
8923,99617
15622,100818
33916,106231
13598,99739
87115,121536
30084,105145
30442,106018
463513,205929
103968,126655
1779079,488319
2180337,601907
420134,214847
8530,100294
7723,99103
7317,98895
10181,99005
9236,98254
7178,97890
12230,99791
8862,98914
15331,100210
34365,106320
13350,99634
86819,121393
30251,104547
30941,105036
461329,207337
103843,125397
1766697,490365
2190003,602641
418525,217589
9227,100468
8169,98718
7044,98408
9748,98691
8940,104888
7381,97707
12746,101302
9031,97983
15287,99861
34961,105762
13461,98921
86419,120805
30620,105019
30702,105625
458212,203833
103406,124361
1786563,485202
2183097,606046
417970,216744
8565,100819
7590,99276
6749,98508
9560,99017
8991,98332
7772,98095
13456,99512
9395,98198
15313,99651
34084,106593
13341,98781
86968,121698
30293,105420
30365,104965
457374,201090
104927,116405
1772296,501739
2191144,603675
419005,216564
7828,101091
7671,98221
7146,98874
10118,99638
9684,98931
7649,97957
13141,100007
8716,98421
15426,100105
34661,106870
13454,98902
87493,120855
30650,105157
30895,104072
462361,206952
104785,127032
1785150,486632
2182645,609787
414903,215902
8134,99826
7340,98959
6712,98683
9381,98894
8858,100559
7215,98801
12848,100745
9053,99232
15523,100913
40082,107739
13404,99795
86569,121546
30375,104487
30778,104739
466795,207482
105001,126990
1783654,486484
2166976,613748
416033,215528
8319,101473
7521,98552
7531,98478
9905,99253
8851,99703
7138,97462
13105,100673
8765,98340
15351,100897
34724,106270
13210,99140
86691,120749
30950,105054
30212,104956
465305,205197
103908,125350
1796100,490928
2177505,603318
420466,218227
8322,101830
7899,100874
7664,100636
10122,99869
9533,99916
7403,99538
13848,100733
9739,99225
15873,101420
34908,107684
13509,101390
87387,122369
30694,105642
30575,106684
459947,207592
104318,126294
1781867,488857
2193024,603680
416410,216491
8398,99854
7295,98171
7402,99920
9393,100140
8581,98939
7509,97611
12930,99813
8976,98108
15685,101461
34558,107066
13111,100717
86895,121362
30539,105406
30201,104277
460034,206521
103720,127141
1785118,498921
2165456,609153
428135,216282
8177,107678
8605,99006
7914,98357
9384,99575
9113,98661
7325,98640
12792,99493
9280,98705
14980,90818
34257,106052
13069,98474
87272,119883
30600,104918
30470,106128
458592,206269
103156,124241
1781306,483721
2164328,604102
418429,216518
8353,99631
7975,98839
6722,98482
9403,99703
8655,98246
7050,97477
13024,100422
8819,98639
15933,101003
34005,105896
13544,100168
86569,120754
31233,104495
30647,104440
459848,206251
104780,125753
1782064,483428
2194376,602630
417996,215352
8277,100527
8106,98802
7153,98397
10305,99049
9770,98929
7750,97768
12661,99969
9053,98606
15198,100487
34856,107248
13198,98833
87538,120983
30710,104622
30974,105277
458136,207066
104024,126478
1773415,496989
2182362,611166
417803,214053
9304,99137
8360,98531
7951,99377
10177,98874
9101,98646
7328,98457
12819,100412
9235,98356
15543,100753
34539,105767
13313,98956
86255,121111
30857,105209
31131,99072
461000,206537
103469,125574
1785357,490140
2163135,602609
419237,216622
8617,99917
8330,98107
6781,98885
9501,98150
8952,98858
7143,97028
12965,99812
8958,98183
15375,101523
34529,107712
13396,98986
86288,120505
30749,104654
30373,104483
461063,205031
104026,125359
1782191,496236
2182145,604368
416950,215557
8672,99667
7805,98982
7636,98744
10602,99436
9303,99428
7394,97678
12752,101049
9115,98864
15380,101003
34904,107103
13401,100183
87426,121316
30670,107005
30961,105810
462331,205635
103945,125913
1767841,486926
2194825,602836
417278,215619
9158,99863
7994,98203
7333,99519
9581,105422
8936,98038
7402,103072
12560,100169
8903,97982
15683,100800
34390,107057
14128,100173
87043,120286
32072,105341
29754,105444
459875,213358
103346,126081
1786739,486754
2176865,605937
426445,218024
9291,98426
8377,97749
7341,98237
9696,98429
8901,98277
7406,99214
13354,99935
9313,97960
10626,98270
34436,106623
13967,99333
87864,120334
31108,105561
30445,105143
458624,207202
103263,125633
1784413,501887
2194671,613955
423188,215851
8686,100023
9045,100001
7665,98341
9594,98703
9102,98676
7506,98611
13092,100774
9836,98778
10760,99159
34275,107072
14302,99870
86857,118810
31989,103794
30742,104528
462250,206091
103697,127828
1789109,484085
2187320,604792
419837,217330
8571,102255
8789,99912
7626,98846
9763,100592
9030,99216
7291,98714
12700,101690
10663,98725
15528,101704
34229,107334
14330,99365
88490,120689
32031,106155
29981,105556
468568,207046
103178,126066
1784737,498765
2176132,624821
435746,219144
8275,100128
7996,99307
6574,98716
9256,97939
8666,98013
7185,96700
14412,99825
9376,97901
10220,98279
34642,105983
13234,99755
87237,119873
31386,104718
30712,105812
462271,205469
103794,125562
1792627,487701
2185880,596638
420474,217892
8909,100958
8396,98164
7621,98445
10062,98040
8946,98619
7785,98348
13358,101141
9474,99419
11001,100586
34416,106605
14134,99880
88000,120003
31472,104697
30448,105333
465413,205292
103155,126548
1790571,488339
2178881,606946
418618,216585
8099,100856
8191,100664
7596,98427
9758,99477
8824,98840
7851,98754
12914,100170
9864,100330
15578,100272
34610,106876
14518,99597
87242,121353
32224,105297
29921,104841
459692,206694
103771,126500
1774545,492128
2195428,608784
423334,216636
8654,100649
8581,99174
7311,97994
9582,99765
8803,98136
7248,98288
12729,101099
10096,98163
10199,99157
34372,106979
13700,98831
87178,121084
31158,105405
29992,105000
457757,205692
103067,126353
1775653,486830
2189378,614042
421886,217427
7955,100739
7693,99700
6728,99391
9225,101592
8660,100456
7131,99236
13126,101585
9375,99689
10413,104466
34451,107803
14252,100833
86795,121688
31735,105193
31018,104905
461331,207684
104529,128311
1764804,491645
2181136,611774
431349,215964
8508,101162
8084,105935
7691,99613
9172,99807
8674,97947
7575,97970
13176,100781
9586,99011
15667,101911
34849,106454
13864,99908
88826,120444
31951,106475
29774,104533
459996,210229
103497,126279
1771104,491466
2179874,612590
425063,215110
9122,100132
8596,99293
6848,97670
9983,98714
8537,98223
7536,98196
13439,99258
9645,98006
10521,99413
34535,106461
13907,99215
87112,119949
31487,104900
30510,104102
458360,205928
103852,126956
1774667,491551
2180433,606051
424350,214794
9184,99204
9275,98730
7441,97633
9559,99403
9204,100481
7956,97383
13053,99683
9236,98140
10588,100451
34335,106329
14062,99505
87678,121119
31675,104473
30835,104872
462027,204855
104210,126051
1783986,487007
2165984,606734
420361,216267
8067,101114
8242,99373
7775,98522
10098,98538
8623,98289
8039,98110
13006,99736
9510,98840
15452,100912
35038,106809
13926,100358
87671,120869
31882,105738
30281,105231
462506,205072
103260,126412
1779672,486894
2182130,606143
426434,217136
8266,99740
7886,99487
6768,98264
9512,98937
9192,98043
7081,98386
12657,99485
9802,98515
10820,99449
34529,106546
14208,99463
87443,120446
32296,104988
31593,105419
458874,205012
103966,125468
1767541,486023
2187646,605330
424166,217104
8606,100454
8940,99090
7579,97705
9140,99473
8882,99082
7833,98398
13016,100364
9546,99632
10847,99158
34357,105789
13886,99976
86816,122127
32000,106535
30461,105239
460095,206281
103718,126626
1781900,484442
2191196,606232
417334,216621
8330,101485
8426,98862
7342,98829
9256,98381
8972,98896
7132,103719
12495,100285
9696,105800
15138,100650
34685,112458
14522,99476
87364,120482
31964,111801
30416,105104
469547,205235
108266,126850
1774114,487972
2172078,611648
425748,220433
7891,102117
7853,98145
6865,98411
10077,99890
8671,98816
6735,98254
13326,100575
9428,98581
10469,99214
35084,106726
13281,100292
86731,121164
31164,105438
30220,106120
459675,205565
103432,126511
1770733,486855
2183701,602989
425562,216102
8010,99192
8224,98878
6849,97769
9264,98588
9287,98035
7571,97391
12610,99304
9594,98121
11095,99419
34534,104603
13959,98633
87159,119780
31889,103901
31497,104203
462235,205130
103905,124761
1784389,493394
2167053,600320
421957,215054
8378,100620
8641,99524
7646,97784
9673,99349
8925,98398
7647,98226
12740,99761
10052,99272
15103,100445
34542,106333
13821,99310
87603,119549
31756,105058
30481,104528
460395,205838
103222,125838
1773451,496796
2185031,610846
425924,216960
8473,101047
8216,100270
6874,97575
9772,99382
9004,99140
7389,98880
12969,100506
9769,98412
10184,98755
35228,105948
14145,99867
87734,121610
30997,104718
30723,105609
457779,206539
103054,125617
1768347,485839
2181181,610375
425152,215979
8226,101175
8268,99671
7173,100106
8852,98335
9206,99170
7222,99355
12629,100254
9410,99160
10313,99624
34056,106747
14137,99825
86432,121714
31267,105329
30285,106093
460257,207872
104212,125764
1782838,494174
2187219,606462
421232,214627
8211,99940
7929,99244
7593,98346
9403,99724
8670,99506
6894,98798
12471,101598
9974,99083
15495,106136
35619,107807
13564,100434
93105,120905
31101,105334
29808,105614
461806,205707
103906,126375
1756135,486924
2170347,616965
437936,218086
8499,101903
8237,104579
7104,102923
9643,99279
9119,98575
7229,98580
12863,99756
9313,98991
10340,98784
34262,106650
13393,99516
86751,119980
32324,104516
30210,105578
455582,216015
102788,126046
1777876,495543
2175889,602548
423973,214779
8396,100326
8617,99351
7288,99026
9213,98800
10273,100092
7559,98779
13038,100052
9501,98536
10888,99132
34341,106861
14022,100714
86776,120994
31904,105490
30588,105418
458868,205476
103550,125681
1792416,488502
2166268,603284
420124,218783
8408,101229
8070,99218
6785,98530
9401,99933
8303,97668
7436,97838
13181,100232
9766,98307
15783,100986
35137,106756
13694,99527
87731,120532
31953,104872
29479,105938
453859,205024
103353,127090
1777261,494265
2182485,606997
426148,214128
8213,100601
8062,98873
6594,97785
9539,98656
8803,98132
6860,97341
12987,100384
9924,97957
9879,98612
34132,105959
13218,99201
86781,120453
31644,104304
29585,104710
457941,204161
102853,125369
1773094,491411
2189472,611371
426015,217428
8635,100147
8830,99070
6971,97862
9124,100140
8709,98289
7399,98625
13366,99579
9430,99106
10885,99702
34482,107003
13795,100385
86545,120678
31416,105671
30801,105323
457030,206028
103303,127239
1784198,491704
2186271,603683
418596,218150
8586,101376
8154,97535
7010,98146
9666,99172
9427,99034
7467,98056
12245,99601
9957,97846
15564,101308
34493,106657
13943,99524
87575,120979
31725,105901
30612,105070
459941,207003
102796,124006
1767596,490245
2196706,611024
420525,216030
9125,101058
8113,99299
7736,98923
9348,98973
8896,99174
7400,98124
13501,99368
9580,103451
10081,99272
34847,113686
13935,98224
86947,121291
31475,105015
29673,105100
465170,205211
103297,131635
1783147,490344
2179393,620888
426520,223984
8398,100131
8547,99475
7041,97944
9940,98422
9521,98495
7448,97436
12872,99984
9444,98486
10808,99146
34090,106375
13777,98510
86422,119089
31431,103790
30605,106020
457834,205750
103350,125162
1776581,486492
2181106,603369
421693,216803
7954,100540
8839,98970
7725,98406
9762,99038
9042,98582
7540,98385
12532,99190
9465,99030
15042,99421
34747,106299
13579,98941
88400,120440
32029,105154
29626,104780
456989,207010
103035,125921
1777950,493127
2182586,602572
423688,215363
8503,99393
8323,98062
6364,97392
9320,98404
8470,98063
7223,97268
12704,100413
9237,97245
10341,99282
34357,106855
13579,99921
86701,121546
31168,105314
30464,104257
457972,204687
103149,125236
1780265,496368
2196282,606952
423980,216493
8376,100034
8493,99211
8020,98112
9134,98577
9070,98332
7418,98633
13186,99603
9592,98497
10970,98457
34079,106668
13926,100346
87408,119852
33222,105381
31156,104525
458049,205830
103700,126765
1789663,488205
2185821,606803
416844,216519
8952,102069
8112,99724
7527,98834
10030,99288
9293,98743
8442,98710
12744,101264
9737,98194
15127,100552
34254,107347
14222,99691
88864,120472
32294,105047
30122,105333
459120,205218
103566,124968
1786710,486330
2193456,604178
424864,215713
8982,100055
8496,99510
7717,98032
9488,104893
8878,97668
7496,102991
13249,104511
10127,104561
10609,98258
34630,106188
14113,98605
109283,124845
32090,104980
31279,104068
468591,206209
101838,131255
1780727,487939
2163006,615204
425791,223096
7940,100811
8210,98667
7458,99839
9465,99225
8698,98470
7684,98227
13211,99944
9118,98442
10720,98910
34341,105683
14042,99696
87319,121152
31814,104644
30537,104480
458820,205580
103628,126431
1778307,489834
2163924,602287
419511,215038
7905,101731
8397,98949
7217,97651
9808,99942
8876,97875
7411,98699
12904,100046
9483,98314
14853,99874
34378,105703
14437,99701
86607,121451
31179,104326
29894,104803
459909,205125
103448,126640
1785238,499120
2187956,610729
428431,216492
9423,99904
8498,99314
7460,97520
10589,98884
8953,97379
8263,98257
13131,99896
9944,98200
10161,98218
35393,105905
13813,98939
86311,119485
32327,104491
30062,104828
459730,204118
103032,125141
1772828,489079
2198550,611189
419411,216294
7934,99749
8433,98926
7685,99069
9205,98215
8738,98235
7395,97923
12970,99764
9399,97663
10416,98003
34433,105949
13546,99380
86933,119839
31944,104343
30502,104306
463458,206100
104365,125597
1783544,485812
2175006,614354
434938,215658
8925,108215
8558,98137
7504,98178
9461,99707
8377,98046
7646,97940
12683,100257
9260,98686
15196,100214
34509,107088
13355,98758
87774,120170
31716,104216
29852,105042
460787,205758
103707,126489
1789992,489009
2176319,604121
423631,216368
8573,100717
7918,99658
6556,98806
9478,99942
8019,97658
7270,97532
12940,99438
8872,98141
9816,98646
34443,106747
13461,99242
87659,119819
31639,105344
30449,104698
461211,207330
103758,125977
1779585,501074
2190491,603343
424462,218571
8817,100197
8858,101031
6898,98666
9386,100446
8609,99582
6955,97418
12752,101049
9290,98687
10521,99235
34068,106817
13687,99902
86914,120407
31561,104740
30701,104373
460641,206311
104452,126056
1787150,488626
2198795,606703
417999,215592
9065,100553
7665,98545
7583,99760
9472,100051
8017,97939
7617,98780
13011,100068
9404,99559
15272,102147
34334,106466
13325,99574
87486,120201
31962,101629
30183,104739
459415,205131
103587,126987
1767681,487885
2174378,609699
433658,216703
8017,108102
7987,99275
7058,98667
9536,99717
8696,98776
6803,97715
12805,99698
9210,98419
10012,99362
34238,106582
13667,99575
86882,120896
31971,104353
30168,104751
460961,205206
103548,125896
1776981,483930
2169594,606183
426505,215370
8563,99755
9137,98453
7368,97950
9276,98832
8790,98261
7061,97574
12745,100194
9414,98559
10580,98851
34711,106481
13627,98885
86040,121238
31196,104441
30595,105046
460429,205000
103665,125188
1789815,498208
2187270,606434
418442,214727
8897,100940
8178,99515
7663,97801
9555,99103
8617,98216
7704,98026
12616,99469
10248,98220
15385,101132
34878,107096
13614,100524
108853,124570
32795,105504
29960,105032
461675,205756
103422,126400
1773641,490285
2192746,605299
422961,214702
8213,100962
9574,99421
6578,98104
9882,99443
8489,98172
6909,98206
13353,101329
9513,98129
10597,103976
34845,107019
19396,100194
91797,120633
31701,104403
30250,105400
468272,207196
103347,128118
1777937,486785
2171850,613192
427316,218874
7585,100216
8380,100160
6988,98246
9395,99352
8826,98442
7589,98865
13118,99753
9480,98221
10304,98484
33877,106360
14230,100265
87129,119190
32155,105183
30052,103793
459045,204981
103957,125015
1783605,485016
2165889,612505
420746,214380
8700,102740
8353,99177
7130,99028
9329,100097
8593,98687
7246,98045
12072,99725
9719,99120
15034,100974
34308,106966
13956,100022
86818,120345
31170,105206
29667,105157
456928,206120
103395,126343
1787809,497042
2182165,604025
424889,216733
8507,101033
8590,100164
7054,99054
9382,99649
8296,99445
7681,99420
13131,101329
8995,99616
9852,99361
34707,106937
13762,99716
87127,121184
31409,105071
30536,104279
458402,207393
102689,126419
1774933,486026
2185457,611409
425043,217218
8177,100027
7837,98978
7474,98511
9473,99271
8758,98297
7209,98007
12972,100733
9187,98857
10070,104358
33829,106701
13416,98343
86251,125562
31861,104617
30460,104149
465512,206531
109431,127353
1787389,495528
2164066,613890
418943,223880
8551,100896
7734,98905
7108,98617
9544,99102
8517,98766
7465,97718
12980,100183
9616,99248
15430,101001
34888,106937
13746,100035
88076,120280
32111,105392
30075,104212
461739,204406
103906,124144
1783933,489210
2179625,601717
424770,215554
8835,100794
8064,98803
6658,98515
9355,99486
8660,97508
7097,97688
12881,100152
9423,97805
10730,98919
34328,106906
13776,100329
86581,120611
31473,104228
29923,104535
461476,206866
103012,125491
1780781,487356
2191752,602424
425744,215884
9008,101445
8194,98541
7479,97919
9453,99043
8723,98394
7598,98330
12997,99907
9091,98916
10383,99505
34040,106491
14499,100390
87279,120771
32116,104983
30216,104063
459791,205473
103324,126006
1784485,487980
2196987,607721
418347,214500
8015,101283
8023,98901
7596,99043
9706,101457
8562,98697
7781,99104
12639,105767
9648,99499
15198,100628
34473,110986
13798,99375
87895,121208
31919,104733
29531,104135
464870,207247
103242,131775
1786474,486093
2168820,613019
426454,223169
8396,100649
8645,99972
7582,97392
9252,100110
8312,97818
7218,98591
13522,100443
9283,98260
10410,100205
34626,107516
13746,99041
87803,120786
30944,105485
30433,105277
459250,207665
102680,126157
1777234,484748
2158216,611095
426851,216256
7573,100675
8382,99186
7013,99462
9130,100147
8770,99513
7652,99309
12879,100321
9561,99466
10832,99447
34133,106755
14568,99209
87355,120856
31722,105301
30984,105632
459043,207965
104073,125523
1781958,486913
2179427,603205
417601,218483
8926,101062
8751,99599
7444,98879
9782,99968
8725,97740
7877,97406
12991,100747
10053,98901
15584,101597
34828,98126
14603,100154
88048,121317
31935,106133
30381,105320
463731,204872
103379,125757
1779022,491030
2192660,604586
424843,217906
8134,100765
8164,99727
6330,98205
9072,99144
8474,97735
6854,97161
12597,100922
8785,98456
16144,100048
29524,104630
13091,99249
88021,120617
30779,104637
31470,104740
459768,205606
104284,126014
1787870,491252
2175275,607178
418740,215459
8672,100951
7671,98103
7094,97701
9636,100122
8892,98180
7250,97744
12629,99904
9506,97350
15281,100318
34494,106587
13452,98938
87014,121701
30994,105513
31005,105543
458958,208126
103822,125989
1788607,503079
2192182,607129
421315,217696
8366,100051
8180,98948
6985,98303
9609,99594
9311,99995
7215,97688
12248,100819
8739,100123
14857,101326
34434,106806
13499,100307
87278,120914
30671,105776
30942,105233
456855,205034
103371,127056
1779337,488863
2192295,608050
416156,215789
8297,100605
7795,98973
6682,99574
10107,99297
9022,98392
7506,98312
12882,100698
9126,98630
14790,107270
33909,107252
13465,104788
86658,127341
31415,105770
30521,105922
471757,206156
110146,128126
1777563,490057
2171071,618764
415867,222598
7711,101002
7633,98622
7269,97893
9824,99408
9244,98526
7683,97383
13060,100255
8982,98567
15293,100848
34773,106840
13524,99408
86923,121141
30475,105206
30143,105518
460889,204746
103519,124624
1797419,486890
2171120,597166
422963,215420
8299,101271
7582,98740
7566,98714
9667,99728
9417,99299
7090,97598
12650,100443
8946,99016
15653,101085
35116,106827
13309,99824
86735,122290
30445,106550
30714,105811
459124,205878
104064,127093
1786021,484867
2191743,607866
418127,215623
7817,100902
7457,98827
7257,98499
9656,98823
8671,99298
7539,98991
12311,100046
8940,98239
15008,100793
34770,106809
14105,98959
86677,121445
30184,105237
30484,104626
459163,205971
104080,125212
1777584,483181
2193587,611937
418536,219540
8365,100821
7988,98914
7376,98518
9959,98928
8948,100853
7287,98427
13033,100261
9173,99762
15640,101139
34679,106400
13276,99110
86675,121328
30543,104773
30383,105726
457466,215551
103390,126601
1785596,488440
2188882,600359
417290,215668
9090,101215
7587,98185
7498,97782
10207,99381
9017,98940
8012,98238
13146,100361
8489,98502
15405,101124
34501,107118
13430,99916
86029,120556
30445,104613
30294,104899
462561,206485
103904,126044
1790065,490021
2178870,603792
416654,218169
8378,101590
7743,100593
6934,99402
9437,99747
8710,99293
7315,98800
12684,100602
9071,101018
15232,101954
34284,108449
13412,99831
87444,121027
30677,105774
30527,105552
461323,205375
103178,127211
1776719,487846
2189133,604088
416798,212553
8570,99656
7841,99855
7193,97686
10073,99294
8815,99516
7763,99089
12894,102268
9510,99785
21548,101670
34730,106974
13049,100480
93459,121473
30684,105944
30460,106037
470797,206272
104321,127106
1789971,488471
2168361,613715
428369,217191
8601,100409
7665,99113
7427,98492
10155,99633
8916,99058
6994,98693
12760,99952
8703,99239
15327,100617
35411,108006
13902,100474
87324,121525
30373,104345
31072,105677
465715,206588
104181,127686
1786088,488572
2175093,607785
417543,219129
8219,100229
7651,97734
6590,98560
9568,100206
9267,97912
7437,98052
12535,99951
8657,98252
14998,100845
34479,106662
13559,100474
86646,120312
30465,105419
31345,105685
462300,207803
104595,126920
1792819,487729
2190849,608407
418265,215737
8242,99867
7701,99432
7723,98578
10115,100333
8776,98670
7577,98138
12726,100987
8934,100042
15011,101786
34905,107209
13306,101290
86758,121030
30371,105611
30639,105172
460723,206418
104484,127992
1768167,492779
2183254,607093
418960,215983
8666,100746
8449,98923
6774,99877
9572,101078
9551,98647
7731,99368
13064,101584
9056,98514
15548,101505
34966,107835
14041,100768
86599,121471
30611,106259
30771,105468
459165,206992
104355,126045
1780299,490223
2190042,609536
415930,216751
8652,101093
7899,97916
6710,97933
10051,101573
8781,99728
7696,99421
12839,101479
9208,99511
15382,101759
35147,108420
14008,99943
86888,122098
30283,105466
30872,110207
458086,205309
104690,125662
1759410,482634
2178310,610890
418305,216760
8228,102275
7958,99058
6973,97988
9929,99621
9593,105032
7507,97311
12861,100469
8844,98881
15454,100112
34655,106764
13644,98667
87192,122140
30998,104761
30986,104746
465530,206918
104631,131556
1762202,490431
2169603,616545
418557,220817
8912,99527
7544,98363
6761,98025
10134,99143
9240,99539
7303,97445
13023,99519
8664,99271
14977,101340
34879,106200
14226,99229
86752,120791
31261,104337
30936,104680
460582,204883
104393,126490
1776355,495864
2181911,604736
418065,215529
8889,100941
7350,98121
7233,98587
9785,98870
9021,98385
7158,96521
12859,98976
9035,99389
15786,100568
34691,107286
13227,99498
87320,122462
31012,104750
30637,105342
461147,205899
104140,125472
1779048,492157
2175942,610549
418298,216308
8428,100340
7472,98661
7698,98083
10450,99581
8810,98368
7459,97122
13228,100267
9263,98311
15493,101632
34247,106230
13845,99098
86847,120369
30651,104744
30374,105183
457995,205512
103915,125065
1759481,497905
2191881,617182
418097,214497
8335,101174
7344,98950
6675,98499
9590,99483
9782,99209
7268,97460
13270,100795
8801,98644
15255,101343
34305,106400
13396,99718
87524,121809
30376,105328
30604,98322
459777,204463
104100,125542
1786721,495258
2181064,603612
419191,215063
8479,100984
7757,98368
6984,98926
9993,100545
9050,99638
7155,98321
12757,99508
8647,98915
15656,101535
34565,106017
13456,100462
87568,121029
30514,105860
31084,105216
456063,204744
104018,126332
1769856,488630
2185291,613245
418017,218263
8643,101575
7281,99117
7337,100184
9848,101237
9332,100680
7706,98891
13038,100919
9056,100162
15937,101101
34887,108965
13785,101583
87118,121674
30826,105598
30584,109704
459884,206699
104470,126274
1759315,485466
2168482,605207
429296,216668
7852,100444
12197,99631
6784,99593
10094,99819
9694,99379
8023,97864
13015,100811
9118,99393
15724,102411
34157,107941
13516,99761
87306,121070
30946,104981
31422,105006
458613,211653
103702,126887
1772906,486942
2166937,606523
415806,215999
7519,101489
8319,100120
6883,98807
10018,100483
9002,101023
7590,98870
13539,99113
9441,98489
16077,101647
35007,106188
13606,99736
86830,120245
30399,104696
30856,104165
458446,205515
103289,126303
1773570,488920
2173534,610351
417754,213695
8099,100166
7521,99216
7415,99620
9968,99977
9117,100073
7211,99090
13090,100423
8598,98898
16064,101970
34683,108438
13244,100763
86192,121150
30594,105409
30457,106055
456317,206477
104905,126359
1773850,496423
2186682,606529
420319,212596
7693,100099
7508,98938
6958,98176
9524,99443
9040,98996
7511,98062
13440,100614
9170,99177
15370,100765
34973,107183
14114,99261
87191,120333
30907,105244
31276,103865
458290,206427
104585,126980
1767090,488413
2189403,598293
417847,214653
8510,98668
7900,98706
7086,98356
9883,99969
8734,98446
7390,98383
13129,100664
9228,98765
15279,100917
34157,107195
13385,99716
86787,121451
31089,106366
30751,106750
459807,207022
103447,126941
1762932,491182
2187057,606918
416971,215775
8317,98953
7483,98721
6913,98716
9434,99432
9977,98395
7659,98598
12408,100182
9013,99181
15568,101576
34659,107447
13708,100729
86961,121410
30487,105205
35613,105590
460946,207272
104572,127131
1762413,491980
2169606,605163
417016,214081
7890,99749
7915,99049
7355,99147
9898,99027
9359,104704
7501,96805
13030,100427
8673,97969
14788,100165
34442,106330
12991,98721
86886,119443
30826,104037
30748,103671
458427,212999
103533,125944
1772479,492329
2166322,611292
418436,215484
7798,99581
8066,98898
6861,97714
9587,99561
8894,97973
6925,97973
12396,99831
8873,98587
15574,100475
34579,106818
13884,99442
87075,121231
30935,104267
30867,103907
455578,206305
103795,125862
1775615,485868
2171338,600206
417313,218348
8234,100665
7323,99703
7402,99452
9391,100408
8701,99253
7313,98233
12975,101201
8693,99571
15428,101220
34501,106149
13559,100809
86980,122208
30743,104716
30229,105350
458021,206285
104889,126816
1777507,497473
2180336,606404
416398,214494
8820,100350
7977,99517
7410,98901
9999,98037
9706,98902
7015,98455
12241,100179
9222,99222
15413,100653
34180,106660
13313,99722
88000,120000
30524,105250
30776,105015
460364,205375
104121,126373
1766776,485111
2194405,606679
419234,213266
8425,99284
7590,97920
7960,99147
10528,98675
8823,98598
8071,97175
13152,99636
9360,98304
15230,100685
34664,106307
13634,98426
86896,120949
30933,104715
30815,110602
456234,205211
104691,126625
1761561,481330
2172820,608397
427220,215839
8434,101091
7724,105186
7606,104087
9931,100016
9259,98461
7687,99261
12965,101992
9431,99052
15686,100730
34038,108162
13105,100447
87027,120777
31013,105109
30877,105466
458258,208361
104037,126982
1770593,488800
2176409,603092
419654,213164
7722,100109
7831,98530
6840,98286
10059,99671
8783,98433
7381,97550
12615,100269
8957,98937
15117,100794
34760,107066
13586,99612
87451,121231
30522,106224
29856,105042
457447,206638
104650,126240
1776139,490218
2160802,607405
420089,215758
8584,101171
7428,98981
7065,99583
9894,99592
9108,98312
7715,98067
12990,101099
9275,98664
15050,100946
35683,107093
13852,99140
88036,120324
31130,105351
30867,105176
461064,204298
104961,125466
1771603,492733
2172517,607182
418109,217213
8469,101893
7554,98723
7258,99494
9646,100494
8697,98970
7390,97978
13091,100960
9378,98302
14874,101090
34540,103055
13957,96742
86587,121687
30324,105399
30457,104766
457763,204373
104196,126148
1775579,486327
2170677,607084
418216,212603
8204,101887
7825,98664
6555,98533
9647,105839
9529,99109
7199,102429
12908,99807
9608,103291
15690,100233
34554,111773
13994,98892
86800,120536
31127,103913
30484,105177
466562,205483
103288,133323
1784626,489992
2170966,616518
419273,223830
8072,100241
7840,98824
6621,98018
9667,99619
9088,99159
7410,98082
12722,99875
8963,98214
15693,100992
34548,106438
13447,99911
86876,119993
30720,104676
30624,104544
459016,204962
103707,126317
1780383,490324
2164724,597738
417048,218090
7798,99323
7305,97422
6954,98383
10191,99653
9007,99143
7667,97334
12991,100346
9155,99066
15440,100584
35226,106677
13796,100173
87812,121014
30590,104333
30906,106023
459097,205843
103896,126580
1775112,490372
2172388,601132
417795,214178
8691,100168
7706,99040
6806,99508
9822,100752
9374,99156
7280,98243
12674,98588
9086,98994
15460,100898
34687,105556
13847,99092
87427,121201
30745,105216
31420,104997
458688,206688
103835,126944
1766576,483731
2174604,607496
417186,217585
9048,100474
7051,99362
7364,98649
9686,100149
9236,99100
7320,97463
13046,100423
9291,99473
16003,100715
34553,107853
14389,99277
86788,127103
37413,104972
30827,104609
466497,206712
110281,128036
1777499,487803
2169778,616874
426091,225240
8870,99057
8155,99141
7009,97719
9725,98278
8481,99035
6883,97068
12691,99837
9341,98778
10657,99302
34347,107041
13647,98432
86326,120107
31098,105541
30217,105345
457648,206390
103192,125941
1777857,491977
2174776,609255
425600,218192
8684,101581
8951,100932
7502,99024
9549,98683
8979,98305
7492,98196
12643,100300
9365,98679
10806,98955
33546,107091
13868,100342
87400,120067
31859,104906
30336,104398
456678,205224
103977,125647
1785971,504060
2196968,608774
420482,215850
9061,101309
8195,100807
7332,98880
9311,100200
8635,98976
7365,98163
12561,100693
9092,98749
14956,101442
33907,107394
13633,100660
87512,120814
31861,106221
30020,105519
460996,205714
103368,127428
1782805,489867
2180196,614226
422634,215388
8395,99358
7861,98783
6424,98578
9732,99572
8279,98258
7052,98612
12718,101112
9537,98381
9794,98697
35105,105759
13313,107606
86363,126981
36203,106011
30175,105388
467494,207126
108826,127039
1782012,489898
2167850,618391
423523,222488
8295,100086
8361,99276
7547,97992
9098,99452
9399,99230
7159,97824
12929,99698
9258,99301
10632,99164
33932,106730
14263,99677
87095,120095
31280,105154
30850,104944
458602,204738
104440,126341
1792157,491030
2181492,605651
419716,217774
8549,101500
7964,100428
7885,99367
9815,98882
8192,98104
7147,97710
13175,101381
9206,99040
15233,102498
34328,106356
13780,100563
87523,121355
31456,105200
29485,104594
462031,205680
103802,125511
1779964,491225
2188767,606026
425871,217804
8264,99692
8834,98250
6459,98624
9478,99698
8762,98800
7498,97837
12839,100239
9483,98793
10639,99400
34558,106792
13578,99507
86321,120285
31497,105708
30546,104302
460636,207038
102533,125747
1778327,486884
2192900,614089
421938,219173
7832,102561
9021,100430
7345,99026
9368,99263
8950,98853
8090,98652
12937,100100
9371,99404
10242,98546
33772,113152
14381,100350
87191,120206
31907,104773
30433,103855
469306,207107
103522,125818
1794589,492669
2161199,612554
421036,213946
8406,100698
9018,99816
7369,98295
9892,99039
8714,98634
8214,97817
13019,100432
10078,99817
15779,101735
34418,107425
14033,99624
87243,119760
32023,105159
30314,104085
460835,205642
102059,125887
1787865,489120
2181473,605214
424618,214873
8204,100634
7887,99291
7013,99692
9150,100752
8606,99120
7292,99007
12832,100150
9456,99021
10139,98964
34188,107910
13649,100666
87737,121792
31798,105333
30500,104408
459523,205786
103505,126513
1779286,487033
2197106,607159
421538,216820
8229,100361
8091,99456
6847,100441
9372,99249
8636,98225
7717,98195
12760,100430
9283,98085
10835,99534
33675,106643
13795,99865
86539,120640
31483,105286
30875,105919
460205,206361
103306,127450
1780426,483100
2186720,603069
422885,215057
8067,101620
7907,99078
6687,98605
9114,99635
8488,98196
7137,99188
12426,99090
9845,99174
14856,100574
34139,106750
13738,99204
86981,119755
31680,104737
29883,104529
458053,204595
103710,125609
1780655,490585
2190297,603551
425167,215954
8520,100068
8461,99205
6908,98833
9376,100104
8403,98870
7058,98014
12918,100590
9013,98409
10273,99404
33899,107042
13300,99785
87220,121391
31941,105343
30559,104097
459672,206586
103458,125486
1784742,498730
2192187,605279
422195,216255
8447,100803
8543,98508
7329,98491
9323,99192
8726,99732
7242,97874
13507,99611
9692,98903
10595,99168
34359,107658
14348,99711
87794,120009
31780,105526
30436,105044
461129,206642
103544,126026
1787013,486292
2175899,605323
416615,216953
8487,101187
8464,99735
8103,99079
10106,99737
9089,98524
7830,99324
12957,100012
10694,99241
15446,101644
35187,106125
14115,104563
87660,126271
36988,104982
30480,104699
468872,207787
109724,126975
1784630,486654
2179470,616971
424041,224032
8667,101195
8226,98059
7387,98010
9661,99598
8735,98288
7409,98470
13029,99331
9046,97947
10039,98569
34544,106821
13196,99347
86523,120859
31090,104575
30549,105598
461383,206821
102908,125940
1792072,487071
2175268,603684
424228,216144
7929,100245
9302,99643
6799,98630
9259,99366
8466,97741
7204,97670
12619,101157
9209,97876
10359,99421
34370,106609
13920,99259
86917,121251
31639,105250
30559,105216
459795,208115
103432,127393
1786932,489011
2201171,606264
420286,214753
8060,102634
8612,101382
7299,98730
9550,101547
8730,99777
7672,99192
13299,100474
9324,99514
15242,101829
34185,108849
13401,101007
87567,121432
32103,99111
29559,106048
459809,208359
103215,127324
1785670,489194
2184945,605299
421982,217103
8148,102094
7969,100704
6687,99804
9296,99105
8614,99900
7125,98321
13410,100071
9260,97949
10058,99419
34026,106521
13302,99930
86717,119666
31169,105109
30359,105371
459912,206005
103237,127670
1788890,486578
2175262,601275
423627,216494
8982,100404
9040,99938
7772,98347
9572,99832
9458,98860
7724,97527
12795,99931
9453,99070
11156,97909
33767,106852
14119,99999
87951,121563
32748,105001
30740,105353
463441,205769
104248,126516
1781282,497911
2199939,595655
417734,214628
8402,100950
7985,101408
7576,99297
8978,100197
8370,98545
7663,98457
12735,99881
9928,100030
15697,102268
34569,98983
13953,95903
87780,121145
32384,106162
30563,106337
460409,206407
102190,127005
1789799,487962
2199179,602999
423074,219657
8378,101424
7923,99061
6948,97958
9381,99881
8682,98667
7074,98785
13977,100427
9553,98438
10498,98311
34150,106752
13682,100286
87667,121244
31853,105345
30078,104518
470889,206629
104430,126534
1785705,493456
2173916,615161
433344,217606
8368,100340
8719,98378
7524,99108
9375,98798
9103,99035
7159,98171
12793,99264
9503,98094
10738,98125
34017,105618
13600,99584
86737,119656
31473,104504
30439,104131
459696,203809
104537,126881
1796232,491348
2189322,606307
414727,214550
7891,100676
8655,98818
7058,98163
9289,99500
8694,98360
7182,97632
12805,99381
9555,98388
14936,100543
35131,106324
13835,98380
87560,119941
31144,105623
29890,103682
460107,205657
103161,125420
1782751,487606
2191104,601462
422318,218051
8927,99272
8280,97753
6996,97775
9135,98943
9009,99346
7526,98931
13174,101544
9693,98736
10400,99075
34718,106023
13493,98369
86977,119439
31272,96509
30057,95878
461287,207449
103521,125432
1784144,485600
2185618,606484
422683,218251
8120,101653
8016,100302
7072,98515
9893,98708
9045,104242
7436,97459
12763,99321
8998,98466
10612,98136
33657,105910
13593,99626
87066,120488
31316,105135
30573,104987
464718,205687
103605,126142
1788232,491072
2163859,606483
422534,217872
8154,101669
8562,99332
8252,99077
9347,87972
8291,98723
7457,97818
12621,99636
9580,98941
15213,100009
34444,106433
13708,99949
87090,120379
31889,104625
29503,105114
462214,206497
103613,125508
1775091,497974
2179288,603244
423263,218026
8693,100709
7812,99226
7333,98620
10005,99694
8875,98185
7100,97951
13289,100290
9477,98241
10699,98533
34567,107835
13288,100117
87199,120405
31260,105027
30382,105261
456655,206131
104070,127564
1782496,488988
2183629,600409
421105,217055
7975,100933
7939,100476
7184,98053
9227,98824
8885,99956
7605,97674
12488,100506
9233,98647
10752,104214
33896,107260
13880,100427
91926,120370
31712,104539
30647,104355
467916,208229
103480,126867
1796225,490491
2179331,621837
426855,218042
7883,100885
9343,100366
7131,99587
10095,99789
8916,99153
7401,99642
13098,99700
9728,98988
15882,100846
34292,106266
13669,100771
87890,122169
31590,106298
30380,106105
461665,205730
103663,126669
1786573,491132
2168347,606275
424784,217947
8659,100693
8936,99829
7129,97979
9672,98992
8548,98933
7171,97837
13191,100631
9509,98503
10311,98586
34153,107608
13655,99754
87103,121310
31459,104998
29880,104992
462254,206729
103117,126565
1768859,490764
2189513,597556
423036,214162
8201,99860
9064,98767
6844,98439
8907,98853
9116,99470
7302,98417
13038,99705
9778,98239
10503,98231
34290,108506
13377,98885
86885,120445
31997,104537
31337,104849
459409,205081
103391,125944
1787461,491502
2181688,607619
418898,217933
8780,100999
8664,100628
7392,99479
9570,99977
8881,98501
7681,97828
13182,99733
10256,101193
15830,102484
34301,107542
14218,100823
88086,120332
31595,105487
29612,105321
459383,205751
104315,127974
1775622,492617
2193835,607063
423500,215833
8500,101596
7961,100690
6715,98340
9334,105043
8637,99677
7569,98889
18818,101032
9363,98504
10291,97770
34364,107121
13425,104283
86644,126146
31489,105205
30755,105192
466865,205398
102969,127814
1778323,486244
2186990,617482
435643,216512
14935,100938
8397,100051
7124,103680
9615,99397
8650,99333
7653,98012
12770,99410
9849,98548
10697,99811
34118,106827
13324,100293
86438,120538
31286,104969
30872,104493
458242,213064
103820,125924
1781032,482624
2180289,606544
417132,212918
7912,100504
7791,99305
7108,98617
9369,100069
8445,98690
7418,98366
12901,101105
10807,99394
15106,100876
34296,105856
13646,99266
87057,120970
31877,106119
30432,105009
458274,207042
103453,125497
1793682,490164
2177530,593335
421976,218369
8980,100000
7800,99417
6823,98801
9505,99683
8264,99102
6915,97942
12690,100637
9332,98577
10486,99798
34237,106937
13505,100312
87824,120848
31498,106136
30680,105423
458065,206929
102892,127422
1777912,499597
2179098,606278
425392,218424
8165,101529
8225,98478
7130,97725
9370,98809
8782,99011
7620,98385
13003,99415
9522,99081
11104,99636
34027,105659
14072,99772
86696,120139
32224,104267
31403,105540
457243,205896
103715,126878
1787141,497391
2185010,612555
421337,216779
8469,101505
8345,99774
7221,99043
9677,100298
8776,99068
7692,98318
12760,100856
9518,99062
15463,102198
34462,106809
14803,100555
87359,122444
32278,105539
30345,105405
459216,206041
102749,128763
1775990,488838
2175188,603937
427864,215502
8659,99916
8213,100041
6633,99148
9015,99034
8369,97850
7536,97909
12986,101075
9530,98990
10108,98550
34697,107003
13556,105190
86827,126186
31782,105616
29930,104863
464849,208860
103095,127569
1768618,487917
2165130,619537
431035,219102
8002,100815
8450,98881
6748,99640
9184,98462
8693,98366
7336,98143
12857,99402
9254,98785
10633,98978
33447,105173
13604,99850
86781,120417
31442,105040
30570,105344
458223,205772
103425,126435
1780827,487690
2156251,607214
420176,214944
8139,101297
8360,99949
7294,99062
9722,100384
9044,98642
8138,98729
12849,100932
9855,99021
15266,101559
34376,107060
14096,99577
87765,120118
32287,105008
30128,105816
460311,208001
103870,125755
1779609,490989
2183116,598166
425912,216637
8125,99814
8707,98722
6973,98433
10175,98943
8519,98729
6933,98327
12676,100989
9313,99548
10044,99654
34067,106767
13662,100096
87072,121222
31272,105543
29468,106021
457405,205111
103475,125058
1767299,487610
2179517,614383
424278,216329
8242,102345
8771,99443
7359,98624
9248,99799
8571,99388
7243,97813
12579,99956
9313,99498
10612,99101
33380,108569
14138,99917
87111,121153
31858,105203
30479,105231
461609,206720
103608,126648
1785254,487154
2175087,603531
418808,217538
8081,102591
7907,99831
7454,99259
9217,99744
8698,99463
7240,99264
13415,100394
9682,99481
14941,101780
34925,107088
13583,100802
87765,121374
32008,105816
30423,109960
458066,206483
103295,125982
1774734,485625
2186593,601822
435389,215600
8762,103014
8538,99057
6441,98416
9388,97848
8659,103511
7363,97286
12582,100913
9498,97990
10307,98464
34496,106358
14134,99847
87431,119779
31773,105143
30254,105032
458529,213920
102066,125622
1770963,490681
2167876,605238
422724,216365
8578,100198
8611,100254
6981,98049
9922,100114
8981,99271
7802,97220
13058,100292
9695,98881
10724,99480
34346,106748
13763,99869
87142,121250
31361,105899
30269,105121
461743,206419
103333,126577
1789343,489109
2161391,598199
418911,215626
8082,101649
8688,99527
7067,98099
9856,99863
8352,98721
7885,98043
13077,100588
9822,98076
15345,101505
34423,107030
13681,99721
87322,120521
31291,105883
29229,104782
456458,207714
103826,125648
1770755,485644
2180836,607384
423388,216050
9420,101195
8729,100527
7189,99059
9583,100798
9695,99197
7466,99503
13268,101220
9800,99379
10298,99713
34890,107102
13949,100605
87421,120989
31856,104702
30385,105055
462338,206731
104240,126374
1763219,487500
2185141,607300
424609,216799
7899,100793
8372,99491
7912,98798
9910,99592
8899,99257
7088,99249
12777,100747
9458,99340
10623,98867
34133,107393
13992,100544
87240,120690
31942,104361
30266,110448
460120,206449
103966,126960
1771210,489282
2192616,602277
429904,215153
8279,100556
8207,105114
7240,104316
9671,98698
9126,98259
7774,97702
12920,99177
9469,98438
15360,100038
34883,105423
13899,98917
87661,120099
32046,104951
30136,104453
459452,204555
103692,124668
1784846,489231
2165376,605249
425714,215359
8517,102205
7771,98610
6718,98590
9802,99436
8774,99345
7053,97581
13322,100118
9451,98833
10154,97952
34640,106703
13906,100103
86917,121141
32009,104693
30668,105559
462388,206643
102728,125836
1777638,486381
2173858,602161
422849,217085
8417,99607
8328,99780
7024,98980
9604,99108
8713,98263
7284,97435
12905,99171
9337,98138
10714,98734
34169,106703
13908,99719
85707,120167
32189,103929
30661,104405
456173,205108
103574,124124
1774196,482170
2175354,602177
418999,214964
8412,100841
8124,99169
7398,98533
9392,100111
8317,98732
7454,97557
12727,100698
9945,99570
15333,101135
34481,107268
14056,100323
87221,121244
31527,106227
30127,104726
458658,206601
103772,125871
1773147,487656
2177200,605999
423061,215105
8445,100799
8428,98662
6807,98309
9354,104355
8722,98669
6796,102717
12653,99964
9613,104183
10100,98124
34384,105423
13938,99077
88049,119409
31223,104373
30651,103941
466790,205064
103195,132696
1769794,487385
2171242,616085
424738,223535
8481,100189
8068,100506
7222,98145
9271,99488
8823,98604
7476,98420
12999,99996
9172,98678
10297,97948
33455,106086
13879,98731
86617,119982
31021,103875
30407,104190
458823,204836
103175,125077
1789604,488214
2152785,607762
418259,217827
8470,101851
7756,100177
7845,98855
9956,98886
8716,98571
7520,98271
13184,100157
10267,98979
15172,101236
34847,106836
13671,99390
86962,121114
31240,105713
29794,105015
458210,205587
103480,126640
1791378,497558
2172905,604098
425424,218011
8697,99728
8381,98238
8076,97738
9921,99575
8925,98254
7172,98388
13442,98978
9803,98727
16468,100877
29299,100442
13815,99359
88672,121396
31641,103914
32117,104576
457399,205503
103289,124789
1762032,486415
2175342,606629
418552,214991
7840,100644
7857,99544
6843,99230
9507,98908
8947,99114
7300,97683
12513,100073
8716,99296
15222,107408
34027,106888
13971,101547
87391,121304
30589,105160
30495,104527
463911,205616
104432,126648
1768896,488369
2167933,611065
427617,216046
8359,107401
7615,98585
7053,98078
9389,99008
9087,98515
7362,98249
12598,99851
9290,98803
15731,101191
34933,105706
13735,99075
87236,120762
30700,105117
30627,105874
458658,205744
103928,126902
1775458,490929
2172621,606520
421410,216497
8474,98427
7603,99265
7217,100418
10140,99612
9318,98393
7586,98155
13341,99656
9041,98988
15297,101177
34293,107310
13336,99980
87546,120953
30808,105993
30836,104911
460690,205118
102943,126542
1782420,486820
2161404,610029
419059,215754
8308,102600
7416,98277
7122,98541
9656,99736
9797,98927
7167,98230
12893,100716
8986,98504
14773,100106
34358,107059
13648,99951
86268,113606
30558,104727
30882,105340
453377,205980
103494,127749
1772163,495213
2179397,611810
417477,216338
7928,101548
7677,98841
7074,98962
9719,99608
8879,99808
7189,98564
12175,100407
8780,99508
14906,102339
34587,107967
13195,100048
87137,121849
30659,105196
30601,105227
459424,205963
104073,125883
1765767,488516
2182046,605987
418375,217321
8745,102022
7555,99492
6996,99634
9410,98740
9256,98370
7480,98139
12755,100083
9224,99420
14688,101754
34146,107333
13348,101111
87078,120532
30390,105114
30464,105342
459247,213172
104324,127011
1776326,488438
2170986,609891
418633,215633
8965,99626
7797,98406
7164,97777
9446,99008
8998,97513
7117,97584
13445,100180
9380,97656
15271,100624
34922,107803
13556,99464
86926,120459
30955,104646
30325,103732
457696,205090
102605,126535
1773326,483808
2153972,604938
415515,214377
8538,100863
7388,98918
6771,97566
9220,99071
9088,98364
6945,97457
13274,100181
9877,98030
15508,100691
34199,106712
13773,99471
87068,119300
30303,105595
30326,105454
462266,205309
103247,126270
1773416,485561
2185289,603936
417817,215636
8060,100566
7363,98785
7204,99388
9578,99683
9405,98666
7526,98562
12895,99913
9295,98665
15009,100738
34663,107361
13198,99803
86588,122067
30906,105880
30514,106794
459402,206204
103888,125810
1775865,490030
2178926,605074
418739,220220
8561,100794
8322,99395
7779,99993
9709,104874
8996,93375
7283,98824
12800,100221
9145,105112
15496,101810
34417,107601
13808,100966
86451,121144
30724,105159
30586,106396
467366,207002
104754,126744
1783095,487789
2164341,611704
420056,216491
8028,100650
8354,99036
7263,98410
10098,99726
9672,98498
7776,97624
12760,100842
9087,98134
15387,100936
34987,107530
13112,100037
86986,121085
30353,105727
30382,104689
456830,199025
104591,117622
1782582,487126
2158368,603519
420548,212411
8653,100639
8048,94964
6610,98507
9767,100959
8253,98842
7265,99133
12206,101276
8972,99148
14781,100659
34593,105926
13195,99293
86701,122526
30918,105093
30345,105221
462185,206118
103907,126660
1773089,486247
2175080,609646
416885,216412
8262,100845
7291,100564
6921,99549
9407,99592
8553,98964
7133,97386
12251,100625
9286,98833
14936,101714
34038,106320
13534,100011
86715,123249
30895,106951
30512,105116
459387,206299
102999,125537
1768973,484960
2180175,598662
415954,213581
8472,99459
7857,99025
7075,98939
9495,99538
9143,104871
7341,97556
12585,99637
9089,98138
14925,100381
34387,106139
12849,99406
86795,121040
30129,105907
30426,105661
456522,205870
103615,127053
1784312,489572
2160801,602440
416898,213886
8072,100587
8437,98296
7490,98666
9360,98362
8991,98779
7263,98134
12911,99722
8827,99394
15110,100706
34886,106856
13793,99569
87093,121199
31081,105681
30575,105462
463076,204936
103769,125967
1783924,487447
2181267,603093
416810,216727
8220,100594
7828,98795
7265,98522
10173,98774
9214,98211
7654,98127
13013,99883
9293,98311
15464,100047
34902,106813
14108,99698
86697,121338
31501,105317
30917,104554
460810,205827
103489,126150
1778774,484163
2188753,605217
417404,214707
8631,100874
8602,100118
7387,98740
10005,99207
9543,98874
7504,97603
12724,100139
9122,98846
15277,100314
34229,107448
13202,100757
86224,121099
29979,105265
29931,110815
461909,206471
103302,126657
1769936,489649
2192898,603680
426465,217008
7347,101078
7478,98608
7179,99364
9537,99984
8822,99250
7235,98308
12629,99918
9270,99005
15316,101685
34696,106356
14219,99474
87056,120995
30320,105586
30399,97846
458970,205222
104276,126348
1781659,486913
2168396,601843
417606,215875
8006,103682
7590,98370
7257,99317
9839,99006
8960,99341
7384,98532
12521,100122
8902,98348
15259,100474
34935,106365
13321,99853
86432,121521
31288,105207
30622,104858
461789,206536
103245,125649
1764608,500029
2193887,606613
418398,215392
8066,100558
7105,99467
6648,98327
9548,100653
9249,99822
7418,98071
12361,100843
9052,99624
15373,101822
34439,107325
13919,100630
86786,121744
30137,105774
30934,105851
461697,207513
104694,126377
1774415,490029
2197969,603859
417781,216391
8163,101754
7492,99318
7029,98452
10018,99845
9194,99445
7632,98784
12797,101473
9066,99526
15245,101038
35029,106347
13336,101153
87218,121537
30664,105995
30547,104814
465677,206759
103499,128471
1768439,487276
2177567,620022
425961,215635
8384,102412
7731,97533
6780,98241
9396,99817
9510,98429
7245,97593
13056,100180
8679,99528
15313,101093
34295,105819
13519,100913
86892,120884
30529,104750
30517,105202
460637,207176
104106,126429
1777676,486824
2184073,609103
419022,216949
8415,101020
7388,99014
6867,98971
9464,99198
9271,99615
7243,98530
12920,100020
9310,98166
15518,101377
34326,106623
13366,100002
87019,121670
30520,105503
31161,104852
462613,204285
103668,124804
1777332,495608
2193055,608020
419301,217650
8126,100447
7353,98084
6982,99194
9265,99513
9529,99338
7305,98018
12515,100005
8720,98919
15673,101382
34870,106638
13630,99494
86679,121880
31067,104472
30045,104855
459995,206507
104822,127508
1781631,494157
2184246,604691
418399,216029
8289,98648
7103,98477
7097,99365
15142,100003
9000,99790
7024,104419
12139,106010
8608,103626
14960,100386
34028,106412
13245,98645
86481,120494
30713,105625
30161,103888
457287,213401
104114,125559
1784806,490947
2186375,609202
414762,215041
7949,100595
8025,98459
7111,97564
9315,99558
9112,99286
7428,97951
12381,100500
9398,98324
14972,100872
34137,108219
13436,99263
87397,120900
30909,104898
30729,97457
458391,206249
103267,126724
1781157,490088
2182392,594706
417351,216849
8223,100207
7780,97958
6996,99003
10471,99438
8872,98611
7589,97245
12847,100066
9510,99774
15605,100717
34541,105436
14087,100580
88090,120339
30529,104738
30219,105418
460946,207123
103958,125915
1794865,489829
2200949,606927
421479,214003
8007,99824
7670,99711
6632,99082
9979,99406
9104,98283
7636,97784
12567,100705
9196,98419
15300,99988
34528,106336
13674,101377
87310,121245
31073,105640
30691,105549
462604,205941
103606,125641
1774640,490144
2188837,605170
418392,218523
7962,100597
7567,99770
7426,99951
10191,98825
8860,103695
7184,97323
13634,99842
8882,99554
14902,101652
34803,106353
13188,102334
87211,121361
30295,105110
30564,104748
458286,204327
104117,124839
1777131,486086
2180052,599677
415207,216066
7931,102279
7191,99375
6954,98526
9624,99642
8586,98413
7054,97412
13183,99340
8853,98422
15944,100491
33875,106934
13959,99424
87367,121253
30707,104653
30881,105299
458700,206652
104452,126337
1784216,494667
2181126,601706
417050,217433
8174,99802
7606,99066
6692,99106
9640,99438
8762,98006
7062,96636
12804,101011
8802,99133
15184,101144
34359,106067
13758,100075
86775,121439
30308,105120
30131,105503
461419,206520
104044,125465
1777606,487009
2189023,610164
416690,215943
8385,100047
7843,98242
7125,99670
10707,100521
9020,99091
7695,98364
12511,100903
9135,90325
15073,106154
34371,108742
13166,103647
86575,125941
30204,107133
30690,105058
467754,207059
110987,126950
1770239,488714
2167112,618218
419622,225207
8369,100103
7477,99506
6930,99248
9613,99523
8877,98183
7452,97832
12641,100453
9038,99044
15225,101283
34655,106947
13564,98616
86833,121025
30615,105181
30833,104780
459210,207142
103964,125974
1772042,491217
2169263,599394
415110,216660
7825,101678
7392,98796
6583,98954
9487,99548
8850,99014
7008,97601
12497,100987
9504,99275
14719,100992
34252,106660
13075,100090
86798,121778
30811,104914
30790,105278
459121,206039
103689,125970
1782025,486675
2193350,604148
414962,217291
8305,100072
7318,98372
7080,98629
9781,98628
9178,98777
7176,97951
12679,99470
9146,98968
15184,101394
34662,107136
13079,97616
87849,121942
30119,105943
30215,105497
459110,206003
103532,126113
1769871,489227
2191205,602687
428894,216516
8205,102217
7509,106950
7164,105639
10045,99827
9049,99467
7498,98968
12871,100297
9346,99424
15397,100880
35288,106571
13514,99835
86577,121213
30623,104549
30483,104814
461916,206164
104406,127653
1786855,489303
2164613,608748
417690,215435
9189,100403
8015,98479
7166,98357
9778,99460
9051,98624
7747,98093
13550,101287
9662,97362
15193,101407
34551,106381
13674,99860
87470,121509
30881,104741
31443,106245
459842,206911
104584,126861
1783390,494144
2181540,606890
422136,214582
9165,99924
7605,98967
7069,98061
9873,99836
9108,98190
7634,97683
13016,100002
8984,100097
15153,100966
34627,106140
14614,98869
87727,120623
31258,104423
31432,99618
457880,205751
103268,124028
1761381,506857
2195680,612280
417797,215018
9638,100830
8267,98987
7698,100796
10251,101055
9229,98805
7812,99515
12762,100853
9475,99318
14823,100963
34260,106194
13504,99770
87031,121761
30278,105314
30880,104991
461897,205494
104455,125961
1769188,491816
2190726,608731
416571,216164
8057,100812
8023,98880
6751,98635
10003,99851
9938,99782
7836,99706
13310,100514
9303,98959
15698,100882
34957,107152
13784,100174
87749,121520
30845,105395
30270,105093
458311,205044
104646,125961
1775733,484804
2171389,611056
419816,216699
8298,100850
7366,100406
6719,99478
9776,99383
9163,98955
7271,99223
12640,100390
8702,98565
15203,102550
35043,106459
13924,99878
86832,122210
30597,105278
31032,105341
457657,206196
103388,126703
1767215,486618
2191974,608375
413354,214411
8101,101139
7657,99355
6986,98959
9683,100214
8749,99144
8085,98669
12903,100855
9039,99143
14691,105869
34718,106539
13171,100998
92100,121222
31668,105931
30189,106380
456828,207326
105245,126512
1754665,487087
2178277,615066
438978,216004
8046,100490
7669,104898
11710,98863
9609,98642
8449,97647
6728,97735
12970,99150
9294,98695
10307,98280
34582,106696
13485,100081
88241,118761
31491,105754
30506,103695
454012,211076
102893,125496
1774137,486193
2169601,614010
423779,217221
8305,101869
8534,99359
7682,98784
9837,98891
9316,99382
7603,97700
12851,99098
9684,98170
10944,98607
34159,106928
13830,100169
87023,120998
31147,104759
30626,104339
462952,206676
105198,125308
1785544,490321
2167477,605620
420309,216735
8289,101156
8331,99410
7491,99175
9816,98370
8187,97921
7562,98484
12675,99624
9721,99907
14972,101276
34725,105957
13661,99518
87633,121388
31315,105175
29766,105374
459278,206147
103161,127289
1778395,490919
2164871,604863
426869,216135
8631,99633
7975,98617
6664,97876
9518,98955
8943,98047
7011,97459
12888,98748
9486,97793
10599,97913
34166,106497
13982,99048
87702,118856
31265,104759
30409,105032
459810,206820
103329,124984
1784453,494709
2189773,609972
425431,217303
7477,101637
8273,99194
6988,100216
8968,99727
8575,100374
7025,97960
13076,100431
9516,99296
10651,99649
34455,108054
13750,100750
86929,121034
31688,104511
30112,105337
460475,205994
104518,126599
1783411,487299
2177869,604571
418241,217148
8107,101585
8847,100414
7184,97920
9559,100505
8878,99512
7710,97857
12484,100267
9529,99580
15826,102198
34537,107333
13931,100425
87587,120476
31409,106537
30048,106114
458761,205444
103507,125126
1778873,488043
2194949,609508
426671,217419
8957,101518
8799,100147
6886,99462
10233,99161
9083,99148
7216,98779
13214,100958
9521,99033
10266,100428
34492,107755
13742,100699
86661,121419
32716,100486
30511,105640
460066,206054
103083,127860
1759510,488017
2169707,614180
439921,217122
8881,103104
8810,104122
7180,104027
9406,97991
9059,98798
7898,97183
13471,99656
9876,98812
11016,98785
33543,107206
13502,100110
86322,120809
31456,104341
30378,104642
459142,205049
103788,125430
1780726,487723
2172650,606880
423886,215831
8618,102398
8436,99322
7978,98497
10041,100081
8786,99830
7843,99410
12722,100645
9776,99331
15135,101478
34196,106605
13594,99793
87677,119977
31949,105406
30286,105617
457011,206068
102769,125955
1780489,486532
2175193,601753
423800,214534
8360,100277
8441,99327
6726,98142
9885,99664
8466,98271
7326,98982
13620,100903
9259,98792
10117,99761
34385,107496
13940,100247
85982,120253
31339,104833
31077,104984
459333,206260
103217,125368
1773736,487400
2181989,604956
421616,217895
8745,99850
8434,99321
7420,99785
8921,99045
8655,98350
6858,97638
12517,99315
9016,98615
10139,99596
33949,106888
13843,100098
87908,120963
31893,105405
30111,105099
458843,205356
104089,126943
1774236,489281
2178296,608348
414779,216536
8215,101102
7840,99768
7134,98614
9634,100782
9015,97342
7175,98326
12440,100020
9884,99687
15040,100192
35127,106481
13730,105730
88214,126458
32524,105342
30172,105598
465635,206066
104006,125791
1782036,490215
2164012,617260
437244,216842
8202,99884
8447,97944
7514,98344
9735,98796
9573,97973
7256,97532
12782,100319
10156,97884
10804,99320
35700,106095
13831,99178
87751,120834
31449,105011
30915,104056
459201,204623
103487,126256
1776769,492564
2166651,605144
423478,217269
8213,99241
9060,100324
7247,98490
9920,99606
8841,99426
6909,98113
13488,99395
9377,98951
10859,97971
33674,106147
14887,100609
86905,119799
31607,104453
30618,104995
456747,206250
103793,126744
1780073,500511
2182699,606206
419165,213744
8349,101925
8890,99056
7472,99886
9488,99695
8612,98297
7777,98021
13001,100414
10222,99531
15428,101596
34828,107274
13495,99290
87268,120191
31978,105724
30239,105168
459402,205291
104202,126585
1773731,486254
2190143,610479
426740,216431
8679,100442
8823,99927
7245,98701
9742,99242
8287,98688
7194,98659
13069,100672
9776,99201
10256,99349
33602,106452
13481,99697
86855,121044
31552,100548
30517,105574
458414,208184
103700,126065
1769810,487947
2180991,609168
424317,216357
8106,99962
8200,99818
7024,98299
9264,98561
8405,99327
7460,97721
13118,106347
9693,98402
10441,98408
39988,106553
14293,99390
86490,120609
31510,110800
30524,94881
465284,205413
109992,127537
1768314,488991
2173776,619475
420576,223520
8934,101042
8516,99643
7752,98844
9293,100523
8672,99405
7914,97948
12582,99843
9684,99588
15326,101067
34028,107106
13915,100368
88276,120432
31551,105610
29381,105435
460860,208060
102495,124630
1786529,490096
2180852,606749
422187,218155
7871,101503
8163,100954
7093,99596
9254,99530
8609,99695
7194,98600
12904,101002
9608,99013
10000,99975
35140,107749
13673,100727
87811,121098
31090,104872
31256,105066
457667,206231
103782,125950
1775565,494946
2196337,605900
421601,217111
8245,100588
8263,98897
6529,99051
8603,99332
9012,99585
7139,97902
12969,100220
9156,99608
10448,100425
34089,107352
13851,101166
86551,121966
30891,105086
29634,105635
460236,207585
103740,127392
1780054,486152
2182810,605899
415118,214376
8668,102619
8562,100465
7332,99496
10031,99380
9273,99375
7757,98974
13171,100076
10048,98571
15988,101406
34922,106116
13754,100348
87930,120547
31872,105946
30481,105881
456311,205976
102939,126854
1765429,495070
2196436,596791
422027,215924
9345,101958
7926,100725
6821,100597
9272,105463
8991,99000
6950,104762
12873,104126
9674,99208
9899,99031
35300,112725
14282,99241
87578,121028
30964,110424
29965,104912
466701,207002
102719,133071
1776338,487495
2168562,621280
423647,222188
8561,100257
8535,99036
7592,97905
9978,98482
9345,99046
7868,98226
12899,99966
9674,98876
10667,99660
33933,106828
14436,99045
87279,121429
32196,105408
30575,104327
459197,206599
103640,128313
1776941,486446
2175230,604697
419630,215061
8244,101315
7825,99002
7184,99341
9659,100301
8342,99674
7547,98813
13449,100435
9752,99108
15459,100763
35100,106994
13738,98960
87608,120765
32186,105744
30290,105439
460903,205269
103375,126371
1769823,493426
2184867,602637
424869,216290
8873,100592
7813,99849
6662,99685
8822,100849
8322,99048
6707,98712
12849,100881
8823,98483
10260,99073
34262,107536
13392,99782
86977,120727
31083,105873
30326,105577
458238,205974
103166,126112
1767597,482803
2194008,606277
422572,214865
7605,100450
7952,98540
6709,97657
9371,98874
8700,98736
7788,98646
12704,99878
9268,99532
10268,98608
33808,106732
13630,99398
87884,119631
31667,104729
30156,104740
457026,205701
104549,125641
1764561,489140
2184067,607330
416856,216577
8414,101497
8442,99629
7868,99434
9499,98855
9633,98516
7746,97676
12725,99920
9908,99271
15013,101629
35216,106992
13443,101425
87104,120941
31762,105017
30355,104284
458884,211422
102238,126422
1782016,486580
2171303,604458
425109,215669
8064,101200
7931,99090
7058,97875
9679,99845
8360,99058
7843,98796
12955,100411
9137,98533
10331,98461
34552,106858
13614,100304
87038,120642
31862,105348
30473,105009
457873,206933
102834,126843
1772603,489838
2165203,602130
425328,217465
8127,100247
8681,99334
7555,99738
9510,99349
8815,99434
7247,98532
13113,100719
9609,98279
10744,99168
33794,105951
14082,100458
86665,121360
31900,105391
30294,104270
458586,206029
104082,128049
1787192,486421
2182582,607497
415811,217856
8524,102198
8236,99495
7149,98984
9795,101314
9272,98122
7224,99074
13085,100424
9881,99039
15806,101492
34516,106959
13781,100579
87068,121529
31665,105377
29966,105938
457327,206750
103330,125788
1771059,491754
2173673,609137
423321,219399
8587,100460
8423,99556
7280,99248
9523,101241
8593,99083
7104,98928
13550,101065
10214,98252
10215,104557
34131,106848
13381,104699
88131,127652
31274,104591
30741,104983
465495,207201
103094,126607
1772051,489850
2170752,610910
428888,218009
8149,99703
8589,99151
7131,98389
9259,99571
8777,98075
7429,97491
13035,99798
9319,98709
10732,99208
34581,106939
14081,99520
87260,120441
31342,104661
30945,104976
460235,206016
104085,126564
1783071,487975
2167542,599538
420039,217820
7985,100995
8091,100147
6923,98761
9263,99407
8236,98098
7414,97778
12613,101291
9733,99673
15793,102533
34591,106195
13907,101162
87513,120331
31635,105216
30109,105248
459605,206529
102831,125911
1782038,507964
2179113,611552
425607,215874
8370,100010
8116,99930
7467,99524
9503,100575
8548,98384
7227,98220
13455,101053
9885,99820
10627,100135
34830,107357
13608,101318
87131,121307
30825,104627
30322,106240
460853,207093
103412,126642
1775762,486054
2197478,603525
426814,216208
8490,101663
8336,101095
7232,99980
9224,99717
8850,100062
7204,97659
13196,100707
9460,98780
10704,100988
34533,107544
14031,100851
86082,121962
31658,105747
30281,99110
460783,207804
102943,127346
1773077,488923
2188802,612767
415763,217932
8906,103327
8077,100355
6885,99514
9356,100018
8449,104260
7129,98379
12870,100407
9669,99278
15162,100689
34571,106677
14179,99706
87849,121340
31496,105269
29953,104626
460728,212874
103356,125733
1784563,489263
2161006,604371
423855,215311
9138,99705
8564,99358
7318,98323
10272,99935
9107,99018
7144,97871
13225,100622
9622,98267
10105,99203
34574,106145
13571,98888
86870,119995
31760,104965
30203,104480
457979,204568
103556,126152
1782700,486060
2167387,601831
427456,215274
7845,100359
8221,98970
6944,99140
9469,99586
8455,98566
7572,98857
13135,100585
9672,98689
10576,100015
34055,106520
14579,100480
86736,119498
31700,105365
29859,105330
457935,206362
103743,127872
1787419,486400
2194918,611446
415556,217787
8809,102257
8779,99340
7813,99165
10089,99576
8560,98438
7425,98763
12768,100358
9915,99879
15041,101031
34503,107675
14141,100287
87365,122700
31407,106154
30354,105326
460716,206195
103674,126591
1770165,488721
2190467,600883
425337,214800
9199,101092
8451,99234
6726,100136
9260,100250
8661,99088
7502,98901
13184,100593
9661,99264
10350,98675
34397,107641
13840,99416
87001,120903
31688,104926
30094,105385
459640,214814
103473,126227
1779189,488722
2180101,608745
421663,219351
8100,100777
8793,98841
6936,98943
9022,99559
9138,98683
7336,98605
12723,99360
9709,98526
10805,99245
34233,106708
13783,99643
86845,120580
31768,105709
31237,104336
454450,206477
103367,125906
1792643,486953
2179513,606507
416373,216644
8496,100867
7657,99872
7411,99303
9352,99850
8528,98886
7129,98495
12754,100876
9293,99473
15917,100689
34393,106954
13737,99346
87567,120566
31770,104676
30514,104833
464947,205764
103003,126308
1777970,482394
2200749,609057
424097,216657
8721,100294
8550,99466
7279,98949
9524,99456
8988,99301
7678,98526
13046,99933
9081,99091
9975,99362
34289,107628
14043,99590
86936,121719
30675,104944
30046,105923
462023,204778
103198,127136
1769953,483322
2195626,597710
424482,217813
8366,100940
8483,98540
7479,99667
9584,98913
9033,103757
8101,97660
13172,100064
9634,99717
10994,98891
34573,107015
14134,99984
86685,120630
31272,105659
30655,104993
461523,213995
103237,126608
1786855,486655
2174937,610140
418923,216496
8253,100978
8433,98834
7367,97989
9452,99870
8891,98165
7986,99008
12810,99513
10286,99237
15193,100682
34688,106488
14135,99763
87633,120913
31868,106627
30203,104844
461081,206502
102681,125815
1788820,492392
2175338,607910
424752,217816
8125,100928
8293,99768
6695,98634
9432,98709
8438,98222
6757,98055
12637,98525
9582,97805
10224,98728
34486,107279
13685,99864
86478,119050
31263,105143
30317,104631
459879,205775
103434,126008
1784516,486584
2197828,603276
424659,216679
8382,100419
8603,98811
7939,97958
9472,99342
9153,99442
7371,98401
12868,101325
9545,99574
10629,100083
34131,107561
13735,100416
86911,121131
32719,106822
30991,112294
462596,206248
103910,127541
1781343,485130
2179974,605508
426587,217441
7928,102879
7931,105401
7319,104426
9579,99643
8732,98489
7722,99565
12634,99855
9635,98401
15444,100941
35016,108011
13498,99346
87147,120032
31838,105629
30032,104333
457218,205881
103253,126485
1791605,490337
2162908,598717
426823,217323
8847,99706
8578,98709
6657,98605
9264,99503
8682,98628
7265,98589
13583,100112
9407,98643
10412,99367
34714,106976
13447,99593
87482,120641
31524,104454
29699,105545
456408,206447
103930,127234
1792032,496444
2179472,607995
423947,219452
8075,101126
8474,99053
6909,98404
9042,99404
8779,98344
7009,98473
12626,100798
9501,97803
10486,99962
33989,107404
14074,99885
86780,121732
31162,105247
31343,105028
456345,206910
104177,126394
1776639,487905
2174496,607849
418220,213932
8934,101070
8836,99370
7059,99272
9880,100080
8659,98943
7452,98056
13279,100101
9783,99686
15395,101954
34176,108101
13658,100981
86753,121641
31545,106179
29984,105423
458457,206201
102655,127869
1771311,493443
2185066,609629
424678,218598
8237,102343
8400,100676
7225,99900
9793,100125
8810,99363
7041,98767
12891,99872
9469,99593
10212,99947
34683,106735
13488,100720
87252,120456
31761,105469
35640,106255
455092,205296
103115,126745
1759868,494113
2181880,614582
425069,216298
7605,101122
8496,99321
7424,99342
9125,99566
8762,100435
6950,98183
12789,100688
8902,103590
10801,99458
33868,106881
13944,100379
85639,120703
31058,110469
30970,103844
466527,207553
103399,134236
1774306,488404
2162920,614842
421284,223494
7383,99752
8123,99453
7616,98430
9199,98975
8338,98055
7394,97689
13533,99853
10033,98741
15399,100777
34687,107268
14283,99855
87337,120724
31901,105985
30560,104898
459794,206670
103835,126509
1783177,488138
2164057,603362
424319,218174
8021,100932
8082,99242
7170,98859
9456,101105
8628,99142
7283,98300
12669,100297
9135,98079
10014,98899
34755,106783
13637,100268
87132,121125
31280,105335
30162,104817
456888,207056
103177,126320
1787930,485987
2156714,604177
421894,217133
8867,101069
7772,98951
7341,99076
9358,98654
8956,99001
8028,97902
13178,99523
9161,99283
11032,100307
33988,107886
13561,99887
87754,121281
31906,104962
30685,104999
460810,206377
104099,125702
1785155,489024
2191587,599932
418239,214792
7913,101248
8458,98525
7074,99129
9284,99365
8961,98772
7473,97900
12406,99781
9348,98168
15212,100487
34019,106951
13841,100896
87368,120330
31871,106036
30063,105520
457163,205263
104035,125869
1777331,492412
2179514,608139
426393,217110
8484,101650
8301,99305
6783,98558
9654,99699
9034,99005
7142,97670
12789,99390
9721,98910
16061,107232
29327,106035
13806,105229
94148,120838
30747,105615
31700,105523
466690,206984
103835,126667
1770145,484700
2147282,604777
424206,219258
9274,100433
7886,99129
7691,98738
9370,99111
8586,98543
7014,97478
13174,99940
8710,97704
15144,100534
34250,106227
12899,99396
86748,121968
30551,104871
30226,105167
458863,205191
102690,125683
1780450,482691
2176755,604864
415846,215423
7613,100348
7625,98436
7525,99663
10284,98559
9406,98242
7931,97977
12995,99144
9426,97901
14860,99849
34226,105787
13321,98988
86561,120059
30838,103327
30640,105180
458448,206329
103616,125078
1764054,494484
2182241,605529
417289,217854
8349,101751
7174,99083
7673,99602
9854,100808
9611,99941
8221,97620
12667,100500
9304,99502
15616,102940
34598,106774
13803,99641
87419,121595
30432,105255
30718,106007
459988,205465
104569,126763
1764531,489225
2183629,609508
419439,215930
7656,99889
7910,98499
7414,99258
10302,100848
9734,99431
7366,98502
12866,100639
8880,98874
15735,100947
34540,108361
13259,100491
86573,120835
30879,104321
31435,105819
457313,204937
105027,125889
1760230,490992
2173686,607405
417174,215113
8742,101836
7799,98461
7145,99303
9742,99417
9189,99534
7375,98256
12903,99778
9298,98459
15611,100882
34959,106729
13656,99728
86349,121113
30628,104681
30704,104865
458348,212502
104256,126711
1764020,488385
2168972,601994
416426,213749
8036,101759
7642,99386
6860,98773
9580,99739
8635,99707
7655,98545
12404,100602
8479,99134
14798,101590
34469,108193
13270,100616
87059,121270
30088,105355
30153,105996
458095,206731
104089,126018
1775125,491087
2172417,608073
417461,217908
7838,100603
7653,99084
7196,99344
10462,100892
9138,99535
8398,98687
12989,100657
9156,98772
15532,101337
35446,107104
14197,101139
87162,120503
30603,105925
30319,105439
459625,205705
104062,125921
1769214,497888
2173431,605340
420713,213329
7993,100583
8093,98163
7506,98908
9958,98862
9286,98570
7464,98961
13257,100695
9445,98814
15171,101132
34833,107655
13411,99908
87028,121332
30528,106954
30767,105277
454521,207142
103986,127624
1754885,490596
2181984,605937
417197,216609
8826,100588
7535,99437
7286,99527
10137,99583
9072,99766
7829,98980
12681,100703
8974,99369
20406,101879
34272,107819
13639,101404
86858,121458
30735,105428
30435,104340
464210,204850
103834,127034
1765433,489042
2165370,619589
430052,218478
7743,109122
7618,99757
7473,98735
9363,99161
9093,98624
7579,97974
12929,99638
9033,99074
15595,100898
34375,108254
13527,100533
86861,122245
30314,104798
30409,105048
459270,206270
104611,127277
1766630,488790
2175646,599802
414649,216542
8291,100955
7676,98545
6762,99207
9536,99172
9204,98584
7346,98041
13222,100404
8633,99526
14812,101520
34758,106367
13965,100036
86726,121690
30306,105503
30395,104941
456413,206229
104221,126862
1774577,496949
2181458,603962
418014,216168
8207,99428
7773,98684
7167,98760
9759,99028
8617,98606
7070,97159
12599,99304
9142,98621
15628,101264
33982,106954
13714,101622
86481,122487
30057,105356
30172,104999
463115,207263
104186,126505
1760883,481001
2193076,608799
418467,215619
8511,100973
7038,99420
7234,99621
9761,99811
9326,98746
7270,98780
12590,100044
9104,98618
15308,102716
34129,107507
13314,99595
86629,121683
30150,105877
30509,106742
461372,206604
103692,125964
1757625,487248
2186211,606975
417327,216585
8616,101368
7473,98679
7138,98942
9976,99411
8939,103927
7239,97714
13063,100065
8762,98840
15736,100869
34095,107743
13815,100189
87151,121198
30756,105048
30516,104948
459643,215104
104138,128059
1781758,486479
2166894,602289
421330,215801
7701,101170
7103,99195
7137,99178
9746,100309
8854,99923
7313,98034
12586,101579
9234,99511
14850,102503
34737,107193
13203,100388
86522,122819
30367,106029
30580,105833
458816,207702
103817,126421
1779881,491254
2178466,601305
420772,215502
8293,100446
8042,100097
6879,97829
9487,98981
8747,97905
7239,98678
13209,100382
8714,98994
15330,101187
34310,106737
13585,99672
86440,121176
30496,104479
30787,105952
461464,207688
103730,127111
1767792,488256
2183271,607981
417003,217279
8387,100745
7230,100061
7205,99499
9636,99331
8942,99807
7709,99127
12884,100657
9567,98257
15733,100520
34699,107639
13965,100422
86652,122122
30235,106066
31189,106463
458696,205127
103871,127324
1770666,487239
2178778,607545
418948,216958
8288,101816
7777,100070
6560,100251
9109,99599
8619,100880
7374,97700
12329,101069
9184,99049
14787,99827
34155,106806
13380,100152
86989,121173
31500,105873
30663,105467
459581,213979
103967,127380
1777957,492669
2176432,604751
416160,214317
8732,101674
7705,99557
7650,98182
10106,98979
9249,99035
7624,98315
13348,100031
9156,99666
15496,102049
35014,107711
13573,100022
88081,121630
30676,106294
30433,105337
464303,205769
102865,126215
1792285,488692
2156688,602424
418662,216532
8536,101013
7346,99750
6497,98848
10015,100154
8812,99208
7613,98495
13274,99647
8914,97938
15153,101112
34157,107185
13783,99657
86672,122076
30957,105603
30145,106682
458612,207772
103840,127816
1773732,487343
2176598,609355
419338,216070
7920,99997
7224,98709
6959,99362
9335,99683
8824,99407
7226,97578
12639,101781
9196,98063
15356,101095
34095,106748
13853,100077
87310,121359
31178,105560
31063,105413
457102,204843
103314,125836
1766010,486334
2177479,600402
418357,217733
8201,99257
7745,99664
7623,98264
9522,98791
9429,99611
7879,97657
12787,99239
8756,98912
15733,100268
34952,106345
13417,100239
87415,120608
30676,105217
30584,105513
457119,214171
103459,126207
1762259,488539
2176770,604998
418156,214128
8372,101958
7863,98036
6855,99154
9903,99889
8836,98965
7245,98258
12752,100582
9097,98755
15416,100553
34283,106332
13804,99665
86974,121125
30431,104204
30406,104800
459998,206668
103918,125687
1789167,487726
2199964,605921
418035,214660
8618,101151
7670,97914
7310,98398
9465,99678
8719,99330
7268,97727
12419,100410
8843,98916
14878,100498
34214,106966
13550,100474
87409,121551
30326,105478
30308,105158
457646,206069
103554,125909
1774567,487672
2189651,605626
417111,215824
9353,100337
8308,99400
7061,99281
9669,99474
9797,98851
7559,99315
13064,101105
9574,97955
15523,100417
34659,107678
13919,100565
87336,120986
30624,106656
29995,112072
463329,208366
104971,127484
1770779,491361
2178590,604753
427299,216376
8026,100582
7457,105439
7560,104370
10568,99096
9186,98117
7641,97577
12973,100248
9591,99822
15465,101375
34437,106667
13729,100176
86420,120973
30976,105429
30984,105741
461048,205972
103611,127358
1784297,487076
2165418,599701
421116,214942
8805,99239
8221,99434
7233,98361
9822,99693
9488,99768
8165,97498
13531,99998
9273,98730
15491,101653
34759,106564
13725,100900
87692,120351
30907,106031
30564,105261
462288,206040
104771,127270
1773682,502823
2201579,604819
416797,215074
8442,100779
7635,99482
7777,99503
9566,98912
9285,99259
7850,98776
12680,100227
8846,99137
16155,101004
34937,106773
14001,99798
86641,120685
30306,105355
30928,104965
458563,206647
104427,126175
1778192,487727
2192862,610807
418362,217311
8307,100738
7172,98833
7220,99667
10029,99539
9100,98259
7457,97826
12672,101171
9365,98711
15820,100960
34983,106882
13603,100406
87179,121382
31196,106938
30251,105072
459158,206123
103497,127328
1766072,488078
2179932,614731
430009,217232
8154,107730
8035,97907
6761,99065
9410,100230
8984,98817
7124,97012
12410,99892
9290,98059
15326,99368
34671,106610
13899,98512
87413,120659
31229,104671
30361,104275
457827,204848
104023,125119
1781364,484826
2173135,606518
418296,216547
8101,99632
7337,98710
6546,98658
9990,99665
8721,99196
7305,98199
12432,101207
8572,98133
15364,101232
34066,107060
13637,99909
86644,120815
29759,105113
30255,105392
461724,200940
103926,116119
1780246,495765
2187826,606132
414990,214367
8058,100166
7126,98272
7137,98540
9951,99435
9372,98622
7141,99114
12308,100649
8859,99166
14818,100704
34126,106980
13297,100661
87085,121213
30576,105418
30675,104772
461616,206866
104040,126290
1788620,487024
2201624,610112
415597,216855
8572,101824
8168,99501
7269,100871
9889,100235
9197,99615
7978,98775
12839,101821
9365,99948
15115,100834
34619,107693
13238,98910
87131,128246
31547,110690
30607,104940
469277,206031
105532,132040
1782153,489897
2184906,617850
417964,223111
8344,101724
7259,98996
6947,98861
9497,99943
8953,98437
6719,98657
12794,100533
9121,99217
15189,100700
34286,107329
13538,99224
87100,120405
31041,105792
31251,105516
457674,206325
104112,127493
1785304,486773
2175903,596828
417513,217093
8115,100887
8198,100579
6881,99374
9622,100236
9048,99521
7577,97549
13337,100318
8713,98891
15288,101331
34233,108147
13967,100031
87810,120129
30449,105025
30228,104787
458396,207621
104433,125997
1778737,485067
2185593,604948
416813,218112
8530,102453
8244,100178
7606,99580
9557,99711
9125,99864
7358,98263
13091,100537
9030,99236
15234,102019
34258,107155
13825,99623
86633,122059
30995,105321
30866,105555
458875,206174
104831,127893
1778980,486189
2188792,602530
417971,216361
8071,102382
7620,99009
8025,99213
9741,98905
8887,99151
7637,98172
13096,100065
8984,98437
15250,102091
34822,106974
13807,98400
87203,120678
30833,105044
30523,104333
460873,206445
103330,126349
1780533,484940
2174578,599787
417703,214760
7752,100663
7766,97812
6863,98281
9604,98337
9521,97626
7384,97835
12885,100597
8901,98402
15178,100859
34944,107361
13508,100359
87248,121430
30732,105523
30727,104719
461513,205459
104433,127085
1778092,495700
2198651,602391
415711,217243
8430,100107
7508,98407
6812,98055
9629,99161
9216,99688
7615,98157
12710,100628
9023,98902
15183,100882
34571,106150
13338,100088
86830,121079
30469,105375
30794,104809
460797,205773
103894,126485
1781025,486710
2203055,601485
417407,216764
8714,100761
7273,99216
6952,98684
9693,99373
8967,99825
7728,98247
12760,101183
9392,99010
21865,102134
34717,108116
13940,99898
93486,122489
30302,105086
31137,105358
467510,204912
102877,127216
1781014,489097
2189808,614599
425547,217423
7434,99670
7378,98194
7086,98983
9620,98540
8703,98071
7465,97711
13406,100297
9442,98291
15660,100933
33867,106517
13835,98912
87242,121395
30913,104976
30407,106320
460466,206394
103175,126213
1777326,487409
2171806,606009
418161,215057
8258,101063
7677,99765
7738,98079
10262,100044
9733,97987
7707,97501
13321,98995
9244,98043
15131,101576
35232,106496
13628,99554
86767,121504
31970,104336
30479,105848
459682,205952
103788,125332
1776073,487929
2184916,608108
422258,216362
8970,99395
8521,99266
7379,98248
10065,99761
9478,99260
7763,98183
13716,99876
9680,99354
10726,99383
34458,107290
13295,99436
88144,120207
31340,104709
30492,106301
458401,206511
103756,126069
1769074,486767
2190805,602801
423943,216928
8156,100900
7966,99953
6934,98971
8852,103788
8627,99494
6976,97554
12731,100273
9239,97900
10719,99160
33385,105711
13995,99087
87295,119470
32267,103340
30210,104217
460925,212986
104248,126785
1785382,487594
2174893,603575
415506,215798
8562,100034
8422,98566
7687,97438
10137,99142
9036,97697
8427,97139
13060,98933
9693,98462
15473,100556
35058,106852
13812,98575
87824,119628
31827,104574
30412,104047
460125,205069
102965,125557
1801428,488140
2194894,612025
424515,216082
8507,101369
8334,99939
7347,99502
9420,99124
8655,98612
7194,98106
12841,99454
8929,97857
10240,98744
34300,107809
13591,100087
87221,120224
31288,104772
30847,105135
462082,205986
102796,126253
1777057,490096
2199830,612103
424757,216311
8696,100922
8466,98618
7401,98504
8987,98248
8601,97952
7208,98118
12227,99636
9417,98804
10581,98907
33605,106858
13782,100314
86520,119776
31327,105235
30534,104492
458039,204858
104563,127518
1769754,494502
2175660,612818
426772,214514
8193,107137
7893,98017
7428,98884
9587,98431
8843,98209
7708,98358
13814,99323
9558,98929
15368,100681
34967,105770
13714,99349
88259,121432
31747,104960
30197,105663
458441,207012
103590,126209
1773490,495999
2181448,608487
428222,214732
8319,99891
8306,99939
6988,98578
9426,99938
8773,98322
7142,97324
13195,100567
9222,97787
10266,99106
34081,107084
13750,99253
86896,119365
31167,104426
30300,104303
463182,206937
103647,126399
1765802,502174
2192199,615294
420562,213656
8526,100238
8533,98768
7086,97761
9659,99492
9321,98961
7702,98122
13362,99569
9821,98393
11232,97530
33995,105733
14040,100370
86812,120192
32529,103458
30867,104563
459377,206227
104652,127087
1783261,494617
2197866,606776
415124,215389
7938,100132
8150,99534
7353,99194
9853,101005
8480,99407
7503,98292
12673,106068
9601,100319
15669,100986
35482,112325
13616,99836
87223,121134
31970,105224
30062,104496
461237,213128
102521,127208
1790642,497446
2179090,624570
422922,214877
8761,100214
7800,98823
6903,98597
9374,98903
8500,98260
7065,97320
13574,98787
9423,98891
10223,98825
34417,105684
14341,99312
87549,119515
31572,104409
30440,103906
464641,205227
103284,124944
1792823,487194
2179965,596594
426930,215728
8543,99896
8795,99294
7615,99112
9244,99005
8680,98897
7414,98246
13196,99511
9206,98897
10139,98774
34502,106032
14080,99396
86252,119043
31343,103748
30113,103849
461355,204894
103979,126079
1792201,486784
2177669,614172
417186,216376
8075,101694
7733,99230
7131,99507
9210,99994
8849,98935
7216,97426
12705,100031
9892,99094
15316,99888
34963,106736
13508,99382
88203,120516
31742,106919
30187,111647
463675,207569
103436,127020
1766158,492969
2184816,607601
441366,216206
8552,100438
7948,98301
7002,102507
9010,98990
8450,98089
7103,97422
12994,99894
9232,97602
10251,99472
34803,106626
13546,99885
86946,119526
31277,104755
29692,104795
461107,205565
102649,126110
1777993,484618
2176576,607852
422223,217257
8328,101465
9534,98541
6840,98446
9089,99754
8967,99357
7558,99144
13201,100595
9433,99167
10537,99315
33659,106676
13925,101508
87162,120062
31573,104841
30589,105998
460200,207597
104095,127687
1785674,496188
2184836,603865
420036,216416
8334,102039
7819,99291
7202,99478
9128,99846
8402,99503
7670,98690
12696,101073
10268,99115
15495,101564
34208,107026
14202,99933
87335,120788
31496,106101
30112,106667
461717,207352
104280,126552
1779737,494361
2201456,610339
423585,216987
8130,101739
8305,101771
6688,98485
8822,104040
8717,99057
6849,104381
12662,100050
9814,103225
10116,98643
34732,106988
13454,99606
86411,120305
31256,104589
30542,105209
463166,215525
103260,124475
1783516,486026
2160811,601899
424393,217029
7585,100918
8305,99173
6815,97530
9443,98708
8812,99350
6990,98423
13130,100939
9443,98308
10597,100072
33453,106534
13869,99696
86581,120488
31485,105107
30417,105304
465664,206474
103475,127244
1794568,497575
2174386,601457
423347,215061
8638,100530
8038,98861
7133,97222
9746,99815
8821,98837
7220,99196
12750,99330
9751,98783
15119,100915
35024,106967
14072,100286
87878,120155
32376,105134
29762,105197
457572,206931
102730,125329
1777714,493260
2191173,609384
422430,215394
9341,99132
8836,98553
6870,98100
9795,99129
8891,98667
7169,97704
12732,100280
9955,98537
10404,98904
34112,106133
13595,98582
86846,120711
31863,105086
30084,104551
456530,206443
103776,125685
1761084,487734
2185622,599814
424282,216655
7679,101641
8538,99630
6954,98195
9636,99485
9485,99364
7344,98242
13376,100394
9262,99174
10650,99287
33734,106853
13969,100358
86805,121487
31738,105307
31238,104331
459261,205910
104240,126444
1761829,488777
2172186,604575
417906,215645
7764,101999
7988,100180
7489,100038
9153,99174
8182,104435
7396,98801
12468,100056
9601,100229
15391,101156
34819,106203
13534,100261
88197,120910
31145,105321
30091,104919
468520,206560
102889,130948
1777396,486686
2171641,612035
426962,227131
8512,102067
8075,99930
6802,99718
9218,100526
8344,99082
7052,99057
12983,98063
9458,98423
9924,98625
34311,107544
13247,100052
86743,120426
30949,104415
30354,105887
461489,206265
103263,126093
1777326,492923
2170452,607887
425732,214292
8887,98774
8714,99179
7614,96934
9998,98507
8889,98500
7390,98064
12773,99502
9153,98422
10866,99751
34479,105819
13560,99016
87212,120350
31755,104757
30894,103404
460617,206346
103601,125168
1797297,489524
2175082,606929
415748,216068
7957,102635
8086,99643
7264,98520
9132,99333
8441,97866
7534,98470
13048,99792
9597,98258
15332,100959
34339,107105
13708,99186
86894,121489
31641,106119
30404,105319
459673,206951
102926,126035
1773665,501154
2188420,604621
424761,215302
8561,100634
8713,98139
7609,98233
10034,98925
8565,97828
6982,97567
12830,99749
9517,98319
10078,98676
34607,108126
13954,99926
87405,120132
31468,105489
30631,104735
456479,204563
103341,125155
1774020,495963
2202181,612950
424767,215713
8324,100333
8395,100549
7412,98839
9865,99344
8936,99797
7914,98160
13035,100889
9467,99289
10487,100010
33913,107522
13860,100257
87063,121172
31885,104604
30469,105635
457076,207111
103768,127736
1775802,486083
2182778,606264
420577,217758
7973,100314
8545,100170
7487,99599
9536,98703
8923,98028
7263,103340
12400,99639
9785,104191
15285,101600
34143,106236
13618,99519
87500,121059
31848,105310
30580,104450
470541,206041
103223,131479
1767734,489838
2162273,616875
428908,225618
8924,101436
8532,99912
7509,98319
9640,99336
8490,97849
7398,98143
13344,99932
9362,98803
10738,98483
34185,106630
13495,99241
86768,120217
31656,105108
30600,93543
460669,205999
103462,124926
1770005,488955
2170892,603258
423243,218036
8309,100154
8339,98564
7085,98196
9176,98923
8787,98052
7749,97337
12989,99728
9255,98324
10306,99593
33914,105814
13598,101211
87213,120237
31496,104081
30433,103169
459341,205728
104340,125396
1788869,499764
2175198,613164
421260,218042
8877,101847
8487,99418
8105,98015
10039,100035
8543,98725
7982,99263
12655,101850
9672,100222
15528,101401
34449,107533
13993,100662
87707,121622
32297,106642
30048,106113
460422,206897
103889,126781
1777219,487314
2172520,614827
425981,216498
9058,100571
8653,99464
7178,98136
9727,99559
8944,98947
7669,98607
12745,100408
9541,98775
11128,99348
34940,107047
14092,99864
87174,120234
31150,104759
30718,105977
459442,206732
103178,128066
1773914,486742
2180048,609638
423200,218627
8934,101680
8794,98756
6888,99098
9162,104644
9352,99455
7485,103756
12972,99499
9949,105969
10819,98399
33804,112818
13285,99545
86609,119864
31638,105284
30500,105649
465538,206955
104017,134679
1796063,494359
2173842,617615
417345,222110
8098,101209
8195,99960
7474,98244
9512,99588
8638,98010
7572,97454
13098,99454
9618,98974
15201,101081
35161,106097
13971,100637
88403,119969
32255,105507
30331,105067
459565,206176
102698,126329
1778790,488196
2166700,602251
426506,215079
8471,101654
8678,100278
7046,98761
10007,99310
9055,98969
7592,98451
12859,101027
9274,98708
10040,98580
34299,106671
13681,99125
87588,120787
31177,104868
30269,104386
458884,205417
104417,125545
1770898,496601
2197247,607825
423162,218505
7990,99929
8741,99853
7047,99177
9368,99922
8969,100253
7804,97771
13249,101335
9104,99492
10334,100227
33724,106655
13595,99188
87161,120671
31333,105399
30104,105615
460511,206139
103994,127002
1775147,488797
2187641,606322
415904,215592
8350,102883
8174,100524
7551,98836
9091,99631
8234,98993
7537,98487
12440,100615
9644,99634
15089,101023
34580,107557
13711,99962
88355,121125
31806,104850
29663,106027
462273,207073
103643,125257
1778260,483404
2175214,603319
419946,215983
8849,100145
9369,100547
7110,100172
9789,95668
8853,104411
7694,97964
13245,98651
9273,98660
9795,99176
34031,106819
13449,100044
86364,121237
31825,105370
29908,105920
458923,212481
103696,127620
1775590,485948
2172000,604370
422768,216763
8868,101437
8668,98613
7307,98592
9158,99479
9191,97641
7543,98162
13585,99080
9662,99291
10692,98815
34312,106529
13852,99921
86796,120278
32015,105583
30883,105248
457987,206095
104353,124431
1780277,488349
2169403,601866
422248,215899
8175,100861
8201,94549
7631,99592
10281,100575
9374,98978
7626,99139
13084,100201
9997,99026
15988,101903
35129,106738
14373,99991
88890,120463
31365,106026
29985,105343
460813,207092
104058,128112
1782783,485810
2179512,602755
425286,216438
8414,101669
8661,100037
7316,98527
9900,100568
8986,98272
7430,99685
13406,100681
9272,99194
10645,99641
34014,108221
14240,99682
87521,121110
31560,105345
31080,104859
459893,206732
103682,126400
1782683,488132
2182215,606995
423257,216011
8386,100539
7874,99070
6991,99646
9199,98904
8681,98247
7710,98396
12986,96627
9220,99491
10636,99145
39315,107461
14053,99720
86181,120216
31431,110296
30292,104013
467385,206781
103104,133287
1783163,483029
2175113,616941
419402,224658
8154,99283
7809,98758
7373,100414
9858,99399
8857,97623
7896,98221
13206,100085
9634,99183
15645,100242
34818,106610
13516,99807
87465,120735
32112,104356
30268,104337
464447,204903
103903,125580
1786226,487627
2170245,607122
427640,216172
8766,98683
8132,97694
6721,97515
9829,98075
8279,97417
7096,98020
12992,100355
9400,98471
10815,99549
34213,105581
13538,99301
86523,119634
31176,105248
29976,104052
460642,204905
103144,124430
1766011,489622
2198924,600517
426417,216656
7949,101228
8660,98393
6968,97561
9683,98566
8818,99303
7326,98528
12712,100877
9185,99416
11477,100376
34378,106390
13238,98902
86018,118901
31546,104862
29958,104441
455739,204837
104227,124847
1779807,485240
2180511,603541
418354,215534
8418,101349
8196,101057
7717,98928
9346,99556
8709,91341
7531,98277
13354,100717
10132,98506
15225,101342
35092,106588
13702,99727
87165,127341
37785,106014
29532,104767
468347,205951
108054,126345
1780272,488128
2170048,616408
422901,222469
8710,100909
8306,99011
6944,98843
10199,99450
8587,98126
6813,97302
12997,99321
9361,98105
10042,97383
34328,105529
13234,99433
88221,120055
31248,104342
30534,103562
458539,206857
103569,126515
1779825,487704
2181861,603290
423807,215544
8264,99584
8036,98095
6847,97826
9247,98661
8767,98856
6917,97555
12263,99322
8825,97285
10585,98404
33920,106564
13669,99952
86216,120002
32325,103230
31039,104230
456472,205911
104016,125226
1787685,484611
2180101,602730
416132,214353
7742,100758
8170,99104
7336,97350
9382,99928
8992,97961
7580,97688
12502,98618
9797,99367
15092,100235
34392,106138
13589,99212
87530,119773
31654,105820
30223,104701
462191,205460
104067,126520
1778572,487487
2194804,606922
424138,216836
8770,101571
8114,99240
6864,99088
9043,99257
8551,98484
7057,98027
13465,105402
15397,98785
9903,99655
34405,111873
13331,99670
87204,119598
30959,105432
30608,104286
468358,207024
103803,126004
1782167,491678
2190012,613385
423596,216269
7730,101039
8530,99714
7603,97448
9099,98660
8606,98407
7539,98306
12574,100852
9605,98728
11093,98665
34107,106872
13838,100904
87105,121726
31650,104949
30809,105582
458494,206804
103461,125717
1794220,489593
2173154,601529
419504,216184
8402,101590
8020,99714
7027,99115
9541,100177
8329,97979
7705,98599
12747,100566
10396,99327
15412,101836
34627,106594
13520,100586
87170,121193
32026,105889
30107,103960
459141,206681
103168,128176
1791305,486100
2189687,605193
424320,219951
8353,101043
8645,100387
7519,99302
9822,100275
8999,99236
7262,98091
12977,100390
9658,99148
10481,99521
35186,107684
14070,100184
88755,121239
31952,105170
30072,111761
459622,206281
103526,128405
1770237,482873
2170338,611391
439064,220123
8001,106311
8179,100392
7237,99094
9705,99574
8930,98250
7319,98471
13158,100318
9748,98505
10450,98779
34473,106632
13429,99646
87510,120125
32349,105071
30568,105185
460561,205270
103659,126102
1797502,491100
2153699,601698
422378,217406
8638,103278
8879,99442
7681,99125
10071,99983
9452,98816
7332,99372
12527,99625
9185,100127
14890,101322
34370,107446
13842,100093
87857,120736
31757,105437
30068,105198
461433,206974
103978,126280
1776825,492561
2189136,600150
425072,215521
8622,100209
8519,98442
6776,98784
9306,99732
8473,98709
6631,98216
12796,100239
9005,99405
10255,99749
34194,107639
13424,99670
87328,120072
31619,106116
30110,106416
458282,206598
103474,126322
1786456,492469
2176626,607459
424679,216821
7755,100794
8573,100210
7231,98893
8961,104921
8928,99001
7911,103338
12478,99515
9263,105546
10264,98870
33591,106016
14403,99994
86162,119391
30880,104303
30091,104745
457932,212891
103648,125566
1786734,486296
2176141,603325
421274,218197
8105,101310
8657,99355
7487,99540
8987,99373
8648,98902
7089,97803
12557,100601
9703,99645
15062,101504
34556,106696
13889,99529
87395,120404
31768,105639
29796,104741
464966,205637
103202,126795
1795108,486456
2178287,600656
425038,220022
8412,99892
7956,99085
6710,99244
9603,98526
8742,99349
6919,97986
12995,99560
9722,98664
16144,100897
29494,105423
13420,100689
88447,120940
30932,104564
31680,105453
459387,205253
104650,127962
1781818,491192
2195016,600980
417765,216060
8100,101177
7390,99112
7059,98467
8834,100440
8957,98837
7172,96984
12953,99875
9328,98137
14945,100806
34320,106494
13468,99616
92436,120243
31199,105309
30535,105728
468747,205939
104295,125869
1798096,485976
2184014,615867
428203,218642
8301,100492
8289,98802
6846,98989
9627,99860
8889,98161
7123,97578
12852,100606
8626,98088
14975,100219
34607,106279
13688,99376
86900,121305
30722,104229
30308,106022
458792,206206
104892,127181
1782067,486096
2186130,595419
418750,218160
8475,101785
7539,98916
6935,98963
9874,100360
8842,98945
7772,99158
12512,100533
9023,99385
15075,101153
34218,106702
13430,99991
86140,121335
30791,105435
30436,105797
461151,205945
104029,127026
1783079,497091
2174928,612828
421355,215586
8033,102429
7407,100947
7629,99883
10135,99427
9027,99557
7625,98018
13282,100888
8888,99546
15200,101100
34942,106547
13912,100147
86891,120107
31081,104457
31550,105182
459852,207279
104650,126742
1778525,488325
2171790,601567
421290,215516
8098,101360
7293,98251
7021,98962
9784,100025
9278,99709
7858,97798
12905,99521
9640,98136
15598,100339
34767,106704
13569,99716
86820,121203
31003,104192
31100,105275
462495,206018
103589,127590
1767446,489922
2178045,608950
418694,215495
8264,101092
7919,98723
6858,99721
9351,99188
8774,98851
7546,98666
13103,100808
9058,99010
15591,100600
34288,106651
13851,99445
86812,121258
31065,104960
31430,105132
459402,205177
103919,126138
1769906,486804
2178506,607904
415402,216176
7942,101553
7697,98964
6815,100237
9452,99890
8721,99765
7373,98877
12512,100870
9212,99321
14741,106857
33962,107808
13651,101133
86375,121854
30493,106103
30205,105532
462531,208013
104234,126979
1765284,490775
2186037,610315
429364,217813
8680,102290
8249,98326
7653,98980
10159,99204
9666,104416
7467,97868
13552,99913
9283,98313
15986,100111
34763,106441
13398,99306
87425,119960
30745,103903
30734,104041
463986,205672
105121,126045
1778171,488662
2175439,622534
419490,223917
8766,100833
7405,99137
7183,99512
10115,100075
9123,99357
7635,98296
13057,100832
8590,98586
15298,100913
34094,107159
13641,98657
86784,121502
30932,104913
30607,104851
458443,205689
103276,126237
1777546,488301
2180548,608628
420158,215104
8438,100416
7625,98682
6852,98714
9869,99565
8781,98276
7004,98033
13259,99930
9467,98300
15347,100723
34601,107404
13882,101177
86902,121503
30210,104520
30821,105477
456302,206318
104673,126257
1770413,491474
2180431,606704
418903,213762
8667,101210
7467,99589
6945,98534
9927,99384
9196,98569
7893,98254
12957,100259
9130,98453
15322,101073
34478,107003
13288,98787
86132,119872
30812,105972
30107,104453
458776,204939
104637,126760
1770378,493124
2166696,614418
415332,217582
8655,100713
7524,100372
6677,98784
9847,99601
9546,99702
7701,98935
13917,101158
9864,99572
15333,101555
34414,106560
13969,100046
87127,120146
30532,105108
31023,105133
458078,205534
104876,126800
1777857,496385
2180853,606134
418666,216018
8372,100402
7436,99355
7208,99925
9668,100449
9186,100882
7377,98255
12890,100622
8730,99891
15128,101608
34853,107540
13374,99577
86569,120665
31336,105068
31709,105148
465378,206011
104661,127432
1763798,488764
2185545,608946
422029,215480
8254,101078
7513,98699
7065,98432
9577,99990
9631,98974
7257,98971
12656,102201
8820,100080
15721,101996
33927,107003
13179,101168
86887,122531
31605,106041
30947,105643
460173,206942
103899,126778
1761965,486914
2182078,606334
420477,214431
8977,100958
7559,99553
7094,98253
9247,104524
8672,99646
12697,99295
12657,105604
9367,99294
15130,101364
34738,113223
13335,100169
87424,121420
30576,111155
30658,105066
464588,206030
109432,127302
1755766,483941
2177834,620292
423892,216936
8698,100319
7854,99423
6965,99291
9787,99751
9714,99169
7619,99141
13100,101330
9118,99140
15099,100658
33771,107177
13973,99414
86597,121927
30060,105440
31237,104998
457604,207255
103495,125606
1788327,492016
2179007,599511
420226,216196
8919,100547
7059,100334
7165,99650
9649,98876
9259,99198
7077,98584
13088,100993
8738,99229
15442,100998
34494,106661
13566,101037
87823,121490
30547,104962
30712,104118
457890,205748
103982,126195
1770557,489885
2167119,605913
418724,216663
8459,100895
7463,99081
7066,98852
10047,99840
9222,98622
7635,97753
13551,100558
9094,99787
15517,102991
34913,107214
13790,100817
87203,121664
30172,106897
30862,105869
460080,205900
103388,126699
1767375,490354
2158467,607966
416305,217526
8269,101274
7217,99271
7525,99233
10463,99596
9201,100594
7528,98614
13413,101425
9171,98647
15787,101593
34507,106978
13908,99624
87236,122159
31228,104868
30941,106263
456308,206496
104276,126680
1773880,490158
2181776,615012
417110,216592
8142,101248
7191,98951
7149,99133
10172,100040
8648,99857
7738,98286
13454,100164
8949,99589
15550,101520
34252,107580
13285,100588
87048,121098
30626,106012
30158,109640
458310,206961
103751,126806
1768296,495915
2185887,613584
428627,213701
8626,100054
7540,105924
7413,99373
11255,100161
9326,98241
7734,98330
13051,100132
9137,98777
15074,100612
34144,107316
13339,99680
86933,120910
31084,104954
30680,105418
456830,211244
103774,125964
1764154,486519
2172762,602200
418485,216494
8092,102015
8175,99426
7141,99536
9312,100615
8967,100005
7510,98462
13073,100951
8838,99991
15160,100781
34145,107800
13962,100316
87152,121467
30931,106161
30557,105413
460089,206617
104034,125212
1772250,486618
2142077,603552
417630,216204
7746,100309
7713,98907
6898,99044
9622,99341
8569,99375
7388,98442
12494,100098
8622,99335
14864,102274
34431,107163
12926,100723
86438,121080
30553,105321
30672,104993
455395,205634
104533,125652
1756441,490271
2184629,610558
418202,215562
8107,100373
7873,98450
6686,99294
9492,100916
9210,99161
7705,97973
12339,99661
8910,99559
15340,100276
34243,108256
13428,100478
86262,122344
30889,105504
30368,105777
458773,208112
104890,127335
1762996,488461
2187164,607019
413661,215123
8446,99655
7331,98685
6804,99152
9844,99216
9073,99848
7439,98059
13312,100014
9441,98745
15413,100625
34341,107583
13844,99571
88037,127177
36528,105586
30939,104576
466096,206258
110148,127764
1757913,487076
2159818,610303
420117,221378
7574,100691
7709,98679
6963,98688
9459,94365
8847,97256
7340,97207
13074,100214
9415,99089
14853,100394
34481,106553
13517,99855
87159,120970
30741,105110
30958,105332
455978,206249
103757,126808
1782804,489251
2161786,604027
419109,216070
8215,99436
7765,97705
6699,98423
9577,100395
8592,98918
7453,98196
12607,100458
8717,97640
15137,100870
34338,106765
13411,99620
87379,121150
30465,104248
30190,104644
457758,204501
104883,126187
1763804,507768
2174655,605692
415895,214658
7780,101253
7467,98341
6868,98204
9706,99191
9551,99299
7778,98090
13202,100485
8805,98493
15571,101548
34449,107498
13591,99400
86845,120821
30785,104863
31357,104851
458271,206550
104689,126636
1770633,488426
2173937,611335
414280,217552
8219,101343
7657,99306
7485,99263
9495,100385
8837,99165
7143,98730
12712,100785
9127,98933
20181,101212
34374,107118
13605,101579
86958,121097
30940,104541
30027,105840
466489,205053
103865,127017
1774464,491994
2168501,616068
426981,217097
8478,100569
7903,98743
7314,98619
9689,99783
9266,99100
7651,97683
12908,99681
9096,98537
15506,100805
34647,107377
13333,99189
86912,121184
30755,103864
30757,105050
459134,205000
104536,125812
1772030,483648
2171638,596504
418100,217219
8324,100428
7214,98135
7194,98396
9519,99668
9147,98421
7139,97698
13149,99934
8760,98024
15360,100925
34642,107521
13724,99692
86816,120229
30562,104513
30820,106168
457909,206205
103258,126921
1763692,496349
2172201,607050
416380,215049
8058,100063
7915,99360
7347,98922
9750,99504
8934,100063
7069,98427
12479,101097
8812,99005
15665,101098
34794,107696
13247,100547
86904,120909
31165,105398
31189,98803
459971,207365
103099,126689
1775228,483860
2186958,603229
416184,214588
8545,101300
7883,100119
7227,99556
9494,99589
8696,100157
7600,98403
12214,100726
9203,99039
15286,101100
34335,106646
13361,105259
86730,126436
30367,105132
30399,104581
466804,206049
109820,128205
1780400,493941
2169462,614544
418379,222156
7650,100495
8411,98085
7016,99083
9790,99577
9447,98073
7522,98365
12696,100430
8674,98620
15032,101306
34611,107069
13529,100161
86727,119766
30604,105119
30135,104746
456835,206947
103388,125402
1769416,490624
2166817,603056
417540,215525
8389,100704
7833,99409
7126,100101
9885,99977
9370,98399
7774,98181
12984,100237
9096,98627
15310,101340
34029,106268
13584,100752
87584,120242
30907,104601
30807,104279
455611,204536
103840,126797
1768120,492173
2176233,605613
415262,216217
8297,100376
7699,98541
7091,98713
10243,99394
9287,98537
7508,97774
12704,100479
9171,98573
15417,101013
34220,106922
13479,99636
87514,121477
30630,105427
30718,107170
458370,206875
104675,126178
1768920,485835
2185572,606842
416622,217188
7937,99790
7725,99136
7637,99977
10327,101066
9253,97913
8053,100182
13327,100612
8957,98936
15131,100749
34867,106820
13671,105458
87258,127464
36399,111418
30420,104985
466359,207910
109563,126109
1772752,488944
2175754,618068
420705,221887
8846,100921
7378,97713
6849,98547
9232,98976
8595,99729
7499,98560
13365,101357
8805,99614
15231,100820
34559,106371
13056,99287
86446,121820
30866,104378
30332,104847
459737,207598
103455,124777
1782258,486137
2173819,603439
420628,215605
7958,100002
7517,98749
6753,99113
9656,99577
8503,99297
7528,98621
12417,100556
8611,98453
15327,100921
34725,106301
13330,100590
86674,120095
30595,105800
31114,104732
457544,205134
104163,125615
1768440,486687
2172709,603011
415652,216433
8082,101591
7822,98950
7026,98192
9680,98996
9254,98833
7445,98263
12510,100087
9415,98570
15615,99875
33902,106512
13304,99186
87106,120771
30518,104565
30794,105503
458174,205778
104412,127605
1775064,487830
2173979,608594
418557,214742
8179,100104
7239,98257
7157,98983
9980,105089
9196,99671
7668,104057
12571,100508
8963,104448
15580,90055
34684,106843
13657,99471
87600,120543
30537,105452
30436,105002
456043,213499
103618,126287
1763220,489914
2153823,606436
416314,216073
8263,100980
7465,97515
7225,98206
9607,98901
9276,97556
7768,97806
13020,99744
9690,98876
15466,100086
34617,106896
13304,99741
86937,120154
31626,104738
30166,105294
461397,205558
104217,125564
1776716,489510
2174085,603477
429102,216228
8380,101085
7869,99700
7384,98337
9237,99441
8950,99594
7582,98121
12327,99941
9758,99029
10456,98902
33969,107045
13202,99423
86138,121051
30738,104972
29759,104801
458413,204096
103084,126039
1778532,480561
2184651,598930
424129,218535
8231,100488
7976,99168
7082,98229
9114,99025
8796,99227
7158,97985
13483,100540
9891,98354
10873,99841
33572,107598
13494,100559
86163,120534
32067,103898
30414,104640
460269,206658
104248,125790
1793577,487997
2187326,602505
418577,217685
8537,102377
8700,100356
7630,98755
9221,106205
9480,99275
7859,104022
12751,100447
10257,104408
15212,101293
35056,107623
14096,99538
87731,120003
33017,106397
29777,105829
466001,206714
102981,127507
1777549,486530
2171390,614065
428281,216107
8377,100499
7808,98924
7097,99462
9537,100314
8282,98336
7122,98423
13512,100402
9152,98892
10700,99240
33880,106488
13515,99506
87143,119990
31583,105059
30181,105270
465077,206865
102501,125886
1794275,489428
2179512,604202
422713,218355
9412,100836
8397,100130
7324,99797
9840,98487
9153,99016
7781,97383
12748,99823
9583,98507
11027,99454
34006,106068
14092,99826
87702,119617
31941,105228
30790,106110
460008,206970
103829,127891
1790787,482999
2185532,606725
417413,214996
8009,100785
7920,99118
6945,99016
10328,100048
8769,99523
8238,99055
13528,101061
10168,99555
15928,102131
34616,107818
13567,100169
87122,121693
32355,106241
30125,105102
461854,207890
103043,125600
1773008,484169
2187976,605995
433688,218412
9430,101228
7635,105358
7097,103663
9205,98979
8869,99237
7244,97960
13005,100600
9530,99346
10155,99559
34881,106835
13661,100320
87149,121228
31743,105553
29853,105046
457430,206424
102936,127003
1777535,483572
2172853,604246
422955,214994
8463,101505
8143,98865
7168,97817
9716,99683
9526,99350
7995,98722
13248,101362
9407,98962
10540,99700
33922,107294
13666,100266
86728,120576
32379,105241
31068,104786
457670,205918
104066,127261
1784362,499009
2182570,611251
420697,217260
7979,102314
8149,99800
7208,98433
9598,99242
8882,98559
7091,97955
12113,100142
9495,99635
14581,101954
34558,106528
13441,99955
88222,120244
31925,105194
29915,105848
460586,206808
102521,124758
1778632,488160
2175590,608607
425845,217181
8505,100689
8242,99206
6991,98606
9096,99422
8577,99022
7196,97825
12463,100168
9985,98458
10442,98545
34487,114337
13559,98780
86491,119500
30889,104878
30260,105763
466835,205779
102942,126355
1782302,486106
2166595,609142
423752,215518
8109,98753
8355,98322
7060,98191
9541,99265
8887,97982
6919,98360
12680,100490
9230,98998
10917,99062
34044,105936
13604,100113
87018,121702
31816,104542
30807,106328
463744,206674
103730,125547
1787662,492036
2168622,600857
415987,217012
8451,100566
7981,98958
6951,98848
9714,98693
9048,98213
8069,98201
12900,98533
9899,99276
15166,100890
34450,107182
13612,99580
87070,120894
31287,105117
29952,104854
460792,205390
104023,125509
1782985,483832
2191252,608686
425796,216461
8205,102900
8252,99624
7132,98264
9283,99280
8572,98904
7095,98737
12141,100282
9284,98543
10230,98195
34434,106621
13644,100039
86793,120824
30978,104826
30399,104866
457785,204981
103671,126160
1779294,489246
2163275,615274
432830,216083
8101,106304
8378,98730
7119,97253
9016,98548
8886,98238
7061,97852
12566,100220
9272,98435
10218,98366
33445,107478
13506,99324
87070,120631
31424,103411
30616,105285
454541,204544
103074,126620
1799645,485782
2162779,608197
417749,214892
8094,100241
8367,99356
7241,98665
9629,99987
8902,98344
7544,97908
12595,100084
9436,99861
14709,101735
34208,106696
14239,100113
87034,121418
31818,105772
30273,105242
459429,205968
103773,125312
1801017,486566
2174282,604533
423502,217155
8233,100150
8018,98662
6971,98169
9432,100007
8583,97627
7302,98700
13231,99650
9034,98206
9970,99196
34208,107207
13450,98653
87226,119639
32044,104386
29970,104286
459330,206103
103342,127264
1784186,489390
2177637,604493
426012,216456
8062,100429
8645,99594
6984,98682
8741,104455
9282,99832
7041,98422
12524,99904
9742,98950
10512,98384
34792,106315
13977,100235
86787,120528
31846,104332
30417,104301
460507,215431
104028,125770
1797744,489097
2160533,597532
418500,214645
8788,100558
8638,98150
7557,97491
9909,98264
8779,97552
7618,97261
13291,99719
9807,98919
14948,99785
34357,106072
13747,99007
87875,119792
31680,105358
30165,104576
461620,205524
103254,125942
1788254,489020
2167795,598651
425539,218319
8282,101421
8256,99410
6962,98985
9760,99600
9202,98115
7088,97020
13631,99084
9660,98708
9992,98845
34538,106875
13381,99325
87041,121683
31118,105408
29862,104804
457870,205638
103362,124672
1779563,488727
2172596,603674
419256,216777
7941,100113
8289,98687
7141,99096
9346,98745
9269,99096
7440,98264
12687,100125
9468,98617
11442,99514
34566,106652
14121,99949
93108,119656
31746,105874
30197,104853
471786,206564
103670,126972
1788868,491427
2168375,612640
429363,215580
8208,100851
8612,99584
7640,98306
9520,99727
8739,97630
6947,97695
12595,99527
10548,98152
15236,100791
34821,105874
13673,99973
87831,119410
31558,106532
30294,104250
458531,205837
103082,126063
1792466,491348
2160035,607170
425869,214929
7956,100606
8308,98401
7434,99472
9692,99530
8518,98141
7643,97772
13370,100863
9451,97997
10006,99190
34296,106733
13614,99141
86787,119608
31061,103910
29951,104503
462445,206776
103964,125274
1794962,488544
2183305,598068
425968,218202
9462,101334
8759,99021
7604,98844
9089,99456
9386,98510
7959,97910
13409,99974
9866,99182
10751,99481
34583,106489
14095,99677
86706,120590
32334,104624
30558,104685
459927,206424
103177,125103
1781767,492823
2189179,606293
417174,215412
8757,100560
7773,100357
7205,99114
9190,99355
8447,99385
7637,97982
12975,99481
9695,99818
15380,101126
34584,105408
13397,99470
86854,121523
32148,104985
30204,105177
458371,205706
104163,126276
1763687,484126
2175138,604863
424058,217559
8545,100815
8653,99965
6562,98572
9156,104160
8751,98905
6901,103207
13031,106918
9338,99806
9847,99291
39579,107887
13231,100310
86131,127286
37397,105807
30686,105013
465188,205590
103284,126425
1780420,488810
2174708,623396
432264,217645
7528,106174
7910,99541
7140,97998
9988,98930
8863,98407
7333,97140
13290,99671
9623,99046
10635,98269
34253,105718
13994,100186
86537,119643
32326,104337
30361,104140
459118,206091
103966,126088
1798322,489584
2164800,605822
417918,213096
8666,101386
8526,99973
7599,98020
9880,99141
9103,97539
7193,98370
12400,100018
9555,98542
16319,100740
34333,106539
13704,99042
87204,120109
31422,104748
30049,105018
458517,206108
103051,124998
1783071,489341
2175373,608790
426466,214110
8829,99962
8723,98717
7518,98317
9240,99191
8492,98141
7152,97381
13325,99221
9545,99566
10016,99026
34141,106982
13751,99300
87239,119192
31700,104833
30706,104620
458822,206172
102886,125442
1773169,490118
2173774,604054
424875,216695
8584,100515
8021,98897
7764,98992
9381,99391
8918,99870
7749,98282
12577,100001
9542,98278
10799,99180
33952,106733
14227,100698
87982,120205
31792,104517
31125,105164
461614,205938
103529,125342
1770487,496117
2182918,614223
418145,216078
8673,103006
8423,99633
7211,98450
9784,101146
8227,98609
7704,98985
12286,99567
9591,99075
15288,100741
34896,107539
13650,100119
86880,120722
32163,105995
30141,105182
460162,206382
102946,125722
1769737,489870
2183900,605729
422545,216418
8579,100213
8449,98500
6930,97624
9561,99775
8998,99252
6936,97510
13153,100421
9193,98706
10382,99607
34630,106518
13878,99405
87815,121225
31138,104427
30357,105018
458294,205550
102764,126046
1768613,489133
2180726,605870
425475,217254
8452,101603
7795,98562
6919,98820
8730,98308
8517,98851
7372,97666
12896,99805
9369,98196
10789,98165
33462,105788
13716,98812
87712,120268
32204,105257
30785,105423
457155,207074
104307,126175
1774776,490299
2178306,607570
417920,216027
8509,100636
8383,100279
7352,98850
9166,98624
9016,98567
7222,97390
12614,99633
10437,98767
15286,101470
35358,106567
14164,99550
87059,120210
32271,105392
30320,103767
459551,211411
102382,125383
1780536,484201
2172708,613949
424167,216617
8118,100580
8491,99395
7096,97454
9277,99605
8548,98232
7106,97934
13377,99153
9567,98076
10369,98347
34201,106548
13856,99387
87561,120489
31769,105360
30459,105681
455900,205235
103278,126208
1779534,487462
2166692,611169
425899,215494
7733,99321
8363,98651
7201,98010
9297,99089
8709,98479
7450,98120
12551,99673
9191,98143
10783,98010
34278,106491
14246,100088
86353,119711
31514,104777
30817,104919
462568,207412
103533,125388
1797688,496429
2176234,610115
418317,216976
7931,99933
7747,100491
7158,99796
9135,99318
8199,99360
7147,99333
12628,99826
9384,99559
15277,101850
34705,107676
13612,99671
87919,119580
31941,105612
30455,105783
460833,205722
102433,126189
1774229,490816
2166844,605335
421835,219329
9179,100976
8782,99629
7119,98112
9539,99815
8487,97668
7335,98137
12417,100139
9189,97617
9862,98911
34940,106636
13989,99696
87182,122659
30957,104946
30413,105605
460877,205406
103747,126086
1762938,481211
2197101,605743
421792,216066
8340,100781
8188,98747
7231,97918
9372,98427
9206,98813
7209,97932
12924,98797
9140,99030
10271,98276
34744,106054
13461,99171
86610,119642
31357,105056
30458,104315
464869,205936
103952,126511
1773041,491001
2170539,612932
420573,213348
8371,100549
7981,98671
7397,98780
9998,98809
8762,98500
7156,97203
13041,99367
9296,98410
16332,100386
34660,105396
13612,98848
87502,119993
31929,104614
30896,104664
462231,205360
104532,127552
1771411,490886
2170257,607542
424022,216271
8738,100848
7933,100124
6694,99472
9547,99584
8553,99352
7252,97831
13400,100875
9609,98852
9934,100345
33936,107274
13198,99883
87037,121153
31424,105951
30932,104900
457881,204238
102873,125923
1769915,493995
2187179,605313
424108,215383
8126,100193
8732,98823
7911,98310
9374,98590
9053,98986
7643,98362
13358,99946
9566,98149
10835,98775
34175,106171
13868,99659
87131,120053
32088,105279
30400,103873
458821,205005
104123,125373
1769911,486937
2176865,609710
418323,213905
8410,99816
8130,99921
7235,98397
9962,99552
8651,97776
7638,97978
12781,99848
9617,99601
15266,100876
34281,107501
14521,99831
86909,120559
31832,104606
35278,104661
459149,206136
105277,126989
1766724,486222
2184679,604774
428722,216132
8010,100642
8152,99186
7062,98336
9412,98332
8480,98086
7227,97307
13070,99138
10099,98320
10526,98744
35022,105860
13939,99656
87000,120397
32376,105536
30816,104690
456734,212254
102753,125413
1778220,484424
2183395,610573
426740,218891
8353,100393
7697,99199
7527,97911
8921,97918
9110,97350
7754,97483
12578,98715
9003,98501
10202,98172
34034,105315
13490,99059
86547,120047
31364,103936
30094,104445
457972,205120
103168,125111
1797951,486180
2160002,604961
418301,216239
8645,101062
8524,99541
7255,98237
9230,99682
8286,98316
7120,97907
12666,99867
9700,98606
15736,102790
35163,106818
13745,99591
87267,121078
31770,104932
29436,104695
460661,205505
102863,125779
1772717,486911
2173707,607806
425258,215760
9129,100909
8349,98933
7177,98151
9585,98623
8884,97939
7301,97299
13446,99605
9355,98252
10513,99197
34418,106449
14731,100147
86918,119949
31250,105819
30109,105431
460172,207025
103375,125698
1774511,482621
2170592,608450
423212,215282
8177,100547
8361,99864
7038,99726
9562,99481
8893,99498
7103,99036
13117,105603
9678,99488
10552,99325
34347,112774
14220,99631
87100,120376
32295,109316
30363,104730
466568,204861
104246,132619
1782673,485607
2158151,614080
416470,221524
8329,100449
8334,98198
7053,98407
9910,98981
8385,97346
7561,97907
12738,99223
9097,98110
15470,100181
35508,106927
13937,99246
87223,120360
31736,104652
29832,104698
461047,205248
102957,125405
1777316,489506
2175331,609404
428569,213526
8644,98988
8573,98904
7100,98404
10077,99499
8536,98076
7450,98575
12838,100134
9037,97826
10264,98999
35080,105713
13605,99387
87937,120650
31239,105254
30934,104811
458437,206174
102512,125124
1769284,495171
2174734,608945
422637,215450
8502,100177
8175,98430
6830,98148
9604,100108
8472,98821
7633,97532
12960,100699
9206,98720
10507,99378
33614,105241
13720,100247
86628,120821
31657,104851
30214,104937
458836,205352
103860,126273
1790824,489898
2186244,606875
415446,215050
8478,100326
7924,99161
6914,98846
9269,98970
8624,98776
7373,98599
12571,99658
9632,98307
15064,100659
34369,106465
13390,100203
86610,127657
30938,111101
29767,105106
469767,208307
108428,127267
1780663,485899
2159238,617250
425130,226019
7930,101569
8013,99229
6615,98723
9155,99106
8356,99160
7022,98680
12671,100467
9636,98501
10337,98449
34561,107150
13589,98221
86768,120913
31331,104872
30368,104574
459637,206016
103905,126882
1782163,491293
2174095,599884
424960,217594
8668,100650
8878,98325
7344,98670
9366,99227
8566,98102
8064,97964
13249,98776
9132,98209
10502,99670
34314,106732
14098,99476
86395,119900
31646,104081
30932,104298
460828,204397
104298,125725
1784928,486193
2172497,606122
417762,215656
8689,100373
8004,99849
7532,99576
9695,99296
8387,98133
7751,99595
12495,99683
10074,100064
15721,100749
34913,106914
13465,99915
88071,121369
31539,106247
30109,105792
458385,206741
102774,125585
1782712,486126
2184987,602817
421903,218423
8484,100249
8112,101055
6798,99498
9606,99091
8882,104306
7599,97626
12843,100142
9350,98831
10072,98592
34647,106965
13324,99707
87141,120924
31482,104042
30665,103566
461941,205657
103763,126789
1787721,488214
2183292,604878
424334,217309
8065,101637
8458,99451
7804,97288
9260,98204
8888,98152
7274,97244
12840,99363
9107,99396
10783,99208
34204,105657
13719,99214
86627,119795
30892,104459
30248,105224
456679,206296
103290,124903
1789634,492662
2190346,606599
420207,214424
8742,100343
8853,99109
7652,97836
9989,99009
9168,98180
7644,97525
12935,99775
10022,98532
15461,101394
34695,105975
13769,99823
88292,120485
31541,104886
30604,104683
461783,204881
102825,125121
1783108,486448
2183487,601246
423447,219977
8499,100198
8653,98917
7387,98149
9240,99841
8277,98644
7426,98691
13435,99557
9280,98698
16289,101287
29729,105105
14165,100312
87055,119971
31368,105137
31625,111607
458531,207600
103797,126056
1772944,483868
2180745,608425
431879,217452
8614,100703
7514,97812
6741,99097
9899,99212
9720,97682
7666,98010
12741,99136
9167,97973
15377,100860
34423,105495
13375,99836
86654,119369
30680,104814
30719,104705
460573,205708
102464,126087
1790858,485215
2181347,604339
414258,217302
8779,100301
7631,98177
6950,97534
9157,98150
9159,97871
7241,96830
13188,100236
9666,97979
15634,100395
33814,106202
13401,99123
87233,120580
30447,104493
30380,105276
460482,205555
104521,125713
1786047,496981
2205937,605799
418296,217558
8433,101966
7429,99312
7100,99662
10406,99863
9039,100251
7239,97773
12808,100157
9277,99851
15403,101086
34424,106782
13465,100350
86839,122983
31152,105531
30668,105385
463744,206157
104368,126753
1776664,489298
2181480,598160
418842,216581
8091,101456
7244,99934
6911,98921
9254,106311
8650,99466
7085,105697
12949,104370
9033,103890
14635,100172
34039,107225
13440,98867
87563,119629
30342,104946
30765,104804
462170,213315
103180,125567
1786625,494790
2162472,604504
418899,216581
8866,99687
7942,98523
7014,97584
9749,98529
9515,98868
7103,97232
13091,99866
9162,100143
15655,100432
33866,106795
13229,99660
86485,121481
30470,105772
31262,105643
462308,205892
105226,126712
1785444,494340
2172985,602061
418868,216318
8257,101450
7634,98457
6676,99168
10072,99948
9256,98249
7329,97889
12942,99210
9190,98144
15173,100547
34647,106930
13521,99325
86752,120882
30704,105439
30590,105475
464536,205689
104661,126666
1777284,486370
2185096,608623
418632,215527
9078,100675
7559,99577
7587,99331
9765,98744
8851,98940
7817,98910
13208,100217
8971,99409
15005,101488
34545,106549
13705,100734
87363,121630
31274,106198
31288,112148
466236,207443
104247,126880
1761281,486737
2166925,617175
430075,216100
7918,106293
7395,98295
7353,98317
10153,99105
9247,98776
7864,98144
12590,90770
9100,97615
15118,101498
34683,106505
13637,99606
86700,120641
30490,105048
30299,105218
456208,205122
104600,124600
1790461,486150
2182637,601932
416060,214221
8399,100232
7839,98089
7446,98181
9651,100216
9853,99045
7754,98387
12829,100385
9603,99066
16023,101156
34556,107232
13407,99752
87373,120787
30510,105100
31511,105494
463832,205812
104467,126234
1778034,494502
2194408,605733
419572,213392
8287,99588
8139,97329
7364,99130
9495,100667
8893,99667
8041,98395
12602,99881
8957,99590
15492,100730
35429,107620
13312,100163
87014,121423
30482,105688
30392,105083
462027,206569
104126,126426
1773491,489529
2189710,606528
416857,216107
9228,100647
7710,99067
7730,99480
9523,99780
9128,99770
7708,98445
12601,100808
8831,99641
15278,100755
42176,106869
13664,99313
87300,120880
30530,111484
31153,105475
463192,206065
103436,132330
1775336,484025
2174341,615619
417778,221489
8207,100227
7718,97951
7240,97763
9774,99899
9086,98521
7126,98044
12857,100346
9115,98842
15413,96569
34603,107102
13483,100428
86965,120978
30566,104692
30719,104874
461763,205713
104005,126266
1784334,490694
2167244,601108
418253,214957
8257,100235
7571,98401
6744,99374
10045,100488
9180,99094
7361,98286
13061,100076
9029,100198
15318,101190
34979,106887
13801,101152
86761,121377
30408,104791
30663,105586
458239,207061
103688,127780
1772788,486600
2177607,601420
416305,215574
8559,100273
7455,98822
6605,100192
9447,99880
9038,98868
7951,97822
12803,100402
9047,99388
15862,101595
34173,106134
13981,99101
87247,121034
30794,105093
30890,105396
461180,208304
103775,126073
1771550,488096
2178146,607122
425999,215474
7800,99273
7636,103565
6618,103251
9888,99002
9201,98492
7135,98441
12921,99745
9021,99174
15381,101146
34246,100483
13505,98333
86996,122456
30448,105303
30794,105585
460302,205604
104853,127161
1774145,491225
2169817,601898
416926,215398
8439,99924
7535,99927
6480,98398
10025,99801
8409,98054
7378,98455
13105,99844
9074,98835
14777,101728
34644,107751
13463,99810
87277,120642
30200,105682
30276,105192
460071,206417
104788,125863
1779477,496854
2180261,604981
413285,216971
8213,100195
7416,98307
7377,99101
9418,99341
8712,97943
7283,96857
12578,100660
9359,98732
15011,101556
34996,106599
13898,100317
86624,120489
30388,105206
31301,105476
462133,205698
105220,126402
1769308,486396
2187686,615600
418805,217347
8872,100951
7596,98941
6994,99953
9624,100018
8932,99127
7026,102658
13032,105285
8798,104849
15129,101143
34576,106432
13928,98925
87189,121025
30877,104440
30924,105540
457213,214596
103436,126696
1782314,487858
2179035,606996
416799,216667
8271,101002
7565,99585
6905,99607
10127,100607
9301,99259
7624,97221
12659,100547
8918,98996
15613,101815
34389,106793
13799,100687
87409,120306
30837,105766
30969,105009
459785,206976
104532,127447
1784939,491481
2175229,612635
415904,215381
9001,99480
8119,97723
7147,98831
10012,100035
8891,98266
7239,98108
13017,99744
8818,98826
15366,101017
34658,107229
13443,99612
86322,121055
30818,104320
30682,105455
459590,206662
105716,125894
1782843,483687
2185387,608456
419600,217048
8768,100355
8131,98607
7575,100022
10335,99865
9018,98444
7608,98423
13051,99090
9076,98983
15385,100940
35033,106004
13486,99626
86857,120791
30055,105152
30089,104328
466389,207687
104681,127429
1774801,486144
2174768,617342
428154,215836
7688,100307
7644,98646
7677,98625
9737,99602
9119,98077
7352,97556
12993,100447
9084,98294
15235,100901
34524,107066
13779,99708
87334,120849
31053,105204
30905,104887
458827,205848
104294,125795
1784992,489464
2162613,603730
417449,217108
9042,100579
8039,98765
7298,98455
9766,99988
9397,99971
7290,97907
12358,100184
9069,98599
14935,101697
34397,106252
13338,99580
86861,119872
30693,106186
30810,105754
459591,205997
104230,127706
1780823,484235
2183997,603489
417242,214893
7943,101657
7583,99543
7066,99098
9433,99858
8724,100070
7119,97936
12610,99964
8875,97816
14796,101920
34986,108416
13736,100185
86650,120997
30300,104863
30202,105049
457478,205463
104907,126391
1770920,495043
2174318,610117
417931,215882
8287,101575
7717,98819
7221,99607
9596,100454
9226,98935
7295,98286
12487,100355
9025,98245
15456,100903
34757,107136
13397,100255
87190,120951
31326,106196
30500,104568
461551,206367
104571,126137
1789807,488175
2170770,604840
419169,216795
8800,100400
7575,98286
7535,98436
9587,100281
9026,99364
7411,97817
12747,99702
9155,98691
15412,100809
34934,106961
13737,99150
87880,120957
31044,105330
30658,106366
460243,207331
104983,128272
1781714,499713
2179734,611247
416246,215858
8499,99892
7770,98316
7461,97951
9787,99774
8994,99108
7296,98680
12683,101276
9304,98649
15908,102035
34512,107100
13474,100487
87472,121386
30439,104803
30815,104859
461383,207026
103853,127480
1769065,485813
2181789,617937
418690,216206
8253,101532
7933,98582
7369,98930
9606,99512
8800,98054
7917,97947
13167,101093
8793,98692
15156,102243
34655,107622
14092,99167
86366,120122
30979,105227
30296,111238
456076,205532
105086,126507
1757725,484822
2200993,607220
418654,217711
8374,100719
7117,99353
6981,99514
8959,99086
8777,99771
7725,98076
12601,99052
9309,99106
15474,101524
34726,106553
13684,100159
87432,121139
30688,104936
30662,104689
467674,206163
104558,131678
1775285,489028
2180106,623900
417867,223731
8086,100943
7405,99599
6901,98733
9772,100011
9168,99314
7707,98482
12477,99564
8697,99178
15059,100067
34270,107654
13862,99967
85904,120576
30368,105223
30077,104161
456009,205736
103470,126292
1763593,493988
2163533,601468
417328,215067
9287,100153
7410,100088
7525,99038
9737,99301
9266,99128
7383,97594
12848,99088
8869,98222
15285,100717
34232,105034
13705,99145
86665,120362
30432,104660
30727,104913
453652,204569
103124,125536
1768395,488965
2151122,604024
412121,214292
8662,100495
7577,98612
6865,98533
9642,99390
8896,98731
7272,98621
12931,100258
9266,99113
15121,101566
34296,106369
13086,100092
86388,121066
30072,104892
30096,105326
455150,205600
103171,125627
1752038,500122
2182289,611974
414067,214869
8756,102459
7244,99219
7151,98570
10158,100077
9149,98268
7766,99095
12784,100959
8916,98220
15201,100493
33910,106995
13688,99747
86050,121002
30501,105417
30255,104651
456625,203986
104199,125790
1749857,486180
2172545,608088
416964,214621
8460,100538
7458,97872
7481,99461
10446,99839
9299,98992
7620,97655
13727,100196
9226,98290
15475,100175
34557,107124
13891,99884
86058,121398
30764,105393
31115,104062
453566,203977
103871,126220
1750105,485522
2168538,607984
415201,213199
8801,100178
7615,99345
6860,99233
9969,100337
8612,99622
7138,98659
12717,100800
8954,99840
14976,102084
34482,107539
13350,101092
85669,121021
30961,106701
29875,106550
453508,205817
102691,126256
1744518,488098
2177245,602685
412923,215874
8351,102296
7086,98712
6611,99254
9054,98911
8948,98620
6992,98387
13237,99276
8789,99586
15127,100693
34407,106585
13326,99400
85696,119480
30353,103889
29853,104933
461386,206070
103425,131866
1766896,484621
2157930,607507
413417,223385
7564,101218
8057,98206
7162,99030
9543,97975
8983,98927
7298,97882
12703,100615
8468,98212
14912,100844
34254,106494
12859,99400
85568,121724
30426,105133
30272,105432
454232,205676
103348,125063
1766765,485855
2170695,604435
413262,214555
8280,101055
7861,99336
6740,98884
9539,99525
9298,99049
7398,97561
13203,99786
9159,99083
14899,101652
33678,106122
13124,98910
86149,120719
30775,104422
30922,104488
453988,203089
102927,124394
1762508,483909
2160094,601132
413928,215846
8382,100304
7429,99756
7862,99709
9998,99364
8592,93124
7772,97675
12960,99844
8986,98159
15358,100391
34008,106787
13744,100286
85424,121312
29874,104723
30120,105488
454952,204015
103565,126125
1751926,496028
2174078,599651
413666,213417
8372,102020
7864,98694
7062,98463
9788,98928
9185,98845
7086,97527
12479,100277
9012,99290
15708,100774
33607,107347
13942,98914
85128,120857
30721,105852
30574,104974
455899,206328
103326,125273
1753160,483138
2181610,604590
413252,215462
7893,100903
7742,98234
7149,98907
10103,99371
9597,98663
7856,98572
12628,99952
9542,98593
15627,100262
34339,107277
13441,100579
86369,121007
30511,104742
30612,105212
456209,206969
103299,125882
1749361,486609
2168743,596599
416953,213873
8543,101616
7045,98560
7453,100449
9658,100047
9102,99167
7547,98545
12437,101146
9019,99313
15394,100640
34241,107268
13387,104906
85788,127182
31462,105609
30549,105609
460656,206071
102698,126278
1757794,486161
2159982,611481
429933,218286
8521,100942
8499,98660
7531,99251
9830,98563
8686,98770
7485,97850
12964,99577
9087,97921
10807,98155
33958,106657
13661,99526
86321,119429
30719,104541
30553,104376
454164,205056
103277,126235
1761401,485282
2151417,600997
422140,216575
8698,102548
8501,98850
7158,98796
8954,98843
8608,99406
7807,96858
12707,99463
9139,98571
10673,99020
33723,106172
14091,98874
86314,119452
30835,104891
30035,104987
454024,205259
102696,126126
1783083,487789
2148910,596327
414469,217309
8200,102554
9362,100610
7748,98780
10058,98766
8995,98825
7794,98007
13130,100676
10585,99306
15870,101575
34326,106555
13672,100719
87773,120740
31346,104851
29872,104723
457699,204634
102173,126010
1762761,493885
2174225,600888
417230,217454
8836,100604
7936,98566
6907,99469
9217,98950
8565,98326
7182,98247
13289,99669
9476,98166
10399,98866
33928,106364
13814,99124
87445,120667
31242,105279
30463,104880
453407,204204
102369,126476
1766284,485753
2168596,603483
421350,214988
8205,100484
8358,98673
7148,97869
9618,98635
8950,100087
6994,98815
13456,99103
9058,99303
10896,100233
33763,106525
13714,99345
86084,120738
31099,104946
29984,105389
454157,205707
102992,127985
1775596,485414
2167568,593951
411993,215879
8159,102908
7914,99637
7131,99613
9203,99086
8813,103807
7619,99145
12613,99650
9258,98948
15108,101447
34376,106988
13777,100538
88277,120536
31223,105068
29440,105464
454434,213249
103170,126214
1765904,488057
2151791,591796
420762,217994
8979,101077
8107,99270
6568,99137
9607,99257
8986,99187
7381,97913
13341,100315
9410,98957
9956,99055
34270,107235
13141,99059
86604,119328
31013,105943
29818,105229
458123,205896
102055,125127
1774847,488477
2149403,599069
422342,214615
9399,100265
8536,99016
7270,98304
9057,98860
8837,98599
8332,98103
13342,100272
9415,98928
10965,98821
34325,107433
14411,100034
86208,119797
32154,104756
30761,105274
457233,205582
103932,125303
1763538,494989
2173986,603576
413318,214138
8392,102004
7854,99526
7231,98439
9502,99093
8622,99034
7441,98144
12557,100188
10144,99876
15353,101229
34615,106520
13528,99746
87187,120870
31912,105917
29715,105196
458892,203265
103046,126831
1761592,484324
2167831,603658
422239,219101
8492,99712
8105,98837
6359,98854
9146,100061
8814,99729
7364,98830
12964,101046
9366,99356
10162,98875
34037,107665
13370,99509
86704,120488
31700,106515
35287,106105
455772,205114
102013,126774
1747462,485148
2162195,600407
430632,215575
8212,100697
7854,101353
6775,99051
8974,99557
9659,105074
7262,98232
12836,100199
8900,99258
10696,99362
33598,106547
13866,100450
85909,119965
31173,105386
29855,105537
455578,214570
102345,127257
1768026,488063
2164652,601162
416806,215810
8269,101511
7923,99090
7420,97551
9447,98949
8541,98938
7387,96898
13014,99105
10249,98400
14956,100058
34317,106296
13772,99232
86200,119101
31735,104098
30548,104602
452827,205214
102328,124850
1772857,482729
2155510,598644
422492,216221
9551,101241
8567,99476
7573,99039
10107,99862
9505,99116
7647,98452
13298,100216
9061,98772
10735,99917
34109,107710
13610,99693
87292,120915
31561,105687
30140,105027
456212,204164
102733,126900
1762086,494860
2161506,609063
419208,215535
8909,100773
8426,99749
7246,98824
9192,99403
8933,98249
7384,98751
12663,100267
9012,98873
10786,98874
33908,106506
14053,99086
85789,119241
31825,106139
30506,104911
452788,206094
102871,125212
1777957,480437
2174003,600149
415792,216165
8072,101093
9044,99345
7318,99352
9178,99905
8417,98395
7950,98335
12862,100573
9508,98979
14997,101978
33951,107167
13803,100069
87530,121008
30982,105860
38175,105126
455247,204603
101964,126011
1760261,486494
2169294,599030
431731,215634
9399,99987
8167,98929
6608,97781
9327,92134
8391,99010
6733,98677
12995,98642
9524,98111
10650,97686
34120,106671
13209,99679
85586,119362
31479,104696
29580,105366
452048,212865
102510,124237
1770546,486179
2144653,599956
423155,213811
8173,100217
8036,98310
6823,98366
8991,99059
8652,98613
7361,98506
12376,100415
9115,97830
10170,98633
33877,107123
13518,99565
86079,120683
31113,103700
30025,104392
454599,204347
102771,126267
1770111,489044
2147088,605004
417874,215536
8803,100394
8115,99222
7443,99228
9620,100160
8399,98593
7069,99107
12626,100243
9518,98637
15172,100896
34466,106607
13395,99281
86158,120735
31688,106383
29781,104573
450777,207123
102646,126259
1762181,492529
2172899,606929
421919,214506
8989,98970
8011,98745
7017,97825
9704,99402
8609,97706
7524,98072
12826,100685
9032,98112
10242,98598
33632,106914
13815,99389
86324,119943
30545,105131
29824,104116
454271,204589
102701,124945
1750144,482148
2167274,607343
422071,215486
7677,101711
7877,98957
6622,98697
9577,99321
8602,98712
7222,97824
12992,99581
9439,98412
10561,99596
33607,106774
13728,100217
86000,120639
31140,104863
30138,103792
455812,207197
104280,127933
1763487,493611
2170104,611196
423726,216944
8284,102646
8027,104776
7785,104420
9311,99103
8552,98892
7279,99020
12705,100007
10066,99579
14987,101842
33914,107066
13738,100042
86480,121161
31416,105305
29825,105191
454552,205544
101834,127009
1775172,485930
2151098,599175
419338,214514
8064,99434
8622,98980
7144,99050
9724,99111
8729,98957
6820,99615
13140,100625
9615,98318
10001,99031
33528,106788
13095,99729
85513,120575
31150,104462
29678,105691
451029,206469
103360,126919
1769339,487748
2148780,602260
424426,217276
8059,99818
8627,99829
6834,98223
8926,99061
8925,98769
7271,97369
13171,100035
9141,98487
10350,99743
34380,105496
13861,101068
86370,119666
31166,104212
30412,104856
457206,204836
102720,125947
1760079,489589
2160669,607011
414223,215766
7794,100794
7601,98314
7306,98755
9677,99349
8542,98502
7538,98704
12802,100186
9611,98950
15154,101454
33964,106432
13483,98774
85570,120195
31181,105146
29654,105352
453965,206796
102141,127555
1757946,483917
2154555,595829
420570,217684
8531,100694
8046,98444
6972,98167
9396,99683
9230,99314
7358,98203
13315,100917
9619,98504
10190,104957
34603,102817
13486,100838
92306,120595
31606,104403
30067,104296
464080,205004
102502,125790
1755298,485277
2140589,616315
428094,215713
8078,100594
8211,100187
6568,98732
8727,99628
8525,99410
6830,97954
12736,100637
9485,98679
10329,99199
33940,107039
13702,100896
85662,120473
30912,104306
30151,104555
454120,204402
102720,126157
1770887,486592
2150722,599258
416172,215971
8994,101304
8584,99933
7457,99264
9532,100063
8207,99629
7379,98778
12769,101088
9787,99460
15138,100297
34114,106174
13615,99963
86244,120315
30993,104587
29836,104592
455531,205339
101924,126212
1771686,492613
2148877,598664
420647,214262
8226,100547
8299,100112
7109,98444
9688,99167
8338,99154
7056,97447
13526,100137
9823,98684
11101,99828
34967,106961
13585,99762
87007,120041
31491,103896
29837,105212
456542,206202
103848,127660
1765705,490832
2185560,609869
419898,216808
7901,100379
8261,99220
6921,99211
9646,99148
9086,98599
7510,97699
12722,99215
9176,99786
10623,99938
34540,107438
14167,100248
86783,121252
31420,105058
30837,106626
458054,204511
103835,125436
1782183,486033
2173592,612452
420636,216038
7738,100863
7617,99817
7155,98486
9319,99212
8788,99620
7327,100019
12530,100771
9819,99653
14588,106324
34624,107050
13777,100154
92270,121028
32028,105612
29424,106049
464509,207262
104188,127145
1767925,491531
2178030,616460
436988,216998
8553,107356
8599,97970
6904,98108
9217,99394
8602,99036
6733,97603
12746,100144
8973,98162
10208,99183
34292,106702
13727,99445
86712,119488
31499,104485
29611,105924
456853,205651
103699,126541
1770835,487474
2183375,606161
424181,216206
7983,100328
9058,99105
7264,98834
8760,99614
9216,99262
7223,99006
13066,99374
9267,98983
11536,99933
33877,106830
13821,100243
87026,120012
32069,105620
30815,105486
459307,206051
104142,127016
1778928,502497
2198097,606555
418612,216191
7968,101548
8560,99558
7477,99646
9538,94738
8748,99558
7655,98434
12977,100976
10116,99288
15033,101703
34623,107557
13372,99731
87646,120353
31882,106032
29840,105115
463236,205945
103602,125269
1780115,490869
2181178,605949
424731,216156
8282,101358
7749,99643
6833,98630
9114,100153
8752,98583
7010,97696
13267,99951
9756,98496
10313,98282
34175,108229
13681,99166
86520,120688
31631,104833
30356,105669
459676,205913
102827,127265
1759375,486370
2185853,609316
429022,218571
8119,101189
8080,99246
6868,98947
9044,98294
9287,104636
8106,97450
13116,99454
9558,98128
10422,99803
34031,106092
13666,99742
87325,120444
31173,104283
30250,104171
458085,211494
103262,126080
1790471,484743
2164659,597977
419828,214943
8093,102099
8180,99317
7352,98282
10272,99579
8911,98907
8375,98278
13794,99952
10086,99124
15388,100704
34334,106120
14152,99481
87112,119540
31514,104739
30102,105280
461218,207142
103698,123909
1788038,492429
2169309,603451
427575,217030
8604,100012
8187,99818
7273,98325
9392,98903
8639,98254
6968,97814
12991,100450
9406,99340
10181,99736
34657,107372
13519,99594
88043,120807
31570,105257
30095,105686
459564,205678
103595,126117
1766295,489060
2190250,608407
427201,214513
8676,100124
8189,98822
7057,98232
9846,98978
8959,98987
7410,98385
12831,99691
9579,100047
10928,99528
34532,106399
13742,100126
87269,120133
32439,105938
30957,105419
456103,207966
104544,126529
1769079,489504
2182957,601635
417730,217116
8002,101938
8563,99254
7811,98662
9783,98854
8438,98508
8021,97106
12452,99951
9428,98650
14838,100859
34068,107471
13509,98985
88020,126839
36328,106623
29721,103891
466359,205902
108754,127513
1772291,488832
2158024,620274
422246,221613
8751,101575
8336,98873
7290,98662
9610,99114
8178,98151
6696,97592
12736,98891
9088,98145
9957,100058
34120,107418
13827,99973
86343,120947
30802,104408
30022,105015
456931,205431
104399,125796
1773692,487846
2168853,604468
423810,216716
8909,99736
9533,90276
7114,97560
9842,100413
9092,98048
7396,97136
12659,101036
9410,97497
10841,99112
34099,105691
13832,98976
87822,120690
32206,104931
30658,103479
463500,205474
103385,124269
1768057,497653
2176699,609666
420367,215664
9316,100246
7940,99657
7662,98437
9570,99715
8394,97879
7802,97824
13671,100383
9749,99686
15231,100493
34675,106195
13977,99434
87613,120943
32017,105539
30495,105141
458211,206479
104045,125521
1778982,490348
2176423,598695
428713,216849
8498,99569
7961,98805
7053,97264
9456,98833
8727,97098
7606,96934
13236,99985
9530,97535
9775,103338
34503,106552
13789,99326
91580,120761
31566,104310
30003,103924
461780,206130
103239,126400
1763873,485166
2183335,626520
434519,219081
7750,107280
8472,100025
7126,98187
9203,99183
8414,98808
7140,97712
13012,99364
10035,99043
10527,100204
34115,107369
13582,100235
87312,119594
31369,103637
30476,104476
457196,204614
103812,125431
1779586,486020
2174595,603725
418419,214413
8501,101247
8850,97690
7867,97965
9768,99167
8793,98854
7879,96974
12846,99816
9750,98576
16118,101320
35015,106430
13703,98637
88176,119532
32321,104064
30470,104039
460347,204562
102468,125290
1772732,497767
2169303,603466
424350,218032
8506,101514
8513,98945
7163,97810
9598,99234
8746,99083
7189,98171
13104,99618
9404,98809
10127,98663
34285,106846
13450,99114
87327,119921
31708,105203
30453,104762
459936,204741
103855,125342
1777988,486431
2175544,602903
420663,218877
7907,100745
8595,98634
6740,99137
9054,99184
9016,98476
7488,98301
13100,100143
9647,98761
10559,100346
34143,106568
14166,98829
86493,121257
31553,104764
30242,105558
455850,204732
103660,125867
1757675,491802
2170891,610466
423782,216670
8440,101456
8043,100030
7155,99006
9447,99748
8357,98250
7501,98196
12899,99278
9924,98674
15460,100145
35176,106635
13873,99099
87463,119532
32456,104854
29772,104806
462016,204987
103974,125454
1786563,489307
2174363,602559
423791,218537
8907,100169
8637,99072
7081,98422
9279,99356
8546,98241
7069,98678
12937,100142
9548,97635
10643,99111
34000,106871
13519,100257
87122,119662
31350,104629
30543,104357
463363,205292
103166,125461
1783826,486271
2187725,599731
425172,213920
9355,100224
8212,99299
6736,97872
9118,99145
8809,98147
7081,97723
12613,100127
9780,98972
10635,98824
34197,106566
13698,100679
86441,120097
31531,104602
30555,105353
459097,205553
104781,127694
1772126,488817
2174995,606089
420240,214779
7910,100105
8150,99238
7563,99088
9787,99011
9095,97445
7789,96963
12527,99630
9574,97803
15565,100657
34613,107294
13689,99615
88303,119987
32133,104874
29966,110238
461548,205598
102637,126816
1761442,484436
2189231,607647
439125,217919
8276,101226
8196,105223
6951,104128
9264,99190
8538,98659
7352,97585
13380,99522
9511,98376
10268,98171
34073,106825
13743,99007
86931,121082
31646,105206
30494,104559
458626,206211
103898,126061
1773026,487425
2164413,599555
423358,216565
8711,99995
8762,99528
7033,99030
9844,99985
8936,100072
7393,99886
13021,99504
9181,99964
10338,99531
33969,107113
13962,99479
86931,120548
31573,106113
30444,105070
462040,206843
103155,124933
1782163,500889
2179592,598161
415936,217962
8311,100850
8197,99006
6952,100351
9751,100467
8794,99791
7594,99999
12602,101261
9856,98940
15259,100635
34332,105946
13140,100155
86899,119827
31733,104582
30872,104775
460552,206061
102906,126855
1776961,488081
2187246,601800
424570,216700
8739,101812
7750,99257
7265,98619
9326,100067
8997,97794
6867,99177
12699,100531
9496,98249
10184,104450
34372,107363
18523,99801
86839,125565
31959,104885
30390,105234
467712,206482
103753,126412
1776944,486314
2178844,613097
430957,217044
8259,100232
8421,99869
6989,98823
9242,99485
9089,99091
7402,98721
13343,100420
9279,98859
10620,99607
34302,106441
14665,99440
86719,120689
31491,104615
30314,104676
458830,206407
103615,127060
1800345,498555
2181726,610047
416437,216955
7751,100164
7714,98760
7321,98368
9951,98944
8457,98753
8016,97762
12954,99794
9686,99636
15175,100595
34494,105981
13391,98902
86807,120378
31861,105642
29838,104436
462691,206521
103367,126009
1771112,489824
2177949,603996
421996,215264
8683,99967
8517,99066
7151,98087
9725,98674
8886,97707
7585,97497
12877,99934
9411,98436
16082,99969
29441,104318
13474,99547
87200,121062
31305,103377
32217,104858
456318,204259
105374,126373
1763319,490230
2186082,607199
419693,216365
8105,100476
7633,97986
7247,99649
9696,99953
8526,99044
7193,103183
12862,105367
8895,106467
15495,100302
34504,106196
13607,100617
86720,120736
30506,104791
30801,104034
468391,205001
103885,125762
1772334,485510
2172030,609673
419018,214255
8284,99683
7876,100337
6756,99131
9263,98885
9141,97236
7548,96910
12786,99074
9405,99168
15102,101027
34098,106450
13357,98500
87089,120162
30735,103738
31375,105129
462796,207316
103304,126197
1775859,492069
2173149,601997
418083,218308
8776,101212
7467,98826
6900,99882
9901,99800
8905,99560
7686,97459
12662,100508
9307,98659
15235,101792
34731,107893
13552,99866
86903,121683
30522,104663
30963,106045
461465,207455
103800,127235
1770228,489641
2176297,609020
419211,216270
8215,99310
7598,98329
7214,99460
9091,99313
9047,99046
8050,98997
12783,100411
9053,99293
15665,101431
34120,107198
13347,98986
86736,120828
30494,105242
30506,105328
458417,208372
104836,126418
1772231,488917
2195720,604442
417833,215351
9118,100782
7732,98615
7963,99053
10009,98896
9363,102500
7439,96696
13007,99255
9248,97980
15705,101385
34574,107301
13197,99119
87122,120669
30443,104926
30986,104534
459556,204768
103274,124957
1782354,488627
2167693,608680
423096,216621
8335,100010
7886,98374
7678,98556
9640,98701
9254,98393
8197,97322
13141,99780
9279,98207
15604,99752
34397,106069
14332,99224
87391,120387
30894,104687
30788,104747
459940,206720
104700,125448
1770865,494354
2192634,601881
424041,218299
8462,100147
7077,98979
6882,99243
10253,99676
9040,99780
7701,99750
12442,100338
8944,99093
15211,101436
34281,108211
13615,100035
86495,121484
30248,105938
30389,104984
460093,206163
103519,126427
1773528,487567
2187501,609447
420053,217147
8590,101344
7581,99245
7016,98145
10230,99852
9249,99344
7487,98786
12878,100573
8969,99045
15497,101627
33881,106837
13494,99513
87808,122098
31578,105045
30405,111241
461122,205242
104520,127287
1770740,486458
2169640,612263
431735,214174
14524,100323
7847,98521
7464,98599
9708,99886
9188,98002
7665,98412
12745,100588
9013,98393
15000,100535
35074,106631
13935,100445
86781,121518
30392,104810
30803,104783
460882,205065
104391,126466
1770194,490622
2172922,601621
416514,216151
8017,100834
7441,99017
6818,99378
9965,98920
8910,98356
7813,97977
13092,100019
9350,100394
15624,101294
34338,107454
14219,100135
86734,122077
31678,104837
30769,106766
458143,205997
104134,125952
1786775,500381
2183924,597450
416020,215167
8190,100017
7387,98509
6842,98295
9852,99415
8726,99810
7696,97842
13200,101166
9139,98867
16228,101285
34265,107748
13527,99568
86518,120791
30761,104449
31546,104542
458115,204020
104604,126273
1770320,483033
2185966,604260
414488,215519
8437,100137
7914,99163
7016,98450
9288,100689
9114,98573
7536,97384
12790,99565
9329,99032
15613,99991
35412,106605
13859,100503
87478,120406
30857,112165
31354,105140
468255,206738
103417,133096
1775547,485873
2173630,613354
414303,225213
8579,100484
8303,98100
7359,100088
9877,98269
9063,99993
7381,97990
13167,100082
8964,98857
15451,101296
34327,106780
13413,100125
87482,114057
30833,104209
30601,104712
463994,206638
105014,126533
1786315,492831
2174980,606461
422813,216635
8240,100085
8098,98379
7050,97868
9945,99714
9275,98990
7310,97851
13122,100295
8932,98915
15384,101394
33832,106572
13257,100044
86282,120762
30667,105572
30735,106038
459323,205985
103638,127271
1785118,489096
2184098,605862
416256,215726
8468,101862
7968,98109
7696,100043
9717,99484
8731,99131
7279,98553
12288,100261
8921,99615
15276,101801
34009,107427
13471,99368
86407,119911
30465,105428
30896,104771
458359,206268
104536,126552
1785032,492516
2170451,603040
416465,216331
8128,102291
7918,99181
7019,100003
9050,99123
8826,98594
7803,99051
13200,99581
9451,98292
15498,101012
34790,106274
13366,100298
86499,120513
30636,104771
30822,105483
459377,214657
104703,127116
1779122,485493
2181887,602087
415896,214232
8665,100228
7332,98352
7215,97702
9933,99016
9062,98851
7259,97328
12489,99952
9132,98791
14931,102058
34411,106563
13759,99482
87435,119671
30353,104817
31752,105054
460771,205217
104075,126009
1786418,489624
2181738,604014
415367,215487
8866,100533
7547,99567
7121,100016
9481,99690
8718,99789
7423,99498
12956,100930
9142,100340
15509,101068
35089,107690
13462,100017
87189,122169
30591,104567
30931,104963
463498,208053
104697,127447
1774574,486987
2195479,609440
422915,214859
7646,100347
7339,98434
6776,99300
9472,100694
8982,98847
7227,98701
12283,101262
8633,99361
14909,101763
34019,107402
13175,99973
86060,121644
30577,106307
29947,104855
469473,208427
103926,126358
1770883,486259
2170227,614706
425926,216188
7966,99709
7510,98469
7387,99314
10067,99620
8886,98377
7403,97656
13156,99256
9218,98221
15636,100324
35285,105898
13427,99476
87734,121006
30987,104265
30807,105456
457674,204257
103657,126117
1771232,486711
2183361,605747
418592,216253
8499,99487
7734,98335
7007,98569
9850,99300
9235,98420
7638,97901
13136,99777
8917,98500
15480,101077
34692,107444
14366,100061
87876,121270
31253,106376
31253,104696
462183,207315
103237,125918
1774393,486520
2199792,604644
418121,214839
8608,99030
8419,98249
8221,98589
10084,99334
9317,98568
8019,98354
13251,99847
9107,98979
15640,100742
35021,107733
13324,99563
87095,122584
31285,106139
31032,104310
459246,207432
104202,125855
1754606,491884
2200931,601002
416193,216075
8046,100466
7471,98890
7270,98869
9489,98847
8666,98180
7515,98258
12914,99947
8974,98411
15484,100782
34256,107070
13168,99652
86803,121136
30814,104639
31278,105328
459664,211989
104266,125707
1781843,489447
2168564,604942
416725,218598
8626,101054
7854,99012
6904,99095
9481,100383
9463,98676
7778,98200
12585,100109
8812,99470
15246,100354
34431,107180
13106,99676
86990,121216
30842,104227
30859,104277
461845,205104
105142,126500
1779004,486579
2192969,605315
418876,218062
9090,101072
8009,99546
7266,99863
10532,100049
9670,99235
7625,98035
12994,100854
8991,99458
15849,102451
34812,106456
13683,100806
87155,122110
30621,105378
30837,105316
463104,206119
103811,125895
1781580,486870
2180380,607800
414881,217198
8109,101292
7477,99263
6942,98844
9768,100168
9249,99230
7748,98165
13197,100956
9452,97924
15379,101069
34267,107085
13574,100488
86927,120360
31646,105514
30676,104781
456502,206505
103950,126038
1777682,488061
2166160,611297
435140,215961
8086,108250
7658,98998
6632,98515
9733,98599
8789,98002
7195,97236
12397,99104
8775,99287
15363,101365
34334,107037
13131,98929
86796,122373
30989,105065
30364,106310
457923,204511
102660,125231
1786190,488975
2191574,605099
417855,214589
8309,99976
7277,97990
7339,97670
10239,99207
9549,98347
7995,97829
13007,99466
9191,98916
15651,100679
34417,106944
13795,99120
87449,120816
30748,104920
30961,104796
461754,206852
103607,127212
1778122,482159
2184353,603943
419327,215223
8499,100562
7225,98957
7164,97630
9743,99220
8916,99036
7114,98154
12572,99479
8960,98110
15269,100875
34574,106438
13254,99761
87274,121595
30177,107193
30566,104964
459750,205326
104847,128503
1770928,484059
2197647,609536
418222,216658
7901,100961
7722,97828
7096,99008
9495,104024
9406,98832
7523,97136
12729,99742
9109,98945
15362,100375
34515,106159
13750,98801
86121,120610
31431,104939
30112,104522
461806,215534
103340,125272
1782909,493419
2179002,603963
417030,216913
7944,100081
7704,98530
7021,98554
10017,99111
9125,98465
7530,96835
12957,100877
9045,98328
15485,100813
34504,106797
13260,99341
87557,120408
30773,104797
30561,104250
462278,206538
103880,125827
1784789,487053
2185190,608708
416721,215215
8475,102364
7562,98431
7307,99351
10161,99733
9282,98972
7503,98596
12781,100044
9596,98261
15035,100944
34633,108285
13407,99770
86509,121558
30553,105156
30637,105399
461791,206362
104641,125892
1781790,487361
2188300,601306
417207,215807
8489,100038
7754,98924
7105,98225
9512,99314
9660,99425
8050,98379
12767,100474
9375,98558
15197,100845
34328,107711
13318,99158
86917,122063
30999,104764
30634,105691
457930,205989
104443,126327
1759736,489074
2188188,607240
421004,219297
8692,101917
7799,100371
7478,100415
9673,106174
9191,99980
12808,99075
12982,105804
8836,99792
14828,101098
34467,107344
13158,99424
87071,126273
30935,105960
30620,105860
466148,206713
104855,127292
1770460,488741
2174800,614047
428519,217422
8382,107524
8629,97936
7037,98105
9690,99554
8942,98746
7045,97813
12443,100044
9104,98069
14856,101708
34312,105764
13057,98798
86610,120460
30519,105034
30202,103111
455839,205458
104233,126047
1769846,489407
2180532,601363
417292,216309
8108,101733
7423,98594
6605,98902
9458,99986
9324,99135
7613,98196
12647,100371
9190,98608
15380,100999
34387,106340
14251,100166
87138,120200
30757,104627
30922,105500
460891,206107
103528,125955
1777316,490224
2167701,607831
418100,217672
8065,100246
7266,98267
6713,98319
9320,100512
8935,98416
6978,97946
12791,100215
8835,99284
15171,100577
34379,107735
13311,100574
87446,122222
30258,105016
30352,104816
458744,204950
103288,125729
1780314,487529
2184425,609760
421153,214756
8115,100517
7878,99319
7212,99477
9521,99306
8819,99043
7635,98386
12311,99952
9156,100186
15578,100481
34975,106347
13733,100276
86982,121179
31424,104918
30891,105854
455651,208109
103794,129065
1778265,496165
2196319,605512
416976,217704
8833,102195
7328,98763
7607,99164
10038,100191
8615,98912
7496,97844
12741,99896
8695,98913
15492,101506
34165,107249
13533,99681
86393,120013
30347,104930
30872,104876
460610,205287
104674,124851
1768238,484373
2201385,611997
417117,216266
7621,103169
7873,98752
7136,99953
9601,100499
9001,99403
7359,98596
12351,101136
9141,100338
16133,101842
35143,106319
14098,100604
86800,121154
30625,104031
30635,106076
461524,206084
103748,127173
1771558,488691
2195016,611343
418625,215471
8697,101694
7345,98851
7061,99170
10239,99669
8844,99412
7713,98457
12952,100238
9046,98737
15453,101243
34627,107242
13699,99932
86849,120921
30801,106079
36637,105372
455196,206113
104724,127198
1763694,487384
2177135,607457
415231,217260
7616,102681
7211,98739
6988,99936
9318,99802
13988,100137
7350,98224
13472,100803
9825,98511
15753,101013
35576,106637
13927,99308
86867,120504
32655,103991
30926,104176
464693,207219
103754,131793
1771911,492212
2174723,626517
423650,224243
8857,98893
7709,98681
7014,97687
9379,99047
8985,99806
7274,98034
12955,100460
9377,98949
10891,99215
34428,106567
13636,99365
86868,119548
31149,104752
30342,105890
457775,205658
102905,126688
1784752,491591
2177821,600595
426171,216579
7951,100618
8337,98806
7027,98374
9337,98756
8927,99380
7484,98173
13183,99293
9546,99809
10668,99167
34180,105740
14451,99966
87520,120760
31793,105537
30610,103953
460808,205646
103778,125762
1795178,489481
2172241,602656
419344,215391
8853,101506
8123,98952
7398,99258
9475,99773
8934,99150
7460,98723
12939,100495
9671,99396
15163,100670
34395,106083
14551,99571
87849,120624
31395,105222
29831,105827
457327,204697
103684,126312
1796044,489376
2177231,603174
430589,218774
8560,100282
8215,99062
7234,98764
9663,99052
8340,98290
7094,98025
12993,100364
9212,98906
10541,98887
34291,107166
13890,99407
87202,119930
31248,105845
30144,104133
456650,206456
103264,126392
1778616,502766
2200913,607663
424028,214322
8505,99920
8590,99158
7116,98177
9593,99285
9093,98299
7403,97418
12762,99521
9424,96811
10794,99625
34809,104949
14038,100158
86424,120225
31956,104419
30218,105241
461420,206330
104739,125391
1797517,488420
2193099,612675
420159,215555
8359,101465
8529,100136
7947,98703
9776,100077
8679,98244
7528,98377
12738,101540
9835,99673
15324,100901
34664,106165
14566,99323
87618,121168
31628,104474
29736,105339
458849,206794
102810,127220
1777269,488794
2178045,600414
426090,215628
7967,100283
8035,98620
6823,99071
9648,99733
9061,98949
7306,97968
13347,100404
9693,98626
10201,105471
34507,107086
13313,100357
87744,120677
31218,105387
29907,104793
458380,206632
103279,126599
1764469,486996
2176609,617501
435563,215505
8273,100478
7943,103526
6764,103251
8751,99358
8602,98148
7455,97215
12314,99922
9101,98374
10058,99368
33928,106931
13860,98521
86934,120240
31226,104266
30190,105360
459000,215098
104474,126284
1780805,496785
2180088,607528
420963,214160
8245,101014
8017,97904
7484,98458
9668,98737
8665,98530
7179,98131
13152,99501
9474,98210
15401,100144
34510,105320
13822,98593
87430,119714
31676,104925
29770,105459
463023,205879
102654,125581
1772103,486811
2169455,601151
426987,215258
8751,101099
7880,99135
6750,98694
9821,100066
8363,98549
6971,97714
13735,99509
9907,97250
11136,98346
34841,107848
13997,99319
88092,119433
31571,104764
30446,104800
461014,205975
104156,125288
1785530,497842
2179059,599682
431055,216595
8115,100382
8421,99039
7916,98810
9289,98642
8459,99808
7389,98258
12794,100532
9603,98132
10275,101385
33620,106897
14235,100833
87280,120693
31861,105125
30846,105522
460235,207195
103112,127676
1779123,490136
2181325,602931
418732,214842
8010,100691
8944,100148
7657,98625
9568,100274
8401,98699
8181,98000
13172,99161
9919,98980
15595,100338
34348,107289
13754,98886
87268,120641
31504,106015
30256,105325
461416,206831
104164,125995
1770603,489320
2184870,612167
426192,216357
8638,99787
8476,98369
7172,99244
9248,103642
9216,98144
7039,103646
13067,105730
10055,104982
10405,98986
34793,112447
13587,99182
87651,120786
31361,104121
30883,104701
468551,207049
103195,132077
1762527,486845
2186716,614785
428134,224054
7780,101875
8252,99234
7226,98006
8815,98372
8877,98044
7584,98357
13025,100069
9620,98065
10351,98933
34604,106474
14512,100646
87708,119968
32091,104787
30905,105926
459293,206677
103833,125151
1779302,488656
2171601,607751
419693,216724
8465,101830
7858,99039
7056,98582
10101,99537
8666,98246
7369,97430
12528,99977
9333,98195
15591,101412
34393,105953
14051,99899
87894,120109
32349,105169
30002,104566
459927,205869
102629,127179
1778456,497098
2179009,616290
421628,214395
8327,100286
8697,99806
7405,99139
9249,99869
8544,98949
6795,99388
12515,100433
9623,99178
11057,99020
34320,106382
13802,99347
87564,120342
31277,105344
30380,105371
458045,206241
103670,126505
1764427,486411
2174679,602063
424654,216888
8206,99897
8322,99489
7780,97816
9125,99460
8762,99954
7341,98385
12595,99215
8901,98233
10385,99213
33865,106635
13403,100793
86548,120514
31707,105255
30535,105119
459840,206073
103416,125959
1772588,491540
2180403,608706
421193,217668
8444,100682
7508,99115
7424,98306
9530,99464
8666,98818
7654,97627
12574,100161
9563,99117
15431,101136
34774,106922
13500,99883
87363,120973
32182,105509
30498,105871
455270,214027
103304,125829
1777937,487334
2174531,607519
426261,215063
8350,98831
8174,99220
6824,98032
9461,99723
8955,98389
7066,97559
13333,98782
9762,97574
10161,98850
34158,106733
13614,99625
88024,120151
31572,103574
30232,104178
454240,205761
102866,125404
1776745,485119
2167234,602611
423700,216018
8641,100979
8683,100905
6826,98831
9450,99211
9133,99248
7395,97501
12747,99969
9376,99242
10926,98566
33640,106507
14115,100014
86874,120533
31658,104975
30260,105181
459244,207377
104486,125739
1782619,483012
2183071,608009
418812,216959
8771,101081
8161,99668
8032,99257
9843,99669
8948,98454
8006,98545
13327,99165
9427,98236
15317,99995
34936,106060
13787,100366
87825,120270
31942,105421
30516,105331
459351,205497
103443,126327
1771319,489034
2188374,599033
424225,218460
8173,100781
8116,99361
6736,99741
9875,100417
8703,98996
7345,98541
13742,101051
9916,99162
10535,98753
35009,108044
13745,105480
86476,126553
31698,104934
30541,105890
466241,206462
103950,127591
1781419,485205
2175157,617754
432523,219539
8341,100792
8709,101431
7593,99021
9185,99026
9206,98811
7698,98467
13040,99977
9466,98389
10584,99979
34070,105966
13764,100621
87870,120641
32119,105102
30499,105192
459754,206143
103313,125866
1786648,491250
2171156,602547
419920,216778
8489,101388
8472,99454
7828,98501
9948,99782
8708,98078
7902,98334
13250,99944
10270,99751
15139,100398
35193,106640
14075,99674
87846,121045
32072,105203
30324,105105
460700,207032
103438,126185
1775478,499335
2165223,598012
423440,216737
8724,100301
8203,98761
6767,99465
9875,100840
8482,99876
7847,98942
13139,100659
9651,99518
10213,99511
34541,107995
14024,99169
87411,120367
31616,105166
30263,104859
456173,205826
103725,127088
1768635,489655
2182985,611572
423768,217710
9094,101811
8186,99757
6965,98320
9377,98693
8951,99184
7657,98621
13051,99959
9501,100151
10733,99524
34240,107646
14321,100125
86406,119952
31807,104307
30288,111441
461713,207154
104966,127174
1768051,487330
2176954,607543
430252,214793
8406,101523
7968,104998
7428,104230
8802,98583
8168,99093
7213,97685
12761,99951
9440,99422
15041,100188
34410,106732
13318,100347
86717,119629
31866,106526
29553,105853
460511,205818
103600,125845
1778745,485752
2174513,610916
424226,216648
7992,100620
8384,99533
7130,98378
9346,92442
8954,98002
7276,97926
12803,100172
9303,98770
10993,99356
34615,106927
13925,99622
87073,120226
31085,105106
30893,104874
459296,207061
103255,126332
1789815,488550
2184242,600391
425149,217027
9084,101102
8036,98119
7096,99101
9389,99028
9318,99043
7693,97984
13055,100040
10116,97846
10162,99106
34008,106806
14889,99645
87917,120031
31985,104789
30832,104021
457576,206653
104712,126315
1762433,487494
2180092,607809
416122,216204
8281,100325
8581,99754
7224,98496
9950,99108
8702,98222
7777,97608
12811,99930
9882,97666
15286,100695
34729,107042
13875,99177
88205,120416
32089,105229
30088,104975
460428,205796
103348,126693
1775145,488080
2181780,602348
424203,215149
8610,100007
8612,98517
7398,98425
9500,98501
8849,97639
7248,97420
12626,98837
9260,97960
10035,98128
34073,106325
13323,98741
87093,119100
31623,105567
29855,103131
457020,205010
103610,125668
1794336,489737
2186013,607178
425686,214266
7952,101188
8138,98546
6953,98881
8912,98421
8613,98195
6897,97566
12929,99090
9637,98257
10335,98984
34714,107171
13443,100106
86341,120977
31822,103635
30457,105968
459738,206147
104835,126049
1794942,489556
2192034,605352
419636,217078
7875,103478
8275,99643
7392,98517
9359,99319
8302,98233
7911,98456
11933,101200
9308,98655
14846,101312
34576,105767
13772,99457
86771,121631
31732,104770
29772,105643
461721,206441
102476,126411
1787278,490015
2191279,611486
429828,217725
8998,102218
8494,99009
7947,98533
10226,100957
8692,100283
7512,99731
13730,101294
10118,98957
10834,100008
34473,107834
13671,98938
86566,120860
31029,106051
30125,105560
459915,205897
102904,126502
1770123,489854
2189049,603192
430320,217136
8246,101411
7964,105596
6778,103171
9191,100498
8948,98644
7604,99355
12897,99745
9402,98114
10273,99408
33839,105919
13468,100238
87011,120444
31801,105462
30733,104339
458947,205059
103683,126090
1794239,487628
2180052,602687
418138,215974
9569,101232
7809,98653
7622,100890
9416,100704
9279,98951
7779,98900
13044,99914
9714,98720
14751,100596
35105,106621
13724,99337
88153,121313
31741,105431
30229,105122
462992,204991
103567,126722
1773743,501001
2188801,606999
427842,215253
8255,101602
8012,98334
7556,99323
10195,99050
8932,99438
7672,97160
13104,99828
9562,98507
10234,98695
34780,107360
13902,99204
86974,119514
31343,104139
30087,104626
459083,205603
104055,127142
1777658,488183
2186925,607525
421229,216727
8631,101531
8291,99717
7771,99005
9651,100610
8853,99149
7068,98544
12849,100291
9749,99630
10643,98884
34119,106787
14387,101073
86400,120693
31400,104590
30643,104461
468665,207567
103352,126535
1802350,497506
2186290,615153
429328,215915
8291,110332
8450,99313
7436,97878
9637,98855
8461,98521
7058,98469
12478,99837
9009,98388
15214,101005
33988,105827
13306,99007
86932,119238
31693,105076
29762,105299
463874,206375
103833,126544
1783970,488046
2153891,601637
421117,214923
8720,99170
8709,99646
7703,98775
9713,98880
8903,98078
7406,97650
13359,100045
9642,98537
10760,98207
33535,105632
13515,98953
86359,120126
31239,104659
30377,104996
455491,206034
102632,125079
1775306,489516
2171785,594150
420847,216423
8595,100891
8642,98453
7414,99431
9098,99174
8647,97890
7274,98311
13122,100218
9386,98153
10458,99972
33441,106056
14612,100095
85638,119624
31938,105288
30295,104477
458244,205327
102385,126762
1775147,482049
2168185,603481
414515,217256
8111,100735
8091,99749
7323,99090
9170,100892
8662,99136
7570,99594
12500,104369
14754,99322
14823,99675
34565,107806
13105,98885
86113,120034
31837,105480
29539,104804
461257,206027
101677,124948
1771314,485871
2158092,603826
423781,216836
8835,101321
8924,98646
6499,98443
9951,99510
8672,99018
7448,98455
13358,100842
9596,97083
9972,99451
33944,107566
13516,98859
85615,119186
30966,104970
29589,104524
454256,206037
103063,125705
1781826,487636
2161785,596528
419839,213683
8295,100585
9205,99066
6780,98845
9215,99033
8786,97635
7201,98310
13363,101053
9032,99579
10101,99095
34040,106843
13639,100045
85433,119980
31502,105359
30385,104454
455487,205289
103112,125900
1776065,482829
2168673,599932
417310,214390
8488,100268
8161,99330
7292,97942
10584,99642
8372,99069
7485,97417
13255,101117
9847,99437
15300,101735
33960,107106
14225,99801
87792,119835
31585,105534
30272,104448
460687,206486
103272,126177
1768805,487597
2165690,613292
431281,220502
8428,106894
7941,99450
7130,98867
9149,100094
8684,98750
7456,97546
12633,100222
9309,98818
10289,98837
33854,107483
14050,98894
85895,121080
30994,104584
30129,105518
455331,206145
102846,127151
1772124,488112
2156279,599778
421034,215996
8798,100470
8780,99367
7258,99021
9452,99113
8791,98666
7430,98382
13476,100377
9374,99465
10552,99475
35110,107379
14335,100683
85543,120703
31815,105096
30639,105327
458611,204398
103070,126212
1774800,480426
2178565,600266
415549,213664
8370,100879
8453,99569
7693,99741
10014,99686
9132,98645
7627,98603
12544,100293
9588,99436
15438,101252
34655,106732
13745,99866
86852,120420
32081,106451
30059,105970
459295,206492
103994,126502
1790445,486563
2187957,608011
424063,218046
8191,101460
8628,100680
7471,100466
9078,106056
9237,100257
6916,103939
12861,101718
9471,110387
10454,100096
34558,107998
13763,100055
85873,120693
31296,105868
30347,105481
460791,212132
103266,126021
1778395,485218
2185879,606799
422107,216540
8045,100720
9509,100115
7959,99194
9411,99772
9278,98762
7036,98484
13076,99985
9671,99398
11190,99997
33963,106829
14723,100706
86805,121884
31390,107109
30871,104820
461529,204843
103654,126195
1798133,485602
2185794,599968
421459,217474
8441,101130
8151,99771
7394,99020
10001,99476
9003,98077
7847,97508
13067,101096
10349,98918
15262,100407
34333,107212
14076,99063
88553,121432
31964,105229
29839,105701
462844,206859
103736,126002
1780479,486671
2181033,608268
422153,217475
9193,102118
8021,98404
6752,100112
9496,100354
8585,98728
7104,99904
13289,101850
9459,99251
10563,100096
33730,107882
13625,100397
86682,121537
32156,105946
30065,106246
461054,206146
103370,127017
1771308,484072
2187846,602411
435882,216280
8163,101513
8146,104818
7045,104356
9377,99194
8492,98153
7747,98187
12578,99626
9248,96951
10965,98686
33857,106820
13651,99752
86858,120506
31849,105495
30215,105631
457059,205949
104031,126279
1789664,484699
2162452,608398
415593,213766
7940,99929
8333,98517
7281,98490
9982,100396
9035,97759
7881,98426
13412,100134
9999,98303
15517,100738
34261,106850
13721,99342
87900,120358
31537,105179
30277,106991
463161,206970
103846,126617
1779870,497409
2178970,606632
426128,218596
8489,102244
8312,99572
7197,98897
9730,99483
9654,99735
7299,98379
13218,100208
9020,99131
10208,99658
34105,106702
15032,99477
89569,120100
31721,105082
30512,104777
461028,205340
104174,126403
1783108,488826
2193326,603297
421328,218006
7844,100590
8767,98430
8144,98431
9838,99241
8681,98349
8001,99073
12864,99720
8985,99044
10235,98121
34135,106040
13352,98646
86153,126877
31678,110159
30544,104480
469571,205952
105054,131343
1792314,489048
2165436,613415
419605,224635
8156,100828
8937,99237
7977,98807
9890,98688
8605,99171
7948,97838
12888,99410
10069,98615
15412,100354
34095,106187
13510,99551
87484,119966
31406,104431
30160,104748
462054,207205
103567,125563
1782750,486506
2159414,606350
426178,216674
8137,100165
8674,98453
7559,99087
9608,99732
9251,98333
7464,98241
13441,100391
9193,100276
16734,100620
29868,104523
13429,99122
87082,120932
30599,104445
31691,104544
461816,205387
104053,125548
1781311,491209
2187972,602324
417618,214528
8997,100634
8060,98346
6994,100375
10181,99782
9024,99082
7526,98123
12535,100553
8838,99191
15248,100919
34573,106437
13883,98659
87376,121763
31166,104588
30412,112449
460326,197787
105713,126068
1776223,489598
2181889,608339
427676,216245
8150,108562
7903,99682
7440,99451
9569,100605
8892,98535
7340,98062
13241,100236
8820,98425
15030,101351
34716,106212
14145,99620
87758,121425
30960,104531
30739,104540
461312,206471
104746,125330
1775263,489831
2173111,603553
420798,215703
9077,100185
7808,97664
7034,98953
9758,99239
8980,98923
7463,97572
13193,100689
9338,98439
15368,100197
34443,106204
13423,98637
86978,121278
30811,105080
31111,104491
461069,204681
104025,125731
1774857,488959
2190439,599526
418314,218080
8255,101468
7758,98898
7651,99430
9590,100468
9344,99065
7132,98827
12634,100552
9157,99970
15171,100560
34383,107772
13703,99576
86664,119814
30577,105724
31295,105774
460509,207933
104486,127461
1777945,487022
2193003,605548
416448,216558
8517,101593
7636,99038
7114,99363
9657,99401
9590,104396
7554,97569
12945,100641
8905,98993
15334,100798
34300,106466
13350,98779
86021,120442
30729,104193
30897,104772
461749,204633
103748,126446
1784511,485655
2186333,607666
418978,215395
8276,102969
8062,99849
7108,100803
9268,100626
8831,99371
7332,99794
12820,101040
9778,99682
15262,101588
34091,107287
13655,100835
86641,122640
30734,104780
30447,105556
460429,205261
104165,126366
1781432,505288
2192750,604622
415866,213879
8201,100279
7730,99411
7502,98865
9734,99574
9305,99955
7135,97750
12719,100361
9004,99846
15251,101122
34134,106330
13629,100347
86845,120998
30502,105526
30571,105497
461688,206235
104391,125476
1779191,500716
2197308,619909
417359,215509
8277,101302
6923,99982
6499,99631
9204,100683
8762,99253
7558,98516
12647,100993
8887,100350
14612,101585
34498,107601
13800,100423
86296,121831
30160,110301
30082,105498
469176,207414
103679,133359
1770534,487133
2155895,616009
419050,214706
8450,99522
7404,97945
7404,98731
9297,99625
8642,98239
6984,97030
12917,100348
9277,99185
15239,101559
34558,106987
13186,99188
86868,120504
30259,104388
31087,104996
459999,205804
103765,125655
1796997,488520
2168381,609369
421453,216064
8600,101043
7252,98144
6801,98678
9529,98677
8264,98621
7153,97827
12177,100656
9620,98592
15430,100000
34268,106824
13581,99329
86978,120875
30656,105140
30781,105456
460915,207188
103578,126152
1768220,487609
2178916,611258
416335,216215
9101,100791
7605,99003
7067,98344
9889,99770
8847,98481
7541,97424
13016,100939
8909,98133
15144,100937
34314,107009
13443,98369
87384,120548
30756,105593
30451,103855
466135,207447
103775,126542
1779957,485097
2165571,618574
423092,216085
7808,98676
7258,98166
6977,97395
9875,98536
9370,97825
7924,98732
13208,100172
9238,98380
14798,100700
34410,107235
13162,101211
86747,120637
30865,104547
31003,105266
457940,205111
103803,124596
1779460,487891
2164920,612255
419545,214141
8405,99911
8010,98369
6978,99060
9762,100072
8969,98250
7459,98367
12853,100068
9674,98387
15501,101252
35064,106688
13412,98767
87483,121546
31119,105282
31081,104377
463218,206573
103992,126841
1776299,491008
2185420,603420
419625,215783
8021,102700
7670,99660
6772,99929
9782,100526
8824,99841
7147,97648
12354,100585
9110,99046
15247,101817
34276,106762
13420,100110
86601,121685
30999,106362
30836,106190
461567,207891
104524,126993
1770226,495300
2174859,600952
416789,216665
8524,99570
7722,99066
7429,99066
10030,98805
9024,98612
7694,98430
12397,99455
8725,99183
15523,100471
33785,105857
13100,99475
86205,120589
30601,105605
30459,105693
457879,205933
103059,127039
1775874,485569
2185532,601476
417492,215061
8242,101189
7524,99357
6870,100488
9298,100291
8698,99938
7711,98738
12382,100289
8839,99320
15566,101411
34434,106536
13188,100108
86431,122670
30876,105671
30716,105985
462149,206928
102990,127427
1779605,490874
2181485,601159
416649,215256
8157,101383
7976,97914
6765,98994
10179,100640
9021,99127
7363,97446
13095,99674
8723,99009
15266,100679
34072,106843
13431,99063
86602,121689
30756,105045
30265,105285
463951,206952
103729,126337
1779473,486650
2197032,607067
416973,215807
8525,100340
7736,99025
7273,98799
10339,104851
9190,98629
7755,104732
13079,106092
9165,99171
15140,100618
39974,107349
14111,99332
86711,120614
30933,110112
30793,105055
464393,206687
110029,127510
1769548,487406
2171587,616169
426959,214416
8146,99795
7069,98790
6804,97876
9513,99257
9140,98189
6855,98892
12526,100173
9560,98419
15281,101081
34260,105958
13170,100153
87240,120825
30347,104298
30088,104628
457656,206440
102904,126674
1770503,490698
2171524,609715
418232,215193
8571,101843
7913,98757
6602,98965
10207,99730
8612,98477
7315,98277
13201,91938
9173,99369
15526,101457
34024,107194
13897,99365
86651,120742
30163,105504
30727,99148
458739,206791
104140,125664
1771610,489676
2161370,605353
418226,215729
8824,99228
7733,99620
7381,99081
9496,99425
9428,99816
7760,98135
13207,101642
8811,99040
16085,100906
34945,106420
13683,99978
86936,121569
30913,105780
30759,105208
456323,205637
103551,126313
1771645,501057
2189533,605252
418165,215125
8405,100552
8174,98573
6807,99121
9581,99475
8891,98881
7294,98542
12747,100149
9175,98327
15352,100166
34873,106736
13515,99507
86803,119307
30952,104469
30260,104250
460794,205422
104058,125765
1783834,497016
2185767,606092
419240,215139
7786,101586
8136,99254
6855,99494
10325,99602
9059,99909
7155,98620
12419,100295
8748,98759
15064,100859
34786,107223
13316,99036
87298,120897
30891,105202
30925,104877
457530,205003
104556,127280
1770784,489881
2186266,612246
418843,215153
9144,99700
7586,97415
6988,97745
9619,99075
8983,98387
7305,97146
13233,100835
8870,98657
15223,100247
34587,105981
13683,99185
88170,120661
30710,105152
30917,104968
459046,205804
103285,125691
1766489,485940
2185037,607104
416478,216512
8369,101818
7455,98916
7094,99966
10021,100551
9036,99985
7820,98134
12728,100403
9039,98362
15288,106907
34540,106864
13556,100152
87019,122094
30738,106496
30732,112128
459427,205995
103999,126656
1747822,487627
2188467,607212
430776,214748
8104,101432
7322,104914
7446,103732
10210,99703
9152,99015
7615,97547
12901,100100
9525,98601
15526,101175
35141,106269
13715,100266
86767,121230
30453,104642
30927,105147
455243,206291
103389,126113
1769526,489489
2157456,601904
416539,214040
9122,99869
8112,97340
7333,98820
10110,99450
9209,99032
7952,97602
12967,100030
9462,98797
15013,100349
34748,106387
13582,99163
86748,120638
30360,104931
30840,104964
457719,204268
103414,127123
1772064,491166
2166757,603778
422478,215140
8476,100604
7445,99013
7542,98746
9197,100118
8547,98949
7244,98872
12762,99505
8867,99060
15280,100026
34404,106055
13593,98562
87737,120892
30466,105091
30324,105510
456574,206837
103579,125219
1757585,485428
2176253,606326
421403,213606
8341,101185
7505,99187
7018,98284
9420,99942
8788,98326
7315,97758
12787,99742
9059,98189
15649,100783
34464,107094
13693,99965
86485,119369
30676,104362
30976,104309
462397,205034
103045,126206
1774285,491371
2186584,603556
416924,215600
8397,100504
7706,98800
7450,98270
9504,98731
8855,98598
7573,97599
12242,100975
8603,98549
15065,100533
34222,106762
13521,99746
86347,121540
30398,104974
30533,110874
458064,206646
104996,125755
1764374,484847
2186043,604275
426816,214732
7916,100388
7119,104873
7256,105436
9742,98645
8785,99018
6965,98460
12558,100339
9342,97866
14951,101971
34413,106445
13320,99512
86530,109898
30981,103905
30706,104715
457767,204718
103748,126072
1776906,486879
2176401,605450
418685,216974
7793,102100
7731,98222
7010,99119
10365,99064
8741,98743
7471,98337
13227,100230
9456,98828
15697,100608
35270,107881
13898,100315
87188,120714
31109,105329
31155,105057
460130,207480
104077,127155
1777777,489314
2161976,601310
418982,214575
8523,100973
7812,98578
7777,99018
10195,99526
9218,98356
7434,97389
12960,100003
8837,97184
15179,100247
33818,105808
12857,98471
86197,120767
30267,105402
30037,104003
457266,206978
105147,125743
1759855,489598
2180982,605328
417756,215897
8277,101170
7202,100274
6946,99827
9581,98819
8863,99156
7509,98952
12810,100164
8966,99372
14834,102128
34950,107066
13134,99956
86209,121378
30097,105403
30248,106143
457557,207039
103636,127780
1759165,484895
2186345,607543
421028,216932
8259,99909
7601,97321
6961,98204
10061,98446
9103,99913
7508,97711
12707,100116
8812,98053
15067,105836
34424,107478
13512,99893
91916,120984
31121,105365
29916,104098
467151,205496
104717,127049
1771764,490481
2171502,615678
428234,215851
8612,108055
7526,98095
7408,98410
9043,99169
8794,100389
7587,98522
13036,102313
8870,99070
15506,101959
34729,107047
13379,98578
86435,121748
31105,105860
30870,105017
460753,205171
103671,125174
1779929,489080
2171483,608918
419974,218956
8798,101353
8047,99780
7460,98520
9280,99666
9458,98640
7655,98371
13597,91584
9014,99507
15327,101072
34763,107783
13423,99841
87281,120979
30368,105605
30525,103843
455580,204331
104134,126002
1788499,496072
2182078,605957
416808,216543
7479,101092
7085,99957
6803,98869
9630,99791
8978,98986
7121,98859
12949,101969
9345,100016
15483,102631
34113,108424
13096,100477
86983,123922
30297,105538
30503,105838
461529,207196
104097,127777
1773543,491073
2184975,606081
414856,216989
8662,100252
8015,99357
7249,98649
10632,100301
9359,99363
7598,97899
13080,100805
9866,98613
15907,101006
34509,106657
13478,100044
87082,121045
31487,104904
30365,105992
457677,205723
103722,126130
1761768,484817
2183349,601600
418630,217708
8605,100250
7770,99233
7111,98727
9137,99250
9114,103755
7443,98257
13276,100828
9009,98889
15075,100212
34573,106640
13020,99325
87148,120943
30818,105590
31199,104397
457409,213664
104877,125963
1778223,486196
2146933,608150
417919,214356
9015,101163
8057,99237
7061,97922
9689,98552
8739,98451
7629,97822
12418,99649
8962,98859
15252,100597
33877,106944
13342,99291
87134,120849
30521,104862
30829,105983
458324,206268
103566,127352
1781297,482760
2166347,611250
420807,215055
8914,101199
7618,99715
7330,98805
10091,99438
9326,99561
7117,98701
12382,101057
9021,99673
15878,101047
34360,107891
13277,99959
86480,120777
31401,105883
30730,106294
461184,206637
103957,127884
1779135,489585
2183269,605119
425216,217443
8073,100893
7989,99389
6333,98995
9603,99970
9074,99052
6886,98596
12792,101262
9343,99787
10353,99745
33742,107329
13737,99683
86690,121174
31408,105876
30203,110213
458778,207083
103948,129177
1766407,487637
2164423,610276
435230,216741
8268,100807
7814,98297
7211,96967
9056,98871
8944,97872
7210,97222
12715,99824
9201,98902
10172,98539
34384,106688
14172,99036
86425,120026
31932,104184
29821,104859
458718,205399
104451,124804
1791566,490808
2185729,600460
418746,215996
8525,99004
7975,99319
8148,98515
9667,99477
8314,98915
7482,98046
12517,100023
9564,98681
15217,101146
35021,106852
14006,99349
87625,119965
32335,105281
29888,104273
465016,206541
103091,126070
1786808,495488
2191682,601724
427204,215511
8290,100230
8138,99843
7351,97783
9257,99159
8528,97826
7215,97891
13506,100178
8861,98485
9972,99470
34271,107619
14052,99476
87041,121273
31559,105758
30084,106425
458921,207420
103727,126993
1789730,489288
2191721,602569
423430,216850
8804,100367
8034,99583
6960,98568
9048,99809
8951,99239
7139,98509
12311,100547
9297,98457
10723,105577
33538,108713
13865,107259
86963,127250
32073,104502
30535,105099
467332,204111
103945,127638
1789738,486679
2171142,612269
428397,218404
7899,101710
7992,100080
7291,98533
9907,99216
8450,98265
7365,97746
13026,99719
9720,99590
15006,101356
34810,105091
13741,100434
87715,122424
32146,106411
30691,104917
460370,206358
104230,127355
1793163,491721
2159416,595815
422525,217108
8409,101510
8141,100102
6897,100299
9403,99093
8300,99158
6713,98303
12929,100598
9253,97846
9784,101133
34885,106760
13224,100151
87376,119862
31369,104574
29836,105693
459403,205437
103333,125766
1785551,494129
2187996,608200
422394,218080
8167,101248
8485,98111
7223,97803
9290,99082
9300,98202
7776,98682
13238,101313
9543,97885
10568,98546
34103,106935
14234,100005
86537,121022
31830,105166
30983,106287
462532,205922
103616,125740
1796560,489069
2173052,601520
416589,215553
8768,101710
8867,99394
7427,99116
9330,101914
9084,99323
8084,98571
12570,108041
9816,99216
15868,101451
35030,111742
13639,100029
87789,120394
32149,105237
30303,104036
463607,208467
104009,125937
1783398,488682
2180354,611803
420404,217757
8185,99786
8317,99895
6760,98740
9373,99020
8255,98683
7155,97052
12873,99913
9181,98632
10539,98141
35145,106261
13518,98905
86488,120229
31313,105423
29642,104796
459004,206166
103544,126113
1787693,487727
2170651,600890
424522,214856
8273,98707
8432,98143
6908,97993
8982,98347
8939,98208
7739,98279
13115,99623
9047,98881
10683,99032
34343,106276
14147,99537
87188,120347
31817,104259
30694,105098
462714,205787
103960,127691
1786073,485963
2196061,602716
418307,216233
8255,101277
8314,100723
7833,99229
9996,100262
9306,99655
7896,99953
13202,101129
9838,99005
15655,101190
34272,107827
14095,99824
87673,119640
31706,106891
29618,105697
464057,206349
103062,127032
1777659,486256
2179564,600239
436428,219880
7994,100947
7812,99849
7169,98906
9551,99133
9153,98098
7328,98550
13312,100307
9611,98739
10617,99160
34543,106197
13717,98538
86855,120477
31361,105085
29868,103905
458289,205744
102902,127284
1791282,485318
2172047,604171
425787,217531
8533,100584
8429,99639
7251,98577
9245,99394
8517,97803
7269,98190
12881,99336
9219,99676
10655,98909
34341,106506
13533,100117
87065,120047
31372,104421
30458,105519
461546,205139
103613,126291
1795622,502058
2204825,607628
413918,217240
8312,99779
8799,99390
7530,99176
9232,99079
8748,98793
7547,98461
13160,101101
9419,99083
15481,102479
34837,106853
13809,100678
87419,119727
31936,106333
30192,105395
461782,205836
103410,125821
1777888,491005
2189185,603508
424578,218717
8634,100870
8699,99106
6830,98364
9257,100259
8393,99116
7042,98334
13182,99837
9813,98335
9928,107890
34302,107782
13163,107261
86500,125268
30878,105747
29878,104904
465640,207268
109592,128243
1780011,491389
2183636,620497
435608,215590
8422,98391
8396,98370
7394,97570
9452,97397
9013,97246
7725,98039
13181,99599
9388,97629
11122,98159
34176,106320
13792,99071
86395,119792
31649,104151
30560,104183
463709,205459
104786,125076
1804328,489377
2151375,601158
418761,214367
8722,100663
7818,98507
7621,98578
9377,99203
9000,98270
7879,98046
13413,99720
10053,98853
15348,100122
34433,105934
14575,99555
87315,120628
31895,105733
30137,104676
461517,207563
103391,125136
1777826,487747
2189318,605796
425137,218374
9302,101669
7769,99002
6501,99032
9355,99253
8582,98753
7623,98167
13046,100947
9934,99198
10350,100434
34378,107143
13790,99961
88076,120509
31450,105067
30594,106702
461066,207167
104244,127237
1782607,490670
2199509,613547
424224,217171
7657,100519
8886,99437
6994,98465
8664,98247
8893,102628
7369,96859
13190,99177
9475,99318
10826,99339
34225,105891
14117,99369
86657,120224
32045,104424
30559,105127
459526,207574
103955,125606
1792093,486970
2168428,602862
419754,213775
7875,100732
8361,98001
6591,97327
9353,99755
9148,98617
7109,97747
12534,95536
9765,98692
15162,100840
34427,105977
13190,99234
87348,120240
32012,106180
30087,104273
458730,206480
104273,125654
1786108,501643
2183538,600979
426730,217102
8701,100955
8600,99554
6713,97991
9208,99689
8585,98392
7051,97869
13207,99632
9118,97851
9816,99343
34374,107340
13130,99242
86349,119605
30895,105480
30315,105320
462981,207389
104538,126363
1783711,487100
2187253,617584
425362,218976
8237,99092
8693,98698
7444,97608
9216,99516
9288,98407
6795,98539
12484,99805
9815,98600
10688,99244
34024,107152
13722,104987
86384,126325
31595,106076
30286,103952
470313,206162
108825,126620
1778385,487992
2164986,618604
420119,220535
7890,101184
8550,99761
7113,98857
9223,100180
8643,98970
7720,98383
12710,99524
9991,100153
15225,100103
34358,105938
13681,98937
88594,120197
32323,105390
30257,105405
463792,207464
104424,125101
1796618,487315
2167980,600879
424651,216624
8578,100345
8326,98877
7058,98399
9516,99880
9049,99042
6930,97232
13572,100342
9924,97849
10305,98640
33956,107487
13401,99575
86710,120546
30993,104603
30712,104456
462179,205461
102731,126291
1788392,484806
2186948,603904
423031,218113
8633,101888
8295,98659
7001,98532
9534,99205
9101,100014
7254,96956
12765,99356
9106,98182
10788,98633
34676,106476
14403,100007
86986,120132
31558,103895
30033,110094
462601,206875
104368,126412
1792083,489373
2177023,606703
430597,217145
8354,101498
7811,104138
7310,104096
9356,98382
9012,98903
7502,97580
12564,99811
9934,97903
15230,100516
34658,106684
14329,100022
88507,119804
32183,105013
29831,104927
457329,205300
102714,125461
1790367,485922
2162228,599016
424024,217837
8340,101387
7519,98990
6493,98219
9596,98525
8465,98185
7496,97698
13963,100166
9362,98494
10775,99386
34544,106151
13724,100064
86302,120816
31150,104080
30782,105841
459024,205128
103430,125570
1786876,496366
2182766,610687
426656,218191
8415,100115
8738,99084
7092,98308
9169,98991
8709,97793
7236,98222
12978,99504
9299,99300
10886,99412
33774,106157
13999,99560
85915,120838
31749,105443
30155,105016
457395,206538
103368,127415
1779548,491338
2187388,611446
417760,215031
8278,101112
7737,99639
6772,98627
9098,99109
8699,98112
7407,99033
12234,100719
9463,98796
15257,100893
34534,108037
13826,99462
87986,119622
32908,105907
29879,105364
462503,206431
102814,126694
1779573,490915
2185473,602916
421214,217937
8262,100371
8274,98781
7082,99079
9520,100548
8294,98149
7391,98692
12701,100342
9577,98768
9902,99183
34186,107591
13440,105217
86601,125503
31482,105039
29812,104686
467728,206178
102930,126901
1768218,485917
2177612,619185
431805,216954
7695,100937
8647,99323
6987,98669
9398,98867
8975,99264
7485,98110
13073,100188
9211,98790
10873,99336
33523,105949
14145,100154
86575,119899
32476,104234
30227,104658
462968,205549
104078,125629
1788220,491284
2167350,607377
423476,216013
8231,99272
8086,99087
7029,98652
9240,99882
8848,98631
7557,97663
12478,100036
9521,98528
15457,101795
34830,106622
14182,99666
87311,120052
31986,104928
30626,105848
462882,205474
102999,126398
1792379,488612
2168104,608501
423525,215332
8733,101558
8182,99254
6883,97422
8958,99513
7995,98024
6857,100117
12661,100076
9070,98346
9623,99995
33829,107242
13229,99623
86722,120043
30882,104528
30002,105411
459400,208457
103506,124251
1771993,486070
2178906,606653
421074,216576
8829,100173
8474,99035
6830,98524
9183,99579
9069,99461
7413,99028
12825,99606
9669,98184
10609,100084
34074,105486
14339,99884
86114,121213
31097,104355
30179,104331
459777,205136
104271,125049
1767106,484186
2187327,610138
415313,217619
8328,100874
8267,99469
7323,99608
9049,99899
8703,97919
7011,97919
12882,99550
9916,99065
15692,100774
34853,107446
13380,100620
87046,120786
31679,106668
29843,105462
458971,212089
103273,126842
1783550,491194
2172508,610147
426052,215351
8284,100071
8074,99191
7225,98995
9444,99714
9277,97938
7537,98093
13188,99933
9178,98652
10346,98714
34528,106349
13684,99322
88271,120558
32095,106048
30503,105140
457358,205884
103591,125488
1777546,485385
2173238,606710
420853,215178
8714,100581
8137,99236
7311,98424
9671,99211
9062,98454
7632,97934
13295,99377
9972,98877
10983,98052
34173,107419
13888,99795
87764,119732
31883,104755
30737,105847
463847,205915
104239,125914
1785914,496896
2179740,614349
418596,216272
8872,100070
8188,99824
7968,98721
9438,100337
9131,99818
7617,98710
13116,100238
10191,98612
15727,102330
35486,106593
14291,100333
87989,122514
31394,106224
29676,105134
460189,207008
103213,126594
1786716,488431
2164148,604519
427620,214284
8482,100198
8056,98689
6732,98863
9523,99061
8307,98720
7287,98909
13891,101609
9629,98896
10276,98637
34343,107390
14109,99507
87543,120062
31270,104650
30323,104042
467098,207164
102744,126334
1755513,490076
2177522,611853
435195,216451
7905,108203
8085,97467
6767,99192
9326,99870
8327,98176
6966,97644
12594,100515
8863,99160
10136,99154
34219,105883
13280,100413
86159,120035
31406,105591
30599,104766
460114,207001
103293,124831
1788631,491574
2180812,606693
420653,214511
8932,102840
8303,98980
7974,99029
9629,99818
8965,98804
8093,98942
13644,99958
9402,99940
15139,100869
34951,107578
14757,100317
87767,120809
32190,106909
30202,106141
463151,205859
102953,125492
1772874,494894
2174566,607485
425993,215431
8781,98861
8492,99817
7327,98094
9946,99141
8854,98443
7654,97795
12722,100512
9535,98876
10276,99776
34320,106764
13634,99846
87181,120146
31724,105372
30849,105447
462381,206050
102696,125825
1777934,484613
2187151,602409
423339,214263
7590,99454
8304,98991
7460,99198
8921,99709
8762,98728
6931,98310
12542,99745
9620,99258
10757,100043
34013,106927
14451,99766
87240,120733
31634,105271
30480,104815
458631,205380
104567,126999
1772426,489042
2198512,606050
415772,215934
8934,101708
8337,99135
7595,99625
9486,100620
8457,98800
7694,98787
12741,100691
9781,99349
15283,100813
34304,107563
13595,99489
86838,121305
31455,105081
29789,104275
459706,206607
102867,126097
1780834,487075
2181183,610803
427527,219469
8529,101660
8202,99167
6908,98519
9538,99721
8234,98436
6929,99388
13373,100474
9275,99591
10563,99067
34238,106490
13697,99402
87831,120689
31864,105719
30844,105461
460417,206135
104058,127435
1783614,490125
2179252,611909
425384,216164
8015,101443
8089,99519
7047,98871
8990,100385
8897,99523
7327,100018
13059,101058
9291,98535
10388,100060
33982,107025
13780,99918
86710,121608
31619,105338
30289,105888
458639,206661
103695,126037
1787587,486889
2179007,606505
416796,216978
9149,100699
8219,99203
7552,99417
10227,100852
9377,99369
7560,98737
13195,100821
10105,101368
15218,101406
34200,108331
14052,100946
87798,121756
31940,106518
30073,105969
462828,206753
104531,126282
1764546,489654
2181864,607279
427410,217417
9118,102301
8218,99563
6979,98821
9042,99508
8791,98512
7413,98562
12992,100950
9353,98604
10384,99026
34376,106013
13720,99253
86835,119246
31421,104793
30475,105950
460569,215438
103115,125681
1779354,492285
2181894,600679
423742,218266
8130,99953
8602,99614
7042,97723
9361,99408
9333,98757
7657,98776
13070,99722
9856,99645
10766,100392
34117,106449
13880,101181
86496,120460
31526,105919
30416,106121
461719,208508
102937,126149
1797703,490322
2186827,606457
417963,216526
8245,100612
8413,99199
7228,99191
9920,100397
8714,99338
7443,98338
12445,100511
9719,99873
15622,101467
34632,107254
14133,100489
88257,121648
31522,105852
30371,104725
457973,206546
103200,126326
1787639,484205
2192575,602992
424008,216508
8803,101418
8962,98926
6686,99261
9553,100977
8175,99606
7355,98952
13366,101826
9413,99792
9709,100892
34042,107922
13604,99909
87045,121326
31274,105038
30143,111706
458013,206128
102416,127566
1780029,489168
2169462,608630
435236,218069
8170,101352
8050,97713
7005,98181
9355,98575
8745,98256
7775,98743
13372,100981
9374,99035
10642,99505
34222,106287
13616,100450
86747,120910
31817,105321
30057,103923
458738,205838
103728,126028
1798716,487934
2168630,609678
416205,216299
9082,100092
8312,98868
7606,98322
9682,99196
8534,98359
7258,98464
12816,100512
9405,99317
15688,100143
34357,106894
14297,100558
87680,119736
32062,104800
30404,100998
460171,206944
103085,127093
1801321,497494
2201586,603833
424576,218723
8068,100695
8549,99627
6864,99141
9297,100135
8652,98379
6942,97877
12663,100596
9118,98196
9908,99798
34505,106289
13257,99049
86548,119668
30956,104949
30107,105220
457861,207555
103507,126866
1779227,486849
2188889,601942
419491,218492
8309,101087
8946,99498
7575,97859
8961,104637
9356,98762
7658,98220
12887,99434
9615,98361
10884,99039
34911,105866
14380,98539
86678,120214
31271,104651
31027,104134
463908,214245
104631,126008
1811040,485811
2157344,601003
420391,217552
8598,99812
8592,98157
7309,98298
9411,99303
8205,98269
7211,96726
12331,99974
9363,98908
15121,100967
34390,106896
14629,100124
87216,120614
31649,105476
30114,106204
463448,206832
102548,126714
1785060,483933
2181393,602626
424824,216349
8406,100050
8870,99161
6738,98206
9258,99595
8524,97804
7503,98509
13117,99921
9126,98113
15654,100388
29092,106381
13484,100460
86430,121579
30520,106264
31344,105793
458505,206529
105069,126092
1776398,487841
2197189,611645
417595,215875
8953,100169
7950,99218
7728,98650
10680,99401
9186,99517
7858,97494
13326,100469
9228,98905
16031,101806
34643,106099
13494,98485
86778,122153
30873,104073
30676,104400
456631,205502
104071,125764
1773779,487962
2183357,613301
417939,217794
9168,101114
7475,99494
6940,99427
9691,100532
9321,97963
7593,99009
13073,100637
9255,98924
15477,101081
34725,106231
14006,100303
86026,120830
31410,105230
30859,105686
459118,207005
104806,125538
1768689,485395
2178363,605188
420343,215796
8472,99450
7957,98402
7517,99235
9546,99858
9677,100255
7386,103727
13141,99615
9493,103428
15954,100346
35128,111530
13961,99200
87788,120697
31531,104632
30737,103918
466504,205157
102951,133064
1778574,487913
2185582,623381
422597,224569
8813,99778
8047,99301
7364,98031
10062,99099
9338,99446
7606,99215
13127,100094
9727,98607
15436,102060
34263,105381
13502,99868
86900,120415
30849,105171
30576,105068
459334,206352
103688,125756
1782445,488143
2181983,599453
425648,216620
8033,100082
7418,99143
7024,98970
9656,99816
9236,98361
7855,98982
12835,101721
9100,98689
15273,101293
34662,105763
13549,99977
86405,121350
30418,105009
30543,104968
458019,205637
103658,126036
1777435,492432
2196431,608048
417245,216548
9370,101377
7835,99655
6893,97591
9535,99649
8769,99144
7578,97902
12852,99893
9042,99221
15843,100076
34245,107284
13397,100672
86435,121642
30149,105168
30858,98642
460013,207223
104500,125859
1764698,501085
2188561,606795
419042,215122
9122,101066
7931,99287
7009,99001
10324,102077
9191,99476
7164,98041
12889,100220
9241,99419
15862,100946
34845,108301
13268,101095
86510,122641
30704,105827
30549,104898
459530,206428
104436,126243
1768176,486949
2190895,605403
418876,216379
8841,101921
7807,98846
7163,99430
9576,98743
9356,98153
7491,97289
12977,99977
9453,98075
15694,102400
34740,107166
13470,99328
86886,120977
31117,104552
30634,105038
456217,206679
104706,126024
1761899,483191
2198259,606230
418078,217203
8159,101239
7811,99364
6697,99505
9230,106301
8840,99334
7052,104434
12807,107958
8756,99388
15282,101735
34778,114621
13322,100212
87400,121297
30591,112134
30369,105201
466988,207778
109790,128765
1774167,482681
2165292,612256
415294,222505
8106,101209
8155,99202
6974,98455
9633,99865
9359,99302
7905,98674
12434,100076
9289,98516
15098,101206
34925,107105
13663,99372
86800,120940
30511,104960
30723,104816
461665,204270
104200,126525
1775615,488952
2170777,597888
420603,215980
7967,99016
7579,97128
7258,98025
9883,97543
9205,97953
7244,97655
12434,98116
9079,97817
15580,99770
34827,106734
12997,98457
87488,120854
30493,104165
30644,104718
456904,204920
104192,125447
1773847,486568
2170420,603734
418059,217846
9104,101921
7967,98832
6832,98690
9977,99513
9117,98996
7225,98583
13259,100352
9404,98187
15591,101101
34841,108069
13214,100171
86780,122813
29934,105069
30505,105863
457146,205414
103111,126504
1758901,499224
2173319,610401
415298,217622
8634,101425
8053,99047
7155,99979
9916,100372
9391,100617
7306,98882
13266,101543
9389,99269
15103,100927
34464,107899
13894,100416
87074,121820
30178,104936
30700,106391
461735,206469
103959,126267
1765784,488686
2181917,606533
416498,215651
7751,102002
8382,98670
7329,98521
9574,100899
9325,99982
7583,99098
12546,100580
9077,98722
15604,100747
34362,108250
14653,100268
87052,123056
30389,106207
31375,105506
461491,206159
103683,127746
1756639,489246
2190659,607925
414584,214914
8173,101051
7368,98660
6988,98095
9348,100176
8726,104036
7126,97775
12628,100215
8635,98578
14929,101692
34778,106222
13361,99623
86274,121435
30570,104908
30411,105095
456233,214283
104212,126374
1772103,489571
2172768,616925
419592,212912
8207,100562
7857,98815
6689,98164
9651,98856
9083,97773
8035,98274
12741,99763
9625,98845
15533,99839
34799,107154
13600,99606
88940,120575
30821,104595
31417,104974
458849,205221
103781,125211
1780688,486257
2173990,605743
418607,216014
8833,101467
7851,97917
7301,99561
9526,99158
8691,99085
7433,98088
13094,100588
9154,99260
15476,100232
34054,107144
12878,98724
87048,121943
30296,105212
30857,104983
461969,206064
103207,127236
1775710,496633
2180289,613038
418178,215141
8377,101241
7416,98741
7421,98646
9400,100201
9211,98859
7167,97281
13079,100065
9579,98995
15226,101288
34855,108159
13498,100110
87114,120469
30479,104495
30523,106122
456201,205166
104533,125154
1775222,484782
2191162,612837
418489,215707
8629,99500
7052,98859
6843,98770
9234,99265
8593,99237
7652,98128
12467,100660
9105,98870
15223,101619
34487,106347
12959,99726
86698,121115
30784,104683
30465,106531
458593,206085
103781,127049
1770687,490028
2187427,603603
416323,216505
8083,100121
7595,98663
7424,98353
9241,99515
14766,98997
7847,97865
12944,100223
8864,98439
15101,100272
34230,107316
13662,99711
86510,120306
31026,104849
30902,103952
459837,214110
103708,126451
1765246,486532
2182443,604757
422165,217699
8481,101121
8235,98400
6873,99016
9950,99657
8878,98793
7232,97255
12887,99547
9292,98248
15372,101098
34447,106010
13505,99612
87101,121341
30436,104654
30890,105039
460174,206042
104288,125719
1774314,486131
2182123,605806
421413,213998
8485,100412
7924,98356
7075,99276
10242,99026
8956,97964
7273,97784
12544,99577
8699,98295
15378,100406
34365,107047
14130,99716
86680,121441
31021,104666
30482,105019
459057,206368
103725,126206
1774226,495397
2180591,608476
418258,215357
8574,100362
7929,98767
6961,97981
10035,99438
8737,99080
7390,98339
12352,100957
8965,99024
15324,101241
34565,107407
14210,99861
85894,120455
30278,104809
30760,105652
454293,204770
102290,125015
1761495,481746
2150521,603728
416019,215195
8187,102857
7712,99212
6964,98809
9442,100734
9156,97991
7055,98465
12881,100645
8997,98833
15419,100897
33941,107484
13509,100569
85594,120888
30676,105861
30460,111444
456060,206161
103781,125299
1749607,483743
2160124,600791
424658,213814
7760,101393
7229,104576
7090,103016
9060,98911
9033,98356
6855,97501
12785,100923
9123,98354
14953,101392
34225,106360
13122,99907
86470,121758
30365,105480
30527,104645
452548,206030
104024,127155
1756544,483776
2149711,593516
415798,214393
8101,100418
7436,99866
7002,98940
9317,99981
9075,97402
7657,97662
12689,99767
8972,98145
15230,100977
33373,105380
13191,98683
85801,120613
30219,104494
30105,105453
453801,205146
103488,126295
1773486,479324
2147765,603667
415630,215963
8097,100514
7334,99091
6664,98169
9855,99215
9099,99226
7748,97836
13167,99004
8798,97268
14920,101212
33882,106055
13234,99217
85698,119232
30870,105911
30781,104641
452264,205907
103279,124674
1754657,485049
2171083,607576
411612,215667
8527,100909
7855,98081
7454,98208
9681,99934
8928,98957
7297,98471
12235,99848
8910,98432
15239,101318
33754,106099
12965,99348
85260,120301
30434,104572
30242,106670
456106,205637
102730,124983
1753187,483594
2176566,604079
413916,215335
8385,100827
8033,99393
6751,98998
9969,99384
8794,98694
7155,98362
12752,95969
8956,98573
15256,100594
34368,106997
13100,99154
86186,119761
31263,105094
30403,105381
451913,212630
102509,125705
1753626,482943
2166398,599087
415441,214070
8531,100464
8185,99281
7455,98773
10014,100544
9274,100042
7543,98708
13674,100121
8778,99571
15296,101375
34012,106125
13608,99461
86777,120239
30257,104742
30738,105157
450416,205836
104432,125987
1762000,486974
2154300,603893
418592,215529
8968,101945
7902,99720
7607,99389
9931,100838
8923,99126
7474,98163
12634,100949
8712,97576
15214,101114
33879,107444
13358,99309
85387,120893
30184,105179
30120,105368
456600,204218
102459,127159
1755878,485902
2165045,602434
411112,216444
8579,99806
7295,99162
6748,97947
9363,98910
8895,99225
7607,97970
12282,99686
8841,99154
15394,100660
34596,105986
13896,100076
86182,120292
30857,104786
30620,105648
458523,204406
103182,125122
1758689,484890
2176186,601929
411925,216670
8183,100123
7631,98806
7184,99845
9509,99802
8759,99613
7010,99082
12984,99819
8928,98843
15201,100713
34364,107320
13821,105604
86008,126316
47901,107379
30351,104524
468490,205861
109990,128495
1772066,495994
2181165,612236
416935,221412
8296,100403
7309,92953
6968,98973
9653,99295
9008,99141
6862,97595
12731,100278
8962,98415
15048,100830
34328,106539
14058,99449
87297,121256
31074,106217
30928,105353
458427,206976
104928,125118
1781834,489707
2167288,602903
417240,215674
8682,99688
7448,98126
7131,99097
9493,99462
8939,99342
7157,98569
12738,100364
9279,98961
15563,101587
35098,107141
13679,99901
87407,122722
30242,105784
30091,105500
457171,205592
104216,127216
1767086,499499
2175711,601504
415364,217185
8486,100838
7780,98910
6993,98850
9267,98958
9061,99515
7600,98275
12749,100631
8841,98365
14854,100888
34462,106381
13496,99009
86664,121058
30698,105595
30669,105659
458992,205801
103945,126235
1775216,490016
2198379,598891
419302,217686
8231,100044
7488,99427
7558,98804
10358,100817
9514,99653
7581,98618
12258,100413
8799,99488
15360,101286
35190,107655
13521,100086
86966,120577
30026,106096
36088,96822
463218,206080
104162,127042
1759226,486568
2170892,601420
430294,214822
8796,102705
7267,104606
7357,103898
9556,98765
9046,98495
7643,97956
12772,100283
9121,98509
15201,100495
34658,106288
13490,99197
86998,121648
30294,105512
31004,105423
456914,206353
104180,126123
1775333,484114
2176272,610724
421512,217767
8070,99885
7282,99311
6552,98657
9627,99760
8872,98685
7227,99079
12390,100651
9134,99160
15415,101270
34185,106886
13391,100079
86713,121946
30312,104470
30290,104670
457941,207620
104186,125270
1770319,495646
2185279,617146
417233,217223
8506,100958
7378,100431
7081,99059
9530,100304
9568,99435
7429,98975
12671,101190
8882,99099
14890,101136
34179,106898
13226,100203
86252,121161
31141,106379
30307,105669
460593,207591
103657,125740
1773547,494377
2178419,606488
415873,217220
7683,101629
7250,98119
7274,98625
9728,99504
8973,89020
7478,97180
12202,101359
9404,98247
15255,101136
33987,107221
13290,99884
86322,120513
30790,104952
30273,109873
461642,206583
104481,127040
1760490,483842
2179099,610070
431441,214285
8131,108396
7420,98636
7592,98812
9579,99023
9068,98621
6924,98039
12586,100234
8691,99863
15561,101165
34090,107156
13544,101457
87050,121080
31573,105759
30922,105189
458642,207078
103393,126132
1784911,486339
2181545,604783
425889,216024
8257,99488
7721,98621
6796,97920
9117,97602
8132,97758
7010,98408
13261,99271
9129,97945
9945,98860
34021,105980
13250,99021
86883,119562
30821,104252
30174,104812
460729,204907
102714,126820
1764157,497017
2183163,609474
425373,217193
8070,100555
9343,99172
7076,98408
8987,98781
9097,98608
7087,98098
12923,100402
8990,98454
10560,98181
33507,106089
13712,99218
86659,120091
31803,105361
30044,104735
458070,205535
104570,125624
1791253,486873
2176839,610761
418617,217046
8649,102828
8366,100384
7805,99263
10175,100807
8909,99021
7750,98746
12644,101116
10136,100423
15460,101547
34388,107658
13691,100136
87156,121120
31865,105768
29575,111726
464110,206033
102518,127873
1763288,500172
2198063,613917
430734,215846
8993,100678
13484,99466
7641,98300
9034,98772
8314,97558
7432,97957
12949,99913
9807,98939
10144,99258
34421,106641
13924,98440
87335,120660
31265,105351
30716,105149
459543,205233
103277,125867
1775803,488071
2179309,603679
421967,217347
7933,101088
8564,99943
7426,98659
9105,98735
8453,99196
7364,98361
12807,100219
9175,99988
10379,100158
33390,106830
13917,101441
86713,119518
31457,106059
30822,105265
458650,205608
104059,126793
1789393,487353
2186952,605076
416152,214902
8815,100560
8244,99579
7115,99565
9798,99333
8727,97701
7808,98292
12627,100629
9750,99144
15146,101298
34292,106713
13366,99856
88180,120620
31831,106273
30153,104930
458609,206046
103966,126456
1781152,485046
2191771,612348
425709,216429
9034,101024
8190,99379
6913,98556
9544,99016
8671,99038
7046,97821
12440,100370
9688,98202
9939,99317
33980,106495
13386,99715
87111,121389
31787,104393
30178,104993
454793,206403
103845,127072
1781415,486400
2178005,611060
421910,215245
8736,100457
8869,98218
7420,97779
8992,98831
8763,99026
7135,96645
12988,99552
9199,97715
11106,97977
34118,105775
13786,98903
86664,119435
31919,104394
30344,104126
457682,217043
103626,126473
1789906,484810
2167034,605087
422121,216589
8876,102053
8544,98699
7534,98519
9952,99341
8460,97314
7605,97945
12418,99595
9697,97363
15737,100378
34544,106258
13984,98141
88074,119248
31917,104988
30087,105212
462204,205027
103053,126487
1794382,489501
2170072,601917
425519,218317
8707,99538
8664,99094
7110,98930
9672,100352
8618,98990
7380,98553
12832,100589
9452,98985
10012,98450
34312,106402
13561,99263
87033,120392
31166,104816
30691,106047
458062,206813
103445,125875
1780652,484365
2171614,603348
426227,216972
7759,100100
8261,98440
6929,97903
9258,98815
9161,99019
7927,97343
13167,99221
9962,98355
10623,98744
33864,106634
14113,99692
86777,120064
31697,104277
30499,105049
460542,206559
104402,125535
1785364,487947
2194112,605619
414980,214911
8587,102251
8402,98664
7213,100028
8959,99081
8377,98963
6966,97903
12758,100114
9704,99642
15558,100935
34090,107067
13683,100068
86997,120956
31812,105331
29976,104628
462038,212607
103347,126292
1770802,483365
2164364,607755
422952,215760
8522,100783
8596,99491
6664,98464
9657,99960
8623,98507
7093,97873
12714,99678
9594,98957
10410,99740
34306,107697
13832,100093
86467,120587
31743,105085
30284,104295
459793,205791
104044,125034
1777829,488431
2171691,602179
423785,216468
8047,100655
7890,98680
6986,97480
8986,98317
8630,98088
7113,98884
13260,100171
9361,99065
10212,98958
33635,106412
13553,99876
86022,119569
31034,104720
30104,104967
459576,206291
104071,126033
1786031,487552
2186760,605070
416073,214335
7811,100088
7800,99442
7502,99302
9699,100501
8245,98106
6781,97545
12341,99421
9736,99292
16271,100261
35309,105689
13445,99429
87008,120621
31205,105300
30314,105550
458762,205019
103375,126313
1764579,483178
2185375,606880
427023,215976
8306,100714
8065,99322
6358,99576
8752,99301
8568,97860
7230,97849
13238,99531
9460,98869
10180,99043
34977,106651
13515,100395
86711,121097
31327,105590
30254,104835
459328,205812
102692,125603
1780871,489686
2167267,600283
426036,215688
8013,100066
8285,99220
8067,98334
9436,98017
9088,98083
7385,97892
12785,100199
9091,97840
10378,99739
34284,106797
13604,99587
86825,120301
31384,104529
30252,103966
461691,205640
103767,125477
1784375,495713
2192923,596197
418733,214694
9235,100364
8426,99128
7419,97958
9590,99375
8594,97471
7661,97865
12184,99572
10101,99487
14957,100839
35008,107283
13513,98569
87809,120640
32483,104642
30817,104633
462571,206673
103040,126643
1781154,497647
2201207,615956
426369,216347
9321,99215
8438,98909
6905,98757
9471,99079
8402,98124
7145,98336
12766,99960
9582,99064
10035,100364
33932,107121
14141,99706
86977,120041
31670,106048
30222,104396
460118,206668
103275,125670
1776983,495915
2186504,621328
434676,215446
7698,101738
7752,98041
7392,97693
9141,98217
8728,97014
7156,97332
13324,98876
9434,98046
10916,98031
33808,105892
14374,100021
86405,119509
31719,103447
31237,104410
463383,205028
104493,124476
1789078,498825
2186019,611327
417235,214277
8528,100577
8094,97879
7345,97469
9896,97591
8951,97926
7927,97384
13462,98940
9706,97850
15122,100810
34843,105682
13727,98474
87391,119605
31188,105269
29688,104844
461034,206855
102718,124960
1776880,493147
2202531,601139
424872,216008
8961,99921
7972,98303
7360,97164
10007,98298
8952,97538
7265,97785
13402,98965
9833,98182
10410,96474
34462,107541
13889,99401
86659,119812
31140,104762
30686,104715
461946,204619
102732,124956
1781773,481549
2191704,615543
420976,215324
7742,100165
7843,98160
6719,98570
8812,98600
8998,99198
6940,97010
13078,99330
9201,98795
10326,99621
33892,105428
14275,101255
86192,124503
37619,105632
30508,105744
469157,204949
108748,126334
1781556,489175
2172669,621422
417878,222193
8261,100372
8042,98662
7570,98923
9408,98993
8678,98525
7250,97776
12993,99598
9807,98516
15212,100547
34404,105554
13564,99618
87490,120025
31915,105319
29925,104439
460793,205071
102404,124246
1785363,499903
2164369,602775
424515,214227
8771,98095
8064,98669
6565,98527
9384,98061
8866,98744
7001,97310
13145,99790
9656,97255
10150,98715
34263,106972
13747,99527
87116,120663
31919,104377
30515,105529
464593,205914
103115,125608
1778619,483033
2190670,608780
425422,216306
7904,100767
8080,98734
7506,97463
9460,99500
8792,98389
8117,97890
12684,99225
9121,98018
10580,99275
34294,105434
14446,100367
87128,120526
32332,103770
30593,104816
464168,206597
105176,125301
1776893,488356
2176877,602758
417859,216012
8274,99860
8618,99860
7437,98339
8801,99322
8512,103629
7321,96292
12610,99452
9313,97984
14629,100191
35109,105728
13575,98725
87255,121347
31364,103891
29921,103970
461318,206288
103448,125763
1795327,489627
2179498,604777
424388,216139
8032,100420
7792,98459
7289,97397
9813,98012
8550,98038
7471,97781
13463,100138
9597,98284
10552,98626
33858,106627
13855,98464
86496,120026
31277,104377
30562,104362
458747,205413
103647,124643
1780518,490284
2162886,610413
424209,214784
8549,100447
8433,99029
7071,99060
8832,98831
8623,98520
7080,97615
12704,99619
9023,98147
10880,98657
33631,105980
14069,99172
86754,119803
31920,105018
30210,104700
459470,204752
104148,126081
1776520,495131
2165559,608436
421791,217204
8297,102084
8318,100388
7729,98961
10056,99368
8896,97687
7472,98009
12463,100183
9686,100093
15202,101779
35206,106281
13904,99360
87225,120690
31254,105779
30374,105884
458338,205661
104299,126303
1785377,493490
2180861,603916
422852,216312
8536,102423
8492,98988
6625,97999
10089,100179
8687,99721
7276,97340
12731,100580
9662,98671
10466,99901
34463,106436
13796,99616
87284,121531
31352,105995
30701,104966
458186,204999
103571,127009
1762924,489659
2188145,611659
423156,217265
9044,99318
8293,100199
7181,98442
9363,100610
8790,98427
7717,98375
13073,100607
9478,99331
10021,98787
34393,106931
14182,106085
109778,130155
32467,104942
31537,105375
469192,205841
104325,127641
1787769,487305
2170887,618066
426405,216071
8202,110791
8646,99058
7818,98017
9749,98453
8809,98734
7383,97609
13268,99509
9766,98410
15872,100554
35174,106482
14181,100562
87626,121618
31566,104952
29931,104704
460750,205934
103009,126116
1792858,489296
2167624,606977
425427,214845
8417,100969
7953,100228
6932,98269
9335,99414
8236,98288
7316,97962
12950,99533
9296,99066
10282,98947
33865,106606
13134,99933
86145,120353
31373,105124
30108,104789
458241,206398
103494,125649
1781273,488566
2149309,609088
423420,214211
8591,98978
8283,99250
7345,98145
9354,98355
8961,98812
7255,98908
13125,99013
9316,97186
10953,99653
33832,105846
13931,99727
87100,120917
31475,105669
30572,105560
460087,204504
104311,126760
1776508,491049
2165025,604771
417034,213059
8485,101400
8059,98885
7407,99546
10144,99236
8459,99653
8158,99016
13055,100947
10138,99273
15145,101469
35075,107222
14457,99747
87811,120124
31731,105798
30133,105840
460786,206097
105181,125081
1774488,489621
2186933,601663
425916,216538
8264,100171
8753,97946
7198,98063
9437,98455
8602,98292
7092,97309
12636,99959
10075,98590
10032,98367
34262,107109
13746,98929
87035,120206
31904,104959
29991,109661
460749,206010
104258,125466
1767586,488493
2173356,615886
439899,216148
8110,100564
8399,98806
7104,97909
9503,98390
8832,97879
7406,97582
13032,99836
9557,98840
10528,99294
34206,106274
13569,100074
86376,120421
31415,104697
30647,105092
458526,206866
104192,124729
1791671,489697
2161121,605846
419950,216350
8893,100450
8688,101348
7656,99006
9698,99810
9227,97922
7278,98712
12873,100620
9562,99001
15184,101710
34924,106360
13357,99161
89539,119481
31930,106593
29750,105647
461174,205879
102811,125232
1792333,497360
2187910,607699
423238,216315
7949,100310
8481,99533
7192,97607
9128,100038
8883,98007
7193,97509
12982,99813
9709,98187
10275,98807
34737,106947
13798,98794
87288,120072
31750,104772
30478,104126
462903,205922
104785,125915
1778007,484490
2170184,603069
423014,216310
8209,101743
7856,98775
7345,98504
9632,98505
9211,99030
7250,97752
12642,100466
9446,97542
10301,98614
33808,106071
14038,99382
86266,120729
31879,104695
30194,111366
459185,204564
103958,126803
1769213,491547
2183817,611141
432687,215147
8643,100231
7798,97653
7166,97060
9989,98999
8576,96463
7374,97472
12771,98275
9514,97959
15087,99580
34579,105531
13758,99016
87934,118697
31741,104491
30204,102790
461543,204844
102960,125895
1789210,483120
2185878,604664
429414,216612
8287,100788
7845,99340
7416,98645
9102,99242
8467,98952
6857,98711
13179,100913
9290,98257
10222,100230
34001,106336
13609,99540
86564,119951
31167,104931
29975,104211
460489,206093
102783,126747
1773926,499174
2174366,604399
420678,217294
7826,100415
8424,98775
7361,98520
8879,99361
8524,99695
6866,98077
13008,99437
9247,99237
10533,100098
34034,106580
13607,100341
86129,120325
31134,104098
29986,104115
460638,204756
103326,124386
1777609,487074
2191161,598649
421060,218354
8559,100749
8314,98831
7307,99180
9650,99245
8511,98974
7126,97893
12709,100641
9632,99696
15057,100509
34170,106978
13376,100260
87523,120418
31875,105228
29368,105034
461719,205804
103213,126003
1776141,487723
2174680,617974
434883,220262
8210,101449
8662,104057
7129,98016
9671,99722
9130,98342
7668,98385
12913,99899
9475,98755
9807,99454
33655,107729
13286,99197
86646,119821
31504,105677
30702,104914
457707,204984
103200,126703
1779925,486645
2175220,610649
423194,218506
8874,99631
8614,99484
7106,98714
9427,100190
9341,98820
7583,97712
12847,100093
8958,98131
10279,99564
34250,105977
13851,100013
86936,119436
31294,104516
30286,104670
458934,206806
104120,127162
1778324,493554
2174678,605250
418504,214366
8142,100485
7746,98814
7385,98122
9890,99732
8803,98089
7558,97531
13337,100511
9601,99200
15760,100513
34862,107690
13855,99245
86816,119248
31761,105307
30320,104362
464989,203885
104274,125198
1780442,489197
2198602,603324
423345,216275
9274,101446
8198,98795
7038,98684
9673,98885
8878,99436
7692,98360
12797,100505
9621,97952
10002,104022
34678,106273
18233,100833
86550,126418
32053,105395
30014,105100
468271,205120
108800,127439
1792302,489377
2180044,612053
431744,218646
7895,100375
8199,99310
7139,98459
9157,99203
8954,97877
7506,97065
12970,99093
9522,97940
10885,98200
33811,106681
14509,100375
86954,120036
32160,105645
31379,106041
459019,205641
104488,125535
1805461,486630
2178852,606647
418497,216263
8619,100988
8243,98982
7726,98334
9954,99718
9338,98829
7636,97825
13174,100218
9670,98320
15633,100781
34033,106032
13843,99649
86855,121116
32738,105631
29146,104730
460738,206103
102802,125976
1788442,496274
2197491,608922
421706,217622
8309,99924
7744,98853
6769,98419
9651,99869
8473,99453
7148,98443
13201,101505
9361,98395
10208,98784
34678,107682
13286,99434
86457,121435
31098,104780
30340,105399
462945,205980
104375,126010
1778028,490783
2183571,605259
421277,217893
7754,100973
8300,98261
7220,97939
9074,103873
8947,99475
7405,102621
12972,99373
9125,98001
10910,98865
33676,105195
14290,98946
86920,119985
31746,105061
30722,105277
466049,213048
104500,125813
1780479,486254
2165237,598654
420344,214095
8196,100645
7998,98609
7251,98030
9588,99343
8941,98277
7667,97463
12894,100508
9606,99491
15269,100630
35209,107299
13730,99265
88355,120288
31700,106117
30586,105955
462184,206831
102563,125184
1785106,489063
2190590,613407
423380,217478
8692,99107
8324,99190
6767,98492
9145,99392
9095,98973
7311,98171
12891,100090
9160,98450
10210,93929
33901,106724
13468,100045
86841,119873
31661,106065
30487,104909
461224,207556
103396,126374
1782536,484878
2186184,606985
424110,216884
8070,100539
7940,99374
6966,99281
9556,99498
8678,99283
7255,100369
13128,101073
9182,99535
10129,105140
33519,106844
13906,100726
92481,121887
32044,105896
30179,104485
462488,206996
104488,126089
1770672,486424
2172090,613267
430784,213853
8057,99324
8370,104544
7473,102234
9864,98934
8264,97261
7742,97932
12654,99358
9609,98650
15219,100574
34247,106202
13311,98655
88078,119294
32018,105224
29818,103096
459961,205763
103403,125238
1777863,484237
2157808,604762
427560,215698
8321,100747
8160,100515
7078,97684
9848,99569
9262,98242
7152,97829
13095,100452
8978,99703
16254,100702
29348,105244
13849,99170
88554,122996
31332,96696
31679,104863
460130,205088
104274,126245
1776260,491010
2168281,606436
417351,216464
8985,101546
7523,99320
7077,99217
9880,100102
9073,100702
7525,98685
12984,100638
9193,98867
15776,101900
34345,108115
13577,100306
87642,121973
30937,106262
30202,106010
457008,207537
103919,127238
1767520,487400
2179066,595687
416956,215099
8667,102451
8310,99412
6776,99295
9706,99375
9143,98364
8020,98184
13118,100883
9095,99380
15311,101636
34618,108345
13545,100274
86905,120319
31283,105382
30442,104443
459120,205742
104305,127523
1770166,484615
2177857,612886
417020,217230
8258,101755
7183,99059
7047,99514
9900,99392
8691,99201
7131,98566
12863,106324
8848,99132
14791,101109
34521,111763
13519,99355
87332,120534
30496,111670
30651,104328
464620,206853
104030,132674
1778115,488874
2158593,613632
419504,223172
8407,100576
7335,99564
6540,98445
9993,98310
8804,98119
7368,98207
12441,100328
9289,99427
15434,100174
34503,106494
13421,99991
86936,121019
30998,104139
30673,105634
456726,205356
104487,126184
1769067,486237
2166937,604019
416457,216139
7950,99982
7217,98019
6738,98548
9236,99395
9039,99517
7514,97342
12301,99504
9118,98467
15482,101353
35188,106982
13650,100081
86700,121656
30364,104898
30779,105559
462192,208113
103411,126398
1764342,499379
2180821,603356
419132,216562
8285,101045
7589,98816
7441,99428
9857,99333
9409,98650
7643,98198
13318,100615
9289,99664
15132,101347
34650,107596
13635,99490
87594,121796
30690,105057
30288,98585
457352,206936
103893,126768
1779031,487754
2177455,607791
419249,215397
8915,100770
8038,98452
7367,98605
10009,98294
9277,99252
7248,98023
13307,100336
9243,98833
16041,101025
34469,107081
13336,106346
87369,126398
30808,105024
31409,105657
468940,207717
104310,126081
1773196,492415
2172863,621698
421710,215668
8576,100105
7547,99320
7174,98489
9422,98736
8746,97693
7724,98111
12828,99596
9356,97762
15369,100540
34859,106983
13769,99907
87301,120011
30665,104450
30708,104302
461997,205026
103993,126417
1793779,486817
2174606,608300
416228,217059
8931,101470
7401,99134
7189,99436
9425,99619
8744,98082
7561,98630
12805,100556
8799,99078
15401,102504
34728,106546
13587,100287
87391,121078
30389,105088
31056,106096
459179,206210
103933,126502
1775971,497908
2185547,609940
417988,215235
7894,99881
7562,99001
6819,98699
9593,99417
9162,98674
7593,98669
13168,100832
9315,99332
15361,101279
34582,106759
13626,100901
86431,121591
30508,106364
30442,104406
456389,206148
104873,125816
1782151,485570
2177125,610922
415621,215281
8254,100720
7533,98619
7426,98166
9980,99499
9256,98193
7667,98103
12781,99621
9061,98857
15440,105267
33927,105388
19291,99136
92194,119997
30857,105445
30253,104801
467243,204828
104504,126184
1777472,483642
2168970,614931
425594,215929
8567,101724
8061,98850
6951,99977
10116,99488
9383,98699
6852,97958
13273,100026
8539,98484
15497,100011
34499,107263
13298,99011
86590,120451
30911,104253
30346,105087
462713,206311
104779,127003
1770905,486857
2171127,603508
418220,214705
8959,99362
8095,99452
7359,99022
9763,99645
9092,98994
7795,98085
13154,99710
8901,100530
15531,101241
34364,106391
13439,100276
86738,120944
30566,105638
30890,106059
460360,205485
104572,124799
1771546,503947
2186933,601460
419282,213884
8658,100663
7045,99031
7451,99019
9937,100076
9438,98479
7991,98634
12840,99926
9266,98790
16005,102193
34967,106616
13461,99174
86841,120490
31025,106184
30797,104944
461812,205853
104007,126594
1773500,491616
2176175,603944
416039,216060
7925,101583
7658,99324
7110,99813
9446,99816
9277,99991
7137,98491
12714,101330
9241,100015
15906,101419
35224,107301
13560,99844
87181,120488
30586,111468
30336,104593
466161,204805
104685,132873
1780433,490217
2166659,614778
422599,225329
8531,100668
7594,98841
7056,98480
9694,99357
8857,99343
7864,98752
13050,99681
8625,98687
15475,100649
34637,106672
13685,100179
88285,122101
30399,104531
30863,104924
456580,207333
105308,126192
1785785,491561
2161779,610223
417903,213736
8245,101045
7838,99293
7521,100062
9519,99334
8833,98673
7150,99141
13084,99879
8911,99446
15232,101387
34110,106208
13640,100087
87158,121483
30510,105540
30172,104937
462450,205651
103562,126001
1788137,487902
2187258,603153
415717,215559
8262,101537
7967,99805
7606,99252
9874,99399
9683,98629
7798,97846
13231,100746
9805,98432
15614,101096
35029,107011
13556,99282
87110,120796
30447,104741
30650,106003
461664,204493
103973,126567
1772879,489167
2187221,611051
418927,217325
8618,101491
7179,100129
7041,99418
9729,99921
9164,105113
8008,97436
12584,100382
8671,98276
15799,99910
34279,106581
13236,98640
86702,122090
29850,104969
30318,100078
458404,207113
104394,127725
1781438,487313
2169031,605948
422827,216432
8379,100020
7800,98899
6753,96733
9748,99430
9593,98534
7274,99246
13023,100339
9080,98651
15393,100520
35098,106795
13728,99819
87362,121488
30776,105181
30732,105452
460818,205690
104032,126253
1774325,498282
2185650,606796
419332,216700
8617,101477
7735,98463
7216,100369
10436,99544
10175,99380
7383,98167
13029,101323
8871,99223
15632,100727
34640,108071
14297,100028
86791,121982
30618,105068
30978,105648
463392,205556
103675,126460
1773105,484304
2207381,606161
418786,216429
8440,101285
7761,98986
7762,98871
9827,100271
9132,99776
7420,99148
12862,100545
9110,99822
14819,106383
34682,107873
13216,105563
86307,126753
30627,106190
30955,106201
467453,205670
109147,126836
1772850,488309
2182068,618845
417172,223523
7858,100114
8246,98730
7037,99370
10575,99324
8999,100231
7136,97698
12585,100418
9373,98854
15922,101529
34697,107445
13352,99110
87709,121410
30117,105102
30447,105269
461413,206563
104077,125508
1780631,487863
2168805,602759
419138,216823
7980,101998
7945,100406
6756,99539
9884,100591
8588,99491
7618,98404
12637,101541
9012,100140
14878,101178
34392,103644
13364,90220
87316,122342
30770,101373
30680,103673
459459,205280
103355,125103
1775604,490209
2192678,599198
416550,218145
8511,99089
7282,98788
7125,98435
9956,99306
8476,98747
8044,97158
12949,99965
8631,97597
15437,100630
34320,107219
13095,100178
86482,121031
30280,105724
30514,105989
459947,207218
104408,128194
1765768,483731
2196480,609391
415578,216376
8260,102178
7546,98270
6586,98654
9207,99038
8712,104391
7217,98001
12465,100394
9000,98535
15278,100748
34654,106364
13347,100793
86097,121782
30109,105781
30621,105184
458509,206935
103726,126022
1784030,489027
2181002,599387
421225,213969
8050,99887
7703,98609
6938,98458
9572,99936
8676,98461
6988,98092
13203,101217
9010,98468
15640,101153
34558,106916
14440,100196
86792,122511
30536,105347
30306,104981
460100,206797
103815,126648
1778241,498958
2180847,605142
416798,216632
8542,103354
8035,99017
7323,99663
10050,99458
9259,100055
7681,98770
12650,100302
8980,99851
15459,100702
34621,106769
14173,100666
87219,123351
30468,106292
30652,105911
463718,207021
104336,127894
1782724,488939
2185712,600709
420375,218089
8443,100411
7648,99402
6940,99703
9758,100662
8936,100726
7703,99933
13029,101526
9614,99925
15107,108080
34571,107351
13104,107106
86689,127035
30462,105681
30153,105843
468772,206631
105172,127505
1786156,484407
2172699,616467
421518,217280
7650,101884
7784,100134
7035,99481
9583,98980
9189,99531
7502,99088
12603,100730
9278,99691
15518,100623
35357,107008
13292,100489
87306,120931
31235,105677
30585,106381
458421,206392
104081,126531
1787931,491892
2184882,605342
416863,214323
8384,100310
7251,98636
6777,97975
9327,99490
9382,98936
7325,97408
12916,99365
8759,99519
15145,100953
34436,106469
13699,99719
87316,119897
30265,104047
30644,104305
462959,204523
104966,127355
1784367,487839
2183508,605204
417892,215812
8420,101820
7358,98344
7419,98500
9606,100102
9324,99417
7503,98227
12564,100590
8884,98701
15270,101037
34878,106903
13462,100342
87796,121208
30895,106140
30929,105426
459481,205774
105147,125242
1779009,487372
2192140,604744
414103,218835
8540,102040
7634,99186
6537,98830
9219,99272
8637,98882
6956,97499
12520,99460
8726,98441
15408,100005
34263,106356
13121,99710
87215,120808
30334,104704
30854,105384
460293,207026
104094,125735
1781982,487669
2181470,606355
417780,215358
8481,99971
7899,98439
6879,97693
9738,98884
9106,99692
7135,97830
12485,99505
9262,98666
15580,99835
34324,107439
13690,100759
86910,120727
30911,106228
30833,105181
466632,206488
103736,126931
1804182,492701
2170430,601717
415748,217109
8395,101661
7808,99109
6912,99271
9736,99379
8865,99729
7244,98325
13162,101748
8988,98705
15272,101948
34794,107134
13390,99773
87062,121015
30349,105191
30629,106079
460389,206408
103764,127202
1772298,483239
2197166,613391
416444,217454
8932,101812
7598,99832
6994,100179
9568,100073
8826,99373
7605,98745
12835,100523
9118,99278
15279,100946
34959,107006
13498,100029
86968,120954
30917,105795
30869,105049
459565,206755
104380,127399
1782564,488641
2183192,611120
421571,217781
8760,102106
7566,100524
7028,99619
10025,100747
8853,99769
7663,99319
13436,100720
8848,99840
14876,101481
34659,107707
14132,101492
86965,122611
30356,105821
30412,110565
459949,206556
104170,126815
1765783,490464
2177998,602165
429804,215900
9322,100710
7147,105353
7473,104869
9714,99959
8806,98849
7525,97933
12988,100929
9104,98143
15901,100384
34979,107027
13740,98669
87177,120998
31100,104878
30726,104728
456667,205575
103941,126164
1769563,486700
2188537,601701
416599,213997
8349,99552
7395,98541
6709,98915
10061,99213
8892,99410
7441,97563
12690,100262
9483,99199
14926,100975
33986,106805
13249,100579
86195,120958
30486,106336
30986,105398
463899,205472
104435,126914
1780477,486875
2159340,606140
416895,215804
9137,101775
8155,98390
7366,99082
9537,100096
8896,99159
7828,97956
13076,100303
9063,98517
16185,100568
34227,106307
13111,100162
86479,121227
30477,105337
31362,104832
461458,205724
103557,125457
1762653,496353
2182041,600149
421342,214171
8664,99944
8020,98856
7751,98597
9818,99671
8916,99308
7631,99058
12639,101228
9026,98548
15446,100949
34637,107280
13692,99705
87532,120732
30604,105561
30461,100118
462842,207188
104733,126232
1761711,487753
2182332,607786
417421,215846
8276,100041
7682,98319
7204,98549
9627,100483
8824,99230
7592,98668
13711,100034
8842,100217
15302,101471
34376,107504
13633,101502
87283,121273
32137,106606
30145,106121
459257,207330
104296,128097
1762384,486378
2182700,605192
422590,217294
7681,100894
8740,99669
6982,99491
9815,99041
9459,98339
6685,98283
12527,100322
8928,103049
10254,98575
34150,106674
13711,99924
87962,120727
31737,104363
30057,104475
466749,207549
102532,133112
1783786,484504
2171800,617733
423691,225685
7926,101081
8278,99391
7253,98352
9277,99954
8538,98968
7335,98320
12915,100479
9331,99190
10774,99384
33879,106981
13727,100000
87031,120437
31138,104756
30216,106003
461058,206124
103056,127329
1784822,487398
2161519,602856
423389,215022
8178,100416
7806,99000
7278,99285
9756,99099
8630,98914
7505,99118
13035,100796
9564,98849
15806,100789
35152,105870
13420,99459
87829,120263
31416,105958
30410,105496
457663,206124
103855,124718
1776874,495629
2182880,607800
422342,219149
8313,101945
7792,99258
6716,99032
10277,99773
8691,99863
6995,98858
13377,101031
9674,98778
10363,99055
34347,106989
14045,100145
87863,119764
32337,105013
31003,105583
458596,206804
103777,127566
1775679,488166
2182523,601523
424902,216649
8353,99718
8886,99815
7542,98536
9449,99568
8602,98610
7439,98199
14124,99054
9361,98504
10435,99359
34363,106040
13498,99460
86805,120217
31630,104054
30521,104548
460986,206183
103596,127336
1776043,488642
2188717,610150
414093,219222
8201,102826
8208,100454
7224,99708
8867,105126
8950,100156
6931,103049
12503,99883
9689,104849
15875,101083
34824,112789
13602,100312
87624,120861
32087,106061
29684,105598
466995,206014
103090,131718
1774613,485521
2166550,611927
426979,225745
8741,99273
8447,98771
7243,98963
9743,99485
8910,98841
7192,98714
12736,100799
9645,97859
10222,99366
35246,106388
13867,99661
87144,120349
31251,104530
30239,104945
460846,205483
104556,126321
1773753,485022
2173833,604110
427995,216008
8693,99696
8527,98870
6345,98058
9041,98720
8633,98639
7357,97987
12936,99848
9216,98794
10095,99217
34064,106661
14535,100519
88906,121170
31296,104899
30883,104488
459847,206110
104635,125318
1776658,498167
2185051,604787
420178,215863
8119,100155
8013,98746
7540,98860
9490,99693
8584,98471
7467,99454
12797,100160
9927,99637
15286,101275
34855,106420
13826,99131
87193,120691
32011,105177
30208,104722
460607,205138
103107,126178
1777797,482953
2185452,606500
426389,214352
8530,99865
8756,98375
6961,98550
9381,99638
8551,98406
7271,97353
13674,100045
9442,98573
10765,98471
34306,106300
13446,99650
86971,120614
31545,105178
29903,106412
458600,205631
103236,126766
1760940,490412
2179121,602229
422285,215583
8282,100540
9435,98592
7063,98349
9212,98215
9349,103965
7447,98208
13272,99754
9444,98182
10873,98869
34257,106278
13816,99384
87145,120506
31771,104965
30566,103691
458530,215019
103729,126805
1774111,492094
2177769,606189
418855,214728
8058,101634
8146,98321
6986,98572
9788,98632
8908,98682
7440,98272
13768,100234
10116,98243
15503,99990
35170,105795
13404,99066
87670,120495
31306,104311
29900,104003
461481,206574
104168,125492
1792476,492352
2162700,607121
422754,214722
8676,99453
8340,98036
7063,98416
9934,98998
8488,98581
7178,97850
13464,99820
9701,98174
11232,98415
34935,107230
14344,99486
87799,120121
31221,105722
30348,104777
457117,204876
103404,126205
1781638,497190
2184778,604313
420622,217521
8756,101219
8458,99421
7321,98007
8962,100193
8940,99101
7784,98544
12880,99316
9358,99934
10721,98877
33827,106458
14382,99900
86667,121863
31752,105077
30496,104891
458928,205892
104032,125741
1775765,486539
2170548,610616
417042,215524
8298,100737
8633,98660
7654,98303
9957,99090
8480,97976
7800,97492
12810,99523
9650,99150
15242,101796
34298,105854
14046,99832
87124,120527
31744,106195
29615,104394
460383,204453
103558,127755
1765366,486805
2162360,612468
435213,215922
15759,102031
8314,98261
6896,98022
10008,99456
9540,97497
7333,97832
13472,100138
9742,100435
10479,98603
35621,106411
14382,98315
88632,119926
32641,103734
30815,104445
457315,206414
104030,124879
1784857,487684
2188667,605375
423730,215427
8427,100902
8991,100412
8081,98236
10006,98319
9108,98054
7339,97784
12853,99458
9186,98885
10778,99970
34534,105998
13975,100086
87083,120649
31828,104287
31010,105112
460207,205102
104295,126507
1788148,489390
2152620,605640
420821,217532
8323,100649
8447,99325
7525,98304
9970,98743
9003,99016
7705,98152
12952,100058
9841,98963
15101,100580
34980,106749
13821,98666
88528,119376
32679,105603
30354,105109
458284,206550
102962,126243
1779109,487585
2178671,611179
423556,215924
8066,100684
8034,98569
7191,99147
9877,101026
8844,98855
7403,99307
13384,100636
9829,98876
11355,100903
34671,106005
14271,99620
87233,120921
31773,105282
30355,106253
461453,205330
104211,126790
1768435,491599
2188659,604198
423825,220182
7954,100395
8248,99886
7225,98549
9200,98844
9375,99991
7764,98869
12953,99973
9718,99073
10557,98865
34072,106559
13738,99659
87682,120014
31790,104992
30022,105081
457850,213054
104119,126269
1788796,483853
2166762,598906
417177,214960
8069,100610
7956,98627
7444,97959
9374,99303
9026,99578
7142,98017
13034,100579
9601,98667
15186,101521
34795,106944
14193,98724
88182,120635
32223,105370
30095,103468
456486,204905
103761,126449
1782897,491074
2179570,602131
423181,218560
8310,100926
7594,98159
6603,98392
9326,99114
8552,97734
7272,97789
13224,100587
9322,98555
10497,98452
34496,106378
14140,99713
86504,120583
31161,104973
30221,104062
457246,204864
103173,126030
1776466,496137
2186449,606147
425499,215985
8651,100415
8517,98938
7715,99296
9178,99841
8777,99220
7248,97300
13009,100021
9369,98583
10392,99633
33779,107809
14263,100562
86880,121317
32100,106072
30997,104667
459170,203932
103779,125291
1795108,486919
2169421,600848
420111,215307
8413,101544
8027,100945
7671,99322
9634,100484
8459,100474
7202,97733
12728,101664
9926,99569
14874,107048
34300,106824
13852,101343
92899,121377
32265,105605
30014,104891
466241,205412
104486,127647
1785936,489146
2173147,620338
434903,216969
8187,105938
7833,97509
6751,97554
9305,99037
8689,97554
7170,97850
13228,99914
9215,98590
10269,98233
34328,105749
13642,99494
87223,120857
31822,103874
29859,104564
459348,204783
103131,126183
1778448,493877
2173270,602265
423229,219089
8247,99996
8674,99756
7380,98520
9515,98672
9119,98380
7302,97789
13127,99051
9530,99703
10573,99134
33868,105955
14102,99687
86966,119509
31926,105565
30465,105254
457027,204553
103788,125445
1796989,488477
2170333,596893
420165,213908
8708,100114
8390,99715
7383,98005
9857,98777
8929,98446
7640,97620
13075,99816
9681,98463
14921,100383
34466,106676
13813,99461
88408,119535
31757,104871
29741,103773
458962,205727
104789,125810
1785070,488653
2190316,608862
424132,218174
9036,101024
8331,99471
6581,99802
9223,99923
8505,98664
7321,98005
12852,100413
9775,98918
10034,99362
34046,107779
13866,100605
88445,121204
31544,106890
30044,106410
456364,205908
103420,125435
1770137,487649
2182091,603074
425261,216430
8029,101249
8579,99341
7065,98801
9864,99458
14150,99406
7235,97951
12735,99279
9405,99367
11219,99276
34261,106014
14042,100340
86266,120686
30874,103916
30392,104318
460107,213053
104407,126488
1779188,487288
2175076,606203
418559,215574
7769,100163
7820,99322
7298,98536
9567,99105
8648,98328
7390,98341
12590,99518
9913,98826
15666,100776
34931,107476
13917,100007
87393,120421
31416,105737
30358,105339
462667,205732
103177,126305
1787572,484740
2164861,600143
426270,215672
8735,101454
8315,98783
8057,98465
9708,98759
9382,97474
7077,98265
12574,100077
9050,97526
10034,98465
34255,106676
13689,98939
87438,119830
31281,104092
30150,105202
459192,205038
103127,125623
1771779,489390
2184637,608227
422868,215009
7597,100480
7902,98423
7245,97816
9528,99397
9257,98127
7043,98291
12751,100134
8937,98387
10605,98306
33606,106221
13476,100498
86753,119869
31669,103882
30327,104680
457446,205756
104114,125543
1781839,492257
2185022,605776
418474,215339
8100,102750
8428,99072
7782,89249
15504,99653
8584,98251
7281,104110
12733,105436
15083,98886
15487,100658
34546,112782
13376,89591
88328,119481
32235,106088
30300,104484
466125,205498
103612,131716
1777718,485830
2179292,621210
426100,223332
8542,100413
8420,98642
6956,96966
9139,99027
8557,98336
6823,97220
12737,99163
9025,98001
10873,97562
34162,106069
14345,98134
87497,118384
32175,105189
30738,104728
459760,205757
102882,126199
1779392,490265
2162211,603757
423832,217219
8102,100140
8521,98791
6978,97374
9195,98878
8390,98009
7399,97374
13039,98368
9300,98261
10518,98259
34759,106225
13781,99752
87095,120463
31771,103672
30560,104355
461454,205574
104341,126833
1763232,487799
2186543,606709
421202,214374
8465,101983
8103,99159
7261,98643
9553,99180
9087,98715
7950,98497
13091,99977
9987,100154
15036,101615
34692,106898
14583,99485
87423,118645
31999,104719
30469,105474
460059,205569
102667,126607
1789556,482229
2172258,608070
420812,217371
8791,99594
8140,99136
7304,98805
9201,100467
8929,98519
7189,98900
13041,100313
9695,98492
10090,104905
34239,107051
13780,101108
92365,120589
31052,104535
30758,105193
469691,206836
104049,127064
1779410,492999
2177998,613005
431541,216917
8389,100145
8927,98764
7626,98989
9101,98596
8832,98610
7252,98400
13531,100544
9100,98586
10025,98627
33750,106021
13904,99205
86724,120072
31872,105044
30494,104551
459934,206675
103343,126143
1790803,483546
2167188,606225
418713,215025
8388,101510
7532,99090
6988,98738
9684,100109
8820,98838
7832,99840
13231,99819
10214,99143
15170,101258
35591,106871
13560,98909
87853,119524
31271,105315
29639,103926
461128,205903
103140,125655
1791658,500520
2185259,603897
426934,217126
8713,99502
7901,98574
7038,97695
9366,99018
8186,97388
7138,97546
12952,98893
9266,97965
10191,98041
34750,106129
14050,99393
87212,120708
31544,104364
30164,105747
460923,204806
103058,125906
1781031,485503
2190266,608735
425087,216792
8788,100932
7815,99602
7227,99291
9253,98922
8951,98378
7675,97503
13167,99900
9461,98023
10928,99401
35128,107012
14370,90790
87135,121197
31908,105500
30809,105140
461163,207172
103471,126657
1764732,485719
2188971,603165
418013,215752
7847,101549
7879,99251
6861,99620
9340,92787
8588,94502
7116,97514
12353,99739
9383,98126
14985,100871
34399,106421
13739,99173
87473,120594
32076,104840
30126,105346
460386,205339
104472,125066
1792891,485900
2171915,603423
426171,216528
8149,98806
8191,98290
6628,98284
9391,98509
9209,98297
7018,98678
13076,100123
9587,98772
10454,99682
34396,107384
13446,99763
87374,120317
31339,105101
30038,105050
462268,205204
103701,126292
1793927,487317
2169439,607549
425166,215146
8212,99583
8856,98345
6445,97815
8930,98356
8961,97949
7545,97821
12836,98758
8848,98174
10517,98286
34368,106178
13710,99020
87849,120248
32276,103998
30284,105296
464354,205742
104668,124848
1801486,490529
2208496,606102
418269,217845
8401,100687
7941,99445
7148,98744
9504,98611
8519,97864
7415,97953
12335,100595
9259,99609
15045,100107
34428,106832
14225,100022
87277,119435
31990,105146
30257,104330
461754,207138
103497,127130
1773091,485639
2176555,603126
437920,217037
8597,101906
8161,105092
12287,99354
9203,99462
8566,98885
7283,97063
13836,99427
9791,97881
10108,99691
34659,106750
13845,99321
87543,120296
31672,104469
30712,104611
461208,208091
103366,124769
1799914,492663
2174617,613001
421405,214862
7600,99405
8599,98784
7196,98509
9637,98799
9804,98288
7493,98302
12639,99218
9010,99170
10600,99525
34350,107152
14038,100006
86711,120234
31306,104587
30310,104786
460305,205926
103598,127077
1784108,496764
2187513,597796
416663,208249
8762,90814
8225,98865
7259,97963
9471,98236
8452,98682
7455,98003
12692,99171
10050,99139
15286,100459
34694,106487
13775,98957
87438,119438
31464,105817
30289,106384
459458,206054
103343,125980
1781554,486225
2189524,608736
421656,216350
8434,100620
8008,99250
6979,98183
9878,99970
9073,99476
6943,98148
12551,100094
9994,99116
10703,98790
34493,107021
13624,106253
87299,127863
39768,105957
29715,105289
470265,205265
109824,126123
1795097,488608
2161917,619266
424085,225517
7860,98962
8136,99318
7100,98740
8992,98765
8502,98056
6934,98276
12626,100318
9258,98986
10645,98066
33332,107303
13954,99955
87344,121378
31107,104436
30565,104625
459572,206895
103972,125422
1796160,484268
2177450,606910
417814,216051
8043,101962
7810,98564
7050,99304
9365,99323
8464,98518
7443,98934
12161,100390
9827,99061
14688,101794
34599,107092
13525,99663
87950,120674
31820,105843
30477,104908
460597,206014
103202,126665
1793314,488339
2192356,607862
426657,219033
8290,101474
8978,99804
6903,99318
9448,100809
8454,99488
7253,98839
13206,100659
9313,98959
10234,100181
34690,107339
13659,99310
86608,121184
31610,106463
30084,104806
458848,206152
104248,126130
1782982,484361
2195733,606868
421227,215685
8288,99967
8540,98631
7205,98982
8809,99412
8677,99601
6739,97091
12535,99132
9140,98545
10223,98881
33943,105599
13699,98697
87485,119797
31392,104570
30411,104526
458693,204810
103319,125426
1785186,486149
2182192,607383
420669,215636
7871,101088
8158,99655
7412,98453
9928,100352
8654,98698
7157,98662
12586,99944
10194,98879
15508,101364
35180,107341
14029,100479
87092,119353
31764,104685
30368,106362
458772,205671
103065,126882
1781911,493987
2197603,603052
426467,217098
8452,100558
8515,99128
7569,98915
9323,98656
8456,99168
7554,97391
13086,100380
9477,98162
10175,98477
34216,106506
13302,99014
87085,120866
31761,104680
30593,105032
461487,205635
103823,126465
1788319,488784
2206299,600309
424720,217125
8568,102016
8500,99971
6742,99021
9305,100157
9027,98968
7469,99218
12513,100363
9467,99065
10681,99594
33702,106756
14240,99965
92740,120951
31650,105102
30395,104332
468955,206573
104419,127753
1791724,488825
2166695,623673
424345,215198
8186,99870
8265,98100
7850,98686
9746,98948
8384,98364
7256,98125
13201,99008
9915,99034
14870,100569
34114,106666
13510,99697
88170,120326
31448,105483
30043,104633
466931,207193
102844,125783
1796771,483868
2164855,597919
425997,214263
8700,101616
8138,99997
6944,98544
9839,99176
9226,98135
7573,97098
13606,100467
9347,98249
16353,100450
29635,105294
13461,100453
87799,120109
30602,104547
31876,104693
458970,206527
104173,125439
1772016,485065
2183262,607710
417659,218393
8245,101401
7571,98589
7479,98221
9819,100003
8689,97943
7822,98198
12869,99697
9131,97909
15074,100814
34622,97352
13418,99995
87549,121367
30592,104726
30606,106050
458971,205281
103096,126648
1779821,485514
2187622,605331
417426,215731
8997,101700
7886,99073
7325,98558
9524,98507
9147,98183
7747,97818
13411,100256
9014,98394
15569,100558
35250,107014
13210,98108
87378,120295
30779,105417
30688,105880
462453,204921
104102,127171
1780394,483768
2180290,604303
417547,215147
9219,101127
7923,99528
7018,99366
10092,99376
9169,98735
7799,98896
13142,100778
8885,99657
15235,101281
34191,106124
13328,100338
87325,122376
30418,105247
30848,106606
461456,206027
104215,126914
1766114,499540
2181402,603374
418617,215672
8061,101710
7756,99761
6337,98488
9552,98858
8763,98819
7455,97735
12610,99124
8954,98190
15105,100757
34441,107105
13754,99009
86936,121082
30741,105667
30598,105476
462016,206125
105078,126953
1779217,486384
2182711,606880
413581,217092
8806,100561
7568,99696
7357,98920
9599,99673
8847,98849
7548,103346
12553,105495
8920,104861
14912,99863
34200,105485
13536,98782
86992,120158
31067,105481
30983,104827
457831,212538
103863,125601
1775333,492742
2170811,604694
422917,215495
7696,100593
7832,99166
6826,98768
9638,99898
9300,98618
7304,97495
12670,101223
9013,98958
14442,101406
33931,106480
13320,99126
86390,121723
30650,105687
30768,104316
458919,205689
104646,125087
1786386,487682
2198468,603028
419239,216397
8416,98843
7766,97885
6954,99590
9359,98495
9091,98367
7231,98507
12556,99455
9033,99005
15172,100490
34478,107235
13480,100226
87659,119759
31036,105086
30248,104825
460270,204839
103660,125639
1773595,490202
2186192,603806
418608,216246
8474,100114
7189,98629
7105,98896
9826,99818
8828,99453
7313,98277
12448,100289
8780,99669
15308,101966
34233,108791
14028,100069
87140,121669
30391,105441
30795,105727
461718,206793
103860,126124
1775902,492018
2174683,609426
426594,217907
8331,108134
7263,98858
6363,98546
9513,99106
8683,99026
7680,97358
12722,100808
8952,99849
15662,101348
34307,106652
13519,99991
87466,119196
30878,104677
30685,105414
462966,205745
103918,125134
1794371,486529
2172654,600909
417765,215949
8639,100219
7791,98548
7130,98286
9629,99141
9148,99704
7082,98165
13211,100248
9088,98797
15170,100762
34147,107172
13851,100110
86848,120784
30543,104697
30736,105425
455616,207401
104070,126686
1781412,486868
2183358,606150
415902,215752
8164,99935
7964,99589
6792,98606
9858,99432
8785,99173
8376,97804
12857,100230
9262,97960
16080,100775
34380,106532
13312,99538
86653,120416
30814,104669
30437,104742
458223,206086
103762,125438
1780820,489290
2183065,606957
417898,217005
8723,101427
7570,99370
6650,99098
9479,99424
8851,104941
7432,97877
13101,99685
8792,98639
15375,100187
34238,106212
13180,98961
87306,120872
30625,104784
30639,104477
459559,206932
104435,126858
1782699,488552
2168560,608246
419196,214767
8438,100858
7720,98361
7051,98984
9785,99411
9040,97242
7666,98313
12908,100374
9959,98372
15469,100731
35068,105837
13962,98044
88253,119972
31589,104789
31075,104759
461010,205611
103737,128040
1775634,495567
2172830,603460
419764,217112
8654,99625
8037,97716
6976,98659
9552,99762
8584,98011
7756,96960
12807,100177
9623,97770
15354,101029
34731,106316
13232,98965
86685,120120
30393,104690
29759,105660
460499,206367
103919,126392
1777891,486415
2179442,610873
419416,216217
8683,101206
7633,98774
7008,98857
9455,100406
8863,98918
7160,99622
12775,100883
9359,99487
15226,101393
33471,107948
13652,106018
86432,127460
36063,106683
30544,104160
468678,206319
103150,133780
1793955,487323
2155560,610076
420469,226800
8200,101697
7470,99032
6811,98644
9724,99240
8388,98370
7316,99114
12950,99825
8737,97792
15284,101456
34221,107169
13478,99405
88182,120434
30209,105628
30685,104510
458611,206062
104434,126161
1768126,487742
2167563,600072
419639,216855
8392,100194
7715,99342
6948,98931
9791,99688
8821,98758
7307,97565
13042,100490
8987,98806
15400,100859
35298,106537
13354,98993
87444,121818
30776,104992
30537,105184
457709,206059
104674,126180
1776711,494503
2182692,606423
417737,215832
8465,100919
7809,98726
8162,98550
10021,99424
8995,98768
7297,97820
13035,100839
9162,98650
15456,101136
34385,106330
13834,99339
86504,121648
30702,106174
30433,105148
458685,205717
104522,126828
1762890,500535
2182852,600335
419261,215505
7903,101602
7208,100433
6764,100393
9231,100028
8745,100679
6988,99262
12481,101042
9306,99522
15519,102421
34212,106565
13456,100751
87162,121795
30488,105575
30572,106218
460695,205807
104426,126109
1766606,485724
2180774,609128
418801,218319
8263,101473
7631,99860
7145,99549
9493,99747
8695,99400
7761,97930
13164,99940
9353,99807
15481,100693
34460,107351
13305,99949
87240,120481
30873,105804
30902,105337
455455,206802
103187,126133
1772112,487942
2182598,607386
417026,216493
8598,102166
7757,99547
7402,98009
9732,100509
8941,98479
7177,98881
12562,99672
8710,99887
15811,101500
34657,106047
13544,100892
87624,120891
30211,106128
30181,105998
456200,206401
104112,126233
1761115,484643
2171901,603094
419259,217621
8383,100761
7988,100226
7851,99137
9565,98863
9437,104900
7220,92232
12790,100519
9343,99127
15054,101297
34755,106666
13433,100037
86706,120702
30814,104573
30705,105769
459967,213059
104018,126716
1772499,488308
2170624,605206
423448,217061
8420,100090
7454,99377
6887,99789
10009,99672
9087,98724
7320,98774
13105,100150
8970,98822
15209,101202
34067,107342
13882,99624
87312,121963
30761,105676
30879,105813
460962,207902
103230,126243
1773564,490423
2176200,599517
414625,214823
8998,100986
7914,99334
7460,99083
9673,99573
9901,98291
7298,98820
13292,100563
9199,99080
15160,101653
34810,107352
13390,99925
87053,120009
30298,105310
30846,105183
458993,206436
103546,126791
1776182,496662
2175620,605843
418744,214995
8442,99571
7189,98522
7429,98877
9890,99860
9517,98749
7199,96982
12666,100159
10024,99044
15533,101349
35340,106955
13564,100107
87144,120502
30522,105103
30479,106252
457460,205341
103874,126212
1768204,488287
2180032,609564
418667,214531
8357,101031
7920,98722
7184,99935
9818,100283
9682,98740
7175,97809
13039,101384
9353,99711
15364,101003
35174,107387
13568,99744
86472,121931
30402,105888
30846,106483
459832,205754
104197,125498
1764494,489736
2177632,607132
418748,215038
8132,100841
7595,99986
7292,99183
9590,103986
8800,99633
7111,104419
12579,100885
8867,103570
14831,100576
34778,112462
13429,99752
87017,120338
30291,104528
30338,104837
465982,205941
104166,131509
1766531,487190
2170943,611908
416132,225715
7362,100267
7113,99115
7022,98341
9205,100498
8942,98967
7383,99314
13091,101053
9235,99040
16136,101751
34411,107302
13968,100049
86371,120845
30837,105104
30723,105269
459876,207182
104072,125918
1779994,490957
2167242,602802
421451,217968
7437,99956
7092,99223
6774,98467
9429,99824
8630,98911
6968,97413
12698,100256
8604,98825
15165,100574
34155,107288
13392,99532
86774,121397
30058,105336
30351,105313
460991,205968
104798,127183
1773087,497020
2178323,603034
417363,216354
8023,100323
7570,98855
7244,99690
9998,99725
8958,99308
7240,99022
12510,99935
8787,98807
15568,100901
34271,107401
13643,100314
86688,120961
30226,106739
30640,105504
460538,205596
104347,125121
1777585,486794
2170642,607816
417924,218186
8807,100441
7419,99702
6971,99656
9455,100936
9130,99070
7302,100110
12502,99983
9094,99697
15893,101675
34593,108378
13940,100915
86662,122856
30853,106804
30711,101612
459465,205893
104148,126502
1754950,488135
2178902,604275
412301,214847
8453,101716
7283,99808
7173,100063
9497,99738
8709,99693
7170,99320
12884,100438
8708,98715
15083,101852
33920,107025
13129,100217
86932,121713
31232,105681
30961,105949
454866,212743
103566,125416
1772460,488022
2176807,602019
419394,216696
7820,101010
7903,99847
7056,98237
9673,99967
9018,99227
7579,97917
12838,100489
8991,97828
15046,101167
34937,106251
13343,99798
86860,121011
30169,105382
30537,97661
464503,204960
103918,126093
1787183,486392
2173342,602330
414664,216012
7833,101620
7484,100015
6932,99565
9564,100314
9076,99503
7548,98647
13206,101544
8925,99532
14884,101604
34235,107474
13194,101354
86767,120624
30320,105600
30771,105927
463259,207308
104308,128603
1777254,485116
2181032,608868
416226,216782
8028,101449
7038,99128
6335,99047
9395,100436
9497,99792
7098,98997
12586,102224
8658,99720
15366,102017
34465,107508
13268,101024
86607,120698
30160,105653
30173,115568
459703,205492
104120,127421
1757007,492452
2190217,607515
427333,217336
8009,103331
9164,102436
6887,104206
8948,99419
9116,98914
7273,98384
12736,101016
9129,99390
15265,100623
34386,106731
13540,100586
86536,120907
30752,104496
31109,104923
458582,206657
104704,125450
1791971,490018
2175576,598513
420065,217033
8454,100344
8627,98250
6984,99424
9892,99726
8997,98490
7961,99054
12845,99711
9066,99650
15248,101644
35088,107173
14014,99937
87383,121996
31167,105740
31168,105331
462149,208183
104717,126311
1785783,493853
2193972,605963
416821,216421
8713,102206
7229,99361
6975,97961
9326,99066
8927,98991
7645,98834
13129,99665
9361,99274
14866,101603
34445,107772
13017,99034
86857,120370
30788,104981
30108,106323
460973,205465
104052,125996
1771362,493405
2190456,606758
417670,216742
9269,100749
7746,99664
7329,99294
9672,99922
9285,98824
7376,98551
12415,101100
9160,98127
15255,101665
34594,107575
13466,99669
87424,121991
30984,110328
30285,99917
469946,205597
104223,132817
1785342,490309
2181338,618228
417429,223023
7811,100201
7635,99446
6386,98660
9730,100206
9121,99353
7257,99417
13190,100198
9164,99024
15391,101231
34759,107679
13655,100396
86802,120485
30638,104924
30415,105640
460510,206881
104131,126241
1783054,492576
2185900,603221
416649,215190
7775,99170
7598,98225
7400,98815
10565,99725
9073,100253
7597,98333
13309,100705
9446,99744
15876,101400
34106,106395
13531,100166
87116,121514
30973,104645
30572,104368
462306,207470
103510,126542
1768266,484910
2195718,612288
421786,218674
8464,101124
7612,99744
6743,98902
9348,99427
8595,98750
7290,98005
12539,100886
9209,98447
15075,101011
34628,106779
14248,100542
87673,121415
31295,106048
30521,105898
460445,207103
104801,126593
1769450,489508
2195549,609621
426781,215155
8872,99927
8702,99342
7460,98297
8916,99551
8769,103646
6944,97832
12810,100937
9382,98407
10160,99662
33540,107438
13312,99341
86374,119950
31195,105875
30275,105326
456700,204878
103192,127140
1784831,487144
2177503,606568
426367,215848
8063,100085
8183,98751
6451,98358
8800,99767
8686,98304
7663,97964
12917,99974
9358,98195
10481,98409
33471,106629
13770,99937
86924,121215
31407,104628
30544,105370
460296,205366
104061,125997
1791118,498002
2189863,599172
418094,216547
8461,101278
8384,98544
7661,98415
9629,99557
9011,98085
8062,98506
12108,100399
9640,99430
15906,100860
35125,105899
13913,99395
87454,120123
32520,105251
29896,104741
461731,205052
103266,126148
1780069,483219
2189761,619429
424779,216568
8031,100985
8240,98108
6995,98042
9841,98956
8913,98465
7021,98070
13282,100231
9513,98266
16363,98876
34527,106535
13421,99247
93630,119890
32223,104487
30201,103700
473350,205935
103737,126359
1794962,485495
2171621,609067
432583,218051
7804,100513
8041,99093
6851,98635
8726,98495
8536,99115
7001,97091
12478,100404
9036,98247
10268,98669
33399,105459
13951,99776
87153,119998
31549,105132
29959,105416
465040,205594
104046,126454
1795018,491938
2164842,604375
418782,214370
8067,100724
8261,98502
7568,98780
9538,99950
8402,98044
7050,97689
12170,100106
10151,98301
15314,100692
34805,106000
13862,99752
86890,120836
31026,104403
29616,104384
458216,207094
103136,126835
1795263,501311
2196795,618875
419829,214292
8050,99512
8205,98710
6611,98124
9222,99475
8864,98216
7114,98652
12748,98997
9009,97750
10901,99202
34421,107207
13830,99671
86588,119477
31128,104863
29909,104689
461112,207200
103211,126142
1777210,496798
2197517,609852
423003,217611
8282,99903
7512,98319
6845,97920
8580,103463
8715,99472
6898,102788
12769,99723
9436,98487
10420,98613
33683,106764
13751,99164
86390,120573
31697,104985
30805,104906
463364,211788
104187,128230
1778203,485888
2163768,603363
417102,215852
8165,102044
8347,99405
7300,99990
9130,99565
8635,100152
7252,98581
12483,101563
9896,99015
15170,101448
34389,109024
13743,99821
87357,120032
31874,105393
29693,105479
459287,206340
102554,127074
1789316,493433
2172544,606083
426675,215166
8414,99925
7910,99093
7240,98777
9062,99832
8530,98071
7036,98363
12614,100323
8965,98553
10059,99007
34385,106492
13263,99046
86511,119194
31258,104983
30366,105121
461745,205810
104057,126009
1779484,489790
2168824,604484
420542,219164
8552,100132
8832,88824
7664,98717
9891,99928
9466,98257
7899,98662
12897,100982
10229,98380
10671,99843
34346,107076
13753,101082
87865,121199
31418,105334
30075,104603
472051,208808
104230,126185
1794100,494556
2175877,630333
426402,214594
7553,107297
7555,99622
6890,98235
9476,99633
8819,98226
7525,97902
12797,101112
9673,99805
14930,100399
34299,107395
14074,100558
87244,120616
31930,104685
30186,105038
463606,206978
102533,125661
1803186,488188
2171205,599337
425554,217946
8547,100242
8032,99776
6515,99556
9270,99332
8598,99004
7460,98088
12760,100908
9011,98414
10203,99565
34233,106839
13664,99432
86650,120868
31252,104613
29839,105183
460846,206115
103742,126534
1775377,496860
2189408,606584
422999,214756
8551,100391
7983,99841
6874,99129
8777,99520
8289,98244
7465,97603
12836,99551
9448,99357
10465,99318
33667,107690
14313,100481
87202,120600
31590,104526
30509,105091
466489,207757
103967,125032
1797360,485065
2190306,606516
415457,214611
9231,99606
8119,99150
7580,99280
9604,104653
8886,96523
7542,103061
12928,98764
10405,104224
15289,101314
34489,106038
13952,98153
88187,119280
32427,105471
30487,104300
459871,211221
103704,125559
1788867,485231
2166828,609441
422848,215565
8053,101361
8532,98221
6883,97412
9596,98184
8661,91283
7386,90378
13162,99138
9576,97980
10532,98933
34630,106444
13940,100760
86726,119658
31700,104620
30819,105962
460362,204850
103125,124551
1790819,487055
2173935,602706
424055,217508
8622,100610
8401,98988
7678,97786
9942,98079
8485,98526
7423,97329
12912,100317
9637,98807
11176,98279
34343,105587
14045,99844
87328,120299
31284,105431
30603,104930
462231,206984
104086,124953
1791504,488039
2185802,604410
422131,215039
8226,99898
7995,98867
6881,97894
9913,98870
8578,98568
7611,98566
13283,100132
10297,98725
16000,100677
34251,106599
13270,99940
92785,120897
31412,106409
30070,105475
470948,205578
103728,127690
1798536,485613
2179788,618375
430315,215532
7834,99117
8356,97780
7631,97594
9097,99003
8523,98608
7209,97840
13113,99863
9794,97606
10236,97888
34317,105743
13209,98276
86903,118858
31491,103692
30464,104514
460278,206039
102674,125391
1787064,487952
2165946,604970
422107,215921
8417,99694
8483,88473
7565,98211
9456,98422
9086,98801
7626,98044
13152,100030
9694,99106
10696,99395
33828,106879
13773,100099
86618,121336
31396,104480
30825,105341
462990,206534
103835,125571
1789730,485965
2181716,608439
418955,215587
8508,99721
7727,98855
7042,97605
9557,99258
8326,98606
7041,97297
12005,99363
9531,98244
15246,101348
35082,106645
13733,99467
87311,121200
32023,105730
30309,105197
462492,206349
102806,124853
1783505,483752
2189646,607062
421360,217271
8770,101686
8476,99642
6744,99984
9569,99460
8537,99285
7636,97356
13457,99648
9767,97855
10078,99447
34317,106841
13375,99056
86094,120061
31437,104473
30154,105321
459697,206270
103574,124302
1788473,489353
2170935,600975
423933,213044
7733,99517
8292,97960
7160,98867
9578,99187
8702,98102
7389,97433
12609,99985
10121,98636
10820,98623
35040,105540
14236,99997
87414,121244
32015,104928
31028,105195
460492,206415
104049,126045
1793108,497489
2179035,602360
421145,216725
8324,101438
8070,99136
7120,98465
8926,100106
8831,98506
7493,98859
12615,100118
9413,99493
14993,101576
34776,107095
14615,99513
86629,120480
32820,104635
29860,105114
459817,205848
103532,126864
1787578,485145
2181988,607681
423282,218334
8964,99713
7883,99002
7362,98399
9620,99328
8385,98093
6901,98440
12891,100045
9865,97921
10294,98675
34435,106097
13461,99238
86916,120418
30656,104980
29798,105777
457489,204781
103010,126345
1775003,483327
2185370,604230
423532,215510
7988,99635
8607,98998
7374,97150
9774,97799
9526,98003
7943,98031
13988,99970
10012,97485
10733,97856
34980,105504
14230,99118
88048,120415
32098,105539
30563,98902
462667,205198
103609,126865
1758130,489891
2187655,611963
418724,217722
8698,100922
7925,100546
7241,99585
9475,99439
8720,100606
7000,97261
13403,99556
9714,103676
14985,100969
35176,112570
14288,90500
87292,120418
32431,110901
29691,105814
466908,205594
108145,127015
1771812,494358
2181158,611873
430402,218464
8288,101361
8605,99253
6774,97881
9892,99740
8689,98655
7345,99591
13259,99489
9406,98142
10010,98835
34259,108982
13935,99791
85902,120654
31163,106477
30171,105367
459820,205103
103008,125884
1784479,492756
2174521,609866
426680,215868
7970,99820
8434,98990
6988,98126
8675,100154
9092,98500
7609,98853
12791,100050
9393,98485
10501,99995
34179,106332
13595,99340
86951,120552
31145,104903
30160,105322
459333,205391
103340,125331
1776496,493645
2173972,610802
419972,215800
9204,101619
7775,100248
7227,98134
10100,99167
9005,98282
7760,97623
12754,98765
10116,99793
15291,99696
34847,106603
14232,99199
87871,120620
31568,105120
30189,104722
459277,206489
103825,125793
1787505,487510
2175813,602448
426729,217157
8785,99961
8182,98586
7464,97861
9583,99229
9048,99467
7715,98120
13259,99636
9926,99034
10078,98865
34293,107304
13351,100135
87409,120512
31270,105587
30626,104818
459094,206730
103049,126339
1771261,484770
2182705,607802
426815,216792
8592,99515
7858,98114
7294,97883
9956,98231
8963,98160
7906,98563
12929,100197
9782,97567
10907,99695
33481,106690
13796,100613
86207,119872
31551,104240
30685,104328
458922,206414
103724,126363
1787829,486824
2195198,611745
419594,214398
8169,100248
8121,99039
7712,98832
9972,99271
8818,98319
7934,98106
13535,99856
9657,98538
15267,100886
34361,106963
13841,99270
88115,120451
32288,105166
29811,104762
461357,205660
104741,126470
1764984,482264
2187102,599068
427372,210740
8253,100261
7619,98851
6509,99206
9339,104470
9081,98250
11431,99993
12832,104764
9263,98197
10500,98836
40993,107759
14301,99625
86697,119397
31273,111389
30323,105606
466133,205044
109677,127543
1775154,483848
2185124,614276
429325,215828
8201,100707
8391,99223
7403,98366
8981,98999
8629,99077
7714,97336
12911,99107
9246,98658
9996,99306
34414,106611
13777,100877
86164,119914
31360,103720
30410,104006
457630,204384
103533,125292
1776116,487112
2158800,602559
417931,214393
9031,100268
8242,98283
7538,97314
9369,99418
8603,97800
7637,99687
12770,99683
9902,99057
15067,100490
35068,106419
14665,98750
87293,120740
31727,104713
29744,104055
459473,205576
103953,125231
1778432,492007
2171188,601501
425157,213396
8229,100278
8513,98449
6992,97170
9732,98547
8339,98941
7204,97317
13227,98423
9309,99017
10266,99501
34533,106202
14003,99633
87406,120021
31556,104765
30153,105905
458857,204247
103093,126242
1769998,484959
2191304,606175
423375,216900
7816,100542
8378,99136
7005,97977
9494,98375
8826,98591
7647,99041
12890,101030
9485,98074
10834,99920
34457,106880
14281,100338
86170,119489
31680,105814
30628,105186
458053,205442
104544,125560
1782069,491503
2176278,601993
418428,214106
8244,101933
8468,98656
7027,98958
10034,99402
8568,99479
7319,98243
12670,99544
9604,98992
15525,100152
34830,107111
13895,105407
88939,127245
32342,104509
29610,105273
465740,205711
103850,126306
1780929,487106
2184709,617206
435616,218131
8140,99735
7738,98627
6668,96896
10094,98267
8564,97567
7558,97129
13510,99161
9531,97732
10629,97704
34833,106472
13392,98574
86626,119448
30852,104284
29889,105156
458437,204003
104089,124378
1782599,487430
2171599,601371
429901,217339
8180,100181
8446,100030
7360,98530
10029,98528
9308,98483
7709,97495
13279,100294
8940,99075
10644,99745
35150,105469
14244,100719
86561,119150
31695,105890
30735,105607
459491,205333
104436,125365
1780344,488776
2181651,600850
416209,216499
8203,102894
8180,100567
7015,98164
9533,99496
8426,98092
7451,98439
12730,99911
9873,99939
15449,101804
34713,106449
14743,99831
87393,120368
31751,105459
29880,105507
458190,206468
102442,126503
1784452,486622
2174332,608883
423313,217519
9218,101676
8549,101807
6920,99501
9867,99293
8831,98645
6609,99110
12685,101242
9430,99096
10259,99695
34029,107474
13714,99750
86616,120497
30961,105119
30642,104192
457846,205385
103304,126538
1769156,486878
2187266,603562
422377,219482
7974,101209
8198,99546
7780,98056
9026,104445
9623,99938
7892,94135
13243,100210
9881,103101
11433,98984
34902,106980
14322,99611
86776,120570
31905,104942
31154,106026
466979,208510
105245,130987
1777906,492547
2167380,606440
417785,223249
8717,102037
8062,99240
8071,98537
9872,99341
9133,98735
8273,98081
12998,99799
9887,98120
15683,100083
35586,105439
13901,99037
88685,119890
31426,105818
30456,104461
457675,206332
103605,126747
1776626,485604
2164760,605959
426545,216455
9424,101210
7900,98597
6896,98877
9287,99781
8804,98488
7159,97620
12998,100373
9515,98287
9794,99245
33994,106985
13518,99428
86238,119420
31871,105491
30213,105722
457752,208433
102974,125621
1772833,493167
2186347,599460
422340,218925
8087,100105
8446,98750
7065,97641
8888,99510
8983,98406
7423,97595
12596,99572
9480,98748
10803,98550
33356,105721
14059,100128
86511,120912
31101,104749
30523,104487
454960,205966
103863,126613
1779319,488834
2183304,605633
418030,214474
8415,101054
8226,99428
7542,98200
9646,98854
8661,98939
7809,98672
13500,99589
10207,100285
16098,100959
35221,107678
13524,100119
88325,120650
32208,105802
29939,109330
460107,205214
103497,127237
1766262,485939
2165091,604798
437370,216988
8856,99634
7954,97876
7013,99147
9246,99727
8820,97923
7398,97702
13181,99951
9138,99093
10493,98728
34306,106908
13562,98370
87929,121022
31240,103583
30189,104051
456581,206334
103717,127900
1776907,485662
2170175,600730
423290,218134
8538,99572
8041,98841
7319,98028
9276,99101
9109,99397
7416,98508
12860,99327
9853,98331
10504,100007
34361,106634
14584,98930
87475,121016
31606,103872
30549,104825
457457,205599
103595,125313
1788815,490396
2178929,599835
418274,217383
7858,100182
8156,99766
7373,100033
9568,100222
8589,98176
7941,99214
12704,101503
9194,99676
15309,102216
34467,107614
14091,100428
87475,119983
31520,105224
29702,105747
457148,206182
103447,126222
1772854,487477
2185855,604710
422706,218294
8700,100445
7538,100087
6833,100182
9223,100533
8307,99090
7264,98628
12843,100129
9441,97977
9623,98273
34550,106730
13496,99893
86839,120477
31396,105099
30790,104792
462188,205018
103868,126605
1767193,484609
2182782,600093
425411,217430
8489,99888
8270,99551
7538,99330
8860,98774
8425,98681
7107,97459
13284,100248
9448,98222
10389,99434
34297,106055
13896,99130
86850,120292
31814,105665
30345,103634
460691,213701
104316,126626
1782287,487235
2173949,602334
418061,211115
8495,99609
8509,98959
6686,98602
9189,98473
8997,99103
7396,98199
12591,100190
9545,98537
15715,99988
35268,106855
13576,98687
88561,120441
31703,105146
30195,105208
454861,205866
103762,124344
1792473,490571
2151454,598401
428579,216898
8711,99991
7534,100197
7113,99933
9537,100502
8512,99442
7234,98172
12758,100284
9464,99031
10345,99936
34176,107783
13627,100181
87220,119799
31130,104894
30165,106771
458749,207672
102390,127302
1781962,486614
2186867,608509
424173,216261
9258,100863
8655,98957
6933,99112
9542,99594
9332,98595
7859,98880
12660,99771
9409,98759
10402,99060
33960,107019
14278,99937
86756,119995
31516,105358
30780,104887
458562,205819
104132,126739
1780545,485209
2185368,607005
418733,215115
8709,100853
8953,99241
7457,98524
9327,99581
8561,98492
7119,98518
18036,100333
9850,99005
14390,100932
34545,113030
13668,99574
87088,119026
32423,111832
29989,105937
464812,207058
101804,132597
1780969,491914
2177434,622108
423747,225029
8355,99145
8022,99016
6521,98004
9512,98035
9343,98818
7144,99074
12986,99554
9807,98632
16574,101058
29093,105601
13086,100021
87275,120126
30502,103382
31843,104406
458377,205221
103356,126011
1777146,488317
2174810,607227
419136,216150
8753,101417
8387,98962
7647,99047
10080,99312
8869,98837
7207,97875
12377,99902
9053,99064
15011,101681
34387,107363
13513,99592
87592,120632
30792,104432
30601,105724
457908,206539
103645,126046
1774936,495153
2197069,604802
415818,213321
8135,100698
7736,99045
6574,99188
9459,99255
9163,98723
7468,97826
12975,100469
8927,98832
15145,100068
34440,106582
13410,98995
87164,121221
30405,104478
30362,104120
460763,206230
103595,127040
1783889,486562
2187798,604447
420332,214671
8582,101623
7979,98806
6697,98931
10197,100409
9291,99428
7170,99430
12673,100730
9150,98890
15434,101156
34528,108312
13338,106527
86946,129094
31439,99982
30476,105596
467355,207540
103748,127461
1773193,487273
2186391,618876
424867,217158
8419,101735
7729,99100
7151,98146
9704,99855
8559,98745
7427,98242
12888,99653
9253,98751
15500,100315
35364,106667
14022,99611
87598,120236
30170,104845
30701,105131
459668,205322
105044,125581
1782508,490085
2184559,602007
418466,217486
8245,100560
7465,97596
6965,98588
9644,99696
9370,99055
8343,97952
13285,100624
9245,98321
15315,100615
35159,106412
13651,99333
86630,120650
30870,104640
30841,105662
460684,205787
103373,126937
1764311,498776
2188092,606178
418762,215047
8419,101019
8114,98809
7172,99101
9777,100252
9005,98905
7860,98187
13135,100269
9975,99044
15498,102063
34431,108935
13703,100165
86684,121379
30552,105323
30773,105604
460330,207289
104356,126386
1774992,491219
2180415,613079
418187,212832
8267,100009
7480,99229
7178,98865
9450,99491
9476,98442
7337,98190
18067,100554
9033,98530
15612,100935
34308,112135
13265,98443
87109,120722
30610,111664
30760,104091
468208,205778
104172,132589
1778469,483848
2183194,610310
415784,221954
8439,101307
7584,98424
6756,98439
9271,99119
9680,99417
7268,98006
12905,100928
9279,99881
15944,100648
34448,107115
14335,99515
87361,120630
30207,105633
30358,104663
459312,205782
104819,126048
1784521,483812
2189142,605009
414873,216377
8067,102312
7012,98852
7012,99650
9415,99741
9250,100904
7261,98640
13844,101715
8965,99402
15508,101698
34807,107433
14177,100042
87197,121279
31215,104990
30741,105582
461131,206439
104923,126348
1791847,485857
2182041,608588
416960,216614
8036,100761
7710,100348
7070,98828
9722,99664
8839,99154
7563,99607
13083,100525
8897,99610
15364,101821
34762,107585
14042,99491
87090,122358
30812,105800
30901,101812
458717,204725
104766,127009
1781746,488229
2179632,610251
412734,217293
8247,101088
7315,98902
7051,99749
9945,99922
9103,99494
7264,98422
12930,101150
9471,97972
14938,102379
34469,106759
13612,99049
86972,121747
31546,105569
31592,104782
459089,214746
104203,125572
1795770,488104
2186458,605661
419330,213994
8145,101186
7527,99055
6915,99317
9667,99073
8823,99014
7277,98140
12600,100047
9317,98784
15327,101040
34651,106530
13267,99462
86612,120062
30499,104650
30513,104556
462654,205758
104574,127394
1796025,487997
2172269,598118
416463,216406
8711,100085
7927,98748
7259,98809
9722,99767
8483,99257
7555,99135
12389,100468
9024,98486
14914,101147
34015,106950
13292,100325
86466,121695
30169,105169
30663,105355
460459,205297
103671,125691
1768168,487247
2195103,606338
419833,215912
8261,101336
8414,99260
7445,100093
9771,99581
9032,99143
7276,97932
12997,99727
9116,99853
14726,100909
34433,108030
13407,100487
86646,120840
30397,105938
30692,112840
460455,206449
103727,125488
1767556,490283
2180075,606204
429663,216908
8717,101436
8195,97926
7391,97491
9663,98449
9088,98172
7616,98135
12947,100372
8871,97872
15171,101527
34501,107184
13371,98824
88175,120235
30319,104602
30131,104904
458273,203828
103856,125607
1771358,490993
2180891,604354
415765,216035
8405,100297
7807,97877
6867,98520
9815,100166
8843,99646
7840,98929
12949,99740
9336,98214
15293,100351
33945,107044
13849,99524
87151,119953
30899,104340
30732,105627
458033,206072
104446,124928
1779472,497712
2191776,607214
418267,216766
8115,101352
8295,98873
6972,99893
10629,98973
9513,99163
7451,98660
12939,101593
9286,99135
15058,101751
34312,107634
13901,99453
87142,121316
30988,105896
30512,105270
459938,207733
104228,127135
1771276,487001
2185765,602947
417299,217114
7714,100528
7602,99873
7029,99495
9563,100171
8939,98993
6977,98909
12816,100378
9267,99784
15149,100413
34234,112892
13812,93293
87002,118670
30915,105428
30796,95534
466624,207461
102714,126750
1781450,489525
2183147,621464
419220,215306
8388,99333
7189,98891
7148,98790
9362,100122
8915,98923
7118,99189
12777,100893
8943,99238
15239,101613
34602,106283
13750,100775
87250,120522
30804,105453
30951,105339
459141,206542
103894,127482
1796281,492255
2164238,602927
414584,215220
7443,101694
7600,99890
6770,100474
10140,99790
9284,99346
7703,98770
13008,100957
8787,100488
15366,101234
34878,107126
13649,100800
86452,123435
30297,106634
30101,105652
457425,206579
104643,125557
1778722,489353
2195102,601749
419542,215239
8209,100458
7757,99170
6915,99238
9718,101347
9085,99059
7266,98442
12935,101146
8842,98897
15014,101490
34163,107683
14117,100386
86852,121514
30621,105609
30375,106035
462697,205945
103348,127506
1776501,484135
2175852,615690
427235,218283
8325,99601
7731,98730
7274,98698
9823,99593
8860,97455
7060,97629
12493,99671
9042,98540
15160,100755
34700,107447
13668,99299
87081,120639
30576,105496
30886,105646
456943,205474
104097,125481
1777525,486966
2170617,606026
418447,216910
8644,99382
7988,98849
7799,98541
9390,99183
8826,98026
7550,97073
12879,101209
9564,98412
15398,100784
34222,106893
13087,98405
87557,121123
30381,104224
30562,104908
458710,206572
104084,125441
1778459,484324
2183848,598327
415556,215521
8459,100545
7641,99200
7214,98669
10273,99398
8818,97676
7649,97806
13584,100683
9340,99596
16139,101875
34877,107019
13642,99127
87260,120091
31980,105095
31269,104788
455662,206806
103898,126544
1765253,484932
2173480,607962
430137,215245
8459,100443
7804,104255
7313,103866
9391,99392
9017,99099
7052,98016
12730,99746
9336,98506
14866,100904
34081,106322
12948,99538
87364,120801
30207,104913
30427,104397
458545,205030
103700,124809
1781319,487021
2169735,609420
419021,216638
8321,100537
7853,98453
7919,98633
9379,99739
8843,98552
7496,98492
12936,100187
9011,99028
15484,100788
34609,106901
13661,99884
86731,121182
30643,105260
31010,105766
462188,207016
103688,126905
1796111,495764
2184961,601052
417343,216504
7825,101090
7544,99143
7456,99097
9404,99650
9331,99429
7127,98890
13215,101186
8734,99241
14955,101228
33980,106462
13255,99733
87142,121980
30880,104654
30598,105219
465822,200137
104577,119002
1776906,489117
2182238,608147
419382,215680
8565,100812
8504,99177
7426,98747
9527,104569
9055,98997
7728,103937
12764,100104
9106,98424
15673,101017
34052,106918
13883,99302
86298,120898
30424,105200
30701,104981
459600,213231
104833,127503
1778481,497168
2161192,604754
419649,218229
7724,99791
7452,98176
6749,98750
9546,99575
8950,98851
6934,98939
12448,101358
8855,98333
15119,101521
33956,106664
13530,99810
87219,122083
30673,105597
30648,104433
457132,204185
103556,125480
1772855,490871
2161549,602156
418913,216564
8188,99145
7780,98794
7215,98953
9586,99983
9524,98860
7751,98539
13282,100865
8805,100253
15147,101103
34427,106817
13983,99774
87263,120832
30368,105283
30012,105075
459859,204817
103686,126055
1782788,489492
2153414,602508
418378,216167
8756,100297
7636,98450
7125,97762
10476,98554
9347,98977
7639,97733
12363,99960
8858,98744
15449,101823
34982,106072
13365,99142
86307,120808
30446,105009
30648,104682
462518,205318
103566,127189
1764461,484483
2188706,610928
417508,218452
8426,101649
7537,98918
7292,99376
9692,99429
9442,98892
8047,98382
12776,99056
9097,98733
15606,100881
34201,107237
13787,100074
86881,121486
31314,105759
30517,104834
459132,206415
104162,126216
1770035,493030
2190809,601385
418665,215539
9044,99501
8608,99587
7363,99688
9699,99557
9289,99186
7760,98653
13815,100583
9615,99257
15916,101409
34476,106235
13656,99747
87329,123795
31171,104885
30947,105358
457124,205983
105096,124628
1769697,491836
2189801,607758
420982,218346
8515,101064
7592,99142
7140,98411
9556,99351
9019,100115
7303,98478
12912,99931
8889,98317
15198,101030
34452,106593
13524,99996
86470,122246
30806,104728
30830,104912
458256,206593
104697,124843
1762943,486983
2177562,605141
417489,217197
8033,100889
7301,97744
6778,98190
9051,98641
8397,98888
7468,97471
12737,99444
9448,98136
15317,101287
34501,106737
13393,98776
87450,121437
30139,111142
30608,105275
462931,204890
111770,127363
1761939,486424
2173899,617387
418192,222160
8178,101189
7560,99078
7091,98831
9460,100010
9454,98809
7407,98449
13324,100021
8791,98337
15920,100696
34674,106678
13063,99882
86900,120426
30510,105231
31077,104611
455633,206084
105051,126791
1779497,491378
2158987,602908
418612,215686
7961,101456
7934,99119
6723,98811
10035,99882
8907,99313
7779,100093
12886,100980
9442,99142
15557,101808
34249,107698
13732,99554
85460,121135
30522,104791
30526,105029
457982,204306
102697,125668
1773273,486567
2152420,600421
414987,214340
8532,100929
7615,98215
6868,98460
9768,99401
8937,98737
7467,98369
12143,99447
8793,99104
15061,101149
33901,107023
13070,99472
86474,121374
30302,104415
30845,104797
451146,204995
103277,126547
1757432,501836
2170507,600890
414240,216018
7771,99971
7637,98645
7065,99283
9314,99447
8921,99618
7946,98440
12740,100127
8715,98390
15384,101167
34070,107128
13376,99687
86685,120905
30259,105356
31054,104734
451187,204134
103508,125499
1753450,481607
2163539,601311
415291,217431
8381,101567
7390,97977
6818,97766
9609,99859
8856,97965
6973,96667
12575,100599
8668,99569
15143,100802
34037,106653
13894,100649
85992,120501
30297,104865
30441,106160
454623,205621
102803,125421
1767372,484917
2164611,604604
413842,214623
8596,101816
7935,99378
6917,99684
15871,99870
9419,98709
12207,98404
12797,106991
9503,98223
15112,100668
34165,112399
13597,99236
87066,120086
30290,111201
29881,105373
461345,194261
102957,132968
1767359,485061
2153966,610101
410152,219745
7692,100667
7790,99579
7371,97847
10040,99127
8958,98282
8026,97010
12406,99877
9284,98564
14939,100859
33939,106749
13723,98640
86025,120000
31808,105231
29969,104775
455238,204530
103744,125556
1778148,484410
2153649,595070
420862,214064
8754,99035
8217,98882
6911,98061
9455,99847
8478,99892
6934,98100
12719,99535
9497,98524
10692,99072
33999,106626
13622,98713
86560,120492
31080,104560
30173,104544
455707,204109
101696,123470
1760003,498066
2170236,598547
420217,214738
8748,99723
7954,98538
6986,97497
8989,99539
8810,99087
7155,98832
13082,100411
9603,99458
10739,98617
33846,107291
13730,100051
84931,120821
31104,104435
30887,105318
456024,205519
103022,126857
1777315,486936
2166544,602524
415728,216434
8734,99662
8400,99520
6940,98262
9657,100085
9031,97779
8344,98655
13117,100058
10326,99377
15275,101413
35106,105702
14219,99407
86437,120312
31600,106274
29938,104770
457662,205782
102603,126470
1761060,485171
2159724,602542
418415,216837
7887,101521
7506,99865
6463,99025
9142,99442
8609,98910
6808,97519
13453,99066
9448,98274
9986,98672
33786,105340
13774,99145
85662,119931
31096,105451
29768,104526
455244,209541
102267,126114
1771303,482731
2149841,602784
422384,215118
8018,101229
9345,98774
7395,97881
9141,98774
8713,98063
7455,99164
12558,100291
8991,98021
10150,97991
33620,106703
13678,98623
85704,120048
31324,105278
30448,105254
459774,205367
102753,125676
1775980,489763
2155506,604639
418148,215026
8166,100431
8571,98618
7489,98349
9601,99539
8851,98603
7312,97886
12373,99583
9621,99240
15173,100169
34411,106109
13757,99402
86781,120945
31482,105250
29939,104809
455819,207919
102429,126126
1760029,491159
2162042,598719
421422,213551
8751,100498
8511,99815
7069,98081
9003,98838
8415,99004
7067,98041
12922,100663
9802,98438
10255,98689
33997,106274
13231,98642
87192,119270
31598,104566
30358,105469
456298,204701
102301,126526
1761971,490466
2170542,603280
417731,216671
8634,99645
8390,99480
7715,99367
10185,98857
9102,97743
7516,98098
13226,98973
9145,98103
10311,98188
34600,106464
14086,104755
86316,125480
32026,95837
30199,104278
462034,205507
108587,125967
1768656,488976
2153345,609999
410835,222883
8793,99747
7950,98647
7417,98320
9303,98594
8100,98450
7132,97236
12706,99951
9007,99121
14875,101032
34173,106088
14037,99416
86809,119582
31281,105604
29757,104918
457023,205048
102727,125445
1757523,485464
2152213,605778
418594,216606
8845,101345
8273,99737
6724,98613
9682,99444
8325,98484
7509,98300
13126,99558
10410,99037
10404,98307
34420,105741
14082,99209
85542,119931
30957,103935
30255,104810
456590,204986
102169,125660
1756627,489205
2152717,606817
419365,215364
8004,99928
9411,99313
7191,98324
9164,99034
8741,98703
7649,97726
12543,99813
9240,98279
10109,98262
34060,105607
14218,99048
85120,120273
31048,103770
30131,104502
455642,204817
102431,125484
1771522,485421
2155863,601187
415884,215640
7891,101953
7710,99765
7222,98158
9469,100215
8802,98052
7933,98071
12712,100079
9843,98963
15092,105671
35252,106768
13382,98599
91436,120176
32087,105055
29780,104400
464839,205430
103091,127052
1762334,488033
2149314,611284
428717,217146
8818,109324
8467,98518
6677,98298
9655,98975
8621,98198
7386,97415
12930,99904
8920,98462
10304,99987
34112,106922
13574,99864
87007,120519
32375,104827
30221,104668
455641,205547
102049,126387
1758060,484757
2152973,604368
421256,218249
8190,99930
8037,100299
6723,99315
9106,99455
8997,98317
7166,99439
12859,101383
9362,99491
10821,98644
33583,107885
13980,99982
85306,121134
30988,105029
30209,104844
457567,204952
102603,126278
1764194,498223
2164177,601740
413127,217289
8405,102402
8934,100054
8062,99610
9166,99353
8468,98821
7894,99423
12587,101335
9794,99303
15277,101225
34006,106538
13522,99861
86615,120026
31521,104840
29309,104970
456475,205601
102320,125368
1782256,484684
2161751,598681
417651,217655
8727,101852
8116,99235
7288,98986
9280,99345
8918,98420
7384,98430
13449,100057
9332,98261
10087,87454
34421,106216
13646,99477
85955,121244
31535,99158
29928,110764
459194,204682
102790,127759
1753700,484252
2151632,614275
441082,217801
8536,100256
8009,97710
7235,97252
9434,98830
8948,97614
7230,97563
12594,99071
9289,97492
10657,98808
34188,105801
14245,99186
86863,118689
31325,104003
30262,104208
456993,204731
102878,125228
1784401,486072
2141540,598395
412415,214233
8024,101911
8530,99723
7267,97435
9372,99156
9267,98511
7614,97795
12628,99940
9714,98297
15014,100148
34377,106984
13552,98827
87231,119287
31623,104164
29856,104921
458041,204557
102505,125442
1770768,492715
2163445,603989
419093,216901
8798,99957
9098,98698
7003,99469
9756,98760
8579,97553
7016,96877
12902,99885
9664,98033
10502,99357
34223,105642
14115,99426
86793,121024
31178,104345
29955,104774
455865,208700
102543,126992
1779539,483629
2166908,598964
420000,217688
7288,99733
7570,97567
6915,98653
9146,97924
9154,98389
7225,98048
12946,100787
9427,99158
10857,98161
33690,106944
14172,99760
86077,120414
32300,104421
30330,105523
453829,203083
103267,126258
1754131,480146
2169044,599630
415505,216790
7805,102304
7782,99961
7470,99997
9364,99692
8596,98789
7408,97290
12895,99482
9805,97201
14990,100589
34138,105905
13881,99189
86656,119192
31734,104580
30104,103530
456651,204363
102697,127003
1773365,485948
2157820,603210
419546,217533
8530,100856
7812,99169
6307,98054
8865,98553
8634,97481
6786,96554
12523,99538
8959,98292
9682,98470
34057,106359
13601,99844
86348,119560
30626,104612
29824,104192
456174,204332
102183,125422
1776735,485994
2177384,602645
417659,215675
8282,100277
8746,98698
7131,97769
8979,98166
8356,98307
6905,97581
13002,99766
9298,97960
10461,100144
33852,106244
14101,99735
85655,119956
31606,104058
30432,104720
459398,205015
102681,125492
1775995,484424
2164458,601235
411350,216731
8912,101762
8215,98651
7321,99962
9371,99977
8130,98803
7673,97850
12497,100459
9670,99191
14818,102183
34165,107082
13480,99951
85836,121706
31149,108606
29525,105647
458765,205992
102152,125028
1761056,485801
2169875,599061
417842,215166
8863,101408
7939,99463
7234,98048
9201,98866
8028,96820
7025,98167
12690,99556
9251,97438
10679,98376
33850,105878
13743,99035
85764,119423
31139,104264
29908,104684
453862,204818
102351,125402
1773236,482982
2149926,603611
422671,216522
8035,102357
8357,99205
7371,99487
9002,99688
8748,97697
7309,97293
12239,99698
9089,98443
11048,99370
33563,107449
13965,99822
85716,119937
31867,105238
30249,104525
455734,205987
102506,125054
1766012,495760
2154808,598765
414337,216359
8293,100325
7899,98969
7699,98570
9584,99830
9206,98603
7546,98129
12503,101055
10052,99010
15401,101827
34677,105819
14329,99382
87079,120345
32383,106522
30003,104088
454904,204114
103259,126436
1782412,481293
2162253,597432
420445,217240
8673,102136
8765,99937
6770,97988
9141,99926
8908,98477
7212,98782
12618,99059
9682,98056
10318,99948
34442,107411
14209,99882
86442,121207
31573,105291
35737,105629
458942,205870
102076,127259
1762192,485143
2166964,600636
432172,216107
8168,102992
7886,105919
7450,103512
9463,97730
9612,98094
7549,99098
13307,99988
9681,98017
10662,98799
33596,105774
13938,99744
85823,118611
31483,103568
30353,103977
458218,204827
102804,125248
1784196,487861
2150639,603610
410206,215099
8830,100139
7878,99156
7519,98014
9231,98740
8869,97768
7581,97480
12492,98556
9936,98248
15353,100623
34255,106680
13477,99863
86336,119874
30763,104341
29725,103821
453353,204033
102180,126636
1777722,496723
2167632,598844
420697,215399
8397,100905
8402,99738
7234,98636
9950,99058
8684,100105
6852,97778
13212,100322
9971,98866
10289,99256
34422,106124
14353,100859
87027,120330
31556,105405
30022,105915
453678,205046
102656,126734
1776700,487963
2155618,591352
418107,216703
8311,101912
7746,98891
6904,98386
9260,99987
9126,99416
7132,98871
12724,100082
9269,99165
10465,99164
33509,107570
13902,94438
86045,116013
31207,113939
30270,105532
459381,205912
103542,131763
1773901,486047
2150774,614253
413166,221615
8351,101147
8470,99022
7692,98469
9201,99022
8804,98526
8393,98503
13237,99539
9947,99415
15324,100622
34124,106584
13440,99089
86400,120111
31512,105597
29656,104594
457580,201794
102025,124926
1777477,486316
2144255,598236
420668,217867
8633,100140
9058,99361
7418,98048
10124,100646
8906,98143
7525,98212
13341,99273
9995,99446
10624,99657
34265,107505
13673,99942
86806,120018
31519,104899
29976,105500
455431,199746
102998,119774
1776499,487094
2166571,608371
415004,215253
7685,101401
8250,99981
7082,99463
9173,98946
9113,98979
7468,98380
12550,99718
10106,99343
10606,99433
34299,105928
14052,100915
86338,121524
32347,105859
30409,106537
456613,204985
102551,127503
1776875,485852
2176762,599700
414335,215430
8211,100367
8095,99681
7533,98418
9537,98911
8650,99139
7598,97151
12289,100290
9916,98638
15047,100539
34308,106648
13476,99769
86515,119302
31376,105325
29203,104726
456798,204922
102097,124780
1774013,484747
2157011,596355
416783,216700
8259,100621
8775,99133
6836,99037
9978,99386
8848,98702
7603,98117
13126,100357
9520,97758
10482,99782
33938,106366
13715,100692
86090,121371
31503,105618
30165,105044
458137,206199
102701,127105
1776447,495299
2178001,596103
419661,215355
7676,99723
8044,98899
6761,99674
9431,99872
8504,98149
7081,98620
12136,99942
9113,98244
10553,98795
33298,107679
13812,99596
85817,119800
31546,104585
30031,105192
455332,205922
102931,125244
1784583,487328
2182128,602035
414179,216155
7876,101490
8168,100686
7639,98970
9975,101269
8782,99331
7632,98491
12633,100893
9799,98308
14834,100587
33692,106276
13269,98438
86391,119176
31218,110711
29567,95561
466986,206112
102694,131477
1776607,484645
2151049,610895
419305,223244
8257,100708
8737,99786
8100,97736
9959,99405
9021,98019
7481,97664
13290,99401
9546,97845
10445,98189
33913,106540
13027,98251
86253,119493
31420,104776
29712,105589
455421,205443
102196,126116
1776543,485924
2154129,605000
423417,215916
8390,99848
7933,99061
7584,98520
9259,99230
9115,98774
7295,98731
12777,99687
8959,98846
10054,99849
33416,107621
14072,99617
85925,120483
31741,103558
30578,105949
453999,206847
102479,126018
1774511,485952
2170659,604389
416603,216963
8662,103087
7694,99749
7106,98153
9962,100982
8879,98403
8022,98598
13238,99639
9681,99050
15206,100553
34203,107260
13890,94141
86360,121722
31798,106702
29944,110121
458385,206166
102210,124301
1765041,486988
2158553,606071
432938,218997
7849,109404
7721,99457
7227,98531
9565,99241
8261,98532
6826,98212
12448,100023
8976,98069
10206,99179
33625,106699
13211,99588
85989,120088
30636,104871
29887,104737
452663,206077
102582,125326
1774695,486506
2153423,600843
420704,214747
7569,99891
7840,98514
6994,97591
9741,99425
8754,98625
7560,98640
12733,99964
9485,100028
10317,98298
33737,105498
14070,99429
85850,120330
31491,105185
30554,104903
456682,203802
102407,124580
1785151,485957
2159268,599670
414719,213472
8237,102035
8187,98854
7555,98576
9803,100452
9241,99080
7479,97771
12906,99714
9815,98461
15692,100915
34319,106231
13786,99898
87651,120665
32204,106638
30797,106384
459245,204231
102886,126817
1780586,486417
2165910,603531
423652,216647
8350,103327
8004,98907
6975,99425
8885,104710
8721,99290
6942,98622
13581,101282
9599,103460
9755,99438
35074,107386
13165,99798
87854,120410
31157,105627
30256,105630
460599,213430
103469,126397
1790257,488141
2177632,607692
425216,216698
8163,101345
8252,98712
7037,97618
9035,99054
8957,96924
7196,96513
13069,99636
9459,98101
10666,98756
34439,106462
13671,99644
86715,119576
31745,104587
30138,104262
462526,205390
103543,124086
1801213,487898
2172883,604810
415195,216619
8437,101594
7807,99202
7042,100294
9531,99569
8344,98214
7717,99061
12115,100954
9080,99667
15057,101556
33814,106703
13516,100058
87660,119774
31887,106333
29860,105770
458513,206528
103942,126610
1790214,489860
2184445,604654
422940,217793
8742,101771
8612,99056
6785,98464
9781,99287
8490,98771
7056,98474
13201,100997
9033,98866
10075,99893
34123,106990
13445,100553
87013,120724
31313,105384
30157,111546
460470,207757
103085,128819
1779776,486326
2187649,610575
431382,215950
7696,101059
8191,105447
7096,103661
9204,99008
8962,99546
7593,98002
12614,99522
9427,98233
10727,99164
33667,106637
13315,99238
86269,119968
31436,104236
30322,105139
455640,205812
103377,127620
1790605,487368
2170221,602432
417566,215487
8365,100938
8182,98394
7544,98130
9760,99023
8659,99050
7512,98150
13218,100648
10123,98963
15161,101320
34626,107031
13503,100412
87642,122432
31856,106993
30282,104570
460453,205579
102053,125073
1778257,498315
2175336,605990
425973,215253
9043,101548
7980,98700
6776,97985
9044,101131
8355,98128
7080,98067
13070,98986
9593,98207
10897,99290
33909,106527
13358,98967
86679,120741
31338,104726
30174,105243
461879,206932
103276,127309
1793633,483923
2190460,605313
425230,216200
8361,100162
8110,99615
7438,99033
9224,98791
8920,99651
6857,105358
12845,106089
9636,105579
10635,98730
34188,105916
13820,100840
87761,120408
31590,104898
30379,105009
464478,213607
104095,126300
1796294,480186
2189700,599027
417365,214711
7919,100588
7960,98531
7625,97835
9548,98868
8766,97350
8074,97190
12958,99680
9945,98689
15297,100935
35195,106070
13539,98717
87543,120795
31836,105251
30227,105852
464966,208808
104030,126909
1789944,489142
2169638,605432
427670,216259
7954,101083
8337,98064
6643,98313
9631,99889
9358,98577
6898,97732
13232,99467
8936,98347
9982,99581
34171,106593
13596,98980
87330,119743
32151,105366
30201,105255
460014,204728
103652,128962
1789194,490874
2205453,603215
420914,217853
8646,102388
8435,98779
7145,99440
9817,99184
9119,98721
7980,98282
13313,100058
9783,98478
10715,98777
34648,107086
14048,100618
86299,120712
32115,101532
30739,111032
461294,206242
104584,127511
1785029,483158
2193839,605599
429287,219044
8032,100876
7394,104416
7248,103339
9653,99120
8928,98060
7775,98364
12332,100857
9619,98886
15788,100654
34202,107157
13623,99943
87866,119841
32194,105863
29974,106278
460715,205611
102782,125896
1791221,490095
2177706,601967
420950,216511
8158,102028
7933,99934
6853,97553
9356,100556
8501,98392
7357,98555
13131,99947
9143,98595
16366,100684
29723,104964
13842,99904
87785,121119
31006,105373
31934,105732
461902,206073
103666,126384
1800938,498291
2206119,606303
413132,216964
8164,99929
6944,99783
6968,99182
9444,99776
8825,99173
6903,99032
12930,100925
8949,99310
15346,101221
34508,106311
13301,99327
86846,122128
31245,105543
30703,105136
461233,207266
103618,127275
1786526,483736
2192176,605330
415951,216312
8800,100059
7935,98760
7189,98738
9751,100028
8709,99500
7367,98480
13004,105924
9473,99834
15185,100492
34381,113268
13393,99972
86216,121577
30596,105053
30751,106226
466979,207320
104987,126299
1782754,491790
2177520,611823
420017,216621
7978,100984
8130,100274
7351,99137
9951,98909
8907,99569
7302,98466
13286,99771
9613,98432
15628,100511
34842,107581
13897,100352
87378,120892
30790,105574
31658,101425
460319,206189
104102,126676
1781093,488208
2160112,604969
415877,216382
8282,101244
7806,98395
7100,98190
9394,99764
8922,98642
7262,98438
13128,100324
9350,99216
14779,100581
34049,106951
13480,99663
87464,120874
30783,104096
30799,105423
463185,205135
104629,126473
1779571,487403
2192069,606413
416136,215946
8293,102121
7423,98262
6992,98502
9786,99191
8711,97896
7088,97715
12572,99739
9663,98364
15597,101390
33790,107318
14021,100090
92568,119615
31038,104323
36480,104501
457259,206844
103775,125945
1775223,488267
2190222,603027
425622,215735
7985,101781
7139,105058
6713,103244
9591,100375
9283,98585
7702,97773
13661,99645
9132,98711
15195,100937
35250,106049
13909,100181
87256,121064
30833,105663
32070,104383
462134,205581
104109,126390
1780906,493625
2166006,605994
418452,215935
8480,100476
7621,98037
7507,99152
9450,98959
8904,98813
6858,97558
12774,100443
9159,98584
15717,100805
34758,106669
13868,99832
87233,120987
31164,104094
31227,104322
457379,206165
104829,126790
1773656,499332
2181724,607659
416875,217932
8348,101858
7757,99983
7072,99427
9730,100188
8952,98924
7757,98283
13119,100661
9324,99758
15623,100996
34526,106270
13666,99705
87152,120528
30809,104747
30535,105155
460798,207853
103590,126649
1782269,489844
2194931,605417
418670,215614
8497,101955
7364,99903
7000,98211
9818,100169
9826,99601
7505,104038
12919,106418
8960,103618
15220,100500
34255,106073
13305,99776
87573,120476
30807,106321
30558,105209
461219,212850
104035,126224
1791524,485931
2167842,596522
417885,215777
8188,100283
8150,98780
7074,98313
10299,99568
9046,100405
6835,98164
13512,99895
8875,98229
15573,101360
34126,106891
13779,101118
87530,122167
30481,104822
30005,106287
461811,205878
104425,127038
1798979,488020
2170180,603162
416158,215628
8590,100256
7865,98625
7441,98894
10052,96900
9908,99873
8185,97697
12798,100220
9445,98317
16103,102024
35340,105837
13799,99879
86771,121462
30620,104324
31480,104885
460734,205410
103822,126023
1781546,486634
2183552,602256
417860,216710
8336,101377
7930,99518
6748,99140
9875,100456
9057,98939
7549,98556
12999,99703
9029,101209
15330,101199
34915,107966
13720,100950
86961,122005
30316,105275
30937,104072
457217,206272
104405,127520
1765534,486433
2172914,620988
427145,216357
9238,108674
7599,98172
7088,99779
10041,98799
8906,98214
7791,98880
12912,99894
9589,98485
15016,100106
34045,106820
13743,99436
87260,121371
30795,105877
30749,105237
458599,205043
104748,125637
1794637,487561
2189373,601277
418490,217086
8420,100713
7774,99311
6858,98653
10264,100774
10231,99755
7450,98988
12860,100436
9218,99971
15537,100279
34524,106687
13467,100666
86181,122232
30798,105028
31263,106108
462797,205025
103652,128011
1774553,488256
2175660,608839
417115,213958
8437,99238
7807,99312
7468,98603
9524,100004
9057,99226
7558,98191
12804,101027
8478,99321
15110,101507
34157,107433
13329,99704
87045,122896
30501,97219
30013,105039
458526,205361
103706,127462
1778946,487130
2180023,606183
418431,214807
8259,100352
7204,99174
7268,98364
8890,97979
14112,99308
7284,97483
12890,98357
9227,97511
15009,99808
34342,106628
13426,98397
87091,119489
30284,105324
30690,105568
456578,206674
103874,126204
1780163,489746
2168507,606559
416075,215465
8636,100556
7512,98391
6642,98822
9146,99306
8765,98562
6909,97938
12827,99869
8773,98370
15597,100625
33729,106283
13200,98613
87392,120532
30850,104918
31023,105590
462277,204576
103862,124246
1773579,505736
2183771,611446
418457,217159
8364,101518
7852,98775
6915,98970
10130,100463
9489,99890
7189,98204
13118,101270
8902,99280
15278,101049
34530,107539
14594,101081
86560,120802
30671,105582
31616,105925
456813,205600
104044,126988
1769024,487649
2187634,607426
417434,214137
8215,100110
7751,99694
7275,98737
9451,100268
8901,100534
7763,98957
12568,101932
9269,99580
14964,100859
40037,106962
12918,100029
87290,121664
30526,110828
30467,105003
465913,205370
103023,131802
1771230,491195
2177680,622061
417849,222862
7900,99770
7732,98761
6835,97778
9573,99530
9185,98916
7666,97980
13013,99869
9228,98566
15720,99857
34338,107097
13039,99572
87767,120588
31080,104206
31088,105381
456926,205577
103460,125942
1770787,488292
2171341,602984
418523,213944
8762,99437
7552,97502
6987,99040
10075,99064
9363,96975
7629,97771
12893,99733
9141,98219
15505,101097
34626,106214
13908,99047
87199,120452
30723,103706
31674,104587
457439,204703
104777,125180
1780617,491299
2174206,608218
415399,214856
8885,99297
7937,98046
6980,97584
9736,98630
8984,98285
7548,98078
13008,98787
8792,98923
15585,99300
34417,106438
13620,98908
86369,121593
30834,104788
31109,104845
457028,205349
103203,126487
1771514,495498
2188130,612040
418064,214609
9014,100321
8445,98399
7357,98761
9635,99100
8984,98324
7459,97767
12980,100520
9177,98009
15619,101572
35225,106691
13163,99775
87180,120618
30316,105936
30824,105392
458452,204983
104119,125550
1755435,488648
2181332,607778
418192,216697
8641,100713
7951,99605
6704,98065
9853,99039
9179,99021
7442,97730
12752,98976
9304,98323
14815,101123
34418,106025
13544,100603
86072,120914
30831,105145
31122,104973
455244,204784
104918,125497
1767998,482756
2179333,609259
419093,215764
8613,100832
7575,99013
7125,99179
10145,99602
9985,98774
7734,97789
13118,101023
8917,98887
15171,101130
34193,106843
13883,99885
87242,121105
31052,104551
30893,97274
459300,206135
104361,125704
1771538,486271
2180830,608994
419664,215856
8599,101369
7913,99408
7194,99542
9881,100095
8823,100248
7598,98951
12603,101245
9176,100193
15292,105403
34563,107895
13619,100009
86169,122152
30209,104903
30698,104771
458689,206883
104386,127140
1765652,490449
2180730,600658
428941,214787
8065,101205
8270,98345
7230,99622
9329,98690
8706,98747
7600,97954
12161,99864
8464,98130
15084,101596
34400,107509
13474,100206
87583,120150
30804,104322
30180,104470
461093,211732
103965,126615
1777396,486122
2175435,609648
417184,216741
8438,100669
8197,98880
7353,98951
10455,98830
9613,98568
7772,98419
13076,100781
9091,99209
15632,100186
34522,106787
13400,100475
86937,120944
30282,104764
30328,105058
458164,206626
104005,126910
1782661,489284
2165591,604498
420457,214304
8384,100697
7593,97930
7094,98923
9472,99471
9196,98977
7499,97705
12327,100356
8724,98615
15114,101531
35186,107253
13762,99637
86641,121027
30526,104385
30691,105591
456438,205695
103776,127665
1758105,492516
2175761,609641
416672,215027
8916,99926
7383,98626
6886,98247
10317,99303
8961,98676
7536,97996
12624,100286
9226,98687
15301,101196
34332,107106
13241,99470
86582,120191
31407,104163
30819,104813
456159,205911
103814,124919
1770277,486708
2170521,603147
417305,216268
7799,101110
7804,99161
7399,98943
10063,100162
9038,99472
7603,97583
13246,100610
9341,99871
15663,101447
34544,106269
13059,99924
86571,120964
31131,105553
30429,111946
459561,207869
103506,126268
1754045,482559
2176744,607579
430920,217432
7614,100936
7418,103892
7010,104284
9526,99332
8828,97953
7358,98197
12582,99803
9337,98667
15279,100438
34092,106920
13249,100199
86379,120700
30307,104613
30233,105232
457609,205331
103356,125835
1771393,488894
2170967,603375
419603,214840
8379,102043
8120,98906
7073,100513
10480,99539
9100,99247
7777,98105
13404,100652
9676,98985
15288,101274
35507,107537
13267,100147
87083,121299
30673,105300
30463,106368
458080,205492
104272,128502
1781270,486705
2171128,609116
421787,215831
8215,101617
7692,99024
7072,100424
10221,100178
9021,99624
7338,98278
13112,99677
9393,99459
15141,101488
34328,107287
13493,100229
87037,121072
30569,105580
30849,106064
457799,205758
104359,125784
1768022,487636
2170153,603502
420453,216005
7928,101519
7562,99100
6929,99289
10119,100034
9812,99093
7851,97789
13096,99758
9009,99279
15350,101270
34579,106095
13567,99693
86590,120366
31152,95035
31431,104576
463809,205571
103446,126408
1770824,486571
2183842,603817
413429,215750
8051,101400
7582,99572
6860,98563
9811,99550
8734,98647
7122,97306
12040,99854
8680,104266
15256,100177
33915,107433
13036,99387
86919,119410
30781,106345
30251,105727
457872,213118
104615,126802
1779146,487390
2181494,608369
418337,217590
9208,100277
7836,98792
7826,98943
9596,100073
9023,100117
7129,98498
12825,100865
8751,99943
15131,100700
34841,107094
13606,100780
86285,121350
30838,106122
30734,106130
462208,207244
103983,124637
1776946,477655
2160750,596310
417307,209474
8746,101666
7509,99667
6482,98968
9792,99626
8869,99187
7102,97596
13140,99876
8848,99663
15353,101177
35049,106939
13314,99967
87216,121645
30811,105313
30445,105033
458789,205423
103441,125160
1772745,487646
2193168,612626
419166,214941
7916,100198
7297,99089
7191,97690
9570,98418
8635,98665
7374,98229
12380,100677
8645,99126
14829,101369
34647,106383
13142,99915
86797,121253
30300,104599
30381,104657
456408,203781
104481,125552
1775573,489190
2174601,607863
415194,215573
8020,99519
7436,99258
7041,98633
9686,98754
9316,98660
7599,97056
13550,98936
9440,97920
15205,99438
35091,106228
13923,99691
86805,121340
31401,105321
30449,104929
459286,214448
104678,126222
1772086,490590
2164808,605537
418120,216457
8702,99323
7539,97776
7508,97898
9918,99186
9074,98868
7522,98563
13770,100482
9170,98032
15838,101526
34769,106280
13445,99277
87456,121211
30793,105449
30584,105160
455411,206368
103764,126961
1762286,491030
2169692,604775
413929,217594
8159,101688
7553,99284
6821,97739
9841,99677
9181,97982
7658,98450
13105,99661
9270,98622
15346,100689
34732,106941
13844,99752
86961,119786
31830,106048
30763,105334
463307,209633
103937,127781
1768672,486470
2178519,610067
424603,214859
9023,100084
8314,98903
6894,99411
9329,100523
9183,99348
7270,98969
12618,100293
9364,99369
10395,98906
34610,106619
13685,99764
86419,120900
31385,105844
30083,104780
460574,207809
103376,127431
1760675,489944
2178039,607467
423186,217374
8390,101050
8959,99869
8611,99230
9262,98979
8789,98093
7344,98127
13066,99587
9299,99081
10457,98813
33960,106443
13924,99494
87696,120213
31287,104236
30138,104826
457281,206710
103622,127088
1785186,485441
2170391,615179
416369,216084
7898,100724
8550,100665
7286,98765
9722,99258
8745,97824
7628,97162
12363,99973
9457,98375
15064,100906
34555,106511
13557,100083
87225,120162
31822,105101
29991,104689
460043,205663
103819,125225
1782795,490415
2182735,604113
425684,216304
8645,99691
8840,98337
7091,97348
9497,98605
8186,97368
6636,97037
12476,99617
9231,98484
10299,97965
34161,105783
13686,98769
88088,119166
31366,104478
30866,104524
459504,205265
103473,125983
1775675,490373
2188201,603866
422968,215992
8303,98663
8146,98513
7010,98916
9609,100945
8914,99091
7858,98365
12700,101221
9634,99270
10499,100550
34221,107811
14543,99486
86408,121706
31506,105582
29950,110009
460474,205786
102957,127839
1770857,484497
2182723,595617
428195,215811
8618,100881
7750,103749
7132,102823
9709,98815
8587,97152
7321,97753
12553,99451
9631,99715
14996,99862
35182,106687
14482,98173
87964,119968
31791,104209
30001,104162
459235,206523
103610,124593
1800584,485939
2176302,603792
422404,215304
8565,100058
7712,98332
6495,98086
9573,99583
8857,97361
7072,97421
12929,99634
9192,97602
10076,98452
34265,105715
13419,98359
87638,115497
31107,104474
30289,104434
460698,205892
103911,125897
1771180,495135
2174027,600748
424146,216252
7732,100384
8731,98714
6976,97535
8964,97666
9238,97517
7431,97008
13122,99620
9342,98579
10302,99661
35376,107400
14303,99091
86906,121179
31429,105820
30618,105469
456637,206178
104518,126553
1797623,486338
2186056,607216
419974,215958
8099,100283
8731,98236
7475,98122
10175,99345
8296,97176
7279,97340
12705,100786
10073,98700
15384,100119
35387,105231
14038,103710
87663,125392
37121,106199
30059,104917
474119,205709
109108,126799
1789728,489992
2171058,614707
423684,221869
7856,99159
7948,99272
7273,99006
10054,98787
8608,97446
7708,97397
12655,98874
9584,97827
9876,97641
34209,106388
13402,99094
87838,119115
31428,104448
30077,103936
461610,205697
102858,125989
1768734,492771
2174698,605095
425310,214443
7823,101136
8509,101044
6782,98581
9479,99569
8947,98484
7723,97147
13198,99402
9986,98924
11605,99721
34282,105677
14423,99914
87502,120241
32200,104568
30197,104563
461875,205843
103153,126650
1794653,485160
2173922,602061
418913,215353
8217,99845
7586,89376
7077,98036
9590,99308
9249,98367
8596,97170
12753,100008
9718,99212
14868,100479
35066,106513
13600,99612
86941,121504
31923,105396
30269,104638
462961,205320
103275,126403
1784362,491322
2182703,598688
433690,215672
8648,99545
7616,99054
6522,99210
9092,98973
8688,97938
7245,97199
13315,100101
9268,98192
10243,99623
34298,106673
13933,99675
87612,120298
31454,104772
30647,103822
459014,205908
102758,125512
1785177,488618
2160903,605303
424207,215868
7909,101454
8791,99496
6698,97913
9088,99133
8683,98384
7256,98481
12852,99331
9218,99442
10978,98875
33469,106232
13935,100054
87264,120123
31354,105180
30614,105642
463540,205405
103532,125058
1796996,497909
2179745,604237
421497,214657
8951,101473
8410,98621
7524,98428
9923,99679
8682,98543
7881,99604
12935,99534
10066,99723
15075,100126
34404,105797
13519,99587
88546,121182
31980,105114
30447,104645
457433,204967
103400,125597
1797124,485413
2207189,610623
422184,214715
8611,99911
8139,98165
7014,97860
9420,100045
8674,98486
7215,98113
13123,100776
9618,97803
10018,97758
34387,106752
13316,98894
87190,119394
31483,110257
30463,104468
466200,205797
103384,133311
1785988,487423
2155488,618298
425061,224904
7928,99582
8279,98531
7149,97748
9693,98921
9820,98526
7333,97331
13017,99300
9499,98093
10880,98732
34276,105451
13764,99480
87060,119525
31867,104397
30424,104796
461531,206347
103024,126051
1795509,496848
2164520,597581
417071,217385
8456,101827
8119,99399
7217,98543
10110,99258
8694,98557
7818,97721
13127,101359
9963,98257
15308,100009
34928,106861
13849,99423
87486,120644
31867,105125
29806,105990
457493,206256
102294,126229
1790464,486510
2187033,606916
424987,220125
8218,99567
8635,99228
6808,98717
9455,98746
8711,98162
7634,97626
13177,99911
10148,97599
10287,98770
34407,106230
13744,99833
88128,120548
32071,105045
35837,104762
460942,205497
105254,127029
1774943,488533
2184711,603401
430622,218006
7890,100495
8980,105256
6944,103513
9673,98653
9293,98729
7267,97941
12651,99332
9645,98805
10460,98626
33576,108045
14024,100216
86958,120541
31477,105474
30492,104928
458293,206407
104047,126004
1804670,489520
2182112,611873
419789,218512
9300,101506
8410,99357
7650,98122
9955,98534
8880,98897
7479,98418
13416,100187
10182,99865
15667,101403
34245,108023
14057,99696
87775,122074
32785,105376
29966,105148
461689,205280
102507,125522
1779013,499414
2175974,613606
425735,218156
8745,100581
7824,99242
7239,97439
9556,99433
9365,97462
6970,98219
12846,99797
9413,97791
10242,98646
34729,106873
13638,98636
87046,119755
31173,104084
30006,104357
459465,205888
103158,125449
1790060,484860
2200181,610050
423353,217764
8572,100217
8612,98069
7446,98528
9257,98449
9010,97884
7739,97655
13124,100273
9796,98183
10805,99159
33842,106502
13632,99948
87012,120099
31447,105018
30382,105261
463206,205980
104691,126741
1778809,485959
2193157,610215
418704,213695
8272,99381
7993,98326
7662,98471
9462,99771
8631,97942
7481,97991
12427,98757
10527,99557
15450,100019
34067,106549
13430,105007
86922,125478
32289,104612
30118,104206
470102,206682
103609,126534
1762858,488030
2179142,620490
434776,217716
8529,109531
8576,98633
7509,98042
9657,98575
8654,98555
7364,97843
13463,99989
9583,98336
10709,98648
34574,106278
14134,99830
87929,121662
32001,104371
30616,104496
457058,204913
103822,126254
1777626,488937
2194272,607353
429772,216166
8111,99849
8136,98453
6733,97829
8741,98744
8893,98795
7513,97821
12539,99249
9240,98766
10611,98496
34341,106045
14051,99791
86774,119150
31441,104024
30641,105653
457885,205883
104135,126735
1805530,496498
2165274,606709
421050,218891
8090,101273
8736,98744
7235,98483
9572,99122
8932,98724
7719,98569
12369,99431
9512,99739
15109,101030
34867,106439
14544,100082
88029,121206
31533,105158
30752,104512
460295,206387
103425,126058
1788790,489253
2179925,608812
423587,216756
8626,100797
8581,99332
7087,98265
9978,99228
8633,97710
7083,97695
12815,99916
9365,98685
10106,98852
34083,108089
13679,99197
86470,120474
31704,104035
30283,104708
457828,205040
103142,125055
1774344,489681
2190213,600152
422723,216272
9137,100010
7741,99390
7250,98189
9514,98735
9800,99163
7353,97660
12878,99505
9096,99263
10737,98860
35270,106779
13772,100793
87039,120127
31780,104213
30552,104735
456732,204828
104138,125198
1778441,482944
2181877,609887
420209,215581
8909,101344
8381,100494
7387,99479
9579,99637
8655,98934
7600,97575
13154,100519
10082,99300
15663,100958
34954,106306
13952,99488
87543,121868
31703,105093
30239,105828
457809,206458
103330,125952
1772107,487993
2193157,599171
425406,216768
8595,99615
8793,99069
7380,99799
9534,99008
9074,100080
7055,103113
13430,99166
9550,103836
9965,98570
35427,105801
13548,99392
87480,119865
31048,104618
30404,105386
463419,205884
103125,131825
1773932,487993
2178873,618061
420487,221102
7775,99295
8187,99026
7195,98490
8822,99459
8590,98476
7743,97971
12660,100177
9502,98861
10415,97796
33696,106639
13892,99522
86445,120598
31579,103833
30384,105426
458102,205425
103992,127234
1781024,491457
2181159,605308
420376,217209
7766,101599
8134,99790
7505,98231
10097,100008
9001,99121
7754,98694
13012,100626
9912,99072
15599,101644
35431,108018
14198,100754
88070,121439
32277,104761
30194,105131
461053,205058
102765,125358
1789936,487131
2169669,605352
423400,216552
8565,101161
8287,98907
6658,98727
9595,99176
9137,98678
7390,98414
13290,99833
9816,98591
10121,98473
34129,106587
13097,99695
86312,121678
30755,104393
30379,105163
456938,205510
103951,125905
1774197,500452
2194819,609220
425859,217832
9174,100685
7966,98354
7326,98177
9871,99213
9598,98773
7953,97816
12583,100239
9196,98893
10991,99285
34114,106690
14213,100159
86379,120519
31691,105145
31044,104741
456528,206226
104335,125552
1777515,489743
2166721,607085
419088,217037
8686,100577
8069,99787
8030,98700
9826,99362
9012,98999
7985,97802
13006,100596
10129,99166
15547,100914
35016,107247
13727,99463
87342,119568
32165,106541
30572,106056
460759,206279
104776,126116
1767216,489283
2184215,602325
426869,217075
8257,100486
8418,99374
7027,97764
9942,99869
8757,98670
7176,99620
17874,101499
9374,98587
10085,99306
34147,108012
13552,99972
87069,126711
31552,105848
30112,104855
466289,206037
104114,127115
1789531,487865
2163007,622439
430748,217063
8074,99808
8453,98151
7335,97412
9252,97835
9052,98109
7750,97782
12784,99770
9735,98661
10348,98400
33455,106478
13592,99682
87572,119808
31554,103684
30791,104219
459523,205744
104783,125131
1776662,488260
2155939,608476
422126,219040
7643,101768
8384,99467
7832,98810
9595,99025
8890,98655
8639,97471
13369,99573
10085,99021
15454,102278
34888,107121
14007,99459
87565,119980
31699,105843
29989,104673
456664,205661
102962,125164
1791244,488373
2171607,602414
426435,217637
8102,101851
8436,100141
6962,98540
9913,99617
8141,98816
6678,99161
12738,100040
9347,98322
10297,98965
34458,106302
13578,98587
86661,120839
31624,103621
30377,104594
454716,205913
102755,125209
1779583,485092
2177481,600540
429349,218465
8357,100785
8772,99731
7199,99599
9432,99932
8723,99601
7382,99977
12646,101228
9519,99846
10250,99730
33606,107134
13365,100974
87274,121336
32074,105985
30513,106060
460389,206366
103394,127810
1778282,486767
2183748,611325
416775,215931
7584,101882
7896,99117
7097,98837
9958,99695
8546,99107
7422,98050
12548,100171
10084,99806
15494,100672
34814,107538
14900,100994
87569,121777
31838,105911
30124,110648
459758,206948
104035,127677
1762496,482830
2171319,605724
437192,218463
8827,101098
14661,99104
7103,99565
9735,99103
8980,98854
7593,98503
13661,100218
9753,98345
10846,99725
34566,107412
13838,99785
87848,119912
31518,104809
30539,105499
457732,212372
102427,126870
1777447,491176
2171457,603081
423597,217076
8328,102098
8312,98485
6821,98901
9331,99035
8531,97743
7359,97891
12815,98635
8934,99464
10138,98369
33824,105526
14349,99607
86881,120327
31377,104646
30275,105532
460123,205842
103588,124649
1785984,490240
2166790,601245
421258,213884
8491,99992
8770,99463
7386,98123
9803,98891
8693,98494
7515,98092
13061,99225
10213,98725
15151,100015
34585,106484
13920,99383
87920,118586
32080,104725
29494,104316
462997,205897
103370,125851
1771712,499652
2182219,612059
422389,215414
8252,102268
7659,98686
6465,98279
8889,98746
8641,97851
7280,98052
12761,99637
9618,99270
10354,98899
34721,106069
13915,99945
86714,120999
31217,105308
30383,104413
462185,207298
104261,126664
1787917,484445
2184731,606226
420262,216720
8588,100346
8633,99933
7187,100306
9678,100298
9111,100029
7538,99624
12933,100808
9983,99321
10861,100446
34024,106851
14533,100307
86569,120899
31759,105273
30437,105625
461572,206640
104087,125767
1779159,488585
2187995,596617
417296,214560
7853,100081
7982,98734
6877,98830
9015,105513
8440,97787
7049,102574
12999,105387
9883,103981
14738,100331
34756,111604
14195,99221
87569,120382
31659,105904
29933,104582
466242,205910
103693,132952
1775168,483818
2176390,615229
427042,226371
8185,100607
8080,99105
7367,97699
9633,99630
8510,98122
7121,97078
12791,98913
9789,97914
10377,98926
34749,106709
13587,99851
87461,121251
31258,104472
30289,105347
458302,206956
102926,125107
1775951,492365
2174695,609114
427675,216462
8821,100622
8301,99509
7006,98625
9512,99787
8835,99058
7732,99857
13326,100417
10128,98633
11025,98930
34637,107427
14973,99677
86667,120474
31852,105734
30403,104439
459605,206908
104752,125771
1778743,499592
2171439,600936
415215,214800
7877,101654
8572,100451
7645,99710
9602,99796
9202,99263
7488,97597
12698,99831
9693,99236
15053,101097
34559,106215
13805,99473
88809,121613
31950,106050
29980,105570
460862,206031
102822,124199
1780746,491422
2176781,601371
424289,215781
9300,101361
9599,100475
7260,100172
10191,100649
8722,98938
7376,98259
13164,100605
9542,99353
10351,100547
34077,107473
13777,100390
86316,120345
32033,104984
30484,110794
458450,206204
103776,127837
1756670,486774
2189299,609512
434974,215643
8293,102729
8187,106995
7065,100090
9478,99015
9341,99378
7622,98810
13232,100326
9124,98908
10481,99835
34030,107653
14097,100454
86751,120842
31487,104461
30780,104611
459119,206245
103014,126321
1773442,489198
2166905,611385
415424,217599
7838,101879
8073,98534
7961,98729
9516,99537
8581,98678
7631,98395
12435,101105
9619,98976
15319,101354
34892,107513
13719,99087
87582,121519
32290,105196
30767,105191
460850,206954
102900,125383
1789228,489863
2170273,603276
422857,217035
8846,98923
8790,98795
7102,99414
9813,99507
8941,99001
7784,98731
13833,100811
9401,98703
10547,99101
35465,106581
13699,99797
87124,120896
31677,104997
29954,105862
459631,207193
103504,126415
1775788,484849
2182268,602700
424765,215530
8109,101619
8138,98706
6811,98270
9037,98556
9016,98217
7608,97906
14168,99765
9180,98724
10688,99794
34184,107576
14240,99752
87953,119798
32258,105242
30618,105117
456328,206597
103391,126601
1767870,484823
2188639,610701
415396,216603
8417,101376
7680,100282
7581,99844
15615,99897
8751,99893
7601,103379
12759,109221
14599,100109
15185,101278
35005,111487
13463,99551
87303,120382
31923,105736
29953,105111
464714,206116
103195,134529
1783573,487761
2177244,612067
427301,225027
8201,101342
8400,91535
6640,98043
9185,98536
8847,98852
6626,98019
13034,99601
9693,99178
16652,101292
29951,104519
13215,99515
87809,121054
31161,104629
32217,103952
463147,206340
103675,126094
1793398,484992
2159478,600767
417961,217807
8382,100996
7109,98862
7247,98476
9536,99954
8757,99504
7707,98909
12568,101346
8828,99373
15038,101371
34571,107595
13704,98956
87047,121096
30743,106048
30600,105538
460802,207575
103774,126995
1784123,495616
2182266,605039
419469,214302
7974,100929
7879,98925
7175,98078
9989,99096
8906,99144
7867,97465
12700,99186
9061,97987
15065,100788
34814,106443
13872,99848
87479,120059
30906,104691
30708,104869
456644,205890
103571,126364
1783125,488159
2197603,603354
417726,215937
8632,99592
7620,98813
7005,98298
9551,99246
9201,98063
7432,97862
12416,100136
8608,98824
15107,100591
34107,111357
12957,98803
86496,120708
30457,110343
30094,104946
467075,207353
104568,132553
1785245,488354
2174442,614031
416722,224144
8941,99847
7657,98744
7354,98683
10110,99149
9140,98704
7176,97365
12869,99883
9429,98592
15821,100684
34440,106223
13477,99585
86729,121659
30797,104902
30657,104784
463301,205196
104293,126247
1789887,489209
2181930,600070
415750,214313
8929,99267
7974,98401
7260,98478
9662,98333
9078,98295
7709,97665
12361,99738
8901,98067
15429,100520
34349,106626
13155,99240
86872,120540
30533,106481
30783,106441
464334,206017
104361,127069
1780358,485350
2187721,603061
412420,216009
7926,101173
7822,98055
7446,98256
9568,98567
9202,98486
6909,97850
12938,100034
8906,99110
15468,100563
33798,106827
13449,99654
87840,121159
31193,104784
30532,105018
462830,204778
103592,126243
1774870,493195
2183733,610515
417610,214558
8303,98217
7607,97835
6709,99208
9709,98144
8927,104150
7660,96845
13098,99922
9176,97660
15357,99404
34575,105804
13639,99068
86094,120061
30627,105106
30962,104309
458635,205135
104231,127722
1789323,486713
2186735,596228
414985,215564
7907,101016
7309,97853
7306,98438
9860,98823
9291,98118
7567,97517
13757,100156
9142,98402
15940,100369
34304,106936
13413,99143
87438,120560
30981,105382
30544,105038
463583,205504
104703,124791
1794231,493632
2184356,607968
419220,213200
8515,100273
7330,99627
6746,98825
9656,99954
8848,98958
7739,97773
12679,99881
8533,98247
15402,100550
34219,107269
13879,99721
86597,120907
30002,105594
30844,104619
462886,206579
103959,125665
1777083,485195
2189554,600431
417309,216158
8223,102029
7808,98946
7408,98696
9611,99057
9040,98290
7826,97918
12671,100041
8860,98355
15112,106036
34621,106972
13649,105259
86492,127005
31086,105202
31087,105319
468286,207246
110605,126752
1777719,486722
2167207,613754
418643,224570
8543,99832
7324,99241
7065,98574
9260,100422
9217,98545
7639,97835
12874,100286
9543,99080
15275,100444
34797,107472
13412,100362
86990,121475
30355,105264
30848,105012
459688,204890
104459,126962
1784810,488405
2169761,601300
417891,213151
8364,100391
8210,98616
7580,98941
9855,99132
8994,98238
7826,98815
13341,99539
9090,98441
15170,102232
34665,106894
13629,99653
86983,120875
30860,104698
30641,105479
460467,205826
104469,124957
1789246,487532
2182197,610096
414902,216282
8237,101895
7193,99085
6933,99979
9409,99816
8879,98677
7112,98684
13050,100880
9523,99098
15348,100199
34061,107080
13440,100287
87618,122613
30742,105697
30342,105462
459239,206879
103534,127430
1765460,489526
2202087,602806
414581,217612
8591,102834
7802,99165
6901,99265
9389,99092
9430,99102
7497,98104
12807,100165
8862,98348
14894,100956
34475,101244
13757,88952
86447,121545
30411,104229
30957,105527
458188,205016
103553,126208
1798072,491057
2179432,605088
418709,215813
7963,100141
7867,99448
7006,100095
9530,101541
8601,100204
7638,98407
12449,100332
8920,99248
15594,101665
34270,106856
13748,99773
87347,120926
30721,104865
30661,105396
460519,206573
103358,125893
1802000,500342
2199169,603454
415316,218192
8541,101624
7278,99231
6851,99262
9797,100728
9259,100067
7788,98191
12879,100759
9303,99632
15790,100605
35154,106518
13458,100505
87598,121321
31415,105007
31391,106092
463270,206858
103673,126222
1788788,487629
2187625,606583
416600,214959
8413,101050
8575,98663
6838,99509
9778,99832
9946,99802
13872,98849
12361,105552
8718,104971
15267,99235
34606,106520
13178,99755
87208,120868
31025,105812
30788,105801
461240,213506
104500,125616
1784792,488750
2185083,605737
419146,214621
8367,101123
7802,98425
7833,98620
9358,99264
9245,98564
7671,98280
12955,99862
8984,98509
16055,100271
34295,106932
13614,99344
87035,121400
30099,105030
30347,105013
458871,206399
104486,124930
1789898,492518
2190060,607669
420860,215811
9317,100815
7885,99623
7450,98157
9825,99583
10145,98796
7593,98767
13142,99804
9191,99272
14996,100727
34865,106893
13775,99653
86917,121374
30852,105165
30768,105522
460342,206241
105172,127284
1774616,489703
2185438,602014
418697,216103
8421,100462
7893,99298
7181,100085
9513,100115
9229,100728
7843,99479
12945,101990
8798,99471
15395,101461
34001,107919
14336,100490
87710,122024
30715,106140
31031,106084
458968,208280
103575,127325
1759925,485459
2192582,599312
416527,216680
8852,101289
7607,100816
7556,99952
9690,100360
9412,99818
7620,99189
12395,100812
9323,98876
14689,101109
34441,107978
13637,106369
86614,126863
31068,106896
30331,105590
465993,204469
105702,127700
1771977,485186
2182652,611890
426308,216030
8540,101472
7458,98612
6961,99326
9438,99278
8672,99984
7623,97850
13100,100244
8831,98307
15226,100568
33857,106594
13609,99102
86823,121548
30378,104422
30171,104897
456471,206090
104367,126731
1780028,485837
2182375,609116
422453,216838
8765,102217
7590,99636
7714,100038
9850,100176
9122,100113
7848,98841
13191,100839
9306,98729
15324,103144
34346,107977
13376,100448
86574,121293
30761,105320
30707,105580
458800,205904
104369,127438
1766217,498257
2185858,608296
417115,216514
8175,101608
7426,99339
7038,99788
9579,100371
9360,100286
7504,98495
12704,99620
9220,98780
15176,100580
34130,106972
13797,100659
86576,121733
30652,106164
30411,105153
456609,206714
104260,125060
1759589,486929
2185405,609441
417630,217942
8128,101687
7501,98803
7153,98758
9876,100784
9398,98854
7399,98249
12866,100682
9437,98606
15183,102720
34790,107570
13663,99694
87532,121626
30501,105114
30303,105055
457088,206778
103574,126353
1758792,488767
2185545,613421
415576,216089
8094,101739
7903,100410
7260,99627
9634,98890
9186,100102
7061,98201
13824,100823
8881,99484
15369,100606
34292,106732
13821,99466
86414,120294
30492,104931
30423,104099
461353,205581
104562,126989
1774364,487320
2172667,616421
417261,215742
7761,100420
7278,98936
7001,98774
9260,98367
8825,98480
6904,97896
12731,99357
9063,100065
15331,100636
34769,106912
13438,99822
86321,120227
30618,105030
30956,104060
461608,205382
103945,125093
1774851,488115
2176298,606257
421185,215719
8696,100071
7296,98782
7320,100574
9683,99683
9173,99545
7659,98278
12721,100410
9045,98554
15352,100526
35022,107910
13425,99901
86289,121359
30786,104609
31471,101383
459191,200645
104998,117515
1765849,485388
2184538,599852
414208,214946
9191,100111
7998,99183
7666,99899
10577,100171
9023,99180
7399,97438
13248,100340
9232,98499
15513,100571
35459,97247
13918,98719
87215,121540
31643,105399
31427,104862
458756,205787
104177,126345
1756608,489941
2181400,602655
419354,214740
8635,100751
7042,99153
7159,99130
9960,100630
9027,99621
7571,99858
13651,100947
9031,100155
15432,108148
34489,107742
13480,100943
93182,122294
31571,105651
30250,105210
465014,206972
105219,127502
1758380,486595
2165037,614948
427885,216212
7904,106088
7792,99063
6843,99309
9457,100215
9122,99414
7379,98391
12987,100863
9198,99108
15928,100274
35046,107089
13446,99913
87877,120878
30802,105593
30831,105024
458900,206050
104594,125905
1770341,491340
2171512,594473
417542,214261
8393,99189
7429,98397
7086,98160
9977,99291
8755,97670
8006,97951
13198,99381
9124,98870
15250,100315
34639,107658
13465,99120
86761,120709
30767,104549
30773,104540
458376,206664
103514,127106
1773043,492054
2179765,602632
414742,213443
7783,100960
7136,98777
7016,98945
9615,99167
9148,98606
7536,97656
12712,99849
8693,98358
15360,100113
34614,106333
13531,100070
86905,121383
30553,105179
30826,105761
459426,207059
104206,125951
1772831,486683
2184756,606084
416240,218245
8721,100580
7041,98912
7955,99071
10360,100207
8828,98149
7545,98849
12493,101124
8851,92784
14640,98416
34229,107006
13491,94104
86803,126231
30498,105265
30475,104921
463148,207000
111930,126163
1767857,487395
2176247,613832
419341,225860
8363,99991
7937,98279
7439,99428
9622,100211
9592,99032
6996,99437
11952,100401
8709,99358
15404,102612
34716,106878
13388,100567
87152,121358
30721,104415
30747,105821
458903,207163
103900,127097
1778622,484967
2175154,610318
416585,215896
7906,100223
7506,99182
6921,99199
9518,99481
9004,98767
7086,98293
12543,100233
8902,98922
16133,100444
34439,106004
13227,98905
85912,120743
31037,105141
30828,105493
459888,206153
104778,125208
1784250,484279
2186558,602655
416751,214191
7864,99184
7629,98391
6733,98334
9343,98853
8582,98432
7352,97861
13123,100145
8915,98052
15010,101054
34270,105854
13606,99544
86264,121720
30884,105396
30938,105335
459546,205072
104672,125885
1774312,493845
2194560,608370
415380,216177
8262,100841
7574,99579
7085,98557
9571,104449
9006,98515
7395,97557
12874,99788
9213,99059
15556,100852
34495,105931
13504,99827
86552,120963
30127,105132
31066,104727
458647,215169
104697,125427
1772202,486397
2172804,602734
416962,215545
8686,100649
7582,99064
7770,99735
9940,100165
9607,98775
7463,97793
13089,99889
9477,99002
15159,101351
35064,106956
14403,100453
87482,123715
31034,105029
30980,106296
459877,207792
103102,127679
1782736,496248
2177451,608898
415776,216811
8005,100493
7785,99207
6966,98825
9832,99571
8978,99686
7157,97802
12799,99905
8876,98652
15107,101263
34100,106806
13639,100300
86643,120936
30694,104479
31519,105995
459435,205773
103423,126542
1780607,487500
2187853,595934
416983,214325
8122,100021
7552,98376
7242,99125
9977,100137
9382,99164
7606,98004
12465,101535
9115,99795
15281,108107
34559,107414
13581,99253
92360,121251
31014,105542
30183,104530
469991,206805
109783,126968
1781712,490856
2178410,609989
414551,221406
8516,101052
7769,98500
6810,99522
9745,99423
8892,98552
7752,97550
12487,99915
9238,99810
15076,101135
34777,106861
13199,98816
86909,120270
31435,105777
30500,105286
460809,207057
104441,125149
1784289,486885
2174058,599123
427499,215844
8117,98816
8011,97820
6589,97328
9322,98705
8892,97461
7003,97523
12937,99949
8988,97225
10179,98844
34202,106063
13681,99378
87983,119209
31058,104768
30228,104338
458739,205951
103751,126358
1778127,489520
2181267,598378
422423,217088
7839,99916
8052,98724
6750,97696
8769,99277
8960,98403
7287,98567
12309,99908
8997,98282
10598,99707
34610,107112
14238,100169
87283,122145
32531,105447
30242,105293
460941,207489
104398,126315
1790202,486832
2155582,607340
430536,216652
8183,100161
8416,100336
7527,99083
9388,100105
8359,104418
8109,99047
12634,100261
9931,99387
15595,100817
34709,107443
13458,100007
87608,120000
32360,106083
29487,105687
463469,206689
103613,127223
1775874,486022
2176622,616862
426470,225438
8586,101605
7739,98914
6922,98574
9132,98785
8089,98513
7101,97894
12733,100397
9280,98474
10417,98712
34829,106590
13823,98581
86598,120911
31135,105591
30580,105414
456841,205606
103314,125402
1783915,488865
2181714,602377
422928,218880
8814,101069
8195,99712
7394,98356
9375,99423
8803,99355
7495,98302
12408,100433
9040,98980
10617,99998
33930,106994
13788,99868
86338,120477
32050,105224
30409,104990
458577,206232
103960,125208
1775223,486865
2164114,609890
419017,216075
8452,100502
8201,98935
7021,99595
9692,98709
8307,97308
7417,97518
12574,100633
9600,98709
15317,100209
34804,106994
13728,99791
87007,121057
31838,104323
30166,104399
457871,205179
104947,125491
1772114,500626
2181980,613892
426183,216318
8945,100828
8711,99160
7074,98650
9254,99198
8612,98356
7429,98284
13293,101099
9037,98941
10154,99546
34660,108460
13146,100219
87604,121837
31543,104870
29950,105882
458271,206195
102798,126916
1770071,489114
2184832,603658
422122,218814
8898,99555
8290,99271
7125,97901
9702,99137
8643,99331
7889,99050
13016,99830
9248,99032
10629,99468
34092,107237
13891,99776
86534,120572
31271,106147
30783,105032
456035,207278
103641,127512
1770647,485089
2180212,608097
418765,216796
8057,100846
7702,101056
7300,98877
9509,99261
8464,99201
7261,98678
12674,100621
10810,99549
15206,101638
34486,106359
14188,99974
87059,120714
31572,105820
29998,104282
461964,205161
103472,126253
1757344,485757
2175960,617534
433196,216406
8799,100678
7846,105068
7129,102188
9266,98050
8209,97866
7193,96708
13882,98980
9459,97436
10324,98171
34437,105968
13748,97989
87832,118272
31406,103795
30107,104294
456098,205158
103363,124951
1770812,490526
2172258,601325
426705,217159
7695,99793
8970,99857
8265,97965
9999,98795
8922,98679
7290,96999
12863,99643
9735,97560
11030,98810
34667,106032
13932,99638
87496,119891
31906,104970
30304,104903
457527,205696
103855,125539
1784538,486089
2176447,600815
417416,213256
8373,98929
8967,99262
7091,98436
9646,98981
8502,98406
7621,98271
12987,99662
9341,99124
15710,101002
34217,106922
13875,99221
87022,120466
31943,106175
30057,104678
458119,205413
103220,127040
1779712,499174
2189631,602118
425704,214105
9023,99850
8382,98597
7098,97710
10075,99443
8830,97789
7701,98041
12954,100286
9567,98592
10218,99074
34336,105869
13240,99497
86753,119760
31549,104550
30745,105246
457670,205843
103291,127502
1769801,485852
2185957,612135
426086,217283
8341,99862
8737,99381
6838,98823
10421,98642
9256,98809
8103,98589
13294,99842
9417,99322
10638,99171
33962,109203
14165,100522
87086,120185
31574,104901
30733,105131
460546,207217
104015,126843
1774995,480504
2185569,603882
415883,216761
7972,100270
7821,100423
7246,99552
9480,98514
8596,98818
7487,98083
13048,99966
9610,99239
14774,101813
34293,106686
13186,99139
88558,120471
32325,105756
30226,105342
467079,206559
103450,126340
1791044,486171
2177698,619597
430196,228642
8693,100747
8418,99529
7549,97721
9896,99810
9314,98424
7704,98856
12911,98395
9795,99514
10925,98802
34021,107048
13669,98753
86576,119452
32085,104485
30274,104988
462024,207275
104027,126444
1769648,493275
2172103,600088
424966,217115
8281,100714
8288,98751
7359,98498
9296,99280
8722,98416
7693,97223
12525,99024
9064,99315
10639,99600
34218,106696
14032,99962
86645,121609
31948,106014
30739,105608
460082,205344
104183,124888
1775121,497854
2185749,606220
419476,215969
8595,101416
7821,98466
7182,98828
9267,99559
8587,98560
7661,99138
13098,100533
9799,99978
14790,101874
34539,106441
13606,100901
88508,120687
31105,106274
30148,105512
458657,206682
103224,126963
1773055,488429
2186309,608008
425977,217837
8586,99828
8470,98970
7236,100018
10112,101944
9419,99889
7789,99553
12767,99831
9728,99299
10226,99277
34272,107893
13600,99850
86844,121591
31210,105438
30253,105032
459064,206308
102995,126806
1777385,488220
2180448,612625
421077,218367
7727,101755
8240,98846
7103,99503
9248,99112
8971,98598
8001,98107
12890,99989
9276,99213
10507,98533
34138,106805
14247,106569
91959,120533
31453,104831
30364,103373
464351,206390
103771,127363
1778166,490172
2167858,618273
429587,218870
7800,108883
8585,99066
8156,98884
9368,98929
8392,99662
7054,96857
12841,100132
9577,98072
15521,101289
34358,107039
13645,99881
87385,120619
31979,106543
30297,105509
458035,204553
102089,127185
1776947,483917
2173030,612021
428753,217592
8005,102019
8136,99285
6864,97977
9941,100905
8619,97917
7424,98939
13689,101862
9739,98814
10356,100602
34613,107264
13347,100419
86750,122316
31417,105340
30559,106399
460187,206213
103901,127279
1777792,492964
2164712,601250
427582,218550
8465,99350
8846,99407
7381,98415
9585,99058
9053,100019
7758,98374
13274,100394
9480,99138
10732,99179
33959,107480
13857,99464
87326,121315
31852,105422
30647,105619
461365,206206
103573,127770
1783826,496430
2189757,604863
418243,216036
8544,100886
8107,99518
7203,98649
9637,100422
8536,99208
7461,99940
13061,101082
10146,99643
15713,101341
34758,107218
14376,100700
87293,120600
31920,106555
29946,106861
460758,207984
103313,126335
1774144,492679
2193856,609369
422133,216530
8506,101491
8876,100540
7034,99915
9574,100735
9094,100247
7602,99224
13187,101248
9722,100115
10085,99469
34510,108635
13777,99582
87176,122720
31127,105865
30320,105771
457833,206086
103257,127355
1775357,485941
2200758,602511
425543,216377
8257,101256
8127,100695
7116,99707
9007,97934
8712,103155
7545,98211
12809,99707
9228,99509
10915,98981
33840,107419
13865,99455
86640,119719
31488,104783
30317,105387
460289,212936
103576,126847
1775360,491724
2183014,597781
421463,216480
7852,99521
8376,99041
7386,97778
10026,99248
8804,97764
7408,98921
12985,98668
9892,98483
15664,101060
35021,105679
13558,99281
89095,119806
31375,105061
29390,105018
458592,205158
102846,125878
1791780,487019
2174597,604517
422894,218098
8313,100274
8265,98990
7070,98812
9371,99816
8662,99036
7192,98354
12837,99822
9521,99168
10468,99304
34372,107559
13979,99867
87759,119804
32173,104930
30226,105468
458755,205370
103873,126044
1775376,495974
2182692,606348
424695,216205
8786,100562
7899,99411
6589,98204
9303,98593
8886,98226
8317,98719
12765,100459
9410,98457
10497,99556
34185,107128
14049,100110
87590,120815
31706,104573
30806,104691
462604,205993
104239,125886
1780366,483112
2177223,603845
416857,216774
8075,100574
8396,99526
7417,98848
9295,99384
8445,99116
7088,98741
12369,99822
9346,98408
14743,101101
34183,107341
13416,100391
87043,120445
32055,106153
29974,105894
456764,206335
103827,125964
1771514,487316
2174078,613700
436376,215484
8277,101012
7855,98610
7057,98163
9185,99179
9014,97390
6925,97378
13354,99625
9800,98552
10093,98938
34470,106978
13024,99394
87155,119885
31205,104600
30365,105428
461702,206885
103913,125354
1778949,487518
2178752,613351
424714,217908
8007,101158
8637,98655
7123,98083
9208,99085
8893,98675
7494,98573
12571,100212
9129,98311
10606,99850
33672,106465
14072,100431
86047,111785
31447,105470
30363,104566
459972,206627
103891,126290
1780740,486453
2187055,609773
419598,215547
8070,100559
8648,99911
7848,98511
9661,99453
8648,98586
7429,98280
12934,100665
9526,98367
15410,100769
34111,106621
13792,99587
87428,120621
31775,107540
30358,104028
460902,204210
102939,126473
1783460,489277
2205980,614660
425206,213584
7965,100644
8631,98887
7005,99035
9111,100269
8266,98458
7393,98486
13003,100365
8985,98434
9611,98561
33854,106118
13267,99203
86483,121157
31616,105092
30154,106866
456477,207336
102495,126577
1762931,482232
2187478,604775
432578,217610
7442,102101
7820,105157
7522,103217
9324,98303
9120,98004
7330,97590
12777,100561
8954,98885
10699,99241
34114,105552
13652,99762
86726,121094
31701,105242
30255,104179
460613,204833
103602,126011
1787779,488709
2169310,600903
417307,214787
8598,100401
8126,98493
7882,98679
9597,99719
8700,98271
8157,98145
13130,100822
9529,99408
15647,100213
34832,106710
13792,99459
87649,120343
32386,105275
29931,105129
459870,206880
103811,125331
1786464,494434
2187899,608670
425966,216385
9132,99707
8399,100034
7446,98730
9912,99583
8548,99410
7165,99379
13094,100179
9843,98047
10248,99541
34780,106875
13266,99427
87929,120923
31458,105307
30502,105382
455143,205361
103282,125675
1778669,486950
2174538,612154
422217,215078
8318,101314
8680,98550
7484,98128
9305,100053
8907,99744
7945,98270
12595,101007
9060,100092
10299,98359
34084,106426
13582,105542
86323,126152
31983,105378
30176,104500
466660,206856
109678,128575
1789182,487452
2166425,616251
418776,224321
8051,101714
8170,99745
7660,97815
9805,98665
9011,97701
7470,97295
12457,99262
9079,98101
15221,102012
35403,106412
14157,100015
86809,121126
32407,104600
29916,104556
456676,206187
103159,125831
1788864,484369
2155346,596635
425165,215517
8883,99223
7931,98188
6582,97914
9122,98533
9299,98019
7430,98092
12868,99854
9035,98379
10696,99665
33692,106301
13427,98661
87083,119932
31105,104440
30076,104396
460037,206689
104229,125188
1775624,487532
2176290,604861
421214,213749
8058,100203
8020,98806
7184,98415
8723,99309
8748,98972
6972,97710
12989,99092
8840,98009
10540,98138
33905,106912
14232,100129
86916,121609
31527,104986
30853,105045
461273,205177
104092,127534
1787888,485871
2185784,603675
415843,215619
8406,100342
7916,99502
7239,98565
9117,99952
8655,98237
7478,98031
12548,106326
10273,104723
14977,100937
34660,112916
13989,99780
87264,121403
31695,105376
30294,105255
466095,205616
103366,125826
1781143,487193
2176678,612827
425042,217802
8342,99148
8094,98156
7118,97762
9572,98798
8554,97479
7237,98235
12749,98952
9461,97954
10210,98573
34903,106194
13068,98796
86252,119618
31401,105571
30050,104227
457707,206041
102249,125754
1780564,492058
2184703,603206
423981,214258
7815,100207
8240,98202
7053,97657
9431,99183
9356,98816
7629,97980
12941,99999
9478,98432
10577,99059
33730,106671
14107,101044
86571,120401
31236,105044
30480,104299
458938,205732
102980,126153
1784243,488364
2181237,603948
419502,215430
9043,100450
8285,98786
7259,97992
9013,98062
8742,98769
7493,98427
12867,100065
9959,98755
15316,100688
34527,105970
13612,99975
86909,120651
31797,105236
34567,105337
458763,205429
102791,126037
1768426,485930
2176771,596723
438803,217419
8461,99951
8215,103764
7038,102946
9355,98468
8702,98371
7080,98109
12611,99229
9583,98413
10263,98202
34353,106799
13972,99798
87692,120442
31335,104519
29969,105265
460437,206735
102621,127405
1790075,486339
2181654,607072
422878,215634
7827,100013
8074,99305
7289,97945
9531,98715
9122,98463
7500,97909
12827,100043
9376,98409
10752,98729
34469,106383
14260,100198
86744,120432
31844,104004
30423,104837
460572,206528
104359,127640
1785507,499794
2198463,601008
416699,218452
8201,101582
7993,99969
7323,99550
9525,99888
8566,98830
7633,98242
13401,100405
9908,99363
14923,100578
34446,107255
13251,99091
86882,120345
32148,104983
29967,104865
460878,207873
102660,124698
1785830,487843
2174371,606711
426558,216827
8545,99355
8527,98731
7434,97867
9348,98188
9571,97775
7506,97824
18253,99783
9078,98189
9896,97847
34038,110922
13362,97965
86707,119710
31929,103322
30552,103933
465946,205520
103289,126259
1802234,490387
2183094,613975
424055,218112
8467,101722
8606,100428
7181,99361
9735,99062
9105,99062
7696,97886
13798,100311
9603,98438
11000,98290
34438,107051
14125,100005
87124,121181
32170,105038
31394,105162
458739,204819
104749,125153
1781484,494603
2182240,611000
418153,213543
8037,100287
8005,99870
7509,98388
9739,99570
8567,98480
8304,98397
13387,101077
9937,98536
15757,100436
34400,107184
14126,100719
87719,119423
31688,106503
30747,104647
457981,206655
103664,125266
1788673,492509
2179531,606950
422963,215305
9164,101454
8088,99088
6802,97725
9345,98884
8845,98411
6989,98382
13249,99600
9588,98414
11580,99503
34681,107206
13517,98988
87169,120214
31567,104685
30630,104249
460039,205732
103766,124566
1771259,501312
2188143,608182
425497,216965
9312,100123
8583,99033
7346,98086
9363,99680
9250,99811
7231,98436
12772,100242
9388,98713
10472,99432
33812,107652
14438,101929
87103,120500
31974,106162
30529,105440
461745,205921
103826,126314
1796444,489676
2192864,607797
418636,216269
8623,102196
7945,98743
7453,98997
9180,100373
8477,98993
7367,98691
12545,100715
9769,99441
15212,100159
34636,106759
13740,99334
88084,119642
31584,105308
29879,105172
460520,205448
103212,125488
1778195,487098
2189480,611247
425985,216026
8797,99405
8782,99441
6876,99021
10153,99406
8961,98272
7471,97696
12728,99676
9571,97839
10547,99034
34133,106432
13521,99954
86871,120159
31959,106052
30036,105467
459203,206947
102257,126253
1769784,483094
2194720,614176
423501,217014
8609,99485
7984,98778
7281,98937
9355,98831
9385,99162
7887,98430
13025,100282
9515,98617
10768,99646
34502,107636
14165,99333
86569,120444
31329,104585
31074,109791
463403,205212
104399,125661
1764991,488653
2187297,606926
424704,215285
8771,100913
8118,98602
7419,97873
9445,98019
8858,101898
7085,96569
13671,99766
10197,97878
15664,100262
35370,106319
13699,100163
87060,120795
31508,104602
30237,103080
469058,204785
103286,131719
1779085,486636
2181089,624713
425437,223276
8936,99933
8287,99148
6677,98281
9560,98306
8527,98176
7020,97640
13294,99707
9739,97949
16103,101440
29647,104976
13361,99088
88011,119378
31111,105040
31748,105220
455387,205800
104254,125980
1765803,488992
2171693,598309
421942,215662
8657,99373
8140,98385
7214,98588
9720,99375
8917,98643
7551,97143
13068,99785
9433,98976
15327,100863
34088,106677
13564,99213
86770,120812
30766,104419
30649,104292
459232,207284
103828,126133
1785124,488294
2168937,601631
415902,214866
8398,99175
8121,98018
6830,98365
9979,98606
8797,97401
7196,98453
12620,98930
9460,98904
15497,100714
34356,106442
13604,98979
86710,120963
30733,103794
30865,103911
458115,205834
103935,126010
1775466,490845
2187656,609842
421362,215074
8217,99792
7415,98730
7185,98400
10027,100040
9361,98928
7361,98229
12642,100152
8884,99369
15505,101122
34727,107054
13665,99805
87385,121505
31165,104572
31335,105322
459283,205520
104176,125392
1774326,489137
2186535,602043
416686,219120
8389,100804
7449,99255
7077,99112
9568,100745
9209,99925
7879,99104
13218,101800
9083,99889
15197,102611
35598,107508
13500,101071
86548,122854
30868,105825
30773,105435
455409,207640
104340,126203
1775541,485246
2187283,609406
418226,215917
8620,101520
7538,100517
6768,99759
9649,100613
8870,100722
7499,98822
12483,101547
8946,99817
15371,101871
34560,109700
13312,106168
86318,126614
30562,105652
30453,105302
464875,206562
103772,126757
1769816,484291
2163448,611387
425434,214548
7751,100286
8338,99278
7493,99383
10140,100122
9170,99852
7613,98626
13003,100375
8863,98786
15214,101047
34164,107078
13538,100973
86479,122098
30819,105353
30764,105505
461684,205346
103361,126277
1778521,482676
2174510,596350
421482,216839
8521,100169
8344,98878
7411,97345
9871,98825
8903,98439
7417,97669
12471,100110
8914,99108
15042,100596
34515,106202
13097,98849
87301,121932
30427,104521
30636,104905
460314,206389
104326,126546
1767633,484296
2178544,606816
418819,217309
8207,100870
7641,100081
7248,100123
9630,100368
9079,99032
7047,98938
12456,101265
9444,99178
15361,100879
34222,107919
13873,100076
86797,120199
29928,105288
30320,106064
458437,205448
103867,126742
1766056,496548
2185607,603606
420255,216888
8172,100046
7175,99006
6842,98622
9654,99817
9798,98730
7198,97333
12539,100290
9017,98631
15674,100328
34299,106334
13556,99423
87183,121401
30569,103916
31033,104827
460586,204504
103657,126280
1761353,485211
2182214,603572
420448,214643
8835,100225
7138,98217
7580,98817
10477,98955
9651,98632
7885,97443
12859,100075
9354,99132
15362,100800
35099,107361
13580,99835
87539,121900
30800,105156
30551,106169
459725,205382
103887,126593
1762652,486982
2191624,609675
415017,217619
7902,101018
7660,98050
7348,99254
10013,98897
8908,98477
7981,97189
14077,100322
9408,98410
15906,101891
35482,106306
13256,99422
86448,120726
30268,105831
30434,105709
462994,212973
103553,126214
1782765,488081
2181575,600738
419882,215976
8244,100346
7848,98401
7694,98786
9554,99717
8766,98917
7722,98703
12748,101192
9207,99272
15302,101317
34575,107213
13642,100044
86855,120688
30274,104553
31104,105924
460112,206211
103762,125923
1792973,487886
2182234,605346
418818,216906
8960,99858
7482,98483
7490,98044
9488,98863
9074,98886
7462,97794
12665,99777
9268,99078
15099,101696
34556,106139
13046,98734
86804,120625
30410,104532
30974,104605
457953,205896
104116,125920
1772229,486203
2198127,610095
419790,215264
8617,100885
7776,98180
7180,98618
10406,99414
9567,98990
7727,97688
12488,99897
9103,98497
15460,100552
35375,106913
13527,99548
87066,121246
31022,105402
30675,105771
458624,206501
103802,126741
1787766,484282
2176736,595783
417122,215340
8607,100264
7594,98657
7285,98618
9706,98430
9520,98260
7619,97521
12967,99685
9465,99151
15435,101256
34734,106376
13588,98918
87940,120335
30660,104658
31216,104981
459723,213306
104131,126353
1798703,492454
2177423,607922
417788,215793
8408,101014
7747,98497
7366,98652
9762,98973
9245,99312
7725,98599
12836,99118
9060,98646
15473,100504
35246,107579
13740,99673
86489,120708
31048,105298
30896,105303
461109,206299
104138,126023
1784729,491970
2179340,598329
419252,214456
9170,101785
7032,98744
6729,98864
9929,99460
9062,98524
7580,98618
13228,100266
9180,99126
15752,101708
34776,106590
13350,99767
86952,120883
30271,105520
30956,104396
462693,205707
103733,127468
1776271,489439
2188936,604415
415992,215315
7956,101395
7077,99546
7091,98806
9486,99456
8821,99582
7349,97222
12964,100722
8808,99191
16295,101113
34486,107239
13972,99873
87029,121658
31498,106737
30842,105614
463510,206187
105174,127500
1778253,490717
2198586,615699
418831,217317
9568,99517
7976,99130
7348,99324
9597,104782
9048,98690
7360,103004
12807,100767
9986,104076
15479,94551
34432,107267
14014,100305
87248,121165
30974,105048
31012,105792
467113,206322
103575,126793
1775040,489561
2169630,613908
416031,217724
7878,102041
7589,100393
7006,98619
9575,99805
8889,99415
7449,99327
13479,100845
9147,99719
14772,101677
36427,108248
14083,100044
86964,120895
30635,105140
30694,101167
459187,206606
103713,127301
1768787,487426
2174359,605288
419334,215597
9149,101442
7616,99117
7701,99172
10011,98895
9496,98793
7815,99079
13054,101253
9059,98926
16115,100918
34701,107835
13693,100282
87113,122156
30641,105905
30764,104872
460204,206283
103153,125638
1781982,487145
2198692,605579
417142,215179
8883,101840
7800,99210
7309,99429
9979,100833
9143,99869
7299,98718
12492,100784
8724,99622
15280,102206
33736,108023
13499,99979
86609,121342
30948,104621
30873,105873
461946,206664
104692,126581
1772958,489342
2185394,603504
418621,218289
8420,102201
7803,99427
7449,100767
9361,100976
9331,100429
7263,99910
12821,101140
9293,99913
15606,101203
34719,107153
13810,100339
86512,122798
30724,105015
30105,105848
460315,213582
104225,126801
1777755,488964
2166446,607087
417977,215553
8020,100508
8082,99267
7389,98848
10026,99810
9355,98808
7342,98245
12749,99766
9531,98937
14948,100960
34831,107294
13653,100321
87084,121307
30962,104740
30806,105434
459910,206673
104683,126464
1787604,491348
2175016,605890
421279,217458
8483,100614
7776,99142
7219,99315
10026,100330
9153,99712
7943,98409
13005,100780
9385,99854
15385,101401
34323,107122
13838,99313
87116,121683
30893,105771
30817,105875
458621,205751
104064,128197
1774341,486537
2188449,607100
418418,217788
8517,101519
7401,98648
7495,99119
10841,99586
8961,98587
6938,98478
12430,100359
8966,99255
16068,101816
35358,107151
13570,99903
87268,121282
31126,104845
30708,111045
458997,206180
105153,127285
1770846,487940
2179664,596028
427303,214199
8810,101035
7862,103734
7294,103355
9786,99212
9787,99473
7513,98902
13355,100414
9591,98985
15152,100775
34587,106874
13419,98587
86619,120037
30752,104879
30844,104153
461898,204787
104145,126353
1786476,486111
2169803,603036
414135,217093
8549,101868
8316,98936
6879,98920
10388,99275
9215,98409
7567,98457
12740,101162
9022,99519
15319,102051
34293,106776
13633,99766
87064,122187
30573,106670
31506,106063
457324,206378
103909,125791
1777864,494440
2183377,599002
418632,216469
8528,99728
8013,98454
7660,98715
10206,99079
9908,98139
7172,98032
12595,99712
8841,99067
15345,102071
34534,106710
13184,99810
86569,121091
30383,105242
30789,104727
461124,205759
104188,126232
1770400,499111
2199272,616708
417677,215451
8327,101365
7776,98817
7233,99218
9592,99079
9088,98653
7388,98115
12383,100120
9550,98277
15592,100917
34474,107109
13625,100720
87008,122091
30876,105896
31255,105698
457877,205610
104379,127063
1767075,486827
2187982,606075
413693,215556
8462,100418
7858,99185
7064,98991
9586,99618
8541,98462
7446,97857
12772,99209
9091,98172
15224,101656
34981,106515
13487,98761
86903,120911
30112,104987
30694,105285
457308,206107
103920,127013
1759782,485088
2192340,609070
418862,216527
8059,101700
7489,99571
6863,99250
9854,100151
8682,99507
7368,99273
12989,101408
8765,99564
14918,101664
34780,107146
13773,101061
87162,122460
31045,106161
31504,106701
456503,206376
103805,128668
1757053,491967
2183917,602746
417057,216670
8426,101711
7724,99456
7089,98987
9411,99337
8827,99401
7404,102855
12733,100602
8822,104286
15325,101419
34024,112755
13527,99887
86552,121006
30861,113733
30761,105122
465258,206945
109245,127000
1766029,485786
2168331,623834
425154,213971
7915,100356
7463,98978
7601,98526
10047,99849
8830,98437
7070,97945
12881,99572
8809,97947
15388,100327
34216,106042
13601,99160
109400,125275
31398,105073
31805,105836
458636,206812
103793,126043
1768526,487853
2177417,613976
417462,218208
8809,101832
8345,99315
7441,99361
9861,100762
8649,100533
7559,98406
12624,101558
9402,99969
15550,101985
35171,107444
13426,100470
87082,121617
31058,106283
30582,106794
457749,206648
104666,127535
1764967,491114
2180016,604139
420600,214835
8311,100067
7944,97828
7078,99056
9399,98781
9301,99268
7300,97239
12954,99389
9326,98480
15395,100833
34656,105583
13597,99107
86746,120520
30800,104516
30804,104307
461281,205953
104407,126300
1759146,490511
2163795,609650
417132,216512
8421,100540
7739,99283
7492,101282
9888,100262
9256,99871
7630,97719
12689,100854
8741,99199
15001,101608
34742,106359
13554,99528
87351,121727
31133,106481
30375,106811
458787,207008
103652,126105
1761550,500294
2191607,602366
419189,215271
7513,99722
7801,98266
6725,98159
10203,99154
9174,98506
7345,98596
13032,101114
8728,99144
15222,100884
34695,106450
13610,99409
86261,120616
30576,104817
30774,105041
457162,207076
104137,126503
1772923,485287
2180283,609135
418574,214726
7642,100782
7421,99365
6892,99568
9290,99721
9503,98535
7569,98513
12966,100107
9166,98743
15069,101149
34376,105386
13511,99466
86765,120886
30715,104861
30382,105080
457302,204999
104008,127837
1774195,485249
2183000,604884
416220,215833
8186,101783
7915,99432
7005,98947
9849,101074
9272,99302
7220,99866
12670,101029
9544,100860
15315,101198
34764,107022
13675,100202
87440,122322
30227,104669
30926,109161
459094,207389
104798,127164
1767995,495660
2187343,609706
419419,216638
9930,99017
7446,99085
7617,99074
9803,98381
8786,104261
7634,97878
12993,99438
9387,99438
15156,100524
34370,106420
14137,99256
86642,121583
30953,105339
30291,104840
457880,211408
103172,126384
1776003,489131
2183192,612623
417792,216353
8247,99684
7951,99585
7272,100305
9637,100054
9065,99447
7369,99135
13231,100746
9314,99025
15628,100739
34507,108779
13831,100206
87297,121988
32468,106041
30079,105554
457401,205889
103854,126192
1775570,484557
2175177,606600
424047,218272
8184,100542
8222,99435
7182,99298
10038,100734
8740,98751
7239,98958
13442,101335
9494,98780
10271,99289
34800,107192
13742,99657
88185,120186
31205,105848
30411,105735
459307,205789
103348,126581
1785586,489770
2173369,605093
423103,218403
7967,100575
7964,98625
6726,97931
9144,98177
8807,98717
7608,98168
12894,99359
9601,98589
10284,98454
34731,106402
14060,100018
86335,120480
32366,104676
30494,104730
461747,206196
103850,125417
1786837,489504
2184794,609212
418310,214239
8803,101370
8482,100461
6761,98344
9831,100075
8852,98750
7360,100166
12840,100169
10359,99112
15313,101959
34739,107898
13546,100065
86895,120760
31689,106743
29333,104774
459098,206339
103766,126571
1773786,483695
2184568,600414
426524,216509
8688,101217
8275,98917
6720,98134
9428,99994
8448,98678
7289,98125
12827,99744
8873,98935
10414,98943
34511,107353
14244,100129
86379,120691
31955,104666
30338,106008
459159,206596
104087,126106
1765488,488827
2188682,606598
425719,218143
8702,100718
8752,100212
7690,99433
9421,105370
9299,99510
7830,99465
13163,107492
9507,99547
10322,99349
34031,107435
14034,100200
86882,127333
37502,105196
31090,104576
464114,207079
111086,128841
1773214,489717
2174688,611903
427924,216406
8116,102096
9355,99861
7031,98405
10752,98980
8805,99159
8560,97957
13030,99465
9722,98723
15588,100489
34246,107286
13618,99967
87156,120377
31800,105379
30024,105709
458662,207502
103014,126697
1790167,489764
2169352,601352
425828,216857
9205,100682
8450,98647
7236,98756
9435,100013
8756,98967
7120,97934
13185,100933
9444,99356
9640,99701
34140,107463
14070,100490
87134,121384
31033,105123
30353,104502
455019,204275
102015,127219
1761052,484805
2152933,602629
420842,214132
8013,100939
8252,100690
7313,98720
9405,100064
8800,99204
7698,99285
13295,100540
9716,98717
10524,99940
33967,107549
14050,100787
85630,121474
32042,105202
30935,106616
455118,205904
102489,126683
1775043,487277
2165921,599387
414802,215853
8636,100656
8565,99039
7215,99480
9513,100175
9118,99165
7933,99271
13412,100240
9559,100322
15473,101063
34236,108517
13498,99554
85990,120752
31552,104777
29698,105528
455484,205567
101115,126081
1758833,483134
2174077,604797
419918,214938
8552,100299
8046,100135
7215,98639
9306,99354
9013,98535
7411,97858
18489,99393
9644,98976
10078,98480
39768,106914
13529,98953
85105,119043
31078,111002
29928,104621
463034,206125
102051,132802
1759118,481538
2160149,605767
422050,227615
7342,98745
9248,99784
7315,97738
9111,99388
8118,99037
8005,98671
12753,99610
9253,98652
10342,99404
34415,105732
13716,100108
86222,120223
31350,105078
30640,105311
456821,205714
102742,125413
1778290,486356
2137706,604558
416872,214631
8926,101532
7783,98957
7451,98377
9499,99143
8590,98730
7391,98482
12568,100308
9487,98864
14695,100015
34095,106875
13996,98634
86262,119450
30922,104616
29671,105144
456878,205441
101657,126740
1757882,493984
2160266,597276
425553,218147
8378,101581
8030,98924
6633,98772
9073,99994
8871,100123
7085,98173
13179,101256
9741,98446
10053,99457
34850,106663
13191,101260
87693,120842
31780,105752
30144,105422
457594,208166
104281,125416
1773204,486169
2187311,607107
423627,218181
9102,100506
8041,98689
7095,99764
9055,99134
9274,98979
7419,98516
12779,100183
9258,98732
10483,99659
33966,107340
14133,99434
87195,120927
31554,104422
30804,110760
463112,205873
104198,126964
1769780,489935
2168858,620427
434507,216316
8003,101516
7751,98942
8384,103830
9830,98581
9260,98213
7994,97227
13053,99750
10151,98547
15411,100779
34819,107198
14256,99618
88511,120055
31755,105318
29635,104802
457469,204337
102622,126151
1785285,486352
2176851,606139
424639,217061
7992,100915
8437,99155
7205,99020
10318,99151
8400,98762
7704,97377
13141,99536
9824,98416
10350,98475
34003,105920
13847,99365
87205,120267
31692,104637
30473,104652
459996,206346
104200,125835
1776843,489217
2183807,606214
423846,217582
8638,100323
8392,98285
6936,98988
10625,98594
9652,98226
7382,98300
12994,99273
9263,98006
10645,99258
34021,106145
13771,99611
86486,120442
31438,105266
30692,105983
458666,206606
103525,125434
1771592,490789
2183364,603683
417761,217465
8473,102324
8163,100120
7931,98214
9643,98872
8768,98072
7645,97883
13028,99605
9782,98652
15566,100248
34191,105839
13581,99256
87782,119308
31959,106374
29906,105802
456441,205586
103164,126783
1762198,486200
2173337,604240
421668,218405
8829,100897
8175,98628
6649,99343
9294,99377
8664,99722
7151,97549
12921,100088
9317,98077
10287,99757
34222,106700
13346,99823
86818,120349
31718,105396
30172,104746
461453,215119
103258,125672
1779660,490352
2176493,603284
423668,215760
8027,101070
8496,98822
7070,99767
9432,99051
8886,98463
7362,99129
13303,98962
9252,99198
10239,99596
33551,106689
13636,99862
85965,120007
31319,105166
30288,104842
466007,205374
104387,125806
1792391,489597
2181439,603528
420548,217113
8065,102048
8087,99338
7106,100037
9516,99372
8740,98005
7473,97381
13014,100150
10404,99654
15342,101227
34533,107778
13707,100632
88097,121955
31832,105675
30229,105271
460550,205979
103905,125408
1776555,490373
2194410,613457
421839,215561
8321,101600
7982,99071
6851,98706
9123,100092
8346,98796
7391,97446
12945,98764
9112,99053
10543,99372
34491,106826
13616,99869
86669,120558
30898,104858
30299,104889
459175,205698
103119,125306
1766670,484901
2194152,608036
424022,217041
8019,101101
8011,99284
6837,99304
8668,103497
8738,99301
7448,104401
12365,105709
9400,103890
10819,92499
33811,106204
13600,99421
86497,121068
31738,104883
30548,104656
465433,206506
103616,126566
1797672,485572
2173852,619739
417231,215685
8053,101221
8238,98794
7303,99615
10057,99862
8666,98887
7291,99256
12400,99947
9260,99157
14990,100980
34872,107705
13600,99451
88818,120532
31736,105235
29840,105354
461455,205739
103055,124867
1785200,484558
2175695,605435
424190,217228
8955,100313
8364,100166
7472,98192
9856,99083
9307,98610
7554,98552
12763,100500
9013,98256
10165,98871
34742,107137
13498,99536
87793,120869
31483,105512
30116,104637
463297,205610
105148,128317
1782412,487733
2196767,607694
426126,214804
8275,101733
8763,99782
6952,99368
9226,99257
8943,99745
7673,98320
12544,99496
9541,99805
10610,100062
33860,106314
14272,99888
86921,120567
30888,104808
30787,104730
458446,206209
103591,126528
1783388,483234
2188736,609408
414763,216640
8245,102134
8749,99528
7358,98052
9408,107044
9273,99057
7394,102859
12612,100201
9821,104240
15381,100355
34680,106690
13641,99709
87987,120517
32169,104901
29941,105677
460825,212027
104159,126959
1795437,488072
2176291,612935
423483,217105
7859,101112
8769,98718
6737,98730
9191,99209
8046,98098
7085,97550
12854,100162
9252,98679
10061,99589
34096,106006
13767,100096
86827,121207
31437,105711
30123,105305
461587,204721
103018,125341
1784239,489565
2169842,599369
422126,214141
8068,99956
7864,97610
6579,98499
8747,97951
8373,99488
6903,97748
12456,100487
9208,99533
10346,98747
33959,106307
13705,100560
86676,120708
31635,104283
30154,104036
457758,208255
104151,126054
1797944,486935
2179033,610063
415889,215588
8695,99654
8374,98215
7401,98878
9182,100001
8781,98619
7729,97772
13419,99675
10190,98799
15523,100697
34255,106060
13575,99764
88324,120319
31815,105235
29880,100955
460678,205515
103334,126303
1778537,488879
2194318,599578
434240,217918
8535,100159
8087,98367
6878,98370
10103,99107
8783,98290
6876,97939
12875,99371
9284,98679
10697,99981
34526,106925
13464,99710
87198,121477
31179,104560
30676,104891
458003,205552
103821,126044
1787586,488316
2189778,605776
424564,213951
8195,101083
8495,98973
6909,97650
9952,98042
9752,98890
7996,98331
13077,99358
9457,99452
10618,100182
33789,106601
14332,99801
87315,120142
32316,106453
30742,105268
459683,206889
104166,125339
1788877,492843
2182500,608343
420417,215803
8585,102393
8351,99387
7165,99265
10463,98318
9022,98827
7939,98659
12882,99908
9644,98561
15700,101310
34872,107714
13455,99375
87503,120714
31368,105918
30346,105045
465566,205262
103812,125670
1781121,483026
2193900,607107
421569,216667
7890,101365
8002,99391
6791,99907
9293,100232
8377,98348
6868,100045
13197,100145
9217,98463
10264,99039
34058,107924
13955,99752
87020,120263
31118,105655
30161,110525
458704,206839
103814,127057
1771148,488854
2177867,605687
434478,217986
8103,99508
8202,97525
7445,97956
9478,97767
8365,97895
7331,97097
12465,98855
9520,98149
10677,98372
33517,106027
13600,99362
87370,119992
31834,103605
30473,104252
462714,205575
103675,125726
1794419,486479
2185661,607057
420554,214711
9155,101648
7864,99550
7399,99208
9712,99746
8279,98080
7566,98197
12995,100167
9722,98772
15248,101612
35094,107064
13865,100235
87329,120210
32172,105894
29937,105090
457955,205138
103056,125970
1783464,500339
2178293,606654
425071,217205
8796,100460
8155,99162
6827,98188
9434,100236
8534,99196
7131,98935
12911,100514
9588,99192
10318,99737
34412,108169
13737,99595
87195,120262
31610,106199
30508,105993
460800,205687
103246,126243
1780899,486764
2197618,608257
427488,217271
8471,100540
8569,100912
7369,99128
8799,99257
9168,100058
7641,98679
13058,100961
9559,100000
10501,99792
33663,106715
13430,100657
86664,121962
31751,110901
30476,106301
465787,209358
103538,132224
1792240,484879
2174298,612554
419593,222446
8155,101607
8069,99414
7207,98668
9774,99685
9461,98575
7401,97763
12757,100199
9154,100288
15424,101718
34105,106721
13477,100075
87471,119871
31809,104843
30099,104617
459228,206042
103040,126145
1794064,495410
2170531,606188
424101,215987
8958,100169
7656,98887
6526,97279
9358,100187
8815,97939
7696,98374
12901,99676
8896,98020
10008,99805
34272,106629
13558,99337
86679,120551
31719,104699
30155,105304
459036,204049
103602,125115
1789856,491463
2188593,607584
423487,218463
8513,100509
8356,99261
7579,98866
9346,99341
9486,98340
7708,98084
13459,100313
9642,98177
11149,99880
34490,106632
14668,99221
88236,119998
31557,103784
30519,105311
461479,206167
104459,126386
1780182,486410
2202804,601736
416556,218736
8917,100172
7626,99129
7081,99594
9083,99802
8488,103586
7546,97578
12954,100915
9508,98796
15555,100436
34758,106347
13858,99857
87739,119747
31617,104313
30339,104530
460073,206113
102376,126250
1785495,485497
2167943,605264
424630,216615
8707,99276
8404,98353
6809,98303
9361,98746
8178,98993
7005,98186
12762,99533
9193,98063
10594,99675
34058,105956
13617,99198
86793,119227
31687,104759
30177,105339
459071,205688
102749,125483
1779378,492782
2188671,609329
426695,217060
8564,100289
8930,98887
7253,98235
9486,98766
9211,99073
7684,98143
13112,99992
9325,97963
10320,98818
34382,108172
14252,99454
86482,120530
31629,103688
30138,105218
461511,207141
103652,125612
1786796,486632
2191750,604682
420201,217314
8384,100489
8315,99876
7926,99488
10065,100796
9076,99230
7464,97714
13025,100907
9870,99713
14885,107799
34218,106706
13642,99622
93893,120328
31640,105437
29636,105457
468616,205312
103237,127635
1774374,487337
2175974,614192
432794,216734
8116,100584
8358,98656
6845,97275
9741,99448
8704,98953
6892,97839
12852,99719
9700,97956
10191,98794
34442,106075
13260,99881
86776,120422
31739,105400
30259,105512
460548,205632
103597,126311
1784897,485138
2181675,598191
424791,215051
8325,100128
8339,100241
7088,98061
9466,98567
8900,98726
6846,98315
12272,100704
9273,99011
10545,98735
34438,106733
13784,99154
86321,120487
31498,105452
30110,104925
463705,204909
103531,126148
1778944,489379
2185590,604710
421219,213892
8615,101794
8655,100151
7897,98902
9748,99665
8611,100756
7751,99116
13470,100538
9828,98607
15291,101476
35066,106727
14755,100188
87412,120533
31150,105623
30030,105919
458781,206719
103248,125364
1775979,489602
2186748,605353
421337,215256
8530,101486
8152,99702
7374,98148
9342,99025
8593,99369
7530,97890
13287,99890
9078,97951
10534,98962
34336,106012
13947,99309
87241,119118
31626,105168
30545,105100
461233,214095
102759,126248
1784753,483798
2184292,602092
422614,215191
8611,100442
8659,99650
7464,99069
9450,99366
8912,99439
7195,99009
13148,100677
9385,99095
10469,99121
33779,107064
14128,101172
86194,120704
31817,105967
30544,105644
456776,207006
103977,126898
1786255,495347
2185748,604495
418604,218511
7868,101348
8176,98977
7085,99316
9285,99039
8269,97900
7624,97467
12781,99992
9706,98733
15693,101291
34410,105861
13727,99067
87781,120307
31450,105453
29854,105774
456656,206024
103588,125959
1786195,486384
2193350,612875
422179,217274
8369,101912
7856,99244
7194,97823
9309,99829
8764,97935
7098,97895
13396,100192
9623,98943
10324,99698
34943,106691
13484,99456
87339,120949
31405,105090
30354,105208
470884,205420
102867,126620
1779019,487244
2173543,616264
430926,217414
8503,100286
8512,98871
7417,98031
9365,99095
8711,98237
7087,98830
12740,99493
9435,99520
10242,99761
34248,105676
13746,98654
87321,119284
31839,104296
30229,105325
462586,206854
104059,125734
1790759,490960
2167343,602559
418108,215696
8262,100948
8303,99560
7598,99420
10122,99668
9413,97727
7742,98385
12931,99410
9688,98853
15062,100170
35039,106321
13312,99500
86994,119751
31657,105690
29599,104261
461827,205394
103626,124527
1791214,485775
2183749,613090
422997,216143
8129,100431
8571,98652
7259,98270
9422,99541
8998,99147
7776,98853
13126,100983
9517,99087
10631,99351
35014,107514
13631,99447
86840,121093
30801,105705
30242,106217
462189,206542
102228,125976
1774284,487744
2175877,600628
420473,215530
8200,102202
8059,99413
7775,99486
9102,98476
9171,98630
7185,98153
12601,99237
9349,98036
10612,98729
33577,106206
13732,99417
86287,119917
31607,105977
30634,104399
459918,206408
104060,126518
1792887,490932
2157238,602165
416818,215522
7985,99037
7841,89668
7222,98928
9946,98972
8541,98268
7559,97803
12864,99312
9420,97857
14750,99974
34830,106622
13478,98574
87502,118989
31696,105298
30028,104178
460361,205451
102887,126527
1780973,500468
2179750,606915
424950,216820
8321,100529
9005,98111
7357,97390
9774,99642
8637,97987
7240,98202
12948,100295
9611,99082
17220,99890
29697,105400
13373,99216
87597,119475
31143,103939
32271,105112
465151,205514
103604,126255
1796027,486934
2187039,601683
416087,214264
8829,100251
7651,98527
7137,99302
9867,100271
8919,99107
7603,98078
12872,99218
9263,98332
14900,100893
34172,106340
13369,99703
86548,120766
31798,105161
30409,104780
457799,206942
103588,125445
1765818,484266
2190126,604205
415563,221851
8620,101610
7635,100080
7180,99399
9855,98619
9650,99968
6982,99265
13437,100313
9546,99320
15301,100834
34313,107204
13485,100104
87442,121715
31414,104849
31063,105663
466370,206296
104477,131974
1771574,485688
2181757,627511
420717,222772
8092,101034
7602,99153
7224,97963
9535,100134
9029,98690
7347,99059
12681,99838
9129,98337
15433,101544
34364,106078
13261,98716
86899,119787
30757,106858
30936,104971
456575,206211
104453,126284
1777158,485986
2170947,602431
421788,215333
8573,100790
7735,98450
6859,98162
9917,99498
8933,97632
7414,98019
13246,99125
8994,98494
15214,90542
34847,105389
13910,99358
87031,120338
30622,103640
30435,104661
456744,207238
103514,125652
1777904,492497
2188726,604633
419123,217906
8402,100031
8315,99328
7354,99130
10236,99628
8984,99128
7781,97943
12745,100583
9337,98795
15439,101615
34573,106766
14147,100704
86920,120593
30881,104150
30782,105045
456839,205163
103879,126194
1754698,486559
2187942,612938
416252,217243
8138,100793
7493,97615
6776,99191
9607,99783
9294,99063
8015,98807
12612,100153
9103,98997
15113,100681
35029,106494
13297,99287
86994,121042
30675,104467
31214,104703
456550,205693
104897,127401
1769433,490326
2194424,607881
422747,213754
8542,100006
7439,98040
7608,99143
10187,100262
9231,99940
7629,98098
12626,100647
8834,99579
15332,101883
34771,108468
13607,100959
86459,121618
30469,104879
31333,105454
457020,206818
104414,127765
1761524,487354
2185241,611202
416488,216430
8615,101318
7375,99248
7345,100009
9810,105641
9561,100232
7932,103913
12964,101331
9706,103663
15908,100943
34197,112320
13755,99266
86966,122191
30973,112001
30713,105670
465181,207427
110830,127326
1768915,489279
2174379,618609
427798,217770
8350,99994
8023,98246
6927,99087
9561,99471
9489,98589
7606,98531
12964,99599
8776,99114
16225,101189
34595,106865
13283,100052
86321,122033
30651,104682
30153,106172
456474,205467
103877,125520
1770585,485886
2169882,609951
418969,214906
8403,101449
8059,98584
7292,99868
10202,101211
9552,99046
7665,97813
13292,100279
9444,99406
15690,100905
34477,106958
13970,100077
87258,119950
31306,105957
31348,104942
457026,205471
104546,126717
1772804,493131
2156985,600420
417245,216106
8487,100600
7863,99559
7110,99948
10246,100072
9443,98343
7506,98424
12943,101218
9308,99193
15961,101611
34651,107854
13377,99708
87555,121324
31159,105562
30281,105587
459631,204628
103686,125141
1769023,496645
2194299,602231
420326,214067
8287,100713
8267,99076
7210,99830
9939,99461
9579,99303
7312,98978
12615,100232
9275,99268
15115,102369
34321,106852
13467,100565
87230,120854
30656,104909
30483,105297
459805,207884
104295,126408
1773932,485512
2196794,606331
416930,215504
8524,100362
7589,99507
7063,98799
9979,99972
8741,99810
7518,97767
12772,99762
9307,99493
15364,102208
34398,107236
13047,100682
86877,121681
30920,105958
35101,105719
460896,205143
103650,125938
1751747,487973
2192949,608630
426815,214800
8578,101330
7297,99106
6458,99219
8954,98589
8910,97896
6934,97697
12822,100131
8890,98446
15348,100483
34315,106606
13855,99408
86316,121738
30602,104433
30212,104906
457843,213345
104071,128271
1766480,490747
2166910,606227
418872,215694
8540,100004
8325,97772
6858,98873
9923,99913
9724,98959
7172,98163
13000,99757
8939,98927
15326,101097
34348,106652
14054,100944
86894,122369
30641,105530
31422,104599
457047,206811
104032,125951
1780969,487521
2171799,610063
418844,212922
7877,100415
7439,99473
6731,98516
8984,99828
8540,97939
7432,98647
13124,99842
9378,98448
15285,100704
34690,106472
14277,99265
86714,120121
30472,105020
30929,104779
464244,206513
105326,125058
1763634,495277
2190200,605579
417299,215190
8211,100819
7791,99367
7195,99571
9881,100468
8640,99424
7714,98103
13053,100212
8796,98958
15128,101370
34120,107855
13609,100243
86738,122400
31191,106131
30378,106786
458105,206776
104596,126450
1766850,485093
2190351,611053
419494,217731
8210,100456
7952,99367
7139,99251
10192,99417
8821,100152
7295,98083
12819,99749
9184,99147
15242,100552
35189,107064
14047,100133
86911,121326
30669,105101
30348,105845
455203,205795
104190,125933
1762266,484646
2181521,609805
416570,216762
8405,100864
7268,99176
7763,99475
9927,99113
9491,103949
7151,97950
12858,100899
9188,99701
15805,100216
34488,106580
13286,99331
86779,120912
30316,103980
30317,105849
461418,213129
103776,127057
1758252,491002
2166836,605507
417345,216747
8774,101314
8326,98991
7293,99285
9677,99143
9289,99529
7542,98875
13950,101067
9424,98704
15578,101211
34647,106119
13509,99485
87995,120819
31125,104437
30586,105373
457636,206812
104842,127245
1773576,485620
2161484,605891
416391,218456
8016,101685
7731,99103
7506,99250
10644,99112
8823,99558
7578,98245
12720,100493
9036,98443
15204,101145
34359,106215
13396,100056
86940,120488
30709,105374
30826,105611
459246,206272
103378,124669
1774395,487092
2190525,607782
416422,216390
8358,101629
7351,100029
7524,100254
9475,100600
8776,100839
7263,99323
12330,101118
8528,99845
14981,101953
34078,107319
13717,100708
86890,122941
30415,106225
30504,105826
461947,207401
105310,126404
1772596,484909
2191369,602560
412844,217915
8439,101737
7306,99683
7142,99454
10193,99519
9272,99128
7682,98479
13163,105950
9067,99098
15389,102337
34185,112574
13260,99805
87236,120009
30406,105327
30555,104669
466165,206285
104031,132907
1775374,491064
2174116,614255
417175,223366
7402,101415
7308,99409
7043,98601
9939,99250
9017,99178
7960,99168
13398,101417
9187,100392
15368,101088
34652,107575
13815,100036
86808,121243
31128,105845
30296,97768
461641,206168
103714,125304
1772676,487578
2154526,601042
417026,216077
7889,101252
7694,99060
7338,99621
10120,100179
8985,99879
7469,98269
13007,100772
8654,98202
15254,100529
34468,107393
13715,98811
86813,121365
31063,104248
31109,106106
460820,206479
103714,126494
1770215,507687
2188534,615049
415819,213272
8702,101478
8165,99675
7521,98378
9684,99715
9407,98342
7575,97666
13299,100656
10029,99349
15802,100492
34040,106530
13874,99582
87195,121305
30485,104978
30389,105703
460598,205499
103610,126851
1770095,486502
2179492,609297
416666,216954
8290,100180
7162,99972
7043,100568
9634,100524
8823,99546
7473,98567
13084,101034
9570,98672
15333,106925
34739,107733
18804,100993
92093,120806
30784,105185
30092,105638
465675,205143
103347,128526
1760065,486870
2157674,622588
424227,218748
7626,101249
7687,100315
6750,99129
9803,99667
8701,98737
6976,98271
12493,99240
8915,99126
15159,100445
34452,106638
13200,100187
86595,120681
30394,105270
30581,104832
453144,205630
104388,126569
1770101,491364
2167457,609310
416837,216578
8060,101665
7434,99649
7149,99829
9699,100860
9111,99942
7463,98055
13582,101778
9394,99541
15704,101614
34559,107082
13620,99630
87193,121968
30730,106246
30960,106221
461027,206966
104481,128288
1765907,499131
2184440,613439
417147,218044
8165,100585
7880,99787
6718,99758
9612,100900
9260,100569
7784,100042
13132,101428
9885,99728
15310,102651
34170,107839
13303,99991
86788,121589
30879,105403
30595,105897
456227,207442
104365,127514
1771814,488888
2162836,602633
413605,214933
9399,102777
8138,99851
7170,99224
9405,101013
8913,100090
7141,98684
12727,101126
9173,98860
15042,102661
34502,107418
13330,100265
87163,121851
30867,105855
30698,106561
460908,206760
103262,128084
1763742,485231
2190791,608057
423691,216504
8192,102212
7838,99531
6596,99574
10282,98957
9100,99201
7720,99545
12513,100346
8715,99185
15051,101239
34917,107538
13858,100359
86763,120604
30449,105032
30844,105549
458870,205449
103217,126701
1765899,487821
2170660,602401
417701,218270
8710,101331
7649,99677
6895,99082
9791,100043
9005,99412
7582,98796
12753,100539
9099,99836
15167,100368
34519,107334
13830,99792
87016,120970
30333,105080
30381,105356
460490,205237
103287,126227
1783417,486270
2169830,602279
415006,218170
8043,100212
7399,99933
6736,98436
9736,99406
8842,98927
7187,99126
12640,100893
8756,99149
14976,101216
34642,107654
14087,99396
87403,120932
29904,105860
30352,104877
454097,206424
104104,125800
1760891,485308
2189530,605342
421139,216333
8155,100171
7479,99756
7142,99401
9904,100099
9265,100140
7833,99699
12444,101003
9403,99572
15214,102102
34302,108070
13560,100053
87076,121232
30664,106319
30713,105545
458036,205945
104571,126369
1757215,488029
2174828,606973
416542,216791
8104,100987
7494,99861
6852,100717
9119,99964
14335,99922
7687,97338
13187,100963
8892,99633
14815,100469
34637,106557
13676,99460
86982,122356
30443,105527
30824,105837
460134,213638
104068,126838
1770292,488273
2173208,607858
423178,217930
7992,101525
7063,99661
7132,99511
9565,100105
9463,99663
7643,98827
13304,102271
8682,99086
15393,101504
34696,107442
13510,99711
86450,121668
30958,106052
31134,105875
460648,205282
104133,127290
1770394,488349
2166968,601935
419295,217182
8187,101059
7621,98651
7192,98376
9794,99918
8759,99351
7416,99058
12758,100021
9240,98420
15434,100723
34631,106560
14013,100710
86348,121472
30907,105849
30773,105369
462517,207127
104528,126160
1775237,484251
2181063,612624
419172,216043
8102,100139
7146,98459
6944,98867
10001,99201
9590,98552
7227,97737
12960,100061
9273,98016
15336,101065
34200,106966
13585,99139
87331,121050
30419,105701
31139,105682
459678,206875
104589,127654
1774306,486432
2191295,602519
417562,217434
7900,102131
8398,98524
6977,98412
10002,98856
9872,103569
7664,97557
12748,100423
9363,98312
15058,100856
34277,106499
13132,98950
87626,120936
31045,104890
30650,104479
456592,216080
104614,125959
1774426,486906
2178893,599311
418486,213331
8198,100095
7552,98934
6938,98573
9243,100846
9289,98700
6948,97475
12771,101219
8798,98485
14936,100315
34482,106438
13625,99241
86954,121745
31076,105064
30392,105327
458587,204952
103553,128006
1782739,488779
2192105,600571
412184,219111
8192,102814
7404,101253
7566,99216
9482,99224
8947,98924
7978,97970
13054,100688
9535,100190
15497,101802
34845,107870
13707,99894
87008,121114
31692,105057
30309,105317
459673,206484
104080,126075
1796414,483578
2202736,611377
423750,216892
8613,99853
8554,99039
7502,98083
9614,98476
8350,98426
7138,97283
13476,101059
9084,97771
9972,98556
34875,106610
13709,99190
86959,120887
31941,104786
30090,111809
458737,206539
103515,125822
1775425,485278
2180372,600434
435792,217214
7476,101279
8134,99199
7239,98450
9461,98850
8974,98964
7465,96610
12868,99213
9530,97959
10362,98371
33902,106492
13705,99570
86526,119882
31598,104896
31189,104050
462498,205842
104527,124831
1795911,486427
2172611,595900
418585,213903
8404,100209
8391,98819
7542,98392
9357,98799
9037,97934
7632,97485
13546,99428
9688,97621
15391,100620
34929,106075
13755,99416
87419,120352
30922,105074
29390,104553
455419,205348
103114,125028
1788560,490017
2178402,603752
424269,215941
8776,100224
8046,99692
6437,98770
9840,98901
9179,97669
6961,97761
12932,98423
9384,98633
10322,99355
34186,106457
13532,100089
87715,120516
30988,105811
30403,106214
459473,207215
102982,125783
1772720,499834
2189324,610453
422939,218410
8303,101964
8203,98945
7485,98819
9521,99422
8696,99128
7827,97764
13640,99500
9326,97848
10730,98740
33654,106573
13778,99946
86578,120815
31515,104044
30371,104827
456633,204534
103781,124584
1781670,484295
2177261,608255
418049,217022
8442,101265
8289,98404
7409,98698
9983,98849
8975,99006
7798,98784
13127,100696
9855,99378
15476,101417
35275,106889
14215,100031
87114,121407
31787,105730
30509,105773
460957,207791
103223,126034
1780515,487542
2189070,606404
429185,218022
8187,100248
8099,99543
7312,98061
9508,99497
9260,99196
6711,98429
12653,100889
9419,99060
10408,99566
35265,107349
13405,105182
87354,125082
31342,105840
30037,105103
465444,206448
103726,128219
1774466,486333
2168276,619006
431014,219223
7780,107383
7867,98082
7212,97840
9115,98179
9052,98120
7568,97966
13252,99714
9452,98319
10767,98344
33900,105580
13329,99727
86611,120912
31727,105044
30694,105025
458944,207610
103701,126090
1783022,489028
2167184,610213
421072,216798
7770,100314
7759,98763
7887,98007
9824,99855
8602,97577
7768,97654
12575,99705
9313,97769
14548,101695
34079,105754
13373,98691
86908,120362
31512,105703
29769,105301
459819,205168
103006,127025
1795993,487865
2154846,601349
424494,218411
8544,101118
7618,99281
7038,98779
9273,98933
8651,99071
7321,98212
13623,100134
9834,98459
10501,99598
35009,106974
13659,99596
86449,121001
31269,105483
30189,105521
461183,206667
103320,126359
1792406,490794
2174157,610858
423952,215712
7679,100765
7833,101447
7192,98648
9533,99573
9306,99357
6932,100263
12433,101453
9780,99425
10418,101227
33541,106861
13390,100785
86723,121287
31488,105585
30332,105517
460427,207530
104723,126528
1776914,487677
2179131,605207
416786,214448
9043,99000
8009,99096
7402,97920
9498,99793
8248,98966
7901,98342
12703,100433
9408,99508
16199,100074
34643,107013
13727,99509
87928,120845
32187,105335
29869,105515
459760,206322
103489,126877
1761942,486583
2174855,605282
422313,216217
9043,101160
8086,99501
7218,98727
9377,99523
8645,104024
6664,98452
12648,100226
9497,98877
10142,99201
33823,107558
13414,100359
86298,120269
32387,105256
30433,104972
453318,212589
103195,126709
1770587,490283
2179958,606632
424173,214652
8089,100681
8061,98232
6867,97259
9319,98042
8911,98011
7730,97983
13039,98872
9393,97067
10502,98903
34101,105275
13515,99116
87378,120417
31965,103227
30029,104965
458477,205168
104534,126245
1789954,486713
2163785,608003
419074,214574
8045,101828
8744,99110
7137,100349
10304,99041
8852,98035
8044,97574
12774,100158
10081,98786
15740,101631
34920,106900
14490,100193
87941,121077
31840,104973
30224,105855
462317,206741
103528,125621
1776842,494720
2169792,601671
424227,215752
8181,100097
8580,98627
6533,97951
9467,99815
9026,98700
6911,99094
12816,99597
9299,98903
10181,97893
34232,107534
14431,98119
86593,120602
31865,104244
30414,104870
460805,206157
103137,125826
1779031,487091
2165886,604688
419267,216989
8268,100108
8311,99624
7151,97920
9595,98500
9815,97708
7305,97768
12888,100762
9579,98484
11137,100527
34128,106922
14222,99474
86909,120456
31706,104308
30473,104544
463224,206361
103336,127323
1770426,483647
2170505,616417
427799,216341
7915,108412
8665,99695
7522,98145
10217,99882
8943,98384
8176,97905
13419,99755
10231,99160
15360,100336
35288,106621
14141,99633
87797,118872
32020,104600
30554,105065
463656,205425
104121,124175
1779640,491301
2181716,611103
429432,220073
9003,101914
8950,98636
6568,98771
9577,99956
8822,98430
7021,98775
13060,100950
9637,99315
10768,100109
34588,106542
13680,99278
86944,120013
31809,105052
30266,104285
457598,205389
103281,124442
1776018,501256
2184369,609703
422170,217292
8034,101444
8124,99254
6650,98605
9077,99977
8589,98982
7273,98429
13455,100447
9032,100487
10845,99291
33669,107259
14011,99898
86320,119880
30901,105114
30570,106005
461410,207568
104531,125948
1785579,487086
2180377,608426
417764,215986
8556,102105
8444,100144
7047,99024
9763,99663
8335,98200
7502,98160
12791,99333
9401,99637
15180,101954
34540,106368
14109,100722
87972,120248
32473,105629
30117,104103
463339,203013
104296,116201
1802036,486089
2177802,615399
434154,217656
8122,108616
7941,98049
7019,97709
9391,99139
8960,97956
7090,98355
13284,99731
9392,97810
10308,98690
34635,105610
13479,99605
86704,119404
31531,104124
30358,105062
457256,205695
103307,125964
1785343,489042
2167571,604577
424576,216754
8566,99933
7664,99403
6603,98624
9317,99218
8731,98932
7134,98303
12901,100915
9506,98956
10228,99949
34305,105999
13867,99269
86918,120687
31377,105148
30262,106399
461258,206423
104532,125876
1780366,490751
2193089,605312
418764,216346
7923,101086
8024,98081
7247,98546
9436,99443
8836,97707
7462,98197
12891,98987
9671,98804
15120,100115
35221,106472
13473,99003
86663,120525
31860,104510
30885,95133
461912,206901
103235,124201
1770428,489478
2182267,610183
427087,215725
8454,101081
8779,99230
7179,100084
10001,99195
9005,99125
7212,98727
12729,99714
9472,99026
10414,98960
34641,106444
14286,99096
87485,120539
31694,104885
30670,105316
459502,206255
103446,126059
1801905,490353
2175878,604293
422328,215191
7709,101022
9067,98511
7651,98735
9126,99426
9316,99513
7384,99233
13008,100553
9332,98961
10917,100102
34036,107654
15088,100965
87006,121320
32367,104629
30886,106214
463172,207069
105452,128214
1796324,495931
2193222,600570
418219,216291
8304,101100
7657,100370
6725,99704
9388,99725
8258,99268
6998,98227
12737,101082
9420,99430
15217,102636
34016,106988
13188,100187
87386,121205
31523,105605
29676,105290
459724,205231
103276,126360
1782832,488409
2189368,610588
425546,215549
8223,100788
7759,99279
7021,99121
9568,100622
8462,98974
7530,99151
12787,99639
9498,98737
10283,105082
34774,107137
13040,105273
85593,126677
31223,106416
29963,105461
467048,206562
109525,128656
1789302,486377
2179043,614644
418464,222731
8397,101253
8456,99652
7273,98746
9092,98393
8891,98567
7882,97373
13472,99557
9443,99160
10661,100379
33964,106262
14284,99394
86691,120364
31436,105637
30209,104626
460338,203796
103412,125837
1785916,485501
2177929,602372
417321,215987
7983,101139
7911,100378
7205,98642
9201,99753
8444,97983
7567,99398
13088,99723
9556,99724
15624,101484
34468,107690
13728,100433
87576,121380
32090,106593
30890,105023
461977,206587
104137,124926
1784762,488712
2202100,609968
426454,217522
8010,100003
8046,98810
7082,97872
9300,98653
9010,98145
6983,98087
13321,99412
9146,98790
10088,99711
34556,106498
13250,98787
86590,119451
31520,104907
30191,104424
459411,205943
103919,125735
1769970,487876
2196354,605215
423762,217412
8043,101549
8178,99161
7471,98880
9566,98178
8879,99040
7256,97769
13059,99946
9576,99019
10972,97931
34025,105850
14117,99881
86739,119812
31958,104980
30730,104620
459384,207191
104220,125416
1776397,485322
2189495,603471
418765,215781
8419,101724
7940,98552
6859,97674
9635,98783
8876,97997
7590,97837
12601,98851
9754,103609
15002,99418
34788,110539
13503,98797
86834,119125
31496,104394
30313,104607
463169,204165
102777,130715
1785167,488138
2166020,620195
426988,225751
9123,100039
8550,100108
6759,97616
9443,98985
9094,97755
7456,97650
13358,100199
9541,97964
10298,97953
34517,106168
13522,98623
86153,120299
32091,103701
30269,104727
460386,204181
103368,125517
1770482,488773
2179747,601483
427293,216259
8873,99341
8274,97682
6794,98371
9017,99653
8359,98418
7549,97587
13047,99273
9614,98350
11056,98580
34746,106125
13961,99355
87097,120253
32214,104381
30547,105392
457444,203856
103165,125926
1788995,485018
2162752,612913
417681,214562
8114,100393
8515,99507
7072,97744
10021,99333
8645,98500
7451,98413
12936,99059
10041,99993
14778,100868
34070,107526
13602,99301
86885,120441
31480,106041
29754,105499
460918,206162
105269,126142
1774909,494974
2180122,604563
426633,218113
8482,99509
7793,100526
6764,98960
9463,98986
8146,99014
7103,97624
12673,101131
9424,98654
10272,99207
33623,107497
13355,100073
86179,120718
31450,105677
29849,103986
458612,206123
102693,126043
1767297,487157
2182003,604893
420106,219279
8706,100451
8752,99675
6916,98282
9310,99593
8723,99834
7366,99543
12848,101037
9221,99050
10976,99254
33342,106311
14065,100216
87021,121122
31842,105392
30898,105602
461254,206070
103864,128026
1765618,485506
2187059,599688
416465,217224
9550,101098
8214,100351
7527,99244
9175,99736
8841,105038
7905,98531
12680,99894
9600,99684
15223,100478
34991,107297
13405,99971
87405,121393
31876,106245
29588,105739
457578,213328
102541,125946
1781214,490809
2177592,612576
426069,214454
9340,100548
8605,98940
7201,98101
10017,98906
8518,98140
7410,97665
13135,99359
9808,97938
10892,98277
34788,106525
13839,98421
87210,119814
31072,104319
30465,104270
458757,204969
102802,126169
1782824,488281
2164476,594502
425859,214286
9027,99351
8515,98057
6987,98104
8898,99299
8693,98556
7008,98241
12733,99782
9034,98147
10219,98274
33624,106087
13352,100130
87329,120484
32002,105543
30284,104914
457655,207134
103738,125969
1774533,493941
2190048,616489
418054,214942
8034,100806
7803,99931
7566,98059
9467,99994
8890,99267
7555,98296
13145,100498
9968,99474
15394,102499
35609,107248
14373,99557
88023,121007
32249,104664
30120,104948
460548,206062
103103,126551
1793931,492694
2189961,604112
423977,217127
8491,100051
8055,98877
7174,99293
9328,99088
9048,99236
6932,98461
12483,100750
9736,98952
10309,98938
34380,106616
13642,101266
87935,120572
31423,105185
30335,105521
459355,206069
103454,127687
1764966,479026
2170575,591306
418883,207655
8634,101763
8230,98900
7031,98630
9006,98822
8783,103507
7528,97624
13269,99512
9548,98935
10837,98918
33980,106632
14391,99049
86882,121505
31125,104904
31068,105286
457219,215243
104141,126297
1777384,486327
2177498,610267
417464,216138
8472,101351
8176,100419
7157,98888
9358,100954
8832,98747
7727,97955
12636,100526
9498,99203
14504,100456
34050,107390
13436,100243
87037,121140
31616,106043
29720,104150
462273,206572
102738,125270
1786975,489159
2163310,603116
425178,217504
9093,99802
7903,99223
6758,98293
9330,99494
8656,98018
7317,97918
13262,99886
9413,98006
10591,98658
34122,106257
13639,100269
86937,119214
32116,103997
30345,105266
459844,205419
103594,126435
1775437,490806
2170883,603470
423537,216655
8400,100377
9071,98558
7751,98533
9389,99068
8784,99449
7365,97976
12278,99900
9374,99437
10264,99877
34031,106546
14108,100412
87852,120672
32047,105599
30104,105119
461462,204742
103780,126356
1778986,484498
2176557,602628
416973,214256
9068,100866
7967,99496
7311,98793
9158,101167
9552,97703
7886,97669
13399,100176
10463,99472
14910,101000
40740,107057
13530,100094
87269,120717
31553,111176
29811,105327
465513,204768
103048,133837
1778893,484957
2165671,620950
426433,223825
8894,100024
8828,97771
7100,98671
9893,99182
8732,98244
7440,98117
12899,99300
9364,97673
10159,99445
34988,105958
13671,98368
86502,119550
31184,105361
29716,104511
459155,205625
103349,126147
1778223,488132
2171029,600708
423516,215619
8259,99568
8683,98604
7209,97565
8951,98470
9003,97681
7559,97565
13161,101215
9512,98167
11050,99088
34372,106626
14619,100123
86939,120775
31437,105389
30945,104892
459816,204619
103528,126212
1784376,499644
2188857,609370
415818,215941
9128,101991
8073,98972
7494,98748
9450,98657
9100,98749
7360,97857
12814,99407
10247,99699
15958,100945
35311,107089
13928,99805
87781,120240
31565,105815
29653,105786
457909,205721
103459,127162
1789662,486790
2184775,603585
423879,219120
8532,102944
8517,100561
7475,100169
10338,101488
8725,99885
7779,99035
12763,101144
9148,100350
10237,99830
34732,108102
13185,105126
86700,128102
31163,105910
30106,106264
469128,207360
108946,127694
1783800,485277
2173430,608384
423381,225419
8321,100901
8939,99804
7384,98359
9738,99942
9157,100015
7294,98900
13233,100818
9404,98234
10601,99555
34395,107088
13761,100982
87022,120117
31971,106204
30537,104629
461654,207547
103370,125354
1797617,492982
2177988,605693
417698,217484
8133,100970
8624,99569
7569,99599
9960,99490
8801,98925
7636,97939
13522,99853
9481,99276
14669,101494
33928,107016
13767,100143
88206,119557
31930,105010
29832,104608
457375,206564
103485,124773
1790937,499825
2181866,607354
423073,216505
9032,98382
8259,98426
6969,97886
9331,98893
9564,97691
6801,97653
13172,100427
9327,98506
10004,99591
33855,108470
13521,99719
87829,120813
31431,105133
30455,105367
457521,207647
103070,126401
1783428,486053
2194343,605704
422996,214901
8148,100625
7472,100453
7001,99012
9041,99871
8458,99522
7339,103591
12563,105676
9510,105773
10370,98581
34046,106234
13869,100055
86064,119798
32176,104962
30093,106674
463591,206871
104461,127933
1804395,491472
2175068,621199
416664,216273
8126,101366
7736,99151
7244,98986
9306,98980
8575,97682
7708,97271
12535,99858
9886,97768
15318,100619
34801,106789
14135,99342
87944,119805
31413,104552
29968,104215
463913,205471
102604,126179
1788220,489008
2176588,598089
424973,218175
9111,100926
8197,99163
7425,98350
9820,99603
8381,98908
7653,98417
13396,99978
9444,97978
16922,100979
29877,105095
13831,98849
87592,120925
31171,104758
31751,105774
461735,206297
104895,125509
1779668,484920
2182330,602661
415756,215751
8245,100913
6919,100344
7751,99934
9864,99161
9148,98748
7825,98147
12998,101453
9490,98320
15541,102173
35156,106448
13724,100812
87057,122184
30458,106028
30650,105490
459709,204304
104297,128140
1779988,485308
2182038,609521
419988,215007
7868,100888
7288,99007
6944,98439
9766,99502
9050,98420
7479,97803
12908,99437
9050,98430
15006,100971
33988,105988
12927,98816
87482,121152
30317,104996
30219,103902
463075,204583
105610,125238
1786453,488598
2189485,603922
416855,217588
7952,100887
7699,98571
7258,98512
10214,99203
9652,98278
7391,99018
12904,99901
9052,98688
15077,100457
34724,106509
13375,99787
86308,121533
30225,104877
30591,105700
458734,206096
104882,125997
1778455,502003
2178620,596716
416097,215410
7874,100414
7421,97480
7138,98442
9550,99265
8786,98575
7019,97400
12226,99845
9180,98423
15049,100869
33986,106282
13373,100053
86062,120564
30061,105782
30145,105107
459900,206732
103636,126615
1781183,484614
2187121,605205
419048,216263
8854,101557
7956,99437
7347,99500
9466,100217
8624,99214
7379,97836
12654,102037
8898,99001
15104,100542
34116,107366
13475,104471
87470,127761
30965,112247
30886,104719
462387,205554
103294,132469
1783213,484629
2176048,614508
418050,224232
7774,100107
7596,98965
7355,98263
9438,99569
9003,99140
7669,98534
12938,99983
9030,98692
14927,101087
34523,106146
13204,99499
87006,121064
30496,105107
30964,104578
459745,205325
104252,125736
1784275,487121
2186835,607257
420400,215271
8544,102144
8095,99742
6907,99044
9698,99949
9228,99433
7557,97281
12965,100099
9303,98374
15658,101427
34361,107501
13390,100110
86917,122684
30881,105194
30494,105711
461196,205176
103911,127604
1770524,487080
2188123,607540
418693,216575
8695,100693
8012,98724
7005,99966
10000,99576
8979,99293
7738,100135
12352,100564
9396,99508
14816,100687
34839,107037
13550,99411
87201,120995
30654,105623
30888,105957
460446,204935
104974,126322
1789185,486900
2187401,603834
416261,218341
8589,99576
7930,98397
6929,99513
9230,99848
8887,104936
7998,98333
13234,100735
8852,98869
15453,101044
34566,105865
13417,99064
87112,121259
31209,105181
30516,104143
459264,206985
103819,127005
1784749,488602
2188952,606951
419164,212957
7757,100340
8273,98242
6792,97652
9781,98876
8741,98148
7226,97893
12969,98828
9503,98553
15058,100754
35098,105688
13366,99500
86550,119964
30991,104744
30689,104055
459579,205457
104875,126661
1783429,497599
2183108,600905
420504,214628
8823,99452
7883,98100
6526,97813
9400,98526
8597,98670
7116,97196
13075,99872
8794,97947
15198,100208
33939,106425
13749,99829
86962,120842
29870,104835
30273,105170
460929,205595
103232,126507
1776644,491674
2197786,607994
415671,214702
8107,100676
7571,99897
7669,99301
10430,99135
9150,98269
7771,97852
13409,100061
9489,98968
15176,107094
34954,107681
13210,100497
93410,121830
30990,105367
30392,104948
468623,206795
103651,127739
1773855,486543
2182545,614432
427421,217524
8491,101456
8190,98852
7044,99794
9405,99930
9129,98626
7021,97328
12693,99274
8800,97895
15246,100780
34374,106434
13149,99326
86647,121238
30158,105452
30262,105062
460602,204343
103859,127189
1786499,495140
2181702,605572
417456,215531
8129,99930
7839,99522
6770,99100
9616,100223
9200,99056
7292,97201
13147,100296
9607,98737
15096,101003
34405,106858
13080,99831
87251,121240
30291,105707
30495,106317
458855,207106
103817,126701
1769980,485572
2195734,600523
413906,214402
9049,99648
7499,98803
7051,99013
9778,99633
8741,99071
6892,98215
12594,101066
9465,98646
15260,100836
34301,99437
13369,100070
86513,121756
30432,105027
30549,105705
456882,205303
103660,127286
1781215,479484
2192465,602326
417155,207077
7763,101683
7001,99552
7157,99154
9529,100238
8930,99657
7304,99564
13038,99775
9321,99635
15279,101543
34483,106903
13713,100139
87082,120910
30740,107088
30516,105765
460370,214877
103565,126860
1783174,492574
2167171,598450
418092,215013
8158,101666
7587,99383
6862,99214
10080,100406
8975,99772
6914,97873
12885,100660
8793,100694
15655,102030
34385,107383
13058,99526
87354,121836
30404,106466
30803,105368
458285,206194
103979,125998
1781923,496448
2200358,603538
421233,217175
9043,100619
7590,99109
6703,98926
9996,100252
9463,99161
7414,98642
12480,100597
8410,98769
15160,101636
34382,107816
13389,100200
86999,121145
30776,105169
30586,106103
465444,207331
104350,126257
1786192,485634
2173977,607190
418875,216019
8731,100533
7743,99673
7302,99351
9979,100183
8979,99227
7091,99128
12632,100520
9290,98805
15052,107356
33892,108345
18193,101321
86766,128094
30722,105874
30778,105706
470945,206115
112813,127195
1779214,486941
2169343,630601
418046,222740
8186,102005
7673,99845
6789,99325
9709,100643
8911,99732
7062,98213
13124,100781
8885,98585
14972,101460
33988,106927
13212,100794
86791,120270
30683,105338
30484,105914
459555,207034
104041,126122
1780205,489773
2192505,606729
420006,216215
8350,99523
8062,98156
6954,98762
9758,99534
9030,99426
7779,98741
13128,100383
9196,98308
15519,101372
34559,106544
13379,99947
86969,121213
30183,104745
30829,105033
460685,205307
103256,126676
1776319,486914
2198058,611308
418250,215809
8351,100280
7978,98575
7140,98957
9766,100416
9150,99205
7866,99436
12687,102290
9169,99832
15399,101544
34681,107956
13513,99639
86461,121046
30743,106649
30560,105498
460615,206913
104002,126185
1766729,487135
2190286,611400
423386,218140
8491,102601
7855,99778
7365,99371
9158,105064
8847,100359
7152,102563
13163,105683
9165,103136
15231,100792
34549,111973
13425,92409
87728,120702
30026,111657
30300,104881
465906,206906
110524,126373
1774980,489182
2170208,617685
421809,224117
8668,102178
7321,99634
6887,99162
10108,99870
9216,99972
7215,97670
13373,100436
8727,99464
15161,101175
34908,107291
13860,100854
87081,121212
30412,105522
30421,105746
462236,208014
103443,126531
1775812,496746
2196957,604033
421371,215918
8227,101392
8155,98061
6917,99084
9327,99426
8753,98320
7579,97698
13010,100301
9744,99658
15234,101065
34310,106775
13410,99093
87366,121292
30516,105206
30684,104823
460139,204355
104131,126588
1780180,491536
2170134,606530
424013,217060
8146,99118
7462,99080
6890,99146
9530,98945
9800,98711
8007,97983
13168,100741
8949,99293
15464,102570
34969,106714
14546,100690
86980,121910
31824,105160
30694,105610
458492,207009
103322,125985
1765601,500286
2185391,610048
415820,216207
8846,100169
7738,99579
7608,98638
9585,99712
8938,100267
7629,98698
13026,100585
8844,100234
15634,101326
34578,107737
13562,100569
86666,121519
30114,105772
30427,105089
458897,205021
104132,125458
1769880,493447
2184912,604184
416530,218951
8335,101465
7791,99626
6964,99052
9578,99677
8920,99147
7366,97794
13118,101284
9388,99601
15415,102138
34075,107160
13475,100151
87832,120373
30326,107161
31145,106250
456150,206232
103878,126517
1762440,491665
2185544,608705
417166,215060
8926,101283
7479,98731
7190,99028
9416,104778
9554,100416
7265,103117
13018,106332
9334,98875
15669,102169
41431,107403
13170,98724
87599,120322
30234,110744
30632,98840
466072,207126
110409,126769
1771685,486701
2170668,610498
418314,223624
8508,100765
7426,97792
7580,98914
10065,98926
8844,99180
7535,98049
13316,99776
8920,98143
15403,100576
34010,106054
13820,98863
87085,119911
30610,104402
30938,104667
458306,204847
103841,124301
1767143,490326
2165864,611541
417081,215312
8946,100217
8523,99648
7318,98364
10141,99644
9676,98935
7205,97559
12828,100107
8855,98850
15879,100963
34614,106663
13875,98503
87343,120510
30739,105669
30867,104818
456572,205853
103681,125902
1781949,491002
2163484,596321
420002,219506
7998,101730
7806,98824
7104,99365
10553,100131
9736,99893
8068,97423
12612,100305
9410,99590
15683,102303
34772,106912
13128,99877
87209,121076
31253,105262
31053,104921
461461,206781
104707,125356
1765501,498754
2182595,605911
418172,214227
8343,99983
7192,97794
7519,99288
9247,98270
8944,99604
7461,97751
13036,99176
8874,97954
15315,100444
34258,105619
13499,99418
87008,120809
30724,104566
30702,104696
458349,205616
103545,127380
1767626,485737
2179457,608314
418814,214645
9297,100798
8019,99321
7035,99079
9442,100019
8948,98339
7875,97931
12490,100300
9087,99477
15022,100864
34576,107171
13773,99370
87298,121322
31168,105987
30929,105134
457535,204565
103866,126153
1763370,491518
2188119,605713
417297,215469
8593,100493
7180,98073
7320,99404
9581,104900
9730,99413
7227,102955
13052,104749
8577,98783
15237,100939
34400,113020
13475,99063
86870,120329
30866,110167
30421,104357
467528,207975
103407,131498
1755703,482682
2166281,622570
415187,223292
7771,101613
7727,99242
6428,98288
9327,99454
8560,97733
7421,98359
13216,100097
9150,99189
14880,100582
34557,106513
13504,98773
87076,121861
30909,105087
30811,105336
455942,205408
104391,127017
1774137,484790
2177724,602428
418644,215771
8644,100358
7808,98619
7709,98256
9680,98804
9112,99279
7844,98186
12606,99848
8845,99082
15250,101134
34517,106861
13353,99776
86856,121287
30638,105036
31109,105645
456595,206220
103983,127288
1769253,499816
2185383,602248
422086,216793
9028,99394
7659,98223
7673,98056
10048,99285
9472,98076
7344,97627
13153,100651
8880,99130
15670,100421
34366,107772
13306,100802
87633,121384
30593,105728
31281,104484
458323,206173
105379,126232
1775915,488757
2179392,608207
419899,216646
8380,99668
7784,98528
6503,98995
9430,98811
8544,99538
7519,97085
12922,100040
8952,97703
15112,101069
34306,106332
14014,99377
86580,120539
30593,104762
30362,104872
460884,205971
105046,126503
1759819,483927
2172573,611848
416795,215432
8654,100322
7508,98691
7154,98521
9721,98727
9019,98819
7383,98204
13084,99700
9197,97451
15124,101155
34213,105539
13591,99349
86579,119802
30216,104560
30775,104336
464092,206626
102768,125333
1776835,483968
2182298,611684
418652,215175
8260,100491
7516,97712
7088,97544
9751,98718
8865,97952
7931,97066
12890,99296
8689,98473
15531,100266
34935,106015
13481,100697
87831,120654
31286,104120
30821,104196
458107,204893
104357,124670
1768794,488712
2169763,602585
416911,214380
8125,100577
7738,99523
7093,99270
9244,99203
9237,98710
7130,98350
12825,100464
8980,98977
15214,100816
34450,106092
13559,100540
86778,121204
31801,104110
30727,105374
457219,207053
104969,127297
1780563,509651
2182475,614103
420566,215699
8619,101568
8252,99564
7336,101129
9698,101371
8647,99216
6818,98159
12371,100423
8955,98582
9826,99868
33973,107284
13605,100027
86621,120097
30786,104697
29766,105842
456603,206358
103463,126607
1775053,488168
2194833,610501
421198,216238
7778,100438
7933,98721
6967,98305
9106,98783
8675,98653
7399,98799
12320,99615
8882,99071
10030,98822
33542,107208
13372,100739
86515,120678
31693,104894
30531,105199
460135,206450
104140,127291
1767328,487146
2187930,605086
422714,219950
8383,100101
8574,100314
7769,100015
10048,99077
8645,98885
7662,98716
12954,100115
9303,100124
15038,101293
34795,107089
13654,99682
88993,120327
31555,105739
29999,104903
458527,204484
102506,126472
1782942,486033
2166624,605596
427473,216557
8235,100093
8462,98810
6854,97937
9139,99589
8404,97798
6827,98399
12605,99644
9421,98363
10527,98709
34873,106701
13518,98790
86686,120409
30973,105015
30205,104661
463101,206533
103823,126676
1787764,491088
2164337,607095
423199,216765
9339,99831
8439,99574
7042,97919
9420,98936
8577,98581
7317,96996
12399,99217
9368,97798
10810,98847
34010,106718
13856,99840
86438,119119
31557,104774
30236,95579
460509,206237
104437,127015
1777990,485249
2188647,611120
417829,215280
8573,100306
8187,101254
7700,99065
10098,99670
8583,99347
7936,98783
13398,99950
9571,99886
15565,100401
34659,106659
13662,100960
87099,120694
31599,104838
30543,104742
457712,206251
104175,125761
1776261,486928
2193909,604055
424720,216997
9270,101126
8855,100285
7300,98679
9823,100240
8954,99949
6876,98187
12803,101561
9743,99001
10326,99980
34656,107036
13452,99505
87526,120202
31699,113159
30394,105419
464712,206751
108929,126578
1778312,493980
2180565,616677
422682,224703
8040,100816
8547,98918
7361,98350
9056,99164
9190,98979
7431,98449
13083,99486
9451,98888
10172,99300
33653,106196
13449,99900
86100,120377
31464,103917
31039,105751
459448,206421
104024,126911
1778183,488059
2168337,610816
419702,217555
8954,101113
8325,98689
7743,98954
9810,101035
8680,99206
7839,99140
12652,100693
9727,99012
15769,101002
34070,105790
13702,99408
87767,121002
31827,105804
30272,105605
459583,206528
102786,126853
1774846,498994
2179257,605626
425942,214130
8368,101549
8270,98650
7233,98387
9543,98842
9111,98602
6778,99028
12471,99922
9332,98452
10145,99154
34668,106676
14291,99860
86967,120549
31629,104615
30299,105414
457689,205432
103692,128289
1768347,485733
2184902,600527
421842,216951
7934,100599
8211,99888
7327,100371
9368,100062
8895,99086
7477,99629
13326,100334
9412,99361
10821,100944
33949,107160
14024,101857
87375,122667
32052,105872
30342,110627
460851,205335
104346,126557
1760800,487932
2189245,612022
428267,216955
8171,102164
8428,105143
6986,103944
8977,99178
8632,98572
7654,98492
12409,99961
9352,98171
15196,100307
34267,106348
13574,99535
87728,120745
32013,105390
30126,104300
459496,206482
102998,125296
1785868,486323
2155512,605480
427087,216736
8309,100800
8311,98802
6782,99142
9392,98771
8702,98088
7361,97215
12379,99299
9035,98704
9919,98898
34310,107053
13179,98591
86641,118962
31420,104069
30206,103762
458230,204883
102405,125761
1765561,492953
2192499,607380
425380,217229
8159,101537
8441,98242
7127,98482
9670,99260
9192,98759
7460,97557
12849,99810
9449,98795
11073,99789
34424,106133
14402,99538
87711,120049
31577,104555
30585,104416
460181,206724
104624,126282
1779490,487478
2179884,606228
417672,218539
8157,100980
8004,99347
7596,99637
9533,99933
8622,98439
8158,99047
12923,101437
10050,98097
15686,100896
35379,107106
14216,99875
87266,119906
31836,105784
35337,104297
463581,205776
103965,127275
1772143,485249
2181725,606560
432562,217756
9451,101599
8420,99458
6800,99952
9402,99178
9085,98664
6908,97857
13150,100365
9775,98674
10304,98583
35190,106642
13783,99296
87708,119702
31405,104961
30548,104684
456968,205722
103090,126449
1790675,487085
2165664,607076
422888,214965
8133,99900
8351,97586
7067,97743
9585,99344
8922,98752
7619,97013
13108,99553
9350,98106
11541,98475
34167,106123
13855,99495
86522,119404
31605,105015
30670,104452
460011,205331
103515,124837
1789422,488261
2162107,601961
417509,215966
7990,100825
7874,99129
7045,99585
9556,100212
8799,98558
7772,98249
12785,100234
10186,99469
15513,100997
34509,106808
14305,99129
87637,120861
31386,105594
30486,106215
463632,204660
104569,126129
1779289,494840
2183342,604517
428767,216055
8786,99729
8266,99120
7269,99334
10043,100185
8768,99462
8044,99158
12761,100731
9841,99659
10837,99665
34303,106395
14093,100329
86879,119828
31686,105108
30209,106906
458903,206346
103115,125839
1777973,488706
2184401,607170
422109,218469
8232,101187
7990,100253
7406,98835
9380,99452
8913,98612
7510,98562
12725,105392
9769,99310
10435,99046
34249,112203
13696,100407
86073,120091
31471,104707
30133,103809
468040,207022
103650,131676
1786781,487051
2154049,617667
418934,224643
7820,100686
8274,99618
7591,98851
9588,100008
8780,97844
7507,97584
12666,99415
9701,98633
14855,100610
34796,106099
13391,98831
88154,119672
31812,104565
29749,105120
459205,206053
103503,126276
1790053,484763
2166941,601927
425392,217392
8919,101748
8548,99877
7072,98470
9163,100021
8372,98340
7219,97936
13207,100150
9301,98549
10134,99255
34910,106774
13567,99377
86877,120720
31359,105486
30465,104587
461550,207156
103811,125969
1777259,500707
2179561,606509
423053,218258
8090,100921
8337,100039
6855,98655
9385,100057
8739,98356
7934,98238
13051,100693
9300,98214
10271,100015
33851,105910
14279,100333
86909,122139
31400,103737
30415,104883
460005,205481
104406,125845
1785494,485757
2192950,602807
420349,216488
8488,101289
7986,99570
7471,99384
9874,99936
9073,98867
7471,99065
12238,100552
9822,99371
15378,98301
34540,106788
13859,104916
87790,127523
32314,104085
29923,104861
467379,204803
103167,127144
1785405,483219
2159774,612381
431432,216797
8186,100908
8497,98835
7109,99046
9809,99194
8680,98329
6840,96958
12731,100064
9653,97834
10451,98336
34567,107542
13614,99577
87811,120798
31761,105288
30568,105893
463922,205775
102914,127079
1781450,489672
2169398,603737
420966,215961
8244,101136
8205,98412
6694,98059
8776,98965
9115,99547
7272,98563
13491,99063
9415,97616
10363,98237
34274,107268
14335,99512
86484,120431
31366,104360
30433,104290
462609,205031
103704,124995
1794691,497917
2191504,601144
416753,218319
8552,101410
8242,99506
7126,98583
10185,98663
8011,98113
7369,98005
12752,100110
9715,98987
15206,101966
35234,106703
13526,100185
87632,120486
31541,105755
29071,105713
491286,205363
103989,126910
1789180,489849
2185964,606477
424527,216803
8869,101256
8733,100575
7198,98308
9518,100709
8414,98428
6906,98883
13201,100474
9266,99248
10762,99909
34373,107629
13386,99193
86483,119621
30998,105289
30385,105647
463135,206410
103829,128085
1767619,490808
2190495,601827
424149,216915
7796,100468
8556,99556
6503,99212
9551,99375
8403,97690
7378,97431
13419,99698
9434,99305
10696,100702
34306,106130
13575,99952
86774,119708
31805,105402
30587,104584
461723,204470
104389,126533
1787339,486419
2178783,605699
417545,215948
8512,101772
7954,98986
7524,98483
9604,99177
8574,98882
7264,98658
12724,98976
10080,98265
15231,100358
34691,106053
14190,98472
88017,120385
32492,104975
30800,105220
459818,206786
104153,126800
1782797,488296
2162071,598596
424470,216734
8181,98983
9041,99064
6648,97684
9869,99372
9244,99054
7094,99500
13248,100253
9598,100464
10341,100051
34378,107125
13624,100008
86796,121382
31703,105052
30470,104988
459170,206027
103227,125770
1772688,492167
2192835,607499
423194,216545
8240,100992
7922,99422
7314,98456
8948,98545
9278,98380
7332,98704
13083,100845
8970,99003
10627,98493
33543,106318
14067,99987
86457,119292
31364,105380
30679,104502
461087,205779
104000,128371
1786626,491828
2161107,607885
422459,220193
8053,102281
8076,100877
7399,99452
9726,100520
8197,99291
7051,104544
13236,105746
10038,100231
14972,100287
34908,112852
13010,100660
87293,119985
32437,104814
30071,105057
470207,207467
103027,132856
1801296,486587
2182313,609968
424331,227677
8287,101466
8484,99671
6729,97675
9422,99336
8789,98582
7561,97727
13017,101106
9530,98825
10692,99332
34539,107323
13785,100551
86894,119694
31588,105453
30285,105077
461116,205463
104443,126100
1788700,490475
2175856,604289
422471,218289
8198,100640
8126,99226
6778,98593
8999,99029
9809,99227
7211,99174
12580,100226
9252,99111
11046,99218
34474,105423
13838,99879
86782,120193
31448,105478
30590,105351
457965,207044
103876,126249
1794887,490153
2192666,608348
418449,216879
8493,100837
7819,100144
7379,98669
9090,100560
8672,99054
7548,98570
12413,100687
9656,99769
14899,100982
35134,107986
13345,99807
87139,120773
31477,105724
30049,105142
460079,206879
103820,126219
1783174,483464
2180304,598417
427082,219225
8989,99019
8541,100077
6831,99905
9074,104979
9178,99218
6935,98232
13830,100003
9829,97783
10616,99125
35085,106563
13509,100170
86871,121124
31278,104570
29865,104439
460264,211062
104353,126632
1788533,488477
2187968,601540
422600,220252
8319,100611
8429,99185
6800,98656
9140,99728
8786,98537
7176,98146
12734,99640
9088,99637
10405,100025
34139,107115
14135,99835
87159,120818
31080,105529
30539,105007
458593,206119
103324,126941
1807790,494620
2186926,602608
417500,217166
9023,100907
8327,99984
8029,98408
10172,99247
9166,98364
7400,97726
13215,100325
9425,99565
15623,100075
35056,105977
13754,99865
87786,121025
31867,104708
30136,105471
458810,206130
102787,126028
1792075,484524
2204444,603571
422957,218051
8738,100485
8678,99174
7136,98540
9187,99534
8761,99496
7949,98373
13779,100794
9730,98718
10786,98842
34207,107546
14163,99714
86579,120807
31506,105324
30144,106180
464108,207562
103974,125589
1780128,486618
2185680,604854
422337,217173
7932,101821
8434,100605
7055,99177
9053,99049
8697,103703
7023,97326
12885,99532
9082,98627
10734,99385
33521,106494
14044,99539
87200,119874
31530,104739
30378,104728
457108,206102
104373,125373
1795952,491080
2166571,603975
417904,216801
8212,100265
8268,98630
7320,98266
9567,100227
8542,98920
7403,98480
12575,100416
9863,99210
15286,100999
34220,106265
13817,100629
86922,120524
32044,105270
30038,105075
462784,205554
103222,125302
1788684,495388
2174881,602798
425325,217243
8628,99725
7939,98625
7092,99317
9343,99120
9400,98776
7153,98224
13249,100578
9605,98876
10093,100545
33870,107084
13474,99545
86582,120173
30842,105616
30426,105194
458983,207579
102939,126444
1785220,484449
2188093,605814
425584,216255
8229,101187
8437,99914
6929,98438
9056,99630
8747,98815
7518,98248
12734,99936
9444,98646
10282,93121
34229,107581
13252,99979
86405,121589
31904,106177
30392,110894
461728,206920
103631,126983
1781387,489762
2169530,611528
433396,217309
8108,107486
7628,98921
7376,98918
9403,99440
8172,98091
7547,97200
12551,99897
9821,99480
15500,100202
34473,106920
14153,99571
87569,119905
31893,105627
30204,104189
461959,206061
103708,126031
1789894,486888
2176977,604391
424576,219642
8471,101654
8776,98648
6933,97885
9965,100135
8806,98722
6977,98005
12564,100119
9575,98850
10030,100389
33927,106438
13907,99579
87567,120317
31109,105200
30176,104731
459764,207309
102975,125638
1793412,502338
2202723,610654
422980,217452
7844,99076
8133,99859
7040,98485
8947,99234
8627,100151
7600,98984
12112,100451
8858,99326
10667,100565
34163,107113
13186,100011
86921,120929
31704,104977
30212,105772
464842,206540
104493,126054
1786257,485545
2190266,607884
418712,216858
8329,100352
8381,97804
7894,98988
10045,98126
8668,98381
7815,98641
13097,100159
9376,99259
15036,100726
34643,106956
13904,99552
87825,120167
32219,106273
29745,111670
460138,206635
102925,125852
1786172,487058
2193233,603447
434870,218888
8948,100847
7890,105223
7229,103342
9548,99021
8719,98486
7340,97644
12992,100168
9315,98645
9973,99872
34694,106798
13350,99540
88004,119935
31300,105026
30041,105421
459436,206256
103796,125877
1802513,490369
2188916,608589
423430,216397
8177,101465
8599,100183
7694,98710
8817,98427
8799,98433
7503,98716
12737,100043
9219,99626
10713,99084
34093,105882
14023,100234
87631,120590
31067,105079
30464,105260
461123,205151
103567,127350
1789155,499252
2190334,605023
418687,218282
9356,100739
8317,99991
7768,99118
10091,100839
8982,98757
7865,98055
12705,99917
9629,98429
15207,101005
34698,106425
14039,100450
87833,121718
31848,105918
30368,105532
459501,206151
103560,128230
1792812,486917
2195430,601758
424492,215549
8091,101664
8156,98451
6387,98842
9254,100706
8289,98903
7315,98518
12946,99932
10031,97830
10081,104484
34528,107064
13883,104802
87579,124876
31578,104646
30264,105512
468679,206827
109575,126306
1783533,485538
2179542,620020
425051,224070
8129,101616
8746,100054
7345,97930
9555,99670
9094,99675
7757,98786
13826,100097
9670,99023
10582,99497
34201,107299
13517,100771
86079,121222
31446,105004
29852,104908
461153,205818
103159,126428
1790763,493938
2173895,610705
417025,215609
8267,101155
8168,100572
7332,97926
9687,99363
9338,98652
7637,97806
12708,98635
9777,98769
15533,101537
34904,106201
14091,99999
88341,120285
31829,105385
29754,106528
461447,206643
103336,125880
1788885,487295
2203926,605881
424218,218454
8742,100570
7993,99509
7293,98564
9917,99563
9205,99084
7129,98778
13158,100157
9161,98727
9891,99644
34449,106686
13695,99751
86620,120578
30776,104690
30333,105188
458225,207405
103281,127423
1773732,491428
2181807,607453
423124,216608
7959,101626
8242,99416
6913,99076
9004,99963
9256,99928
6913,105733
13347,105523
9770,104851
11094,99524
34382,106996
13879,100896
86366,120806
31727,105007
30248,104902
460195,212832
103989,126330
1784956,490161
2168852,604099
415843,216069
8281,102148
8006,100169
7199,98637
9375,99212
8901,98618
7593,97546
12810,99762
10025,98829
15066,100995
34668,105991
13710,100641
88577,119460
32055,105157
29998,104650
458972,207587
103561,125360
1790174,486088
2180158,597219
423751,214493
9268,100408
7978,99735
6762,97979
9104,99467
8594,98822
7089,98704
12696,100049
9436,98239
16495,101501
29880,105317
13488,99849
87447,121675
30403,105254
31768,105589
462188,206456
103478,126142
1780342,488623
2184160,607839
418101,217526
8942,101144
7556,99543
7273,99461
9913,100471
8843,99381
7712,98775
13091,100635
9289,99577
15845,101902
34815,106512
13851,99765
88682,121050
31123,105653
36989,106164
464583,206453
104694,126613
1778303,488111
2188637,606284
430825,218220
8673,104349
6968,104491
6900,105994
9471,100145
8936,99425
7752,99322
12927,100608
8968,99252
15078,100927
34861,107181
13692,99475
86940,120040
30431,105026
31027,105351
461673,206513
103742,126267
1790358,490421
2187086,609633
420284,215817
9078,101299
7782,100331
7536,99333
10108,99965
9303,99246
7254,98434
12659,100592
9298,98979
15356,101656
34916,106096
13288,100311
87242,121051
30700,105352
30644,104572
460019,206399
104408,126656
1780834,498952
2198336,608144
416899,216005
8261,101923
7637,98677
7159,98709
9847,100453
8785,99340
7468,98617
12610,100517
8749,98744
14857,101935
34141,106956
13917,100384
87539,121566
30658,105296
30407,105442
456905,206045
103784,128552
1774525,491221
2199840,609393
413408,215654
8850,100900
7041,98617
6874,97937
9244,99953
9094,99401
7410,97793
12438,100057
9439,98300
15237,105959
34152,101171
19249,99788
87153,127788
30808,105860
30440,104529
467976,207189
103828,127422
1790424,491898
2181902,618257
427100,216377
8245,100009
8153,99629
7312,99078
9589,99480
9463,98596
7200,98300
12331,99772
9086,99142
15007,101115
34610,107004
13738,99129
87051,121020
30951,104384
30752,105230
457609,206448
104278,125931
1789798,488161
2177888,605985
418304,216337
8233,100003
7796,98784
7320,98807
9318,99804
8845,99236
7663,97527
13389,100220
9332,98716
15256,101862
34700,107582
13513,100486
86917,121942
30571,104634
31070,104629
461541,206601
105313,126308
1777224,490177
2173984,604655
420084,214416
8596,100909
8460,99090
6989,99447
9572,100243
8771,98967
7469,97559
12891,99562
8824,99571
15922,101235
33964,106772
13309,100532
86947,120583
30414,105070
30839,106329
457102,207297
103785,126924
1780082,489022
2181652,600585
415026,216626
8334,101302
7279,98590
7021,100212
9618,98465
8883,103821
7195,97864
13333,100897
9108,98116
15236,101572
35091,107074
13471,99944
87428,121340
31087,104699
31094,104759
455355,204730
104245,126799
1786005,487247
2169212,602317
415357,213897
8138,100890
7646,99077
6946,98544
9538,99702
9652,98122
7650,98168
13032,100777
8867,99052
15566,101144
34118,107460
14175,100261
87049,121570
30238,104791
30435,105595
461057,206789
104852,126956
1785783,494961
2181391,613434
422630,216881
7907,101122
7392,99105
7270,99770
9737,100771
8718,99513
7201,98823
12269,99922
9205,100167
15760,101596
33893,108162
13718,100468
86466,120578
30891,105872
30472,105400
458033,207222
103819,125873
1794133,487991
2173284,604094
417827,216223
7893,101325
7182,99420
6945,99388
10063,100679
9299,98802
7491,98875
12998,100926
9089,99438
15344,101585
33793,107260
13753,100729
87622,121386
31176,106572
31015,112271
458377,205644
104859,126991
1766312,490104
2186607,605558
429274,215463
8388,100498
7272,98807
6936,99545
9400,98912
8848,98343
7046,97487
12297,100170
8907,99730
15431,100847
34614,106177
13719,99672
87189,121234
30326,104445
30463,104563
460134,213725
103796,125226
1773377,486809
2175145,604397
416687,215794
9393,102231
8015,99197
6893,98605
9526,99702
9307,99985
7814,97858
12888,100541
8852,99697
15056,101530
34364,106951
13267,101203
87064,121270
30362,106249
30919,105579
456749,207223
105304,126784
1772933,486617
2180026,601746
423040,215020
8227,100546
8152,97928
7597,98412
9978,99229
9271,99372
7710,97945
12869,99469
9263,98985
15401,100564
34811,106014
13465,100343
86544,112710
30803,103772
30500,104999
458251,203687
104755,125481
1763632,501014
2181300,601004
419143,212928
8585,99153
8094,97730
7411,98991
9510,99382
9542,99282
7628,97746
13182,99611
9606,98796
15420,100393
34591,106851
13567,98883
87367,120038
31327,104287
30764,104880
460410,205724
104519,124723
1771939,488348
2174748,607372
417271,215731
8154,101883
7046,100240
7120,98899
9493,99971
8900,98348
7221,98048
12769,101624
8705,98841
14875,101291
34424,107718
13259,100497
87029,121659
30473,104730
30658,105422
459119,207072
104501,126546
1760685,485082
2172616,599607
416162,218131
8701,100918
7617,99445
7418,99885
9367,105049
9327,100501
7682,104538
13022,106537
8794,99099
14685,101105
34252,111321
13626,99166
87477,120544
30497,112587
30780,97175
467095,206914
110112,128127
1769835,489515
2164276,621955
419135,225503
8085,102154
7516,100666
7267,100652
9737,99832
9078,98739
7260,98406
12773,100292
9365,98437
16100,101335
34255,107049
13484,99455
87068,120510
30717,105074
30755,104826
458163,206722
105076,125726
1756944,490298
2169127,605622
422960,214913
8124,99942
7446,98931
6689,98760
9467,100674
9072,99743
7448,98482
12444,99984
9414,98392
15366,100978
33763,107170
13710,99703
87617,121322
30720,103952
30310,105201
454327,206382
105029,125928
1769964,499209
2172573,604346
419292,216039
7923,100665
7300,98406
7271,99117
9438,99877
8712,98338
7175,98573
11930,100264
8915,99489
15129,100726
34479,107193
13323,98898
86932,121488
30546,106068
30495,104606
457574,206080
103754,126931
1775307,488597
2177507,601088
419096,215599
8256,101803
7287,99737
7079,99534
9527,99564
9025,98613
7565,98820
13312,100738
9127,98047
14906,100215
34713,106079
13617,99336
86823,120275
30599,105352
30160,104386
459851,206986
104027,126477
1757013,486454
2191748,602341
416596,217139
8437,100498
7607,99267
7175,99230
9481,98747
8890,99093
7062,97613
13191,100051
9398,98334
15298,101589
34390,107634
13869,99504
87324,121073
30639,104785
31574,105740
459118,211749
104213,125854
1778399,495826
2167988,607293
419307,214566
8209,100209
8136,99521
6959,98516
9674,99702
9202,97958
7566,98682
13475,99847
8868,98973
16056,100550
34831,106352
13906,99919
86930,121087
30852,104934
30595,104815
457625,206325
103806,125363
1766207,490295
2162235,607654
419422,215124
8514,99879
7626,98746
6935,98817
9493,99905
9539,98778
7369,99015
13123,101010
8749,99856
15353,101341
33818,106547
13545,100504
87494,121637
30943,105355
30431,105449
458871,206387
102846,125979
1761542,483323
2188795,607930
418669,216154
8560,101172
8122,99169
7447,98526
10154,99297
9097,99136
8117,98153
12770,101140
9343,99577
15301,101345
34574,107743
13944,100031
86715,122523
30407,105781
30893,106554
457609,205675
104652,126157
1764046,485329
2172352,604028
415713,216089
8640,99956
7818,98510
6807,99543
9858,100445
8901,98942
7488,98678
12549,101126
8797,99087
15096,100765
34661,107447
13499,106263
87155,126682
30632,105540
30133,105617
465793,205596
104292,128485
1756576,488345
2166942,618188
421729,216487
9101,99719
7886,99371
6629,98835
9802,99257
9075,99377
7036,98507
13027,99792
8762,99483
15357,100777
33647,106918
13805,101863
86870,122141
30323,105642
30586,104765
459745,206229
104170,125671
1771829,482467
2164979,608328
415901,216007
8824,99365
7852,98623
7104,100025
9498,99538
9180,99598
7135,97767
13208,101072
9268,99390
15264,100987
34514,106822
13318,99750
86938,121980
30414,105108
30581,104330
458338,204667
104292,126622
1763644,497229
2175186,609110
420246,214682
8320,100743
7700,99289
6394,98862
9954,99534
9426,98903
7240,98734
12737,99864
8806,98171
16184,100735
34887,107267
13539,99026
86765,121045
30556,105179
30607,105033
460774,206533
103874,126099
1767830,489433
2173212,607991
416624,215331
8433,102591
8051,98427
7074,98086
9381,99113
8809,98531
8004,98558
12546,99765
9070,97558
15557,100877
34923,105771
13350,98509
86622,120870
30925,104907
30579,104098
460100,204720
103981,126000
1759627,487421
2173032,613548
434447,216849
8762,101975
7468,98324
7066,97379
9853,98603
9007,98613
7082,97283
12446,99308
9267,97668
15280,99694
35178,105521
13322,98948
86861,120223
30475,104994
30574,104641
461010,205470
104410,125714
1770127,488615
2164308,605747
417055,216082
8597,100848
7935,98503
6975,97344
10528,99064
8983,97900
7448,97681
13090,100081
9394,98769
15324,100922
34554,106494
13032,99592
86679,120107
30291,105776
30774,105202
461987,206627
103479,126230
1764890,498452
2180538,606378
416711,215082
8414,100052
8154,98736
7187,99498
10242,98989
8954,99064
7463,98360
13335,99010
9193,97491
15604,100552
34319,106834
13677,100440
86591,120152
30372,105268
30676,105644
463719,206781
103867,126552
1768561,487334
2177460,608701
416984,215327
8611,100516
8564,97530
7479,98234
9900,99294
9558,99634
7499,97275
12571,100531
9492,99318
16014,100804
34129,105892
13289,99380
86506,119532
30715,105133
30606,104401
457518,206411
103414,127654
1762206,490232
2173938,628358
429211,214963
7920,107524
7236,99074
6903,98910
9523,99799
9812,98793
7760,97982
13169,100138
9355,99156
15791,102024
35568,107319
14295,99229
87251,121184
30808,105013
30473,104652
461344,205377
104773,125266
1787247,490059
2185247,606549
416766,217197
8458,99545
7784,98789
7116,98930
9373,99932
9060,98631
7815,97986
12440,101070
8872,98965
15216,100767
34219,107485
13376,100178
88299,120395
30702,105384
29944,105164
459437,206346
103235,127109
1772393,499666
2189791,601665
415934,218814
7817,101471
7265,100095
7397,99881
10295,99771
8789,99541
7620,99053
12640,101069
8843,100401
15485,102205
34319,107795
13906,99556
86665,122312
30409,105952
30353,106311
458325,207242
103695,126768
1784143,494486
2181473,599140
420249,214367
8000,100172
7599,98281
7111,98962
9765,100014
9701,98866
7451,99210
12285,101371
8952,99530
15780,100934
34846,108090
13214,99835
87032,120166
30817,112448
30736,104947
465810,207402
103443,131644
1778481,488724
2164982,612634
416969,225970
7736,100628
7717,98583
6886,97995
9944,99213
8623,98596
7562,97474
13181,99682
8875,99048
15012,100450
34358,106161
12971,99120
86930,121055
30571,104728
30633,105308
462734,205671
104506,125313
1787896,490153
2182637,599771
417150,216440
8848,99718
7713,98614
6735,98461
10037,99218
8723,97964
7271,97537
12482,100394
8766,98851
14681,101275
34424,106497
13306,99013
86893,121405
30632,104299
30624,104907
460873,205262
104223,126981
1780583,487986
2192619,610660
417892,216237
8637,101521
7891,99062
6875,98676
9094,98999
8753,98551
7806,98135
12785,99851
9154,98721
15874,101554
34788,106033
13736,99640
86591,121079
32312,106619
30552,105959
462104,205994
105037,126390
1780523,482716
2174138,608768
423356,216113
8808,101307
7807,98856
6407,98067
9027,98422
8082,103476
6913,97745
13203,99847
8924,98323
9931,98906
34438,105831
13525,98150
86103,120495
31182,104748
29975,105241
461609,206221
103440,125994
1782473,486085
2169044,602636
421112,215851
8197,100254
8457,99165
7516,98197
9482,98838
9077,97976
7385,98491
12819,99851
9225,99926
10444,99344
33749,106727
14057,100181
86358,119525
31247,105294
30355,104911
461428,205741
103546,126355
1801979,497396
2177537,613798
420670,217803
9107,101036
8495,100089
8100,98866
9663,99421
9124,98308
7386,97323
12851,100080
10091,98258
15478,100414
35229,106220
13581,99005
88263,119465
31654,104841
30244,104230
459868,206065
104187,126414
1796389,487020
2197419,606812
422787,215638
9143,100394
8241,98907
7017,97103
9546,99238
8423,98331
7776,99143
13239,100360
10397,98255
10340,98885
34516,107056
14072,99722
92410,120767
31531,105967
30429,105924
467134,206440
104142,125963
1786260,491088
2166718,615070
432650,218306
8187,99707
8378,98638
8180,98445
8934,99395
8818,97944
7783,97547
12915,99817
9718,98333
10594,99207
34123,105679
14187,99905
87419,119494
31604,104193
30872,105010
459963,206473
103908,126288
1787331,486642
2162660,607173
420904,214681
8364,100094
8047,99151
7147,98900
9649,99230
9042,99705
7882,98105
13237,100187
10553,98728
15743,100390
34301,107087
13496,99826
87593,120823
31612,105023
30275,105420
459414,205108
103977,126155
1776225,490382
2186610,597907
426586,215865
7823,101045
7985,99427
6510,99289
9691,98951
8769,98831
7099,97905
12382,100439
9025,99105
10363,99512
34501,107348
13622,99356
87308,120208
31691,104837
30196,105065
460112,205585
104106,127523
1783645,485159
2174725,605385
422174,218358
7643,100890
7960,98811
7074,98165
8981,99219
8898,105385
6727,99264
12472,99835
8374,100077
10236,99095
33704,106877
14076,99673
86338,121362
31416,104894
30631,105711
458553,207124
103328,127362
1798285,491187
2165788,605619
419153,214310
8255,101258
8612,99435
7393,99108
10023,100270
9489,98155
8419,99455
12897,100262
9752,98853
15811,100744
34414,106435
13613,100024
87711,120526
32400,105399
30185,104499
461178,205740
103099,125377
1796760,500283
2182208,612358
422267,218329
8719,100365
8287,98717
6581,99116
9258,99315
8489,98997
7499,98453
12928,100280
9636,98440
10662,98690
35272,107509
13787,99622
88045,120415
31702,105455
30202,105239
462563,207550
103542,125241
1789350,490674
2182961,603580
423879,217228
7962,99986
8666,100180
7167,98746
9518,99810
8961,98506
7080,98196
12872,99831
9764,98656
10494,98978
34245,107314
14130,98947
87122,126894
31168,110678
30510,104411
468705,205313
102915,132406
1794240,491213
2166502,614371
419748,222557
8167,100649
7917,98491
7186,98440
9116,99570
8303,98055
7687,97694
12399,99333
9661,98132
15717,100400
33937,106533
13724,100150
87049,119988
32098,105376
30330,105038
458649,205133
103256,126171
1780036,491133
2183882,609311
423519,215878
9336,99789
8322,98645
7169,98921
9628,98452
9205,98826
7230,98028
12822,100359
10516,99021
10378,98197
34755,106009
13756,98541
87150,121225
31471,103690
30559,103633
459796,204110
102947,125108
1772335,488536
2178497,610612
421943,215347
8659,99210
8344,99469
7520,98282
9119,98356
8847,98626
7801,98265
12985,99578
9334,98334
10372,99221
33784,106659
14177,99935
86359,120524
31768,105106
30746,105305
460896,206259
104428,125743
1777741,494244
2170778,606879
421887,217691
8748,101256
7953,99160
7287,98673
9838,98619
8665,97982
7634,97079
12520,99710
9839,99807
15956,101637
35534,107078
13433,100195
87466,120043
31552,105502
30094,105631
459763,207608
103100,126982
1776443,489950
2184744,608643
424147,214344
9389,99595
8207,98734
6586,98103
9436,99838
8489,98419
6940,98187
13055,100328
9126,98894
10924,99570
34464,107055
14638,100122
87729,121190
32030,104500
30181,104451
459909,205890
102999,125970
1773959,491708
2175960,610383
419418,215256
8126,100493
8726,99889
7373,98272
9195,99746
8791,99629
7384,97336
12511,100603
9361,99027
10582,98646
33840,106062
13626,99793
86964,128049
37249,105848
30558,104142
470920,205354
104303,126957
1769552,489791
2165432,620529
425074,217781
8417,101989
7930,99511
6948,98996
9732,100410
8303,98514
7310,98013
13072,99650
9871,98678
15439,100585
34822,107386
14260,99108
88209,121187
31746,105131
30099,105478
458834,206476
103535,125756
1783380,486423
2183292,604330
426233,215684
8180,100033
8030,98336
7173,97783
9538,98736
9541,97800
7168,97598
13071,99032
9372,97550
10409,98891
33946,105838
13256,99646
87105,119258
31161,104939
30688,105542
457919,206125
104094,125768
1771926,492115
2156468,600213
427858,215979
8459,100919
7954,99317
6830,98423
9193,98556
8812,98519
6958,98302
13139,99859
8937,98779
10523,98994
34069,107257
13352,101070
87018,120023
31803,104516
30282,105530
459828,205276
104327,127085
1768501,487051
2158444,606325
418935,214435
8494,99843
8012,99577
6856,97865
9182,99219
8644,97640
7766,98462
12916,99670
10086,97603
15278,100410
34826,106245
13432,100638
87567,119540
31832,105557
30049,105271
459858,205519
103573,126046
1774212,487150
2180274,603392
429368,217080
9578,99960
8456,98941
7108,99382
9290,99931
8499,98141
7660,98363
12799,104813
9543,98290
10107,98043
34419,112362
13568,100187
87077,119452
32863,109703
31239,104851
459964,204816
103969,131572
1778308,498592
2172450,622963
421543,218200
8258,100633
8535,98704
6840,98135
9105,98427
8904,98759
7682,97711
13198,100528
8957,98393
10262,99142
33645,105808
13630,99236
86281,120534
31502,105327
30370,104009
459154,205978
102785,125700
1773474,485455
2160666,603782
419308,215730
7972,101706
8785,97314
7108,99014
10134,99367
8776,97880
8056,98657
13170,99919
9796,99656
15997,99760
35200,107779
13979,99444
87809,120673
32628,105541
30580,104826
465071,206981
103832,126183
1771048,501180
2188867,607563
426848,216733
8511,99725
7988,99263
6897,98894
9596,99595
9623,98901
7578,97803
13203,99122
10506,98249
10599,99343
35263,105800
13760,99925
87885,120453
31648,105860
29909,105425
459890,206745
103435,126967
1769965,487771
2177873,609938
426415,219195
9044,100475
8298,101078
7565,98232
9135,98665
8747,98169
7380,98558
13250,99924
9818,99847
10462,98979
34169,106681
14090,99986
87528,121006
32033,106469
30706,106195
459459,205739
103830,125705
1776710,491707
2179589,606269
416686,216045
8589,102339
8084,99072
7130,99256
9874,98797
8805,104592
7078,93652
12881,100814
10010,99409
15359,101119
34587,106310
13589,101197
87439,119584
32199,105659
29908,105437
460366,205018
102519,125005
1769229,476303
2160660,602751
420095,217024
8712,100911
8452,99183
6808,97975
9822,99568
8736,98504
7495,97857
12413,99879
9041,97928
9894,98567
34230,107265
13716,100364
87959,120441
31239,104621
30091,105886
461029,206813
103259,126615
1770728,492273
2162854,607634
424316,216576
8139,101084
8729,99777
7556,97768
9963,98694
9151,99220
7620,98294
13188,99310
9454,97785
10589,98717
34621,105822
14597,101033
87295,120276
32075,105660
30030,105336
456234,206496
104526,126955
1779781,484578
2182595,602452
418413,215015
9201,102426
8592,99026
7772,99571
9441,100111
8917,98966
7967,97576
12814,100103
10105,99370
15596,101136
34926,107303
14238,99776
88316,120433
31929,106906
30775,105551
459496,206456
103185,125008
1770338,485555
2189273,602506
424187,216836
9768,101351
9194,99678
7256,99604
9715,99459
8798,104245
7690,97735
13062,100238
9587,98404
10285,98492
34775,106047
13315,99495
86552,120397
31397,105280
30762,105235
459393,212868
103282,126385
1791166,487263
2168859,602555
425255,213807
8497,102135
8499,100086
7422,99507
9246,98982
9231,98466
7558,98516
12577,100472
9895,99337
10449,98513
33827,107609
13651,100119
86346,120646
30985,105632
30248,105813
459503,206315
103638,126303
1797757,493004
2162979,602361
421460,215125
8532,100862
7837,98032
7190,98132
9420,98274
8550,97795
7257,97761
12735,99627
9407,98283
15230,100804
34571,106549
13531,99118
88356,120134
32313,105809
29374,104562
459217,204916
102768,124226
1784603,485731
2184465,599693
424189,215628
8360,98801
8035,98429
7295,97861
10110,99093
8465,97185
6943,97822
12787,99160
9251,98252
10105,97876
33978,106129
13278,99054
86585,121362
31102,104407
29754,105851
460891,205121
104035,127177
1770282,480435
2190341,613767
421428,215704
8354,100657
8073,99315
6520,98775
8534,98157
14018,100052
7313,98086
12560,100996
8775,97886
10445,91947
33757,106149
14327,99803
86419,120427
31944,105281
30611,105982
456531,212035
103860,125356
1784230,487716
2162694,604453
419725,214832
8179,100699
8896,99762
8223,97629
9949,98262
8548,98630
7725,97348
12945,99387
9963,98255
15522,100406
34714,106654
13598,98757
87672,119685
31565,106675
30200,104204
464339,206191
102859,124943
1789871,490299
2180590,603915
424037,215432
8434,98909
8483,99587
6816,99025
8978,99651
9039,98883
7077,97819
12565,99918
9447,98833
10226,100188
34709,106686
13974,99102
86968,120306
31433,105424
29957,104932
462145,205749
103398,125706
1777730,485599
2185085,600381
425981,218216
8210,100397
8355,98814
6724,97866
9256,98661
8966,98939
7480,97457
12819,99315
9600,98389
10754,99383
33861,105949
13899,98997
86465,120473
31835,105163
30705,104263
459490,206032
104253,126639
1766896,483992
2186111,610850
428022,216298
7957,106130
8005,98135
7147,98781
9457,99457
8774,99220
7594,97856
12948,99969
9247,99120
15015,100672
34045,106698
13456,99877
87492,120934
31274,105732
29965,104548
462468,204234
103537,124755
1781500,486330
2158980,612621
423354,215203
8718,99175
8108,99343
7057,98576
9144,100049
9040,98222
7062,98592
13009,99629
9191,98897
10063,98344
33916,106224
13907,98847
87374,119930
31404,104844
30104,105014
459585,205759
103104,124668
1783731,496704
2197726,609667
425655,215262
8931,100036
8315,98840
7734,98996
9730,99337
8994,98799
7677,98042
12880,100567
9611,98715
10955,99051
34032,106463
14432,99762
86962,121591
31322,105487
30310,105918
461541,205617
103537,127548
1779882,484966
2175461,608567
420534,217527
8387,101858
8624,99935
7142,100064
9711,105593
8700,98524
7899,105338
12797,105579
9760,103705
15354,100680
34565,107841
14157,99456
87397,119902
31852,105248
30457,105160
461083,212013
102764,127185
1794977,486448
2167002,616341
422669,216217
8757,99843
9145,97768
7040,98761
9808,99122
9176,98448
7015,97599
13051,99361
9620,97851
10233,98682
34792,106980
13464,99003
86694,120305
31812,104465
30002,104880
458247,204833
103259,124913
1784050,491707
2184913,615067
425037,215985
7953,99228
7892,99264
7325,98799
8908,98663
8566,98944
7391,98352
13106,99832
9387,98449
10680,99349
33602,107171
14119,99989
86946,119474
32271,104847
30431,105077
462103,205281
103725,125911
1789754,487437
2183422,614309
417657,214944
7984,101287
8398,99312
7411,97815
9796,99629
8573,98461
7152,97863
12740,99733
9416,100125
15189,101039
34534,105964
13866,100155
86855,121814
31809,105480
29423,104540
471848,206918
103677,126994
1785653,494520
2171709,613116
433600,218161
9451,106036
8610,98435
7000,98387
9245,99231
9107,98588
6812,96932
12811,98976
9646,98684
10632,99287
34682,106372
13383,98645
87292,120842
31066,103704
30426,103679
457303,205403
102786,124278
1775729,492347
2165560,606170
425463,217614
8037,100802
8693,99676
6824,99526
9311,99514
8650,99160
7163,97721
12535,100364
9118,99650
10931,100841
34442,106836
13810,99506
86314,121162
31153,105416
30323,106307
460250,207707
103540,127887
1790384,500180
2184123,606982
418428,214353
8141,102305
7774,98991
7059,98213
9293,100048
8244,99272
7346,99128
12226,100161
9804,99906
14431,100951
34322,107239
13260,98795
87901,120292
31721,105712
30495,105365
461426,205146
103765,125233
1795439,481954
2186798,599176
424373,217917
8553,100605
7943,99212
7150,98826
9460,115335
9425,98170
6882,104228
12648,99214
10042,102622
10382,98993
35350,107109
13382,99055
86912,119763
31385,104694
30576,105447
454543,211430
103784,126252
1779139,489243
2183657,609540
424040,216959
7548,100787
8093,99448
6782,97787
9076,99120
8926,99084
6864,97813
12708,99765
9321,98791
10998,99240
33668,106479
13773,99620
86710,121542
31683,104449
30246,105340
458213,206471
104262,124662
1798958,487311
2172965,610876
418050,216329
8116,101616
7625,99988
7258,99144
9165,99571
8167,99845
7078,98539
12430,100949
9568,98864
15127,102063
34304,106944
13411,99985
86981,120097
31706,106194
30013,104817
459667,207046
104168,126270
1781630,489822
2189108,601778
422929,216426
8003,101497
7656,99583
7317,99327
9507,99091
8864,100078
6675,98338
12612,100657
9054,98144
10024,98863
34486,107036
13753,100113
87451,121136
31410,98310
29984,118570
462187,206940
103887,126528
1775636,485946
2180425,616815
439639,217247
8273,99400
8786,97753
6978,97020
9320,98082
8717,98541
7150,97604
12403,98947
9069,98243
10574,98367
33490,105370
13587,98980
87081,119066
31349,104058
30241,104069
462793,204267
104035,124412
1795273,489493
2177489,603643
419821,215861
7965,99113
7784,98513
7170,97746
9739,98771
8820,98499
8001,98254
12467,99952
9813,99151
15587,101022
34563,106617
13617,99721
87328,120760
31427,105114
30738,105163
462657,205156
103534,125959
1784501,496210
2190092,602095
425829,215424
7948,99113
8013,98350
6743,99321
9052,100218
8143,98596
7006,99098
12498,98909
8802,98025
10325,98102
34465,107157
13530,98508
86601,120533
31242,105539
30594,103806
457658,205370
103534,126984
1792775,489367
2186870,606244
423598,217702
8658,100691
8092,99013
6958,98110
9122,100243
8935,98879
6942,103939
12561,105193
9183,104335
10705,98775
34023,106222
13748,100024
87010,120582
32097,105011
30954,105401
461827,211206
103470,126140
1781741,488401
2180825,602956
416026,217473
7833,100842
8493,98368
7111,98956
9380,99809
8887,98434
7200,97679
12472,99774
9732,99274
15209,101623
34451,106525
13187,98939
88382,120745
31753,105478
30145,104893
460200,207836
103119,126653
1793087,485348
2186772,602109
420752,213951
8312,100193
7968,98844
6715,98264
9642,99679
8632,99062
7393,99415
13139,100582
9476,99565
15877,101338
29270,105744
13587,99283
87637,120613
30761,105457
32088,105778
459097,207276
103737,126519
1766346,484916
2196824,605004
416260,217619
8223,101404
7637,99614
7338,99447
9785,101666
9009,99534
7436,98495
13053,100055
9435,98526
16007,100317
35064,107460
13428,99478
86640,121236
30701,105589
31142,104815
458801,208587
103687,125954
1764496,482530
2178631,609743
418560,218824
8427,99948
7988,90335
7469,94421
10713,99265
8824,98620
7746,98518
12863,99898
8871,99086
14931,101305
34685,106404
14036,99652
86388,120214
30316,105212
30811,106209
458472,207318
103754,126810
1754402,490461
2181898,604340
418022,216566
8340,101912
7254,99386
6838,98903
9202,105613
8956,99247
7222,104132
12772,105810
8656,98801
14895,100692
34429,111746
13399,98872
86722,121639
30747,111759
30562,104768
467240,207709
109513,128052
1774629,490587
2166435,621618
426380,218778
7979,102419
7661,99787
6867,99973
9845,100233
9106,99172
7548,98221
12825,100333
8978,99163
14803,100569
34679,107286
13235,99548
86827,120050
30329,106077
30604,105168
458556,207107
103362,127266
1775983,491426
2179323,609325
419464,217418
8398,101214
8528,98280
7625,98667
10346,99634
9562,99349
7797,98536
13355,100207
9285,98249
15191,101851
34601,107710
13267,100320
87336,120816
30799,104807
30776,104109
457802,206438
103898,125414
1774853,493034
2175436,604625
417883,214951
8053,100385
7933,99294
7376,99029
9460,99852
9339,99437
7622,98027
12934,100503
8912,100644
15437,101500
34770,107247
13465,100087
86576,121023
30705,105129
30449,105251
457013,206181
104469,125900
1763852,504353
2196344,612352
418539,216126
8570,100435
7488,99313
6902,99512
9550,99772
8628,100389
7555,98234
12701,100318
8841,99404
15333,101543
34353,106848
13196,100636
86640,121221
30196,106099
30812,105068
457010,205930
103606,126205
1772664,489345
2195324,612056
418487,212327
7793,102143
8265,98495
7026,99042
9588,99490
9321,98107
7376,97736
13111,100308
9509,99413
15416,100064
34855,106648
13571,99829
87203,120980
30581,104971
30790,105258
457911,207106
105200,126450
1762269,488396
2177791,611117
416280,213098
8347,100881
7603,98469
7083,98939
9898,99161
9209,99092
7541,97520
13093,100222
9000,99234
14739,101216
34625,107922
13250,105232
87121,125455
30793,96547
30386,105097
465365,206486
103927,127635
1770188,490477
2187899,627162
426672,218417
8241,107429
7728,99268
7093,97978
9886,99978
9059,99401
7593,98265
12524,100404
9109,100060
15672,101158
34600,108297
13596,99836
86896,120613
30277,104751
30558,105587
457724,206317
104741,126163
1767468,485820
2161927,607669
416357,214562
8738,101504
7973,99132
7430,99481
10111,99685
9731,98994
7535,98045
13474,99937
9196,98272
15229,100139
34914,106205
13380,99761
86521,120810
30796,105689
31002,104405
459675,206523
103692,125402
1772601,487465
2174451,601485
417443,216842
8597,100910
7722,99648
7198,98335
9569,100058
8830,97988
7928,98193
13545,100176
9111,99391
15892,100898
34950,106743
13915,99673
88080,120314
30919,105254
30793,104465
454067,205885
104729,127365
1769736,498066
2187447,605160
416731,218417
8619,101399
7554,99515
7064,99090
10392,100229
9038,99338
7049,97940
12868,99985
9310,98613
15056,102262
34400,107465
13537,99326
87302,120081
30618,105853
31211,105731
458262,206003
104099,125912
1770481,487823
2192346,611542
420538,215102
7812,101650
7917,99030
7274,98311
9983,100139
9626,98891
7481,98797
12362,100029
9202,98543
15879,100908
34789,107044
13390,100142
86864,121090
31173,104158
31137,104045
458931,205434
104660,126244
1762716,488950
2185190,606709
416004,215927
7953,102392
7806,99570
7686,98782
10573,99501
9924,100021
7813,98670
13085,100069
9423,98430
15567,102318
35143,106809
13343,99068
87359,120781
31327,104852
30866,106105
457825,203846
103790,127010
1756544,488457
2159873,614001
430869,216320
15861,100788
7719,98197
7198,97762
10141,98831
9712,98071
7464,98107
13068,100019
9317,98796
15223,101215
34705,106018
13249,98817
86978,120920
30456,106000
30488,105197
455968,205410
104147,126945
1771598,484417
2163678,603832
418523,213011
8467,100561
7246,97478
7597,98906
10387,99110
9310,98585
7190,97278
13005,100376
9179,98694
15299,101446
34934,106640
13472,99607
87679,121897
30800,105541
30859,104460
457049,204614
103885,125853
1765743,487357
2171413,599875
418414,216748
8474,99093
7495,99022
7300,100680
9429,99721
9344,100113
7657,98873
13004,100115
8554,99863
15135,101232
34611,107063
12956,99706
87031,122356
30631,104396
30666,105408
459741,206960
103913,126764
1759684,490272
2192160,616289
415861,215541
8328,100803
8016,97788
7206,99178
9741,99538
9216,99174
7455,97818
12747,100411
8727,99131
14958,101214
34831,107021
13797,100163
86549,122566
30654,105400
31278,106193
457497,206561
104194,128309
1774002,487247
2170069,601057
416380,216392
8555,100858
7906,98977
7461,99316
15404,99673
9103,98200
7806,93301
13177,96675
9256,99860
15170,101441
34708,112048
13175,99743
86558,121000
30635,104887
30747,105510
465136,207707
103727,132057
1776688,485036
2174727,623936
418686,223800
8560,101279
7959,98510
7254,99067
9477,99208
9091,99045
7411,97444
12749,100102
9208,98151
15703,101265
34492,106328
13511,98667
87071,120431
30869,104468
31110,104417
460437,207848
104685,126422
1762680,483429
2166145,605884
419715,218262
8685,100011
7422,97999
6948,98666
9963,99364
9317,98259
7832,97803
13122,100110
9285,99995
15465,100884
34564,106978
13692,100553
86899,120220
30884,104354
30657,105380
457697,206000
103597,126810
1777876,498000
2170921,607213
421704,216219
8347,101053
8314,99818
7032,98776
10192,99861
9031,99027
7511,97859
12547,100235
8625,99067
14851,101772
34702,106987
13387,99309
86742,122945
30350,105082
30585,105977
460209,205045
104239,126735
1779621,489401
2185148,610272
414760,213237
8905,100112
8111,98179
7119,98452
9703,99553
8991,98933
7607,97495
12540,100256
9613,99188
15418,101098
34749,107546
13443,100012
86642,120308
31009,110152
30968,104799
468355,206051
104070,132735
1772326,485117
2179689,621834
420883,224404
8263,100793
8020,99505
7337,98492
9933,99336
8826,98710
7222,97607
12784,100384
9059,98756
15410,100761
34608,106791
13263,100015
86127,120556
31589,104681
30580,105209
462072,206000
103865,124761
1792024,487352
2165998,610770
420757,213892
8042,100071
7469,100033
6896,99495
9534,100081
8945,99558
7457,98960
12512,101010
8761,99007
15079,101084
34509,106569
13398,99730
86816,122461
30167,105878
30655,106257
458773,206013
103729,126167
1769182,483916
2196741,605432
418529,217076
8204,100022
7459,99461
7079,99908
9773,99597
9400,98733
6998,97162
13132,100425
8468,98065
15443,101198
34805,105955
13263,100056
86756,120766
30227,105783
30561,106014
460650,205641
105570,125777
1769357,491218
2207835,605637
415560,214387
8862,101614
8308,98975
7200,99386
9059,99413
9162,99518
7573,98447
12948,101038
8844,99093
15164,101935
34686,106606
13900,99734
86713,122089
31048,105773
30550,105771
460304,206760
103959,126825
1776630,489008
2169806,604442
416617,216020
8274,100847
7675,98865
7470,99452
9836,98646
9392,99194
7473,98402
13243,99559
8922,97695
15554,101161
34083,107507
13452,98464
87615,121299
30849,104443
31046,105687
462566,205417
104570,125078
1777101,494872
2170274,609190
415772,214175
8264,101085
7999,99390
6925,98870
10185,100039
9284,99971
7568,98720
12652,99995
9440,99356
16245,101532
34800,107515
13792,99503
86971,121915
30678,105723
31028,105513
460104,207082
104174,126449
1773684,487472
2185977,608493
420522,217245
9088,100802
7491,99268
7043,98433
9494,100309
8759,99915
7776,98261
12446,100412
9530,98323
15419,101170
34137,106900
13804,99846
87359,120493
30133,109868
30699,97686
467181,206289
103048,131176
1793683,487478
2165020,613276
415608,222529
8017,100013
7850,99057
7190,99497
9758,99912
8987,98696
7019,98158
13161,91987
9253,99202
15493,100353
34241,107013
13455,101625
87163,120028
30600,105097
30876,104585
460892,207850
104590,127757
1781590,487604
2166749,604989
416340,216350
8431,100123
8035,98664
6995,98412
9719,99197
9669,98509
7256,97480
12508,100426
9280,98571
14992,101555
34353,107465
13670,99813
86640,121374
30372,106639
30294,106106
458026,206314
104138,126377
1773746,486866
2186256,607546
417153,217023
8358,100095
7605,99000
7252,98468
10219,99137
9414,99096
7444,98604
12772,99924
9699,98181
15553,102029
34917,107560
13480,98019
86942,120177
30459,104728
30325,104747
461400,207426
104322,126965
1772583,489385
2187170,612020
430124,216903
7944,107661
7257,98381
7375,98711
9259,99608
8895,98202
6837,97898
13111,99491
8589,97988
15285,100811
34283,100007
13325,99654
86235,120842
30332,105241
30657,104747
461726,205989
104156,126777
1785069,490008
2163872,600963
419311,218770
8412,100875
7564,98716
6809,99475
9227,98766
8958,99296
7136,98155
12901,100475
9059,98993
14944,100420
34195,106403
13330,99841
86615,121632
30864,104703
30674,105356
462944,206372
104493,126310
1780551,487522
2188216,602734
417079,216819
8789,100646
7716,98666
7175,98244
9848,99414
9504,98616
7523,98022
12943,100174
9203,98313
15275,100516
34922,107072
14299,99091
87535,122357
30403,105913
31023,104947
460749,206457
103760,125932
1783057,488086
2182718,599099
418201,216413
8580,99004
7510,98928
7382,99692
9638,98604
9233,102525
7287,98476
12610,100340
8865,99206
14957,100748
34471,106495
13250,99289
86805,120958
31164,104962
30513,104448
458755,206473
103162,127242
1782905,492869
2172639,607269
417182,213379
8021,100338
7930,100186
7195,97894
9661,99462
8856,99573
7199,97751
13186,101627
9347,99020
15218,100723
34476,106503
13316,99080
87073,121771
30968,105112
30765,104119
456485,205181
104683,126802
1771453,483857
2171279,608654
418811,216928
8128,100896
7382,97854
6959,98223
9768,99242
8952,98130
7636,98047
13128,99155
8970,99278
15493,100985
35277,106155
13713,99685
86918,121903
30867,105307
30642,105220
454597,206441
103232,125832
1770229,493257
2182224,615558
417604,215456
8317,101389
8206,98741
7060,98579
9643,100464
9004,99505
7811,97971
13471,101469
9098,98654
15106,101823
34253,106554
13447,100033
87417,121382
30520,105158
30654,105107
457421,206587
103819,125921
1765087,487083
2198012,605085
417081,216857
8678,100500
7595,98772
7038,98926
9628,99621
8872,98332
7198,98864
12823,101306
9424,98386
15355,102001
34824,107663
13993,100261
86679,121797
31713,106365
30152,106120
455917,206668
103013,127085
1778510,493660
2187732,606445
426746,216099
8744,99581
8353,99142
6598,99058
9429,99332
8951,98823
7192,97587
13135,99618
9331,99010
10353,99794
34737,106196
13823,99547
87507,120490
31333,104096
30253,104753
458405,206453
103241,126760
1782384,488789
2181774,602377
425794,214528
8573,100824
8049,100591
6866,99672
8931,99494
8666,98919
6835,100027
12810,100391
8998,99905
10057,104027
34035,108196
14058,99647
86250,120082
30959,105147
29882,110418
460075,205782
103835,125650
1770166,490456
2190635,611967
428979,215474
8070,100634
8209,98842
7464,98913
9346,98768
8271,103139
7605,97053
13094,100347
9678,98267
15010,91722
34459,106297
13855,98593
87901,120750
32219,104922
30021,104405
458367,210756
102926,125989
1776498,493343
2187422,615845
424712,225056
8028,100296
8157,98883
6709,98722
9206,99748
8608,98853
6748,98670
13021,100610
9028,98705
10499,99929
34619,108135
13688,100516
86288,121196
31639,105099
30318,105378
456433,207218
103314,126088
1773367,489902
2175314,603276
424413,217043
9357,100269
8640,98735
6900,97597
9102,99413
8772,98169
7963,97332
13593,99982
9383,97385
10584,98706
34194,106227
14052,99781
86878,119505
32305,104869
30634,105512
458033,205246
102766,126535
1781099,488790
2181492,605392
417485,215362
8256,99550
8333,99243
7227,99335
9777,100172
8456,98685
7690,98313
12999,99960
9437,98771
15412,101177
34591,107042
14091,99323
87142,120757
31354,105097
30463,104877
459570,205582
103453,125349
1791287,494900
2192842,607230
423884,217304
8597,100567
8784,98703
7084,97904
10086,98939
8893,97913
7115,97491
13165,100003
9527,98142
10570,100382
34287,107183
13480,99509
87195,119967
31397,104858
30565,105258
459459,206454
103516,123904
1775924,489453
2200957,609052
425555,216574
7757,101138
8253,98296
7719,97816
9349,98248
9318,98641
7417,99256
13402,99704
9709,98837
11310,98754
33863,107300
14571,100307
108381,125411
32534,105024
31404,105024
460699,205549
103967,126120
1778691,483581
2189246,599669
417152,215723
7992,102109
7884,100170
7405,98446
10334,100421
8351,98441
7300,98723
13136,101095
10495,98373
15291,100639
34759,107082
14002,100373
87055,120465
32534,106039
30236,105902
459905,205928
103504,126926
1772224,488266
2183044,607290
422747,214571
8161,100126
7884,99398
7041,98588
9886,105469
8921,98479
12406,98497
13145,104846
9638,98801
9927,98133
38464,107108
13759,98865
87181,119900
31617,109250
30513,105515
463750,206370
107518,127270
1779223,494136
2182102,621201
433841,216847
7916,99979
8976,98668
7559,97551
9417,98143
8557,98250
7419,97458
12738,99328
9839,97397
10404,98546
35092,105681
14447,98542
87076,119758
31510,104123
30251,104530
458903,206405
103949,125851
1785450,493113
2197490,606381
416005,214360
7843,99549
8035,98609
7661,97970
9218,99578
8173,97622
7145,97340
12550,99480
9805,98177
15563,99655
34753,106370
13716,98905
87628,119544
31616,104473
30142,104698
459617,204370
104132,126747
1772858,486774
2162516,602812
425828,215894
8547,100989
7986,97761
7774,98062
9868,98861
8985,97849
7174,97557
12492,99231
9577,98665
10452,99977
34264,105922
13315,99164
88135,120669
30945,104811
30452,104702
459341,205855
102737,126397
1775586,496588
2193757,603051
423661,216694
8746,100822
7889,99640
7133,97571
9558,99126
8694,98244
7592,98021
12997,100076
9163,99279
10670,99335
34296,106336
14309,99419
86527,120168
31577,105001
30152,104701
459817,206742
104421,125774
1775913,493144
2186776,609368
417500,215353
9303,99991
8364,99329
7739,99013
9530,99172
8791,98274
7787,97807
12988,100198
9991,99982
15204,101206
34724,107438
13647,99418
88384,119855
32305,105493
30390,108939
461168,204196
103954,126302
1764542,487388
2182779,605964
434994,215527
8040,100494
7861,98466
6915,97500
9326,98900
9148,97923
7719,97616
13258,99845
9439,98856
10830,98025
34769,106823
13949,99073
88534,121286
32087,104756
30474,105219
458529,205584
103367,125563
1771871,484802
2185162,610687
421474,217615
8215,99964
8069,98408
7215,97131
10145,98437
8616,98218
7560,98591
12634,99559
9588,98818
10789,99127
34393,105490
13993,100068
87598,120530
32073,106070
30755,105366
462787,205843
103538,125801
1787920,489924
2162665,599049
417880,214113
8325,99827
7465,98692
6979,98632
9238,98346
8197,98210
6745,97992
12496,100116
9383,99064
15196,101017
34869,106413
13635,100438
88505,119985
31953,106090
29929,105555
458864,206618
104133,126628
1778959,490133
2173153,606411
423598,216251
8437,99694
8581,98984
7405,99215
9700,99374
8819,98187
7897,97519
12852,99539
9225,98574
10452,99144
34406,106640
14157,99404
87277,120282
31162,104585
30221,104731
457629,205783
102725,127067
1769449,487200
2176517,604570
426926,216605
7928,99389
8681,99382
7489,97890
8708,103642
8747,97830
7251,102793
12898,91234
9739,103526
10440,98394
33699,111393
13668,99283
86768,118256
31290,104473
31172,103817
465574,205278
104546,131372
1777588,484071
2172958,616115
419494,223104
8260,101318
8506,99424
7299,98250
9750,99207
8576,97489
7452,97225
12848,99857
9769,98304
15457,100001
34731,105855
13758,98955
87437,119398
32063,104823
29874,103451
460362,204079
104236,124702
1775051,492432
2157721,604380
425834,215431
8297,100195
7860,98101
7148,97642
9529,98413
8236,97247
6881,97957
12960,98655
9412,98528
9952,98027
34585,105651
13342,97862
87008,120115
31031,103555
30105,104962
455799,205256
103202,125900
1763605,487984
2193269,605317
424010,215535
8334,100196
8128,98695
7100,98726
8915,99441
8561,98973
7432,98733
13403,100123
9393,98033
10686,100606
33741,106436
13857,100354
86990,121517
31784,105350
30462,105148
461131,206267
104927,126195
1783543,487010
2185996,604424
418483,217895
9753,101419
7773,98764
7317,98753
9705,100256
8840,97821
7316,99023
12865,95679
9892,99956
14998,100581
34999,107276
14413,105676
87421,125556
37348,106158
30753,104784
470095,196588
110248,119928
1787323,489686
2182369,626841
423359,222055
8288,101050
8472,99507
7198,99383
10000,100050
8898,99170
8167,98477
12827,100644
9666,99483
10439,99812
34586,106771
13706,100657
87440,120384
31378,105199
30319,105290
461905,205575
103326,126882
1802626,494888
2166477,600251
423483,215335
9283,101355
8366,99257
7050,97930
8908,99843
8905,99551
7552,98813
12779,100070
9318,99056
11202,99352
34715,107026
14340,100452
87395,120166
32044,105077
30338,106097
460636,207044
103896,127740
1797396,486578
2185734,607379
416604,215760
8659,101220
8633,100854
8014,98855
9586,100541
9065,98938
7379,98301
12997,99416
9813,99496
14776,101777
35178,106867
14107,100215
87358,121219
31351,105194
30158,104961
463401,206207
102975,127101
1795988,485272
2193484,604483
422655,216520
9079,101893
7970,99370
6924,100205
9489,104706
8529,98483
6708,102359
13792,104663
9282,103843
10068,99322
34665,106166
13770,98866
87452,120561
31114,105811
30466,105682
462197,212419
103007,127397
1798959,491329
2169116,598543
423492,216910
8824,98734
9003,98706
6733,98551
9371,98722
9134,98550
7634,97493
12850,99988
9868,98428
10415,99407
33555,106230
13912,100022
87096,120222
31646,104190
30445,105804
458993,207220
103961,125897
1793895,488557
2176783,599911
417957,216084
7869,100672
7470,99602
7403,98611
9870,100109
8590,98829
7623,98723
12716,100962
9613,99393
14922,102255
34397,106888
13439,99244
87256,119842
31614,106947
29838,105465
463860,206115
103469,125821
1777064,483249
2186653,605911
421641,217117
9295,101751
7988,99974
7390,99116
9477,99203
8996,99331
7145,98358
13172,100062
9664,98269
9937,99739
34056,107305
14321,99862
87677,120740
31716,106035
30031,109398
459377,206061
103767,128299
1775402,488825
2182329,616118
434670,217181
8220,101034
8775,103555
6848,103792
9240,99100
8753,98537
7037,97673
12825,100083
9270,98562
10422,98492
33734,106664
13562,100304
86602,120361
31171,104982
30561,104983
458132,206105
103951,125026
1788244,491565
2161843,597887
416845,215225
7962,100106
8156,98320
7239,97853
10001,99511
8408,98513
7450,97259
13450,99491
10208,97744
15638,100545
34609,106367
13711,98814
87218,120404
31826,104260
29799,104283
459301,205174
103339,126079
1785066,497810
2185339,610898
423859,215700
8700,100106
8592,99404
7039,97889
9789,98878
8456,98076
7383,98363
12846,100815
9903,98810
10251,99167
34600,107391
13484,100669
86312,119675
31200,105710
30277,105783
462479,206282
104027,125607
1779762,483422
2175254,607238
423016,218109
7802,100004
8118,99569
6886,98471
8986,107114
9130,99428
7224,97915
13117,99287
9216,98365
10610,98526
33824,106167
13739,99826
87650,120513
31679,103839
30957,105196
460748,214590
103321,126478
1781451,489958
2158472,607581
418589,218060
8560,101984
7932,99490
7527,98786
10042,98980
8450,98933
7588,98199
13063,100868
9648,98470
15335,100993
34371,106015
13595,98794
87850,119718
32344,105071
30467,105261
462549,205756
103395,126088
1786766,499847
2180083,607758
426621,219050
8897,100820
8584,99433
7246,99353
9312,99677
8944,98646
6876,99187
13170,100124
9280,99233
10562,99954
34152,107432
13315,99103
86518,120451
31348,105463
30848,105271
458788,206472
103742,125261
1796195,491049
2180572,609431
424117,216566
7882,100597
8451,99151
7666,98285
9408,99234
8963,98455
7632,97319
13181,99696
9739,98412
10349,98651
33685,107223
13805,98729
86785,119195
31469,108953
30310,98272
465509,207625
104015,132649
1781641,481929
2173618,614687
418463,224414
8722,101808
8558,99343
7718,98557
9596,99231
8613,98125
7898,98017
12618,100064
10251,98839
15274,100981
34474,106441
13482,100104
87699,120575
31870,105706
29555,105211
461301,205782
103514,124634
1789991,490749
2164705,597965
425610,217583
8212,100787
8523,98473
7170,97674
9460,99462
8896,98484
7640,98127
13653,99701
9997,97721
11374,99568
34438,106858
13548,99416
87662,120640
31665,105465
30842,105078
462569,208100
103001,125774
1792887,486323
2182169,608662
422945,218713
8728,101340
8283,98980
7350,98416
9637,99656
8678,99390
7120,98464
13048,100828
9747,99045
10689,100508
34653,106221
14285,99692
86844,120494
31703,105909
29980,104606
463817,205503
103651,126822
1797378,494757
2164635,615479
428936,215624
8101,107613
7790,99266
7212,97108
9710,98662
8328,98107
7484,97502
12541,99233
10071,98993
15258,100259
34263,105792
13129,99207
87633,120026
32373,105536
29425,104188
457194,206558
104771,125212
1787524,489245
2164089,598473
425091,216010
8561,100655
8388,99097
7247,98264
9476,99851
9012,99507
7499,98347
12978,99019
9842,98087
11171,99392
34488,106794
13172,99323
86407,119865
31256,105222
30126,105307
459922,204919
104177,126690
1778929,490164
2195030,606689
426095,214171
8304,101853
8850,99838
7007,99084
9393,99578
9168,98897
7184,98339
12948,100559
9397,98175
11107,100261
34105,107266
13851,100287
86635,120898
31696,104850
30335,105082
457288,205217
104562,126354
1783914,500140
2168117,604209
421136,215493
8073,101475
7704,100250
6937,100184
9688,100548
8849,98106
7614,98177
12973,100784
10009,99195
15565,102539
34232,106671
13760,100111
88230,121435
31545,106870
29737,105259
460013,205396
102935,126813
1775716,494509
2183302,612415
428003,214955
8233,100927
7730,99483
7269,98276
9705,99821
8722,97828
7115,97483
13437,99588
9580,98564
10440,99545
34480,105602
13469,99023
85967,121307
31137,104312
30731,104889
459112,207207
103844,126037
1768512,485199
2188924,613152
423627,218510
7588,99909
8520,99953
6750,99036
9408,99233
8845,98754
7712,98172
12873,100538
9659,94223
10246,99985
33658,106491
13942,93109
86457,120839
31955,105145
30565,104788
459767,205745
103099,126825
1772997,485296
2188977,605102
418743,216311
8474,100067
8103,99523
7795,98086
8849,99538
8262,99358
7364,97783
12219,99251
9850,103648
15888,100283
34835,105458
13735,99703
88118,121451
31455,105824
29934,100109
463547,206302
104167,125867
1775525,485051
2171828,613969
429421,224025
7986,99752
8808,99156
7144,98025
9852,99695
9193,98661
7222,96481
12984,99546
9551,98335
10197,98916
34228,107129
13670,99460
87246,120382
31526,105058
30524,105145
456316,205931
102653,124643
1767803,483675
2174084,605946
424173,217252
8451,101240
8343,99907
7377,99000
9831,99673
10110,98932
7929,99085
13919,99080
9689,98442
10784,99119
34046,107154
13638,99482
87549,121264
32161,104627
30427,105224
458639,205353
103797,126992
1790860,495205
2175504,605662
420658,213157
8113,100301
7949,98312
7355,98493
9798,98925
9182,97449
7275,97607
12632,99443
10510,98692
15780,100696
34680,106945
13909,99360
87532,121276
32256,105904
29964,104520
460741,206084
102884,126233
1775214,490464
2187844,612144
425230,216211
8350,100650
8687,98248
7167,98741
9692,99312
8659,97965
7069,98016
13177,99552
9334,98831
10641,98399
34960,106052
13434,99868
87861,119608
32032,105418
30285,105046
457726,206174
102998,127127
1784176,488019
2187189,605351
421245,218044
8918,100133
8112,98865
7258,98937
9205,99320
8775,99147
8039,98025
12821,99941
9313,98012
10658,105388
33588,106029
14122,99477
91732,119617
31306,103994
30146,104779
458890,205082
102761,126929
1761259,488984
2168471,611349
427514,216898
8277,107846
7831,97310
7758,99559
9616,98861
8481,98933
7358,98675
12395,100267
9739,99151
15487,99963
34106,105390
13644,99705
86089,119799
31552,104854
29109,105301
458254,204910
101932,125367
1767526,484453
2155495,597106
425217,216348
7742,100037
8059,98468
6880,98154
9351,98996
8940,99281
7297,97840
13253,99970
9301,98285
10077,99488
34378,107429
13652,100096
86118,119394
31800,105077
30166,105042
456576,205082
102415,127584
1771272,491488
2155612,600708
423148,214735
7948,99640
8998,98706
7215,98522
8960,98893
9152,98282
7980,98102
12790,100515
9257,99186
10942,98816
33476,107021
13699,101696
85431,119180
31718,106423
30091,105527
456341,205308
102568,125612
1774911,487017
2161843,602074
413396,215758
7799,101637
8290,99881
7090,100359
9879,100176
8775,98833
7507,99545
13107,100963
9647,99619
15214,101373
35158,106719
13210,99183
86482,121577
31977,107535
29416,105805
455202,205808
102077,126080
1765841,489760
2167838,602666
422062,215008
8836,100711
8694,98887
6816,98120
9180,104581
8330,97561
7197,103746
12870,106952
9152,104108
15895,100209
29821,110106
13242,98686
86727,121472
30961,104428
31643,104829
459983,206465
102434,126308
1761442,489558
2157164,608347
414065,215600
8823,100611
7667,98581
7053,98836
9217,99680
9180,99047
7351,98616
12825,101175
9724,100218
15170,101039
34016,106938
13254,99528
85913,121449
30607,105536
30016,97507
455246,204446
102810,125577
1771069,480802
2154657,608094
413558,216030
8391,100578
7508,98509
6952,98383
8887,100280
9024,97880
7179,98276
12778,99849
9166,98240
14994,101158
33705,106864
12858,98855
85271,120528
30415,104289
30113,105882
453182,205829
102914,125174
1758034,487258
2164454,592822
416683,215647
7885,99371
6813,98105
6680,98369
9323,99914
8832,98581
6897,98205
12122,99954
8860,97999
14894,100693
34337,106529
13392,100640
86767,120635
30150,105285
29853,105616
453957,206594
102979,128837
1740143,483245
2154902,603718
412611,216086
8103,101802
7539,99417
7136,98787
9175,100736
8872,99836
7175,99062
12674,100829
8758,99156
15553,101456
33789,107656
13384,100092
86634,119137
30334,110614
30256,97108
461199,206563
103053,131805
1767363,490289
2157409,618778
413840,225635
8822,100382
7793,100328
7031,99158
9674,100373
9024,98733
7576,98229
12580,100547
9348,99090
14987,100612
33972,106661
13655,99946
85180,120225
29960,105404
30496,105862
455982,205420
102817,125902
1751425,484996
2144241,604584
411944,214322
8736,100527
7678,98608
7647,99405
9910,99959
9362,98130
7707,98992
12983,101651
9262,99336
14992,101404
33759,107100
13639,99265
85939,121456
30511,105633
30595,105167
454606,205809
102784,125655
1757034,492878
2160041,603492
412466,215590
8169,100573
7039,97974
6739,98879
9288,100098
8690,99134
7522,98719
13098,101424
9417,98607
15340,101718
34485,106632
13130,99779
85788,121292
30470,104864
30322,104818
455894,204981
102740,126681
1757760,481936
2164718,607264
409544,216763
7547,101885
7124,99974
6755,99109
9347,100607
9138,99397
7174,99510
12440,101318
9076,98693
15123,101129
34061,108410
13270,105505
85635,128177
30155,106138
30708,105183
461803,205231
109254,128569
1752062,486036
2153797,615785
416983,222709
7751,100977
7396,99024
7034,99751
9642,100037
9008,99996
7030,97834
12385,100417
8719,98722
14721,101003
33644,106920
13201,99268
85454,120729
29980,107011
31022,105672
451937,205418
102797,125094
1766748,486538
2157551,596504
411744,213636
8185,99897
7830,91615
7184,98718
9763,99021
8811,98609
7539,97177
12491,91438
8927,97796
14995,100181
33776,105629
13313,99015
85205,120314
30209,103628
30145,105165
457916,205657
103810,125495
1761492,486465
2154770,600041
412137,213827
8209,101065
7437,98817
6774,98099
9498,100269
8689,99282
7193,99243
12979,100558
9338,98074
15014,101645
33850,105855
13420,100159
85106,121503
30970,105931
30563,104458
457852,206777
102397,127174
1777750,485699
2169647,600926
414678,215104
8677,100642
7706,99369
7078,99626
9432,100699
9204,99038
7299,98628
12153,106349
8751,99923
14923,100863
34616,113268
13274,100638
85518,121362
30244,111406
30255,105165
462396,205184
103514,134165
1774846,485053
2158996,614213
413769,222590
8238,101437
7551,98884
7145,98461
9957,99348
9358,99629
7626,98602
12797,99978
8873,100055
15239,102308
34321,105796
13320,99208
85292,120925
30677,106463
30361,105133
458373,205259
103106,126187
1775322,485442
2143587,602103
415154,212723
8115,100200
7474,97719
7716,97629
9527,98347
9210,97160
7572,98014
12933,99911
9437,98288
14939,100106
34543,105333
13162,99015
85443,120790
30337,104907
29774,104464
458400,205048
102329,124816
1768532,484603
2178921,604913
413243,214206
7950,100502
7634,98268
6943,98922
9705,99653
8834,99345
7572,98657
12918,100881
9088,99282
15235,100832
34361,106814
13587,100745
85700,120454
30131,105189
30745,98933
459461,204838
102938,125670
1756001,482252
2150807,600999
413133,214231
8403,100841
7465,97956
7023,98606
9214,98442
9178,98207
7490,97993
13250,99411
8876,98286
15144,100205
34418,106487
13795,99658
86253,119358
31411,104478
30969,104535
455343,212499
101939,125803
1765903,486768
2161003,598273
415037,217168
8391,99875
7763,98191
7817,97913
9737,99541
9398,97513
6961,97362
12605,100899
9320,99008
15467,101880
33702,106825
13293,100791
86709,120651
31241,104785
30682,105258
456487,204672
103122,126374
1763156,487527
2159093,602109
420136,215327
8625,101012
7484,99538
7078,99032
9442,99700
9097,98460
7499,97861
12853,100645
9096,98370
14873,100314
33955,106634
13726,100575
85529,120817
30795,104465
30344,104580
454755,204471
103207,127823
1769241,487336
2177509,606977
414060,215733
9234,101256
7460,99504
7420,98859
9602,99998
9799,99260
7517,97790
12654,100978
9241,98337
15132,101091
34125,106406
13155,99754
85863,121594
30894,105268
30332,110423
458696,204998
103605,126417
1760457,484701
2161916,609256
427953,214045
8397,101236
7524,97450
7735,97237
9640,99605
9244,97410
7923,98228
13233,99256
9144,97839
15203,100473
34776,105582
13298,99069
85742,121468
30926,105102
30421,104579
457100,206487
102491,126822
1785216,489510
2169421,605027
417491,215474
8933,100877
7443,99113
7582,99387
10001,99571
9362,98592
7716,99340
12768,99909
9619,98471
15458,101311
34855,107053
12992,99352
86479,121400
30360,103937
31085,104575
457053,205434
102590,124944
1766513,493974
2168368,604018
412033,214458
9117,98725
7418,98702
7297,100238
9625,99649
9443,99042
7376,98760
12939,101014
8832,99059
15302,99921
33836,106751
13070,99699
85412,120709
30425,104598
30348,104549
456419,204429
103713,125972
1763558,481822
2169868,600748
413157,212688
8333,99965
7687,98723
7045,99357
9529,103838
8985,100191
7568,103006
13299,99859
8992,103533
15323,101415
34340,106043
13633,100056
85734,121426
30127,105398
30622,105486
459490,211794
102148,124354
1765550,483545
2149361,600399
416553,213240
8559,102094
7599,99384
7550,99101
9942,100312
8924,99743
7164,98506
12510,100279
9476,99584
15741,102662
34269,107015
13522,100706
86272,121579
30559,105187
30375,106262
456765,205469
103653,126166
1780684,487740
2173228,597577
415202,214511
8136,100259
7652,99636
7618,98704
9391,99468
8908,98859
6716,99035
12141,100161
9363,99193
15271,101288
34064,106189
13259,100244
85225,121415
30024,105679
29843,105399
454386,204449
102803,126440
1766277,486710
2160543,593420
412634,205563
8043,101117
7322,99859
7331,98538
10025,99357
9662,98606
7488,98693
13006,100042
8957,99233
15767,105895
35373,106798
13819,104769
86146,128142
30745,105552
30222,104949
458935,206700
103073,126581
1773419,483975
2167310,610498
413938,222623
9045,99029
7779,97164
6706,98482
9526,98761
8760,99220
6756,98098
12120,99988
8693,98799
14864,100539
33954,105535
13210,98739
85246,119670
30000,105126
30197,103210
456278,204578
103585,124896
1772634,481072
2155697,597407
415737,213180
9120,100500
7700,98439
6958,98292
9698,99618
9114,99696
7429,98425
12780,100334
9205,99032
15228,100567
33673,106664
13368,100131
85257,120910
30150,104921
30312,106029
456725,206289
102806,127197
1769134,480916
2155860,603946
411479,215637
8087,99192
7402,98308
6930,98933
10240,99840
9221,99280
7603,98813
13008,100132
9235,98618
15553,100330
34202,106377
13540,99908
85720,120894
30410,104919
29967,105055
456770,204600
103175,125889
1758300,480844
2165284,600279
423099,218912
7951,101910
7943,103656
7089,104267
9252,99618
8893,98578
7579,97887
13169,100412
8761,98382
15204,101152
33731,106884
13252,99888
85408,120562
30692,104782
30487,105591
452770,205692
103158,126326
1777478,488018
2168800,603665
412587,215972
7972,100293
7610,98042
6813,98630
9413,99064
9410,98969
7406,98077
12787,101946
9214,98639
14960,101380
33613,106509
13511,98917
85651,121182
30498,105662
30805,96858
461565,207371
102195,125470
1774672,498884
2170258,603199
411551,215635
7840,100518
7111,99164
6551,99734
9506,100454
9533,99832
7063,97564
12806,100412
8921,100685
14681,101774
33926,107093
13334,100355
85508,121423
31264,105588
30079,105325
457499,206622
103113,126617
1767029,487069
2182272,597515
412164,213806
8250,100293
7653,98362
7437,99615
9630,104086
8725,98420
7406,103725
12440,105601
9141,98778
14752,100469
38931,107672
13198,99769
86286,121551
35318,106032
30174,105390
459491,206722
103894,125543
1757531,485326
2160408,617686
425701,215309
8146,100738
7529,98998
7325,98420
9757,99195
9167,99366
7169,98750
12341,99854
9037,98633
15336,99955
34403,106449
13594,99241
86278,121817
30221,104064
30472,105046
454084,206486
102835,126417
1763055,487723
2162420,596033
414196,216865
8095,100377
8018,99398
7056,98925
9514,100333
9288,99433
7363,98376
12639,100569
9533,99766
15091,101582
34288,108068
13366,99091
85803,121415
30317,105415
30460,105622
456946,205070
103033,126575
1769149,484535
2145371,605021
416073,215714
8968,99427
7989,98893
6570,98851
9759,99302
9120,98637
7422,97789
13138,100326
9002,98045
15471,101183
34069,107309
13508,100448
85767,122569
30200,105217
31146,99507
454568,199861
102556,116794
1764209,501119
2172872,600376
414904,217976
8417,101298
7153,99054
7341,97563
9611,99683
8709,98619
7066,97997
12621,100434
8922,98945
15064,101954
34126,108228
13664,100627
86507,122528
30451,105357
30703,105225
455629,205575
103024,124749
1760804,485055
2173919,600236
415900,217051
8657,101381
7912,98914
6888,98734
9498,99941
8835,99217
7120,99005
12255,100486
8860,98729
14506,101423
34342,107339
13864,99839
86887,119569
30514,105251
30510,105413
454485,205935
102573,126292
1755634,485750
2174958,609655
410036,216530
7968,101511
7176,99043
6808,99619
9448,100317
8693,99574
7104,98203
12519,100465
9089,99169
15404,101339
34181,107368
13605,100460
86140,121570
30400,106769
29780,105968
455796,206481
102673,126020
1758800,484607
2180011,602572
415412,215715
8088,101322
7940,100602
6648,98945
9657,105068
8760,99646
7143,105091
12535,108109
9008,100422
14888,101106
33845,112166
13398,99961
84925,120617
30435,111367
30172,104969
462797,205611
110671,126668
1755624,489200
2153981,616291
414361,225208
8046,100015
7789,99773
7336,100058
9678,100198
8990,99946
7450,98985
12872,101073
9343,99043
15491,101986
34012,107339
13111,100597
85391,120987
30214,105205
30225,105366
457682,206695
102761,125142
1762732,485103
2155547,603120
419780,216269
7741,100844
7684,98555
6777,99250
9663,100066
8935,99435
7381,97803
12619,100868
9023,98306
15379,101118
34154,107254
13695,100193
86693,121565
31204,105660
29576,106803
455061,205252
103464,125793
1777848,487637
2164089,603652
424612,217734
8986,100250
8157,99914
6756,98588
9629,99168
8665,98202
6986,97924
12286,100186
9205,98923
9787,99079
34241,105233
13752,99888
85666,120325
31316,105339
29756,104983
454790,206343
102986,125619
1756097,501091
2175765,607114
419964,215506
8719,100477
7813,98093
6700,98509
9136,99159
8818,98193
7047,98687
12984,100562
8919,99957
10179,98384
33701,106371
13797,99238
86257,120937
31941,105661
30562,105713
456215,205596
103086,126377
1776768,488050
2167204,604561
414406,214850
8605,102323
8331,99906
7076,99629
9813,99735
8393,98068
7393,97969
12748,99978
9686,98716
15375,102340
34355,106074
13455,100195
86225,121305
32290,106011
29924,106676
454908,204943
102370,125513
1757481,486856
2179102,607490
418750,216956
9352,101822
7821,98997
6699,98473
9332,99682
8619,98721
7495,98835
13047,100680
9384,99078
10320,110603
33745,109140
14074,99818
91079,120267
31815,105170
29839,105141
464379,207261
103413,126699
1767330,485779
2176269,617172
432673,217670
8213,106904
8759,98777
7503,97080
9577,98418
9243,97915
7752,97485
12938,99984
9739,98608
10690,98708
33832,106030
13932,99593
86830,120432
31753,105282
30766,104206
457646,205135
103638,125811
1777083,485693
2164106,602216
418649,215360
8332,99903
7628,99270
7044,97620
9463,98530
9018,98241
7330,98166
13426,98854
10170,98629
15546,101274
35387,106878
13625,100611
87718,120113
33162,104542
29803,104462
461091,205390
103799,126820
1773747,488750
2176963,601302
424218,217394
8464,100469
8103,99538
7346,98067
9597,99910
8650,98477
6930,97864
12639,100088
9184,98624
9968,99354
34136,106872
13198,99941
87775,120589
30952,104867
29843,104515
459018,204723
103733,126087
1763078,499757
2186178,613214
422661,218584
7904,100717
8035,99835
7162,98617
9469,99659
8933,100044
6922,99413
12608,100153
9010,99880
10847,98838
34031,107125
13397,101288
86124,120558
31332,104932
30333,105433
459570,204907
104138,126593
1779506,486512
2181529,611720
421076,216254
8947,101076
8494,99329
7434,99027
9424,100110
8745,98722
7471,98409
12668,101523
9740,100351
15740,102176
34639,106276
14020,101151
88666,121851
32111,106608
29957,104680
459523,206297
102969,125756
1766439,486620
2184060,606027
424217,218366
8586,103351
8066,99388
7165,100169
8829,100458
8183,103353
6782,99023
12956,100480
9424,98668
10025,98801
33659,107253
13496,99432
86682,120798
31823,105579
30053,104208
457367,211313
102575,126636
1784996,484864
2169313,606428
423512,217172
7919,100267
9643,99726
6962,98255
9017,97806
9265,98972
7459,98143
13176,100090
9280,98710
10743,99146
34359,106746
13640,99507
86393,120195
31824,105179
30650,105047
461681,206903
103273,126892
1791760,488145
2167839,604989
418226,215862
8098,101581
8337,100903
7244,99897
10032,99918
8795,99606
7647,98597
13362,99936
9732,100501
15467,101459
35367,107313
14418,99686
87406,119738
31143,106430
30000,105896
456072,206169
102697,127447
1781423,499363
2198545,602917
425462,214490
9388,99721
8042,99331
7144,98336
9780,99484
8723,98144
7255,97393
13420,100339
9571,98597
10520,100590
34353,106247
13311,99879
86622,120254
31081,105031
30083,104301
459865,205955
103239,125648
1780593,491042
2184850,604891
423009,218378
8231,101459
8446,99008
7677,98174
9815,99413
9245,99041
7143,98549
13015,100183
9312,100008
10393,99944
34236,107232
13886,100232
86455,120852
31458,105407
31161,110971
461063,206921
104614,126246
1766524,487646
2175079,615251
429517,216346
7714,100115
7866,98899
7091,103136
9414,99703
8497,98487
7519,98557
12689,99640
9967,99403
15089,101187
34648,106388
13935,100554
88100,119721
31713,106263
29500,104917
457579,205566
103135,126947
1776034,489787
2172766,599888
426037,216417
7979,100454
7907,98170
6393,97901
8850,100855
8440,97950
7456,98005
12679,99410
9495,98831
10158,99699
33948,107043
13776,100302
86121,120888
31613,104472
30087,104670
457695,205025
103766,126315
1777895,491937
2173865,597938
424741,217907
9367,99857
8819,100595
7691,98584
9128,99220
9100,98102
7603,97542
12792,99917
9196,99300
10237,99976
34334,106637
13563,100348
86349,119995
31925,105133
30497,105811
459795,206062
104634,125737
1771328,491364
2195247,606345
417990,216724
9090,101678
8211,100506
6828,98525
9422,100785
8722,98581
7559,97971
12586,101517
9424,99762
14899,101101
35444,106884
14353,100558
87435,120929
31699,105422
30182,106316
459196,207212
104213,127360
1768169,486274
2176992,601994
423010,219699
9143,101439
7993,101282
6721,99631
8928,103771
8062,100471
6950,98098
12558,100039
9101,103749
10065,99206
34105,106297
13743,99730
87188,120179
30968,105799
30446,105144
459279,214430
103092,126538
1779808,482703
2181041,606485
424750,217688
8503,101204
8637,99402
7170,98078
9673,99935
8975,98209
7602,98671
13358,99863
9569,99338
10576,97943
34084,107427
14372,100067
86392,119946
31378,105384
30826,105033
458619,205562
104504,125676
1782870,483965
2174585,601040
418468,217310
8979,101252
7947,100090
7634,99158
9740,99221
9137,99169
7511,98789
12523,100728
9727,99772
15141,101214
33878,105692
13637,99927
87806,120615
31949,105283
30108,105369
463690,206806
103031,126948
1777171,487307
2180362,607910
423146,218114
9123,101727
7890,100072
6737,98987
9190,100250
8649,98851
7055,99010
13297,100774
9615,99685
10426,99957
34267,107271
13408,100543
86931,121888
31866,105719
30401,105552
458753,206357
103808,126175
1771212,489863
2184777,600357
422793,216760
8868,99718
8243,98171
6796,98529
9215,98793
9204,99692
7670,98325
17599,100652
9226,98740
10831,99319
39165,107215
14172,99964
86908,120579
31740,110360
30128,105390
465158,205577
104057,131339
1773523,485917
2175256,616187
420086,221308
7971,99187
7776,97919
7136,97607
9886,98475
8977,98748
7476,97580
12665,99719
9634,98523
15254,100856
34183,106780
13723,99840
86935,119561
31642,105076
29846,104619
458794,205028
103112,124066
1777120,488534
2173806,601930
423049,219434
8657,101109
7891,100416
6751,99375
9508,100244
8473,99184
7065,97540
13292,100022
10076,99139
10164,99610
34132,107513
14036,100479
87486,119950
31127,105225
30561,105187
459211,206174
103498,125439
1769524,499003
2177275,605778
425608,215753
7978,100998
8329,99419
7060,97803
8860,98426
8508,98600
6924,98033
12934,99817
9068,98537
10565,99045
34359,107237
13885,99959
86710,120330
31338,104418
30332,105510
459751,205642
104035,124919
1787621,489755
2183963,605685
416746,215777
7938,100724
8292,99604
7578,98388
9325,99900
8195,98862
7380,98050
13620,100591
9985,99780
14637,101720
34088,107785
13157,100106
86972,120535
31565,111838
29788,105185
468199,207401
109034,128888
1780568,481255
2164836,613165
423350,222315
8448,101003
7299,98519
6435,98034
9052,98634
8240,97373
7134,96982
12777,98835
9355,98609
10019,97784
34276,106688
13191,98182
86445,119953
31073,103976
30568,104657
458030,206087
103258,126734
1778981,487216
2181608,609183
423252,216890
8748,100111
8378,98639
6721,98743
9666,100225
9098,98999
7572,99774
13021,100805
9643,98624
10445,99627
33611,107291
13925,100572
86754,121861
30886,105169
29961,105122
462644,206858
103715,127599
1790007,487902
2191492,609074
417100,213952
7821,101633
8297,99248
6872,98203
9882,99413
8666,99120
7771,97863
13057,100669
9724,99417
15501,100583
34741,107143
14911,100971
87520,120655
31591,106108
30098,105360
459350,207123
103863,127192
1781125,489591
2203540,615452
424691,218028
8536,99949
8756,99095
7212,99245
9372,99260
8684,99275
7330,97801
12849,99743
9940,98581
10714,100372
34058,107287
13537,100007
88066,120978
31626,105977
30384,105169
458875,215739
103137,125324
1785787,489459
2183546,605253
424478,215559
9663,100160
8186,99254
7020,99410
8767,99350
8513,99196
7321,98614
13080,99612
9486,99006
10285,99037
33435,106487
13628,101410
86676,120404
31991,104953
30667,105486
461417,205694
103417,125958
1796291,491817
2185382,598966
419289,218015
8461,102370
8465,100057
7448,98023
9541,98965
8421,98861
7794,98217
12124,100538
9593,99387
15587,100826
34412,106670
13540,99575
87020,121360
32174,105048
29663,105699
461100,206567
102845,125986
1792706,484503
2190498,608231
421427,216697
8542,100370
8093,100052
6607,99708
9185,99952
8484,98955
7017,99391
12994,101457
10005,99586
15692,101100
33692,107345
13807,99270
92905,122148
31326,105890
30115,105512
469986,207540
103270,127137
1789428,487428
2173108,615007
429658,218461
8035,100548
8383,98798
7120,97962
8962,98999
8913,98949
7609,97520
12960,99551
9035,98371
10179,98645
33924,106485
13837,99545
86588,120585
32299,104890
30247,104093
457120,205875
103742,124986
1804054,488273
2173006,600669
419923,215285
7705,100596
7715,98545
6988,98160
9257,99308
8076,97073
7270,97308
12047,98620
9391,98534
14777,100851
34112,106544
13997,99941
87545,119637
31189,105284
29566,104909
459397,207201
103586,126368
1795310,489481
2191749,604907
424471,219256
8368,101655
8750,99562
6858,98803
9174,99685
8998,99248
7023,98956
13173,101069
9755,98484
10204,99576
34004,107042
13456,100093
87174,121417
31077,106206
30291,105536
458423,205704
102686,126994
1788212,484572
2186636,604801
422465,214823
7758,101876
7991,100077
7077,98907
9004,99200
9079,102925
7270,97916
12739,100431
8974,98835
10859,99441
33302,106118
13698,99625
86883,121013
31600,105274
30383,104955
458958,205209
103430,126023
1801467,500992
2178770,612727
420037,214821
8148,98597
8373,98631
7670,98271
9515,99143
8728,98994
7837,97407
12353,99917
10319,98704
15309,101760
34863,106791
13865,99427
87875,121114
31847,105076
29716,105100
458545,206127
103943,126937
1772097,488460
2181132,608540
424228,215977
8854,100306
8620,94662
6520,98473
9103,100197
8124,98581
7023,97628
13471,99704
9535,99658
10162,99256
34510,107573
13478,99085
87707,119789
31143,104605
30055,106200
458681,207137
103626,126531
1777400,490268
2176233,603683
424894,218195
9433,100270
8581,100018
7158,98048
9145,99913
8687,97929
7391,97917
12367,99894
9669,98977
10547,100282
33860,107072
13807,99719
86258,120120
31752,104890
30516,105026
459809,206807
103471,125887
1773344,485957
2190911,611192
420440,213391
8382,100395
8227,98969
7703,98188
9136,99381
8427,97778
7592,97174
13399,99774
9964,97096
15587,99557
35657,106937
14565,98360
88163,120359
32220,104771
30558,104656
460352,206799
103827,127294
1784551,491425
2190776,607025
426584,217819
8325,99970
9126,99299
7221,99056
9861,98642
8194,98715
7371,98099
12687,100473
9510,98656
10295,99599
34531,106829
13407,98751
87302,120961
31597,104900
29711,105369
458355,206856
103347,126489
1769542,490108
2179425,606364
423878,217493
7988,100240
8246,98820
7042,99504
9282,99839
9085,99432
7556,98277
13114,99355
9510,98529
11469,99110
33670,107222
13673,100560
87388,120838
31982,104181
30332,104967
460572,205616
104166,126671
1778223,484712
2180252,609527
417971,216267
9160,101945
8528,99183
7071,98283
10060,99287
9230,99646
8018,97970
13624,98901
10273,103929
16285,101272
34970,111366
14092,99319
87813,119710
32190,111740
30118,105836
463955,206031
109130,127192
1772489,490394
2180729,621537
434624,216242
8479,99976
8788,99490
7016,98676
9490,98895
8650,97995
7042,97776
13537,99361
9229,99355
10048,98859
34059,107228
13981,99976
86702,119534
31707,103422
30217,105353
459855,206458
103520,125758
1784716,491266
2178076,607133
426992,217980
8026,100439
8510,98505
6961,97924
9202,98465
8843,98429
7176,97467
13325,99753
9193,97614
11030,98039
34308,106474
13933,99362
86995,120191
31672,104626
30268,104556
458185,205473
103696,125551
1788985,492199
2178894,606468
415006,215825
8037,100545
7505,98864
7688,98456
9711,99247
8438,98671
7730,98138
12812,99896
9576,99032
15883,101121
34457,106860
13746,99268
87306,119965
32463,105126
30186,105100
461049,207871
104540,125642
1798939,491506
2162451,606440
427616,216070
8847,99209
8405,99266
6765,98816
9938,99329
9033,99112
7056,98351
12665,100335
9572,98968
10445,100674
34643,106389
13695,99163
86246,121258
31744,104950
30728,104655
461484,205763
103811,125022
1761885,499592
2193310,603616
423965,214007
8020,101996
8210,99654
7421,97182
9412,98690
8869,98300
7331,97029
13185,99273
9451,99423
11209,99333
34361,107082
13906,99508
87090,122447
32269,104967
29772,97408
458151,208458
104115,125986
1788958,488139
2183677,606420
416933,215891
8432,100470
8276,100183
7324,98051
9486,99952
8644,99281
7524,98238
12050,100399
9383,98779
15359,101282
34255,107160
13933,99254
87037,119996
31818,105799
30043,105415
458272,205675
102527,125682
1770012,489244
2194079,613358
423375,215305
7863,100266
8267,98823
6916,97767
9633,99281
8476,98489
6898,97549
12864,99652
8830,98041
9680,99123
34150,106945
13553,99115
87201,121067
31853,104958
30153,105719
462047,206003
103725,126417
1768572,486840
2181871,608759
424578,215244
9304,99013
8573,98631
6964,98320
9188,104274
8824,99475
7296,105411
12582,99111
9399,98960
10348,98936
38693,107078
13700,100048
86711,119386
36059,105218
30781,105299
462881,206151
104431,126273
1770916,489014
2173173,619567
426050,216985
9311,101145
7833,99887
7739,97550
9639,98740
8449,98921
7799,97429
12649,99834
10011,98660
14908,100029
34352,105781
13267,99110
86794,119961
32186,105192
30441,104834
459483,213768
103433,126018
1779947,492499
2171851,606610
430712,215386
8883,100589
8301,99197
6922,98230
9899,99430
8815,99292
7451,98041
13194,100807
9437,97750
10476,99555
34465,107928
13382,99876
87444,121076
32021,105166
30600,104556
462119,205828
103283,126105
1777860,491352
2173527,607340
423306,216823
8155,100884
8323,99072
6583,98822
9393,99012
9257,99408
7441,97655
13122,100379
8850,98455
10239,99486
34121,107830
13732,100973
86750,121139
31408,105017
30544,105043
455765,205684
103318,126706
1788013,489808
2180268,605177
420748,215573
8553,103451
9318,100105
7754,99964
9852,99923
8754,99555
7937,98295
12845,99760
10165,99470
15876,102172
35858,108125
14016,100103
87275,120327
31897,106111
30422,106039
456774,206109
103021,126355
1783133,499080
2188194,614339
424208,217460
8558,102100
7999,100094
7134,98824
9763,99823
8579,98505
7617,98932
13496,99707
9379,99204
17046,101052
29562,105313
13517,99336
87235,122144
30729,103958
32354,105496
458431,205608
104593,126141
1774944,486107
2183205,611681
418519,215865
8119,100057
7766,98641
6855,100525
9881,100157
9024,100144
7411,99163
12884,100007
9160,99309
15422,102236
34211,99501
13483,93203
87456,121393
30852,106486
30509,105168
459575,206675
104377,127236
1767966,487316
2180208,601184
418888,218236
7923,102977
7539,100933
7375,99871
9526,100916
9054,98617
7680,99005
12908,100729
9140,99524
15204,101097
35064,107856
13610,106468
86676,126757
31050,106651
30390,105114
468154,206470
104551,126059
1763997,485569
2172515,611976
427032,216507
8286,100761
7344,98397
6572,98997
9952,99257
9097,99328
7082,97311
12719,99299
8529,99194
15161,100783
34308,107074
13453,98999
86732,121484
31247,104555
30649,105448
459052,205102
103734,126952
1773988,484879
2161582,604647
416789,215017
8462,100421
8082,99252
7170,98822
9738,99653
9071,99819
7222,97913
13228,100177
8988,98345
15253,101396
34289,106721
13746,101114
87016,120982
31240,104378
30628,105796
459548,206151
103954,125824
1783647,487638
2177785,608468
418661,217060
8669,100510
7874,99780
6936,98695
10053,99380
8832,98966
7277,98378
12245,100259
8977,98996
15421,100679
34339,107590
13880,100068
87215,120795
30970,105041
30633,105868
458825,205722
104254,127111
1767158,487179
2172573,608109
416837,217375
8895,101074
7476,99107
6739,99358
9302,100771
8638,100889
7378,98994
12959,99790
9239,100099
15355,102101
35351,107437
14194,99400
86846,121224
30645,104996
30393,105585
458098,206316
103325,127220
1765991,483554
2187960,599514
419128,214493
8303,100395
7358,98110
6871,98631
9734,100318
8755,99302
7459,97667
12704,100456
8640,98119
21204,101809
34125,106817
13005,99847
87348,121361
31315,105504
29791,105245
458414,203978
104164,126384
1748652,487528
2165340,618045
428436,215125
8448,107708
7311,98428
7309,98832
9763,99415
9010,100096
7920,98214
13248,100544
8957,98589
15704,101158
35051,107304
14183,99436
86991,120917
30226,104837
30534,105626
459827,206216
103827,126895
1783691,493667
2169353,604071
419314,215377
8212,99645
7867,98584
7190,98343
9244,100032
8925,98986
7547,98396
12986,99648
9213,98926
15214,99979
34022,106671
13401,98749
87067,120841
31096,103802
30750,105372
458384,205604
104276,125598
1775008,486617
2174158,600542
418964,213865
8277,101512
7367,99429
6630,98773
9838,99089
8836,98343
7575,98180
13119,100369
9170,98790
15282,101065
34090,107032
14110,99348
87319,120897
30667,104487
30323,105449
456286,204937
103357,125558
1755915,485044
2184144,607633
415550,213151
8013,100089
7736,99108
7057,98888
10121,99692
9045,99574
7152,98340
13298,100175
8997,100011
15196,100544
34843,106988
13420,100089
87196,120611
31084,104399
30811,105177
459970,206898
105034,126650
1780779,489378
2177519,604769
413708,215363
8112,100824
8316,98870
7366,99658
9599,100054
8981,99645
7656,98768
12622,100123
9507,99183
15157,106535
34682,107026
13683,98885
86670,122299
30914,105183
31338,104921
459057,207490
104792,127602
1764050,484222
2184982,613351
432106,216200
8062,110696
7349,99146
6857,99779
10188,99498
9164,99528
7378,98175
12672,100797
8829,98521
14725,101614
34363,107097
13282,99751
86593,121944
30664,105912
30710,105653
456419,205425
104858,126974
1776695,491296
2167653,604799
421439,214833
8787,101705
8341,99529
7247,98671
10015,99877
9667,98928
6977,97844
13032,100053
9165,99002
15031,100922
34459,102105
13068,99558
86764,121635
30073,105633
30606,105681
455971,205007
103489,126915
1770848,499410
2197849,608569
419823,216744
9206,99916
8001,99463
7517,99213
9867,99910
9177,99739
7286,98500
12387,100488
9638,98971
15163,101515
34261,106352
13321,99933
86925,121017
30624,106276
30277,104856
457916,205850
103862,125144
1768401,483422
2177152,605266
419001,215041
8552,100773
8019,99047
7232,98473
10087,100237
9683,98407
8301,98348
13219,99828
9570,99398
15088,101014
34671,107082
13114,93677
86953,120697
30229,105074
30420,105092
455298,207670
104529,126330
1761908,486318
2181814,606056
426655,216357
8456,101285
7545,100453
7581,99824
9340,100345
9060,99791
7600,98697
12761,99756
9039,98584
15402,100826
34152,106674
13798,99927
87349,120786
30649,104852
31170,105860
456309,206760
103720,126713
1774431,487714
2174892,606480
418947,213306
9188,100099
7422,98775
6990,99038
9216,99831
9013,98456
6996,98686
12614,99268
8781,99827
14969,100514
34293,107012
14123,99383
86955,122359
30815,106635
30490,106314
461595,207063
105084,126125
1784387,490236
2168585,598559
415777,217232
8431,99644
8007,98435
6947,99060
9382,99852
9334,98510
7300,97782
12641,100655
9370,98978
15227,100368
34571,106986
13098,99758
86419,121678
30543,104146
30494,105242
460648,205240
103737,125929
1771756,482958
2181984,610547
417234,216621
8075,100819
7463,97639
6917,98524
9293,98938
8821,97820
7465,97837
12696,99825
9125,98249
15320,101120
34095,105935
13530,99395
87443,120690
30770,105664
30420,104977
458526,205781
104381,125568
1762830,483898
2191737,604056
413179,216711
7903,101489
7796,98682
7014,99812
9737,99026
13618,98780
7097,97964
12425,99536
8809,98042
15560,100187
34212,106799
13029,99822
87079,120988
31546,104626
30495,105532
460059,212323
102701,125478
1776878,485774
2184712,599218
416804,216124
8043,100425
7754,98710
6697,98644
9171,99780
9491,97862
7581,97165
13340,100407
9209,98664
15316,101496
34662,107177
13710,100522
87633,119839
30920,105194
30688,105411
461829,205524
104749,126335
1785008,489549
2191892,601975
418518,214912
8660,99430
8375,98227
6653,98218
9643,99572
9257,98504
7502,96808
12807,100211
9471,98181
15066,100640
34057,106283
12866,99415
86694,120694
30251,104135
30476,106587
458893,206252
104148,126971
1789763,486860
2211871,599243
414626,215408
8569,99641
7825,98721
7136,97826
9926,99401
9084,98935
7467,98241
12469,99629
8974,98838
15178,101049
33882,106748
13432,98625
86858,121685
30965,104840
30279,111986
462435,205450
103934,125635
1772638,488481
2189377,603039
429137,217644
8002,100887
7600,103986
6890,104152
10040,99743
8690,97955
7441,97588
12906,100121
8547,98863
15252,100941
34442,106390
13798,99727
86745,121386
30995,104862
30759,105095
458999,205109
103822,126992
1789391,487257
2173823,604446
419640,218234
7735,100599
7843,98598
7064,98535
9402,99401
8681,98261
6855,97672
12188,100558
8845,98343
14962,100143
34047,106541
13585,99186
86458,120353
30219,104825
30352,96209
458230,205999
104014,126376
1771704,499685
2193008,602519
416356,216796
8272,101394
7444,98065
7304,99217
10116,100642
9443,99713
7750,98489
12457,101055
9205,99106
15425,101116
34546,107405
13722,100165
87732,120924
30694,106975
30803,106714
460119,204089
103969,125662
1766253,483774
2200239,612532
416763,215580
9091,100409
7472,98946
7721,99344
9119,100321
9008,100573
7507,99740
12665,100751
9021,100639
14908,101675
34567,113705
13389,99811
86820,121743
30087,105808
30344,104842
467564,207431
103682,133661
1789861,494532
2170464,618991
419585,223111
8889,100883
7591,98866
6926,99037
9584,100963
9001,99305
7355,98906
12413,101070
8763,98848
15332,100974
34131,106691
12899,99502
86325,121452
30960,105020
30369,106287
461168,206360
103906,126161
1786865,487778
2179021,604044
416522,215774
9002,99552
7514,98473
6804,98167
9972,99594
8935,99596
7308,97966
12937,100558
8819,98700
14967,100847
33865,106341
13417,99702
86093,120415
30245,105607
30755,104879
457371,206242
105215,126772
1798588,488972
2191807,613090
414488,216273
8080,101486
7264,99229
7143,99468
9501,99581
8832,99295
7046,99304
12661,100982
9236,99236
15054,101371
34389,106557
13528,100156
86636,121376
30154,105450
30357,105056
459646,205488
104642,126061
1763227,488557
2189405,612854
417444,217061
8555,100224
7580,99294
7424,99306
9714,98845
9038,98870
7456,98561
12913,100285
9212,100226
15410,100573
34727,105781
13318,99770
87051,120771
30686,104547
36556,105081
458961,205490
104597,125652
1753995,489171
2199753,601979
422781,216190
8012,100233
8636,99319
7281,99990
10467,99126
14139,99135
7413,98024
12743,100851
9209,98937
14924,102276
34941,105973
13763,99819
86716,120795
30762,105014
31012,105021
465494,207569
103650,135363
1768398,483960
2181906,619980
421437,223271
9710,100796
8055,99384
7250,99167
9600,99433
9054,98098
7964,97943
13424,99589
9614,99222
15509,101123
34374,105622
13873,100193
87265,120882
31123,104073
30424,104741
460799,206441
104098,126228
1770705,488372
2180905,608191
418980,216227
8395,101313
7473,99876
7202,99586
9580,98824
9048,98934
7254,97544
12720,101779
9460,99083
15417,101149
34073,107462
13345,100878
86775,121656
30295,105742
30807,104978
458686,205531
103690,126726
1769825,491700
2171614,608150
419663,214980
8998,100740
7447,98048
7086,99667
9571,98855
8895,98879
7844,97221
12999,100686
8719,99833
15672,100459
33755,106782
13245,99997
86241,121008
30705,105469
30380,107073
457847,206111
104023,126058
1769684,501882
2178821,608489
418550,216511
7981,100265
7914,98287
7070,99398
9737,100246
8764,99637
7443,98318
12700,99982
9159,99144
15172,100917
35353,106523
13023,99537
86943,120405
30241,104656
30602,105100
458848,206069
103692,125519
1760642,485911
2182178,605513
416156,214461
8509,101309
7599,98387
6993,98825
9342,100203
8926,97900
7546,97816
13172,99857
8861,98709
15629,100288
33981,107432
13725,100058
87389,121061
31278,104246
30896,105541
456552,206490
104664,125540
1763596,486536
2187781,611223
416046,215428
8550,100502
7882,98018
6930,99134
10034,98859
8733,98476
7243,97415
12672,99657
8958,97428
15300,101436
34527,106828
13160,99383
86116,121626
31096,104834
30951,105386
458077,203998
104208,125425
1761413,489711
2193673,609615
417126,217428
8422,102280
7337,98662
6983,99192
9691,105064
9030,99337
7094,102812
13177,105713
14039,99485
14718,101480
34515,112380
13590,100345
86865,120958
31074,111324
30407,105198
463979,205277
111254,127486
1762088,489561
2172863,608778
415696,219564
8307,99449
8132,98456
7074,98459
10448,99474
8925,98152
7399,97992
13216,100358
8852,98229
15262,101422
34341,106209
13654,99319
86986,121395
30357,105487
31113,104505
457887,205746
104186,126021
1768241,486712
2170397,606109
419605,216452
8390,101438
7451,98405
7018,98317
9709,100117
8707,98637
7724,97627
12850,99594
9099,98787
15284,100493
34628,106349
13517,99037
86401,120714
31780,105087
29866,104922
456412,206385
104365,125706
1784070,484474
2175398,608393
429095,216266
8375,98722
8091,98144
6929,97688
9835,99192
8650,99152
6810,98413
12954,100255
9527,98853
10299,99977
34712,106990
13666,100668
87939,121355
31920,105880
29842,105963
461631,206565
103521,126861
1763533,482471
2198456,611038
422676,218093
8695,101389
8220,99114
7299,98080
9444,99600
8925,98326
7510,97682
12706,99809
9331,98556
10694,98682
34037,106164
14734,98968
87429,119862
31270,104170
30752,104912
457983,205755
104093,125510
1775856,485828
2182346,605259
418460,215398
8515,101299
8045,99265
7281,98534
9536,99150
9600,100455
7682,99356
13185,101119
10182,98760
15415,107506
34935,107111
14844,100854
93697,119746
32418,107291
29843,104495
466615,206118
103488,126352
1781692,488352
2176436,611537
439729,217863
7804,107561
8176,98553
7350,97586
9455,98932
8314,97991
7612,97702
12633,99946
9221,98466
10143,98369
34464,106023
13541,98382
86609,120965
31682,105608
30211,104378
457757,205951
103454,124279
1775306,489575
2178505,613715
422774,216651
8302,100486
8463,98699
7396,98510
9700,98677
8784,97941
7156,97427
13751,99622
9418,99763
10958,99140
33990,107109
13900,99194
87040,121302
32100,104726
30870,105464
460168,206556
104450,127045
1804542,493164
2162463,603834
419477,214356
8220,99548
8926,100119
7762,98942
9307,99642
8788,99418
7625,98920
12806,100366
9838,100099
15362,101734
34862,106997
13944,100326
86580,120735
31718,104926
29636,105741
455579,205321
103198,126808
1772943,487922
2181588,616352
424513,219187
9103,101563
8137,100383
8340,98456
9730,100901
8948,98246
6958,97663
13314,100563
9044,98877
10104,98886
34399,106215
13564,100703
86727,120266
31110,103904
30075,104802
461906,205897
103479,125616
1770288,491535
2180510,608845
421433,218878
8302,100774
8323,98178
7666,97955
9509,98483
8861,99302
7883,98653
18315,99628
9534,98571
10445,98276
39865,106305
13414,99428
86556,119553
31420,109417
30562,105161
463079,207299
103704,131935
1786874,486908
2177318,610529
417900,224573
8321,100709
8258,98299
7192,98343
9417,98817
9075,98161
7544,97939
12767,99942
9775,98304
15447,100137
34616,106718
13839,99542
87175,120298
31571,106707
30494,105552
461195,205347
102804,125240
1781701,491489
2167174,598887
428918,215481
8791,100567
7962,98975
6964,98464
9510,99012
8735,97856
7665,98408
13242,99299
9546,98256
10410,99491
34911,106245
13403,99564
86707,119927
31070,104485
30498,105069
458150,205611
102932,124785
1778367,507134
2185247,601008
420602,215711
8145,98968
8286,98398
6767,97913
9147,99302
8645,98475
7852,98113
12736,99485
9237,98384
10303,98702
34562,106052
14380,99024
86934,119484
31718,104467
30698,105281
460108,206071
103841,125622
1771269,488089
2170983,613718
418925,215819
7846,100347
7473,99324
7568,99712
9431,99731
8732,97935
7812,97833
12763,100298
9881,98399
15299,106293
34799,106949
13548,100505
93618,120447
31763,105563
30049,104110
468375,206425
132105,129723
1762914,487822
2171032,610022
434696,218847
8630,107013
8603,99198
7159,99466
9507,99056
8307,99183
7051,99203
12860,99514
8911,97945
10173,99867
34332,106849
13815,99142
88224,121050
32218,104949
30393,104682
463916,204981
103288,125489
1773035,489725
2180890,606783
423328,215181
9215,99459
8376,98257
7270,97696
9012,98020
8899,99044
7714,97583
13111,99506
9004,98768
10553,99700
34306,106438
13902,99764
86230,119931
31590,104302
29996,105140
463238,206516
104274,125890
1783736,504987
2182256,609147
416717,215788
7892,101243
8222,99432
7132,98332
9759,100599
8682,98745
7947,98186
12802,99710
10058,97901
15625,100669
34871,106422
14169,99930
87259,120961
32261,105360
30898,105532
459654,206974
104178,125674
1777864,490599
2186454,609600
423708,217241
8187,101171
8131,97465
7391,97889
9724,100192
8951,97683
7259,97334
13328,100157
9441,98081
10542,99522
34509,105934
14080,99434
86494,119765
31187,103828
30308,105013
458592,206168
103126,125887
1765423,485065
2174646,604713
422100,215005
8688,100301
8702,99487
7641,99001
9556,98650
9048,101974
7615,97606
13338,99099
9894,98531
10890,99707
34495,106850
13947,100263
87064,119705
31829,104453
30941,105157
458996,212686
103746,125810
1781210,492772
2161882,598193
421251,215829
8470,100462
8080,98748
7696,98399
9355,98955
9163,98168
7658,98131
13179,99269
10049,98517
15096,99194
34773,107025
13825,100045
87130,120476
31827,105418
30543,104789
457730,205359
104149,125816
1795250,486617
2157092,604456
425253,216951
8875,100712
8721,100192
6845,98726
9589,99188
8542,98357
7337,97708
13061,100243
9630,98376
10343,98697
34458,105862
13145,98795
87540,120528
31600,104527
30872,104513
459683,206881
102871,125220
1769567,482828
2178955,602717
422668,216474
8694,100098
8300,99678
6848,97921
9064,99188
8909,98210
7291,97083
12471,98806
9378,98666
10723,99254
34059,106931
13807,100222
87964,120818
31502,105407
30564,105407
459077,204946
104289,126218
1777909,488760
2180088,606125
415047,214237
7911,100713
7909,98652
7088,98299
9204,99274
8582,97940
7793,97722
12767,99987
9478,98557
15186,100133
34686,111462
13565,95795
87801,120105
31379,111099
29979,104369
468047,205468
103189,132227
1773514,485953
2169479,624543
427795,221986
8159,101529
8331,98950
7125,98414
9886,99394
8561,98090
7608,98486
12834,99256
9383,98357
10027,99149
34023,107129
13313,98954
87256,119903
31323,103929
30246,104212
457213,205454
103502,125725
1775512,499839
2175914,606902
419437,217474
8294,100064
8943,98840
7207,99519
10230,98842
9281,99445
7465,98255
12861,99609
9430,98684
10860,99537
34872,106706
14090,100149
86374,119538
31586,104438
30273,104880
458496,205537
104540,126514
1777002,499204
2171101,616121
416850,215900
8200,100061
8078,99672
7612,98143
9694,99288
8563,99042
7479,98419
12623,98755
9884,100706
14909,101475
34902,106093
14019,100159
87304,120971
32441,105205
30126,105309
461548,207121
104216,125469
1784059,485049
2190753,603523
421036,214535
8550,99739
8190,99301
7418,97887
9598,99427
8565,98814
6830,97759
12564,100062
9502,98954
10251,99014
34387,106612
13755,99562
88258,120105
31203,105228
30340,109544
460086,205496
104134,125859
1758874,497808
2190397,622700
434553,219415
8426,101319
8459,105355
7329,103531
9640,98860
8663,97876
7741,98574
13262,100459
9221,98397
11091,98622
34652,106980
13987,100926
86345,120733
31638,105359
30989,105564
457981,206215
103600,127185
1772609,485159
2172298,608675
422206,217770
9003,100986
8238,98850
7285,98394
9401,99140
8546,98775
7118,97272
12538,99465
10187,98927
15256,101385
34627,107266
13709,100209
86990,120202
32239,104642
30148,104065
460020,206107
102376,125964
1785353,489223
2173497,616703
426314,215823
8954,101214
7608,99858
6489,98616
9485,99838
8806,98537
7142,98010
12654,99560
9332,98372
10120,98485
33907,107358
13901,99942
86482,120967
31525,104903
30434,104534
457873,207749
103086,128018
1774892,488073
2186684,600942
419756,213617
8035,101096
8284,99050
6876,98174
8781,99703
8539,100074
7562,98713
12793,100888
9445,98896
10650,99556
33761,107166
13923,100232
87118,121988
31619,105349
30982,105613
460568,205844
103390,127219
1776573,484159
2176361,599831
413315,218607
8059,101410
8137,101018
7170,100547
9963,99485
8149,97981
7485,98521
12852,99771
10021,99119
15355,101481
35118,107242
14414,100481
87637,121225
32129,106183
30203,106584
460932,213590
103722,127780
1789538,483736
2184346,608645
426175,217080
8505,100123
8891,100452
6995,98360
9809,99011
8482,98606
7028,97713
13273,100592
9293,98250
10241,99767
34437,107102
13714,99092
87027,120224
31089,105806
30064,105614
458396,205658
102994,126275
1778206,485247
2166785,606867
420941,218250
8867,100081
8965,99388
7073,98008
9329,99072
9173,98667
7307,98141
12875,99854
9310,99188
10382,97845
34889,106777
13686,100524
87373,119940
31606,104003
30186,104564
460814,207752
104385,126791
1782998,489588
2178365,602146
415101,216666
8080,101104
8203,99540
7434,99135
9467,100243
8334,98604
6931,97474
12330,100564
10315,99100
15133,101678
34832,105659
14684,99938
88923,120923
32498,104997
30318,106179
459637,204652
103584,126348
1768032,485876
2201731,605759
423069,216829
8112,101121
7778,98647
6758,98136
9323,99193
8450,103025
7085,97643
12860,99880
9715,99032
10360,99138
34828,106031
13277,99443
86984,119411
31275,104486
30396,104434
459728,205977
102977,125281
1777686,485293
2169280,601516
427691,217342
8225,101923
8006,99638
7249,98812
9117,98812
9073,99156
7560,97277
12714,99615
9002,98552
10688,98368
34273,106062
14459,99518
87300,120222
32098,104132
30566,104630
464300,204942
103711,125649
1801444,489193
2173917,603729
416450,216961
8380,100545
8602,100094
7630,98801
10388,100213
8905,99368
7685,98478
13498,99792
10300,99612
15932,101427
35257,107061
13590,100230
88782,121049
31691,105474
29806,107540
460668,206665
103031,127695
1785539,486756
2193354,591246
429061,214495
8285,100246
8682,100252
7068,99081
9502,99842
8884,98053
7026,98157
12948,101606
9358,98390
10481,99370
34787,107038
13867,99514
86806,120669
32148,104778
35068,105587
461861,207047
103367,126069
1765052,490483
2199334,603905
435921,217007
7786,98886
8439,104420
7616,102923
9134,99975
9323,97597
6942,97244
12999,99407
9427,98224
11130,98827
35505,115421
15812,104108
87277,121661
32413,106435
32209,105975
472813,209750
104827,126842
1792941,495885
2209104,614512
417717,216514
8267,101475
7979,99289
7361,98505
9716,99429
8778,98756
7623,98528
12762,99481
9801,98635
15243,100549
34282,106208
14005,99522
87795,121264
32357,104959
30264,104080
456538,204999
103920,126948
1785842,491857
2195393,604465
426258,216585
8117,100293
7911,98614
7045,98272
9021,98123
8327,97950
7082,98300
12898,100829
9570,98030
10288,97674
34531,105883
13507,97779
86400,120956
30993,103719
30021,105036
461530,207868
103461,126485
1789456,482923
2192269,609758
423364,216807
8633,99865
8195,99296
7327,98548
9530,99600
9016,98791
7248,98211
12854,99724
9703,98228
10764,99673
34659,106378
13951,100091
87013,119976
31398,105583
30146,110388
460035,205805
103821,126942
1775831,487280
2193874,616728
429184,216561
8222,100706
8625,104107
7371,103639
9450,98334
8910,97560
7419,97676
12739,92950
9634,98646
16037,99697
34497,106689
14466,100697
88040,119355
32194,104747
30139,105322
458988,207421
103226,125404
1787036,487480
2185815,605176
423028,215653
7821,100371
7767,99204
6776,99643
9264,99196
8262,99533
6940,98399
12611,100495
9005,99210
10169,99843
34125,107746
12902,100562
86945,120465
31169,105641
30163,105915
460471,206126
103034,125965
1794827,494802
2167395,606324
421864,218562
7872,100363
7623,98461
7269,98837
9526,97761
8860,98271
7323,97578
12700,99628
9300,97846
10803,98397
34242,106484
14427,99038
86336,121491
31764,105264
30753,104937
462161,208378
104034,126436
1792897,486945
2181858,607029
417061,215076
8101,100931
8897,99156
7677,98991
9697,100110
8608,98341
7594,97823
12584,100753
9723,100174
15163,100748
35022,107689
14539,104648
87427,127242
31585,111912
30109,103679
467293,204757
103284,130865
1803165,488331
2175821,625159
424320,221665
8012,101428
8755,98604
6916,98737
9497,99217
8827,98480
6950,98166
12618,100171
9502,97848
10232,98732
34220,106634
13631,101115
86803,119886
31462,105216
30486,106450
462637,205797
104146,124920
1801028,490429
2174255,604391
423198,220575
8336,99732
8666,98405
6991,98276
9887,99439
8712,99246
7209,98615
12872,100533
9790,99440
10238,100246
33722,105693
13804,99972
86740,120899
32432,105305
29779,105255
462402,206216
103804,126632
1778600,486732
2180948,608824
418297,216959
7952,101482
7773,99625
6910,99037
9339,99857
8367,99256
7123,99487
12602,100198
9839,99539
14918,101327
34635,106958
13789,100420
86983,122077
31975,106841
29902,105854
460135,206566
103796,126708
1781618,486011
2176713,605463
435218,220022
8499,100819
8052,104875
6695,103866
9266,98931
8536,97778
7490,97104
13013,100253
8909,98695
10222,98674
34700,105883
13494,98918
86947,119750
31814,104765
29943,105279
457302,204972
103539,125422
1795784,490252
2169654,602956
424589,216169
7862,99953
8583,99649
7091,98807
9559,99503
8727,98720
7734,98373
12703,99978
9613,98987
10352,99455
34202,107284
13539,99973
86373,120722
31755,105398
30801,105316
462195,207903
104077,125711
1794597,496135
2183651,604562
417179,217268
8192,100808
7916,98697
7104,98525
9363,100295
8488,98515
7394,97679
12716,100781
9793,100021
15554,100538
34558,106884
13604,100446
87228,122207
31683,106009
30413,104796
460592,206354
102850,125586
1788438,489014
2183184,603128
423863,216462
8509,99611
8072,99134
7054,98108
9302,100152
8606,98927
7113,103154
12770,104232
9528,103961
10349,98185
34202,106070
13849,100136
87467,119668
31654,104749
30254,104541
457561,213441
102794,125746
1791668,482731
2173083,603048
421864,218432
8205,100947
8225,99489
6846,97482
9298,99526
8579,98839
6926,97526
12932,100615
9316,99075
10671,98705
34360,106711
13819,100183
86304,120898
31720,104937
30586,104126
457703,205978
104390,124066
1782294,486139
2173119,606642
418986,217195
7733,99776
7859,98957
7503,98856
10285,98463
8603,97531
7583,97535
12803,100060
9559,98937
15367,100979
34718,106968
13614,99393
87455,120526
31579,106461
30041,104981
455984,205512
103266,126587
1771665,493005
2188255,610410
424168,218275
8117,100403
7973,99225
7431,98238
9699,99029
9280,98344
7192,98762
13225,99647
9323,98821
9947,98184
34404,108202
14015,99380
87807,119995
31998,105362
30309,103943
459078,204739
103520,125560
1790810,485167
2199555,610616
424232,216091
7616,101137
8486,99210
6954,98190
9114,98952
8794,98588
7326,98056
12909,99611
9478,98158
10485,98947
34101,105426
13849,99137
85998,119934
31431,103734
30669,104551
460076,207589
103810,125656
1777048,485595
2173049,604626
414343,215620
8316,101862
8121,98549
7433,98736
9880,99919
9115,98958
7772,98490
12723,99642
9807,99576
14917,102213
34578,105726
13634,99104
87906,121129
31460,106106
29966,104457
463846,205189
103110,125658
1774815,487371
2181785,602012
423786,215979
8352,100968
8225,100001
7318,98188
9399,98496
8827,98079
7581,98108
12901,99484
9393,98584
15886,100866
29496,105081
13296,99222
87609,120641
31033,105013
31436,105354
465443,207665
103624,132537
1762831,483627
2172260,612069
419191,223973
7727,100591
7743,99749
6975,98732
9579,98696
9092,99250
7556,98226
12905,100199
8624,98221
15462,100753
34331,107867
13123,100266
87097,121069
30283,105893
31056,104607
463065,206023
103619,126220
1787196,491528
2176933,608380
415620,215291
8926,99322
7475,97802
6899,98007
9273,98354
9071,98910
7074,97872
12474,99210
9347,98616
15602,100209
33823,106256
13126,98610
87698,120594
30311,104809
30743,104489
461433,206593
103584,124813
1770274,496089
2186691,606837
418594,215290
8901,101505
7970,100139
7295,100371
9689,100184
8655,99496
7201,98351
12517,100103
8997,98685
15150,101587
34300,106629
13354,98747
87399,121840
30611,105175
30550,105061
458648,205836
104162,124622
1783303,486689
2197155,602321
415721,215001
8901,98242
7403,94671
6291,94937
10019,99562
9065,98713
6987,98285
12804,100514
8780,98726
15318,101369
34669,101347
13548,100431
86337,120771
30860,105492
30884,104778
464181,207124
105042,126497
1778253,488001
2173359,605070
420033,214423
8210,101235
7627,98397
7654,98830
9936,103858
9103,99037
7239,98081
12424,99756
8769,103287
15515,101271
34607,106034
13551,99821
86587,119717
30826,104690
30825,105326
466245,205972
104213,124884
1771657,484988
2169427,611437
419772,214845
8877,100265
7567,99321
7333,99187
9772,99484
8954,99745
7126,97957
13486,100437
8937,98816
15351,100520
34465,106997
13338,100747
87450,120832
29992,104886
30382,98164
457189,207092
103922,126821
1767171,491754
2167189,601712
417677,214934
8605,100271
7400,99474
6703,99725
9770,99411
8776,99472
7162,97883
12614,101027
8996,98045
15238,101260
34040,107023
13269,100300
86318,121202
30596,105170
30520,105244
463656,206162
105537,127351
1774257,487575
2169066,611258
418428,217053
8481,101128
7493,99616
7165,98598
9774,99268
9292,99261
8270,99203
12842,100185
9364,98689
16058,101034
34696,107209
13531,99829
87376,121084
31441,105617
30997,95819
458787,207057
104544,126350
1758134,488256
2185079,605993
415030,217580
8326,100355
7460,99401
7373,94165
9517,100319
9065,99371
7120,98381
12437,100609
8658,98455
14844,101773
34511,112668
13521,99565
87235,120770
30599,104587
30472,104559
463896,206212
103421,133081
1778855,487487
2185192,613408
416999,223412
8328,101640
7665,99638
7438,99009
9417,99753
8744,99206
7378,98378
12875,100278
8828,97942
15486,101137
34587,106562
13134,99266
86627,120902
30888,105214
30644,104468
459406,204964
103650,126090
1776331,489695
2169021,604530
418722,213221
8417,100176
7981,98717
7622,98226
10457,99052
9330,99335
8126,97665
12861,99989
9191,99482
14892,100354
34342,106725
13582,99937
87301,121244
30763,104602
31508,105134
460574,205476
103766,125298
1769258,502543
2182599,604036
416787,216827
8349,99833
7973,99763
7634,99468
10041,99732
9856,98075
7830,98022
12823,100211
9258,98728
15338,101200
34866,107572
13999,99311
87874,120053
30894,104764
30569,105217
460512,207003
104162,126321
1775285,484259
2187914,606263
418459,217976
8052,102866
7230,99192
6868,100295
9855,100318
9674,98362
7129,98036
12499,101825
8820,99159
15591,101195
34373,107128
14021,99585
86804,121283
30701,105613
30255,104806
465899,206040
105215,126306
1772079,489018
2161777,618211
425998,218233
8169,108403
8311,98402
7591,99476
10019,99179
8924,98373
7561,96716
13354,99418
9244,98039
15465,100272
34702,107249
13117,99654
86562,120737
30690,103888
30798,104897
455763,204101
104492,124660
1765346,486483
2161949,597605
420670,214900
8471,99779
7500,97352
7043,97955
9816,98953
9127,98580
7436,97490
12764,99777
8795,98979
15063,100519
34589,106024
13651,99999
87040,119884
30672,103546
30033,104368
456458,205393
103447,125198
1772224,496408
2175123,611310
417136,215502
7439,100194
7476,97782
6878,97909
9415,98874
8901,99219
7623,98329
12707,100358
9254,97813
15900,100582
34916,106748
13333,99277
86766,120762
30959,104878
31135,105606
459680,206739
104174,126652
1764703,483965
2170271,608051
418694,215199
8727,100238
7437,97940
7157,98166
9546,99693
9000,98384
7216,98572
12483,100582
9184,98415
15166,101280
34722,107057
13591,99025
86678,121485
30583,105142
36233,105014
458445,205814
104028,127158
1759011,483799
2187093,604506
425721,216670
8644,101476
7560,103600
6875,103467
9711,98705
8895,99167
7087,97141
13104,99273
9261,97902
14745,100188
34524,106510
13455,98590
87734,119628
30836,103469
30696,104160
455942,206609
103495,125388
1781211,487338
2178865,602410
417789,214898
8567,100547
7282,98614
7273,98967
10122,94427
8667,98499
7987,98004
12655,99602
8482,98253
15298,100353
34480,106377
12868,98919
86955,120436
29699,105646
30068,105640
458276,205984
103972,126871
1764343,480994
2184328,607895
418171,214572
8399,101294
7681,98820
6880,97882
9918,99875
9357,98621
7327,97866
13411,100084
9227,98513
15160,100795
34044,107524
13578,100217
86663,120933
31074,105489
30712,105944
459212,205649
103673,125218
1772222,485344
2179577,611091
414762,215505
8020,101071
7128,98603
7045,98892
9507,99456
9205,98367
7468,96768
12437,100365
8952,98021
15043,100598
33872,105991
13378,99125
86247,120848
30422,104485
35167,104085
461311,205336
103108,126376
1775132,483277
2197547,599730
425456,214958
8337,101090
7787,97947
7292,99747
9670,98720
8789,99801
7451,97161
12811,99975
9507,98636
14873,100394
34532,106031
13548,99480
86858,120692
31035,104850
30647,104911
455287,205334
104352,126304
1774213,488274
2174789,605432
416188,217405
8255,100762
7408,98781
6813,98963
9800,99406
9461,99465
7054,97591
12746,100670
9208,98461
15835,101158
34366,107092
13842,100139
86725,121806
30873,106440
30907,104758
461468,205154
103697,125465
1772484,500114
2177665,602353
416554,216316
8556,101069
7543,97882
7230,98954
9905,99476
9099,98156
7311,97458
12870,99849
8805,99045
15251,100461
35195,107791
13223,99652
86338,120247
30625,105495
31065,105591
458085,205499
105579,127663
1771424,488692
2175807,604365
418769,215815
8647,101068
7655,99137
7047,98256
9551,100453
9128,98705
7355,98696
12891,100103
9234,99295
15339,100601
34283,106879
13884,100143
87545,120712
30946,104930
30427,120338
462435,205588
103777,127091
1765044,488559
2186776,604821
430662,216493
8727,103116
7621,105499
7035,104158
9253,94692
9287,93248
7401,97473
12585,101121
9094,100075
15418,101849
34285,107146
13354,99431
86437,120532
30518,104995
30432,104147
459731,205372
103148,125627
1774282,486040
2169734,608506
422404,214694
8606,100582
7833,98324
7511,97271
10303,98999
8703,98715
7846,97689
12539,98958
9665,98222
15978,100590
34592,105834
13933,99480
87232,120802
30714,103905
30880,104806
459583,205333
104432,125178
1772058,495806
2178920,612342
422080,216489
7763,100430
7239,100136
6830,98808
9751,99470
8823,99538
7205,97906
12501,99658
8909,98737
15579,101768
34560,107457
14196,100083
86793,122543
30961,105257
30593,105332
460558,204510
104110,125936
1778651,486968
2205776,602572
418058,217000
8974,99938
7561,99315
6886,98889
9384,100280
8667,99842
7495,98196
12735,100505
9164,99476
15149,100804
34263,106949
13620,100338
87033,121327
30687,105991
30573,104401
461029,206324
104766,125435
1784982,488341
2173137,607807
427616,217413
7703,110613
7515,98709
7475,99740
10030,100454
8568,99309
7388,98727
13246,101708
9237,99474
15084,101519
34400,106572
14012,100127
86308,121083
30235,105720
30499,105440
457475,206364
103390,126437
1786930,487905
2179606,602281
419367,216840
8223,99748
7509,98459
7320,98594
9465,98546
8690,98400
7400,97936
12676,100871
8777,98924
15349,101252
33996,106878
13373,99209
87143,119681
31194,105946
30790,104893
460322,205280
104312,125519
1779821,495825
2197811,610917
419757,214067
8842,100784
7901,97937
7215,97944
9561,99872
9394,98775
7992,97427
13386,100304
9742,99406
15658,100384
34400,107522
13813,98792
87208,120027
31258,104481
30685,104945
460311,204324
103373,125471
1777177,486607
2180801,606895
416352,215010
8536,99455
7451,98813
7391,98575
9477,99553
8836,98900
7411,96899
12528,100347
8784,98577
15077,100220
34303,106869
13245,104402
87366,124331
30476,104454
30232,103969
466418,205880
109509,127459
1785721,488368
2176132,614189
417190,223220
7758,100313
7480,98605
6749,96836
9665,98458
8673,99106
7777,98268
13126,99416
8692,98955
15086,100361
33787,106309
13264,99689
86199,121406
30656,105112
30902,104638
458418,205245
104666,125000
1794381,492728
2187450,604767
417940,215963
8587,101773
7175,98834
7046,99698
9868,98843
8982,98314
7642,98051
12696,99754
9447,98676
15378,100017
34512,106197
13315,99574
86879,120609
30454,105067
31045,104675
458967,206323
104631,126305
1776832,487457
2192201,607614
417457,215775
8488,102194
7594,98402
6946,98911
9708,100604
9120,98896
7237,96804
12871,100264
9037,98936
15194,101037
34135,106428
13622,98912
86541,120512
30695,104951
30179,105149
461406,207228
105070,127230
1776973,489103
2181773,609959
415998,216987
8105,100223
7529,98887
7413,98521
10123,98952
9781,103798
7358,97826
12864,98898
9025,97828
15279,99830
34644,106615
13499,98974
86969,120642
30356,104087
30378,104246
458122,204958
103527,126455
1783501,485901
2170442,597658
416369,213395
8616,102381
7308,98869
6904,99278
9505,99599
8786,98487
7336,98822
12916,100678
8928,99212
14999,101750
34279,106399
13783,99926
86655,121743
30605,104809
30319,106762
461132,205336
103542,125092
1771112,496691
2184030,607256
420099,214825
9034,100621
7657,98246
7638,98610
10047,99919
8595,98201
7138,98084
12335,99416
8850,98609
15141,95757
34409,107217
13250,100016
86467,121079
30456,104435
30925,104930
460145,205225
103589,126443
1778683,487813
2206787,602766
415860,216715
8278,102347
7594,99579
7031,99826
9661,99823
9224,99432
7742,99131
13279,100215
9210,99637
14945,106614
34519,107966
13327,100506
92839,120685
30833,105077
30347,105262
470669,206762
103861,126731
1792605,491884
2167242,614502
426405,215530
7955,99927
7324,99008
6669,98361
9875,99075
8609,99922
7119,98253
12964,100476
8847,98762
15080,100575
34169,106872
13216,99729
86932,120767
30750,104910
30720,104898
459583,207712
104330,125419
1778545,490353
2176422,604383
416587,214963
7782,100626
7142,99059
7251,98396
10284,100269
8960,98796
7175,97633
12990,100985
9762,99001
15513,101214
34078,108409
13114,100523
86291,121074
32660,105163
30372,105334
461146,207377
104198,127248
1783762,488551
2176818,604338
425692,216617
8640,99156
8235,98458
6777,98251
9666,99818
8996,98984
7243,98689
13324,99825
9389,97759
10516,99807
34632,107856
13556,101329
86717,119978
31346,105008
30256,105027
462698,206029
104054,126301
1778271,487195
2192534,609370
422707,217222
7855,100395
8394,99419
7434,99219
10036,106246
9301,99603
7425,97727
13260,99482
9490,99227
11071,99117
34732,107341
14318,98830
87322,119783
31555,105669
30307,104651
459444,212900
103583,125839
1796220,483626
2158802,607302
418422,217064
8065,100686
8699,98427
7301,97665
9396,97855
8486,97823
7463,97636
12733,99840
9505,98761
15154,100804
34991,106511
13849,99923
87547,119503
31768,105371
30396,104204
463703,204946
103916,125594
1800732,486189
2184682,605047
428903,217728
8625,100312
7893,99123
6674,97836
9057,99298
8790,98148
7137,98295
12797,100033
9567,98668
10246,97682
34612,107554
13342,99247
86810,120717
31604,103048
30296,104241
460325,206440
103415,123946
1791233,487325
2188427,610959
426599,218218
7696,100497
8238,100324
6842,97840
9256,98286
8568,99190
7377,98443
12628,99611
9647,97984
10437,99324
34265,105637
13743,100770
86388,119822
31975,104222
30528,104796
461499,206780
104211,127436
1789079,490366
2148721,615076
427543,217265
7868,106814
7886,97882
7055,98040
9394,98851
8660,98592
7983,98005
13064,99439
10587,98530
14908,100447
34735,107152
14120,99814
88061,119923
31332,105208
29444,105018
460592,205497
103196,126081
1807552,488261
2160434,604411
420092,216673
8734,101717
8006,99236
7597,98723
9552,98804
8594,98346
7082,97366
12801,100264
9273,98368
10335,99086
34471,106139
14051,99468
87933,120519
31854,105520
30827,104056
461172,205910
103327,124649
1773642,486783
2193990,601810
422337,213241
7930,100229
8079,97925
7506,98062
8718,99067
8930,98596
6846,97936
12847,100081
9253,99300
10537,99750
33983,106530
13803,99909
87400,120154
31980,98398
30825,104591
460405,206099
103463,126152
1792365,485170
2181159,604971
418689,214677
8028,100251
8339,97908
7251,98199
9437,98257
8681,98107
7281,97342
13039,100230
9529,98615
15639,100911
34478,105160
13938,99214
87886,120235
31841,103703
29792,105349
460170,205497
103335,126126
1786770,485713
2169252,601326
428452,216586
8507,100770
8417,99979
7482,98345
9171,98645
8907,97866
7435,97440
12724,100079
9485,99222
10714,99341
34963,106541
14588,101806
89281,126353
33909,113706
33902,111063
487296,209692
104600,127449
1816861,524320
2414335,623744
428646,227064
9630,105235
9007,104178
7486,100236
10272,101723
9398,101047
7803,100244
12797,101224
9543,101111
11052,101184
34181,107415
14061,101648
89370,134264
33420,111459
32226,108926
476287,211215
104216,127153
1907533,508231
2124275,605971
414953,213916
7790,102284
7689,100194
6989,99584
9670,100178
8233,99976
7749,98444
12395,101042
9755,100509
15151,102156
34943,109284
13603,101445
88179,121913
32179,106117
30457,105080
465728,206241
103069,127424
1830861,537964
2456585,645842
428188,232349
9113,109801
8398,104455
6936,104098
9607,103633
9253,102076
7561,101154
13323,103078
9036,100449
10131,102076
34514,109594
13577,102398
86547,122042
31528,106501
30362,107088
453717,207881
102900,129001
1885972,500172
2035782,575661
417846,213869
8382,100660
8313,99655
6977,97873
9242,99377
9022,99045
7694,99007
13052,100610
9250,99683
10225,99763
34002,106693
14092,100504
87574,121027
31765,104574
30634,105170
459639,206372
103820,128095
1758229,485117
2100616,595715
413842,214021
8704,100600
8672,101200
7490,99799
9592,97398
8922,99698
7594,99722
12784,102080
9445,101353
15146,101977
34223,107499
13918,100415
88842,121670
32618,105975
30197,105618
458118,207251
103587,128233
1750863,482383
2123570,603497
424169,217243
8419,100437
8132,100407
6829,98903
9528,100844
8505,98790
7386,99565
12806,100724
9204,98911
10292,98919
34132,107784
13442,100075
87160,120832
31978,100130
31167,94855
460699,201958
104066,127282
1742292,488515
2129474,597242
434508,213905
7752,106568
8548,98140
7690,96739
9575,96876
8476,97741
8181,96583
12725,98395
9667,97671
10070,97992
33666,105760
13425,98425
86888,120624
31360,103868
30959,104389
459045,205089
103945,125858
1762920,485562
2124703,595462
415113,211945
8040,99965
8281,99357
7652,98187
9730,98582
9047,98289
7409,97320
13077,98404
9943,98372
15396,101199
34499,106314
14063,98975
88803,119409
31572,104618
29883,104974
458914,205283
104215,125570
1767548,486300
2130420,603977
423607,214205
8278,100125
8663,99290
7185,97818
10105,98089
8995,98735
7919,97331
13191,100961
9662,98530
11012,97841
34652,105896
13661,98158
87554,119287
31734,104886
30705,104442
455402,204751
102555,124602
1748927,486547
2154415,596560
421189,215469
8247,100231
8466,98511
6947,98076
8918,98890
8944,98629
7418,97607
13174,99314
9757,99625
10925,99265
33994,106693
14444,98963
86651,120072
32212,105889
30833,105380
457019,206734
104739,125412
1754357,484179
2135603,601606
416184,215913
8230,101193
8536,99205
8090,98466
9756,99243
8525,98903
7664,98729
12956,100435
9994,99975
14740,100702
34823,106006
13511,105811
96025,120943
31342,105640
29541,104749
468671,204803
103196,126627
1758785,481996
2148483,611220
432971,218029
8277,106347
7712,98206
6755,98219
9560,99050
8967,97677
7644,98058
12983,99775
9766,98860
10127,98326
33580,106669
13374,98855
86915,120798
31726,104307
30601,103801
457489,204882
103194,125365
1755292,485584
2137225,601426
426368,216008
8244,100487
8111,98370
7359,97172
9909,98491
8807,98412
8477,98034
12714,99386
9623,97665
11223,98986
34190,105402
13718,98696
87108,119643
32008,105003
30675,102750
456631,204614
104170,125997
1775834,483712
2129642,597336
418513,215371
8057,100997
8632,99253
7447,97941
10053,100598
9225,99641
7941,99041
13548,100831
9977,100697
15197,101292
34367,107500
13616,99761
86850,120453
32328,105791
30274,105877
456229,203230
103620,117462
1756738,483731
2140681,599560
424380,215576
8685,99457
8215,99087
6822,99460
9508,99216
9018,97640
7415,98885
13354,100836
9655,98673
11042,99824
34225,106161
13138,98727
87162,120335
31327,104731
30213,105541
457900,205340
104175,126186
1783844,487445
2149369,598695
424586,216462
8072,98731
8392,98445
7053,98618
8985,99087
8882,98729
7177,98527
12899,99923
9748,99218
10597,97308
34219,106676
13096,99749
86492,126422
32011,105597
30138,105091
464851,205355
104087,127666
1767767,486440
2134847,611436
422578,216666
8878,101480
8868,99681
7338,98949
10124,98580
9066,98833
7154,97412
13219,100188
10118,98421
15253,100630
34299,106649
13561,99765
86701,120055
32323,105417
30518,104023
459237,205416
104250,125407
1765585,486226
2140798,594595
422015,216516
8108,100202
8051,98962
6856,98229
9366,99436
8680,99204
6933,98988
13169,100922
9535,99082
10386,98766
34398,107015
13785,99519
86825,120728
31765,105415
31033,105499
458047,206562
104148,125481
1770027,483812
2145571,606118
425301,214987
8327,101764
8294,98878
7142,99095
9813,99009
8747,98555
7165,97786
12789,99570
9034,97962
10669,99385
33765,106471
13483,99546
86396,120071
31201,104807
30620,105173
461148,204794
104120,126504
1762572,486158
2144837,601729
416889,217127
8015,100501
7977,99101
7492,98826
9872,99579
8904,98284
7746,97058
13291,99907
9825,98820
16132,101066
34850,106701
13702,100608
88366,120993
32134,104955
30223,105251
458040,201906
103907,125894
1764123,485934
2162600,602169
420933,216225
9061,100807
8406,99627
7252,100143
9109,100414
8493,99467
7534,99329
12709,100940
8964,99175
9665,99810
34221,107837
13373,105606
85987,126131
31268,105476
29809,105803
472247,205844
103451,127526
1756074,483217
2142993,611066
431237,217205
7678,99804
7892,99448
7035,97915
9036,98584
8639,97911
7270,98240
12925,99156
8672,98332
10382,97945
33625,106453
13427,99703
86442,119443
31529,103820
30339,104359
455175,204876
103950,126012
1777901,485561
2142477,605159
418747,216410
8621,99967
8796,100106
7318,98485
9807,99317
8831,98709
7591,97968
13170,100541
10720,99303
15893,101585
34404,107361
13627,99546
88317,120151
31632,106050
29962,105406
461997,206652
103403,125900
1755321,493012
2152548,605808
421098,216309
8058,101644
7835,100139
6147,98984
9908,99262
8420,98815
7149,98727
13105,100767
9004,99357
10472,99496
33850,107180
13273,100169
86822,121155
31182,105411
30634,105518
462309,205470
103281,126614
1763988,485713
2153670,605043
420091,217561
8608,101654
8408,100036
7526,99907
9861,99526
9368,99177
7457,98875
13100,100762
9507,100044
10645,99775
34164,107325
14426,100429
86692,120282
31506,105033
30429,104849
460963,205762
104303,126588
1766079,484787
2153030,599904
416855,214724
8746,100594
8063,99210
7214,98707
9691,103602
8670,97893
7391,102342
12848,104284
9621,102888
15515,100395
33903,112610
13541,99418
86702,119296
32165,110364
30115,105153
466262,206928
104599,131424
1764413,489105
2143999,622812
427059,224939
8956,98876
8714,98669
7274,97766
10021,98735
9098,97769
6831,97265
12627,98872
9618,97901
10169,98145
34414,106908
13594,99365
87203,120685
31366,105268
30314,104490
456247,205573
104808,126742
1748419,482479
2155070,599655
424316,215670
8838,99995
8535,98355
7116,97948
9388,99337
8999,99559
7341,97724
12711,99290
9354,98125
10865,98027
34263,106104
14272,99301
86554,120174
31709,104850
30676,104832
457764,204767
103536,126576
1761614,500417
2149274,595365
419519,212767
8643,101037
8589,98451
7148,98493
9651,100371
9024,98424
7826,98209
12821,99816
9914,99399
15145,101663
34408,106154
14133,100133
87808,121404
31925,105929
30430,104955
461018,205854
103453,126318
1755499,484335
2160188,604698
424264,215112
8834,102193
8095,99379
7475,98631
9892,99311
8559,98659
7024,97884
13070,99811
9450,97796
10653,97815
34208,106635
13559,99844
87901,120035
31858,104967
30835,105235
453489,206417
103684,125830
1759063,482600
2158463,604155
424173,215789
8671,100649
8095,100598
7494,98471
8558,99206
8938,100565
7318,97742
13057,99978
9399,105075
10735,99238
34090,106034
13970,100685
86920,120744
32008,104954
30498,105637
465522,207580
104611,131851
1780369,486363
2144151,610284
419250,222020
7747,99596
7581,98993
6947,99679
9545,99168
8258,97148
7418,97156
12863,99423
9070,98342
14893,100209
34410,105405
13715,99390
86674,120221
31576,104994
30028,104823
456126,205075
102342,126955
1773915,487315
2151906,601260
425462,216074
8138,99731
8313,98301
7361,98351
9490,99057
8756,97852
7619,98256
13142,99270
9608,98533
9997,98786
34297,106508
14054,99626
86653,121404
31572,105327
30684,104315
460024,204682
103492,126702
1758094,491568
2161870,606395
422920,217727
8074,101171
7887,99274
8074,99418
10021,99306
9279,99268
7791,98849
13603,100873
9264,99551
10986,99171
33832,108574
13633,100278
86353,120468
31375,106149
30616,105918
459247,206453
103676,125978
1758631,487019
2172082,606545
416185,215390
9097,101644
8484,100844
7107,98476
9504,99686
8844,99395
7977,98124
13344,100549
10044,99238
15748,102133
34779,106611
14069,99565
86941,121092
31606,104863
29603,110942
458767,205093
104043,126662
1767490,488390
2161815,603614
433318,216992
8072,100875
8308,105446
7071,102944
9209,99514
8576,99181
7030,98446
12889,99562
9162,98669
10559,99000
34122,106668
13436,99679
86353,120587
31727,105758
30804,106356
456920,205370
103145,125657
1758567,491418
2138558,598864
423365,219790
8647,101805
8540,98659
8036,98423
9937,98571
9894,99268
8345,97755
12991,99594
9659,98740
11044,99097
34145,107338
13825,99487
87803,120634
32057,105926
30549,104347
456493,205071
104573,125859
1760492,489400
2154392,602618
418527,217023
8863,101707
8221,99573
7178,98588
9513,99864
9125,99486
7121,98938
12979,100555
9472,99034
15607,100480
34687,108595
14042,99610
87776,119840
31880,105112
29843,105586
456864,206866
104155,125455
1755932,489793
2160449,600885
425908,214990
8570,100092
8550,99885
7103,99788
9566,99618
9135,98450
7074,97441
12601,100379
9102,98884
10850,99561
34339,106642
13776,99862
86925,121302
31131,105069
30930,104912
460810,205077
102981,126536
1768675,486688
2178942,605149
422653,217536
8500,100130
8789,99262
6782,99308
8891,104881
8844,99968
7425,104075
12842,104877
9414,104793
10745,98701
34046,111954
14118,100031
86191,120902
31620,104481
30635,105374
468156,207694
104365,134061
1772354,487501
2149493,613100
414940,221578
8826,100282
8160,98034
7402,98045
9354,98819
8261,97544
6985,97367
12534,99872
9661,98523
14948,100612
34681,105890
13466,98777
87529,119609
31751,104907
30159,104294
461135,205529
103246,124258
1768664,491402
2149756,608091
424396,215165
8365,100806
8475,98839
6838,98940
9754,99128
8561,99011
7308,98275
13038,100070
9646,99024
10370,99182
34717,107350
13719,99913
86878,119864
31394,104955
31134,104602
458979,206882
103717,126601
1764823,502618
2165495,605102
425437,215964
8511,100208
8244,98751
6822,98500
9391,99466
8826,98474
7274,97808
12621,100977
9487,98723
10402,100141
33939,106132
13939,101470
87617,120878
31977,105755
31229,104381
462166,205165
103717,126554
1764539,483142
2158041,602814
415997,213993
7672,100029
8451,98781
7387,98131
10189,99074
8807,97807
7681,87381
12611,99726
9837,98029
20277,100878
35225,106230
13686,99071
94721,120533
32084,105017
29660,104230
469590,205205
103411,125619
1757575,483684
2141389,619095
433833,215165
8462,107609
7789,99185
7263,98396
9644,100261
8434,98587
7522,98332
12951,100085
9187,99433
10183,99231
34442,107310
13561,99243
86812,120342
31153,105246
30022,105361
462343,205521
103255,125429
1766884,483068
2152775,606586
424608,217337
8723,100575
8348,99208
6864,98188
9504,99856
8780,98531
7459,98309
12766,101208
9552,98470
10884,100213
34391,106741
13824,99822
86841,120529
31509,105605
29931,104940
458047,206363
104436,124855
1780792,505943
2173749,598217
421320,215610
8583,102353
8370,100335
7782,98888
9494,99707
9284,99488
7830,98572
12774,100520
10009,98731
15233,101596
35269,109213
14156,100557
88407,122556
32379,105956
30185,106359
469024,206018
103685,126780
1768545,487374
2169342,608768
427754,215554
7940,101070
7884,100920
7163,99333
9178,100009
8497,99578
7010,98578
12690,100134
9347,99003
16204,100640
29360,105888
13741,100963
87607,121709
30741,104923
31659,105959
459082,205829
104154,126352
1762610,490044
2172755,603917
417492,215592
8730,101399
8362,100012
7175,99926
9602,100412
9087,104792
7883,98139
13205,100549
9325,98541
15535,100821
34495,106850
13770,99263
86849,121720
30481,105157
30456,105057
458542,214693
103183,126060
1761015,488307
2157939,597062
413726,214022
8368,99838
7804,98250
7110,99085
9632,99823
8866,98707
7621,97955
12489,99919
9009,99231
15051,101707
34854,106789
13167,100398
87044,121037
30342,104617
30356,104718
458268,206375
102758,126900
1764716,489745
2162012,597629
415969,214647
8165,100147
7433,97308
7009,98748
9703,100331
8729,98811
6842,97935
12249,100901
8821,98226
14936,101277
34537,106067
13499,99569
87216,122192
30381,105069
30499,105331
462393,205067
103838,125887
1759111,484634
2163924,605138
418175,216385
8543,101051
7619,98740
6806,99893
9435,100245
9092,99597
7284,97954
12352,101142
9610,98946
15435,100897
34451,106817
13703,101168
86763,120564
31477,105787
30308,100854
456553,205731
104034,125562
1750603,482758
2169651,608186
417320,218019
8442,101213
8001,98554
6953,99618
8992,99996
8672,103846
7322,99155
12974,100139
8902,98338
15156,101102
34678,106736
13417,98651
86489,121897
31124,105598
31163,104788
457589,207110
103617,126632
1758859,483637
2150592,599409
415474,215388
7348,101103
7186,97928
7066,99224
9736,99500
9007,99533
7437,97287
12460,100168
9166,98247
15301,100627
34799,106098
13175,99747
86647,120049
30348,105841
30412,105071
457101,205162
104478,127144
1780574,486559
2149239,602218
417199,214059
8413,99251
7579,97393
7368,98876
9768,99557
9437,97828
7697,97581
12522,99307
8631,98055
14983,99576
34050,106138
14155,99482
87901,120816
31247,104451
31064,104605
459406,206087
104286,125476
1764789,485343
2168934,603803
416538,218159
8666,100789
7375,98773
7181,99134
9612,100456
8859,99294
7339,99168
13196,100537
8829,99577
15582,101497
34652,107362
13145,100742
86893,120589
31208,106288
30773,104321
456662,207605
104358,126670
1745614,488877
2169670,600551
414780,217223
8891,101319
7566,98684
7357,99825
9900,99233
8613,99197
7470,98156
13695,100847
9131,98920
15238,100472
33917,106080
13521,99260
87271,121592
30208,104755
30436,105740
458436,205987
103976,125573
1757499,487106
2163914,606671
414646,213707
8235,101341
7947,98344
6923,99202
9922,100094
9154,99671
8232,98430
13267,100877
9366,98950
15423,101727
34577,107691
14691,98816
87814,121424
31572,105267
30898,105964
462886,206150
104355,125386
1771368,490518
2146131,601663
415973,208053
8710,90896
7476,98003
7574,98475
9618,99433
9442,98383
7413,98320
12898,100653
9272,99258
15495,102465
34334,106727
13620,99339
86770,120408
30664,105104
30630,106136
460190,206628
103870,126923
1774298,491294
2161982,607133
417437,213701
7870,99951
8015,98023
6925,98280
9920,99359
8904,98232
7343,97617
13062,99708
9265,98265
15948,100517
34297,106401
13308,98429
86723,120268
30576,104411
30192,104872
459434,205372
103214,125761
1751068,488631
2170727,595219
431896,215016
8437,99683
7106,103606
6983,103867
9597,99106
9160,98640
7674,97479
13290,99734
9047,98889
15027,99980
34231,104754
13465,98884
86157,119848
30588,104123
30563,103767
459702,204879
103880,126250
1766933,485312
2149722,603627
419758,214287
8336,101414
7823,97766
6997,99540
9328,99343
8653,98589
7168,97686
13071,100363
9029,99003
15347,100651
34815,106658
13497,99944
87013,120935
30401,104637
30460,104639
456377,205867
104333,125993
1766153,485383
2162295,596797
416402,214189
8536,100248
7856,98253
7533,99051
10016,99632
9088,98359
7312,97754
12496,100368
9125,98499
14992,101574
34328,106928
14034,99674
86706,121066
30861,104727
30854,105425
459032,206757
103294,127514
1768236,487436
2184222,612415
419048,214904
8552,99767
7833,99233
6919,99983
10245,99939
8574,98778
7103,99265
12526,101763
9455,98906
16028,100928
34240,107169
13408,100295
86614,120908
30839,104705
30691,105688
462176,206580
103389,125517
1759358,486631
2161620,605704
414622,215477
8073,101735
7694,99760
7303,100681
10498,98936
9214,98635
7382,98351
13222,99775
9248,98309
15630,100519
34365,105954
13434,98572
88139,122539
30996,104970
30871,105156
458209,210754
104560,127562
1779296,487531
2177301,606837
412612,216248
7575,102143
8700,100237
7608,99210
9814,99887
9334,99379
7658,98546
12450,88910
8816,99143
15316,101494
34355,106898
13241,100216
86528,121638
30086,105787
30371,106272
459726,205381
103792,127002
1774439,487261
2153538,597724
418593,214409
9264,100578
8453,98783
7400,98160
9946,98227
9232,98783
7367,97720
12792,100001
9358,99023
15266,101220
35275,106253
14333,98866
86830,121155
30734,104979
31089,105419
460640,204034
103825,127166
1756640,492661
2165578,605683
417951,213881
8463,100118
8035,99597
6709,99212
9773,99688
9518,99200
7266,98074
12310,99838
8978,99254
14972,100485
33859,108184
13517,100569
86988,121597
30598,106594
30849,106052
459999,205873
103798,127258
1757946,481744
2168626,597310
416887,215606
8339,99883
7785,98641
6805,98957
9424,98980
9251,103202
7716,97559
13492,100354
8848,98845
15450,100391
34209,106489
13561,99542
87274,120128
30733,104242
30721,104967
458075,205090
104476,126617
1761606,485300
2154802,604267
419573,214988
7879,100648
7999,98399
6732,99515
10164,100078
9050,99048
7931,97739
12642,99846
9006,99952
15336,100132
34584,106953
13212,98839
87126,121636
30869,104633
30610,105737
456266,205271
104268,125382
1770502,489759
2140386,600527
419115,214417
8508,101344
7891,98828
7094,100074
9345,100251
8975,98642
7194,99202
12649,99690
9063,98940
15320,100469
34125,107093
13083,100409
86256,120776
30380,104706
30748,104917
459483,206582
103474,125656
1766495,485493
2164469,615684
415421,216443
7949,102345
7195,99921
7580,99100
9931,100655
8893,100621
7765,99603
12677,101077
8994,99747
15047,101407
34561,107176
13186,100006
86925,121579
30357,104300
30555,97597
459388,205956
104464,125410
1752253,486634
2178456,602974
416582,216244
8664,99687
7381,98418
7125,98246
9610,99208
8953,103602
7378,96773
13024,100119
8813,97670
15054,100142
34516,106264
13042,98121
87486,120932
30527,104299
30781,105251
457873,213998
103913,125247
1754190,483353
2153417,604461
421625,216826
8606,100706
7551,99615
7129,99098
9921,99295
9307,99795
7907,98476
13132,100302
9051,99527
15232,100428
35067,107375
13781,100079
87849,122078
30475,105569
30418,105380
458178,207041
104554,127138
1770639,487530
2154202,601352
416998,213877
8115,100133
7442,98312
7536,98923
9453,99026
9098,98813
7425,98167
12803,99845
8786,98185
15002,101303
34294,107082
13070,99403
86028,120903
30518,105626
30671,105907
457995,205468
104269,125629
1764435,486311
2169898,601028
414610,214708
8231,100474
7461,98602
6868,98767
9619,99476
8966,99578
7389,98158
13116,100065
9748,99260
15108,100348
34082,107162
13312,100146
87081,120599
30504,104494
30578,105474
458960,206205
103849,126765
1756865,483752
2180603,602209
416398,215514
8463,100099
7298,98631
7492,98292
9644,98897
9175,103181
7665,97086
13273,99869
9412,98318
15611,100108
34725,106632
13129,98640
86374,119673
30856,104442
31041,104223
459521,204913
104449,126340
1767807,485479
2167131,612742
416925,214056
8083,101271
7586,99330
6918,98802
9608,99805
9280,98598
7339,98208
12653,99866
9324,97637
15096,102012
34519,107151
13901,99584
86653,121291
30921,104870
30720,105187
461972,206091
103890,125834
1763458,493262
2151765,605403
415255,216073
8391,100428
7140,98967
6929,98635
9644,99488
8850,98019
7782,98373
13423,100328
8831,98473
15556,101867
34718,107886
13198,100091
87310,120782
30602,104520
30661,104390
459458,205318
103639,125280
1773429,486287
2169576,604994
417520,216665
7789,101596
8077,99520
6911,99138
9661,100352
8634,100275
7164,98056
12605,101186
9067,99358
15196,106693
34526,107432
13766,101275
93880,121790
31109,104776
30990,106257
466851,206458
104452,126646
1763100,486318
2169643,616647
426585,220018
7740,101278
7537,99512
7158,98345
9489,98818
8676,98667
7150,97301
12693,100021
8742,98814
15341,100754
34026,106001
13180,98581
86693,120326
30908,105271
30914,105674
462827,205390
103629,127325
1771074,489191
2166635,601913
418577,217130
8264,100576
7930,99080
6978,99883
10019,101037
9340,98584
8056,97910
12961,100151
8850,99001
15029,101713
34625,107055
13544,99242
87142,121507
30554,104546
31160,105206
461424,206077
104266,127643
1781913,483368
2158142,605073
414726,216415
7914,100014
7639,98834
7416,98706
9572,99154
9107,98344
7796,97421
13402,100023
8921,98738
15680,101841
34726,107306
13981,100241
86843,120303
31006,105087
30712,104610
461827,206695
104419,128181
1760901,486624
2177838,599744
430841,214527
8288,100939
7983,98989
7106,98683
9441,99360
9047,98455
7382,90986
12803,100482
9024,99483
14892,99774
34149,107513
13140,99895
85841,121114
30807,104386
30455,105486
461319,207496
104618,126624
1762492,485199
2156271,598475
420528,215009
7731,99752
7407,99900
7061,100055
9830,98897
8992,98773
7165,97777
13333,99932
9634,98977
15452,101665
34622,107298
13998,100034
86859,121968
30431,105919
31152,105131
461138,206122
104947,127060
1766173,497770
2174246,596512
414608,214128
7844,99665
7596,98558
7404,98608
9291,99176
9637,99245
7612,98188
12735,100177
9183,98434
15469,101212
34391,107126
13165,99586
86468,121684
30544,105644
31045,105246
456935,206630
104511,126514
1772430,484365
2163016,599609
415383,214383
8805,101255
7423,99521
6818,100073
9338,105835
8949,99940
7187,103450
12432,100877
9130,104326
14700,102123
34013,106658
13339,101183
86937,121465
30791,106323
30570,105243
461029,212743
104369,127347
1772504,486910
2154633,599907
417914,216900
8283,101056
7110,99086
6902,98724
9508,99128
9630,98762
7081,98131
13077,100965
8655,98927
14827,101814
34372,107948
13543,100136
86411,122104
29973,105472
30657,105227
459626,205664
103151,126585
1775399,494581
2182095,602925
416913,216514
8584,100646
8240,99133
7464,98080
9945,100183
9419,97461
7389,98168
12527,100916
9209,98086
14815,100782
34985,106497
14247,100016
87066,120886
30572,103759
31210,105356
459584,206666
104373,125959
1770151,482147
2165922,607928
417288,215247
7845,101971
6990,99883
7525,99131
9513,99484
9039,99007
7611,98222
12704,100630
9557,99072
15316,101259
34516,107267
14118,104881
86624,126721
37570,96410
30219,104790
465308,206233
109904,127810
1768063,482942
2151216,615647
431731,216222
7673,99668
8056,97930
7039,98113
9938,99779
8482,98405
7068,97427
12848,99781
9550,98515
10334,98014
34655,106887
13401,100768
86847,119438
31162,105707
30381,105143
456216,205289
103818,125660
1765014,485613
2156218,603063
422422,215629
8404,100325
7774,98640
6943,98022
9440,98946
9273,98420
7721,97300
12707,99086
9509,98271
10488,99822
33713,106431
13968,99969
86215,121158
30771,104005
30399,104141
458602,206711
104123,125624
1769136,489967
2156820,602877
422521,214392
7682,100461
7840,99594
7137,98826
9542,98846
8385,98758
6921,98055
12332,99937
9459,98270
15230,100940
34534,106006
13173,99464
87971,119504
31290,104792
29726,103980
459886,204176
103354,125641
1768356,496061
2163200,606718
427339,215797
8684,101412
7735,99687
7165,99157
9523,100384
8216,99383
7545,98209
13111,101289
9817,98728
10934,99500
34610,107412
13128,100373
88375,119051
31046,104829
30312,105719
459018,205666
104111,125905
1775585,489714
2166780,601351
425972,213894
8164,100118
8554,97783
7638,97798
9311,98715
9535,98905
7737,98055
12980,100033
9551,98919
10470,99356
33731,107629
13848,100271
86426,120180
32073,105519
30358,105194
460373,205447
104176,124928
1782562,485737
2164140,605578
418784,216059
8239,100674
8594,99858
7861,99105
9791,105222
9213,98885
7666,102975
13046,98524
10215,99224
14741,100216
34280,111935
13473,101022
87311,121151
31715,110515
29854,105553
464845,204252
108634,127130
1772163,488936
2159303,612886
431274,219302
8215,100099
8139,99328
7499,99281
9805,100699
8807,98937
7299,98575
12877,99754
9665,98718
9845,98149
34272,106503
13752,100424
86641,122296
31106,104690
30456,104918
456623,206824
102860,125193
1780250,491347
2172146,602614
421938,216680
8369,100327
8595,99751
6815,98175
9446,99145
9044,97775
7180,98249
12558,100294
8825,98818
10157,99417
33844,106183
13661,100722
85771,119580
31113,104642
29790,105688
455175,206435
102609,124531
1765836,485188
2134832,609581
414894,217421
8095,100145
8279,98867
7394,97377
9494,99417
8562,97939
7228,97905
12761,100230
10024,98293
14960,101181
34841,106823
13603,99949
86667,119267
32109,106213
29826,106202
455464,203989
102270,126033
1755800,490953
2161297,597579
420574,214995
9050,102293
8285,99191
7198,98602
9614,99092
8588,98807
7598,98213
13462,100484
9478,99338
10380,98933
34635,106720
13847,99866
87011,119839
31113,105154
30243,104869
457348,205099
102193,125697
1745142,483994
2160767,599685
419310,214922
8228,101709
7959,98640
7551,98795
8960,100231
9453,100370
7326,98350
12725,100668
9597,99407
10807,99674
33327,107158
13624,99759
85920,120595
31369,106635
30863,104948
459332,204431
103258,127317
1752105,483401
2145773,605285
413439,218186
8059,101211
8237,99648
7519,98508
8860,99254
8682,107538
7731,97850
12383,99071
9382,99058
15145,100238
33850,107018
13698,98964
85934,120497
31243,105532
29699,105366
452250,212617
101596,125365
1763844,483892
2143907,604334
418835,216209
8471,100464
8376,99739
7108,98881
9571,99997
8481,98642
7440,97879
13144,99649
9664,97698
10377,98321
34126,105791
13446,99147
86570,118476
31636,104041
29616,104692
452245,204832
101517,124636
1763034,484147
2147325,597126
419965,214673
8430,99958
8827,99473
7190,99414
9096,100169
8876,97859
7712,98375
12517,100873
9557,98619
10541,99318
33181,107346
13591,101298
85902,120147
31019,105319
30391,105527
453455,206195
102573,125589
1770647,481462
2148992,603396
415559,213745
8509,101672
8161,99488
7253,98659
10600,99950
8151,98455
7644,97950
12646,100329
9743,99141
15423,100193
35194,107046
13615,99503
87122,112850
31450,105558
30545,105120
456630,205492
102774,126069
1755744,481946
2149971,597136
418849,216845
7853,100834
8585,98999
7403,99304
9100,99628
8218,99539
7205,99626
12676,101111
9585,99923
10056,104197
33915,107772
14245,99673
92192,120495
31084,105368
30096,102335
463768,207301
103125,127309
1743268,484078
2155991,611863
427128,216090
8538,100933
9280,99416
7347,99135
9100,99210
8990,99976
7119,97766
12903,101233
9417,99105
10581,99652
33477,105246
13697,100908
85441,120158
31602,105185
30259,104135
456530,206590
103011,127246
1767882,483251
2135782,605216
415540,213935
8311,101049
8069,99379
7561,99779
9531,99619
8850,98089
7810,98678
13358,100535
9721,99041
15021,100763
34614,107210
13667,99610
86417,121602
30732,106125
29556,104048
449795,205466
102738,125516
1760412,493148
2146254,604264
425046,215695
8611,99756
7874,98429
6869,97666
9431,100235
8818,98458
6872,98608
13249,99022
8945,97610
10169,98011
33799,105753
13950,98871
85506,120745
30430,104878
29762,104673
457623,206005
103519,126216
1746922,480691
2142648,601076
416679,214718
8561,100395
8336,99227
6926,98229
9034,99601
9405,98698
7548,99255
12832,99584
9587,98626
10967,99606
32943,105825
14280,99542
85298,119627
31362,104994
29959,104969
454968,205545
102889,126325
1753678,482063
2160788,597630
427497,217958
7834,101793
8053,107239
7443,99480
9437,98793
8692,98259
7274,97239
12632,99173
9660,98108
15099,101704
33887,105585
13483,99996
86080,119769
31495,105955
29611,104707
452103,205375
101725,126488
1765074,482788
2145444,601052
420847,215553
8904,100799
8039,99247
7143,97949
9395,98423
8834,98366
7310,98269
13183,99648
9486,98141
10504,98684
33817,107206
13573,99403
85597,119640
31472,104869
30195,105446
453395,206408
102178,126367
1761484,493414
2142797,587891
422765,218401
8303,101003
8116,98750
7571,98398
9805,99972
8919,99058
7140,99066
12758,101131
9176,99201
10527,98675
33821,106424
14600,100086
85938,121407
31254,105812
29777,104709
457462,205875
103074,125050
1772489,483053
2149813,600410
414463,214678
8435,100103
8232,99607
7353,98196
9268,100247
8777,99025
7232,97454
12738,99900
10038,98406
14913,106129
34003,106667
13931,99047
91989,120597
31529,105670
29833,104514
464102,206519
102964,126469
1764524,482164
2142912,609810
421933,224046
8219,100618
8497,99692
7511,99386
9417,100025
8431,98956
7147,99034
12952,101013
9397,99308
10264,100623
33972,107086
13983,100404
86038,121276
31124,104732
29444,105703
455852,206599
102305,128019
1760673,485348
2137559,603744
420267,212200
8700,101335
8331,98711
7342,98494
8881,98587
8831,98387
7639,98833
12534,99988
9484,98876
10305,98186
32950,106593
13421,99610
85398,119939
31424,104435
30164,103779
455347,204264
103160,124607
1767394,484337
2165091,597485
410754,214765
8074,100449
8035,98574
7291,99114
9839,99528
9016,98648
6951,96990
12411,100041
9550,99095
15137,101894
34090,107097
13666,99854
86455,120952
31650,106439
29638,104925
453847,205745
102549,124808
1766300,482307
2157682,600974
418782,215923
8243,101366
8300,98763
7086,98751
9372,98876
9092,104376
7044,97825
12566,100486
9617,98760
10938,97740
33724,107063
14004,100614
86525,119002
31588,104663
30060,104476
453909,205765
102564,126387
1772232,483509
2150314,591213
421232,215596
8284,100550
8263,99547
6930,97934
9287,99891
8713,98905
7640,97932
12598,100623
9222,98545
10504,99648
34285,106539
13715,99047
86104,120082
31253,105459
30148,105195
454166,205654
102939,125679
1770424,494242
2144420,602799
413380,213854
8604,100090
8366,99626
7674,98369
9459,98680
9030,98131
7226,98209
13111,99802
9128,99004
15385,100823
33774,106699
13540,100289
85887,120364
30999,105399
29872,105446
459855,205860
102640,125204
1768571,486055
2158948,599376
423431,215970
8149,100665
8018,98695
7106,99856
9320,100465
8688,98598
6731,98344
12542,100940
9174,98023
10477,105417
34567,107238
14088,106126
85911,126610
30518,106105
29606,104411
460955,205743
108027,128833
1752812,484532
2150712,613895
418877,222017
7955,100614
8150,98993
7439,97966
9255,98711
9056,98332
7165,97429
12662,99919
9767,98885
10306,99060
34013,106182
13623,98831
85496,119790
30892,104107
29783,104738
457086,204669
103160,124508
1771785,484854
2144375,599015
416438,214151
8716,101123
8147,99210
7699,98869
9250,99286
8357,97933
7416,98895
12520,100090
9674,99163
15169,101362
33730,106733
13127,99823
87121,120239
31561,105307
29383,104447
460230,203071
101691,126789
1768426,484034
2165579,600515
421459,216692
8579,101294
8648,98633
6344,98297
9446,99382
8123,97650
7060,97996
12552,99311
9220,97669
9802,98024
34166,106598
13503,98892
85563,120013
31067,104194
30104,106143
452744,206114
102861,126234
1762342,480452
2171644,597098
418912,216953
8563,100553
8187,98354
6669,97997
8874,97978
9051,97621
7853,97420
12805,99089
9625,98535
10472,98210
33565,105740
13940,99475
85878,119715
31698,103905
30799,104234
457893,204304
101637,125706
1782243,481166
2143109,598800
414138,213962
8717,100188
7928,98842
7039,98189
9840,99326
9130,99100
7382,98859
13314,100172
9808,99262
15127,100455
34638,107215
14617,99532
85988,119325
31440,105078
29457,104270
456155,204273
102550,125717
1770935,505768
2162651,602387
419829,215205
8347,99976
8323,98965
7754,98552
9466,99431
9517,97957
7449,97637
13067,100344
9322,99577
10259,99147
33390,107989
13492,100104
86172,120271
30669,105023
30154,104266
455070,204262
102662,124698
1773714,487304
2175706,599513
416814,215123
8268,99529
8330,99042
6985,99150
9229,99514
8988,99044
7661,98528
12633,100405
9833,100091
10365,98453
34206,112187
13899,100608
85964,119900
32156,110139
29999,104396
463166,204900
103039,132842
1780766,488095
2147279,607650
416953,214337
8543,100123
8520,97916
7501,97659
9721,99156
8459,98132
7823,97580
12656,99852
9529,98725
15098,99935
34149,105883
13515,98959
86785,119180
31474,105118
29836,104242
455883,203289
101815,124916
1776330,485995
2141057,595187
420357,216907
8949,100697
8556,99011
6662,98098
9652,99048
8312,97921
7113,97574
13548,99298
9970,98662
10438,98351
34615,106294
14008,99714
86174,119838
30972,105423
30345,104997
455975,205429
102668,126091
1761070,485847
2154707,603222
417708,215316
8600,99819
8380,99013
7179,98909
9371,99434
9292,99506
7488,99337
12474,100628
9345,95470
10517,99747
33705,106718
13759,100834
86694,121422
31432,106559
30124,104315
457890,205913
102680,126565
1756462,480751
2138639,606977
422319,215116
8237,100370
8422,100052
7721,98864
9243,99127
8535,98287
7112,97705
12635,99908
9526,100710
14900,101703
34491,107035
13679,100279
86035,120410
31125,105408
29646,105534
453845,205224
102696,125583
1773400,485751
2143072,606083
419489,218077
8687,99076
7891,97779
7099,99122
9787,99111
8611,98121
7167,98804
13043,100776
9229,97856
10318,99766
34637,106891
13094,100166
86958,120964
31198,104607
29923,105357
457156,206185
102416,126169
1757938,489814
2167017,596648
420291,215565
7579,100190
8444,98525
6895,98326
9182,99520
8766,99118
7545,97949
12927,99828
9727,98485
10815,99325
33188,107383
14184,99639
85942,120186
30794,104603
29884,105386
457036,207029
103591,125302
1769687,484169
2155309,598652
414522,214105
8497,100431
8414,99624
7537,99175
9824,99136
8747,97520
7616,97364
12986,99510
10122,97751
15037,101223
33723,106487
13595,99630
86653,119130
31456,104477
30415,103475
457408,204199
102491,125190
1778617,479877
2134128,603338
423247,216968
8341,100060
8483,99788
7297,98729
9765,99384
8765,98824
7482,98179
13190,99797
9459,98228
10136,98745
33986,102046
14146,99602
85718,120202
31167,104504
29919,104376
456413,206496
101763,125730
1774093,494800
2170186,602264
420846,216621
8673,99462
8507,98582
6847,98078
9009,98833
8755,97461
7904,98586
13065,100026
9400,98686
10523,98954
33965,106470
13720,100048
85894,119324
31255,105019
30194,105704
455955,203875
102439,124267
1776537,489014
2165453,612644
416114,215027
8356,102288
7966,98576
7312,98719
9274,99689
8342,98743
7149,98101
13025,99756
9640,99666
15048,100928
34614,106395
13818,99291
86503,120045
30956,105042
29714,104782
454538,205436
102754,125079
1757348,484897
2156331,597705
423987,214953
8506,98591
7641,98185
6440,98491
9429,99991
8832,98488
7293,98802
12897,99580
9136,98933
10368,104436
33806,106351
13484,99508
91752,120138
30923,105660
29521,104133
461888,204252
103401,126366
1744796,483867
2147476,611012
431321,217119
8062,107447
8278,98397
6864,98128
9325,98685
9099,98846
7648,98409
12905,99027
8888,99353
10455,97929
33185,105484
13420,99439
86143,119278
31855,104801
30283,105171
455299,204452
103012,125247
1760252,486235
2141361,599025
414779,214089
7480,100994
7782,99447
7418,97840
9398,99222
8542,98816
7394,98113
12871,98889
9760,98946
15154,100883
35307,106060
13388,99577
86330,120621
31426,105572
29642,105219
456231,204134
101780,124975
1769239,489697
2137650,593669
420072,214495
8742,100636
7984,99053
6648,98574
9100,99467
8636,99112
7230,98288
12958,99789
9598,98628
10228,98666
34149,107214
13229,99267
85525,121300
31310,105154
30089,106103
452845,206031
102098,124851
1749394,486188
2155268,597403
422957,215581
7584,99743
7950,99988
6946,98946
9180,99262
8920,99119
7259,99037
13179,100610
9071,98263
10721,98702
33431,106464
13648,100113
85789,120893
31426,105511
30955,104995
454978,205595
103219,126972
1761125,489339
2153044,611814
414302,217898
8529,102665
7656,100558
7127,98418
9609,99859
8867,98647
7091,97494
12754,99680
10068,98524
15824,100940
34152,105782
14065,99618
87197,120667
31532,106546
30329,105473
457674,206575
102210,126113
1748657,487054
2174471,603879
423407,219014
8536,101398
7883,98482
7017,98858
10126,93732
8984,104311
7273,97699
12616,99026
9870,97683
10563,98352
34150,106486
13960,98529
85960,120391
30897,104460
30405,104798
452518,212827
102395,126658
1760941,484483
2135779,598877
421277,217129
8270,101420
8241,98965
6883,98156
9209,99308
8987,99543
7560,98155
12896,100605
9540,98757
10524,99382
33557,105937
14087,100561
86529,120044
31343,104737
30150,104951
456740,205377
102525,126226
1768113,490170
2133199,608187
416225,214035
8599,100893
8282,100245
7729,99721
9184,99140
9048,98093
7120,98516
12694,99984
9388,98683
15285,100919
34725,106878
13520,99891
86731,120511
31417,105291
29723,105400
457558,204639
102368,125428
1754725,495078
2149227,606348
419737,216286
8831,102477
8166,99856
6584,99168
9369,100088
8725,98787
6854,99102
12679,100492
9935,99008
16280,101276
29418,106643
13850,100088
87633,121471
31286,105640
31974,107125
458391,205934
103959,127427
1786187,487124
2166070,606301
415903,213695
8667,100979
7431,98810
6777,99386
9958,98498
8838,98590
7082,97932
12668,101109
8587,98655
15608,100411
34333,106542
13329,99860
86935,120506
30857,104382
30908,105311
460322,207131
103991,126181
1763868,485000
2174534,605583
417316,214830
8210,102222
7277,99580
7290,99380
9821,100443
8943,98457
7082,99706
12503,101122
9190,99050
14785,101612
34891,109527
13956,104581
86188,127257
30685,106546
30409,104681
462949,205358
103314,126405
1758201,485637
2155124,619433
419608,220952
8000,101460
7490,99925
7119,98778
9833,99247
9134,99792
7299,98042
12758,100721
9416,99005
15085,100578
34108,106557
13362,99867
87409,121492
30690,105621
30350,105392
460673,205808
103968,126902
1761738,487106
2160588,601604
415047,216047
8194,100180
7647,99753
7154,99773
9389,99524
8863,99569
7210,98558
12302,100403
8814,99157
15275,101003
34546,106774
13597,100512
86685,121337
30127,105312
30653,105947
460699,206260
104309,126472
1773726,489015
2186126,603318
416788,216030
8841,101294
7939,98539
7037,98484
9689,99573
9396,98847
7023,98283
12262,100960
8668,98977
15759,101270
34845,106794
13310,99666
87310,121050
30854,105170
30624,104323
458794,204530
104777,126181
1763616,489759
2156894,605658
418284,218356
8902,101659
7742,98416
6625,99574
10275,99280
9208,99331
7653,98766
12762,101094
9297,99993
15307,101045
34263,106660
13656,100923
87256,121159
30328,105731
30322,105899
456885,205979
103631,126429
1770436,482704
2182371,606468
416563,218136
8067,101003
7707,98994
7028,99007
9770,100006
9123,99796
7285,97879
12248,99912
9422,98340
14798,100970
34658,107322
13065,104524
87649,126148
30696,104361
30728,104739
466054,204504
103298,126316
1771358,484393
2160900,611367
425533,217219
8659,100329
7805,99665
7369,100039
10368,99832
9241,99228
7678,98280
13004,101136
9374,99007
15064,102171
34145,105839
13427,100332
86806,121112
30502,105719
31473,105329
459158,205767
104335,126307
1771193,486623
2150227,607529
415499,214982
8211,100013
7541,99879
6454,98837
9677,99914
8649,98650
7227,97571
12223,100045
9626,98244
15667,101626
34178,107984
13057,99694
86566,121466
30392,105273
30144,105777
463538,205845
103996,125398
1769412,482301
2174812,603384
419055,217062
8477,100158
7566,100718
7426,99190
9267,99867
9102,99717
7393,98050
12826,100164
9245,98681
15445,100576
34616,106898
13510,100244
87410,121586
31073,105688
31023,104773
458481,205449
104514,125351
1769043,489988
2175188,603026
417918,218199
8304,100036
7756,98970
6948,99142
9878,98957
9180,98813
7563,97860
12551,99765
8887,99723
15432,101310
34460,106266
13396,99794
88068,121335
31075,105664
30593,104806
460662,206424
103368,127635
1763736,488940
2174204,611981
413950,215516
8271,100619
7568,99261
7566,92539
9533,98148
8486,104582
7601,98088
12548,99817
9605,98813
15506,101024
34387,106996
13039,99360
86570,120791
31205,105065
31061,104304
456318,213149
104276,124807
1756677,487846
2149987,601712
416698,216850
8373,101603
7897,98468
7282,99419
9897,99570
9088,99031
7454,97654
12795,100294
8716,98785
15019,100114
34913,106299
13755,99544
86515,121360
30460,104730
30318,104423
457864,206014
103592,125441
1775330,486864
2167122,606801
417081,214266
8969,101596
7576,100121
7838,98921
10196,99926
8884,100216
7389,99121
12411,101334
8873,99081
15096,102078
34264,107026
13675,99984
87257,122106
30608,106155
30226,106331
459058,206970
104463,127683
1768600,482980
2171581,602384
418364,216567
8346,99922
8250,98751
7301,98543
9939,99744
9211,98797
7089,97819
12480,101103
8669,99916
15346,102162
34556,106673
13870,100587
87968,121442
30732,105289
30473,104986
458358,206589
103245,126314
1767904,490113
2173292,600234
416064,216169
7726,102896
7695,99550
7233,100239
9300,99939
8814,103767
7150,98118
12494,100510
9660,98458
15574,101275
34809,106854
14107,100967
86776,121397
30426,104964
30608,105346
458957,214904
105312,126139
1773985,486928
2168825,598046
419468,214995
7843,99219
7677,98440
7323,98642
9435,98620
9243,97511
7285,97472
12939,99805
9176,98102
15319,100984
35445,105471
13572,99482
86894,120757
30228,104514
30452,104680
458179,206902
104110,124288
1766287,488284
2162575,606141
417667,215383
7557,101225
7421,98520
6760,98040
9915,98672
9153,98484
7767,97793
12972,99791
9488,98116
15924,100227
34440,106314
13279,99042
87176,121513
30803,104706
30726,104261
458554,206558
104362,125418
1775350,481830
2181962,605820
414893,215417
9241,100862
7722,100323
7071,100286
10007,99700
9061,99732
7647,99531
13425,100814
9381,99537
15916,100691
34545,107394
13461,100330
86517,121712
30427,105288
30795,105626
459709,208185
103386,127132
1759658,482165
2157713,602780
425179,217695
8198,102302
6849,104169
7117,105279
9422,100386
8951,98151
7829,97555
12827,99900
9412,99682
15501,100789
34991,106895
13677,98884
86869,121136
30482,104309
30824,101514
460534,206690
104246,125872
1774051,482828
2150482,596509
418464,215030
7890,100221
7960,98821
6999,98705
9464,100724
9141,99710
7439,98281
12764,100994
9141,100272
14971,101527
34519,107508
13946,100269
87172,121825
30839,104656
31014,105192
458982,205443
103160,126278
1758109,496094
2166024,603381
416039,217249
7566,101298
7720,98522
6953,98217
9320,100277
8734,99223
7385,97345
12806,100429
8942,99033
14970,101523
33977,106708
13320,99962
87157,120438
30318,105148
30163,105038
457764,207445
103353,126851
1762309,483333
2163461,614231
419815,216635
8181,100036
7684,99245
7521,98564
9640,99360
8795,100300
7552,97604
12755,100145
9435,99134
15769,101881
35410,106767
13639,99889
86703,121294
30965,105708
30783,104548
456627,206766
104048,127339
1775566,483690
2167559,613036
425685,217875
7458,106464
8240,98816
6906,98619
9854,99138
8920,98717
7577,96965
13189,99687
9216,99253
16075,101102
34382,106721
13401,98766
86152,120027
30059,103883
30379,104509
459134,205046
103778,126751
1774473,485639
2156730,600908
415724,214155
8360,100705
7515,100092
6744,98238
10032,102262
8750,99818
7397,97944
12854,99651
9053,98995
14853,101069
34438,106221
13389,98861
86255,120937
30106,105625
30169,105041
458334,206662
103483,125685
1759125,497243
2169989,599969
417681,214367
8686,100846
7729,98323
6837,98721
8962,100098
8916,98710
7587,97775
12360,100575
9109,98367
15370,100517
34478,107105
13956,99872
86897,120106
30661,104963
30582,105089
457775,205713
103332,126087
1770528,486517
2170742,599368
417393,215555
7954,100444
8396,98720
7514,99317
9612,99957
9071,94312
7344,103092
14029,105811
8824,104195
15344,100744
34913,112164
13080,99040
86868,121181
30605,104865
30506,104730
460625,212265
103770,126847
1777150,486893
2155712,600094
418030,217430
8635,101132
7769,99070
7887,99521
10640,99255
9667,99305
7573,97760
12968,99765
9340,99129
16258,101678
33948,107411
13838,100348
86865,120880
31256,104616
30283,106718
457432,208032
103720,127974
1788755,488785
2156834,598956
417934,218045
8243,100871
7655,98593
7828,99384
9841,100147
8975,100082
7525,98436
12988,100586
8533,98918
15340,100880
34275,107019
13643,99964
87635,120507
31113,105728
31116,105438
461661,205577
104382,125317
1778411,492740
2182854,605334
415435,218561
8012,100535
7550,99070
7713,99435
10102,100520
9133,99711
7344,97908
12993,99646
8704,98299
15560,101116
34206,107193
13241,100055
86417,122127
30517,104851
30415,110162
460034,205067
104494,126848
1766662,488543
2159811,611317
424170,218285
8079,107935
7325,99365
7134,98816
9873,99661
9252,98698
8063,97551
12475,101061
9481,97989
14755,101785
34603,106517
13132,99928
87323,120914
31176,105404
31106,105448
459445,207150
103922,125852
1773846,484147
2167121,605599
417647,215480
8725,101738
7392,98542
6972,98814
9539,99577
8980,98766
7872,98512
12975,99541
9333,99065
15525,100974
34997,106617
13640,99438
86863,120140
30860,104374
30564,105508
461602,206121
104094,125125
1763173,494158
2184568,598204
417115,215573
8177,100200
7510,99439
7025,99463
9744,99465
9080,99621
7213,97359
12877,99453
9428,98116
15584,100297
34538,106804
13639,99492
87048,120539
30521,104264
30886,104657
461412,206169
104036,125875
1765261,488326
2164423,606060
417165,220284
8271,101757
7694,99690
6490,99239
9509,104863
8885,99114
7399,104742
12554,99785
9095,99139
15303,100758
34087,106293
13378,100230
87189,120556
30797,105827
30983,105508
459480,214822
105196,127051
1768317,482136
2164916,599426
417693,215446
7659,101549
7433,98788
6601,98693
9697,100160
8893,98830
7205,98691
12466,100272
9204,99406
15099,102559
34013,107315
13388,100086
86841,122231
31075,106002
30504,105241
460581,205774
104464,126966
1760168,492322
2166941,597675
420755,216335
8817,101433
7797,100198
7117,98803
9701,98837
9775,99300
7113,98080
12476,100212
8808,98480
14934,101723
34400,107200
13449,99624
86977,120734
30119,105131
30945,104715
460313,205907
103752,126110
1768860,488326
2167285,604917
418856,217013
8475,100931
8018,98339
7416,99770
9501,100233
8852,99537
7190,98352
12713,100744
9161,99262
14834,101346
34463,108379
13478,99883
86823,127415
31319,111577
30319,105355
464083,205309
103970,132222
1766142,489538
2166811,611836
417805,223201
8430,99639
7387,97835
7291,98389
9615,100349
8871,97878
7022,97729
13235,99471
9172,98579
14714,99839
34440,106091
13323,99235
86732,120659
30489,107537
30315,104984
461597,206387
104563,126216
1786296,486092
2151408,599011
414555,216721
8341,99945
7366,99080
6825,98102
10169,99361
9134,99551
7306,97705
13057,100134
8984,99361
15312,101472
34328,108646
13036,99607
86892,121069
30547,105302
30699,105183
456491,206459
103937,125698
1778668,485678
2182021,612855
418866,216516
8491,101446
8167,99159
6912,99158
9224,100358
8823,99314
7076,98561
13365,100482
9043,98932
14798,100962
34437,107038
13591,100154
86547,120593
30536,104203
30446,106125
466078,205687
103983,126526
1769000,492236
2158134,611698
422684,213622
8504,101074
8262,99336
7180,99091
10044,99046
10054,99309
7646,96848
13479,100175
9761,98816
15693,100511
34687,106915
13874,100212
87473,120807
31158,104053
31428,105172
458012,206751
104666,126455
1769756,483207
2163969,598002
415387,216400
9512,100491
7408,98921
7115,99212
9944,99924
9335,98531
7712,97942
12863,99730
9064,98717
15231,100771
33780,106104
13604,98254
86032,119763
31668,104122
30650,105187
458741,206909
103584,124534
1760610,483180
2144721,607833
422733,215830
8895,101475
8535,100117
6818,98927
9658,100172
8310,98022
6905,97840
12802,100573
9312,98952
10011,98623
34205,106925
13562,99508
87718,121045
30966,104937
31377,104921
460474,205617
103481,125789
1763940,491560
2181230,606934
420738,215226
8669,101219
7976,99315
7209,98511
9888,99093
9797,98352
7659,98681
13114,99407
9514,99032
10436,98936
33734,106965
14178,98938
86362,121758
31471,106003
30087,105284
457693,205856
104576,125797
1772271,486603
2163109,604265
414903,216434
8578,102134
8485,100106
7363,99852
9619,99995
8574,92251
7370,90496
12749,100526
9831,100038
15219,102023
39889,107347
13916,100182
89107,120846
31998,112220
30021,104564
465987,206991
109114,127263
1760522,491470
2153098,620150
423318,225093
8655,100453
7895,99351
6930,97470
9180,99277
8333,97343
7362,98059
12711,99420
8890,98361
10285,98444
34072,105931
13389,99666
86935,120459
30970,104713
30245,105246
461671,205700
102842,125019
1763126,486986
2159390,600741
425537,214962
8719,100024
8238,98691
7092,98560
9518,98606
8869,99095
7277,98288
12908,99620
8871,98739
11349,98598
34442,106400
14092,99786
86627,120821
31626,104952
30858,105095
454418,205344
103346,126024
1768128,499963
2176597,607906
415496,215319
8419,101695
7910,97935
6776,97952
9134,99073
8794,98543
7558,98210
13806,99622
9545,99055
15696,100635
34522,106610
13563,98966
86791,120441
32507,105158
30372,104470
458140,206781
104321,126123
1762465,487197
2159020,603954
425728,216187
8818,98739
8469,98685
7229,98688
9664,100659
8762,99092
6984,97781
12919,100996
9640,98800
10128,99733
34251,106715
13413,101001
87069,121646
31004,105786
30081,105843
457189,205854
104082,126669
1749381,496452
2182127,602322
421721,215516
7832,100927
7819,99666
7741,98556
8890,98871
9379,103698
7304,97502
13142,99041
9270,98401
10705,97966
34029,105922
14311,99404
86715,119765
31882,104006
30931,104828
457653,213270
104327,127411
1767150,491954
2183807,610233
419581,214039
7968,100251
7745,98805
7227,98388
9234,99708
8573,98832
7081,98199
12800,100907
10066,100537
15161,101664
34938,106959
13844,100290
88092,121733
31599,105217
29946,104871
462588,206774
103204,126572
1778953,488810
2164322,603796
421245,214840
8190,101727
8005,99319
6648,98446
9384,98412
8760,98574
6856,97813
13030,99861
9654,98384
10746,99929
34264,106451
13352,99237
87316,120462
31651,106527
30624,104767
460396,207007
103941,126499
1764421,480887
2182150,600769
422233,216691
8102,101666
9123,99713
7787,98868
9301,98955
9150,98707
7834,96797
12819,99258
9316,98356
10714,98067
33753,105510
13671,99327
86725,120831
31873,104782
30669,104886
457933,205691
104002,125303
1772953,486200
2183012,605663
417646,214952
7740,100007
7953,100586
7665,98017
9276,93163
8765,94691
7568,98611
13799,99312
10351,99124
15667,100263
34079,106751
13430,104461
87273,126468
32257,105224
29832,105480
468102,206531
108575,127877
1771316,484467
2157965,617351
424404,223319
9165,101583
9675,98987
7470,98470
9587,98282
8522,97203
7275,97690
13587,99391
10098,98320
10207,98956
34523,106372
13774,99002
87283,120771
31447,103811
29895,104320
456127,206608
102733,125071
1761471,489834
2159512,595704
421079,213746
8383,99992
8152,99239
6876,98527
8933,98380
9077,98641
7651,97937
13276,99438
9415,99667
11052,98619
34148,107419
13794,99658
86262,119937
31706,104956
30855,105872
458023,206989
103655,126417
1765263,502870
2178696,606284
419028,215445
9007,99742
7740,99954
7284,99623
9369,100014
8245,99201
7104,98847
12330,100160
9738,98816
16016,101231
35072,107352
13501,99508
87841,120718
31467,105295
29854,105604
460752,206537
102530,126276
1774281,488150
2173055,609200
426641,218591
8906,100956
7971,100733
7128,98756
9702,99782
8540,98788
7033,98640
13375,99533
9596,98611
11016,98943
34686,106124
13887,100562
87269,120170
31071,104839
30174,111567
457871,205059
102645,126718
1759084,488090
2160470,600808
438287,217423
7735,100443
8090,104881
7152,103657
9478,99127
8200,98876
8101,98193
12293,99492
9244,98467
10325,99083
33988,106848
13780,99150
87236,120346
31303,105849
30430,104446
462423,205443
104197,125962
1773937,500366
2162453,605521
415241,213257
8137,101585
7957,99369
7643,98457
9314,100361
8712,99177
7432,98642
13130,100651
9523,98785
15473,101439
34557,106409
13843,99637
87508,121105
31709,105914
29956,105111
460043,206697
103000,125721
1769656,494033
2172827,599252
423483,214419
8792,99328
8281,99756
6748,99534
9352,100427
8866,98626
7087,98962
13278,100388
9309,98842
10148,100088
35093,106416
13617,100010
87237,120573
31433,105445
30237,104712
461497,206842
104073,125013
1761655,482496
2175946,608119
424152,216383
8392,100951
8261,100134
7401,98959
9605,101001
8703,101083
6986,98974
12510,100648
9205,99983
10133,99950
33489,108566
13934,100289
87332,122129
31717,105474
30908,105682
457904,206398
104370,127407
1770052,488237
2190795,606008
430315,216605
8536,102513
14077,100013
7821,99093
9288,98911
8557,99124
7640,98283
13027,100210
9522,99517
14883,100851
34614,106946
13498,99233
88531,119745
31874,105912
29919,105458
461156,205741
102586,126993
1781979,496879
2182195,613419
425833,214247
8753,100894
7763,98517
7299,97864
9381,99804
8350,97789
6987,97712
12992,99806
9465,98545
10114,99315
34766,106291
13517,99349
87642,118959
31170,104140
30090,104224
460727,206232
103669,126083
1778980,495080
2187995,602200
423961,216259
7948,99138
8431,98964
7464,99288
9060,98072
9036,98895
7809,98360
13067,99464
10035,98247
10457,98821
34716,105252
13733,99479
87093,119400
31296,104796
30972,104969
457076,207069
103346,126168
1793262,488545
2183033,608714
416309,217135
8198,100400
7939,99701
7513,98811
9469,100049
8568,99313
7462,98003
12412,100450
9878,98943
15596,101688
34719,106191
13706,99772
87416,120401
31837,105577
29555,105558
463146,207964
104682,127681
1781024,484547
2177790,616192
438080,218318
9476,106623
8295,99774
7089,98807
9882,99264
8587,98700
6984,98378
12830,100532
9567,99150
10326,99560
34162,106226
13468,100795
87173,120834
31325,105095
30094,105218
461518,208156
103187,126486
1774713,485229
2173903,605417
419451,217415
8817,102070
8835,99887
7103,99335
9062,100220
8608,99200
7521,99178
13063,101224
9247,98983
11109,99849
33377,107799
13376,99951
87090,120915
31618,106164
30268,105832
459689,207795
104748,126801
1796565,495150
2173443,599917
416058,217737
8908,100794
8163,98476
7230,99806
9935,98553
8840,99264
7290,97837
12599,101907
10064,101021
15401,101976
34400,106200
13821,99910
87401,120720
31542,105917
30165,105390
460205,207051
103592,126566
1783687,486902
2183401,603817
425457,215285
8660,101268
8382,99564
7404,95442
10268,100382
8654,99775
7169,99782
12820,100558
9469,99528
10059,99181
34837,107713
13466,99280
86954,120881
31939,111312
31040,105219
464671,208963
103116,132862
1779217,484812
2169027,615540
423935,225204
8281,100020
8364,99291
6731,99351
8821,99531
8957,99893
7473,98291
12767,100416
8741,98510
10552,99021
33863,107451
13805,99780
86101,121065
31292,104181
30023,104345
460986,205378
103721,126167
1792282,488191
2169818,599342
421041,214124
8553,101081
8227,99547
7537,98682
9446,99378
8990,98838
7250,98208
12842,100323
9550,99407
15334,100818
35127,107448
13909,99901
88316,120402
31285,105736
29538,106537
462315,206240
103623,126812
1788578,483614
2180608,608215
423612,215998
9653,100884
8552,99030
6666,98960
9517,100259
8415,98318
7561,99175
13295,100012
9807,98045
10314,98266
34686,106355
13597,99595
86629,120236
31074,105261
30721,106385
462250,206646
103533,125565
1768875,485266
2187744,604530
422729,218354
8287,101077
8373,99840
7742,98703
9235,99386
9663,104130
7756,98894
13151,100463
9885,98695
10642,99493
34243,106791
13821,99803
86186,121056
31417,105349
30982,105250
458442,205260
103653,125419
1785490,482424
2180444,603515
420466,213862
8418,101161
8049,99145
7198,99587
9569,99269
8764,97445
7444,97717
12475,100178
9504,98599
15583,102097
34695,106464
13543,99395
87582,120458
31827,106209
29906,105355
460109,206392
103266,125014
1781446,489780
2186157,603216
423788,219825
7910,101576
8099,98732
7032,98451
9632,99994
8975,96921
6999,97601
13159,100482
9567,98421
10112,99053
34876,106885
14119,98994
87622,121428
31480,103928
30978,105044
456964,205477
103636,126180
1764945,485523
2169757,606006
421389,216885
8050,100335
9341,98885
7214,98655
9588,99229
8476,97873
7218,97896
12265,99746
9112,98126
10301,105596
33962,108688
13786,100435
92510,120454
31000,105167
30172,105575
468323,204543
104475,127250
1773966,483080
2175184,613058
426152,216832
8309,100967
8703,99074
7367,98136
9759,99100
8897,98405
7445,97847
13087,98912
9860,98323
15227,100423
34816,106178
13701,98928
87234,121322
31785,105973
29805,104484
459715,205748
104053,125879
1787562,487636
2160557,602424
421856,214180
8954,99267
7963,99369
6693,98193
9593,98490
9106,98097
7136,97599
12724,99257
9641,98114
10319,98626
34786,106330
13998,99851
87192,120500
31065,105590
30386,105600
459146,204720
103304,125534
1771436,486286
2193343,600444
425005,215333
8787,100224
8721,99172
7147,99075
9511,98821
8554,97715
7788,97366
13261,98840
9041,99025
10173,98203
34375,106643
13660,100815
88046,120364
32075,104327
30659,104580
458468,205455
104082,126364
1779041,484256
2183370,611286
417794,216117
8385,101578
8024,99431
7428,98119
8934,104172
8908,98165
7358,98471
12901,99450
9961,97624
15009,100352
34618,106320
13406,98581
87366,121220
32068,104710
30934,104220
460891,212401
102278,126616
1776488,483914
2172988,597973
424095,216877
8100,101024
8310,100784
7524,98084
9513,99549
8563,99657
7469,98986
13044,100620
9923,98786
10629,98968
33925,106071
13978,99298
86436,121466
31166,105531
30641,105552
460643,207343
103897,126323
1785928,488252
2161436,603679
423950,218664
8229,99777
8741,98890
7658,99280
9337,99758
8644,98684
7048,99193
12620,99381
9477,98518
10207,100268
34304,106690
13389,99196
86887,121751
31466,105661
30123,105470
465474,205295
103622,125854
1768772,487523
2176284,602866
420021,216512
8004,100293
7895,99288
6825,99011
9236,99354
8070,98467
7107,98528
12215,100858
9387,99808
14641,100797
33978,106179
13705,100517
87730,120701
31085,106399
29960,104888
461049,206892
103437,126661
1768207,485065
2169337,612442
433827,217625
8962,108956
7674,98824
6756,99489
9324,99741
8658,99356
6787,98096
13133,101092
9433,98414
10373,100009
34751,106616
13414,99902
87615,120439
31259,103954
30667,105269
458958,206091
103392,127156
1778090,491316
2172842,600564
422459,215052
8040,99606
7775,99301
7373,99505
9073,100080
9259,98494
7540,98226
12837,100657
9013,99406
10505,99287
34529,107225
13270,100377
86404,120118
31333,104721
30677,104901
459433,206043
104176,125721
1796401,493192
2170044,608579
417366,215344
8359,100590
8311,100517
7169,98913
9061,100210
8359,99188
7162,97301
12919,101765
9908,99604
15121,101211
35055,106713
13715,100196
87522,121319
31993,106262
29906,105257
459501,205708
103274,127292
1781783,494164
2167502,605393
421385,216102
9025,101384
8163,99665
6906,98611
8884,100120
8624,104092
7411,97448
12670,100081
9633,98617
10285,99853
34355,107135
13895,99889
86403,120644
31703,105875
30396,104986
460774,206099
103656,126736
1788960,483628
2158683,597602
425479,215558
8111,100134
8834,99196
7513,99310
9602,99432
9143,99674
7119,98324
12982,100718
9235,98301
10152,99855
34213,107165
13663,100814
86604,119880
31546,105498
30416,105155
463652,207126
103656,124768
1786071,499155
2180748,607506
414337,213686
8265,101039
7592,98794
7468,98641
9619,99552
8844,97977
7585,98410
13253,99385
9840,98905
15634,100670
34113,106925
13662,100907
87336,121056
31462,106112
29713,106122
460059,207540
102395,127664
1787927,490193
2190091,610183
424311,218406
8309,101345
7952,98398
7357,97969
9454,99732
8686,98988
7204,98010
12856,99961
9112,99004
10402,99178
34615,111938
14146,93517
87758,120564
31454,105895
30222,104555
464862,206752
102862,126737
1774689,485820
2153585,610112
422799,216070
7891,102346
8395,99190
6865,97822
9260,98885
8859,97747
6965,97237
12399,99029
9196,98879
10629,98769
33921,106390
13385,99246
86822,119743
31376,103894
30293,105529
458026,205541
103428,125529
1776526,486601
2177333,599111
421906,216097
9339,102147
9056,99787
8678,98466
9562,99857
9043,99408
7361,99033
12400,100541
9352,99197
15758,102381
34680,106604
13641,99893
86826,120757
32334,106758
30106,105387
461083,204935
103555,127612
1790205,493730
2163915,601037
422832,216383
8630,100550
8418,98637
6746,99158
9489,99793
9297,98807
6972,97454
12952,99755
9326,98439
10694,99278
34827,106737
13689,100659
87567,121103
31247,105891
30817,105837
460598,208413
104673,126104
1768660,494709
2178603,608041
424874,216127
8505,100261
8478,100577
7621,99670
9308,100446
8737,98519
7372,98462
13050,100877
9648,98967
10789,99941
34051,107700
14148,99989
86772,121356
32343,104919
29931,104477
457074,206202
103119,125133
1778980,490773
2176556,603128
419288,216557
8145,102776
8563,100199
7525,98050
9646,99693
8599,99160
7618,99524
12622,99417
9815,98993
14819,100607
34864,106939
13580,99785
88289,121136
32042,106610
29854,105573
457746,205503
104349,126939
1767795,497549
2181557,616360
423350,216293
8539,100598
8440,99320
6731,99147
10268,100317
8829,99579
7087,98153
13043,101349
9617,99243
10113,96181
34859,104103
13641,101108
88042,119334
31224,105169
36098,105843
458182,206334
103180,126657
1767011,492717
2170804,602366
424816,217172
8104,102082
8282,100035
7272,99034
9213,100431
8930,99796
7564,97742
13850,100020
9317,98919
10481,98684
33886,106514
13731,99832
86582,120773
31864,105202
30818,105516
467734,206914
103006,131622
1770843,489045
2158558,619298
420039,219723
7876,101335
8072,98886
7652,98578
9910,98904
8553,98713
7685,97823
12300,100291
9770,99533
15664,100925
35356,106517
14112,99532
86696,120690
32141,106198
29985,105304
459086,205102
103458,127235
1771613,490517
2164664,606246
429531,217706
8055,102647
7777,99504
6717,97958
9528,100028
8276,97944
6916,98162
12678,100195
9564,98347
16481,100900
28881,104965
12933,100298
87842,120932
30654,105226
31616,105508
457170,205894
103742,125824
1767712,494350
2173975,610873
416320,216954
8938,100928
8008,99129
7408,99674
9940,99993
9341,100703
7813,98766
12752,100434
9130,98773
15599,101515
34785,106949
13901,100224
86498,121600
30594,105977
30934,105653
457358,206930
104578,127826
1768058,492854
2173365,603314
416659,218257
8595,103159
8186,100391
7113,99763
10177,100925
8673,99686
7783,98935
13173,101347
9156,100807
15295,102407
34266,108230
13314,100325
86317,122075
31073,105239
30938,106328
459575,206731
104057,126944
1760290,495364
2185008,609318
416138,216184
8601,101734
7304,99945
7406,98210
9575,98787
9273,98411
7851,98196
12791,100631
9478,98465
15534,102519
34371,106908
13498,99499
86473,122121
30978,105251
31224,105454
458607,205271
104541,126316
1767345,499815
2188365,612100
417943,216298
8511,100372
7218,98414
7739,99436
9654,99702
8966,99491
7216,97330
12770,99860
9123,99052
15117,101480
34832,106813
13477,100085
87044,120681
30660,105747
30615,104584
459226,204710
104913,125738
1757573,488446
2189839,614397
417784,216961
8234,101506
7373,100745
7287,99320
9348,100055
8996,99994
7688,96856
13752,100672
9158,99847
15490,97234
35007,108696
13509,100068
87220,123225
30792,106249
31541,111325
457629,205878
104205,128453
1761249,492582
2178667,610429
417639,217475
8687,100699
7844,99935
6976,97997
9308,100712
13465,99713
7344,99107
12701,100638
8699,99018
15195,100608
35137,107428
14016,99523
87624,120543
31070,104173
30732,105780
463907,206796
103916,131261
1767088,484390
2185212,616024
420438,221124
8238,100465
7291,98662
6993,98654
10138,99334
9050,98508
8046,97954
12750,100735
9000,98259
15386,94754
35531,100189
14591,99782
88203,121775
30875,105211
30644,105480
456421,205064
103424,126855
1763044,500421
2177607,603572
416890,214757
8675,100037
8221,98105
7073,98267
9824,99453
9083,98031
7304,97399
13188,99763
8852,98058
15385,100591
35060,105697
13248,99890
86517,120589
30563,104475
31317,104521
457405,205013
104300,125185
1764541,485288
2164754,602565
418405,216939
8717,100561
8179,98694
8066,97991
9426,99544
9407,99198
7276,97722
12988,100762
9601,98475
15305,100949
34533,106659
14438,100060
87160,121198
30940,104751
31047,104759
458749,204698
105196,124533
1759684,491356
2174557,610254
416625,216625
9403,100721
8308,99555
7391,99253
10270,100046
9200,98146
7355,99192
13127,99885
9206,98616
15484,100818
34806,107688
13190,100020
87308,121905
30719,105146
31737,106408
458496,208402
105124,127223
1774326,503381
2172033,602758
416661,216106
8644,100820
8135,98073
7201,98807
9638,99006
9144,99030
7539,98630
13096,100406
9312,99607
15969,101536
35448,106929
13798,100705
87409,121027
31170,105198
31143,105519
458682,207505
104246,126889
1763541,489562
2181930,605723
418304,214202
9072,102410
7412,99168
7714,98283
10585,99314
9154,99166
7577,98402
12737,100419
9415,99393
15475,100825
34753,107473
13465,99945
86317,121779
30577,106797
30510,106163
457615,205969
104833,126733
1768576,487766
2172250,605783
417311,215533
7834,101514
7898,98651
6861,98484
9590,99906
9340,99007
7660,98512
12666,99638
8848,98843
15237,100483
34342,106294
13517,99508
87226,121604
31064,105298
30402,105416
458708,206916
105179,125104
1756537,490844
2176081,609740
417924,217338
8091,101531
7839,99698
6961,98946
9394,99718
10028,99111
7683,98274
13450,100294
9480,98895
15234,100667
35085,106418
13736,99907
86681,120613
30692,103989
31633,104757
460129,207055
104330,132018
1766232,484789
2170235,610877
420082,225037
8705,100219
8359,98195
7657,98797
10001,99068
9151,99122
7302,97779
13293,101373
9552,99075
15406,100829
34802,105828
13575,99691
86487,121037
30930,104067
30670,104027
456922,205024
105041,124775
1772186,487581
2183423,606547
419093,213764
8449,101311
7817,98858
7152,98721
9691,98595
9222,97587
7913,98692
13740,100390
9081,98023
15498,100457
35183,106737
13275,99488
87144,120367
30798,104833
31094,104345
460054,208202
103670,125925
1774501,491745
2174491,604944
424257,216165
8659,99890
7469,99900
7470,99006
9771,99793
9017,99570
7594,98766
13245,100701
8691,98720
15394,101107
34502,106764
13336,100803
87436,121281
30272,105740
30715,105668
457928,206404
104944,127937
1775179,488437
2180031,606083
416596,216643
7676,101058
7731,98584
7477,99265
10192,100151
9101,97716
7617,98670
13007,99729
9146,98543
15856,100753
34465,106478
13626,100301
86553,121335
30394,106492
31518,105422
457182,206284
104384,127530
1763406,493678
2189946,603885
416174,215773
8870,101347
7204,98773
7381,99019
10160,100097
9168,99209
7109,98911
12545,99982
9564,98632
15242,100543
34950,106539
13735,99257
86771,120689
31006,105739
30898,104990
463038,205204
103863,125928
1750632,488442
2178628,613617
422228,216655
8523,100390
7688,98944
7719,99122
9776,99701
9396,98991
7248,98338
12725,100149
9430,98925
15215,100877
34583,106369
13672,99534
87003,119850
30642,103848
31147,105371
456104,206009
105253,125543
1755679,497557
2189314,611517
415606,217801
8330,99370
7500,99562
7310,100292
9916,100298
9375,99308
7698,97988
13361,101059
8863,98342
15508,105921
35104,107375
13908,100574
87554,121294
30836,105385
30545,110275
457646,206599
104240,126147
1743177,489088
2175469,607764
429244,217265
8394,102036
7934,99187
7237,99368
9284,99697
9022,105450
7296,97259
12623,100545
9118,98759
16741,100325
34977,106849
14224,99834
86965,121963
30876,104426
30164,104512
460520,207062
103886,133211
1765475,490119
2163748,609933
418362,223492
8354,100015
7533,98040
7258,99653
9373,99305
8680,98973
7409,98188
12313,100020
9097,98462
15265,100964
34735,106239
13591,99493
86442,121042
30933,104679
30700,103377
458026,205939
103651,125054
1762533,487340
2166265,609340
419224,212254
9000,99872
7644,98795
7112,98473
10055,99463
8816,99262
7179,97595
12519,100170
8970,98194
15439,100432
34478,107345
13156,98615
86904,121506
30682,106581
30958,104696
457590,207215
104805,125715
1766792,496626
2173030,600445
421196,215843
8615,99710
7676,98057
7874,98853
10033,100029
9354,98268
7665,98797
13114,100314
9288,97588
16085,100613
34822,106681
14066,97954
87649,120857
31210,104754
31644,103925
458404,205853
104202,125480
1757175,506064
2170150,604859
417836,215776
8215,100926
7644,99801
7395,98320
9646,99814
9546,98722
7305,98955
12455,100312
8903,99831
15301,100924
35022,108066
13497,100196
86859,121179
30488,105582
30663,105790
456791,206828
104479,126863
1779068,494397
2194625,604658
416325,213962
8408,99177
7802,99095
7021,98164
9802,98664
9080,98554
7721,98029
12658,99482
8945,98908
15042,100132
34950,106595
13409,100142
86808,121923
30715,105327
30724,105075
457858,205779
102786,126605
1758087,490232
2192970,606699
415865,218092
7961,102501
7491,98239
7163,98983
9759,99347
9185,99120
7654,97418
13026,99432
9254,98577
15000,100939
35003,107431
13623,98672
88151,121218
30907,104593
31364,104815
455966,205210
104248,124559
1762636,487417
2183071,603114
416159,216692
8291,101117
7993,99753
7043,99127
10169,100300
9384,99438
7436,98371
12908,101017
8717,98169
14932,100961
35088,106808
13687,101213
92741,120724
30761,105218
30976,104284
457040,205482
103813,126270
1756048,486346
2176557,614126
432390,217852
8134,101812
7595,104621
7057,99431
9328,99847
8891,99358
7239,97943
13162,100817
8779,100372
14983,100689
34839,101859
13346,91135
86873,121328
31091,105708
30148,105722
455404,212729
104495,127776
1773506,490333
2170150,618394
417960,218410
8971,101015
7521,98910
7104,97764
9561,99353
8667,98364
7199,97345
12685,99716
8614,97479
15068,100108
34608,107199
13334,98860
86844,120043
30438,105044
30499,104198
457160,204938
103143,127129
1769288,490729
2168421,601999
419420,218068
8409,101920
8194,100096
7188,98179
9538,99837
8813,99764
7363,98172
12606,100935
8668,99319
15716,102409
34224,106521
13805,99270
87212,121888
29998,104630
30908,105228
455597,206641
104402,126252
1764759,490950
2170264,602857
419821,214738
8786,99660
8236,99029
7441,98410
9804,99340
9232,99049
6933,98971
12806,101033
9270,98781
15639,101028
34341,106283
13577,99905
86940,121158
30592,105609
30524,105813
459941,206762
103524,125744
1767291,499898
2194421,608395
418092,215601
8464,100351
7645,98280
6823,99093
9763,100142
8925,99393
7039,98433
13134,101056
9201,99107
14925,101177
34245,107862
13672,100203
87161,121957
30157,105288
30854,106330
458116,207511
104284,125703
1757530,491481
2184925,608473
419303,215560
8581,101078
7408,99451
7321,99096
10405,99793
9676,98286
7656,98590
13026,99742
9614,98962
15920,102209
34297,106494
13436,99274
86722,120492
30489,106409
30679,105288
460126,206710
103045,126947
1751856,487267
2177618,611587
417228,216469
8013,99961
7465,99305
7351,99012
10169,99735
9289,99222
7206,98107
12688,101178
8950,98318
15269,102374
34094,107566
13801,99880
86789,121133
30601,106451
30422,105354
458479,205551
103896,127635
1752266,490979
2181870,604912
416155,216386
7912,102477
7205,98654
6587,100056
9455,99974
8784,99873
6933,99331
12378,101640
8885,104635
15473,102571
34801,106574
13096,100102
86817,121691
30761,106267
30655,104973
460250,206455
103998,133091
1758411,491107
2173511,618421
416650,224211
8095,100699
7647,99686
6681,98658
9665,99541
8739,98286
7196,97604
13201,99669
8866,99600
15305,101413
34723,107334
13827,99797
86782,120499
30294,105293
30617,104994
458086,206635
103964,127159
1767607,494670
2181557,606081
418877,217179
8739,99040
8086,99071
7701,98574
9920,98892
8710,97529
7202,97128
13332,100794
8905,98551
15567,101224
34515,106702
13428,99089
86581,121610
30733,104709
30512,105110
458650,206303
103168,125986
1767899,486080
2159615,614647
415453,213529
8637,100679
7605,98720
6923,99074
9699,101216
9296,99474
8630,98503
12940,99572
9242,99081
15528,101101
34620,107270
13316,99931
86681,121261
30359,105500
31229,105134
458781,205526
103403,127628
1761152,484345
2179872,607573
418172,215315
7563,100368
7600,99036
7136,98684
9810,98763
9046,99320
6990,97478
12895,100908
8709,98742
15004,101117
33977,106105
14048,99099
87412,120407
30985,105743
30221,105445
459909,203643
103863,125389
1756267,484723
2195950,605813
411404,213743
8279,101139
8439,98847
6836,99549
9505,99809
9436,99460
7561,98762
13284,101526
9449,99205
15368,100942
34426,106980
13702,99991
86917,121928
31501,105285
29866,111500
460317,206673
104682,126308
1750769,490979
2150486,612411
436868,213900
8810,99810
7766,96937
7151,103067
10144,97831
9104,97369
7696,97604
13331,99240
9570,97417
10092,97868
34248,105137
13816,98022
87531,119305
31239,103570
30349,103138
459396,202803
103290,124953
1773309,487510
2162569,606945
423891,214760
7879,98822
8320,99984
7819,97701
9458,98029
9085,98505
7378,98228
13255,99664
9245,98992
10526,98900
34030,106135
14593,100800
86863,120583
31399,104975
30572,104596
463055,206499
103921,124683
1793949,492940
2163099,601086
417013,218063
8749,100104
8301,98795
7614,99131
9612,98695
8574,98703
7967,97555
12657,99329
10142,99719
15441,101120
35452,106530
13846,98602
87657,120720
31570,105283
30399,104657
460114,206038
103862,125232
1783357,489517
2173328,607716
421981,215960
8889,100609
8754,97971
6933,98618
9530,98622
9065,98503
6928,96946
13306,99214
9710,97690
10127,98436
34594,106168
13941,98006
87038,119927
32216,105062
30585,104679
457936,205457
104010,126261
1768431,488328
2180098,608663
421947,217445
8118,99747
7964,98603
6989,99267
8843,98649
8507,98832
7178,98205
12995,100100
9351,98147
10791,98354
34183,106240
13780,99738
87863,127169
37344,105749
30826,104753
469035,205411
109679,127260
1775633,485819
2151086,611025
421419,221845
7932,100027
8081,98768
6890,98309
9877,99341
8547,98682
7606,98371
13035,99950
9418,98807
15074,101139
34894,107207
13689,100125
87374,120115
31892,105709
30734,105014
460037,204610
102869,125776
1775678,485996
2168240,598283
427022,216877
8733,99505
8262,99586
6904,99079
9460,98832
9658,99133
6962,97607
12945,99755
9298,98221
10524,99926
34750,107537
14102,99451
86973,120981
31176,105390
30613,105317
457324,206306
103063,127314
1770085,498473
2176484,599322
422660,216338
8797,100644
8076,98909
6876,97711
9459,98740
8813,99748
7346,97992
13745,100018
9188,99177
10439,98602
33946,106083
14371,99623
86743,119282
32153,104703
30097,104825
458442,207188
104125,125541
1782236,493111
2177961,601255
418477,215619
9093,101594
8128,99488
7533,98635
9981,100176
8592,98817
7441,97693
12832,99700
9987,99961
15471,102536
34851,108217
13454,99473
88365,121377
31934,105072
30016,106235
461108,206135
103179,126069
1779831,484363
2180582,611487
425730,214770
8480,101332
8210,101328
7301,98990
9125,99024
8358,99300
6886,98107
12892,98125
9444,98954
9953,99822
33936,107273
13333,99627
86436,120271
30975,104341
29800,105482
456647,211914
102125,126028
1762501,480084
2150352,607495
419516,215588
8106,101148
9580,99997
7144,99240
9463,99333
9014,99199
8009,98843
12784,100641
9633,99805
10640,98965
33394,105906
13965,99352
85823,120022
31083,105209
30535,105170
456490,204736
102696,126318
1776293,486188
2154771,609780
416340,215387
8619,100984
7834,99208
7509,98599
9936,98857
9191,97752
7472,97628
12980,100709
9612,97913
15660,100515
34179,106685
13640,98047
86367,120194
31784,105982
29956,104960
459532,203916
102000,126670
1774244,483434
2155497,605197
422499,215969
8556,100213
8135,99448
7544,99210
9505,99959
9276,100005
7640,98017
13082,100114
9397,98891
10295,100288
33815,106989
12882,98797
85456,120732
30875,106205
29432,104207
457790,203916
102253,126642
1768612,479330
2154703,600390
416802,218986
8643,100567
8049,99314
7085,99023
9288,98625
8813,99144
7565,98742
12993,100609
9357,98887
10485,99110
32962,107056
13773,100203
86021,120520
31268,104799
30578,104693
453063,212288
102662,126510
1775377,489560
2152870,603735
416827,213769
8385,102071
8091,98284
7282,98662
9479,99422
8623,98634
7615,98508
12653,100502
9253,99475
14751,100107
34481,105784
13577,98790
87668,120039
31429,104372
29421,105249
457743,204538
103297,125953
1778051,487077
2142490,599242
418062,213715
9221,100408
8117,99218
7342,97671
9162,99499
8566,97966
6864,97660
12777,99387
9554,98365
10350,99814
33792,106419
13444,100135
86022,121024
31308,104774
30438,105862
456851,204706
102370,126692
1775145,478700
2160631,599135
419414,216777
8028,99356
8502,99998
7530,99213
9506,98314
9020,100250
7599,98449
12983,101467
9549,97793
10851,99689
34189,106006
14035,100895
85932,120080
31232,105208
30592,110234
455764,207166
102648,125314
1765283,482271
2153497,613085
420577,214376
8333,106584
8071,99698
7552,98792
9338,99000
8792,98395
7526,98133
12995,99896
9959,98192
15244,100460
34391,107460
13586,99378
86531,119534
31680,104924
29939,105351
458213,204387
102814,125854
1801387,499190
2174035,603732
424396,214830
9039,99767
8429,99361
6693,99165
9763,99157
8846,99484
7345,98744
12772,100808
9940,98836
10536,99286
34940,107504
13900,99113
86826,120282
31927,104993
30539,105376
461814,206907
103596,125820
1764075,485754
2177855,606548
423924,214550
7892,101408
8137,98951
7143,98273
9311,99182
8736,98382
7193,100206
12984,100926
9648,98103
10680,98443
34104,107187
13702,99698
86272,120246
31355,105681
30855,106148
458103,208595
104239,126902
1790651,486117
2171384,601907
413245,217358
8142,100932
8631,98819
7395,99738
9887,98587
8968,103721
7202,97982
13370,100101
9655,98412
15084,100695
34687,106097
13861,99658
87787,120688
31589,105334
30050,104014
462257,206000
103518,124825
1783519,488536
2168351,608623
425656,215159
9138,100412
8831,98877
6894,97705
9269,98371
8884,98516
7135,97631
13254,99243
9601,98485
10715,98575
34139,105733
13418,99180
87329,120080
31768,105141
30361,105753
461142,206176
103624,126052
1773913,498504
2171537,605790
423911,216319
8358,101062
8387,99219
6704,97878
8759,100043
8831,98864
7112,97639
12964,100603
9327,99063
10136,99233
33431,106200
13504,100012
87338,120310
31742,104663
30853,104886
460833,205105
103800,126283
1774708,488569
2167212,608634
417090,216064
8670,100386
8040,99075
7671,99368
9496,100388
8397,98979
7229,98391
12677,106015
10461,99675
15177,101600
39325,106905
13916,100417
87948,120847
31204,112139
29989,106084
465948,207008
102679,133819
1785567,490316
2158297,603207
422033,217765
8678,99977
8452,98432
6557,98006
9522,100023
8659,98557
6910,97765
13193,100500
8889,98612
10592,98167
34059,106615
13275,99180
86873,119955
31368,105354
30761,105343
461216,205450
102750,126854
1782689,489157
2162200,601689
423364,215891
8072,100150
7924,100457
6851,99212
9031,99482
8615,99009
7678,98584
12600,100206
9218,98601
10582,98747
33940,107429
13949,99488
86260,118943
32225,104619
30417,105349
464702,206144
103875,126577
1772914,490651
2172712,600947
420369,214860
8482,100795
8230,99125
7832,98830
10370,100091
8833,95465
7806,98271
12470,100529
10274,99454
15605,101244
34882,106890
13460,99862
87116,119769
31448,106531
29951,104639
459287,206005
102952,127347
1784544,489298
2170640,621823
435633,219324
8160,107404
8672,98899
7029,97762
9308,99438
8563,98435
6836,98386
13557,99356
9902,98895
10381,98429
34545,106336
13630,99983
86690,120611
31226,105156
30431,104461
458539,206856
103583,125883
1796109,489637
2161150,601789
424507,218057
8767,100746
7794,99247
6948,98205
9107,99125
8573,98113
7724,97367
12424,99906
9467,98264
10303,98884
33828,105434
13702,99348
86696,120655
31392,105307
30755,104117
461287,205101
104326,127696
1791567,483956
2165684,602615
417628,216413
8223,101748
8075,100312
7067,98496
9285,99343
8567,97699
7447,97987
12662,99710
9719,99043
15143,99915
34266,108282
14470,99863
87186,120924
31847,105202
30109,104553
460047,207574
103189,127369
1776630,486177
2168345,598105
423828,216386
8684,101304
8419,98633
6816,98818
9479,98703
9046,98073
7133,98350
13406,99236
9117,98231
9838,99450
34225,106995
13663,98397
87988,120254
31083,104574
30176,104334
458869,204964
102977,126685
1787262,486011
2168665,608162
425267,214273
8422,100521
8389,98706
7596,98642
9253,98990
9381,98957
7432,98131
13166,99924
9781,97845
11019,98944
34431,106701
13886,100288
86586,120565
32017,104511
30585,104812
460983,204460
104198,125061
1777021,486735
2161473,605073
420086,215610
8019,101655
8523,99119
7074,98483
9572,99715
8364,99273
7621,97684
12834,100364
10002,98558
15227,101704
34952,106979
13955,100604
87692,120889
31839,104777
30143,104878
459524,205694
103751,124831
1763072,497437
2179983,604718
423880,217992
8593,99996
8723,100103
7193,97756
9604,99429
8860,97990
6936,98036
13646,99467
10029,98569
11129,99463
35151,106980
13862,99298
87054,120081
31656,105260
30134,104961
456588,205652
102971,127701
1768287,487297
2177858,616498
424514,216367
8498,101325
8390,99255
6937,98768
9243,99635
8873,99217
7359,98860
13441,100509
9678,99220
11056,99409
33938,105893
14138,100563
86459,120522
32091,105327
30567,105495
459346,206426
104327,126554
1763522,488379
2155644,601959
420038,216130
7885,102641
7846,100234
7583,93893
9273,100964
9022,99447
7579,98302
13120,105287
9605,99697
15016,100988
40478,106663
13689,99701
87980,120397
31670,110689
30501,105069
463169,205906
109173,126302
1769793,480133
2158078,612136
426973,221331
8355,100120
8278,99207
7093,98309
9393,99119
8702,99184
6988,97893
12978,100909
9635,98300
10433,98667
34312,107025
13502,99157
86818,119446
32190,105061
30275,104777
457599,204856
104225,126439
1761781,479837
2168876,603765
422438,217997
8048,100474
8293,99041
7233,99654
8962,99362
9139,98660
7586,98185
13185,99608
9392,99011
10697,99203
34062,106242
14089,99593
86731,120403
31581,105922
30521,105264
459330,205717
104397,126523
1778963,498106
2179641,605644
419091,215151
8747,100890
8457,98915
7483,98504
9911,98949
8520,97946
7617,97719
12352,99524
10371,98721
15071,100404
34843,106313
14032,100232
88511,120088
31754,105375
30236,104608
459265,205718
103448,125837
1773495,484704
2161053,603102
423848,217371
8573,99510
8832,100265
6528,98557
9894,99835
8836,97908
7286,97185
13391,99632
9369,98687
10355,98760
34362,107240
13937,99139
87932,120014
30976,104833
30630,105186
458065,204996
103811,125157
1766593,488441
2172261,599851
421225,217081
7714,101317
8240,99049
7458,99349
9231,99339
8718,98529
7293,99122
12559,100282
9097,99521
10343,98635
33450,107277
13335,105694
87822,125781
31218,106209
30328,104194
465472,205708
103897,126722
1770517,487538
2149939,615638
426682,215859
8186,101682
7784,99712
7093,98540
9475,99934
8789,98811
7458,97999
12387,99904
10277,99228
14848,100738
35257,106406
13760,99768
88074,120429
31664,107067
30516,104728
457903,204992
104637,127046
1771575,488269
2166964,603426
423237,217013
8697,101336
8199,98983
7397,98460
9350,99039
8648,97617
7648,97576
12821,100742
9636,98180
10636,98539
34084,106419
14241,98742
86813,119274
31229,104499
30539,104166
460374,206669
103139,125221
1776189,488097
2167539,603701
427069,216119
7980,99724
7771,98830
6576,98043
9157,98570
8854,99393
7384,97437
13071,100406
9268,99060
10429,98876
34553,105518
14360,99491
85908,120177
31715,105435
30599,104748
458120,206214
104667,126248
1777085,492136
2167356,608694
419633,213781
8727,101774
8346,100113
8312,98736
9489,99120
8831,98665
7551,97574
12822,99171
9630,98970
14844,101750
34439,106237
13527,100800
88850,120187
31625,106147
29525,105383
456900,206277
103268,126297
1770269,489674
2181372,614855
425617,216328
9393,101363
8204,98900
6647,98056
9846,99481
9102,97607
7257,98135
13023,99758
9748,98801
10273,99450
33979,107402
13358,99531
86999,120839
31838,105421
29877,105326
460741,206746
103191,126867
1769989,484339
2172292,610355
434038,215038
8540,101901
8126,104775
7602,104031
9728,98673
8605,97983
7224,97891
12565,101115
8936,98534
10481,100374
34315,106922
13783,99709
86830,120229
31813,105271
30428,104569
459068,205422
104705,126153
1775756,487107
2154389,603892
421410,217682
8474,100572
8359,98784
8140,98671
9862,99491
8444,99082
7410,98448
12853,99685
9543,98884
15315,100300
34913,107214
14690,99522
87821,120347
31238,105459
30219,105197
457135,204758
104200,125263
1775467,487172
2171472,602136
425622,217665
8581,100705
8329,101495
7432,98941
9925,100143
8902,99733
7405,99066
12977,100427
9541,99143
10102,99232
34527,107125
13485,99918
86694,121179
31085,105067
30266,104636
461236,205100
103083,125303
1773926,493872
2173088,614137
422198,216894
8250,101484
8193,99630
6738,99546
8586,97973
8620,98512
6977,98877
13159,99743
8998,99278
10152,99140
34469,106492
13957,100216
86803,120309
31751,104237
30601,105751
459130,205156
103835,125647
1783688,487017
2176979,611256
417691,214194
8718,101035
8329,98908
7490,97992
9950,100001
8859,98725
7832,98343
12883,99985
9567,99261
15380,101333
34314,106603
14259,99209
88672,120316
32903,105101
29825,110018
461793,204855
102802,126275
1761393,484754
2184078,601686
434863,218022
7884,102262
7928,105697
7255,105467
9663,99621
9041,97313
7419,97835
13704,100610
10418,98570
10519,99146
34710,106476
13709,98837
87422,119396
31780,104929
30570,104139
455744,206377
102734,126230
1776327,488125
2169205,608783
424152,218900
8335,100358
8442,99496
6757,98793
9227,98733
8673,97752
7447,96635
13079,99766
9466,98994
10806,99633
33744,107175
14185,99564
86611,120392
31622,105150
30557,104604
460737,206254
103991,127112
1780981,491418
2165862,597790
421915,217413
8616,100764
7718,98456
7163,98818
10029,99026
8734,98235
7621,97606
13069,100595
9524,99582
15155,101033
34901,107359
14461,99472
88278,120326
32350,105605
30873,106245
456811,205592
103069,125309
1770834,487038
2185474,600463
423001,216637
8663,99650
7765,99212
7013,99064
9437,100489
8437,98841
6999,98506
14000,100817
9629,99948
9954,99567
34637,107482
13871,100417
87285,121202
30786,105216
30200,104677
456487,206213
102543,126608
1764484,489233
2179609,609266
422821,214906
7804,101938
7930,99361
6626,98997
9029,99063
8892,98629
6887,97859
12977,99817
9337,98118
10211,99301
34010,106630
14245,99527
85800,120107
31922,104235
31049,104635
460768,212861
104001,128070
1778451,488457
2166463,597372
417737,213951
8163,102919
8617,99291
8167,97892
9344,99357
8646,97694
7294,98673
12840,99954
9816,98082
15935,100878
34904,106728
14281,100295
87320,120256
31939,105742
29806,104813
457246,205559
103443,125924
1785297,487516
2174953,602628
423201,216622
8658,100516
7846,100736
6574,98064
9514,98999
9074,98270
7139,97368
13168,100216
9320,99458
16976,100254
29666,105758
13712,100027
88112,120041
31319,105204
32771,105766
458377,207097
103937,127765
1769274,484463
2174511,599392
419205,215903
8487,100112
7932,98003
7230,99557
10713,99692
9423,98634
7675,98864
12855,101183
9429,99387
15453,101436
35080,107263
13542,100019
87039,121985
31000,105554
31029,105265
458831,206170
104198,126335
1771199,487652
2186850,605492
416179,216700
7740,101989
7120,98770
7225,98525
9023,99538
8973,104326
7411,97988
12580,100243
9476,98825
15579,100536
34459,106547
13381,99196
86596,120853
30647,105061
30463,105569
457565,204824
103803,126850
1778169,486324
2173008,604965
414578,216856
8122,100122
7740,99738
7404,98925
9661,99882
9639,98784
7036,97139
12694,99998
8514,99274
15387,100435
33994,106164
13427,98518
86523,121072
31102,104856
30495,103889
460051,205851
104556,126066
1771378,497894
2171753,610902
412838,216408
8681,101249
7391,99567
7407,99253
9620,99985
8955,98966
7242,98359
12276,100769
9105,99145
14873,94933
33791,107265
13502,99748
87217,120488
30692,105670
30822,106236
460835,206764
104104,127365
1782480,492518
2188575,606515
414130,216124
8083,98692
7616,99017
6964,98925
10432,100744
9460,100728
7410,91811
13247,101889
8927,99668
16043,102902
34647,107233
13400,100516
92778,123290
31226,106550
30948,105264
466843,206776
104262,127058
1774369,488743
2163607,612576
428138,216048
7814,100737
7902,98640
7271,98747
10422,99103
8863,98558
8647,98545
12947,100827
9152,98705
14846,100760
34589,106909
14372,100558
87826,120767
31031,105288
31152,105432
460691,205999
104042,125494
1777209,487506
2163444,605251
415485,215926
9119,101163
7635,100084
7141,98764
10255,98727
9002,99488
7166,98855
12807,101252
8777,99223
15160,101321
34560,106883
13826,100324
86922,121597
30996,106375
30566,105138
461990,206185
103626,126097
1770849,484351
2199181,609602
415047,217682
7879,101113
7788,98926
7555,99116
9191,99844
8843,98980
7687,98699
13444,99976
8653,98427
15715,101148
34692,107182
13424,100145
87529,121363
30739,105897
30549,104839
460293,207154
103848,127870
1764038,482408
2182433,606562
418329,215853
8659,101388
7789,98765
7258,99759
9429,100099
8949,99802
6857,98785
12716,100354
8911,99515
15042,101626
34276,108022
13564,100705
86775,121610
30322,105156
30792,105139
461090,211454
103550,127433
1778342,489206
2170246,603720
419915,217219
8214,100747
8200,98394
7417,98417
9243,98333
8775,97686
7450,97815
12823,99747
8747,98322
15336,100988
34697,105798
13714,99709
86470,122898
30533,105581
30621,105242
460315,206438
104348,126148
1766439,497875
2183386,606539
418383,214777
8419,99785
7476,99635
6549,98322
9501,99729
8826,99400
7964,98472
12713,101148
9367,98892
15437,101076
34705,106435
13028,99783
86521,120783
30664,104954
30611,105329
459583,205602
104285,127520
1772291,490235
2186169,600501
417014,216630
8174,99371
7781,98691
6985,98837
10172,98805
8706,98829
7582,98663
12710,100429
9148,99217
14916,106810
34242,106808
13304,99759
91566,121466
30346,105480
30810,105349
464493,205904
104451,126026
1765228,487655
2169413,622501
418203,223016
8402,101346
7350,98820
7024,98726
9890,99584
8935,99460
6959,98203
12638,99653
9004,99291
15360,101676
33985,107234
13340,99877
87290,121591
30637,105785
31005,104846
458862,205127
103366,127488
1779490,490181
2165503,604457
417662,215971
8600,100107
7718,98272
6923,99276
9448,99101
9034,98142
7518,97671
12973,100749
9213,99587
15390,101411
35042,106612
13356,99559
86443,121308
30526,104437
30902,104757
461750,207375
104431,126032
1780843,488862
2174777,608171
417968,216935
8894,99097
7643,99058
6799,99648
9450,99303
8968,100404
7485,98510
12680,101395
8754,99315
14860,101490
34881,107094
13155,100067
87266,121147
30145,105728
30941,97475
459147,207879
103257,126985
1763188,491185
2182092,606238
416683,215572
8031,100388
7458,99536
6370,98477
9347,99932
9046,98199
7118,97248
12555,99485
8759,98674
15149,100453
34376,106542
13476,98552
87123,121060
30135,104170
36818,105993
460391,206819
104736,127232
1790132,481305
2160191,602001
419280,214730
7896,99370
7629,97314
7322,98283
9764,99530
9219,98185
7739,97606
13047,99258
9167,98767
15605,100370
34817,106233
13529,99665
86727,120232
30699,104785
30547,104951
460771,205904
103620,124589
1777687,501119
2182082,609504
419470,215128
8320,101303
7366,98916
6843,98709
8989,99882
8837,99068
7608,98459
12493,101542
9178,98961
15315,102028
34757,106684
14002,100112
85968,119617
30811,105040
30553,105966
459985,206404
104964,127080
1785608,498054
2179166,611376
416027,216869
9022,100814
7598,100435
7284,100784
10184,100464
8892,99911
8025,100088
12685,101675
9342,99445
15268,101928
34566,107222
13972,100837
85907,121825
30816,105942
31103,104561
460381,206186
103781,127289
1756695,491275
2188100,608757
416980,216837
8249,101025
7763,99842
7677,99172
9774,100296
9069,100106
7557,99840
12829,100299
9467,105661
15412,101034
34486,112828
13833,99897
86291,121911
30803,111895
30584,106352
465969,206996
108932,128601
1766263,489157
2175236,614839
428511,216648
8502,100748
7855,99326
7619,99281
10728,100159
9457,99272
7994,98575
13169,100123
9118,99278
15513,101642
35341,106394
13502,98806
86944,120920
30478,106520
30694,104639
457678,207493
104135,125112
1775217,489190
2172160,606829
416853,215751
8439,102446
7462,99087
6957,99199
9773,98853
9010,97464
7354,99396
13191,100010
8993,99686
15132,101587
35037,106545
13490,101031
87248,122046
31027,104951
30963,105121
458387,207006
103598,126487
1788031,491280
2164448,606094
416116,216349
8459,99939
7787,98770
7030,98491
10116,99095
9199,98557
7441,98376
12902,100514
8835,98558
15388,101261
35074,106705
13478,100075
86894,121429
30645,104874
31264,105053
458023,206269
104209,126390
1775171,490114
2176185,609967
418745,216132
8208,100565
7587,99106
6916,99094
9747,98908
8812,99374
7255,98997
13095,101478
8945,99291
15461,101303
34805,106277
13495,100669
86717,121894
30494,105349
31482,106003
454681,207073
103645,125183
1764848,498513
2171660,609780
416579,215671
8136,101227
7779,98573
7033,98970
9749,99861
8978,99180
7316,98378
12730,101530
9009,98715
15811,100891
34603,107540
13710,99743
87273,120664
31283,104477
31146,105128
461194,205927
103966,126709
1767383,486264
2186881,614192
421320,214599
9278,102290
7672,98243
7644,98724
9727,99753
8817,98868
7736,98818
12906,101347
9036,98523
15280,100877
33941,107527
13185,99856
86363,121063
30776,105539
30256,104901
454355,205888
104065,126311
1758345,486354
2181688,607133
418218,215448
8708,101003
8046,98989
7468,100018
10385,99491
9334,99135
7453,98269
13654,100795
9358,98981
15044,102425
34708,109427
13615,100857
87594,122151
31162,104784
30370,110732
459148,206462
102964,127435
1746054,487137
2194326,608986
423412,217957
7974,100903
7504,99607
7496,98524
9421,99475
9207,103471
7461,97343
12963,99980
9097,98618
15281,100725
34536,107200
13392,99012
87301,120980
31077,105089
30495,105472
457193,211636
103685,126084
1765185,488872
2175581,608263
418053,216386
8479,100998
7883,98558
7312,99059
10063,99702
9018,98239
7237,98339
13041,100409
9345,98871
16200,101107
35385,106454
13770,100115
87570,120979
31132,104600
30854,105034
461181,206866
103796,125869
1769012,485739
2158143,611918
419002,216257
7991,100532
7371,98981
6992,98989
9753,99975
9252,98470
7911,98122
13163,100063
8711,98455
15425,100995
34704,106858
13672,99731
86583,120996
30954,105055
30452,104763
457263,207453
103321,125258
1765954,499057
2188662,606971
422109,214551
8931,100523
7918,96798
6818,98600
9779,99663
9469,98149
7741,97490
13044,100260
9207,97939
15358,100552
34863,106672
13476,98763
87452,120500
30679,105266
30806,105190
459412,205103
104189,125453
1770088,489027
2180308,607282
416723,214738
8976,100960
7434,99457
7139,98409
9589,101001
8808,98929
7132,98786
12910,99913
9238,99878
15022,100896
34210,107208
13647,99349
86357,120490
30710,105671
30241,104908
455489,206988
103433,125385
1757152,488276
2175393,612369
415797,215815
8705,99826
7561,99069
7100,99484
9973,99516
8878,98938
7201,99327
12799,100343
8690,98521
14898,106548
34962,106563
13990,100746
92346,120838
30917,105033
30113,104770
462618,206357
104090,126883
1764264,489804
2157743,615833
427685,216262
7779,108394
7552,98433
7802,98086
9745,99421
8851,98784
7219,97259
12838,98421
9016,98484
14904,99847
34183,106624
13531,98815
86667,120379
30225,105117
30266,103833
459746,205519
103543,125842
1759942,488633
2167835,597971
419988,215308
7939,99770
7529,97435
7073,97746
9579,98974
8656,98677
7298,97486
12768,99044
9310,98325
14901,100863
33903,106108
13592,99983
86460,120894
31200,104719
30557,104987
458078,205753
104414,126498
1755641,501296
2180653,601930
415635,216151
8587,101597
7530,98736
6808,98703
9525,98754
9171,98756
7232,97589
12726,100207
9149,99230
15333,100441
34595,106722
13376,99561
87075,122039
30463,104022
30121,97988
454492,206404
103544,127532
1756853,488908
2175508,612819
418595,216300
9004,99973
7144,99053
7230,98541
9759,100718
9107,99915
7250,98204
12392,100884
9076,99212
15310,102029
34620,108312
13417,100309
87286,121019
31156,104445
30431,105981
456173,205462
103055,126282
1763541,492075
2173991,606080
422278,216939
8037,101899
7181,99553
6741,99364
9722,99994
9429,97460
7998,97761
13389,99795
9155,98447
15184,100066
34575,106531
13362,99616
87432,120660
31370,105477
30890,104444
456575,205386
104118,127094
1770555,485614
2155054,607355
416340,216385
8187,101749
7320,99518
6603,98866
9773,99445
9425,98959
7234,99262
12574,100191
9042,99278
15344,101191
34646,106698
13249,100160
87169,120911
30305,105070
30654,105235
458765,205521
104382,125664
1766951,490668
2158185,604770
421929,216007
8449,101034
7940,98708
7291,99166
10485,99681
9190,99297
7639,98447
13351,100219
9725,98677
15597,101233
35019,106683
13349,99749
86936,121184
30540,105571
30561,104987
456848,207218
103528,128253
1765761,487709
2168561,615148
419208,214687
7954,101237
7510,97715
7095,98640
9678,99464
8679,98630
7226,97394
12562,100507
8810,98992
15116,101367
34432,107706
13564,100327
86089,122075
30509,105628
30870,106474
461435,206654
103830,127447
1764387,484476
2172767,603370
430787,215856
8167,101178
7774,104665
7212,104270
9614,96965
9419,97901
7696,97787
12591,99773
9347,98552
15491,100604
35106,106480
13865,99951
87321,121153
31859,104749
30322,105846
463038,207006
104515,126691
1786482,492096
2169774,606555
425339,218066
8470,99441
8479,99280
7101,98287
9665,99556
8796,98477
7054,99302
12857,100222
9088,98342
9955,99267
34483,106571
13929,99611
88127,120008
31050,105646
30568,106819
458029,205623
103005,125946
1769450,494377
2190128,598919
424939,219272
8724,100243
8308,99558
7177,98886
9341,99098
8540,98601
7222,99639
12553,99307
9051,99370
10618,98680
33614,106818
14030,100314
86344,119678
31692,104757
30101,104327
463441,205152
105418,125598
1784775,484972
2190216,602238
419202,216831
9261,101765
8070,99302
7125,99570
9718,98803
8900,98719
7684,98421
12525,101096
9836,99165
15920,102315
34876,107593
13722,99532
87286,119884
31720,105139
30090,110366
457711,205477
103368,127373
1777748,487871
2172885,617559
436687,215099
8332,100754
8824,98705
6933,97555
10002,98543
9488,98332
7223,98019
13120,101510
9759,98725
10263,99313
34672,106487
13558,98699
86901,119323
31107,104547
30552,106952
457880,205268
103412,125648
1791057,486507
2176268,606281
424382,216243
8308,98780
7984,98489
6489,97514
9218,98364
8405,98261
8100,97650
12518,99225
9394,98408
10501,100078
33786,105735
13654,99639
86820,120614
31874,104471
30977,103705
461398,204175
104150,125177
1789604,498858
2192237,601078
416059,217943
8195,100086
8512,100208
7092,98339
9576,99416
8576,98829
7974,97729
13052,99210
9537,98891
15331,101385
34304,107296
13575,99380
86980,120484
31829,105725
29686,105195
463492,205814
103319,126003
1780680,485840
2188736,608477
423887,216150
7981,100299
8327,99102
6937,98802
9476,99132
8688,99184
7679,99147
12711,92087
9733,99303
10197,104830
34161,107824
13220,100250
93474,121453
31324,106036
29996,104913
465489,205680
103550,127053
1777363,486487
2162831,617371
428034,219231
7538,100509
8085,98021
7011,97845
9104,99497
8874,98301
7348,97924
13116,100384
9324,98733
10554,99442
34317,107368
14055,100040
86778,120707
31242,104930
30233,104866
461568,206155
103359,127333
1795244,489766
2149286,600445
417385,217194
8662,101327
8225,99390
7185,98886
9660,100267
8408,98694
7378,98049
12621,100102
9880,99388
15499,101394
34193,105646
13734,99585
88478,120039
32378,106198
30723,105594
458078,205169
103109,125999
1785162,483842
2177710,608320
424562,216685
8542,100882
8570,99950
6572,98122
9479,99319
8559,98991
6628,98055
13338,100468
9246,98499
10074,99039
34076,107172
13340,100078
87597,121295
30849,105875
30193,105345
463628,207252
103949,128349
1784502,490097
2189431,598618
420983,217970
8699,101013
8473,99753
7204,98731
8976,98941
9217,99133
7397,98100
12933,99689
9316,98522
10585,99802
34014,105843
13586,100501
87970,121578
31740,104840
30542,104874
459650,213438
104082,125796
1791737,494673
2164268,603610
419795,216802
8499,100137
7928,100314
7480,98733
9313,100042
8881,99741
7443,99194
12694,100370
9863,98753
15522,100971
34482,106910
13632,100638
88278,120232
31498,105738
29620,104994
459484,205534
103789,124828
1785361,496357
2181261,604717
424501,214853
8114,98761
8568,99002
6760,99452
9609,98819
8776,98484
7149,98745
12981,100521
9331,98942
10410,100435
34498,107811
13659,100273
86651,121684
31370,105672
29850,105760
457291,206330
103267,126038
1799376,488217
2185855,604272
425223,217235
7815,101279
8160,99125
6900,98373
9199,99359
11002,59891
8616,68698
15399,62520
10665,71501
12174,67896
40005,79425
15850,69773
105751,91827
38085,65244
37230,74950
588230,176332
129875,91230
2297163,481800
2920774,612950
541098,186937
9548,66279
8773,62559
7872,66231
10150,71230
10007,63865
8019,61979
14477,72452
10685,64935
17623,71118
41087,69497
16090,70132
104646,91176
38570,77116
36716,78192
585481,181593
129975,94654
2288909,472169
2961315,611354
531223,186792
9659,67235
9811,61295
7639,61007
10551,65630
9876,64871
7745,60762
15317,67126
11541,69460
11631,62326
41031,73042
15847,65509
105232,90752
38393,75698
37106,70353
598373,182417
129363,95396
2266587,480804
2947106,608974
539230,184724
9882,64220
9677,65333
8596,59038
10951,63453
10715,61165
8759,64830
14388,65842
10719,64418
11824,62855
40784,69670
15943,61951
105146,93775
38411,66150
37063,75356
591615,179926
130068,90732
2266729,481007
2906211,610973
527350,186888
9493,67948
9348,67596
8515,66143
11237,69453
9731,60784
9065,58817
14799,71747
11790,67781
18031,64234
41042,80456
16449,66134
105111,85331
38956,69790
36583,71006
584528,182370
129750,91645
2239213,484677
2918188,603470
535994,193975
10356,69570
8867,71281
7617,59248
10415,70397
9741,62725
8314,65550
14169,72406
10495,66707
11747,68908
41449,70975
15467,62383
105273,87404
38662,77007
36311,68668
582570,174644
129398,93625
2252276,480657
2910536,618380
537457,186017
9652,65369
9581,68504
8392,61951
10893,62894
10203,61819
8325,68985
14372,67759
10689,62138
12209,63588
39526,78701
16196,61593
105161,94969
38426,76382
37119,68345
594607,180419
129954,95183
2260971,480631
2910243,604756
527495,189016
9275,64895
9364,70519
8633,62114
10976,67721
9978,60970
8861,60733
13704,71784
11168,62073
18470,67869
41421,67021
16146,67526
105252,93223
38920,68100
36635,77178
583729,181866
129620,93470
2250100,485864
2910389,607619
534069,182353
9930,70261
9233,68830
7784,58647
10746,70402
9553,64749
8411,69563
15658,65747
11182,62460
11181,67403
41208,68683
16329,67360
105455,90042
38318,76538
36850,68397
582908,184895
130994,91560
2243534,505060
2917539,610292
540917,195584
9303,63898
9216,68000
8403,61468
10329,61543
9633,66416
8687,62018
15195,66533
10615,61055
12034,65600
40829,70636
16274,67330
104259,89092
38399,74998
37058,76160
586854,173288
128885,93275
2257786,481765
2919212,617105
527102,186807
9548,66826
9293,66992
7951,59127
10579,61854
9776,65645
8346,62303
14416,62018
11207,69547
18446,63476
40712,79009
16494,71093
105652,92243
39332,77334
36079,76030
583110,176583
129163,94473
2251546,483845
2897038,625582
544747,193332
10238,66337
9930,66858
9417,62869
10822,63782
10760,60457
8670,62004
15023,66491
10729,62315
11503,66549
41033,77278
16400,65445
105332,84710
38666,71904
36834,68777
584281,176954
135666,95470
2246118,482286
2929795,616147
538952,184353
8880,66901
9505,65838
8287,63361
10355,69011
10065,61483
8390,65708
15375,66820
11237,63639
12632,67496
40449,76923
15828,66618
106117,95866
38381,74550
37312,76797
582601,182602
129383,94224
2257223,492522
2903020,600885
526954,193285
9384,68837
8932,65342
8550,66383
10152,65765
9827,60519
8415,64556
14663,62672
11009,61870
17626,69508
41277,69339
16044,71163
105891,89927
38936,72920
36227,75400
590252,172167
129394,93987
2249944,479205
2898807,603656
537350,194561
9952,61328
9747,67607
7780,63691
11184,66405
10317,61152
8230,60124
15503,61097
11852,61559
11956,66775
41367,72913
16066,65209
105332,85599
38798,75403
36782,76645
583559,175459
130417,99773
2249998,479284
2907898,605215
535578,183808
9573,68074
9322,66115
8024,67927
10914,64075
10478,70359
8852,63979
14783,76101
11052,70093
12060,64702
40382,77367
16135,68216
104586,84874
39376,68196
37209,71925
593182,182338
130123,92213
2250664,474475
2908630,593505
524053,190263
9502,66205
9361,70122
8719,69381
11654,69220
10073,66662
8731,66586
14523,67888
11728,71941
18526,62459
42174,77665
16112,63742
104928,89596
39043,69670
36619,73949
580524,181028
129174,100555
2235059,473127
2927968,601608
531939,190055
10451,68545
9881,65538
8498,59495
10914,68546
10765,60989
7777,68541
14851,69930
10807,68109
11867,65111
40848,74236
16367,69931
105155,87695
38607,68876
37281,70828
600861,174887
130716,95476
2239987,477392
2924868,602798
535513,186999
9690,65560
9044,71775
8564,66256
10750,65257
10256,60313
8651,61914
14976,71656
10860,70038
12088,63293
40440,69267
16341,67162
104943,87098
38453,66073
36974,67488
583603,182817
129240,95339
2256741,470905
2919275,611201
525902,182773
9586,69408
9500,68332
8386,60443
10679,64715
10560,60675
8355,57288
14981,63696
10730,61955
17709,66718
40945,70309
15858,63915
105168,89234
38756,68461
36751,66737
590049,178138
130009,99680
2244779,493955
2931401,603874
534330,180589
10148,71342
9679,67887
8328,69089
10620,63583
9642,67637
7677,60481
15085,72061
11114,63488
11254,61597
40147,69953
15975,70794
104804,81422
38319,67750
36969,69834
581328,182438
130001,98766
2234764,480043
2921390,609161
541446,187642
10380,69998
9496,66963
8570,59663
11106,70235
10102,59957
8476,62480
14595,60990
10811,68911
11896,67855
40289,68668
15836,67695
104323,85180
38525,71450
37871,75528
589809,175212
128822,93838
2239313,480118
2930803,602116
520931,183188
9245,66006
9592,66759
8363,70418
16917,66456
9785,70259
8599,67114
14210,67012
11853,65310
18354,66715
40945,70552
16284,71016
105420,88768
38433,71795
36740,66539
581810,178645
130270,93229
2250253,483513
2905232,622627
533238,195864
9635,73552
9230,70608
8238,67939
11105,68463
9941,66248
8238,68917
15058,64294
11346,76046
11656,65870
41110,77768
16225,68959
105398,93133
38478,73537
36868,72759
585938,176578
136533,95111
2239399,479791
2919491,605678
538912,193795
9098,73758
9143,64427
7975,61773
10157,59454
9836,58027
8432,61460
15136,67941
10401,71381
12236,63903
40024,68297
16815,69676
104876,84787
38526,72425
37585,70898
582633,174365
129984,94952
2251897,474740
2892000,619985
529677,192904
10505,71222
9335,60020
8292,69933
10995,70619
10293,67203
9154,64419
14888,66886
11023,63456
18106,75875
41190,66427
16157,68735
104838,86965
38583,71156
37181,68851
583728,181039
129839,93698
2237103,477647
2920536,603775
533002,185965
9444,64209
9282,67449
8185,59485
11366,64377
10167,64625
8437,65247
15196,66746
11289,65600
12412,65887
40940,70084
16299,66019
105602,89822
44536,75269
37053,70042
583028,183862
129402,93757
2246967,481106
2914418,610252
548942,185016
9261,70103
9358,69274
8407,69243
11395,71071
10642,63501
7986,61147
14948,65504
11004,66250
12263,62812
40574,76146
16296,68224
105492,91307
32391,105928
30460,105576
459841,205445
104094,125568
1770228,480357
2173397,600694
418623,216204
8015,100951
8278,98862
7600,98521
10132,99629
8454,99538
7778,98759
12996,99885
9730,100382
15299,101255
34600,106456
13872,99276
87818,120615
31998,104629
30154,105427
460149,205843
103475,126147
1760760,487333
2171999,605622
422641,216076
8870,99519
8475,101266
7413,99395
9293,106271
8935,99741
6957,104549
12957,100245
9823,104600
10523,100241
34395,107421
14168,99871
87139,120307
31235,105720
30396,106106
466377,207922
104409,125937
1772321,488691
2162278,610118
424485,217480
8291,101004
8697,99182
7336,98133
9193,98281
8823,98695
6841,97171
12579,100256
9291,99117
10588,98621
34392,106249
13815,99460
86357,119739
31933,103660
31124,103864
456540,205335
103719,126912
1784864,487790
2159022,606470
418169,213810
8780,100653
8951,95928
8216,98389
9828,98556
9127,98334
7193,97702
12882,99157
10027,99131
15336,100240
35209,105411
14442,99056
88362,120193
31691,105259
29760,104896
462967,204958
102333,125941
1775824,489188
2166233,609128
424966,217675
8815,101255
7859,99097
7102,99049
9033,99894
8739,98947
6971,99757
12992,100092
9642,100362
10366,99227
34928,106825
13580,98976
87461,119401
31794,104578
30183,104043
461745,206524
102550,126687
1784195,485456
2174238,601711
421526,217360
7956,100954
8094,99001
6957,97545
9264,98537
9076,98840
12954,98142
14032,105783
9000,104256
10683,99024
34206,112413
13910,92070
87539,119846
31776,104601
30237,104876
469664,207014
103287,132791
1785986,485882
2159272,611952
417924,221673
8100,101412
8073,100630
7722,98828
9321,100264
8474,98291
7004,98459
12481,99506
9723,99407
15028,100803
34141,106255
13190,98866
87079,120779
31500,105639
29312,105170
454098,204381
101652,123767
1773203,482837
2144164,602925
423642,216776
8535,100559
8068,99116
7192,98154
9140,99094
8726,99173
6857,98878
13251,100190
9845,99652
10864,100110
33733,107217
12995,100235
86156,120088
31523,105369
29868,106348
458052,207258
102434,126021
1763545,480854
2170437,600546
415584,215512
8332,100862
8395,99551
7389,99228
9467,99205
8672,98144
7106,98171
12748,100296
9466,100393
10111,98781
33259,106263
13254,99969
86737,119514
30656,105998
30035,105432
456219,205106
103281,126038
1771777,486485
2162260,598210
412302,213293
8445,100811
8351,99661
7423,98560
9562,104826
8636,98643
7203,97738
12873,100340
9688,103631
15449,100921
34578,106404
13835,99508
87077,121144
31833,106336
29778,104756
455582,212358
102194,126393
1764503,486311
2152991,603291
421386,216230
8591,100186
8181,99244
6660,97785
9550,99346
8872,98187
7247,98186
13050,100631
9592,99264
10339,98933
34427,106786
13268,99499
86298,120022
31157,105105
30117,104765
457322,204574
101775,126427
1761960,486534
2155531,603097
421692,216441
8344,98780
8823,98457
7332,98045
9593,99136
8871,97499
7098,98030
12875,99853
9431,98422
10783,98498
33881,106403
13858,99442
86672,120367
31374,104442
30424,104940
455591,204390
102655,125442
1760447,480159
2157980,607481
413077,215597
8631,100087
7768,98725
6850,98917
9385,100109
8394,98223
7344,98733
13233,100622
9549,98700
15180,99912
34003,106602
13440,99026
86689,119112
31823,105375
29351,105182
455172,203871
102413,126343
1753478,484409
2155303,605524
415969,218549
8677,101462
8380,99201
6801,99580
9236,99938
8670,104116
6836,97869
12813,100118
9441,99146
10341,99609
34068,106572
13187,98132
85540,119849
30963,105349
29653,105131
451188,206158
102139,125811
1778980,486200
2155537,600445
418960,213727
8367,101015
8353,99429
6971,97905
9256,98157
8882,98463
7556,99596
12484,100246
9824,99371
10237,99057
34288,106249
14322,100007
86128,120894
31595,104160
30240,104725
455878,206228
102063,126506
1779468,490035
2155902,597954
414495,216384
7928,101437
8278,99910
7381,100161
9340,100564
8999,98862
7632,98584
12542,101020
9756,98745
14943,101691
34184,106402
13568,99837
88158,120302
32363,105286
29785,104786
459807,205121
101784,125868
1761437,486552
2153887,601784
419390,217598
8264,101917
8731,99218
7055,98674
9517,100020
8432,98875
7311,99064
13096,101917
10399,100137
16443,101724
29008,105689
13984,99670
86887,122763
31462,105230
31712,106602
454664,205373
102766,127493
1747297,479370
2151424,606579
423633,215640
8379,100807
7719,105753
7834,105377
10102,100303
9150,99211
7736,99218
13256,99781
9354,98562
15421,100981
34950,107644
13952,99787
86416,120268
30540,104753
30474,105591
454162,204712
102680,125565
1762943,480040
2160735,602030
413711,212288
7907,100727
7504,97919
6921,97927
10099,99863
9473,99593
7399,97936
12830,99870
9260,98370
15785,100825
33827,104958
13857,98711
86810,119223
30602,103865
30679,105220
454719,204201
101843,126527
1758028,493886
2165561,600471
414868,214500
9430,102159
7888,98456
7835,98975
9697,99300
8554,100628
7724,97573
12589,99138
9132,97749
15239,100343
34168,106971
13709,99019
85914,121451
30307,106647
30715,104294
457592,205953
102602,125905
1763639,481604
2173593,599816
414804,215579
8388,101188
7604,98710
7422,98609
10169,99882
9482,99449
7681,98786
12725,99839
8738,94787
15196,100257
33888,107553
12893,105108
85998,125628
29914,105642
30600,103975
464365,206035
109555,125833
1775771,484716
2162509,614061
409006,221172
7785,100652
7651,98925
7083,98104
9405,99104
8890,99096
7399,96985
12527,99997
9117,98341
14990,101266
34073,106902
13015,100165
86270,120027
29918,105638
31242,104553
459364,204022
102345,124946
1760615,486074
2157776,601281
412544,214478
7595,99272
7537,98409
6952,99183
9445,99766
8752,98589
7232,97263
12251,99749
9018,98622
14960,100534
33433,106218
12947,99349
85785,119899
30375,104053
30349,105513
453984,204800
102853,125095
1761403,484178
2162883,607367
412099,215582
8455,99687
7251,98901
6758,98413
9345,100031
9054,98158
7203,98155
12277,100843
9220,98825
15509,100787
33799,106418
13315,99841
86412,121038
30750,104580
31325,104285
454164,205375
103512,126360
1770554,485248
2177367,598958
412175,217269
8763,100216
8349,99826
6690,99002
9442,99072
9032,97856
7857,97452
13033,100572
9591,98102
15456,101243
33874,105972
14180,100885
86710,121173
30695,104642
30429,104943
460688,204120
103035,124256
1772450,487635
2164660,598187
415006,214337
8455,102214
7690,98230
7713,97824
10076,98646
8684,98532
7160,98301
12927,99775
9178,98520
15528,100294
34314,106256
13623,99480
85791,121035
30321,105087
30336,104372
454147,205631
101745,127333
1762573,492257
2157307,601151
412767,214334
8749,100384
7751,99631
7259,98847
9722,100429
9211,98400
7424,99095
12654,100578
9530,98909
15394,100045
34871,106771
13224,98949
86066,120086
30801,104951
30399,105830
458935,204282
103377,125869
1770661,487936
2157625,601393
414451,217068
8393,100147
7339,98922
6952,99569
9460,104613
8781,98897
6890,99131
12296,101051
9015,99415
15080,101638
34133,105714
13450,99256
86223,119557
30064,105149
30065,105189
455910,213529
102572,127241
1777577,484220
2142848,598078
413046,214462
8250,100264
7495,99405
7179,98570
10291,99280
9020,98987
7145,97482
12406,101128
9478,98356
15596,100545
33442,106086
13327,99714
86611,121608
30302,105078
31389,105627
456279,206699
103363,126346
1768391,490028
2164468,600004
413054,216766
8734,100991
8043,97779
6777,98999
9302,99595
9023,99398
7247,97829
12654,101116
8733,99078
14966,100770
34330,107008
13136,99195
85798,121300
30030,105644
30393,106218
454337,206717
103304,126313
1761558,483849
2145062,604507
413304,214331
8143,101278
7463,99499
7622,99092
9843,100655
9080,100011
7493,98292
12806,100453
9177,98929
15321,100673
39708,106467
13413,99929
84891,120717
29985,109615
30306,105191
464084,206427
102552,133184
1778359,489347
2152188,610665
417076,215303
8752,99442
7948,97766
7057,98419
9916,98851
8646,98776
7298,98177
13030,100621
9044,98926
14823,100872
34614,106995
13527,99561
85768,120552
31165,105772
30932,105700
456918,204861
102972,124939
1783252,486844
2153708,613176
413094,217474
8180,100899
7322,100035
6577,98420
9266,100029
8308,98158
7155,98243
12347,100446
8473,98926
14669,101053
34072,107084
13664,100200
85845,120647
30397,105117
30517,106044
455327,206261
102516,126081
1770831,484643
2176132,603096
412200,213449
8703,100446
7709,99745
7197,99111
9676,99713
9157,98524
7861,99011
13100,100797
9365,99185
15680,102358
34086,106629
13519,100619
85610,121792
30211,105177
29598,105992
457559,206310
102637,126943
1771224,483207
2148507,620518
419528,216546
8127,100092
8306,98756
6677,99645
9712,100136
8398,98277
7144,99037
13195,99629
8794,98422
15039,102108
34553,106203
13842,99026
85963,120649
30141,105845
30060,105974
454791,204690
102616,126432
1771365,487469
2146167,595524
415079,214630
9623,100927
8030,98576
6552,99270
9454,99418
8941,98288
7488,98170
12923,99898
8741,99650
15714,100546
35412,106990
14160,100583
86011,120741
30812,105097
30560,104039
454820,205683
102874,126840
1760343,497498
2166097,605088
416720,214308
8988,99758
8545,98048
7072,98711
9972,99282
8799,98838
8059,97788
13017,99962
9118,99180
15618,101599
34457,107210
13226,99518
86107,121244
30915,105746
30284,106044
454436,204948
102349,125969
1748388,487741
2142853,605932
416404,215505
8237,99576
7609,98662
7018,97591
9535,98507
8902,97891
7977,97331
12974,100601
8544,97841
14871,99414
34267,105315
13519,98891
85646,120959
30599,104790
30500,104340
451540,205012
102535,126213
1753669,483725
2164799,605786
411124,215160
8583,99749
7721,98674
7085,97755
9234,100090
9612,98787
7168,97923
18887,100771
9425,98234
15148,101329
40042,107088
13022,99147
86555,119897
30140,109064
30302,103957
463180,204811
102299,134232
1756308,482565
2138399,610230
411832,220806
8035,100797
7097,98460
6740,98953
9915,99137
9532,98635
7027,96937
12845,99855
9144,98318
15363,101532
34269,106794
13685,99287
85955,120496
29779,104206
30292,105334
453553,204842
102676,125786
1765478,490881
2155049,613676
411986,215228
8018,100137
7416,98343
6941,100116
9493,99212
8926,98769
7295,98328
12678,99353
8824,98783
15868,100464
34230,106034
13172,100104
85732,119241
31413,104272
30360,104774
454618,205282
102514,124840
1765894,496911
2161833,593161
413269,214181
8943,100189
8338,98497
7916,99155
10121,99153
9862,98622
7850,97273
12798,100495
8914,99550
15022,101597
34325,106837
14434,100452
86554,119871
31285,104234
30401,104883
454599,205792
102485,125666
1749488,486861
2162250,606141
412684,214966
9337,101411
7914,99411
7143,99923
10135,98411
9015,98342
7581,98518
12342,99460
9513,99656
15163,101161
34831,106949
13997,101079
85882,120857
31184,105317
30297,110778
455904,204619
103678,124886
1737208,479721
2145944,595583
428169,215824
8905,100797
8016,104085
7358,103594
9624,99145
8859,98260
7199,97338
12777,100440
9232,99134
14923,101025
34913,106576
13002,98760
86053,120230
30096,105154
30526,105111
454877,204976
102894,124991
1765192,492164
2163555,602698
414465,215187
8030,99286
7481,98049
6563,99022
9689,98338
8840,97198
6902,96819
12423,99086
8790,97615
15110,99789
34114,105813
13208,98248
86037,119986
29839,104337
30349,104178
454587,205894
102780,125369
1762010,485723
2145103,604942
414299,215088
8725,99699
7426,98810
6708,98083
9985,98972
8807,98454
6816,97579
12478,100060
8888,98264
15121,101194
33736,106403
13254,98948
85739,120350
30258,104770
30509,104229
452720,206149
103018,125108
1749894,487454
2165907,609126
411287,215557
8620,101770
7291,98259
7492,99281
10127,98994
8810,98076
7861,96819
13094,99689
9263,98267
15329,100571
33571,107007
13530,99611
86741,120403
30226,104477
30598,105456
452926,205021
102555,126008
1753440,481308
2158605,601617
415129,215947
8433,100032
7497,99184
6910,98679
9367,99066
8792,99604
7065,97396
13458,99484
8989,98423
15682,100947
33360,106406
13667,98983
85816,121847
30677,105148
30024,104472
456280,211759
102501,125756
1744970,484733
2143727,597696
415915,214723
8270,101198
7430,98736
7463,98347
9441,99550
9013,98335
7757,97621
12713,100664
8901,98679
14987,100667
34532,107778
12975,99876
85325,121034
30271,105605
30513,104859
453589,204940
102843,125409
1761643,481527
2143951,592330
415427,214370
8737,101441
8086,98239
6635,98284
10410,99666
9185,100024
7533,98612
13717,101451
8737,99967
14999,100968
34692,107506
13271,99849
85595,120859
30034,105364
30090,104956
457453,204926
102792,125660
1748132,491596
2155566,603148
414062,213034
8213,101250
7603,98637
7347,99936
10806,100848
9820,99025
7918,98377
13162,100030
9772,98706
15715,100085
33857,107018
13444,90365
85980,120936
30503,105317
30575,104878
454810,206321
104272,126694
1742026,481012
2167322,596940
424864,216481
8749,100111
7717,104771
6820,105532
9554,98482
9098,98337
7381,98217
12639,101006
8983,98296
15287,100722
33740,107613
13236,99226
86311,121806
30230,105252
31079,104742
452785,205568
103084,126543
1763775,488796
2153723,596986
416579,213675
8971,101807
8118,100371
6800,99240
9634,99703
9160,98862
7450,98714
13526,101428
8936,99299
14921,102121
33978,107248
13380,100555
85875,120782
30270,106648
30294,107266
455672,205818
103734,125358
1752522,496128
2164154,600355
413232,216498
8311,101099
7285,98897
7004,98561
10095,100242
9059,97959
7539,98356
12451,100072
8702,98270
15058,101519
34131,107040
13463,99609
86052,122113
30151,105419
30126,105144
457388,204419
103088,126845
1763506,484721
2158715,598290
411978,215565
8257,99253
6958,95341
6982,100100
9386,101102
9045,99769
7238,99346
13035,101166
8781,99482
15042,102581
33917,108507
13448,101386
85440,120789
30285,105657
29887,105774
460763,206591
103605,126740
1757844,485144
2154149,611349
426924,215572
8885,100462
7697,99588
6885,98978
9830,99593
9201,98316
7586,98025
12662,100218
9071,99015
15523,99994
34605,106347
13150,100426
86170,121249
30529,104974
29918,105121
453973,205263
102129,126531
1761097,483434
2159319,598098
415195,217294
8746,101229
7610,99048
6898,98502
9281,99502
9220,99506
7570,97838
12394,100413
9193,99646
14783,101372
33692,106863
13090,99750
85576,120757
30083,105327
30091,105539
454845,205949
102031,126399
1761977,495346
2172878,599062
413745,215185
8472,101362
7673,99408
8326,99018
10595,99683
8765,99444
7584,97711
13238,100284
8954,98936
15421,100670
34267,107536
13023,99530
85627,121728
30372,105792
30080,105601
457485,204720
103187,126488
1757560,482640
2182298,607040
408872,211144
8138,100298
7224,97836
7023,98624
9894,99900
8859,99102
6940,102916
12522,104666
9000,103659
14892,100149
34148,112904
13235,100874
85661,121459
31799,104963
29641,104886
462097,205508
101782,126628
1770836,484252
2156857,601370
421028,211795
8969,97940
8243,97978
6662,98010
9131,98879
9155,99114
7089,97758
12937,100077
9241,97587
10399,98585
33596,107637
13647,99793
85750,119947
31347,105636
29802,103875
456778,204317
101374,124991
1770584,482615
2151171,597226
421230,213594
9321,99968
9875,98229
6784,98527
9542,98040
9250,98402
6925,98304
13118,100206
9506,98078
10355,99373
33565,105622
14040,100406
85785,120507
31434,105351
30126,105136
452784,204590
102502,126050
1774884,484334
2173655,607485
410362,215664
8213,100780
7794,100048
7685,99042
9180,99026
8910,99409
7162,98388
12874,100374
9919,99483
15792,101993
34578,106157
13606,100324
86752,121065
31204,106008
30225,105150
457254,204105
101997,125078
1755615,486018
2164964,601459
429696,217056
8131,101979
7606,105723
6748,105359
9209,99283
8864,98886
6909,98333
13382,100446
9554,99269
10626,100128
34251,107599
14285,99331
85607,120085
31524,106254
30744,104540
456086,206191
102360,126528
1768013,489855
2152374,603253
421048,214801
8621,100525
8811,99972
7252,99079
9589,98342
9013,99424
7620,97310
13217,99199
9350,98183
10581,99040
33929,105847
13666,99099
85384,119584
31667,104863
30241,106369
453990,206136
103310,125877
1765440,496818
2163038,599873
416562,214096
7990,100518
8015,98837
7435,98009
9486,99901
7902,98199
7732,98170
13033,100103
9623,99567
14684,101575
34181,107108
13742,99905
86593,120561
30933,105606
30235,106225
458278,208156
102780,125875
1777404,487498
2176961,600021
422249,214764
8793,101302
7783,99574
6583,99479
9123,100394
8462,98821
6872,98460
13043,101415
8845,99628
9588,99888
33553,113382
13420,100778
86211,121968
30547,112269
29692,105427
462370,206546
102118,131936
1785157,484526
2145129,613775
419899,216048
8622,100439
8406,99478
7222,100223
9645,99365
8866,98755
7536,98110
12837,99399
9875,98473
10643,99568
33532,106525
13692,99812
85769,119868
31500,105134
30417,105359
455048,206439
102632,126721
1794725,485216
2161314,607273
413666,217475
8541,101427
8640,100248
7860,99500
9921,100510
8852,98462
7813,97794
12736,99796
9912,99235
15491,95310
34264,106943
14009,99872
88940,120992
31723,105815
29817,104914
461402,207679
102110,127000
1791527,488491
2181441,608447
422916,217851
8401,100965
8310,99215
7594,97450
9262,99385
8713,98577
6851,98131
13063,100055
9230,98478
10120,98964
34361,107531
13412,100788
86688,121515
31533,105801
29679,111738
460808,208289
104066,127908
1772572,492513
2180968,605131
435180,215691
9005,100377
8240,104987
7156,104602
9353,98588
8741,98538
7572,98059
12521,100542
9339,98828
10548,98920
33957,105983
14231,99462
86674,120386
31544,103722
30114,104180
461695,205994
104008,125817
1794169,486040
2164342,601775
420388,215246
8752,100999
8720,99546
7478,98771
9824,100486
8999,98150
7414,97799
12449,100473
9409,99156
15025,101275
34109,107795
14086,100029
86496,121051
31466,106522
30005,105224
459479,205951
103637,125358
1795259,499815
2175419,612063
424773,218107
8708,100534
7969,99353
6656,97772
9246,98996
8924,99033
7131,97929
13148,99831
9444,99960
10204,98665
34271,106650
14058,100725
86996,121177
31782,105777
30588,96182
461303,205828
102945,126224
1785738,486972
2204762,605686
426698,216466
8302,100583
8150,98975
6851,98425
9086,99005
8845,99381
7280,98825
12455,99697
9118,100467
10360,98966
33866,113334
13794,99339
86711,120193
31708,104834
30339,104433
465761,206653
104574,125940
1799205,488671
2165007,611870
418053,218927
8765,102305
8300,98542
7637,97706
10006,98692
8350,98205
7356,97671
12930,99747
10284,97943
15614,102050
34735,106335
13885,98900
88616,121157
31799,105656
30074,104368
462081,205381
103863,125311
1793966,487688
2157027,598833
425755,217458
9343,100285
8215,99624
6780,97774
9423,98994
8327,97769
6978,97446
13628,100579
9707,98410
10535,98026
34517,107433
14017,98567
86169,119618
31708,105537
30650,105948
459686,207297
103117,126900
1787454,486859
2180015,604006
423989,215274
7988,99894
7966,99346
7048,98975
9320,99588
8753,99111
7695,97981
12855,100257
9771,98680
10940,99156
33764,106702
13729,100284
88417,121323
31315,105417
30438,111634
459332,205553
104136,127673
1777212,488172
2181732,610110
430545,218376
7652,107744
7824,98560
7044,97913
9034,98715
8527,98907
6927,97785
12118,100045
9134,98506
14371,101584
34427,106386
13315,99033
86644,119468
31913,105506
29757,105374
457362,206742
102615,126232
1780329,492266
2174861,604918
426269,216199
8053,101389
7553,98357
6591,97772
9425,100273
8516,98329
7042,97582
12996,99381
9139,98366
10666,98585
34208,107456
13424,98310
87660,120040
31194,105233
30057,105113
459936,204861
103850,125861
1777378,492519
2164423,607975
423708,217283
7548,100828
8479,99717
7671,99210
9619,99939
9423,98273
8195,98152
12454,100044
9014,98707
10405,98583
34648,106600
14037,99232
86575,119545
31503,104490
30169,105816
457318,207248
103147,126323
1790640,497694
2190567,607232
420683,215514
8692,100950
8058,97873
7128,97788
9221,99589
8415,98216
7407,97997
12647,92029
9524,92749
14961,101040
34809,106741
13434,99634
87008,120863
31597,105880
30380,105169
459162,206586
103123,127960
1761564,491591
2194028,602575
425905,215889
8542,101600
8632,99533
6814,99473
9236,99367
8544,99654
7040,98160
12896,100769
9060,99411
10484,98551
34244,106568
13618,100054
87016,121080
31819,106286
29858,105511
456718,206560
103226,125793
1777660,494648
2190954,609101
424048,217108
8602,99184
8134,98835
7070,99098
9490,98932
8796,99067
7388,98149
13166,100328
9373,98657
10414,99383
34028,106977
13864,99817
86617,120135
32001,105257
30310,104706
460328,206276
104800,126611
1779449,491221
2181303,614128
418380,216431
7498,99983
7871,98760
7163,97905
9334,99487
8677,98651
7496,99741
12178,100758
9632,99144
14923,100953
34100,108889
14344,98964
93012,119031
32064,105558
30234,104318
459191,206734
103302,127153
1760284,486720
2161951,623554
434237,217722
8879,101513
8274,103700
7409,95281
9578,99028
8611,98021
6795,97576
12982,99740
9262,98140
10237,99595
33929,105808
13640,98730
86739,120050
31498,105116
30200,103902
457633,210379
103482,125735
1789282,491427
2165946,615543
424316,213922
8239,100480
8704,98739
6705,97578
9199,98738
8629,98543
7758,97304
13051,99225
9180,98139
10569,98747
34152,105606
13537,99631
87108,120242
31459,103477
31103,104521
458668,204863
103363,125508
1777513,490648
2168189,599812
420974,217830
8814,101746
8503,98940
7578,98518
9477,99495
8483,98168
7738,98313
13457,99586
9501,99096
15795,100503
34436,106557
13747,99560
87696,120240
32394,105751
30017,105107
459180,204563
104306,126062
1785844,487692
2160398,603947
425801,216399
8406,100193
8543,99476
6903,97376
9307,100185
8843,97444
7633,97855
13280,99348
9410,98328
11040,98975
34629,105827
13736,99203
87685,119071
31585,103929
30345,104558
457067,207508
103821,126095
1776719,494291
2190851,603209
424452,214907
7967,99567
8119,98163
7436,99025
10118,98827
8922,98168
7198,97734
13161,100275
9986,98958
10267,98882
34337,105757
14239,99369
87726,120950
31831,105530
31006,104758
457711,205222
104853,125498
1766265,489971
2179892,607057
417977,217789
8598,102260
8703,98660
7340,98872
9857,99851
8249,98542
7994,98545
12958,99963
9323,98887
15512,100816
34563,106865
13683,99619
87326,120238
31646,105674
30090,105551
456853,206586
102188,128304
1780197,487007
2172833,609505
425246,216792
7951,99696
7941,99256
6917,98000
9242,99202
8611,97994
7214,97462
13393,100979
9376,98509
10571,99796
35816,106844
13920,99580
87387,120516
31798,104672
30346,106019
455374,207017
103111,126250
1758769,486255
2198980,612149
424785,217149
8764,101339
7862,99846
6890,99272
9129,104043
9158,99209
7316,103601
13550,104868
9417,99662
10744,99371
39262,107791
13900,99843
86473,129407
32066,105766
30281,105454
467613,206821
104615,126758
1775338,483325
2157603,618678
428288,217895
8205,109796
8477,98569
6945,98066
9809,99027
8638,98401
7532,97653
12677,99592
9880,98598
15067,100511
34114,107033
13691,100308
87590,120762
31904,105368
30157,104283
457933,206754
102951,126331
1779281,486414
2163351,605312
423951,217484
8775,100908
8165,99090
6750,97974
9424,98152
8358,97931
7292,96865
12966,99481
8850,97501
10068,98148
35124,106623
13647,98893
87939,119685
32489,104194
30346,104207
457869,206002
103657,125820
1769336,487446
2177587,611027
427283,215656
9287,100420
8173,98398
7496,99166
9627,99039
8802,98412
7328,97756
13214,99731
9597,98684
10884,97887
34121,105579
14551,98888
86347,119832
31881,104261
30526,104284
457171,206228
103444,124921
1779104,490471
2164278,601451
420318,215468
8492,99788
7873,99714
6879,97767
9499,99170
8354,98540
7355,98136
13343,98897
9380,99639
14933,100769
34559,106606
13739,99165
87160,120617
31266,105895
29896,104740
456578,204747
103774,126212
1776344,495114
2184015,617504
425955,216459
8689,100844
8413,98697
7372,99233
9189,99697
8274,98680
7216,98058
12694,100543
8829,98762
9969,98669
33806,106473
13714,99328
86793,120824
31293,104645
30375,104303
458294,205214
103086,127258
1776190,493654
2182549,604112
423902,218843
8072,102328
8314,99527
7409,98551
8911,99255
8665,98353
7263,98326
13220,99901
9018,99317
11219,100236
34255,106684
13775,100290
86568,120267
31530,105487
31141,105578
458572,205769
104228,126565
1789765,489286
2183606,600655
418604,216781
8886,101722
8336,99439
7329,98568
9635,99334
8623,99210
7236,97637
12820,102112
9718,98444
15149,101557
34210,107464
13534,100309
87063,120448
31231,104650
30042,97656
456418,205300
103671,126424
1765411,488665
2172793,612219
419688,215590
8755,100746
7866,98894
6870,98110
9026,104803
8393,99267
6960,103528
12788,104731
9529,98682
9697,93566
34322,110894
13493,99250
86786,120427
31879,111822
30229,104498
464445,205469
108561,125697
1760414,491027
2156834,613299
422777,221373
8121,100294
8480,98419
7389,98965
9153,98873
9091,97989
7427,97564
12639,99999
9319,98414
10620,98941
34057,106058
13911,99198
87874,121034
32063,104249
30127,104147
456044,205445
103956,125226
1773448,484227
2159575,610440
419518,214153
8456,101002
8106,98573
6938,97672
9489,99353
8781,97071
7280,97284
12964,99534
10040,97491
15058,99516
34328,106588
13515,97919
87038,120354
31763,104281
30375,104870
458729,207308
103025,125716
1796319,490459
2161072,604947
427775,218122
8046,99774
8629,99413
6989,99078
9496,99450
9105,98342
7274,98202
12958,99997
9145,98013
10452,98949
34191,106120
13713,99396
87054,120357
31746,105276
30544,105123
458991,204602
104264,126548
1766793,501811
2171033,601492
422132,216651
7899,99960
8333,99503
6589,99235
9529,99409
8887,98890
7275,98944
12629,100410
9274,99578
10732,99834
33321,107159
13876,101328
86827,119794
31096,105139
30915,105245
456046,206098
104054,125879
1770757,481911
2176217,610390
420293,215178
8129,100633
8340,99121
7408,99535
9560,99798
8918,100142
7659,98921
12584,100834
9617,99204
14739,101774
34357,108140
14339,100086
87459,120889
31864,105730
29547,106108
457469,206438
102972,127282
1765838,484038
2173007,601502
425159,217843
8711,101168
7627,99925
6678,98684
9026,100256
8412,99270
7080,100397
12734,101234
9211,99353
9707,99199
34227,108398
13546,106460
86453,126083
30791,105025
30123,104976
465943,207632
103077,127346
1768476,485500
2175456,617104
435381,218791
8239,106794
7968,99226
7772,97852
9526,99043
8706,99122
7016,97598
12422,99497
9176,99376
10514,99600
33979,106567
13902,99229
87308,121359
31196,105670
30781,106248
459827,205990
104109,126707
1776636,488378
2160148,602415
420736,214365
8183,101266
8530,98771
7322,98068
9547,99316
8285,99163
7214,97352
13026,99914
9652,99081
15196,102105
34703,107064
13768,99561
87588,120709
31449,106255
29748,105807
459437,206061
103990,125178
1787463,485394
2169727,601790
426273,215140
9201,99602
7447,99429
7175,97880
9404,98548
9074,98389
7155,98785
13066,99455
9493,98265
10164,98594
34357,106402
13570,100162
87827,121479
31620,104944
30159,106470
456768,206132
102959,126002
1769020,495249
2178873,602414
420980,214491
8216,100409
7872,99088
7798,99414
8999,98352
8770,99394
7399,97797
13046,99765
9343,99649
10915,99349
33637,106447
14101,99821
86755,120536
31660,104593
31017,104814
461824,205747
104269,126634
1788589,492559
2173781,603538
418698,214930
8291,101669
8868,98719
7861,98684
9721,98337
8770,99125
7948,98253
13080,99416
9561,98940
15555,99427
34878,106888
13970,98935
87530,120587
32535,105865
29600,104531
459841,206054
103590,125407
1767530,489763
2167267,616677
434988,216288
8582,101423
8428,99357
7090,102111
9088,98938
9088,97714
7323,97788
12885,98997
9656,98518
10521,97915
34527,106094
13551,98354
87585,121016
32023,105001
30488,105145
454616,206347
103312,126339
1772811,491685
2168236,606750
427216,215703
8069,100160
9183,98587
7434,98512
9845,98960
9054,98575
8054,97784
12930,99858
9509,98509
10863,98955
33844,105697
14537,99532
87881,120505
31425,104855
30578,105994
459499,206768
103795,126032
1771850,486852
2168480,598759
422005,215867
8054,102000
8294,100439
7699,98864
10077,100058
8739,98819
8064,98194
14116,100793
9685,99347
14955,101808
34978,106192
13494,100145
88654,119319
31810,105655
29601,104913
455174,206548
103371,126704
1769768,485193
2193366,604483
421909,216242
8270,99990
8362,99465
6608,98368
9527,99042
9253,98698
7538,98322
13184,100573
8855,98604
10624,98967
34246,105400
13751,99969
87231,120330
31216,106122
30452,105578
454080,206113
103022,126722
1768975,488101
2183338,603607
422234,216873
8226,101457
8076,98710
6735,98437
9046,99020
9147,98723
7443,98218
13120,99742
9337,99071
10373,98199
34085,106727
14103,105930
86604,125365
31216,105267
30889,104730
465256,203962
103636,125658
1776869,482886
2170797,617879
426055,215369
8028,100036
7936,99430
7115,99766
9373,100440
9466,98331
7265,97793
12547,100829
9881,98930
15053,100279
34302,106430
14207,99162
88123,121092
32391,104789
29518,105356
460179,205177
102910,126745
1781950,487591
2167252,608352
423434,215018
8458,99796
8152,98403
6796,97474
9248,98839
8328,97437
6737,97656
12740,101078
9864,97928
16058,101304
29278,104694
13220,98719
88256,121599
31439,103448
31919,99902
460245,206471
103784,126889
1789167,481849
2159649,605936
418364,215906
8052,100281
7283,98034
6917,98245
10050,100254
9090,98769
7498,96920
13051,100325
9042,98843
15615,101570
34172,106535
13617,99513
87205,121204
31616,105647
31536,104591
460965,205190
103568,124940
1761298,488754
2178389,604166
417629,215354
8192,101410
7515,98520
7302,99321
9338,99061
9377,98967
7447,98004
12950,99282
9084,98176
15086,101295
34302,106251
13829,100072
86346,121119
30622,104739
30951,105376
453597,207130
104142,126231
1765270,492258
2182683,604880
416441,216243
8137,100335
7911,98934
7385,98341
9966,104474
9157,99057
7322,97628
12687,100875
9092,104109
15049,101557
34020,105923
13599,99639
86953,120250
30769,105097
30213,104767
464929,207517
103332,125134
1772517,488324
2159381,609075
417708,215160
8175,100466
7352,98730
7243,98561
9278,98516
8741,98242
7203,96474
13888,100163
8682,98137
15362,100499
34900,107258
13565,99506
86871,120201
30590,104347
30876,103898
459203,204555
104352,124982
1775177,488265
2170618,607270
418649,216030
8307,100119
7740,98395
7139,98549
9649,98173
8680,98377
7461,97113
12946,100092
8954,98122
15202,101259
34409,106622
13263,99355
87700,120673
30543,104833
30695,105236
460350,205354
103388,125571
1747995,485638
2182943,603093
416915,213236
8750,100656
7646,101127
7355,99815
9554,100891
9035,99062
7718,98252
12941,100262
9525,98829
15150,102138
34729,107520
13382,100352
86199,120970
30465,105234
30916,105883
456413,206680
105035,127178
1757111,489037
2189444,606039
416932,216063
8168,99522
7618,98481
6942,98392
9661,105770
9006,93343
7566,103514
13182,100567
9075,103539
15290,100668
34763,105345
13979,100033
87397,120568
30328,105429
31019,104962
465586,206325
103569,126522
1774772,485302
2160778,611965
418095,216047
7623,99717
7777,98401
6735,99193
9521,99699
9134,98698
7766,97839
12523,99475
9195,98923
16133,100344
34393,107567
13460,100370
87608,120694
30969,105846
30654,105685
456379,204815
104154,126741
1772769,488602
2176990,603331
415939,213799
8852,101061
7619,98070
6802,98758
9894,99600
8725,98974
7313,98362
13245,100886
9151,99503
15242,100979
34083,106862
13083,99905
86768,121102
30753,104780
31165,105636
457033,205012
103612,126270
1768638,486185
2170811,607223
415720,216758
8452,99651
7271,90144
6748,98951
9643,99039
8899,99051
7588,98261
12917,100148
9210,98212
15227,100793
33987,107210
13276,100075
86846,121613
30353,105486
30975,98041
462582,205887
104519,126108
1772240,490132
2180812,601837
419387,215225
8822,101353
7312,99505
6900,99507
16019,99489
8729,99983
7289,104581
12443,106849
8755,98902
14912,102932
34168,112989
13151,99832
86113,120570
31044,105005
30715,105222
470385,206679
104151,131875
1775670,485991
2174949,609376
418657,224784
8905,101329
7778,98403
6902,98553
9780,100060
8958,98669
7570,98574
12976,100195
9325,99248
15684,102147
34751,106770
14342,99564
87173,120168
30570,105183
30557,105760
456644,206169
103319,125295
1776970,483618
2172471,606259
419050,215452
9068,99927
7585,97872
7055,98895
10210,99274
8733,98823
7471,97951
13001,100526
8972,98150
15786,101202
34514,106572
13604,100187
86911,120689
30766,105389
30116,104714
466061,206138
104496,124716
1771234,482710
2190998,612818
415330,216512
7672,101170
7859,99552
7084,99770
9908,99807
9404,98821
7449,98530
12453,100732
9289,100558
14772,101738
33857,107145
13198,101265
87080,121647
30327,106751
31044,99159
460786,205172
104066,127017
1772148,490161
2183136,608514
419232,214809
8354,100185
7459,99393
7094,98903
9480,105187
8920,100169
7362,103036
12543,99726
8681,103373
15471,102281
34533,106142
13266,99324
86248,120177
30483,105680
30863,104852
459251,212864
103706,126487
1775956,485248
2159747,604498
419800,216793
8302,101329
7759,98625
6986,98080
9482,98957
9702,99099
8030,98033
13251,99764
9960,99998
15276,101090
35014,106002
14071,99221
86883,121398
31183,104993
31255,104833
457886,204984
103453,127699
1780739,485375
2161944,602432
417756,214268
8381,101022
7864,99494
7437,99361
9815,99463
8965,98446
6961,97492
12453,100610
9023,98534
15424,101942
34864,106584
13409,99413
86863,120755
30342,105000
30643,106874
460650,206115
104641,125694
1775186,489536
2196990,604263
415437,218849
8146,102418
7348,98904
7095,99997
9438,99754
9088,99750
7386,97221
12480,100417
9100,98639
15479,100288
34473,107373
13626,100262
86809,121147
30746,105233
30700,111263
455198,199364
103766,127700
1768999,486042
2174504,610792
432691,216573
9165,100678
6974,99065
7260,98856
10082,99193
9085,98447
7113,98607
13055,100017
9342,98382
15501,101301
34453,106111
13305,99162
86874,120605
30778,103961
30643,104902
456871,205831
104730,125956
1786859,487044
2165073,611741
417804,213230
8962,100703
7884,98873
7095,98782
9860,99292
8530,98986
7681,98673
12919,101050
9254,98753
15331,100311
34839,107030
13796,100096
87132,121787
30726,104874
31080,104731
455332,206995
104496,127532
1777124,503018
2181394,607734
418413,217823
7891,101078
7171,99261
6963,99560
9658,99830
9059,98523
7324,98439
12981,101323
8599,99800
14980,101994
33723,107065
13147,99585
86282,120678
30033,105860
30134,106082
461308,207597
103224,126200
1780578,486623
2184825,604171
415863,215292
8719,100759
7256,98634
6709,98584
9610,99501
8803,99273
7561,103387
12739,106172
8860,104800
14865,99508
34093,106313
14087,100022
87504,121560
30747,106332
30468,105365
459611,212764
103963,126009
1782868,488868
2172534,610818
417521,215205
8243,99619
7891,98148
7587,98280
9108,100684
8770,98622
7381,97890
12774,99273
8944,99522
15000,100482
34945,106021
13953,99697
87529,121148
30833,105026
30516,104682
457004,205909
103570,125903
1788776,486581
2169893,600787
417469,215321
8617,100580
7535,98779
7333,98383
9759,100432
9153,99172
7405,98250
13213,100404
8938,98644
15556,101899
34519,106352
13679,101480
87752,120203
30957,105117
30429,105796
458683,205928
103558,128703
1775236,487880
2180673,606147
415918,216336
9187,100360
7359,100014
6697,98791
9550,99790
9084,100856
7584,98427
12847,100065
9479,98313
15084,100804
34236,107828
13832,99921
86670,120252
30852,105189
30627,105012
463444,206549
103308,127668
1777172,486906
2173470,609717
427438,216110
8071,108549
7722,98492
7296,98655
9246,99444
9338,98131
7237,98157
13423,99657
9489,98914
14993,100518
34191,106930
13340,99257
86267,120437
30221,105457
31080,105475
456975,205335
104180,126584
1772973,490527
2170763,598613
417331,217287
8205,100007
8171,99283
6850,98915
9968,99593
8707,98122
7877,98737
13016,100542
9009,99249
15227,101039
34361,108180
13554,99523
86799,121822
30259,105478
30329,106750
459974,206622
103595,126270
1776349,495591
2191390,600920
416033,217071
8475,100591
7629,99175
6725,98853
9715,101225
9416,99485
7443,98696
13463,100649
9167,98162
15206,100800
34337,106214
13284,99597
87067,121112
30100,104140
30405,105106
460233,205764
103482,125049
1782917,483263
2189543,605638
417304,216577
7948,100307
7700,98202
7185,98939
9186,100640
9166,99297
12172,98873
12935,103576
9061,103527
14869,100336
34999,106045
13168,99544
86449,121101
30769,104142
30841,104980
460092,212390
104196,124508
1777919,485800
2177815,607945
420373,216836
8868,100962
7540,100426
7104,98497
9712,100137
8949,99575
7496,97833
12451,89392
9010,98883
15387,100743
34109,106814
13335,99576
86865,120063
30297,104877
30586,104837
457598,205437
103301,126005
1785758,489165
2172545,607672
421355,215471
8914,101282
7327,97550
7171,99142
10445,99109
8717,97778
7928,99163
12767,100634
9034,98856
15427,100508
34397,106257
13206,100146
86312,121044
30367,105415
30543,104792
458519,206171
103887,126743
1769910,489138
2194762,615289
416285,214472
8275,100237
7494,100167
7044,99229
10090,100666
9191,98917
7304,97870
12614,99816
8890,98513
15405,101439
35309,108642
13322,99825
86481,120532
30467,104127
30337,110470
458728,206399
104212,126290
1781050,488693
2147902,609334
425917,218571
7787,107505
7460,96395
7483,98270
9803,99598
9220,98394
7755,98325
13091,99872
9250,98643
15286,101104
34924,106964
13303,98655
86974,119538
30368,104773
31091,104732
459150,205116
103904,124135
1783732,486170
2166710,597435
416484,215385
7561,100854
7572,99311
6952,97962
9509,98486
9011,98516
7464,99087
12415,99425
9170,97420
15568,100640
34649,107267
13787,99710
86579,120744
30540,104390
30799,105584
464731,206597
103806,125439
1785503,484181
2191557,605744
415526,217097
8916,100004
7797,98893
6784,98836
9772,98626
8636,97154
7111,97118
12636,99538
9212,98730
15597,101462
34154,107490
13315,99521
87297,121823
30400,105383
30909,105142
459814,206207
103735,126691
1770241,488343
2176022,601621
414976,217648
8848,100643
7543,99346
7212,99702
9280,99732
8925,98857
7811,97732
12791,100052
8984,98586
16065,100010
34463,107481
14144,99520
86659,121862
31313,105209
30546,105389
460107,207407
104199,126363
1785863,492285
2174773,601437
417265,214701
8560,100470
8321,98614
6966,99096
9578,99924
8856,98855
7172,97574
12699,99690
8654,98977
15208,101720
34303,106554
13252,98890
87053,120533
29887,105239
30587,104514
461677,207106
103416,127849
1771240,502889
2182792,611600
420854,216471
9111,101295
7906,99529
7456,98908
10314,100136
9503,99168
7478,98063
12994,100341
9194,99034
16019,100315
34272,106691
14059,99285
87963,121043
30317,105376
30979,101449
461285,207652
104347,127731
1783561,490539
2179733,608102
420163,217419
8933,100650
7722,101506
7135,100426
9694,100008
9133,99742
7887,98139
13191,100873
9250,99533
15066,101958
40279,107928
13306,99315
87815,120860
30863,105426
31497,104621
469205,206668
104426,131973
1775650,488249
2173329,615928
416656,214091
8478,102159
8020,98598
6801,99178
9472,99127
8895,99224
8156,97355
13402,99564
9010,99252
15120,101329
34663,105606
13354,99159
87854,121376
31173,104251
30917,105536
454905,206303
103854,126484
1766968,489653
2162517,611723
417723,216028
8463,100780
7620,99865
7544,98526
9969,98279
9501,98454
7455,98090
12861,100202
8964,99375
15068,100437
34608,106373
12911,100592
86564,120605
30832,105356
31084,105760
461134,206720
103878,126217
1765649,489686
2157152,611717
416312,219148
8457,101583
7646,99212
6954,98849
9467,99823
8888,98230
7584,98054
13152,102775
9070,98616
15360,101006
34758,107144
13455,100295
86786,120225
31978,106122
30147,105131
459030,204726
103992,125154
1778610,500371
2177934,612275
427055,216360
8743,99878
8222,99407
6633,98276
9857,99146
9065,98506
7013,98754
12893,101645
9472,98385
10562,98810
35118,107042
14209,100483
86795,120513
31895,105822
30143,105022
457386,206557
104058,127945
1774563,489011
2187103,607027
422760,216301
8728,100384
8148,99999
7286,97739
8864,99526
8597,99138
7874,99151
12348,100580
9045,100290
10435,99384
33831,107350
14093,101046
86664,120438
32218,105137
30646,104349
458409,206984
104033,125775
1772069,491464
2180895,605921
421472,216148
8611,101535
8737,99144
7339,98282
9897,99152
9275,99181
7680,97399
13049,101304
10738,98725
14879,99816
34583,106030
14043,104752
87243,125270
32377,105450
30090,105242
466085,206582
103295,126559
1780114,488682
2171733,614497
434087,215097
8097,107806
8117,98507
6750,97936
9151,98590
8353,97679
7549,97392
12799,99592
9493,98584
10175,98992
34556,106308
13601,99713
86542,119168
31155,104813
30749,104642
454764,206305
103293,126089
1769769,493347
2174131,605876
425141,215451
8870,99256
9695,98546
7017,98215
9263,98885
9118,99666
7067,98203
12610,100231
9448,98010
10852,99532
34262,106278
14062,99552
87290,119065
31595,104114
30695,104733
457698,205383
104344,125117
1775715,488896
2175597,602831
418437,215897
8436,99942
7827,100044
7512,99520
9711,100856
9011,99512
8160,98099
13112,100345
9888,100058
15137,100851
34585,105902
13735,99232
87265,120092
31788,104651
30250,104668
460857,205755
103109,125048
1774134,498213
2184417,598598
427851,215110
8815,100663
7952,99178
6689,98804
9464,99676
8568,99245
6944,96821
12713,101190
8925,99760
10434,98001
34258,105869
14043,99831
87666,120739
31379,104521
30092,104215
459420,205601
103520,124817
1768080,487176
2181817,606807
424330,217154
8269,99779
8652,98802
7569,97832
9336,98428
8831,98295
7117,98469
12826,99722
9439,99386
10509,98999
34310,106235
14087,100063
87588,120494
31752,105128
30994,104968
456484,204913
103883,126113
1774332,487777
2175375,603762
423413,216021
7860,102040
8223,99031
7987,98410
9971,99849
9195,98601
7806,97466
12978,100268
9756,99423
15213,100488
34128,106829
13389,105061
88052,125636
31265,104989
29634,105619
466504,206324
102456,126891
1774663,492352
2170424,614835
429822,217406
9138,100447
8711,99844
7122,98133
9609,98339
8598,98975
7661,98494
12614,99859
9593,98668
10094,98989
33828,105797
13093,98125
86900,119371
30760,104184
29726,105733
458653,204428
102837,124138
1771645,487544
2173091,602420
423747,217189
9062,99808
8771,100846
7879,98469
9957,98580
8772,98520
7365,98437
13230,100459
9184,98552
10342,99515
34150,107299
13542,100410
87093,120879
31398,105239
30137,104638
460611,206632
104036,126783
1773073,492562
2177479,603378
415402,214512
7973,100936
8313,99812
7076,99141
9194,99125
8426,98970
7377,98049
12443,100210
9630,99698
16217,102759
34761,107646
13812,100235
87746,120979
31087,106003
29541,105924
455475,206893
103941,126115
1781777,491242
2173021,602173
424396,216993
9635,100613
8035,98398
7466,99397
9675,99385
8650,98655
6775,97927
12498,100538
9098,98761
10390,99441
34073,107238
13708,100162
87178,121654
31222,105175
30451,105016
457918,207546
103456,127318
1765542,482529
2177861,604803
423735,215495
9367,101200
8350,99880
7208,99136
9579,100083
8747,99003
7134,103508
12291,104941
9539,99195
10532,99375
33601,111644
13579,99937
86533,120087
31401,105780
29992,104664
464606,206476
103882,132368
1776177,488284
2176342,608751
419557,225316
8599,100939
9388,99386
7713,98746
9678,99510
8691,98040
7603,98488
12463,99625
9167,98296
15249,100966
34283,106428
13708,99937
88324,120728
31916,105173
29946,105524
458166,206371
103218,125434
1780527,491829
2167776,604394
425227,215657
9563,102223
8439,98553
7211,97633
9667,98640
8949,97778
7289,99644
13006,99896
9448,99135
10704,99443
35575,108492
13870,99677
86958,120382
31484,105271
30801,104892
460633,206439
104221,126886
1778333,499707
2193463,603529
424807,216725
8560,101569
8965,99496
7667,98042
9248,99014
9318,99574
8117,97467
13468,100947
9541,99047
11160,99493
34242,105782
14190,100959
87970,121633
32401,105896
30577,105186
459714,205167
104151,126455
1772511,488726
2186090,601421
415616,215995
8667,101699
8712,99373
7273,99719
9281,100763
8422,99417
7777,98855
13076,100139
10229,99810
15372,101008
34769,107418
13474,99548
87061,120369
31327,105529
30062,106361
459846,206946
104120,125521
1766659,488053
2177067,601363
423255,216848
9272,100041
8158,98878
6992,98887
9370,99115
8887,99453
7150,98113
12754,100351
9982,99096
10028,99238
33910,107701
13401,99103
86653,120406
31276,104917
29850,104494
458571,212932
102938,126725
1774954,491694
2175763,613208
422475,215564
8835,100472
8835,99644
7489,98163
9673,98779
9517,98347
7713,97979
13053,99599
9339,97789
10329,98682
34204,105769
13600,99773
87838,119411
31513,105131
30354,104659
460591,206941
104072,125364
1769629,490768
2169842,597775
418897,215606
8731,100326
8442,99362
7096,98215
9146,99283
8728,98791
7524,98818
12563,100461
10206,98658
14816,100636
34602,106044
14119,99388
87347,120412
32167,105273
29342,105053
459128,204516
103747,127004
1777870,500719
2174462,608078
422305,216613
8698,100824
7756,99423
7087,98695
9502,99667
8536,98658
7239,98536
13249,100481
9623,99206
10075,98972
34313,107913
13253,101293
87078,122244
31734,105065
29711,106237
458135,207270
103336,126726
1777843,486435
2169968,604943
422125,216240
8352,101053
8325,99204
7828,99188
9804,99714
9152,99596
7988,98956
13088,101780
9383,99616
10707,100200
34317,106988
14300,100891
86674,120756
31835,106106
31587,111905
461149,205084
104718,127116
1771952,483249
2173611,613522
427646,218578
7696,102030
7592,99150
7357,97969
9560,98813
8423,98357
7685,97310
13016,99336
9796,98727
14980,100694
34650,106372
14002,99604
87189,120984
32121,105416
29840,106864
459991,204814
103180,126878
1781416,489567
2159605,601184
424524,215510
9473,98038
8359,99883
7252,97901
9294,98823
8646,98620
6876,98704
12666,99838
9015,98755
10264,98551
34549,107338
13272,100174
87357,121416
31361,105509
30738,104176
460891,206536
102536,127229
1775661,496073
2190250,604637
426143,216548
8621,100717
8229,99501
6661,98012
9682,98805
9070,98927
7518,98172
12599,100121
9238,98760
10903,99192
34350,107697
14116,100081
86880,121453
31969,105708
30542,105821
458642,205535
103482,126626
1785907,487596
2187962,606293
417119,218170
7717,100605
8438,98679
6857,98073
9786,99368
8789,97852
7665,97724
12421,100257
9502,99884
15390,100350
34760,106535
14899,99716
88333,120066
31955,104893
29745,110362
463855,205033
103407,126004
1785614,485176
2172295,611839
435243,217537
8627,102138
7869,97316
7181,97330
9602,98772
8214,98398
6863,97352
12990,99414
9570,97799
9977,98693
34050,106181
13212,98608
87683,119734
30972,104873
30905,105678
459031,207517
102779,125522
1781240,490113
2180671,592905
423953,217167
9345,100761
8353,98679
7335,97502
10068,99260
8973,99331
7353,96869
12760,100747
9349,98079
10459,99156
34715,105598
13950,99558
87792,120238
31306,105381
31236,104078
459128,206217
103739,124483
1789525,495033
2189729,603474
413549,214911
8294,100708
7949,91167
7998,99009
10056,99386
8896,98162
7616,98481
12952,100048
9395,99317
15234,100733
34513,106328
13889,99824
87949,120591
31482,105494
30226,105861
460733,207080
103333,125123
1783626,487627
2175926,602242
424356,217418
9058,101926
9139,99285
7189,99419
9501,99562
8889,98440
6961,97151
12564,100164
9363,99137
10537,98229
34333,106975
13725,105998
86545,126513
36943,104518
30066,104699
466488,208344
109537,127671
1773533,485650
2173328,615788
423260,225349
8645,100475
9079,98831
7033,98539
9545,99107
8505,97611
7022,97687
13062,100176
9538,98744
10595,99005
33881,106870
13926,99103
87310,120192
31578,104288
30927,105379
460604,205473
103870,127267
1791299,494484
2164147,599248
416594,214024
7768,100279
8039,98904
7486,99843
9687,98350
9287,99196
7569,98699
13211,100608
10385,98777
15803,102367
34480,106437
13868,99788
87533,120374
31930,105102
30351,103876
462301,204234
103561,126272
1773160,486661
2186921,609098
421969,215669
8948,99396
8264,98618
7118,99561
9676,98743
8743,97993
6940,98369
13256,100247
9580,99460
10242,99268
34393,106505
13928,99680
87191,120005
32117,104472
31042,105316
462205,205926
103835,126095
1779300,489614
2185450,603429
424465,216559
8435,101444
8180,100050
7301,99619
8953,99334
8675,105695
7303,98380
13244,100839
9164,98768
10326,99051
33559,106716
13548,99958
86718,120696
31861,105541
30168,104908
456950,205962
103888,126838
1787718,487085
2161998,612890
419132,216875
7702,100327
7689,99770
7132,98751
9202,99091
8231,98443
7385,98350
12553,99780
9721,99593
15401,100665
34164,106538
13588,98501
86586,119234
31533,105108
29666,104975
464354,207360
103288,125823
1792219,502848
2176032,607737
425958,218395
8167,99413
7950,98579
7503,99070
9298,100607
8924,99434
7349,98556
13192,100563
10264,99580
10651,100166
34707,107900
13746,98876
87939,121363
31223,105002
30760,105193
462829,207326
103441,127599
1773515,480365
2188839,606565
424549,218672
8483,99317
8618,98071
7848,98353
9462,98302
9493,98881
7366,98460
13381,100535
9712,98804
10774,98803
33918,107845
14450,100569
86716,120486
31323,110564
30355,105101
469402,206909
103833,131805
1790576,490142
2162276,615127
418934,222479
8325,101492
8287,98734
7537,99202
9751,99643
8538,98858
7379,98796
12568,102214
9965,100028
15234,101362
34338,106849
13545,101671
87986,121556
31836,105950
30010,106474
459785,207132
102033,126569
1795424,492900
2160715,601291
426865,217946
8655,99893
8408,100390
6885,98949
9403,99960
8411,98169
7079,98701
12991,100084
9243,99146
10572,100431
34340,107013
13767,99529
87203,120414
31480,105691
29739,105271
457918,207687
103471,126145
1783932,487350
2189873,602456
425107,216472
9086,100146
8065,99589
6907,98378
9960,99134
8595,98866
7422,98430
13084,100429
9519,98955
11106,99967
35057,107103
14585,100560
86349,122393
32259,104971
30539,104546
463935,205864
103708,126130
1782182,484568
2184895,599225
415613,214714
8735,103684
8581,99794
7487,99827
9513,99267
9136,97926
7417,98375
13036,99799
9652,100191
14960,100919
34336,106755
13693,100006
87607,120479
32391,105212
30654,104769
461788,206087
103490,126406
1797126,488164
2165279,600661
422506,217669
8754,99779
8293,98182
7105,97870
9154,99659
8615,98061
7222,97882
12817,99990
9289,98434
10606,99608
34891,106658
13829,99033
87213,120307
30753,105615
30546,105811
462947,206997
102829,126520
1773849,498276
2180136,607636
421388,216048
7610,100820
7896,99990
6822,98444
9197,99721
9046,99096
7435,98700
12330,100584
9346,98977
10746,99210
34415,107620
14609,100541
86019,119786
31580,105609
30420,105669
461109,205853
103946,126016
1777197,487188
2181681,606250
415535,216850
8341,101339
8090,99139
7341,99150
9314,100329
8654,98702
7312,98799
12218,100188
9763,99513
14852,101223
34678,112891
13399,99136
87641,120037
31955,105379
30475,105341
472027,208795
103314,130799
1781133,489051
2150578,611396
427781,216703
8717,99999
8455,98998
7029,98190
9246,99350
8692,98121
6710,97496
12791,100051
8721,99449
9821,98032
34412,106919
13584,99194
86405,120079
31160,104492
30120,104377
463438,206069
102500,126306
1782130,486201
2158336,602153
423057,216652
8656,100054
8416,98706
7462,98334
9477,99240
8990,98547
7619,97555
13414,99535
9071,97891
10530,99319
34175,97826
13922,99334
86721,120725
31511,104380
30260,104450
460254,206165
103126,124879
1792009,489468
2161101,605874
416163,215295
8183,101113
7785,98500
7255,98501
9397,100726
8125,98366
7140,98061
12216,99950
9529,99293
14950,101367
33917,107014
13623,100330
87121,121351
31300,101482
29373,104637
461214,206092
102874,126885
1764838,482921
2163548,622992
436187,215150
8660,106533
7766,98287
7267,98817
9323,99579
8885,98207
7148,97884
13255,99265
9632,98055
10137,98716
34304,106651
13177,98981
86883,119859
31177,104603
29553,104754
458539,204882
103419,126542
1782856,491951
2167378,604058
424683,216234
8990,99214
8355,100774
7131,99023
9392,99089
8913,99242
7277,98277
12734,99750
9255,99001
10358,99430
34381,106073
13789,100812
87290,120196
31639,105414
30805,105395
460664,207675
104246,126440
1790880,504496
2176466,605655
421094,215967
7930,101097
8031,99715
7483,98549
9741,99901
9091,98769
7776,99376
13049,100354
9858,98838
15028,100721
35116,108538
13520,99649
87520,121397
32534,106163
29661,105083
461895,207038
103807,126656
1760946,483712
2194538,602089
427381,216586
8409,100333
8446,99991
7114,98442
9266,90755
8653,99136
7162,98706
13194,100238
9569,99464
10222,105088
34401,107672
13519,100038
86058,120486
31233,105323
30408,104965
459933,208915
104614,128088
1752407,486463
2184466,614703
432601,220322
8599,100501
8473,106439
7538,99089
10203,98908
8734,98818
7711,97577
12781,99986
9610,99349
10428,98438
34903,106395
14321,99270
86887,120263
31689,105135
30067,105571
465677,207503
103434,126262
1791710,498993
2175406,618898
419089,228655
8233,101805
8639,100046
7610,98182
10075,100129
8980,98356
7801,97462
13080,99988
9883,98445
15411,99869
34932,106579
14233,100189
87730,120318
32024,104665
29851,104198
458863,206318
103992,126839
1776394,487419
2176800,607246
423418,218129
8508,99763
7890,99485
7076,98437
9221,100040
9182,98628
7341,98270
13403,99810
9660,98791
10207,98829
34155,107567
13657,100718
86987,119780
31499,106134
30472,105779
457631,207339
103404,125820
1772620,488970
2171872,607013
423244,217519
7550,100673
8305,99209
6759,100004
8943,99549
9225,99031
7617,98672
13061,100888
9495,99322
10941,100230
33972,106844
13879,100161
87162,120116
32200,105290
31212,105731
459559,209944
103482,126129
1780031,494673
2193221,609421
419655,214847
8766,101170
7924,100078
7381,98460
9840,100170
8942,98056
7843,97801
13079,100191
9954,98367
15226,100937
34220,107318
13883,99930
87553,120641
32165,105213
29872,105068
458569,206333
104198,125654
1778503,488663
2191513,611716
425588,215635
8061,100212
7788,98506
6532,98714
9698,100036
8640,98109
7551,97942
12692,99068
9455,98368
16310,100919
29492,104698
13360,99373
87483,120455
30906,104862
32488,105158
456689,206457
103871,126230
1776621,494308
2194430,615414
419515,217566
9320,101774
8093,100161
7399,99344
9873,99501
8814,99327
8018,98116
12649,100838
8759,99000
15648,101348
34550,106222
13574,99555
87658,121098
30425,106040
31393,104992
465313,206948
104479,125692
1777852,489790
2182947,600719
416874,217931
8266,101730
7903,99802
6600,100071
9266,99827
8985,100098
7111,99096
13015,100870
9086,99204
28087,101448
34811,107843
13790,100430
87004,122004
31287,105573
30106,105124
455853,206951
103246,128052
1779317,492260
2179378,605849
426905,215770
8592,101051
7207,104147
7447,103651
9246,98857
8909,98382
6999,97622
13037,99480
9061,98848
15561,101659
34675,106279
13930,100357
86749,120542
30526,104938
30240,105624
457317,213646
104229,125880
1764386,485940
2168907,608711
417532,216460
8131,100456
8062,98309
7120,99060
9361,99461
8906,98438
7182,97667
12718,99794
8791,99495
15290,100749
33991,107469
13391,100436
86359,120828
30514,104099
30585,104787
455888,207743
104029,125865
1772286,488324
2160057,600422
419579,214719
8337,99993
7562,99646
7694,99671
9622,100485
8867,99479
7105,97849
13123,100806
8644,98584
15114,100933
34307,106468
13354,98703
86826,121593
30254,106237
30432,105770
457078,205357
104407,126534
1761550,493854
2174547,606570
418366,214683
8390,100133
7982,98394
7097,98278
9979,98804
8762,98953
7772,97864
13002,100248
9042,99249
15348,102359
34725,107394
13980,99811
86721,121546
30994,105594
30315,106407
457737,209804
104075,127204
1768641,487807
2177712,602080
416251,214091
8803,99894
7875,99227
7248,98579
10196,99779
8692,98819
7395,98037
12906,100272
8845,98653
15327,102513
34638,107358
13784,99578
87149,120022
30694,105073
30743,104871
459527,205244
103717,126308
1766942,488698
2176761,607545
418768,214227
8972,101619
7815,99131
6939,99343
10118,100560
8713,99670
7346,98735
12721,101870
9019,99542
15309,102317
34687,106892
13482,100799
86853,122255
30910,105700
30334,111907
459669,208126
105445,127767
1752557,487631
2182612,602737
417606,217817
8455,101309
7517,99481
7601,99845
9688,98799
9492,103384
7778,97936
12937,100474
9207,98814
15315,100910
34806,106274
13888,99450
87789,120432
30850,104888
30739,104221
460030,212030
102951,126710
1768830,483799
2175325,610885
419401,212240
7876,100027
8154,98579
7051,98623
10087,99488
9260,99276
7892,97718
13037,100461
9094,98907
15655,99657
34752,106990
13303,99907
87042,119769
30615,104366
31040,106190
456001,205961
103819,125822
1773342,491080
2157258,611418
415848,215497
8571,100189
7715,99132
6906,99762
9913,100381
9115,99580
7606,98241
12893,100761
8734,99434
14682,101794
34617,107741
13408,101475
86601,120885
30858,106033
30543,105666
462303,204575
102942,127311
1765714,511919
2169499,603275
414238,215486
8959,100854
8001,98460
8049,98262
10254,99699
9520,98352
7981,98171
13026,99883
9545,98921
14969,100954
34129,107194
13965,99902
86517,121540
30640,105492
31280,105584
455843,206829
104083,125854
1760868,484460
2180342,608235
416697,216681
8433,100719
7585,99764
7723,99853
9695,100842
9388,100232
7489,98558
13243,101176
9041,98795
15313,102046
34485,107308
13728,100464
87564,122678
30979,106281
30990,105838
459055,206580
104000,126870
1779175,484854
2174931,600330
417169,215662
8984,102644
7546,99815
6942,99072
9382,100462
9137,99155
7501,99210
17928,101168
9109,99923
15138,101589
34769,107721
13170,99632
87743,127621
35915,106350
31271,104951
462653,206515
110655,127668
1770454,483249
2160050,618194
417093,221453
8074,100560
7779,99053
7255,98881
10164,99450
8849,98661
7219,97702
13355,100805
9131,98744
15260,101401
34193,107071
13561,100334
87158,121768
30629,105036
30701,104322
456644,207213
103261,127750
1767581,489601
2161108,602722
418737,217057
7552,99411
8434,99306
6951,99087
9486,100568
8958,98773
7335,98335
12956,100777
9352,99089
15459,100390
35045,106453
13810,100028
87048,120166
30506,105411
30497,105819
460082,207346
104009,125883
1772131,493415
2157555,606411
420204,216954
7951,100846
8080,98062
6935,98213
9570,100068
8837,98992
7380,97682
12627,99833
8853,98806
15194,100956
34124,105977
13415,98845
86812,120185
31001,104493
30447,104883
452752,205814
104544,125250
1753463,486632
2180637,609903
418048,214742
8236,99329
7873,98370
7573,98717
9752,98765
9221,99658
7602,97720
12890,99760
9501,99924
15414,100359
34273,106846
13436,100338
87022,121072
30757,105967
31069,105119
456661,205637
104522,127008
1752960,482801
2174377,603342
413323,214383
8475,101237
8077,98119
7667,100104
15490,99560
9506,99749
12820,98420
13251,105460
9291,100604
15117,100444
34901,111144
13448,99130
86842,119438
31181,109496
30717,104928
464245,206913
103669,130980
1765236,483486
2158751,608694
415725,222649
8431,100126
7773,98272
6996,97969
9278,99245
9400,98107
7116,96590
12977,99497
9031,97493
15549,101243
34311,106955
13445,99112
87359,120851
30791,104390
30787,105200
457397,205431
104322,126161
1770032,487792
2161795,607094
423706,215474
9119,99166
7672,98089
6991,99536
9680,99598
8832,97872
7236,97803
12891,98926
8707,98148
15123,99871
34633,106206
13147,98632
86961,121144
30424,104178
30297,105022
459988,206170
104330,125437
1763471,495658
2162327,606590
413327,213334
8207,100666
7406,99842
7660,100069
9864,99420
8923,99364
7205,98063
13138,99854
9320,99810
15856,100493
35446,106815
14027,100278
86467,114190
31022,105334
30951,105617
457630,207909
105000,125558
1767591,483277
2168525,601235
416174,217914
8576,100481
7265,99191
6802,98026
9856,99717
8866,98617
6981,98184
12484,101784
9390,99179
14944,109081
34030,106866
13578,99799
92512,121165
30636,106071
30460,105039
468370,204873
105488,126750
1772472,486202
2150846,610283
425045,214794
8202,101075
7517,98729
7261,99114
9751,99271
9267,98830
7326,97590
12852,99674
8491,98259
15450,100436
34988,106550
13195,99718
86583,120443
30400,104670
29825,105295
458617,205352
104313,126309
1777846,486598
2160226,607671
420595,216454
9705,99976
8017,98941
6713,99563
9871,99129
8848,98434
7455,98144
13055,100763
9287,99139
15524,101745
34378,107254
13095,99064
87052,121162
30942,106070
30351,104489
458214,206707
104354,124769
1764178,496535
2176473,594372
418186,217479
7990,99621
6770,98251
6739,98807
9314,100130
9125,98209
7146,97927
12694,100371
9115,98521
15465,99537
34254,106911
13253,99160
86963,120715
30757,105569
31108,104807
455426,205678
104340,124922
1763999,488626
2180431,606655
417057,214653
8757,99271
7083,98833
7256,98725
9484,99096
8865,99220
7770,97779
12873,100717
9066,98530
15190,101495
34903,107153
13575,99440
86477,121595
31185,105502
30342,111155
458857,206396
104926,127234
1776399,485675
2184434,604496
430548,216355
7949,100857
7263,104407
7514,103899
9911,98918
9068,99024
7310,98895
13329,99932
8925,98094
15509,101167
34182,106913
13336,99182
87266,120419
30685,105519
30650,105553
457333,206347
103449,127226
1770913,483420
2169264,599654
419340,216718
7900,102416
7402,98377
6905,97970
9992,100012
9011,98670
6985,97202
12885,99517
9488,97904
14968,100394
34427,106513
13510,99557
87220,121669
30322,105451
30951,105870
458627,205963
104588,125612
1769152,495867
2171562,603758
418797,214950
7808,101796
7602,100253
7233,100105
9370,100152
8852,98890
7803,98897
12995,100245
9263,99354
15422,99975
35063,106836
13080,100199
86148,121197
30402,105011
30740,105367
457277,208069
105258,125742
1771141,485240
2188476,602975
413950,217419
8560,100180
7525,98778
6867,98136
9876,99864
8940,99499
7407,97741
12301,100317
9519,98541
15285,105559
34960,106789
13244,106963
93498,121613
30996,104821
30317,104278
466790,206306
104715,126248
1775582,492704
2163095,613162
416859,222684
8938,100518
7294,98744
7222,99421
9894,98855
8753,100124
7387,98146
13164,99147
9138,98905
15600,100877
34615,106705
13383,99233
87097,121161
30590,106167
30830,105705
459550,204610
103946,125199
1772782,487891
2157976,599880
418333,214954
8138,100905
7201,98825
6820,98813
9579,99914
8599,99080
7249,98269
12598,99760
9440,98446
15115,101338
34121,105714
13593,99958
87339,121128
31383,105991
30450,105948
460296,205133
105355,125511
1772516,485420
2170490,604511
419788,216514
7969,100509
7274,98778
7373,98937
9722,99491
8848,99195
7272,98473
12724,100124
9085,99538
14978,100741
33989,106975
13768,99949
86969,121695
30623,105552
30528,105807
461105,205553
104253,126093
1766184,484705
2176917,606417
415561,217899
8738,100550
7707,99709
7312,99198
9702,105863
8784,99664
7210,98782
13090,100693
9373,98598
15069,100661
34393,106250
13619,98855
87501,120932
30531,104931
30721,105700
461165,212578
104318,125846
1779319,485007
2174937,603120
421498,214978
8028,99578
8278,99085
7293,99362
9705,99782
9150,99605
7846,98182
13027,101012
9648,98342
15616,100768
34983,106970
13498,100145
87306,120857
30928,106689
30610,105268
462175,205953
103792,127290
1781083,488503
2159779,601096
420543,215107
8750,101873
7508,98885
7245,99336
9535,100279
9230,99061
7374,98647
12608,100850
8657,99157
15152,102687
34531,106566
13441,99933
87622,122153
30602,106436
30943,105218
461459,204977
103582,127245
1774469,481537
2186957,614447
413558,213541
9095,101867
7698,98634
7163,99738
9717,99751
9503,99410
7336,98015
12331,100312
8982,98883
15333,101153
34658,107572
13973,99500
86482,121903
30394,105196
31133,111013
460019,206068
104378,124831
1761093,487800
2168031,611931
433528,216287
8834,100017
7955,104969
6929,103486
9945,98863
9233,98518
8130,97550
13151,99930
8991,98123
15074,99473
34218,105740
13579,99214
87139,120877
30460,105744
30806,104719
460162,206795
103644,126005
1777350,486371
2171670,600242
417573,214974
9091,100552
8473,99612
7507,99017
9918,99418
9641,98788
7364,98564
13018,100947
8896,98787
15671,100262
34417,106018
13645,99694
87016,120769
31117,105048
30693,105449
461611,206723
103438,128331
1784216,497654
2174997,607195
416282,214906
8919,101516
7485,99125
7039,99419
9933,100626
9236,99816
7824,99099
12596,101019
9348,98936
15437,101964
34803,106877
14104,101083
87948,120386
30308,105196
30572,105514
458517,207420
103658,127078
1764168,482154
2180212,609281
419363,214157
8813,101386
8487,100133
6853,98087
9401,99565
8962,98534
7258,98496
12744,100310
8732,98542
14861,101601
34167,107122
13453,98807
86541,121773
31610,110236
30311,101093
465365,207598
103711,131804
1780040,488421
2175398,614571
421604,224939
7789,98697
8711,99180
6925,98146
9616,99274
8657,98457
6981,97558
13082,99972
9768,97958
10328,99117
34166,107149
13357,99248
87120,120868
31087,104911
30113,104748
458662,205966
103270,126244
1781419,487806
2173676,604028
425585,217648
9088,99667
8013,98704
6750,96876
9460,97699
8935,98091
7740,97270
12747,99741
9295,98236
11048,98266
34132,105244
14080,99476
86712,119626
31000,104354
30895,104522
459433,206612
104098,127801
1785610,495579
2181516,614326
418534,216227
8665,100438
8445,98697
7862,99097
9913,98784
8927,98430
7609,98496
13028,100147
9509,99737
15633,100130
34595,106672
13571,99535
86740,120970
32331,105905
30134,105406
461573,207367
103785,126613
1767728,485785
2182234,601963
422522,215873
7723,99951
8003,99110
6788,98917
10104,99317
8267,99011
6870,97939
12992,100329
9590,98887
10327,98644
34377,106222
13634,99159
87080,120659
31209,105232
30292,105264
461468,215536
103734,128004
1779474,490562
2172932,607295
427355,217865
8717,100825
8389,99812
6733,99481
9422,100174
8885,99987
7913,97897
12831,100920
9253,98316
10602,99695
34160,106551
13929,100393
86452,120300
31566,105313
30844,105806
459723,207308
103102,125961
1791392,486470
2171266,609895
418132,215746
8437,99757
8203,99812
7638,99254
9336,99997
8757,100118
7891,98786
12388,99548
9711,99475
15336,100555
34742,107502
13540,99557
88464,121016
31483,106861
30255,105432
466259,205390
103952,126064
1784730,488056
2190564,602533
423100,216544
8559,99981
9169,97688
6844,98237
9329,99879
8804,99457
6934,98818
12904,100340
9239,99595
10270,98716
34337,106720
13774,99550
87176,120007
31865,104832
30137,104727
467097,205798
103662,127067
1780985,486075
2168724,613999
431603,219943
7635,107386
8736,99241
6765,98074
8867,98158
8829,98563
7556,97315
12911,100238
9370,99927
10667,98758
33833,106474
13654,100659
86544,119231
32044,104070
31171,104236
458264,204668
104551,125973
1796082,490568
2162398,602145
419626,213680
7963,101543
8014,98490
7358,98562
9248,100067
8435,98685
7012,98227
13577,100482
9357,98070
15273,100182
34452,106381
13417,98699
88388,121172
31841,105363
30087,105664
464135,206205
103754,126729
1783957,489967
2179008,609352
423256,214428
8232,100513
8213,98302
7236,98236
9575,99389
8494,98328
7059,98210
12990,99815
9476,98368
10097,99262
33653,105871
13222,99711
87230,119682
31308,104637
29849,104365
457762,205277
102950,126644
1770460,483190
2184704,603205
423071,217578
8623,99671
8838,98905
7765,99168
9007,99421
8924,103666
7608,98301
12782,98685
9307,99005
10632,99081
34074,105697
13975,99767
86675,119771
31599,104511
30379,104457
465274,205328
104138,125227
1801509,488539
2176364,603656
418642,215074
9057,100682
8667,98375
7417,98312
9264,99183
9170,98357
8020,97796
12716,99718
10286,98328
15782,100483
34935,106888
14467,99714
86965,120698
31112,106187
29762,104699
460661,205414
103444,126368
1785634,504622
2178171,600216
425800,216226
8280,99639
7856,98611
6531,98829
9683,99483
8605,97987
7284,98189
13189,99944
9479,98488
10548,99496
33880,105613
14080,99012
87490,119513
32075,105661
30108,104734
460060,206723
103762,125874
1777303,487120
2180672,609035
423182,216417
8144,101171
8737,99167
7246,98574
8885,99057
8960,98904
7231,98814
12737,99750
9332,98759
10656,98077
34039,105958
13642,99657
87034,126646
31206,110337
30895,104908
469754,205490
104057,133202
1784817,486207
2157602,616147
416109,226408
8167,100414
8446,97715
7895,97351
9986,98373
8762,97690
7490,97059
13154,100130
9852,98582
15552,100554
34713,105534
14143,99059
87398,121069
32035,105130
30513,103866
459233,205971
102555,124877
1791386,489216
2154446,602642
419170,218984
8549,100557
8224,99315
7542,98491
9988,99791
8647,98690
7299,98900
12548,101026
9149,99440
10290,98694
34240,106969
13256,100727
86685,120761
31407,105056
30186,105584
457708,206428
103354,127398
1778845,488213
2161726,613316
427159,218509
7897,100271
8388,99200
7386,98467
9196,98365
9083,98647
7843,99320
12817,100398
9472,99348
10713,99605
33968,107506
14468,99762
86365,120548
31251,106702
30090,104716
459386,207593
104190,125740
1765317,484483
2179710,612952
417791,212697
8136,101579
8509,99553
7380,99161
10122,99813
8570,99198
7430,98554
13134,100130
10033,99691
14886,105227
34284,107685
13607,99762
94656,120522
32750,105398
29841,105323
459983,207048
104032,126465
1754531,490128
2188789,614118
439082,217486
8313,100540
7841,99926
6706,98836
9404,99649
8276,103864
7177,97309
12937,100359
9719,98591
10934,98589
34096,105781
13222,98855
87076,119451
31725,105934
29933,105048
463334,205998
102551,131834
1768620,484187
2178531,620105
419950,224622
8150,100221
8639,99276
7054,98477
9168,98906
9670,97694
7541,98790
12804,99147
9561,99376
10924,97998
33746,105938
13587,100290
86871,120486
31339,105615
29969,105661
457505,206206
103148,125358
1788116,495842
2165565,611860
418167,214431
8483,101249
8589,99609
7266,98517
9350,99586
8719,98495
7222,98832
13142,100515
9764,99038
15451,100790
34218,106459
13668,99601
88056,120333
32087,105544
29983,104687
458150,205671
102732,126457
1771194,492813
2165923,604584
426518,214679
8415,100260
8159,98908
7490,98313
10002,98860
8986,98299
7645,97822
13084,99829
9498,98427
10220,98847
34483,106745
13728,100085
87533,120157
31211,104603
30349,104991
457354,206232
103974,125942
1775991,495395
2184727,609381
425104,215389
9104,99315
8841,99615
7562,97830
9403,96890
8866,98867
7359,97609
13095,99849
8912,97618
10761,99617
34055,106311
13773,99606
86888,120550
31230,105529
30273,104972
455640,205547
104531,126780
1771808,489749
2174333,603624
419901,216998
8041,100692
8837,99594
7379,98872
9788,101073
8666,98819
7209,99524
12476,100636
10498,98964
15391,101244
35049,106633
14039,98733
87566,119485
32260,105745
30215,104607
457364,205982
103648,125969
1769535,493341
2189633,605000
424771,219270
9210,99214
8299,99388
7120,98135
9903,99939
8897,98517
7686,98819
13158,100596
9728,98229
10503,99644
34343,107916
13701,99426
87090,120109
31896,105062
30183,106464
454799,207250
103282,125665
1766429,490524
2179541,605220
423605,218622
8681,100560
8724,99350
7287,100215
9168,99708
8975,100006
7265,98260
13541,100225
9191,104738
10843,99869
34403,106214
13486,100082
86886,121145
31753,105412
30529,105831
468407,207151
104120,134734
1778009,484631
2161740,616277
419542,223234
8357,100098
8834,99064
7506,98229
9954,98483
8984,98500
8006,97523
13299,99635
10273,98948
15466,101068
35123,107524
13582,99539
87609,119515
31876,105995
30116,105385
457513,206566
104413,127188
1777028,488215
2168344,608702
427040,217739
8501,99510
8522,99141
7106,97865
9247,99835
8841,98195
7597,97987
12652,99049
9791,98422
10005,98495
34199,106407
13804,99612
87389,120437
31218,104957
30327,105804
456126,205577
102792,125733
1770052,492781
2171559,600573
425945,214042
8102,100157
8424,99891
7894,98796
9876,100035
9295,99409
8047,98277
12771,100847
9284,98564
10423,99718
33654,105976
13694,100769
87142,119929
31507,105081
30789,105615
458879,206127
104254,125587
1777955,497598
2184890,608954
418034,215440
7880,100934
8133,99238
7033,98672
9774,99445
8532,98410
7308,97745
12961,98932
10050,98844
15624,101546
34486,106450
14065,100181
87889,120474
31454,106210
30383,105508
454389,207682
103725,126507
1770903,488949
2176223,604711
423175,215879
8342,99290
8565,99694
7564,99028
9363,99089
9122,98110
7586,98863
12964,101661
9721,99003
10595,99397
34648,107351
14324,100482
86812,121774
31931,105628
30273,109622
455653,206910
103316,126559
1760742,485706
2177385,609078
434666,215307
9155,101209
8153,104444
7370,103934
9359,98845
8775,98848
7367,98272
13479,100553
8866,99550
10280,99695
34034,106739
13230,100082
86470,119630
31779,105866
30586,105595
462215,208991
104114,127125
1770607,487458
2173725,600554
419237,214092
8707,101097
8339,99074
7803,99166
10218,99064
8684,98807
7508,97703
13183,100420
9870,98868
15513,101259
34949,107124
13763,100111
87762,120777
31683,105922
30320,105101
459066,204532
103263,126211
1781100,490955
2173474,605345
428951,215706
8597,100498
7820,99323
6693,98991
9551,99369
9048,98386
7565,98330
13442,101073
9352,98712
10259,99991
34013,108146
13233,100187
87432,119799
31779,105294
30939,106555
456988,207549
103895,125887
1774941,483451
2181627,606139
425520,216614
8074,99421
8202,98847
7373,97959
9370,98158
9090,98095
7600,97456
12953,99577
9822,97541
10588,98680
33953,105925
14109,99206
86281,119669
31595,104659
31293,104722
460153,205805
103642,126100
1777752,489902
2171218,602932
419222,215195
8212,100328
7772,99228
7485,98387
9789,100367
8819,98787
7628,98545
12526,107503
9583,99764
14721,101664
42722,107257
13843,99061
87294,121294
31505,111626
30002,104209
465653,206974
109538,126052
1764800,488343
2160511,619809
426412,223806
8594,101019
8885,98455
7325,97524
10124,99506
8853,98330
6870,98117
13453,99466
9539,98110
10246,98945
34572,106996
13574,98826
86668,120797
31426,104735
30269,104374
459810,204645
103347,124380
1767675,486852
2166262,607563
422655,216618
8116,100418
8994,99431
7300,98701
9323,99297
8856,99888
7209,99002
13291,100638
9862,99457
10254,98465
34504,107499
13793,100304
86078,120239
31741,105021
30926,105577
458790,207598
103384,126564
1778266,496559
2178923,603515
419964,216277
8413,100720
8031,99630
7672,98983
10457,100134
9083,97733
7442,97544
12291,100598
9510,99530
15148,100697
34902,106863
13712,101274
87641,120271
31444,106100
29894,104252
460600,207281
102268,126394
1774484,495438
2192028,612652
422057,216713
8922,100556
8359,98342
6652,98657
9365,99430
8255,97925
7152,98713
13071,100263
9597,98254
10229,99799
33984,107142
13489,99167
87007,119823
31169,105015
30198,106000
459438,207572
103175,125698
1761301,492301
2183599,605639
422505,217956
8650,100749
8531,98629
7022,98625
9616,98529
8859,103736
7537,97041
13153,100104
9275,98420
10783,98156
33946,104245
14105,98997
86921,119630
31854,103651
30927,103428
457456,213171
103635,125114
1770764,496729
2156214,600544
418229,214807
8230,99690
8058,99053
6829,98040
9808,98444
8857,98047
7468,97447
13252,97721
9977,97901
15850,99075
34362,105416
14336,98589
88043,119793
32376,104195
30367,104010
459533,204995
103608,126343
1781000,486880
2156111,598472
422431,216246
8438,99781
7954,99049
7040,96999
9465,99495
8863,98978
7112,96808
13042,100766
9414,99128
10242,98432
34180,106511
13598,99079
87381,120396
31199,105169
30161,105151
461250,205756
103091,126816
1766180,489080
2183958,610029
421700,215653
8090,100095
8394,99387
7117,98452
9444,98885
9197,99471
7330,98492
12844,99097
9676,98258
10266,98733
33737,106321
14346,100290
86588,120283
31656,105191
30564,104718
459706,208526
104073,126335
1769526,496207
2179543,606178
416439,215473
8664,100337
8023,98647
7691,98929
9992,104248
8614,99229
6948,103193
12337,105265
9841,105231
14969,100717
35253,112291
13326,98751
88335,120089
31617,105898
29936,104136
467165,204538
102839,132399
1770885,491092
2164116,629145
422871,225407
8226,100837
8290,99452
6712,97984
9421,99169
8069,98108
7080,97548
13481,99647
9296,98695
10331,98791
34073,106544
13726,98834
86911,118881
31267,105004
30467,105040
458584,204698
103130,126354
1766019,495224
2161753,600343
419679,215141
8715,99673
8163,98687
7194,98595
9286,99089
8770,99210
7162,97829
13054,100803
9506,99125
10905,98840
33589,107959
13826,99793
87287,120751
31856,104771
30957,105215
458657,206127
104293,126908
1772014,495702
2186789,606271
418190,216097
8471,101127
8097,99603
7083,100434
9371,100174
8362,99066
7042,98607
12340,100268
9787,99404
15226,101063
35316,105607
14151,100640
86880,121597
31643,105686
30077,106027
459430,207171
103337,126081
1772332,489700
2174451,603218
427970,219561
8517,101548
8399,99685
6553,99479
9422,99958
8440,99427
6930,98908
12947,100213
9382,98706
9855,99088
34156,107122
12913,99555
87409,125458
35644,105204
29795,104911
464397,203972
102180,132444
1773429,494860
2167033,619474
421954,221839
8094,100726
8612,98731
7653,98961
9246,98472
8946,98308
7792,97389
13025,98873
9949,98296
10509,98459
34686,107279
14064,99904
87007,119585
31359,104671
31167,104243
460582,206100
104293,126804
1769716,496677
2167861,599170
421480,216076
8361,101015
8821,98946
7699,99987
10247,99455
9348,98276
7744,99306
13404,100655
10196,98966
15368,101516
34783,106609
13553,99619
88384,121327
32636,106106
29971,105309
461328,206059
102870,127558
1775024,485482
2176204,599814
425179,216085
10020,100772
8864,99473
7414,97939
9787,98225
9188,98514
7469,98470
12782,100762
9420,98384
10239,98685
34436,106447
13809,99087
86622,120686
31435,105386
30460,106443
456105,205173
103957,124842
1762300,486143
2190625,605846
418587,217779
7876,100827
8038,98878
6862,97813
9184,99285
8941,99327
7291,98650
18001,100610
9288,97657
10429,99001
33845,112175
13743,99634
86433,119741
31413,104911
30029,104586
463478,207067
103327,133062
1780538,491675
2175164,612810
419595,224452
8395,99446
7804,98962
7617,99192
9685,99550
8161,97872
8003,98085
13020,99691
9676,99693
14986,101347
34506,106697
13926,99867
87244,120204
31649,105534
29810,104616
458361,206638
102275,125728
1773531,487767
2174603,604053
425126,215924
8678,100846
8056,98778
7068,98327
9998,99104
9094,98613
7021,97973
12450,101016
9239,98209
10271,98546
34465,106458
13291,100587
85945,120290
30743,105180
30699,105266
460681,205718
103847,126127
1771334,483621
2194711,604715
422105,216565
8446,101540
7574,98586
7267,97848
8811,97605
8685,99606
7302,97585
12708,99678
9371,100139
10707,98325
33250,106940
13589,101438
85967,120066
31227,105006
30364,105650
461739,205762
103550,125716
1779200,481966
2181447,607508
419469,216898
7980,102087
7759,99692
7321,98953
9272,105721
8399,98780
7317,104432
13019,99090
9738,104665
15058,100694
35058,105305
13507,98747
88093,120568
31384,105552
29662,105105
468658,205890
102766,126208
1780562,488992
2159889,609927
422975,217590
8599,100847
7988,99392
6763,98046
9115,98916
8610,98105
7681,97741
12743,99590
9223,98232
15920,99767
29733,104308
13274,99109
87547,120654
30975,103031
31806,104682
454832,204608
104197,125231
1769680,487416
2157705,600260
419864,214195
8859,100582
7454,98712
7159,98796
9875,99754
8907,99546
7212,97936
12560,100690
8752,98918
14874,101858
34559,106977
13482,99313
86638,121939
30286,105613
30516,105040
459435,205616
104711,126428
1763097,483084
2171612,603260
418260,216023
8400,100142
7267,98964
6324,99074
9986,99547
9117,99331
7359,98488
13104,101490
8751,99462
15342,100677
34272,107864
13417,100230
86326,121110
30025,105866
30740,106151
458540,207264
103655,127346
1759883,485267
2181784,604277
416313,216989
8990,101083
7499,98676
7120,99765
9740,92334
8847,104211
6794,96799
13092,100109
9013,98558
15549,101028
34164,107242
13632,100708
87244,120957
31094,104594
30833,100751
457548,213342
103321,126219
1772589,491958
2164111,599636
419348,216825
8781,103081
8020,99688
7044,99012
9768,99684
9478,99744
7256,98360
13535,100735
9507,100105
15456,101438
34620,106787
13640,100335
87285,120780
30456,105448
30666,104151
456283,205689
103778,125174
1777927,486343
2165800,601553
418396,214892
9059,99206
8305,98501
7603,98101
9351,99959
9059,98237
7658,99182
13248,100599
9532,98174
15417,99878
34368,106908
13362,99457
86764,120553
30994,104337
30721,105080
458873,206098
104538,125997
1771417,486893
2187770,609226
415479,217134
8485,100557
7574,99032
7241,99751
9981,100729
9453,99134
7613,99307
12614,101585
8876,100804
15564,101831
34347,108082
13300,100217
87248,121086
30812,105410
31363,105866
460429,206116
103543,126461
1762442,489859
2187537,601739
417132,217300
8441,101380
8390,100157
7553,99715
9514,99787
9068,104500
7697,98290
12838,100098
9130,99453
15944,101646
34844,106718
13804,99068
87463,121738
31235,104504
30569,104723
460408,205401
104396,126526
1763336,483505
2164698,605780
417149,215359
8575,102221
7862,98693
7084,99064
9303,99298
9080,98393
7358,99365
12515,101129
9108,99417
15440,100885
34355,107812
14047,100791
87313,121342
30567,105332
31319,105891
459526,206176
103232,126873
1778951,489258
2187202,603443
416802,216476
8070,99990
7366,98863
7154,99823
9632,101487
8603,99825
7927,99335
13096,101269
9348,98415
15303,100982
34165,106779
13621,100697
86581,121480
31162,104388
30470,105291
456531,205304
103490,126987
1770532,487804
2187381,605794
418517,214815
9255,100657
7248,100124
6966,99397
9351,100654
9093,98770
7645,98898
13138,100189
9433,99607
15912,102095
34515,107938
14265,100719
86947,121579
30484,104940
37171,106837
461812,207106
104327,125754
1755602,490202
2177798,608962
428343,214521
8818,99579
7444,97480
7086,98742
8954,98504
9205,98568
7111,97311
12701,99050
9003,98610
15481,101264
34517,106374
13072,99231
86736,120958
30427,104675
30243,105215
458298,205723
103577,126931
1777801,498442
2160190,605500
418519,217230
9559,100062
7945,98905
7002,98826
9922,100668
9302,99843
7547,98069
13277,101040
9496,99633
15142,102071
34577,107362
13655,100826
87434,121168
30796,104355
30486,105884
459185,205989
103479,126046
1771464,502073
2184222,606695
417391,214906
8919,98795
7620,97268
7386,99250
10602,99512
9549,98923
7867,97101
12632,99235
9031,98460
15323,102273
34424,107358
13601,99772
87768,120208
30703,105344
31327,105206
460627,205111
104410,126443
1772586,488097
2171132,607282
416370,214985
8715,99850
7572,98510
7310,97324
9154,101050
9392,98800
7739,97008
12677,99094
9067,98510
15645,100939
34937,106627
13564,99989
87070,120510
30998,105314
30350,104151
462523,205233
104613,127020
1769989,486082
2158740,617992
429884,216271
8719,107925
8147,99091
7243,98168
10456,99053
9041,98279
7888,97545
13442,100640
9596,98928
15598,101090
35490,107312
13777,99409
86768,121106
31390,104796
31414,105763
458793,207172
103663,126902
1786288,488958
2159875,601945
419300,215894
8423,102546
7675,99779
7469,98933
10231,99834
9383,98693
8004,99163
13007,101284
9570,98416
15536,101484
35065,107404
13697,100455
87194,122025
30395,105953
30822,105825
454703,206671
103225,126155
1777935,499297
2174533,600662
418981,215743
8935,100847
8056,98037
7050,98912
10090,99049
8891,99203
7625,98635
12771,101056
8698,98612
15745,101216
34204,107608
13837,99170
87077,121083
30854,105928
31026,105762
458528,205893
104003,127092
1770087,484637
2181837,608877
415259,216882
8952,100604
8306,98278
7288,99572
9535,99751
9192,99551
7629,98531
12936,100534
9408,98936
14959,106262
34119,107237
13354,100553
92183,120998
30767,104777
30762,99806
466460,200121
103294,127704
1782098,486420
2160203,615067
428513,215656
8253,100619
7596,98715
7199,99059
9943,99729
9375,99870
7302,98307
12855,100786
8829,98660
15605,101069
33924,107225
13790,100613
86811,121839
30682,105281
31213,105936
460857,205328
103417,125309
1768694,488650
2163344,606398
416424,213347
8785,100237
7952,98313
7397,99090
10872,99100
8879,99281
7563,98464
12911,99992
9305,99552
15285,100669
34392,106227
13471,98475
87136,120849
30611,104793
30200,104568
459022,207364
103853,126376
1775281,498256
2191872,608290
419853,218928
8248,100584
7839,98901
7408,99435
10034,102154
8986,99098
7459,98176
13108,101328
9179,98918
15471,102313
34629,106237
13403,99457
87372,120845
30459,106055
30581,106178
459232,206489
103512,126105
1789227,485504
2189449,608925
417730,217345
8035,102221
7529,99733
6886,99438
9514,99949
9328,99570
13060,98619
12797,105958
9151,105171
15495,100554
34634,110858
13143,99162
86593,120775
30425,105244
30601,104390
464811,209892
104230,125659
1780640,488500
2178565,610880
419650,215606
7573,100537
7263,98310
6863,99246
9292,99474
8827,98563
7125,98304
12485,102024
8673,99069
14853,100906
35038,106498
13149,99773
86063,119961
30560,105114
30897,103927
462023,205799
103504,126066
1787204,485544
2168758,603932
417900,215524
8011,100389
7598,98507
6654,99027
9513,99729
8783,98426
7291,98676
12919,99761
8474,99308
15136,100715
34353,106798
13470,99606
86747,120850
30512,105651
31063,105984
465521,206320
103336,127523
1774564,485681
2182498,603766
414105,216050
8392,100688
7634,99696
6745,98799
9884,99282
8931,98827
7632,97612
12802,100222
9033,98658
15102,101122
35540,106593
13720,99767
87301,120962
30881,105728
30639,110748
461683,205820
103966,126014
1761303,493735
2166958,612573
433833,217048
14800,102532
7141,99446
6839,98520
9893,99387
9096,99397
7396,97508
12875,100447
9057,98674
15067,100573
34163,106874
13169,99963
86604,121035
30721,105491
31137,104372
457530,205948
104189,125992
1786459,491909
2163994,597802
418152,217862
8111,101637
7588,99341
6988,99595
9524,100491
8848,98791
7022,98687
12877,100896
9012,99123
14869,102382
34588,108055
13858,101890
86827,121185
30479,106571
30470,105728
460429,207300
103969,127990
1789396,497569
2194090,605933
415999,217020
9186,102059
7628,101100
6925,100748
10247,100366
8838,99915
7832,98658
12793,99714
9462,98899
15389,100406
35110,107641
13390,100825
86794,120878
31073,104608
30320,105143
464341,206523
104574,125846
1777357,488636
2164292,594954
413392,216416
7615,100434
7233,100671
7133,99643
9646,99424
9139,99233
7129,98328
12804,101125
9320,98432
15501,101189
34359,106927
13005,99462
87519,121386
30642,104812
30485,104665
455596,206890
103231,126291
1777764,481578
2178925,609489
417972,215008
8189,101065
7464,98720
7015,98017
9291,91504
9273,98776
7369,97949
12728,100044
9134,98153
15320,101248
34480,107146
13666,98528
86964,120414
30214,103892
30668,105503
455896,206364
103844,124977
1781079,492478
2165865,611046
420283,217203
9291,99910
8217,98408
7092,99726
10548,99306
9269,97985
8157,98567
12914,99947
9351,98604
15649,100178
34346,105735
13563,98805
87030,121152
30438,105092
30282,104561
460667,206541
104031,126261
1755143,494470
2181750,604575
416955,215945
7925,100889
7977,98644
6859,100072
9948,100215
9277,98663
7318,97358
13045,99834
8703,98511
15218,100864
34399,106163
13772,99914
87183,121646
30954,105381
30640,105045
462650,206980
104607,125855
1770044,490882
2184635,602548
416652,216302
8381,102563
7536,98976
6958,98844
9932,99179
8883,98131
7292,98212
12428,99728
8850,98972
15252,101297
34234,106607
13735,99668
86721,121425
30968,105294
31047,105081
459033,206353
105044,125842
1759557,491824
2177045,606181
414565,213441
9155,99700
8598,98453
7028,97955
9959,99577
8723,98544
7233,98487
12685,100414
9565,98329
15109,106584
34817,106747
13665,101057
87715,120834
30434,106057
30775,103847
454552,206375
102754,125865
1744147,486420
2174862,612702
429767,216257
7845,99281
7145,101927
7069,103573
9559,92635
9038,97146
7482,97340
12902,98991
8889,97445
15249,99478
34561,105137
13569,97469
86210,120218
30190,104471
30316,104588
460771,205107
104358,125066
1775205,489291
2164197,606833
419336,212190
7487,100279
7213,98662
6592,97903
9503,99219
9008,98211
7170,97953
12371,98770
8877,98217
15426,99974
34233,107067
13575,99356
86690,120981
30883,104099
30707,104506
457686,205089
104575,126020
1764664,486095
2164044,598192
419554,213708
8066,101421
7390,97840
7751,98107
9632,98695
9383,98288
8082,98546
13423,100524
8826,99028
15432,102297
34780,106885
13679,99865
87136,120809
30421,105594
31780,106228
461282,205678
104272,127562
1754182,490833
2178063,601953
417450,215582
7901,100074
7504,98731
7135,98186
9353,99959
8848,98757
7132,97950
12234,100514
8776,98728
15100,100795
34491,107278
13141,99149
86630,121379
30615,105098
30406,105600
454897,204693
104112,125153
1773994,489276
2178483,606168
420000,213819
8398,100265
8071,99333
7006,100082
9880,99324
8949,98437
7169,97851
12596,100816
9437,98662
15147,100866
34250,106677
13478,100260
87268,119903
30390,105458
31276,110269
459597,206113
104216,126388
1748168,488077
2161282,609926
431888,215963
7825,100170
6989,104190
7163,104640
9450,98920
9268,98661
7727,97549
12732,100099
9469,98357
15500,100458
35068,107332
13739,99006
87084,120715
30775,104415
30411,104566
457054,205829
103308,125666
1765139,487193
2166765,601977
416193,216280
8635,99506
7789,98846
7122,97865
9904,99088
8548,99502
7379,97241
12717,99440
9551,98109
15389,99744
35062,105949
13927,99303
88175,120124
30904,104750
30832,104925
459036,206168
104002,125728
1768376,484650
2175590,605471
420567,216107
8546,100053
7555,99207
7235,98422
9711,100468
8633,98349
7357,97914
12804,100288
8813,98679
15353,100572
34591,107176
13720,99541
86345,120954
31432,105271
30425,105584
455610,205515
104171,126401
1780464,486031
2186837,606951
424506,215995
8679,99755
8656,99251
7340,98708
10247,98969
9094,99111
7059,98311
13090,101551
9459,99581
10706,99363
34086,107315
14242,101074
86593,121103
31720,106061
31072,106015
456622,205560
103046,127577
1758675,488664
2180301,605112
422419,215494
8308,102592
7970,99191
6982,98805
8995,99735
9301,99348
7449,98405
13454,100372
9551,98715
10187,99445
33473,106998
13727,100450
86353,121243
31323,105561
30309,105621
460348,206369
104282,127389
1777620,489906
2171344,617032
430466,216452
8642,101822
7916,105313
7630,104752
10387,98816
9283,98113
7751,97852
13193,100104
9485,99129
15150,100416
34640,106854
13966,102748
88043,120156
32134,105561
29809,105502
461192,206266
102879,127155
1774039,489999
2163456,599024
424344,215840
8487,100224
8027,98721
7235,97645
9248,100120
9218,98504
7281,97952
13234,100550
9596,98692
10021,98617
34004,106694
13542,99241
86966,120572
31366,105031
30343,104905
454003,206569
104208,126484
1770530,492828
2152438,601803
423729,215834
8188,99752
8164,98634
6983,98148
9103,99845
8865,98516
7348,98094
12996,99589
9438,98197
10385,99337
34303,105437
14249,99186
87548,119325
31794,103554
30383,103807
456292,205332
103772,126277
1779933,496024
2192087,614730
419815,214658
8025,99078
7837,91577
7770,97967
10524,98661
9254,98798
7361,97205
13235,98957
9910,97751
14662,99876
34315,106727
13654,98566
87921,120186
31807,104895
29975,104604
460811,205857
103563,125800
1759948,482406
2175037,605451
424007,217118
8680,101093
8118,98934
6894,98631
9458,100299
8839,98473
7665,98392
12996,101292
9287,98102
9727,98958
34136,105989
13074,98921
87507,120905
31436,109587
29834,104550
468192,206689
109030,127256
1763817,486405
2169485,613145
426419,224690
8184,100139
8045,98307
7329,97760
9199,99300
9473,98589
7396,98383
13216,100705
9435,98585
10352,99379
33886,107117
13812,100032
87511,120334
31698,104959
30756,105308
458477,205485
103977,125305
1783308,487098
2168426,601816
419187,216738
8186,100895
7931,100198
7464,99290
9964,100564
9127,98037
7718,97608
12792,100267
9550,98856
15420,102034
34535,106963
13394,100663
87557,121158
32070,106084
31245,105437
462441,204780
103462,126149
1780483,498987
2171032,595553
425537,216872
9089,100489
8194,99629
6586,99429
9524,99674
8312,97405
7865,98798
13218,100164
9603,98531
10486,98140
34805,106548
13790,99692
86990,119708
31506,105111
30606,105104
459073,205816
103634,126666
1774186,488655
2187699,612417
429058,213810
8123,100721
8102,99250
7071,99518
9648,98486
9030,98874
7436,97406
12620,99861
9431,98896
10383,99583
33809,94924
13947,100028
86496,119559
31103,104739
30788,104179
459628,205734
104110,126148
1776672,487560
2183428,601904
414614,217581
8478,102362
8864,99585
7396,98346
9164,99404
8696,109515
7094,98229
12858,100546
10326,98497
15718,100229
34259,106326
14037,99974
86694,120637
31688,105407
30024,104858
455859,213455
102035,126371
1771795,479244
2135809,602777
419353,214003
8774,100026
8252,97325
6982,98105
9643,98539
8943,98594
7005,98417
13047,99502
9079,97799
10253,98739
33741,107459
13031,98333
85044,119985
30753,106013
29555,104707
456969,204099
102383,125950
1766507,486396
2147487,597999
419931,217549
8460,100812
7845,99771
6758,99163
9467,98646
8861,99498
7324,98519
12485,100207
9461,98403
10221,98535
33412,106619
13709,100276
85852,119639
31458,106257
30043,105937
455846,205682
102638,125649
1781151,487978
2161435,595785
415801,216635
8373,100424
8046,99420
7270,99032
9418,99311
8850,99481
7479,99363
12997,99963
9491,99690
15382,100716
34173,106539
13623,101361
86060,120374
32428,107876
29810,105041
452569,205149
101755,127651
1756817,485059
2167430,604335
418386,216267
8078,100402
7991,100355
7426,99507
9504,99357
8561,98877
6952,96897
13294,100657
9561,98385
10793,99232
34265,107413
13595,100427
85568,119129
30792,104436
29846,105300
454256,215315
102020,126284
1763226,484439
2154560,603552
420509,213604
7941,99734
9620,99142
7388,97515
9982,99240
8505,98144
7109,98081
12923,99816
9272,98778
10425,98280
33373,104902
13551,100133
85391,120064
30830,104843
29795,103798
454382,205397
102516,124832
1784920,484647
2153475,600810
411936,215891
8082,101608
7813,100427
7839,99208
9444,100110
8637,98392
7364,99727
12143,100458
9624,99939
14840,101593
33678,107254
13532,99262
86820,120422
31975,106258
29989,105562
454324,207167
101341,128047
1768537,485086
2172417,598369
419999,217002
8864,100686
8674,99356
6893,98988
9288,99480
8634,98596
6902,98835
12465,100278
8693,98941
10128,99949
34588,107551
13530,99983
87020,120057
31904,104455
29972,105050
456648,204857
102212,126056
1762452,486681
2158707,595337
433205,213614
8366,101250
8505,104263
7059,102854
9054,97892
8968,97673
7738,96686
12597,98753
9254,97591
10367,97913
33611,105960
13170,98662
86117,120019
31392,104190
30184,104790
458515,205512
102742,124619
1793430,488704
2152990,599678
419006,214539
7882,99747
8128,98340
7342,97955
9258,98487
8301,97272
7106,97885
12132,99814
9712,99133
15654,101836
34305,105327
13769,99083
87099,120618
31798,105451
29922,104625
461465,204589
102685,125651
1766337,499427
2177940,602259
424276,217619
8867,100881
8698,99577
7131,97444
9136,99769
9711,98110
7645,98362
13335,100448
9347,99668
10703,100713
34581,107530
13533,99934
88279,120714
31787,106496
30597,105989
457913,206244
103492,125119
1784031,490492
2190379,605104
428667,218065
9016,99726
8483,99061
7233,98910
9744,100336
9412,99436
7661,99192
13082,100368
9251,99162
10540,99812
34326,106945
14496,100613
87340,121585
31997,104403
31266,104516
467733,205878
103921,125929
1783415,483441
2163111,616968
427413,216479
8552,107655
7975,98154
7373,97812
9295,99040
8593,98911
7611,97826
13562,99143
9920,99284
14969,101685
34686,107342
13963,99731
87810,120391
31897,106583
29896,105530
462706,206544
103207,126449
1785448,484465
2171044,600746
428018,217855
8645,99763
9239,99171
6684,98119
9585,99178
8746,98118
7237,97866
12709,99291
9289,98299
10222,98897
34351,106007
13202,99623
87693,119714
31114,105027
30638,105282
459048,205697
102631,125839
1773979,499792
2189107,604146
428010,215650
7703,100729
8251,98437
6788,98482
9204,100671
8852,99271
7077,97598
13054,99357
8906,98770
11031,99464
34142,106631
13985,99480
87148,120842
31270,104730
30450,105697
457176,206196
103659,126294
1782222,490565
2185834,605046
416339,213419
8730,101573
8871,99593
7362,99423
9689,99427
8575,98415
7088,98664
12435,100003
9683,99503
15206,100427
40619,106878
13289,99378
87964,121387
31593,111505
29330,104852
467087,204243
102112,133094
1778712,485570
2149827,610445
422496,221671
8078,99538
8401,99316
7272,97359
10100,99449
9394,97902
6979,97783
12668,100048
9409,98624
10586,100213
34153,106508
13256,99456
86414,120218
30790,104381
30072,105630
455298,205095
103428,126218
1771235,488625
2152216,598281
421180,214313
9751,99848
8201,98350
7265,99017
9367,99412
8826,99075
7907,98262
12955,99610
9199,98766
10808,100045
33517,105906
13475,100454
86052,119759
31582,105756
30076,103960
457938,204376
103156,128014
1778758,482781
2162387,597881
415889,216004
8223,101249
7690,98497
6893,99060
9306,99693
8594,98727
7028,98070
12355,99969
9634,98819
15179,100875
34025,106770
13882,98938
86152,120322
31039,104816
29649,105026
454394,204841
102624,125528
1770873,481628
2170693,603817
431761,216784
8744,99293
8116,98714
6903,97783
9546,98283
9199,97873
6697,97067
12527,99552
9129,98245
9944,98900
33920,105659
13119,98343
85633,119074
30805,104854
29953,104067
455072,206619
101968,125529
1778045,485308
2158473,595683
425680,216629
8348,100140
7910,97819
6858,97853
9045,99174
8976,97898
7559,98342
12904,99281
9411,97945
10186,98504
33735,106795
13983,100236
85604,120864
30995,104278
30190,104228
456857,205464
102977,125672
1780997,508130
2168646,607600
412942,214882
8966,100426
8273,98153
7271,98896
9526,99563
8825,98541
7035,97152
12478,98729
9917,98588
15490,100452
34435,105859
13462,98836
87027,119612
31474,105613
30205,105260
456727,204317
102509,125424
1759004,481137
2161701,601123
419667,216021
8359,101554
7913,99358
7167,97486
9970,98304
8491,97635
7025,97646
12904,99453
9288,99677
10585,98367
33744,106609
14102,99497
85656,119968
30858,103913
30412,105203
455515,204419
103364,126147
1749683,487402
2151848,599020
417522,218090
8224,100098
8114,98645
6980,98168
9098,98063
9044,99298
7126,97089
12117,99063
9982,97859
10443,98110
34368,104853
13945,99552
86428,119272
31927,105105
30467,104706
462859,204446
103105,131120
1767432,486396
2155689,613970
415991,219742
8057,99952
8237,98172
7046,98374
9554,99611
8698,98717
8050,98308
13110,100184
9680,98404
15182,100578
34233,106105
13523,99782
86205,119253
31205,105312
29721,104277
457665,204017
101555,125800
1775872,492253
2147090,607783
420037,215222
8278,98960
7661,99718
6896,98746
9327,98789
9120,97063
6875,97655
13388,100469
9771,98180
10614,98403
34869,105868
13899,99850
85297,119932
30820,105071
29659,104285
454114,206592
102826,126259
1764112,490608
2137173,599589
419813,215163
8703,100948
8501,98901
7381,97768
9649,99433
8840,98564
7372,98109
12905,98906
9289,99219
10604,99127
34102,106288
14423,100585
86342,121011
31454,105134
30085,105286
453540,204930
103740,125289
1777842,494240
2160303,603106
413953,215440
8360,99905
8958,98779
7117,97362
9569,99193
8508,98005
7620,97566
13186,99198
10134,98581
15043,100218
33767,106009
13601,99282
85517,119404
30946,104656
30061,103715
457276,204303
102185,125724
1771400,482982
2155338,601738
418274,214237
9096,101791
8373,98055
7194,97426
9512,99423
8622,97599
7374,97515
13807,100092
9490,98221
9918,98701
34356,107001
13875,99240
86871,120624
31143,104534
29884,110124
456146,205238
102933,126342
1758448,485582
2146452,606510
430822,214066
8049,98999
8113,97921
7195,98061
9915,98149
8590,97899
7218,96980
12792,99294
9016,98141
10587,98326
33723,105573
13810,98986
85596,119080
31241,103970
30383,103843
454208,203932
102804,125645
1765442,487628
2136520,597849
413945,215407
8686,100604
8743,98615
7558,98628
10055,99046
8425,98538
7498,98868
12534,99740
10122,97999
15369,101008
34302,106850
14519,98626
86997,120819
32444,104919
29274,104637
457365,205663
102448,126130
1771645,488677
2130509,597823
421854,216097
8511,99652
7914,99604
6495,98654
9237,99047
8578,98558
6898,97797
12414,99616
9715,98155
10215,99060
33609,106333
13200,100004
86145,120767
31011,105406
30038,104560
454324,205312
102543,128208
1762588,485892
2152929,604199
418735,217203
7702,100660
8879,99257
6904,99509
9973,99216
9401,98631
7641,98313
12891,100290
9622,97829
10986,99934
33632,105889
13838,100260
85527,120595
31412,104607
30277,105158
455283,204761
103619,126175
1765304,485421
2154422,598930
410619,216992
8038,101614
8236,98908
7338,98191
9758,101114
8409,103777
7204,97924
12696,99229
9690,98169
15199,100526
34574,105886
13740,99368
86547,119960
31734,104551
29857,103880
456372,204795
101976,125750
1769309,486457
2141969,598266
420724,213661
8437,99913
8161,98786
6550,98290
9550,98954
8127,97611
6913,97136
12508,99605
9302,98727
10290,99149
34062,105428
13464,99738
85459,118987
31619,104196
29732,103909
456844,207193
102418,124647
1770394,486552
2166534,605091
418962,216969
8690,102012
8698,99718
7287,98516
8891,99376
8823,99073
7217,99274
12651,100937
9886,98061
10405,98808
33976,106733
13717,100320
85853,121315
30804,105427
30433,105432
456790,205719
102632,125517
1759380,483390
2157847,604167
415662,214674
8074,100158
7811,99319
6937,98178
9460,99190
8418,98934
7493,98399
12487,98987
9467,99323
15208,100908
34017,106815
13675,99864
86703,119727
31630,107448
29749,105355
454049,206710
102606,125936
1751556,485622
2152051,609025
429753,217940
9051,99401
8207,107020
6607,103323
9520,99714
8600,98986
7423,98308
12600,100578
8966,99590
10134,99559
34071,106197
13557,99836
85572,120334
31093,105989
30307,106452
455031,204304
102701,125931
1769061,489443
2152148,607453
421184,214453
7945,100993
7931,98627
6828,98391
8984,98537
8788,99012
7589,98122
13319,100786
8910,99443
10492,98622
33187,107451
14009,99976
86461,120036
31670,105316
30329,106263
456562,205335
102591,126222
1779753,506997
2173646,601635
412736,211492
8205,100866
8733,98734
7788,98387
9578,99472
8871,98842
7330,97743
13029,100825
10401,100031
15662,101498
34669,106122
13560,100527
87356,121580
31259,106763
29896,105973
452418,205112
101368,127299
1768513,484343
2155383,603761
418415,213569
8415,100394
7831,99122
7167,99082
9633,98502
8887,98695
7257,97810
13028,94999
9932,98227
10462,103891
33785,107105
13171,99808
92330,120184
31354,105223
30456,104728
464184,206123
102270,124874
1762162,488068
2161719,610724
427149,215366
8279,100788
8012,98477
6876,97903
10023,97954
9106,99610
7155,98270
13683,99567
9564,98770
10957,98403
33570,106566
14277,99492
85712,119464
30814,103662
30414,103917
459928,204581
102269,125413
1772881,482438
2138700,597013
414517,215981
9316,101954
8524,98795
7866,98423
10033,99126
9446,98699
7838,98144
13181,100216
9642,98931
15309,100827
34798,106276
13849,99733
86810,119600
31355,105671
29725,105622
456614,205360
102219,127159
1758767,484781
2155091,606124
418524,215932
8711,100911
7917,99767
6660,99629
9271,99526
8201,99714
7332,98167
12638,101254
8995,98922
10021,101059
33893,106438
13728,99627
85614,119901
30601,106008
29483,106767
455461,206665
102311,125761
1775787,487440
2172505,599277
420674,217483
8250,101879
7840,99778
6914,98569
8589,99375
13824,98657
7441,98862
12852,99533
9748,98620
10315,98015
33730,106354
13925,100779
85863,119910
31325,105292
30490,105328
456196,205031
103253,124914
1771351,483360
2160621,601606
414286,214163
8242,99478
7956,100114
7262,98594
9469,99537
8728,99015
7336,99208
12706,100111
9554,98758
14814,100584
34056,107042
13471,99073
86267,120666
31241,105688
29776,105062
458687,205076
101934,125075
1766144,494328
2169125,605690
419004,215964
8567,99326
8279,97491
6831,97412
9323,98763
8300,97592
6703,97805
12436,100959
9576,97825
16291,99931
29357,104890
13730,98356
86905,119957
30904,103291
31785,105605
453634,205598
103456,126530
1770337,484218
2169781,599607
413368,214866
8581,101355
7666,99366
7203,99765
9723,99697
9205,99636
7746,98482
12733,100003
8972,98540
14981,101960
33699,106939
13254,99757
85594,121578
29949,106245
30441,104416
455490,204626
102493,126479
1766370,490984
2161882,609576
421485,215828
7587,100338
7366,99289
6832,100690
8878,100234
8499,99887
7353,98354
13106,100825
8568,100250
14717,101370
33835,107295
13128,100192
85581,120928
29715,106057
30160,105374
457342,205216
102523,125604
1768729,489134
2163940,606261
412490,216548
8768,100223
8256,98843
7002,98504
9259,99468
8991,98254
7151,98142
12986,100299
9171,98563
15253,101075
34236,105951
13511,99801
86100,120885
30467,104718
30336,104751
459390,205182
102871,125185
1769214,491719
2176746,601997
414419,213512
8437,100689
8020,97843
6753,98479
9300,100151
8804,98426
7264,97457
13299,100491
8853,99063
15056,100510
34273,107411
14134,99109
85407,120223
30307,104895
30167,104514
456965,204494
102287,126499
1762140,485056
2171082,599788
412616,217422
8501,101207
7229,99137
7171,100853
9513,99504
8995,100197
7070,98428
13079,99981
8892,98011
15393,100330
34419,106295
13359,98591
87444,120954
30806,104065
30766,104247
460533,206742
104261,125142
1785473,484390
2179267,609127
416776,213607
8103,102094
7477,98894
6713,98662
9706,98706
8733,98044
7457,97234
13108,100045
9641,98478
15199,100524
33797,107557
13344,99924
86710,119885
30873,104537
30870,106557
459829,205993
104093,126837
1776477,495563
2174896,597325
415243,215157
8325,99956
7790,99093
7446,99346
9852,100655
8652,98884
7182,96940
12487,100671
8791,100339
15365,101286
34427,106745
13524,100362
87806,121029
30986,105607
30787,104484
459185,206065
104123,126545
1779652,490367
2184368,610206
416477,215361
8414,101759
7752,98273
6975,100271
9830,99893
8938,100003
7545,99343
12659,100553
9334,99985
14801,106208
34595,107825
13445,99805
91299,121771
30488,106156
30209,105926
470289,205467
104844,127084
1777033,487752
2167905,612588
419380,221192
8423,99813
7517,98636
7117,98415
9360,98892
8996,99901
7060,99247
12830,99756
8717,98283
15196,100899
34486,106966
13185,100344
86525,121303
30313,105213
30236,104474
460391,206881
104222,126819
1783592,489356
2162356,601027
416287,215299
8321,101312
7566,98498
6984,98789
9636,98802
9656,98815
7831,97818
12902,99941
9300,98770
15935,101140
34052,106480
12968,98970
86961,121493
30595,105111
31212,105293
459788,206077
103493,126107
1781929,487807
2181490,610682
415722,215724
8059,100465
7514,98676
6884,99445
9676,99057
8599,98909
7213,98437
12920,100285
8797,98813
15218,100719
34020,96668
13106,98995
86194,121883
30381,105841
31005,104790
460165,206947
103901,125762
1771637,484025
2186078,598595
415339,215113
7885,99884
7883,98764
7665,98051
9599,100006
9270,98525
7260,97430
13106,99285
8910,98113
15017,99151
34565,107761
13856,99633
87082,120281
30948,104510
30378,105192
460003,205286
104007,125765
1792929,490205
2165054,600137
417762,213898
8605,101054
7813,98175
6672,98691
9636,99694
8849,98530
7099,97711
12713,100432
8629,98704
15644,102009
34609,105901
13664,99703
87347,120233
30677,105093
30298,106106
459395,206190
103721,125974
1782879,500122
2190653,601944
415885,215945
8161,101119
7590,98874
7084,100120
9594,99543
8927,99042
7027,97618
12822,100128
8991,99263
15548,101117
34593,106638
13940,100265
87071,120577
31041,105079
30634,104904
458485,205757
104202,125785
1774531,488690
2185413,600258
417294,215579
8612,100462
7658,99996
7485,100121
9372,101031
8788,100375
7629,99320
12687,101834
9412,100564
15899,101587
34430,106782
13602,99479
87476,120953
31137,110535
30906,105764
467782,207086
104421,133236
1774372,491020
2171601,614458
421053,222543
8573,102452
8197,99370
6685,98640
9773,98803
9626,99285
6894,97975
12881,101007
9167,100087
15507,101513
33784,107180
13085,101334
86750,122570
30471,105178
30456,105156
458411,205890
103892,126100
1781529,485302
2167346,599424
423262,217361
7972,100042
7534,99578
7739,99919
9873,99648
8583,99634
7388,98495
12822,102083
8876,99413
15086,101957
33966,107736
13229,100790
87410,121720
30768,106399
30960,106037
460082,205204
104180,128466
1774146,484494
2192695,608362
416737,215847
7729,99981
7317,98823
7018,97874
9565,99311
8656,99781
7057,99337
12519,99700
8903,99067
15042,100204
34339,106653
13627,99744
87129,121974
31020,105079
31191,105624
460942,207566
103868,127498
1767692,490561
2190539,603384
414679,215301
8213,101335
7581,99745
7108,100083
9894,99279
8831,98965
7007,97993
13382,100269
8961,98420
15531,101073
33834,106675
13273,100278
86513,121219
30772,104369
30493,104423
455920,205590
104213,125324
1781467,484077
2170331,606047
416086,216741
8631,101099
7365,99007
6953,99380
9487,99064
8942,99415
7298,98147
12706,101174
9018,98562
15028,101820
33744,108210
13631,100056
86588,122436
30373,105591
30969,106080
458431,206273
103531,125144
1772155,497384
2188552,609471
415668,213347
9322,99942
7528,99244
6790,98191
9724,100017
8847,98428
7162,98048
12755,100121
8934,98390
15113,100620
34340,106415
13583,99987
87314,121331
30701,104516
31966,105263
461057,206330
104152,126275
1774713,489111
2188898,605052
413924,216057
8095,101519
7364,99168
6765,99083
9615,100283
8971,99444
7222,99509
12990,105330
9020,99554
15032,100254
34136,111961
13131,98588
86646,121113
30064,104650
30747,105209
463537,206593
103589,125475
1776257,493361
2172556,613358
419419,214978
8160,100684
8195,98457
6937,98571
10428,97973
9102,98915
7613,98061
13904,99682
8789,98035
15257,101208
34930,106725
13121,99823
86831,121476
30410,105055
30963,106289
457699,205790
104036,126938
1775811,489856
2169593,605525
413776,213928
8638,100798
8340,99958
6643,99444
9759,99901
9203,99067
7620,99191
12613,101030
8614,98801
15113,100439
34207,106887
13660,99956
87578,121015
30924,104906
31438,104693
459129,205712
103918,127073
1763755,482194
2175059,605106
417390,215481
8085,100785
7805,98238
6888,98969
9318,100069
9029,98446
7133,98551
12681,100611
8917,98766
14892,101787
34900,107139
13425,99913
93080,120330
30767,105807
30930,104764
468365,207250
104180,127537
1773213,487508
2161191,609254
423820,216556
7091,100964
7755,99010
6887,98489
9167,99691
8872,98032
7445,98631
13134,99323
8701,98908
14984,100980
33893,107177
13608,99574
86436,119780
30631,104687
30516,104496
456979,205602
103623,126669
1774676,489415
2154809,604757
416204,214660
9171,99658
7802,98448
7195,99195
10126,99700
8720,98093
7600,98218
13156,99797
9440,97441
15302,101367
34235,106087
13705,99833
87080,121351
30463,105657
30435,104459
460212,205498
104570,126720
1773397,488267
2175900,609434
420586,214733
8474,100922
7982,99010
7202,98176
9568,99590
8799,98599
7570,98116
12619,100372
8880,99661
15674,100688
34449,106673
13486,100817
86732,121341
30600,105159
30528,104897
461163,206490
103515,126545
1767887,489386
2170327,607128
428237,217159
8335,100106
7388,103512
7216,103219
10189,98763
9358,98888
7627,97695
13173,100703
9933,98595
15542,101145
35141,106765
13845,100587
87498,120731
30840,105074
30781,104792
460146,207338
104045,125589
1776624,483145
2183922,607768
418737,214997
8262,101369
8283,100560
7437,99297
9835,100152
9188,100162
7664,98236
13317,100428
9013,98734
15384,101590
34097,106009
13706,100316
87656,122648
30511,104860
31229,104806
459451,206347
104091,126051
1780495,486947
2164272,607347
418445,216361
8031,100026
7248,97903
6939,98986
9900,99548
8912,99463
7689,97489
12628,100971
8968,98751
15336,101549
34901,107672
13871,100481
87186,122079
30759,104955
30990,105650
462603,205402
104119,126688
1768625,496518
2175498,607654
416867,213863
8305,100550
7656,98245
7323,98935
9536,98978
9446,98942
7132,98408
13589,99024
9391,97398
14945,100274
34616,106696
13715,98907
86508,120297
30716,105542
30971,105242
459230,207303
105021,126453
1768759,485864
2182271,605750
419391,215939
8350,98985
7783,98593
6752,99498
9686,100488
8727,100988
7547,98315
13705,100705
8992,99151
15297,100226
34645,107407
14337,99873
86796,120944
30441,105379
30913,104599
456801,207192
103641,125777
1757227,487494
2187305,605946
416274,217307
8362,100351
8168,100185
6998,98874
9800,100359
9145,99748
7264,98307
12936,100321
9606,99021
15027,100609
35122,108144
13166,99462
86833,126219
30873,106098
30708,104726
469387,207084
104255,128129
1761318,493403
2166359,613787
425963,216697
8680,99598
8049,98548
7786,99285
10126,99343
8903,98662
7548,97817
13770,100526
8834,99025
15672,100735
34401,106756
13471,100171
86882,120557
30959,104977
30619,104704
454542,206736
104420,126745
1782571,487095
2168701,608305
421717,215106
8585,100807
8385,98572
6917,99720
10396,100006
9075,99413
7462,98730
13040,100839
9267,99306
15490,101984
34608,107252
13792,99965
87331,120481
30807,105067
31137,106170
460903,206480
103430,127372
1766549,492649
2167973,602634
419079,215879
9256,100010
7802,97938
7135,98214
9324,98590
8614,98888
7154,96910
12376,100288
9459,97908
15303,100047
34390,106461
13559,99018
86367,121072
30779,103996
30797,104760
457873,204706
104406,125389
1754847,494105
2165478,605130
416450,216194
8595,100429
8082,98186
7544,98664
9332,99615
9213,99307
8021,98895
13234,99924
9101,99201
15943,101366
34063,107569
12859,99912
86801,121123
30952,105373
30556,106202
458918,206170
104779,126040
1770448,485798
2176314,605933
418833,214069
8584,99707
7679,98647
6895,98812
9759,99160
8997,98724
7535,97468
12551,100896
8863,98876
15134,100485
33723,105992
13258,100631
86631,120732
30716,104857
36368,104258
458473,205792
104029,126730
1762706,484464
2181593,607062
424188,215124
8419,101968
7478,100150
7457,98859
9679,99434
9151,98806
7555,97988
13214,99654
9178,98675
15173,100749
34517,106619
13360,99077
86999,120865
30432,105589
30469,105042
456785,212419
103726,126634
1774210,487125
2151361,601365
416327,213924
8015,98476
7472,98724
7298,99071
9443,100235
9015,99111
7853,97119
13175,100080
8823,97970
15121,100877
34258,105966
13146,99331
87145,119615
30576,106301
31043,105632
458232,205524
103891,127226
1776163,487218
2170817,603799
416856,214773
8255,101040
7350,98408
6831,98376
9450,98793
9313,99030
7491,98148
12759,100627
8941,98783
15213,100133
34757,107680
13500,99537
87003,119704
31368,105642
30347,105618
464775,205399
104435,126310
1762243,485258
2186748,594827
427797,216776
8412,100510
8189,99137
7443,98975
9570,99538
8695,98311
7274,97895
13241,100050
9129,98181
9880,99404
34323,107148
14039,99470
87537,121718
31106,105126
30054,105449
456748,205936
102646,127615
1756799,496109
2186758,609963
425422,216170
8394,100509
8460,99099
6911,98432
9243,99093
8910,97980
7197,98369
12433,100086
9227,98605
10653,99170
33936,106539
13723,99549
86384,120439
31125,105283
30135,109843
458064,205919
104641,126883
1771130,489205
2172571,602957
426574,216316
8345,101232
8027,106057
7429,99823
9116,99743
8554,97529
7328,97660
12601,99912
9648,99132
14987,101496
34666,107646
14226,99147
88374,120187
32216,105159
30461,105334
461275,211355
102777,125191
1779724,489266
2162971,603627
428400,216424
8442,100874
8458,98604
6862,98126
9990,99234
8542,98981
7006,98672
13275,100178
9750,98922
10872,98036
34208,106337
13639,99225
86682,120433
32045,104622
30064,104721
454811,206561
102941,127180
1786246,487168
2166187,608216
422311,217089
8165,101111
8343,98853
6846,98961
9273,98599
8611,98247
7188,97632
12996,100172
9575,99194
10800,99415
34229,105816
14399,99877
87337,120740
31989,105083
30174,104783
456136,205204
103757,125740
1765315,502056
2169311,607498
418572,215423
7870,100309
7961,98965
7200,99688
9677,99482
8482,98392
7315,98053
13043,100139
9689,98673
15008,100928
34339,107372
13108,99182
87441,120964
31582,105333
30063,105954
458385,204817
102974,126286
1780222,486017
2171735,609940
426812,217139
9221,100627
8492,99533
7798,99064
9744,100359
8875,98581
6958,98214
12692,100300
9648,98870
9747,98177
34480,108130
13372,99578
87281,120388
31727,106217
29813,105152
456166,206176
104006,127694
1760716,486799
2177360,606276
423618,215049
7942,101609
8958,100495
7253,99016
8936,98737
9305,99741
7067,98169
12983,99746
9197,98651
10575,98679
33404,106151
14085,99367
86574,121564
31218,104331
30401,105139
467176,205501
104093,125533
1772381,487188
2159011,613065
420127,219415
9465,101622
8627,98333
6875,97778
9207,99361
9126,98955
7331,97842
12634,98961
9662,98169
15085,100579
34805,106856
13442,99829
87116,120181
31684,105557
29495,104313
459437,205643
102581,125654
1787423,486665
2161913,612861
424169,215414
8218,98902
8223,99172
6653,97546
9309,98336
8063,97049
7351,97562
12628,98298
9431,97147
10012,98264
34587,106293
13754,99186
86721,119426
31103,102976
29583,104110
458462,204953
103527,124848
1762720,500017
2170834,605996
424284,217474
7720,99436
7763,99427
7217,98703
9004,98534
8536,97534
7692,98307
12694,100427
9940,97978
10352,98357
33571,106189
13711,99654
86809,120262
31485,105560
29940,103837
458130,205187
104476,125882
1787590,486183
2158298,606214
416062,216104
8036,100520
8312,100689
7317,99160
9476,99938
8258,99347
7411,98834
12634,99539
9986,99829
15368,101491
34481,108421
13339,98982
88100,121438
31958,105217
30351,104716
462758,205898
103908,126026
1771098,490451
2180478,605953
421165,218554
9382,99686
8634,99018
7438,98372
9415,99223
8352,98704
7338,98771
13254,100620
9509,98066
10094,99490
34629,106286
13045,105913
91309,121104
31278,105724
29678,104119
467274,206825
102636,129241
1773573,491366
2180632,619192
429054,215650
7943,106986
8167,98686
6631,98541
8920,98200
9195,99084
7736,97708
12986,99858
9410,98218
10327,98658
33615,105438
14216,99849
86491,120575
31528,104871
30098,105330
456190,204165
104388,123832
1773050,482499
2157043,605699
417571,215040
7936,100704
7676,99051
7192,97844
9171,98719
8318,98324
7184,98438
13042,99175
9913,99224
15398,100842
35072,106554
13809,98759
87007,120973
31189,105274
30025,105047
459875,207422
102870,125916
1765034,502954
2164699,606521
424482,217918
8529,100578
8080,98981
7285,97983
9262,100017
8687,98256
6890,96880
13057,100157
9768,98701
10471,98668
34691,106641
14304,99771
86628,121354
31205,104740
30158,105218
457435,206682
103210,125026
1776678,489516
2186297,599893
425020,217960
8544,100021
8075,99099
7424,98361
9016,99063
8912,99288
6924,97475
12710,100373
9423,99068
11292,99797
34577,107470
14217,100811
87496,120953
32107,104922
30244,104278
459888,206964
103193,127090
1782064,488064
2180462,613795
431539,215955
7779,109214
8127,98701
7159,99392
9129,99748
8391,97997
7021,97331
12616,100080
9737,98861
14983,100773
34331,107336
13842,99640
87891,120451
31761,105265
29513,105048
455035,205993
103445,125319
1789807,488586
2170429,601452
424128,218906
8533,99705
8386,98728
6722,98359
9699,100245
8537,99014
7134,97651
12740,100174
8945,98327
10205,99160
34590,107371
13690,100160
88385,121102
31991,105227
30073,105125
461387,205937
103243,126590
1769598,498162
2194716,604769
425374,218462
8140,100312
8509,98228
7231,98395
9555,98442
9220,98132
7628,97625
12695,99092
9682,98943
10904,101225
34019,106996
13592,99047
87358,120059
31966,105324
30283,104784
456619,207185
104340,125032
1790354,491493
2187167,607382
417763,213354
8180,101712
8121,99414
7457,97582
9735,100192
8728,97896
7203,97285
12419,99895
9396,99002
15300,107065
34599,107085
13679,105734
87648,123814
32279,105115
29458,103738
468427,205752
103602,126433
1774813,487499
2170745,621655
432125,217122
8855,99247
7959,98814
7059,98463
9674,98774
8765,98619
7097,98994
12753,99142
9638,97847
10045,98919
34283,106376
13537,99726
86461,119972
31690,104443
30021,104713
458568,206174
103696,126027
1792362,494624
2182523,598732
422155,218491
8261,100323
7797,98304
6718,98776
9527,99069
8977,98606
7330,98304
12593,99520
9040,98335
10414,99394
33640,106635
14155,100409
86674,120770
31486,104330
31463,104708
461789,206325
103466,125262
1790767,487023
2183678,606546
415760,216723
7798,100769
8044,99540
7050,99674
10053,99315
9011,98804
7976,99489
13402,100219
9274,99966
15248,100298
34463,106537
13437,100150
87551,120479
32436,105826
30140,105256
463049,208447
103154,126385
1772292,489334
2183160,609340
426189,218115
8192,100430
8089,98852
7200,98044
10360,99602
9169,98522
7069,98738
13219,108882
9570,98920
10947,98008
34251,111867
14021,99548
86694,120340
31820,105677
30802,104175
468120,206816
103945,126076
1776881,487049
2169300,613750
422293,216615
7971,100352
8262,98956
7314,96970
9347,96259
8717,98389
7472,97010
13005,98770
10033,98372
11149,97862
34072,105658
14285,98949
87257,119269
31387,104346
30428,103765
459592,206292
104605,124761
1787036,487191
2173413,600064
419275,215292
8059,100957
8553,99661
7840,99649
10057,99564
8485,99486
7876,97215
13497,99459
9693,99443
15306,101643
33976,106994
13791,100216
87609,119868
31516,107267
30395,105655
465332,205968
103107,126467
1784935,495701
2189430,616255
421137,217574
8381,101877
8128,100107
7134,98625
9551,99714
8510,99455
7023,99339
12772,100278
9765,98816
10670,99235
34870,107341
13411,99269
87221,122029
31105,105957
30069,105183
462352,207648
102982,125793
1776322,487040
2184374,603920
423790,216558
8466,99935
8513,100046
7288,98777
9020,98833
9061,98419
7693,98520
12764,100153
10092,98885
10473,99032
34170,105443
13804,99583
87275,119802
32482,104515
30162,104170
457548,210324
104017,124841
1782565,492736
2163901,618319
415925,215550
8011,101091
8013,99118
7837,98073
9264,99211
8767,98439
7272,98261
13254,100232
9909,98198
15116,99734
34439,106553
13675,99515
87645,120608
31533,104810
29834,105408
460239,204294
103652,125699
1783643,491053
2150882,606828
424129,216914
8221,99754
8033,99039
6745,98864
9552,98867
8871,99318
6997,98122
12938,100940
9350,99022
10526,99689
34694,106609
13501,100253
88303,120213
31092,105745
29717,104487
458855,206090
102979,128061
1783429,492836
2200423,606916
421939,214894
8217,100456
8260,98933
6749,97979
9652,98349
9052,98093
7887,98148
12825,100038
9655,98737
10594,99819
35061,106287
14242,99683
86589,121614
31446,105224
30318,105133
457534,205550
104314,126325
1764411,485125
2175198,604759
428910,217483
8525,101805
8854,106952
7443,104294
9899,100043
9159,99188
7438,98613
12789,99199
10293,98505
15091,101176
34730,107365
14186,101754
88085,120946
32243,105077
30561,104451
458659,205860
103219,126084
1784108,491140
2184148,608744
423655,215224
8601,99973
8622,98799
7370,97465
9327,98278
8548,97402
6801,97420
12665,99318
9179,99299
10501,98979
34238,107084
13474,99220
86296,122009
31115,104797
29834,105279
458763,207541
102777,126586
1783167,497239
2192865,608568
426510,217589
7843,101146
8243,100305
7388,98460
9073,99138
8889,98610
7396,98337
13026,101424
9659,99819
10496,99502
34263,105547
13931,101071
86895,120563
31606,104931
30648,105660
460903,205990
103246,126369
1793014,484180
2190865,606185
418700,213631
7622,100314
7844,99458
7284,97795
9040,100053
8547,98440
7093,98046
12223,99034
9580,98982
14884,99908
34203,105900
13539,98795
87560,120583
31754,104867
29265,111074
460281,207720
102401,126153
1771939,491410
2162646,612679
433991,216671
8739,99538
9152,97840
7951,98371
9607,97673
8134,97785
7034,96640
13097,98748
9387,97367
10295,97931
34044,106759
13128,98053
87775,120047
31386,104504
29902,105159
462496,205505
102581,124961
1773110,485745
2174945,604418
423452,215920
7928,100166
8643,99113
7222,98563
9934,98979
9195,99159
7876,98623
12895,100113
9662,98848
10525,98753
34564,107095
14068,99940
86981,120046
31773,104918
30656,105234
460857,206443
103936,126747
1782321,497856
2181223,612450
420754,216124
8327,101731
8439,100387
7090,98739
9879,99247
9077,97992
7778,98025
12636,99600
9722,99797
15218,101261
34003,106562
13706,99806
87408,121117
31462,107106
29524,105055
458689,206702
102546,126622
1788302,489883
2172503,608375
427472,214827
8417,99784
7565,90475
6418,98683
9543,100660
8530,99194
6978,98760
12418,100347
9675,94092
9744,98472
34225,107694
13062,104933
86369,127846
36985,104648
29972,104206
466330,205594
110256,126751
1764806,487786
2175400,612185
426986,223422
8065,100903
8220,99266
7456,99339
9228,99462
8997,99097
7413,98442
12964,100586
9323,99390
10589,99012
33697,106746
13982,99479
86013,119749
32062,104527
30006,104933
457355,205155
103165,124375
1773514,492075
2169399,600423
417908,214442
8532,100975
8211,99488
7683,98600
9550,99375
8385,99220
7776,98629
12848,100162
10350,98042
15700,100513
34642,107403
13594,100214
87978,119227
31506,105915
30176,106327
461618,206429
103654,127591
1787907,485178
2189444,605729
424937,216123
8653,101724
8171,99942
6726,98776
10333,100414
8889,98840
7158,98039
13444,101183
9666,98738
10226,99847
34558,107054
13440,100110
86311,121387
31517,106538
30326,105579
456598,207021
102980,125894
1766649,488816
2186279,612706
426693,216740
8044,101384
7262,99743
6713,99012
9625,98582
9382,99234
7416,98457
13133,99010
9155,97557
10415,99745
34609,106263
13789,99448
86503,120446
31407,103806
30555,104957
458441,205694
104888,125531
1785092,489280
2166018,605377
417467,215713
7977,100317
8479,98192
7235,97932
9597,99668
8583,97940
7104,98331
12834,100625
9543,99030
15135,101030
34363,106242
13794,99628
87372,119706
32361,105250
29866,104952
467530,206083
103393,125447
1778487,504303
2191686,609046
424785,215901
8839,100136
7923,98752
6689,98161
9522,98864
8963,97785
6853,96815
12825,100475
9180,98688
9855,99539
34441,106369
13409,99527
86596,120175
30891,104769
30351,105091
459668,206319
103133,126281
1785170,485713
2194011,602916
425915,213498
8524,99569
7836,99007
6818,98220
9015,99237
8859,99017
7425,97947
13006,101392
9253,98448
10869,98597
33779,106736
13319,104562
86390,124661
36048,102397
30105,104628
467252,205293
109311,126893
1797663,487845
2165993,619488
418815,225139
8368,100521
8220,99357
7198,97014
9764,98342
8725,98517
7808,98008
12868,99265
10120,98528
14977,100670
34303,106215
13897,98935
87394,120195
31461,104347
29998,103944
458796,206596
104084,126217
1792080,491293
2167972,599359
424465,216405
8952,98911
8880,100199
6515,98890
9390,100075
8956,99454
6912,98850
13019,100344
9970,98357
10429,99970
34280,107188
13780,100280
87070,120301
31312,105942
30419,105930
459716,207235
103404,126068
1778358,483256
2188911,605716
422517,215516
8280,100808
8358,98552
7106,97979
8782,99082
8575,99202
7328,97905
12829,99825
9183,99423
10473,98784
33551,107308
13848,96629
87056,121041
31842,104562
30396,102235
460934,208596
103651,127753
1774325,492364
2184373,606040
432666,216853
8952,102159
8103,105382
7964,103768
9101,99743
8701,98212
7107,98457
12802,100507
9039,99220
15049,101098
41958,109109
13703,99309
88039,119914
31628,104151
29602,104601
463526,206375
103343,126066
1800007,497106
2176076,611660
424180,217100
8356,99504
8176,99703
6464,97755
9147,99229
8270,98636
6578,98015
13441,99693
8891,99902
10539,97908
33758,106061
13327,98393
86295,119230
31177,104976
30017,104829
462490,208160
104602,124346
1781641,496060
2182394,607902
421225,218989
7744,100677
7776,98838
6700,97621
8999,99452
8938,98970
7661,98003
12575,100223
8888,99076
10361,99296
33644,106951
13462,100256
86785,120843
31680,105082
30825,105049
463854,206976
104506,126011
1779927,488643
2176360,603102
417793,216189
8489,100632
8469,99448
7744,98901
9639,99887
8785,98857
7721,99006
12932,100409
9890,98814
15525,100829
35195,108188
13866,100546
87849,121651
32270,105804
30416,111425
458861,206488
103090,125237
1763565,488919
2180789,602403
435001,216794
8177,99604
7812,98253
6651,99053
9799,98171
8767,102582
7460,96512
13064,98781
9933,98979
9988,98444
34855,105205
13548,98415
86778,119664
31243,103718
30168,104485
464031,205532
103467,125587
1766929,489118
2164838,614130
428045,224957
8296,100839
8245,99502
7517,98249
8963,98503
8641,99082
7849,97072
13354,99967
9285,97953
10857,98780
34140,105169
14208,98885
86826,120046
31686,103823
30563,104709
456883,204521
103068,125437
1789862,488465
2171625,598944
421176,214934
8454,100205
8068,99637
7553,99141
9170,99206
9104,98871
7204,97627
13039,99374
10325,98759
15719,101615
35018,106687
13813,99296
88096,120086
31888,105161
29833,104595
457599,204341
102965,125445
1779109,487000
2176895,600203
427827,217758
9046,100571
8423,99022
7064,97470
9494,98217
8626,98372
7060,97687
13579,99803
9656,98724
16246,99175
29319,105261
13197,99546
86998,120901
31018,103544
31557,105141
457362,204298
103404,124349
1769110,497798
2184332,603214
419744,216509
8648,101548
7924,98909
7325,99219
9959,99371
9336,98296
7803,98546
13576,99009
9614,98057
15336,100145
34533,105963
13934,100434
86914,120376
30968,105888
31139,96615
455931,205996
104907,127584
1764629,486408
2177162,610794
420850,218428
8512,100877
7820,98796
6864,99316
9263,100605
8385,99799
7562,99355
12627,102275
8877,98904
15082,102338
34017,106938
13269,100317
86771,121072
30403,104839
30581,106309
460042,206402
104000,127360
1756568,485009
2180208,605622
418393,215967
7978,100780
7825,98598
7503,99443
10030,100185
9280,97968
7703,97929
12870,100941
8913,98994
14964,101407
34123,106865
13995,100816
87273,120373
30722,104670
30921,104623
456964,205964
104021,126402
1767971,487534
2189900,621823
417132,215663
8360,101305
7602,98842
7378,100370
9162,99543
8900,99465
7097,98838
12823,99955
8856,99280
15333,101093
34602,106594
13428,104841
91584,120986
31530,105537
30183,105709
465232,205632
103600,125418
1759269,487107
2176710,610634
430836,216003
8342,106378
8290,97960
7643,99384
10059,98962
9599,98587
8078,98838
13023,99335
9246,98160
15320,101118
34328,107135
13937,99773
86923,121105
31505,105261
30685,105830
455629,210809
103220,125869
1777195,483652
2170438,614555
416169,216110
7745,101830
8130,99228
7038,98107
9687,99015
8677,98843
7075,98145
12753,100378
9451,100138
15324,101649
34710,107255
13903,99727
86161,120607
30865,104794
30358,105407
459940,208062
104413,125383
1789325,488214
2173253,604774
416766,215190
8875,100877
7750,99144
7858,98527
10111,100028
9288,99087
7354,97051
12678,99798
9142,98770
15136,100273
34974,106023
13311,99727
87013,120945
30603,104448
30256,104689
455710,205788
104033,126086
1778078,488305
2165214,601610
418111,214897
8504,100541
7758,98476
7808,98084
10476,99978
9155,97887
7048,97950
12778,99796
9749,99484
15319,101025
34883,107457
13394,100327
87297,121995
30844,104758
31825,105627
457710,205716
105177,125550
1759888,496028
2181802,609704
422116,214492
8749,101245
7666,98583
6849,97919
10144,99372
8498,98432
7567,97412
12782,99605
8974,99288
15183,100890
34160,106523
13344,98311
87271,120259
30451,104828
30734,104019
456555,205092
103742,126144
1766648,488902
2195166,617202
416996,214408
8174,99979
7458,91857
7335,98680
9316,98748
9395,98432
7542,98081
12772,99781
8896,98765
15218,101150
34229,106736
13872,100191
86543,121351
30724,104241
30797,106180
458219,205331
103896,125043
1767050,484429
2189505,604906
417108,214873
8319,101398
7440,99271
7016,99674
9504,104998
8902,99892
7397,103504
12290,107654
8910,99095
15171,99856
34364,113369
13267,100546
87334,121048
30174,112408
30702,104215
466549,206395
110257,127269
1768655,486394
2168945,621157
424307,215153
8908,99576
7832,99298
7041,98110
9463,99584
9241,98921
8381,98342
13459,100370
9159,98201
15658,101382
34590,106770
13620,99673
87996,122031
30472,105807
31354,105605
459992,205758
103983,126641
1775685,489517
2186822,605415
422633,215715
8332,100901
7418,100526
7120,98907
9574,100493
9214,102365
7739,99567
12819,101003
8946,99533
15556,101891
34425,107774
13370,99837
86522,121671
30206,106009
30196,105791
459611,206363
103861,126920
1777235,487378
2171843,605706
416260,217534
8724,101427
7614,99039
7443,99197
9595,99351
8972,98235
7658,97976
12537,100148
9279,98998
15305,101020
34421,106225
13496,99586
87304,120929
30713,105253
30771,106663
459421,206884
104544,127066
1768131,496617
2187278,600674
415105,217218
8575,99297
7467,99258
7228,98528
10203,98898
9320,98871
7705,98123
12941,98728
9341,98772
15270,100969
34350,106013
13868,99188
87116,119757
31114,104875
30745,104672
457751,206383
103220,126211
1762931,488091
2193756,601700
417798,215352
9367,100161
7341,99199
6784,99776
9468,99849
9353,99299
7743,99003
12767,100093
9142,100229
15339,101624
34431,107257
13577,100424
86397,121937
30374,105341
30617,105577
453816,206157
103629,126071
1764420,488062
2195065,607789
418669,216634
8872,100090
8120,98625
8119,99209
9831,98869
8966,99899
7581,98070
12458,100710
9028,98541
14992,101111
34115,106845
13255,99051
87565,124744
30347,105153
30110,104869
467474,207328
103942,127092
1763575,490358
2175246,617860
427344,216430
7610,101053
7602,98643
7344,98147
10006,99553
8605,99179
7959,98490
13635,99659
9924,98698
15360,100211
34748,106072
13945,99470
87320,120093
31474,105055
31564,105565
461177,206159
104609,126126
1765405,491305
2164228,607214
418808,216026
8377,100378
8413,98686
7364,98981
10129,99031
9063,98824
7752,98970
13253,100707
9005,98803
15684,100789
34225,106348
13290,99198
87255,120883
30444,104645
30392,104893
459142,205168
103516,125888
1780036,486536
2172267,602726
418747,217592
8578,100932
7661,98397
7608,100761
9798,99865
9032,98820
7545,98452
12930,99834
9112,99196
15563,100409
34624,107666
13931,99376
88401,120138
30886,104999
31201,97958
457588,206653
105142,124344
1767345,487867
2167773,614750
419721,213237
8352,100671
7711,98451
7061,99381
10028,101944
8984,99087
7306,99751
12802,99881
8746,98758
15249,101162
34307,107236
13290,99597
86403,121852
30271,105269
30416,105864
452849,206443
105017,127533
1768213,483328
2177994,603150
416193,215200
8093,101105
7636,100052
6917,99899
9594,99412
9761,99062
7406,97911
12155,100748
9553,99122
14998,105786
34376,107581
13514,100441
92155,120922
30586,105036
30271,104962
468503,206928
104549,125943
1759957,484019
2158649,615063
429400,218286
8269,107818
7349,98189
6841,98683
9890,99417
8960,99806
7194,97955
12570,100050
8655,100067
15374,100663
34588,106677
13642,100308
86852,120863
30636,104957
30382,105363
458718,205165
103842,125073
1764675,490784
2170263,606285
418027,216724
7946,100536
7028,98226
6623,97986
9429,99878
9298,98303
7314,98486
12826,99285
9043,98408
15258,101150
34305,106948
13850,99331
87225,120112
30729,104535
30436,103754
457578,205143
103792,126276
1766418,493186
2168431,599679
416728,215736
9152,99091
7730,97896
7286,98181
9812,99139
8795,99186
7100,97780
12450,99541
9064,98221
15506,100472
34337,106518
13496,100075
87393,121214
30721,104183
30886,104617
455039,205076
103908,126798
1765645,482781
2190666,608724
416956,215634
8475,100619
7758,97942
7409,97973
9478,100211
9945,99033
8184,97867
12659,101720
9174,94281
15208,93404
34403,106206
13212,99959
87001,121062
31289,104606
30783,104487
460007,205804
105279,126005
1769942,485851
2184632,601600
416048,217423
8370,100954
7713,98760
7386,99371
9081,98654
8401,98600
7642,98575
12626,99542
9130,98461
14987,100294
34375,106300
13359,99310
88002,121039
30845,104661
30895,104988
457201,205497
104036,126859
1773126,487475
2166295,605814
417216,215817
7862,100115
7943,99406
7150,99205
9687,99311
9075,98343
7895,97456
13130,101540
9005,99037
15298,101944
34474,106980
13395,99128
86205,120341
30540,104881
30636,105089
457540,206901
104317,127446
1772798,489034
2176095,598361
420307,216377
8361,99796
7471,98433
6751,98965
10082,98984
8634,97944
7556,98031
12709,98860
8960,97881
15276,100621
34847,107123
13187,98873
86268,121040
30742,104898
31087,105401
455023,205217
103413,126310
1764009,484017
2183882,601299
417966,213784
7964,100706
8103,100034
7496,98949
9367,99789
8797,98456
7737,97207
12291,99998
8660,99056
15216,100547
34529,107247
13436,100562
86952,122348
30050,104519
30661,104449
461911,207057
103434,126097
1770988,487358
2176443,607620
425615,216157
8672,101747
7122,97533
6759,99481
10108,98851
9538,98828
7930,98091
12957,100748
8828,98230
15693,100863
35065,106745
13505,99590
86592,120739
30659,104985
31610,105866
458644,205018
103006,126336
1774278,490379
2175259,607043
417823,213106
9322,100703
8622,98558
6829,98268
9738,98840
8932,97837
7758,97465
12845,99602
9482,98281
14979,99833
34061,107081
13118,99557
86869,121038
30879,104593
30107,105313
460710,206399
103951,125709
1786647,503664
2184669,604434
418559,214732
8079,99454
7717,97937
6990,98026
9576,98772
8906,98310
7520,98647
13046,100789
8917,99217
15017,101300
33991,106504
13406,99413
86409,121848
30345,106055
31104,105452
462153,206009
103392,126839
1777926,487871
2188160,605057
413963,217399
9031,100413
7145,99244
6929,97741
9413,99393
9089,98444
7692,98167
13076,90971
8847,99357
15241,106350
34314,107719
13025,100224
92435,122565
30881,104949
30472,104999
469196,205375
104129,127232
1774694,490250
2179419,613095
421174,216571
8232,99947
7275,99170
7190,98912
9794,98677
8458,98643
7259,97654
12613,100914
9234,98704
14844,101347
34922,106915
13231,99082
86972,116810
30077,106993
30527,104283
459082,207182
104335,125496
1773856,492133
2174380,599965
418218,215265
7585,99831
7533,98333
7259,98561
10090,99994
8877,99445
7933,99181
12936,100934
9086,99871
15299,101426
34453,106638
13428,100968
87078,123067
31216,105784
30698,106634
458193,206044
104105,126583
1773431,486625
2187363,605709
419867,215606
8611,99941
7442,98813
6935,99557
9433,98970
9030,98112
7305,98233
12390,100990
9282,99030
15325,101498
34088,106268
13599,99262
86551,121524
30234,105748
30778,106089
462317,206515
103656,127813
1767639,490195
2176056,611965
418612,215715
8652,100767
7501,100049
6835,98950
9508,99599
8815,101139
7236,89646
12708,101000
9270,99017
15213,101154
34329,106334
13410,100365
87199,120515
30552,104636
30668,104887
459384,206245
104680,124887
1777894,486233
2174090,599815
415798,216539
8356,100248
7889,99354
7200,99030
9915,99067
9681,98856
7450,96877
13160,100295
9052,98512
15163,101609
34534,107320
13305,99242
87185,120443
31127,104047
31090,105571
462884,206412
104352,125623
1780551,502589
2188723,609539
415684,216354
8987,102251
7537,98905
7014,99826
9560,100709
9030,99838
7334,99029
13521,99656
8963,99222
15443,102816
34486,106893
13393,100606
86793,121261
30817,106170
31302,105442
459571,208473
103727,128269
1794378,483177
2193268,606219
419521,217882
8165,99328
7525,99358
7136,99242
9841,100306
9287,99212
7975,97478
12959,100294
9231,99047
15484,100827
33951,107648
13376,98930
86551,120989
30714,111013
30938,105301
470690,205375
103222,131205
1781837,489007
2151007,613898
417332,215697
8512,101045
8465,99230
7495,98223
9306,99011
9598,98461
7207,98122
12887,99824
8926,98874
14940,101895
34997,105905
13348,99984
86627,121310
31989,104894
30526,105549
460326,208300
103184,125958
1798482,489400
2169784,612172
424516,215683
8143,100287
8533,100881
7081,99581
9402,100104
8763,98625
7566,98517
13448,100414
9773,99143
10318,100002
34775,107492
14303,99465
87090,120524
31275,104989
30610,106887
456632,206610
104154,127727
1769267,488118
2174841,623075
427010,218230
8756,100202
8687,98715
7120,98588
9104,99369
8755,99642
7248,98571
13024,100491
9157,100289
10142,100416
34439,108758
14002,100364
86087,121137
31385,106803
30646,105984
456540,207969
104267,127472
1776455,489993
2178565,606155
421408,215991
8552,101693
8677,99767
7736,99593
10172,99909
8959,99369
7389,98439
13705,100306
9695,99502
15653,101129
34214,106354
14124,99031
87379,120554
32053,105580
30078,105344
459020,206464
103281,126419
1764336,491359
2180194,607563
428047,217958
8652,102079
8882,99893
7384,98445
9536,101775
8971,99747
7788,99254
13149,100617
9965,99294
10067,104678
35223,106899
13917,94419
86974,121070
31726,105303
29919,105355
461906,206292
103055,126491
1770962,486017
2182531,601586
435507,215155
7587,101386
7950,105290
7789,99142
8858,98608
9183,98234
7454,98435
12856,100036
9504,98943
10453,99401
34923,107279
14008,100498
87081,121058
31892,105418
30466,104964
458762,215878
103804,127066
1779040,493457
2167811,610328
414803,214594
9095,101717
8549,99654
7592,97865
9722,99589
8460,98611
7743,97697
12967,99481
9555,98858
14946,100640
34119,106337
13430,99807
87733,119258
31440,105076
30069,105420
459070,205562
104299,125791
1775681,485763
2156959,607131
426541,214599
8868,99587
7946,99342
7079,98630
9844,99557
9730,99505
7248,98288
13219,100415
9593,98231
10327,99221
34505,107560
14014,99047
87237,121885
31339,106341
30791,105264
459386,206122
103299,127069
1772219,497704
2196813,605389
427921,216558
7691,101313
8350,99335
6670,98477
9061,99244
9459,98220
7574,99033
12768,99787
9211,99440
10919,98944
34489,107721
13921,100464
86356,120592
31103,105480
30282,105296
460501,207901
104053,127071
1777960,486374
2183669,605034
418286,214542
8423,101441
8255,98579
7418,98812
9437,100266
8303,98825
8027,98700
12721,100579
9952,99451
15302,100810
35103,106591
13593,100460
87602,121090
31684,105771
30128,105671
462024,204791
102890,126602
1778441,484906
2179507,607065
423771,219042
8974,101870
7871,101956
7638,98038
9960,99760
9096,98982
7079,98932
12570,101312
9282,98993
9587,99523
34360,107679
13072,99662
86607,121504
31661,105399
36132,105827
456909,205932
102855,126889
1758482,489058
2179559,606312
431023,218280
8476,101453
8591,100078
7266,99394
8991,99094
8689,105066
7440,97803
13546,100721
9572,98624
10825,99962
33627,106832
13702,100251
86543,120525
31470,104823
30646,104835
461237,217263
103830,126162
1770359,487498
2168038,610165
420656,216714
8309,101186
8583,100572
7059,97831
9233,99535
8564,97663
7615,97903
12589,99151
9995,98726
15093,100775
34902,107153
13593,99756
88093,120835
31610,105583
29694,104325
464051,205820
103778,124543
1781649,486713
2167848,603646
429195,215532
8357,99922
8167,99020
6904,97696
9669,99290
8474,98347
7303,97361
13174,98901
9412,98538
10266,98370
33987,106093
13946,99185
87175,120140
31064,104835
30198,104431
455929,205699
103006,124682
1774727,497711
2171418,603982
422220,218410
8837,99949
7627,98256
6838,98345
9235,98657
8738,98202
7079,97798
12894,100144
8965,99055
10920,98939
34250,108613
14309,100450
86845,120012
31954,105409
30355,105765
458827,206495
104078,126904
1783613,485285
2166709,606580
420393,218573
8246,101967
8318,98499
6861,98100
9366,99826
8741,97822
7094,97483
12482,99189
10002,98294
14785,100930
34158,105279
13759,99435
87002,119950
31273,106507
29575,104026
456655,205030
103053,126447
1771282,486627
2176992,607710
421208,214210
8402,100769
7823,99183
6631,97545
9518,98615
8966,98461
7123,97999
13251,99104
9506,97432
10296,97880
33916,106471
14503,99116
87112,119987
31413,104219
30554,104883
454708,212835
103694,127809
1773518,482566
2154155,613227
423728,214798
7984,99136
8239,98266
7382,97321
8987,98541
8889,98122
7181,98322
12526,100365
9167,98672
10542,99466
34432,106418
13854,99269
87088,120503
32138,104494
30835,104189
458170,205400
103340,125579
1769437,488675
2165366,603939
422211,213448
7991,101889
7760,98526
7185,97647
9223,99204
8263,98711
7725,97718
13384,99518
9657,99159
15065,101130
34727,107428
13384,98990
88164,121827
32029,104565
29810,104675
459374,204685
103118,126385
1774739,498657
2175039,604578
422680,217285
8408,100036
8137,100269
7444,98652
9594,99860
8637,98973
6979,97873
12870,101058
9780,98427
10344,99731
34555,107891
13761,99634
87029,121460
31590,104543
30082,104008
458277,205357
102490,125606
1766223,486823
2171248,610926
423396,216914
8493,102214
8279,98350
7240,98263
8710,100056
8740,98948
7432,98094
12536,99911
8890,100192
10551,98753
33526,106109
14059,100000
86603,120566
32220,106021
30945,106581
459158,206746
104664,127273
1785148,487392
2176550,603515
415566,217886
8653,100734
8160,99762
7893,98653
9554,98342
9191,104070
7577,93224
12849,99644
10206,98566
15863,100600
35163,105889
14337,100216
88950,121066
31883,106245
30417,104213
457658,213161
102712,125517
1777836,486268
2177478,600899
423987,217641
8119,102183
8090,99501
7040,98474
9562,98386
9091,98991
7967,98815
12946,99852
9480,100069
9915,98865
34082,107500
13398,99153
86739,121364
30883,105137
30569,104845
462530,206401
103609,127000
1770210,490105
2158742,608131
425544,217607
8212,100465
8074,98437
7800,98740
8870,98487
9294,99533
7205,97799
13022,99308
9330,98461
11050,99130
34721,107257
14293,99398
87193,119605
31767,105321
30663,104898
457381,204919
104691,125908
1779909,484588
2173956,605196
418283,216408
7815,100288
7896,98915
6761,98192
9420,99057
8511,98682
7530,98120
12824,99613
10562,98285
15156,100045
34752,105652
13741,98711
87959,121095
31314,104404
30015,105099
458740,204934
103039,125892
1768286,486862
2185582,609730
423703,215208
9205,99345
8449,98521
7289,98623
9356,99880
8629,98900
7158,97281
13048,100322
10395,98624
9902,98445
34053,106809
13262,104532
87108,127187
31110,104806
30044,104949
467039,204978
102810,126578
1764193,483067
2180225,623596
434412,217963
7801,100527
7987,99326
6797,98492
9284,99103
8829,99154
7189,98567
12665,100646
9467,99731
11122,99536
34253,106149
14020,99972
86785,121314
31414,105718
30495,104000
459617,205930
104350,126274
1780315,492097
2153863,606126
420879,215373
8728,100464
8519,98618
7512,98679
9333,100824
8201,98368
7655,97160
12802,99774
9574,99718
15499,101109
34760,107229
13836,99832
87013,121128
31319,106039
30381,105329
459678,204854
104345,125341
1778781,499012
2183708,606962
422784,214911
8628,99557
8554,98577
7415,98185
9726,99248
8187,98463
6981,98489
13247,99834
9167,98771
9765,98542
33915,106338
13932,99112
86889,119583
31387,104105
29726,105941
456635,205533
103762,124338
1768159,485789
2185357,594398
421872,218290
8370,101170
8694,100249
7677,98618
9423,98762
9186,99122
7841,99965
13488,100527
9842,99870
10644,99507
34105,106106
13860,100709
86776,121078
31952,105843
30339,105086
458927,206470
103746,127256
1772385,486026
2169855,602613
416845,215911
8273,101892
7733,100517
7619,98549
9249,105187
8358,99024
7177,103506
12621,100300
9635,105176
15116,99790
34572,107047
13395,100106
87161,119933
31658,105254
29360,105338
468915,206436
102949,126523
1777404,493706
2165380,619341
425505,216214
8536,98709
8582,99150
6801,98777
9049,99446
8843,98351
7571,99650
12658,99811
9388,98240
9947,98099
34322,106950
13286,99452
86569,120508
31233,104319
30092,105233
458889,206500
103648,126058
1777176,489309
2152212,606337
425475,216445
8575,100379
8550,98359
7097,97990
9426,98869
8645,98678
7483,96993
13157,98225
9289,96659
10682,98775
33805,106349
13988,98787
87268,119712
31521,104401
30081,104403
458299,205670
103614,124795
1776301,495573
2174926,604054
415054,213585
8261,100649
8351,98908
7297,100695
9412,99257
8624,98103
8039,97514
12424,99259
10162,98550
15775,101457
35172,106573
13945,99100
87571,120483
31859,104339
29785,105637
455837,206520
103024,125979
1767860,486651
2185831,609996
422569,216597
8045,100606
8026,99526
6808,98109
9112,98869
8464,98903
7440,99763
12905,98966
9531,98538
10278,98017
33972,107836
13630,99677
87042,120402
30986,104671
30128,111155
455673,205973
102981,126500
1754573,484696
2167674,612717
437131,219207
8093,100527
8209,103168
7512,103414
9710,98818
8732,98598
8236,98403
13215,100473
9599,98884
11018,99168
34154,105883
13632,99841
87022,120032
31847,105386
29994,105624
456111,206996
104144,126258
1783703,487222
2166656,609576
417844,213660
8007,100970
8856,99877
7594,97685
9535,98632
9120,98081
7833,97174
12857,100080
9786,98145
15308,100037
35179,106650
13764,98835
87589,120406
31825,105124
29992,104535
461026,205835
103436,124888
1781608,486274
2167487,598224
427202,216980
8842,100346
8218,99535
7014,98480
9639,98691
8722,97653
7487,98249
12885,99721
9765,98411
9975,99487
34177,107721
13223,98878
87092,119550
31344,105301
30642,104953
459782,206250
104099,125269
1763345,485918
2189207,601109
426464,214413
8057,99001
8621,99673
7225,97645
9186,98944
8663,98610
7213,97732
12979,99380
9389,98025
10084,99169
34441,105697
13830,100705
86641,120431
31863,104867
30792,104595
454623,206160
103480,126351
1776036,488952
2181931,605638
418573,216603
8001,101674
8492,99570
7279,100203
9579,100256
8627,99037
7423,98449
12403,101361
9581,99926
15465,102089
34419,107299
13384,99267
87613,119590
37595,106215
30723,105857
470311,206134
110396,128370
1765248,485675
2165856,608392
422263,222969
8709,100766
7801,98873
6878,98718
9696,99647
9136,98428
6906,98290
12547,100362
9653,98143
10335,98407
34573,107164
13595,99540
86861,119825
31435,104465
30448,105355
458975,205588
103578,125906
1781329,490616
2162348,608924
426816,218155
8273,100269
8610,99502
7095,98994
9377,99329
9238,99210
7540,98517
12848,99791
9211,98365
10498,99585
33919,106015
14217,99871
87115,120168
31967,104462
30082,105581
461180,206341
104711,125237
1780469,498923
2177468,607889
414337,218769
8355,102056
8616,99043
6943,99079
9571,98292
8936,98864
7735,98665
12922,98926
9942,99089
15507,100469
33975,106306
13547,98236
88378,120540
31818,105376
30605,105006
458929,205094
103534,127205
1776787,489669
2174868,606717
425727,216914
9834,100452
8586,98620
6679,97781
9422,99600
8659,99646
7866,97543
13345,100369
9752,98246
10433,99756
34158,107549
14069,99644
86257,119265
30586,105302
29567,103773
461965,204520
102992,127797
1764105,486445
2161443,616495
435231,216378
7933,106221
8095,98446
7135,97686
9180,98146
8893,98354
7348,97238
13064,98823
9252,98640
10527,98563
33765,106012
14042,98972
86354,118778
31770,104978
30387,103873
459177,204968
104027,125139
1784164,486446
2172480,607294
420008,216556
8478,103255
8376,99679
7111,98670
9483,99992
8652,98244
7314,98819
12735,100651
9289,100653
15414,102642
34622,106768
13355,99968
87310,120912
31317,106300
30616,104965
457485,206844
103375,126146
1763386,501299
2169638,612205
425487,218662
8468,100903
7778,98916
6490,98145
9051,99450
8625,98977
7264,98385
12986,100741
9368,99230
10295,91807
34033,106616
13362,99704
109580,125200
32024,105086
30785,103989
461262,206560
104273,126055
1775712,487513
2172685,603143
426886,215707
8849,100714
8355,99364
7192,98829
8873,100346
8748,99220
7348,97776
12688,99471
9374,100039
10665,99969
33862,106876
14076,100046
86873,120197
31419,97001
30397,104608
459346,206587
104086,126663
1768549,485525
2166089,615386
426545,214979
8347,108292
8049,98151
7184,99386
10031,98712
8708,98186
7946,97855
12803,100105
9861,98346
15880,100445
34727,105798
14151,98369
87934,119001
31964,104992
30858,103982
463098,206170
103489,126319
1780107,485922
2164195,596726
421139,215078
8194,100356
7752,98827
6903,98742
10382,98816
8342,98195
7080,97611
12717,99744
9144,97713
10214,99209
35442,105520
13632,98958
86892,121410
31169,104426
29913,104834
456895,204509
103718,125983
1777096,498475
2184399,598029
421799,214589
8202,101270
8569,99252
7041,98313
9109,99150
8889,98191
7274,97640
13817,99603
9377,98895
10860,98477
34347,106458
14316,99456
86553,119633
31380,104015
29963,104136
457140,206294
103713,125786
1792656,486935
2180013,605171
420346,215915
8357,101427
8201,98708
7462,98619
9779,98832
8358,98710
7558,98175
12545,105861
9769,98786
15244,99902
34680,111846
13831,99490
87243,121533
31732,104959
29885,105588
466517,207462
102817,124860
1779276,487910
2177205,610977
421208,215979
9369,101070
8274,99138
7186,98591
9312,99615
8477,97697
6967,97282
13036,100246
9567,98875
10241,99079
34593,106402
13758,99316
86856,118967
31146,104512
30148,104632
457539,206276
103301,127274
1776483,492724
2185834,607784
420322,217284
8315,100670
8291,100390
7196,98346
9412,99354
8670,99073
7615,98387
13020,100488
9524,98453
11032,98886
34608,106303
13824,99727
86891,121218
31851,105027
31035,104514
465671,205951
104354,125830
1785281,487742
2185459,610076
418611,215149
7454,100225
8768,98733
7209,98396
9102,99793
8749,98020
7558,98436
13452,100458
9507,99354
15103,100310
34374,107196
14081,98611
87313,120622
31805,105331
30317,105438
463102,205142
103214,125740
1775512,489745
2170472,604295
433708,218429
8300,101466
7696,104994
6690,103633
8960,98519
8522,98942
7033,97937
13174,99768
8812,98513
10182,98900
34473,106340
13407,98779
86919,119360
30917,104992
29867,104857
456700,206869
102200,125828
1781951,483546
2169211,602937
426369,216045
8026,100123
8626,99200
6915,98669
8956,99087
8492,98951
7646,97175
12997,99571
9412,98987
10753,99028
34135,106268
13889,99228
86960,120888
31357,105172
30200,104972
460772,205754
103534,125030
1784265,500039
2183238,604438
416689,214336
8361,100786
8568,99400
8224,98522
9897,99533
8791,98506
7334,98479
12796,100572
9920,98790
15540,99632
34384,106395
14304,99957
87363,122187
32205,105077
29980,104207
462389,205572
104606,126885
1774867,488444
2179359,606260
421365,217307
8580,102171
8109,100490
6972,99317
9020,106483
8347,99064
7041,104617
13322,99997
9210,104246
16412,101403
29646,105815
13894,99620
87396,122392
31064,105619
31896,105936
461220,214073
103883,127049
1782568,490989
2160133,604646
416037,214309
8491,99902
7366,98360
6920,98471
9865,98973
8793,98423
7653,97731
13312,99695
8933,99201
15195,100618
34247,106214
13736,100181
87115,120337
30572,104850
30731,104930
460264,205088
104882,126399
1787766,491074
2169902,612630
413754,215404
9051,102172
7610,99128
7631,98169
9604,99290
8606,98760
7465,99061
12082,100268
9339,98902
15158,100580
34826,107555
13909,99369
86890,120590
30696,105288
30883,105538
459889,208369
104061,126720
1778284,487743
2186923,602343
417997,215049
9132,99963
7613,98406
7466,98890
9938,99362
9009,99444
7964,98328
12857,101094
9420,99264
15325,108520
34497,108056
13903,100336
93052,121915
30791,106293
30493,95854
470004,205678
105525,127745
1777993,489452
2167278,615681
424582,218362
8012,101445
7470,99206
7265,98543
9369,99981
9240,98807
7573,97778
13164,100240
9321,99046
15352,100901
35040,106701
13352,100821
86641,121355
31047,105191
30637,104933
459112,206390
103782,126412
1783165,489903
2162457,594655
417971,219005
8339,100771
7833,100460
6959,99065
10151,99918
9203,99141
7529,97548
12544,100771
8693,99125
15394,100940
34599,106255
13571,100383
86661,120887
30915,105714
30925,106257
460440,207405
103240,127101
1774456,490244
2185660,607099
418779,216270
8503,100967
7098,98887
6971,98932
9621,99592
8979,99015
7139,98158
12940,99256
9126,99375
15459,100729
34622,106788
13539,100162
88185,120805
30751,104347
30610,105658
460655,207609
104440,126442
1760935,489950
2185479,603419
418294,216936
8572,101300
7701,98633
7544,99144
9500,98469
9619,99606
7341,97542
13203,101068
9180,104635
15271,101151
36620,112434
13810,100267
87097,121640
30770,111337
30699,106493
468366,207961
104770,133077
1773586,488285
2173522,617186
417003,222418
7767,100282
7434,99080
7796,99108
9837,99805
9280,98247
7778,97875
12610,101497
9324,99193
15924,101767
34864,106717
13941,100387
87386,121300
30495,105266
30719,105546
456783,205950
103564,126303
1770015,492983
2179527,608837
416834,215979
7568,99249
7999,98280
7322,98555
10531,99775
8882,99581
7454,97078
12767,99891
9313,98798
15108,101274
34444,106541
13892,99623
86817,121976
30480,105833
30515,105563
459904,203883
103554,128334
1779124,498780
2170462,611562
416285,214760
7561,100891
7774,99097
7247,98625
9817,99294
8865,100059
7751,97763
13178,100475
9355,98271
15409,90838
34087,106593
13820,99673
87562,121130
31014,105469
31524,105951
459659,206493
104312,126363
1759324,495093
2183728,605298
418715,215987
8234,100017
7910,98838
7576,98503
10237,100556
9134,98870
7571,98644
12759,101030
9503,98832
15666,101408
34976,107101
13925,100545
87325,120810
31178,105732
30896,100078
458751,206033
103358,126420
1779249,484823
2177959,611543
418203,215325
8607,101966
7445,99213
7054,98772
9576,100502
9111,99583
7160,99284
13276,99588
9553,98664
15654,102454
34752,106795
13437,99885
86864,122159
30685,105681
30566,105416
459070,206062
104167,126359
1756471,491697
2180505,603551
419908,217261
8399,100678
7387,98387
7331,98987
9486,98953
9232,99597
7282,98236
12471,100339
8741,104572
15533,94436
35096,106002
13452,99451
86945,121770
30231,105041
30724,105458
467785,205260
104575,133935
1769592,484156
2176919,612331
421745,224677
7957,100001
8072,98618
7816,98301
9874,99047
9362,98860
7468,97835
13182,100266
9270,99279
15356,100288
34298,106584
13474,99918
86864,121239
30587,104455
31354,104974
458179,204774
104481,126290
1780518,486424
2166006,607313
416368,215074
7889,100859
8323,100190
6529,99842
9630,99254
9072,98617
7027,98772
12974,100489
9335,98348
14973,101342
34594,106101
13282,99986
86625,121117
30384,106252
30870,105182
458876,207646
105538,127012
1768919,502276
2181824,600064
417017,215460
7684,101215
7367,99111
7468,99262
9544,99823
8823,98229
7225,98326
12521,99982
8893,99011
15921,100715
34090,107162
13666,100907
88033,121299
31008,104934
30714,105702
460185,206257
104557,126489
1765501,486799
2187397,608012
418735,215750
7998,99420
7620,99346
7465,99709
9948,99926
9514,99367
7592,97604
13165,100967
9167,98748
15285,101860
34211,96503
13674,93685
86377,120938
30585,105683
30759,106344
458121,206511
103451,126017
1756831,488299
2177716,594808
418659,215227
8495,100933
7469,99265
7343,99790
9271,103530
8951,99353
7451,104212
13063,104219
9419,104356
15404,100531
34602,114610
13431,100711
87110,121264
30706,104809
30796,105376
464645,205664
103978,132439
1770941,488868
2162820,606427
421431,225565
8428,100182
8128,99693
6948,98103
9964,99835
9156,99218
7395,98483
13036,99980
8948,98865
14897,100730
34392,106737
13406,99552
86651,121089
29937,104175
30764,105582
457628,206214
104841,126581
1774976,492826
2169363,605019
419485,213886
7704,101052
7496,98520
6735,98607
9171,100207
9068,98464
6885,98064
12428,100648
9327,99835
15107,101379
34504,108490
13752,100898
86031,121725
30388,105787
30410,106079
461449,206218
103542,127252
1768206,498484
2165499,612683
417316,215591
8797,100223
7930,98415
6953,99083
9943,98796
9056,98512
7325,98158
12583,100105
8718,98989
14995,100840
34325,106163
13608,100059
87100,119881
30461,105545
30280,104957
459788,206732
104002,124805
1770417,489763
2170128,604586
418585,216486
8434,100560
7888,98967
7614,98613
9634,99755
9508,98131
7818,98332
13032,100704
9215,98914
14873,100931
33701,107542
13485,105241
86408,127167
30738,105594
30115,104440
467847,205480
112050,127760
1760186,488049
2171686,615330
422598,223244
8433,101242
7512,98172
7265,99271
10072,98787
9346,99254
7435,97329
12985,101267
9391,98838
15003,101497
34229,107029
13323,99578
86864,121133
30839,105032
31572,105646
460511,205528
103875,126497
1774947,493700
2169943,606914
420558,215580
8210,101462
7109,99390
6420,99091
9905,99151
8865,99557
7578,98338
13159,100490
9245,98923
15261,102027
33771,107898
13231,99872
86569,121225
30450,104320
30421,107152
460170,207612
105170,126403
1775570,503857
2166096,606273
413944,215329
9455,98757
8014,97963
6955,98584
9586,98866
8614,98304
7606,96905
12974,99791
9070,97757
15745,100503
34719,105990
13537,100056
86924,121226
30634,105822
30354,105204
460999,205221
103788,127992
1757327,484432
2192030,599056
416437,215036
8481,101163
7739,99873
6966,99474
9368,99437
9443,98933
7536,98525
12539,100406
8678,99274
15091,99988
34417,113493
13553,99538
86750,121206
31077,111000
30773,105931
468328,206189
103689,132473
1766451,485603
2170640,621839
418541,227398
8119,101652
7762,98812
7272,99159
9254,100111
8974,98639
7211,98918
12714,100235
8838,99942
15193,101845
34752,106913
13250,99098
87052,122429
30516,105240
31349,103981
460564,206176
103815,126155
1769176,483397
2169470,606833
419583,216597
8256,99544
7486,99743
6721,98735
9712,99122
8834,98627
7464,98101
13122,101610
9113,98940
15361,101452
34903,107596
13742,99481
86823,120970
30616,104973
31165,105134
460052,207583
103454,124562
1771781,484722
2185304,613200
416075,215598
8252,101317
7787,98629
7281,99457
10175,99098
8956,99017
7880,98390
12670,101331
8718,99533
15149,101140
34679,106714
13853,101089
87273,120891
31002,104695
30093,105432
457155,206399
104712,125809
1781060,482434
2178497,600999
417550,216786
8138,100441
7612,98417
7720,99720
9542,104284
9247,99126
7493,98695
12849,99862
9224,98721
15237,101556
34664,106159
13342,100107
87953,120638
30784,104504
30976,105231
455474,213371
103114,126279
1785725,486859
2172125,596663
419035,215874
8398,102659
7685,97623
7206,98073
9144,99207
9101,99179
7309,97621
12501,100881
8946,98587
15158,100835
33888,106600
13280,99295
86505,121082
30861,105838
30559,104350
459101,207046
103979,125243
1788659,487589
2166779,601491
418168,216725
8473,102084
7808,98928
7745,99229
9391,101205
9051,98806
7701,97769
13072,99529
8965,99253
15503,101086
34540,108029
13535,100795
86739,121446
30953,105203
30918,105973
461544,207636
104991,126892
1765592,489406
2186025,600137
418145,214047
8236,101951
7773,98869
6947,99588
10145,100081
9123,99257
6971,98816
12917,99853
8919,98497
15237,101420
34942,107737
13421,99495
87217,121034
30872,105163
30764,105648
459728,206548
103409,125672
1753674,490443
2198477,609877
417728,216062
7821,101171
7501,99274
7594,100585
9368,100211
9107,99715
7353,97894
13009,101580
8844,98978
15069,100694
34095,107529
12932,100835
87035,121826
30171,104640
30368,105306
458611,206554
104048,126126
1773918,490362
2178508,605437
416444,214974
8187,100302
7389,98544
7081,99206
9388,95097
8967,98570
7823,97365
13647,99823
9192,97821
15100,100424
34671,106160
13406,99786
86199,121480
30839,105281
30930,104494
461004,206486
103940,125459
1785589,501331
2187619,605393
418346,213849
9434,99678
7986,98160
7313,99040
9581,99309
9048,99017
7455,99813
12610,100376
9347,98078
15145,100630
34049,106165
13259,99876
87118,120143
30769,105359
31144,106313
462344,204561
104096,126828
1777789,488841
2186583,603854
414944,217345
8405,100507
7478,98551
7486,98806
9954,101353
8958,98460
7820,97743
12822,99220
8977,98889
21928,101540
34506,107286
13364,99490
93242,120391
30654,104792
30624,106167
465562,205115
103637,126602
1770622,488288
2186543,617502
424599,218346
8299,99927
7405,98735
7301,98592
9661,99853
8990,99020
7626,97715
13010,100082
8994,99793
14962,100371
34332,106929
14451,99683
87801,122349
30790,105591
30543,104379
456973,206439
104407,125976
1776996,488165
2167440,602444
419378,216303
8365,101865
7833,99130
7609,98044
10220,98834
9101,98592
7627,98145
13359,100789
9119,99126
15830,100666
34837,107125
13614,99444
86815,121244
30578,105327
30375,104859
457398,206628
105890,126305
1776512,486441
2193159,608774
418259,216676
8069,101224
7634,99266
6951,98812
9718,99391
8433,98944
7522,98644
12696,99818
8880,98736
15954,100845
34314,106828
13957,99038
86596,121874
30966,105310
30337,105189
459921,206629
104344,126600
1775173,490313
2178237,608326
418934,218557
8209,99337
7557,98356
6882,99368
9771,99095
8767,98617
7631,97729
13493,100451
9071,98434
15784,100975
34596,106590
13586,99948
86868,121190
30679,105620
30353,105132
461203,207096
104801,126870
1772518,491608
2159971,604465
418047,215268
8291,102045
7418,98308
6879,99134
9220,100210
8877,99470
7348,97541
12301,99586
9444,98930
15259,100470
34378,106448
14048,99217
86861,121066
32305,105166
30428,105885
458467,205874
103540,124951
1778794,499276
2167047,605071
424068,216347
8379,99882
8622,99541
6904,99246
9236,99617
8523,98684
7511,99175
12626,99956
9438,98982
9911,99171
34260,106755
13357,100267
87342,120250
31478,105978
30402,105876
462515,206610
103180,125915
1782672,486373
2182983,609958
422246,218681
7835,101320
8302,99576
7230,98513
9304,99782
9120,99018
7348,98422
12607,100242
9684,99829
10509,99049
34098,106608
13670,99714
86832,120431
31449,110608
30416,104022
469871,204907
103576,131776
1784393,486577
2173106,612966
418500,223975
7453,100948
8322,98645
7095,97857
9508,99704
8698,98159
7454,97792
12926,99834
10329,98934
15495,101727
34576,105945
13483,99948
87219,120855
32330,106030
29800,105197
459237,205590
103012,125136
1790726,484550
2161396,605800
422403,216431
8508,99872
8553,98933
7117,97516
9319,99408
8728,97938
7596,97815
12979,99089
9513,98617
10509,98546
34388,105617
13873,98263
88501,119583
31666,104037
30417,104151
457804,205793
103917,125604
1775713,498594
2182838,604845
426575,216565
8246,99696
8325,99245
7227,99246
9489,99463
8849,98491
7530,98639
12935,101467
8831,98725
10406,99719
34269,106740
13717,99819
86851,121067
31733,105604
30861,104534
457749,205971
103799,127020
1775635,487128
2159896,604427
416933,215194
8191,100722
8199,98643
7182,98761
9181,99407
8480,98296
7142,98221
12388,100423
9429,99261
14980,100698
41657,108821
13920,99623
87015,120507
31731,106152
30599,104575
462165,205193
102695,124379
1766558,485798
2173892,602539
424110,215518
8525,99978
8051,98967
7018,98647
9442,99884
8722,98126
7268,98184
13044,101037
9451,98438
10270,103114
34784,107717
13772,99110
86859,120624
31364,104438
29843,104237
459973,205842
103065,125658
1756587,486341
2170847,606402
440235,216430
8344,101663
7718,99189
6786,103123
8835,98683
9001,99109
6898,96867
12590,100080
9171,99807
10834,98464
33863,106160
13637,98943
87018,120542
31593,104283
30458,105338
458091,205406
103758,125130
1785774,489380
2149814,601388
418288,216660
8138,100544
8486,100404
8281,99219
10029,99554
8949,98312
7803,96925
12949,100133
10480,98777
15733,101256
34879,106273
14159,98833
87981,120714
32376,105082
29629,104754
460981,206347
103652,125680
1776208,487344
2160278,604749
420910,216082
8812,100090
8172,99113
6684,97523
9441,99254
8333,97615
7314,98421
13159,99050
9434,99374
10409,98632
35724,107704
14009,98433
86538,119461
32339,105480
30196,105376
460866,205814
103246,124636
1768193,495240
2182540,608447
426469,215383
7963,99125
7937,99303
7487,98489
9221,99676
9283,98323
7789,98345
12622,100284
9397,98607
10843,99033
34161,106858
14215,99885
86319,120532
31737,105386
31066,104591
459389,205603
103327,125971
1777870,490521
2183061,613534
416055,213850
7936,102900
8104,99721
7234,100037
9790,99806
9036,99387
7540,98093
12734,99818
9846,99942
15389,99971
34951,105227
13731,100379
87778,121339
31534,106456
30069,105697
462760,205653
102837,126902
1766468,487178
2190358,606374
425454,216389
8692,99230
7771,98994
6865,97814
9170,99072
8719,98439
6916,98008
12254,104847
9303,97845
9856,98405
39543,106138
12971,99076
87283,120241
31217,110130
29615,103987
467297,206526
109194,127493
1763760,484713
2155546,622892
426525,221449
8187,100287
8433,99595
7326,98465
9215,98745
8848,98487
7394,98289
13441,100700
9570,98386
10230,99130
33453,106243
13451,99726
87146,119999
31363,104760
30587,105002
457367,206213
102995,125752
1776785,487760
2152246,606800
420292,218891
8410,99315
8504,99599
7280,98488
9681,98925
8256,98212
7258,97437
13095,100791
9576,99808
15243,101294
34741,107147
13656,99789
87522,121901
31936,106639
29728,105843
460130,205105
103425,128384
1780986,496174
2195572,609314
425398,215506
8323,100969
8286,100670
7345,98490
9179,99427
9399,98975
7327,98078
13521,100682
10017,98149
10583,99618
33946,106738
14342,100394
87620,120826
31361,105541
30020,105138
461037,207610
103558,126476
1779432,487132
2183517,608642
424554,214720
7548,100623
7913,99466
6591,98635
9300,99234
9733,98827
7113,98471
13041,99664
9437,98359
10745,99697
34508,106359
14365,100117
87648,120666
32225,104492
31029,104003
460858,204552
103535,125918
1772432,490322
2179870,600413
420537,214610
8564,102203
7700,100264
7359,99804
8921,105410
8976,99064
7193,102931
12882,99960
10216,103505
15422,101045
34773,106903
13443,100520
87602,120341
31778,105454
29707,104912
467001,206271
104164,131107
1778872,496015
2179429,626978
423991,223683
7960,99860
8221,100233
6980,98046
9828,98978
8747,98548
7543,98712
13111,99424
9201,97867
10220,99749
34708,106250
13218,100374
86388,119522
31325,105642
30511,104627
462760,205097
103056,125255
1775124,485979
2179056,602926
424284,216990
7984,100342
8099,98965
7092,99084
9086,99811
8877,99671
7413,97817
12889,99028
9127,98688
10265,99027
34364,105944
13539,99953
86523,120064
31857,104945
30568,104292
457312,203669
104090,125417
1775426,496821
2181850,598231
420168,215184
8556,101065
8306,100182
6831,98693
9695,99741
8932,98072
7674,98839
13022,99926
10548,100197
15468,100738
35021,106861
14116,100274
87752,121635
32287,106009
30646,105116
462596,205340
104095,126678
1783246,489903
2176002,606712
425287,216824
8606,100941
8607,99333
7283,98928
9230,99130
8776,98035
7448,97361
13127,98964
9065,98023
10107,99270
34072,107504
14003,99043
86944,119750
31729,103869
30070,110440
463210,205018
103743,126738
1767794,488642
2162155,614769
437057,217045
8386,100714
7777,98154
7214,97794
9435,97047
8709,97632
7317,97787
12957,99546
9552,97002
10981,98009
34227,104909
13553,99503
87383,119579
31503,104911
30401,104176
459778,206600
102867,125766
1785180,486723
2173536,600283
422644,217435
7805,100563
8209,98451
7032,97407
9814,97994
8448,98145
7629,97423
12725,98764
9319,98257
15476,100909
34370,106468
14305,99932
87416,119629
31724,105062
29755,104609
459072,206289
103710,126093
1783992,496971
2195183,601767
426854,215451
9421,100795
8093,98541
6749,98466
9786,99616
8869,99024
7111,99830
12948,100744
9408,98847
10559,99281
34561,107514
13922,99000
86546,121484
31527,105192
30280,105257
460505,205256
104318,125325
1774479,488289
2176994,610012
423213,215175
8121,100487
8052,98341
7248,98745
8748,100004
9035,99429
7891,98087
13273,99336
9587,98164
10707,100311
34324,107804
14077,93832
86235,120957
31673,99535
30373,111498
462506,208852
103885,126511
1788921,485973
2177185,604084
426550,213149
8958,102853
8105,105498
7610,103715
9693,99674
9108,98609
7715,97874
13159,99588
9398,98803
15373,101413
34724,106990
13317,99344
87919,119252
31819,104865
29914,104596
460887,207669
103124,125115
1793230,485486
2172916,601045
424328,215085
8131,100384
8161,98923
7046,97426
9047,99239
8649,98349
7382,98474
13315,99715
9350,98770
10566,99304
34324,107175
13940,99699
87542,119824
31577,105208
30563,104768
460101,205105
103185,126631
1800992,496058
2185634,609623
424555,218227
7763,99898
8450,98685
7581,98498
9288,99043
8415,99146
7637,97446
13112,100473
9532,98365
10891,100181
34669,106372
13960,100559
86777,120771
31685,105493
30849,105988
462331,206719
103775,127120
1785552,489479
2183858,608051
416995,214534
9109,100468
8825,99254
7731,98818
9453,99760
8286,98596
7189,97936
12851,99702
9655,98513
15801,101383
34526,107600
13554,99822
87600,119958
32114,105137
30084,105606
457593,206692
103637,127689
1775322,489362
2191548,605197
436439,215666
8007,100854
8024,102631
6792,99404
9270,99481
9036,98836
7602,98590
12941,102101
9555,99039
10779,99258
34650,107531
13923,99212
88772,120595
31621,105320
30903,105368
456620,206152
103557,125236
1783663,485631
2178306,600030
425555,217296
7833,99640
8161,99821
7363,98463
8884,98424
9152,99088
7621,98146
13773,100173
9427,98937
10932,99377
34319,106321
13872,99574
87482,119618
31387,105515
30989,105513
458948,205848
103923,125959
1782689,496665
2183288,602999
418884,217036
8563,101311
8351,98856
7353,98175
9563,100382
8940,99433
7883,97785
13353,100203
9546,99119
15289,101324
34846,106884
13748,100054
88033,120773
31465,105491
30411,105298
461852,204875
103423,125324
1774729,483579
2179097,608926
426344,215666
9040,100292
7988,99035
7479,98100
9809,99089
8792,98192
7630,99944
13053,99566
9892,98526
10987,98869
35086,107657
13943,99321
86322,120192
31236,105880
29854,104715
459253,206054
103072,127627
1773408,484590
2165502,610080
432115,217436
8464,107134
8090,99252
7228,98334
9491,98585
8996,97466
8191,98787
13108,99667
9849,98546
10700,99729
33979,106608
13997,100922
87502,120462
31992,105509
30830,105783
460461,206557
103660,125872
1790535,487190
2181497,607683
417724,217965
8907,101195
7551,99240
7454,97826
9606,99090
8158,97821
7239,98079
13166,100139
9651,99652
15337,100664
34642,106015
13909,99547
87854,120197
32791,106839
30605,104796
460645,206305
103744,125224
1783657,497214
2190515,597404
422724,215485
8441,99874
7942,99434
6853,99210
10091,99771
9084,98668
7025,98534
13072,99957
9435,98584
10335,100054
34206,107585
13532,100073
88203,119531
31251,105030
30034,104848
458537,205563
103224,126499
1774708,490656
2198355,614003
423318,217325
7903,100438
8097,99530
7476,98603
9383,99153
9095,99708
7551,99602
12675,99993
9631,98721
10659,98606
39962,106597
13860,99811
86256,119800
31804,109889
30548,104911
468242,206703
103666,132298
1795527,489981
2173543,607973
421112,223854
8321,101999
8425,99125
7456,98710
9618,99900
8683,98770
7082,97613
12375,100147
9587,98386
15131,100364
34774,106184
13633,99662
89587,120570
32075,105074
29730,104592
463190,204787
102884,125233
1779149,494125
2181630,603740
422316,215128
8999,99209
8349,99280
7104,98922
9633,100578
8116,98633
6814,98092
12721,100026
9435,98290
10242,99355
34329,107152
14283,99507
86872,120730
32307,105101
29930,104350
461879,205896
103095,127014
1791508,487598
2193992,595674
424373,213502
7905,100299
8201,99283
6916,98374
9765,99342
8883,98177
7852,98414
12505,99323
9472,98301
11330,99036
33744,106639
13692,98736
86311,121566
31486,104264
30156,104646
459986,205865
103604,125552
1771289,483290
2189144,603102
417609,213518
8292,100191
8065,99498
7441,98554
9367,98724
8569,98092
7673,97514
13059,99904
9568,98163
15089,100169
34531,106602
14339,99848
88802,119531
31309,105462
29773,104995
460477,206042
102893,126413
1785441,489637
2184718,602355
426401,216048
8614,99927
8556,99252
7154,98593
9446,99191
8838,98147
6851,98948
12936,100515
9559,98679
10300,99248
34307,106555
13881,99918
88347,121116
31088,104484
30280,104764
462296,206870
103315,124641
1774009,498588
2188331,603024
424080,216130
8090,101506
8554,99568
7122,99296
8924,99561
8376,99434
7286,98070
12800,99997
9145,98770
10279,100100
34003,106699
14392,99707
85647,119963
31881,104899
30218,104531
459847,204817
103876,126421
1791159,486417
2183748,606630
418319,214623
7826,100463
8278,98670
7034,98160
9633,99467
9004,98564
7630,97994
12974,99541
9877,99173
15503,100146
40409,106526
14141,99892
87836,120245
32076,111099
29605,104248
466569,205358
102948,132403
1785626,482232
2170076,615286
423558,216623
8735,100548
8438,98968
6783,97917
9346,99218
8487,97633
7064,97485
13408,99968
8856,97817
10139,97815
34242,106147
13333,100237
86572,119263
31554,104966
30109,105415
462015,206313
103480,126438
1790691,491348
2172078,598249
423934,216271
8198,98849
8093,98546
6879,97665
9534,99782
8941,98472
8050,97667
12960,99445
9131,98124
10352,92693
34097,106218
14301,99373
87332,120150
31570,105019
30564,105547
460134,205530
104259,125215
1785658,489919
2172751,607158
416560,215692
8164,101151
7850,99297
6914,98591
9505,99628
8548,98518
7460,99277
12751,100229
9611,99629
15703,101039
34502,107477
13754,100646
88125,121044
32200,106242
30170,110816
463885,207106
103413,126960
1774260,483540
2177070,613311
437947,216334
8836,99804
7405,97886
7000,98970
9722,98524
8686,97671
7047,96853
13016,99775
9373,97335
10307,98612
35005,104773
13159,98539
86432,119735
31135,105287
30254,104310
461808,205376
102553,127232
1795367,490225
2175170,604830
421634,215336
8242,101010
7799,98547
6736,97076
8695,98848
9108,97469
7418,96638
12639,99957
10190,98154
10203,97691
33977,106088
13906,99682
86266,118459
31890,103574
30778,104031
462114,206850
104443,127770
1798727,499976
2178904,606879
416275,214940
8527,100231
8168,99767
8351,98978
9771,99192
8771,98307
7685,97437
12921,100401
9666,99181
15613,101958
34559,107014
13710,99697
88320,120305
32563,105602
30180,105155
460786,206705
103420,126023
1782735,484572
2191161,603873
424487,216260
8696,99252
7988,99542
7314,97857
9456,103391
9322,98306
7204,98146
13160,99156
9393,97882
10237,98429
34473,106046
13797,98808
86926,118790
31950,104592
30895,105031
460676,212379
103391,124690
1795161,490256
2183966,607262
423091,220326
8516,100010
8698,99179
6995,97909
8984,99016
9030,97845
7491,97998
12718,100282
9673,98608
10729,99605
33778,106146
13894,100683
86598,119998
32274,105628
30319,104102
459714,206980
103693,126518
1786327,492767
2160813,596126
418053,214520
8263,99601
7987,98927
7380,98380
10485,98734
8601,97845
8007,98237
13720,99253
9632,98470
15159,101172
34407,105836
13616,98460
87853,120334
31968,105586
30072,104889
463962,205721
103594,126019
1788608,486676
2175161,607963
423233,217728
8791,101478
7569,99178
6931,98805
9541,99696
8396,99076
7078,98950
13299,100847
9516,98349
10201,107121
33652,107468
14311,100948
88574,119529
31141,105888
31094,104727
459502,204658
103681,126840
1767205,488212
2195172,607680
434501,215785
8936,100885
8734,98532
7015,98384
9117,97595
8834,98225
7854,98251
12658,99108
9275,98638
10908,99209
33820,106482
14213,100375
87185,119543
32414,104525
30899,105204
464979,207236
103723,125849
1792379,487621
2168476,611025
420730,224068
7978,100689
7955,98449
7247,98240
9365,98233
8640,97402
7761,97865
12855,100423
9753,98841
15340,100246
34591,106647
13387,99186
87760,119560
31977,104400
30113,104569
458564,205116
103110,125249
1782061,492814
2162163,605245
421792,215329
8634,100911
8307,99625
7141,97950
9003,99219
8421,98172
6828,99099
12748,100791
9637,97868
16136,100453
29438,105307
13707,98620
86340,119739
31209,104325
31624,104518
459421,205572
103229,125069
1788408,484951
2176850,609983
418847,215560
8711,102102
7413,98172
6969,98382
10019,99380
9270,99288
7570,97334
12935,100780
8522,99083
15286,101751
34760,106128
13715,100136
87214,120272
30705,104567
30236,105192
459399,204679
102913,127015
1778814,505869
2181811,607363
417381,214884
8144,100153
7454,98610
7162,98764
9823,100424
9161,98914
7760,98302
13539,100250
9081,98680
15066,99759
34488,106152
13788,98580
86565,120028
30410,103683
31345,104165
458626,206677
103509,126106
1781512,487348
2186928,610810
416203,214859
8674,99715
7423,98858
7329,99417
9868,100085
8883,99353
7424,99207
12501,100906
9344,98544
15193,100849
34123,106739
13503,99728
86836,120918
30872,105416
31373,105089
458598,207038
104201,126641
1777901,489908
2190484,599387
416613,217170
8475,99824
7310,98822
6687,98346
9720,99483
8717,97893
7586,98424
12851,99533
9309,98776
15442,100797
34508,107948
13963,100766
87127,122356
31164,105070
30962,105220
461148,206344
104272,124858
1775942,489921
2186208,611611
416447,215183
8650,99517
7434,97975
7296,99273
8920,99275
9330,99469
6987,98117
12506,99805
8724,98890
15045,100515
34763,105937
19311,99674
91706,120588
29990,106604
30723,104654
460870,204777
104257,126939
1761423,483750
2178037,614410
428594,214061
8199,100739
7165,104326
6895,104540
9342,99133
9374,98497
7864,97413
12980,100273
9218,98615
15179,100638
34157,106100
13671,99496
86500,119965
30777,104425
31028,104842
459729,214669
104070,126144
1780497,484956
2168956,605891
422296,218378
9440,100139
8197,98017
7560,99376
10053,99451
9580,98413
7776,97682
12777,99928
8902,97973
15766,100228
34574,105555
13858,98360
87002,120673
30424,104345
30478,104877
457575,204938
103318,126249
1769014,487525
2184858,597881
418109,217744
8772,101920
7445,98905
7021,98633
9874,99254
9046,98356
7208,98488
13218,99212
9240,99410
15841,100730
34620,106456
14266,99422
87621,121284
30853,104608
30676,105429
457331,206131
103453,126065
1784834,497003
2194158,612625
415698,217868
9174,100934
8333,99450
7793,98583
9769,99174
8705,98800
7963,98718
13015,100379
9221,98389
15910,101421
35421,106289
13575,99956
87652,121006
30313,104803
30622,105072
462974,203715
103916,126717
1774897,487132
2185147,605382
421550,216070
7508,100474
7467,99457
6663,99095
9451,101018
8525,98665
7286,97914
12825,100116
8867,99979
15180,100540
34398,107297
13643,99066
86597,121293
30736,104320
30764,106201
456495,207040
104245,126692
1768721,491653
2171185,605999
414370,215739
8389,101271
7624,99094
7090,98683
9893,100499
9015,99270
7841,97979
13425,100014
9325,99106
15658,107186
34752,106827
13933,99895
92217,121157
31183,106429
30653,104445
466507,207075
102894,126506
1756437,486257
2160498,616735
426983,216422
8369,108325
7599,98976
7227,99410
9778,99170
8727,99072
7163,97932
12776,100198
9004,99166
15278,100012
34340,107289
12993,100314
86559,120516
30359,105267
31212,105005
458487,205110
103675,127361
1774084,492278
2173941,608793
418477,213731
8660,99979
7277,97805
7566,98516
9720,99836
9077,99161
7753,97295
12752,99538
9333,98127
15103,100669
34236,106787
13495,99815
87269,121091
30648,105169
30888,105424
458738,204950
103675,127030
1773892,485136
2164159,602876
417376,217267
8389,101152
7676,99591
7095,98657
9735,99054
8874,98106
7402,96714
12737,100268
9403,98962
15384,101177
33657,105923
13584,99672
87356,121005
30562,103958
30828,93878
456590,206412
103507,125234
1769449,485173
2186704,604503
419179,217257
8313,100536
7356,99211
6682,98376
9368,98873
9012,99528
7295,97325
13026,100145
9115,98581
15420,101271
34401,105972
13455,99092
87224,120168
30557,104523
31162,104374
460952,204266
104526,125075
1765419,486952
2176168,604015
418952,214016
8409,100144
7276,97928
7512,90217
9750,99376
9187,97974
7759,98997
12693,99645
9429,98704
15526,100102
34947,106996
13700,104525
87464,125824
31002,104416
30274,104508
466374,205456
109296,126720
1766691,484432
2162758,615417
415007,223529
7679,100628
7366,98431
6903,98040
9638,98681
8870,99213
7563,97768
13309,100843
8811,98993
15587,101120
33961,104495
13491,100298
86294,119761
31260,104291
31156,105078
461848,204780
103994,125591
1770031,484133
2163258,610757
419384,216384
8392,100974
7964,99201
7417,99634
9854,100314
9043,99650
7543,99612
13175,101520
9149,100242
15376,101423
35432,107581
13420,100633
88446,121908
31065,105604
30703,105916
458519,207771
104316,126747
1769680,503056
2183700,606499
419728,216385
8811,99646
7889,99222
6959,98773
10377,98969
9406,99401
7735,98526
12799,100565
8907,98936
14952,101390
34412,106853
14563,101411
87608,121100
30301,105727
30289,105013
457683,206568
103296,127659
1773343,486881
2199150,608020
418536,214175
7911,100147
7615,99697
7547,98953
9268,99177
9302,98600
7302,98643
13426,100540
8896,99513
15184,101373
34301,106185
13046,99475
86111,120585
30725,106048
35993,106497
458052,207176
103638,126117
1755033,485983
2180977,600666
425274,216686
7851,100417
7396,104209
6828,104190
9254,99168
8856,98686
7151,98024
12432,100088
8814,98432
14819,100035
34555,107387
13449,99672
87163,121194
30896,104715
30299,104748
457947,205508
103579,126178
1774853,495002
2168188,606249
415498,213930
8047,100690
7636,99834
6942,100023
9278,100157
9363,98765
6871,97530
13145,100680
8959,98978
15154,101720
34466,106450
13644,99089
87575,120755
30773,106298
30905,104688
461002,206636
103998,125633
1767396,487659
2163902,601675
416957,217217
8482,99853
7800,99062
6979,98488
9835,99612
9473,98781
7710,98237
13076,100780
8860,98711
15345,101776
34800,106160
14499,100117
87675,121586
30894,105833
31294,106051
460622,205753
103781,125427
1781468,485675
2195330,606082
416882,214892
7853,100608
7322,99567
7137,98930
9682,99369
8820,98716
7126,98450
13000,100777
9119,98880
14937,101321
41935,109604
14261,99959
86254,120142
31217,104713
30238,104677
460716,206362
103390,126232
1767125,490118
2186892,607626
415405,217483
8406,100892
8173,98633
7065,99183
9246,99189
8872,99174
7043,97519
13300,100306
8898,98887
14918,100304
35322,106654
13557,99428
86682,122220
30266,104547
30571,105365
454641,205959
104009,127094
1787554,488207
2175786,600230
416665,215957
8124,100250
7450,100190
7348,98734
9259,99726
8757,99342
7219,99883
12798,100058
8892,100305
15491,101166
34801,106124
13697,99190
87095,121225
30575,104898
31083,106022
458297,206502
104386,125139
1780751,491590
2174127,603514
417711,220260
8772,100235
7598,99529
6559,99968
9442,100016
8769,99300
7394,98525
12827,100934
8870,99392
15165,102310
33783,106979
13442,100543
86859,121758
30281,105693
30380,99652
458229,206918
104197,125412
1768188,486802
2187207,599366
413352,217902
7742,101062
6926,99318
7078,99021
9844,100720
9705,99597
7847,98644
13202,100989
9343,99895
15115,101567
34320,108058
13384,100226
86533,121307
31316,106649
30557,111233
459167,206428
104741,128900
1760212,484251
2171008,618096
431412,215799
8352,100447
7305,97852
7802,98572
10230,98895
9253,97263
7380,97949
13451,99734
9455,98915
15711,101054
34826,106942
14130,98832
87754,120716
30294,105331
31342,105938
458942,206583
104163,126647
1780866,493385
2182209,605714
420058,213954
8226,99776
7322,98544
7065,99889
9553,100984
9021,99770
7566,98985
12683,100423
8699,99317
14976,100416
34407,108419
13233,99955
86615,120522
31110,105558
30957,105503
463406,205935
104296,125675
1786868,503068
2184428,609187
418710,215548
8654,98799
7791,98358
7420,99162
10016,99835
9502,98789
7609,98382
13217,99927
9470,98315
15298,100764
34694,106507
13430,99556
87505,121819
30609,105633
30733,104808
458510,205445
103744,127385
1785105,486642
2189802,609320
416427,215841
8578,100408
8173,99796
7834,99509
10371,100320
9154,99020
7424,98711
13192,101329
9151,99546
15332,106233
35052,107602
13997,100645
93112,121349
30404,105285
30267,106077
468904,206773
104124,126184
1765372,488941
2189060,615105
427294,216712
7724,100764
7958,98853
7063,98877
9701,100356
8663,98258
7388,98276
12674,99556
9188,98065
14891,101755
34562,106913
13216,99313
86733,121777
30437,104527
30760,105795
459345,204972
104225,126644
1776158,487751
2174088,604843
417751,216759
8085,98835
8278,98346
7405,98768
9789,99516
9402,99058
7474,98151
12944,99714
9277,98185
15384,101137
34735,106893
13540,99293
86242,120407
30542,105006
30328,105460
455533,205582
103667,124273
1773700,492625
2178101,604287
416976,216781
8577,101255
7792,98298
7024,98445
9828,99306
9684,98972
7452,96891
12766,100627
9527,98855
15441,100676
34942,106762
13672,99980
86844,121544
30687,105017
30718,104895
456715,204705
103873,125542
1783744,485553
2189893,605527
418670,215802
9065,101136
7959,98718
7135,98988
10059,100517
9009,98640
7585,98246
13100,104223
9487,100024
15032,100991
34997,112310
13518,99063
86738,120438
30443,105531
30994,105590
466989,207773
105319,126593
1774964,489749
2171151,604611
418802,213390
8077,99889
7664,98364
7232,98447
9916,98639
9051,99047
7383,97967
12792,99997
9384,98952
15355,100315
35812,106348
13625,98777
87333,121188
30791,105057
30744,104915
461697,204632
103317,126287
1786073,487512
2176203,603601
419580,215000
8308,100243
7302,98080
7537,98658
10240,99537
8911,98686
7439,99130
12627,99929
9095,98557
15267,100876
34682,106568
13479,99600
86086,121766
30294,105701
30255,104415
457214,205846
103233,126539
1779263,483852
2185424,609610
422109,214724
8607,100858
7485,98901
6953,97861
9256,98992
9136,98427
7864,97196
12253,99731
9124,98050
15210,100499
33871,107840
13345,99807
86231,120431
31036,105741
30337,106107
458423,205066
103350,126756
1765434,480796
2194890,605542
415421,207684
8093,95632
7619,88749
7319,98687
9876,98630
9200,98456
7834,97887
12695,99362
9117,98469
15480,100154
34253,105989
13288,99301
87398,121693
30459,104845
31256,105183
459323,206049
103802,125745
1795260,488057
2158969,602122
417829,215946
8559,99233
7551,97797
6607,98416
9781,98933
8858,98901
7207,97665
12740,100602
9352,98674
15398,101443
34361,106701
13338,99374
86388,121001
30513,105304
30681,104729
458169,204285
103104,126236
1772717,499866
2178796,602542
416619,216282
8135,99025
7987,98994
8083,98269
10274,98925
9230,99046
7442,97341
12558,99737
8905,98214
15451,100056
34122,106628
13320,99811
86649,121318
31883,105556
30219,105525
457288,206591
104356,126291
1772126,497942
2189604,610996
421809,216526
8498,98299
8320,98123
6829,98053
9367,98858
8993,97906
7295,97615
13209,100634
9456,97910
10014,98702
34107,106699
13810,93085
88332,120013
31872,110323
30251,105208
467497,206140
103105,132852
1769732,490603
2174192,614003
425295,224259
7890,100145
7937,98459
6936,98587
9012,97624
8824,98127
7256,97236
12699,98953
9195,97978
10349,98677
34087,107133
14334,99249
86537,119090
31255,104181
30152,105382
461560,204941
103671,125486
1795815,490471
2170544,606727
420005,217255
8475,101518
8740,98882
7311,99259
10887,99892
9184,99010
7594,97867
12785,101154
10020,98953
15424,100639
35271,106360
14730,99428
87917,120310
31929,106005
30243,104193
461655,207112
104271,126309
1789236,489160
2178627,608708
424269,217060
8709,100884
7852,99138
6714,98105
9562,99495
9117,98619
7019,98213
13339,100168
9430,99317
10113,99816
34017,107117
14210,99764
86652,120707
31564,105143
30743,111474
461684,206696
103435,127902
1767550,485875
2174274,598994
436902,219650
8392,100488
8461,103373
7067,98450
9759,98695
9141,99223
7512,97823
13127,99443
9020,97889
10544,99222
33937,105576
14252,100230
87904,119446
31462,105284
30760,106114
458795,205626
103828,126368
1784392,489202
2171442,607730
417894,217674
7851,100450
8022,98829
7658,98105
9547,98878
8893,97898
7670,98128
13943,100709
9816,98589
15440,99838
34591,107484
13943,99289
86867,120830
31683,106243
29930,104739
461913,207152
103222,126400
1798947,495675
2180217,606832
423134,219337
9331,99417
9332,98550
7370,98098
9462,99796
9089,98723
7000,98006
13140,101684
9611,98055
10417,99992
34350,107188
13712,99245
87068,120467
31567,105616
30348,106010
456994,206276
103352,126111
1781405,487130
2172935,605533
420874,214885
8672,99312
8366,99406
6672,98289
8711,104181
8804,98345
7168,104156
13142,100345
9493,98909
10948,98075
34326,106133
13555,100434
85929,119711
31172,103891
30579,105195
460208,211389
104904,125034
1780494,486639
2175031,606284
418376,216711
8912,101086
8120,98647
7580,98436
9369,99114
9171,99789
7800,97499
12787,99682
9328,98367
15183,100336
34420,106301
13572,99062
87710,120480
31940,106065
30291,104669
460366,205760
103891,126125
1790716,489125
2185122,606819
424306,216603
8748,99303
8587,99400
6793,98382
9662,98785
8930,98220
7395,99232
13573,99885
9711,99208
11172,99677
34504,107236
13442,99309
87018,121341
31507,103953
30948,104245
458380,206613
103286,125731
1783300,488795
2181378,609353
424265,217349
9253,100235
8900,100362
7361,98987
9727,99818
8810,99585
7478,98919
12996,99766
9430,97746
10677,99879
34073,106412
14191,99590
87025,121457
31252,105077
30583,104627
464489,206248
104053,126210
1784937,496335
2171982,604224
417495,214353
8199,100584
8414,99343
7360,99277
9318,98932
8692,99214
7597,98869
12919,99303
9923,99007
15447,100490
34637,107192
13886,99356
88054,120728
31878,105493
30174,104882
461648,206768
104134,127043
1783657,490445
2190760,605882
423308,218137
8655,100616
8724,99343
6874,99551
9825,100233
8690,98300
7187,98346
13211,101328
9159,98254
10403,100031
34232,107173
13812,100131
88147,120693
31200,105938
30221,105271
459620,205984
103156,126166
1761684,485509
2194058,607107
426651,215436
8373,101404
8088,100278
7417,98647
9422,100347
9105,99234
7420,97639
13003,100241
9436,99024
10068,98155
33943,106906
13788,104415
86590,125197
31774,105221
29931,104037
464485,205862
103198,126144
1786193,486406
2165657,621668
426230,216874
8310,106765
7880,98633
7623,98230
9550,98293
8822,97821
7633,97487
12987,99215
10335,99601
15651,100099
34549,106257
13819,99741
88217,119890
31843,104962
30094,104143
457472,205802
103747,125494
1780745,491171
2169687,603761
425912,213325
8825,99843
7994,98497
6523,98171
9255,99445
8588,97416
7063,98192
14091,100625
9407,98020
10256,98720
34526,105612
14110,99685
88190,119227
31446,104273
30843,106441
459362,205062
103759,126438
1771872,492643
2170218,610960
426528,217992
8418,100358
8763,99196
7380,98894
9721,98802
9406,98577
7936,98065
12831,99855
9640,99252
11331,99981
33855,108062
14649,100015
87091,120478
32114,105532
30815,105024
459368,205356
103709,124987
1779150,497837
2173367,603750
420630,216695
8296,101411
8085,98445
6995,98251
9537,99189
8665,98569
7567,97524
12911,99994
10180,98388
15324,101007
34576,106296
13975,98267
87893,120362
31839,105590
29957,104336
461908,205761
104747,126404
1781664,482784
2186787,607408
421982,218360
8868,100113
8516,99218
7192,97476
9971,99975
8797,98149
7205,97113
12822,98694
9961,98945
10858,99339
34686,106455
13829,99478
86656,120562
31222,104272
30366,103781
457740,206345
103048,124754
1774891,485925
2172404,608890
423947,217504
8315,100467
8333,99000
7416,99291
9085,99906
8829,99375
7402,98919
13043,99765
9791,98989
10462,99319
34995,106282
14086,104843
86530,127866
31376,105469
30986,104554
464450,206795
104375,127117
1771210,489157
2160701,618003
425216,216880
8284,106999
8112,99182
7352,97616
9799,98991
9277,98318
7234,97759
12964,99226
10212,98276
15155,101724
34206,105884
13477,98608
87292,120281
32014,105209
29824,105383
459612,205712
103202,125268
1781009,490232
2159067,604041
422210,216425
8335,100036
8487,99233
6736,98154
9707,98477
8686,98073
7366,97953
13076,100012
9437,98911
10151,98464
35187,106719
14271,100843
86527,120327
31726,104611
30998,106382
458704,206209
103662,127134
1777920,491199
2163392,601156
425803,216309
8677,101199
9157,99868
7640,98366
9264,98941
8582,99765
7262,97433
12849,101011
9473,98272
11303,99218
34198,106801
14124,99225
86989,120017
32024,104308
30795,105040
461313,206887
103234,124881
1773242,492906
2168418,605085
416318,218243
8075,101428
8831,99071
7863,98512
9409,99184
8442,98922
8404,98658
13357,100930
10063,98936
15182,100789
34262,107474
13648,100132
88633,121005
31778,105672
29769,105047
457416,206353
103731,124934
1777796,490375
2192498,607068
426043,216831
8902,99588
8576,100276
7199,98231
9442,99454
8838,98484
7162,97961
12778,100345
9228,98725
10297,99711
34593,107101
13747,99587
88255,121273
31827,104844
29910,110796
458377,206175
104072,126204
1765444,486345
2170606,606010
434491,216764
8201,100589
8587,99622
7550,99036
9134,99108
9414,98414
7239,98989
13550,100453
9183,99043
10641,98938
33795,106539
13678,99634
86149,121307
31250,105461
30672,104852
454326,215350
104624,125849
1777113,484876
2172885,600570
421318,217336
8855,101608
8615,99415
7433,99482
9598,99804
8508,98138
6729,98393
12322,100094
9849,98779
15181,101066
34228,106320
13440,99206
87041,121000
31718,104882
29591,104666
461044,205986
103354,125672
1779938,490017
2170210,601238
423719,218310
8600,100980
8440,98844
6787,98581
9153,99416
8587,97547
7510,99482
13258,100417
9064,99579
9933,98779
33827,106573
13713,99984
86698,120058
31174,106018
30914,106018
455815,205262
103692,127604
1772759,497572
2188671,607381
425989,215591
9283,100091
8855,98962
7052,98063
9382,98199
8707,98259
7199,97750
12617,99156
9663,98302
10504,99438
33851,106313
13495,100480
86599,119344
31996,105223
30293,104246
458109,205138
102704,125680
1768047,483917
2164103,606195
417643,214398
8588,100423
8036,99255
7674,98447
9932,99499
9018,98650
7868,97851
13024,99602
9792,99346
15502,101943
35046,101550
13714,99852
86987,119832
31887,105866
35382,104992
458377,206772
103768,127249
1762280,486246
2176212,605908
431588,217372
8971,99803
8478,98721
7527,98894
9335,98604
8783,98944
7031,97808
12896,100289
9703,98212
10336,98237
34207,106562
13909,98940
86352,120777
31137,104412
29962,104979
455220,212279
103124,126113
1774082,487174
2169789,603302
426699,217089
8916,100350
7764,99342
7622,98301
9769,98466
9234,98344
7657,98625
12961,100422
9086,98269
10726,99308
34365,106342
14754,100454
87636,120340
32356,104890
30727,104734
458125,205787
103446,126714
1786256,492419
2165091,600469
420270,215610
8228,101038
8351,98824
7122,98808
9631,99814
8582,98028
7783,98020
12422,100124
10252,98010
15439,100601
34376,105829
13663,100639
87900,120421
32413,104995
30284,104349
460666,205489
103213,124800
1770676,494515
2182627,608764
425102,215369
9174,100084
8607,98799
7636,98016
9911,99108
8598,98234
7172,98715
13094,99904
9603,98662
10547,99192
34105,107310
13826,100155
87602,120312
32282,104873
30466,105522
460263,205080
102903,125726
1765402,489566
2171168,602071
423899,216782
9190,101243
8303,98883
7422,97260
9312,98117
8785,97942
7736,98267
12696,100441
9179,97844
10501,98858
33965,107123
13854,99810
86569,120432
31640,105303
30593,104261
459281,205737
103242,127855
1761067,486843
2168522,611636
428408,214456
8721,100833
8118,98211
7431,104037
9831,99854
8893,98031
7812,97365
13445,99838
9642,98617
15195,101376
34864,106213
14049,98936
87393,120574
31885,105282
30767,105044
456425,206113
103335,125461
1784745,490541
2165237,603213
425517,215311
8508,100098
7839,98774
7084,98184
9403,99709
8237,98859
6911,97945
12714,100295
9438,99380
10299,99719
34367,105776
14084,98395
86394,120217
30997,105392
30121,105187
454785,207460
103259,126232
1766451,489399
2177563,604800
421138,216145
8683,99261
8526,98263
6813,98302
9476,99085
9089,98468
7473,98208
12913,99356
9246,97436
10567,99247
34347,106641
14229,100428
87031,120511
32010,105288
30585,104979
459555,205855
104634,126401
1782766,489685
2181868,604985
417921,213670
8116,101209
7786,99182
7510,98242
9882,99630
8935,99046
7805,97419
12866,100626
10252,99343
15932,101413
34513,106581
13351,99640
87258,120791
31785,106214
30564,104744
462677,204277
103216,127350
1769943,487524
2172163,604089
426732,216489
9112,100132
8553,99718
6654,98406
9446,100469
8678,97955
7153,98541
12888,99403
9445,98358
10500,98647
34068,107107
13164,104510
87887,125051
37594,106227
30318,105254
465970,206979
108678,126921
1764318,492407
2168548,610432
429194,218314
7954,100161
9305,99463
7518,98873
9319,98652
9101,98927
7397,97315
12980,100380
9592,99011
10440,99531
34753,105981
13531,99371
86902,121186
32310,105996
30545,104853
457025,205546
103453,126178
1791704,488653
2155647,600267
420464,213814
8443,102285
8012,99243
7069,98017
9375,99193
8498,98639
7311,98070
12795,99417
9612,98686
14823,100879
34216,106657
13350,99512
87643,120081
31252,105359
30032,105237
456465,205208
102906,126710
1777865,493682
2187049,608339
425890,215774
8502,99757
8202,96885
7429,97685
9289,99185
8678,96414
7304,96697
13265,99030
9543,97338
10131,97566
35080,105832
13871,97932
87457,119745
30966,104288
30227,104339
460901,206395
102794,126712
1763785,491560
2175288,604827
423705,214656
8138,99695
8393,98637
7150,97478
9290,99314
8648,98347
7390,97907
12483,98865
9591,97708
11121,87538
34646,104881
14128,99124
87194,120108
31713,104824
30357,104386
461393,205539
104351,125047
1770050,486872
2185671,605824
417241,215208
8657,100346
8093,99074
7590,98605
9267,98253
8384,103169
7426,97462
12291,99465
9495,98047
15092,101780
34415,106193
14628,98937
87242,119835
32061,104725
29016,103773
459614,213078
102954,124691
1772435,484723
2163021,602256
426641,216770
8410,100193
8012,99198
6832,98314
9571,98252
9061,97945
6761,97858
13004,100396
9333,98090
10274,98630
34025,107200
13302,99754
86600,121244
31282,104404
30427,105495
459716,205512
103339,127002
1790110,489955
2168112,602862
428303,216282
8395,99276
8123,98707
7144,98807
9546,98879
9051,99060
7711,98653
13304,101511
9185,100052
10881,99846
33604,106117
13966,100419
87354,119926
31288,106619
30632,105180
458897,205924
103744,126284
1782609,488151
2189775,604658
420094,215411
8486,101204
8138,98483
6659,98643
9263,99872
8337,99004
7575,98403
13016,100054
9329,98867
14932,100835
34154,106200
13459,99523
87012,120337
31827,105698
30367,105805
460080,206525
104404,126109
1763096,487026
2181268,598192
426129,216143
8168,99456
8286,99240
7157,98115
9762,99847
8927,98286
7017,98369
13158,100169
10105,95193
10262,105636
34702,106851
14086,99082
93393,119111
31712,103821
30037,103549
467751,206023
102448,125709
1775319,484562
2170077,616650
431366,215543
7860,100609
8016,99254
6912,98047
8936,98874
9025,98147
7924,97234
12717,99377
9334,98291
10458,98707
33450,107506
13818,99443
86943,120561
31541,103673
30136,106149
459224,207186
103761,125974
1791533,487841
2159069,601514
417677,215942
8379,100716
8067,98634
7363,98460
9495,98836
9374,98528
8251,98117
12965,101112
10322,98530
15103,100730
34943,106830
14258,99487
87484,119953
31921,105961
29982,104027
460127,207238
103032,125316
1774189,499031
2194506,607759
424639,216455
8755,101349
8453,99519
7262,98536
9312,99683
8613,98238
7252,99406
12644,100669
9289,99150
10203,98868
34103,107305
14258,99429
86715,120547
31114,104546
30046,105084
459335,206940
103179,126527
1761616,487640
2187322,609487
419505,217004
8938,100705
8640,99038
8266,98761
8994,100015
8997,98662
7395,98200
12920,100442
9408,98155
10670,99256
33962,106119
13984,105094
86223,126856
31882,106732
30476,104746
464860,206602
109840,127716
1775348,486743
2179606,616660
416761,224922
7702,100973
8242,99093
7388,98718
9610,99115
8751,98533
7409,98443
12911,99766
9756,98761
14791,100261
34680,106956
13662,99950
87139,120958
31475,105343
30292,105379
462143,206227
103099,127282
1780605,484985
2175794,600043
423973,216890
8601,100773
9113,99301
7048,98303
9601,99687
8936,98949
7332,98858
12922,99544
9507,98856
10557,99975
34472,106426
14283,100186
88455,121204
31629,105215
31138,105407
463171,207125
102888,126887
1775041,497283
2186101,600062
422365,219572
8956,100498
8480,99376
7100,98390
9005,98403
9048,98335
7329,97626
12824,99344
9213,98386
10787,98698
33941,106559
14430,99802
87023,119454
31593,105499
30721,105363
458867,205692
104294,126779
1786925,488430
2192735,603402
418237,215831
8300,101193
8239,98594
7413,98156
9247,101068
8683,98534
7103,98317
14032,100848
9928,99422
15267,106531
35490,106701
13617,107135
87716,126748
31618,106119
29855,97066
467695,206200
112229,126089
1780226,484924
2170857,615264
429334,218992
8780,100817
8253,99497
7170,98968
10054,99621
9246,97758
7912,99467
13260,99871
9793,98431
16366,100690
30796,105349
13703,99798
87011,120365
31139,104836
31300,105871
459603,206750
104416,125496
1789029,490327
2171764,604893
419706,214779
9318,99368
8771,99154
7447,98719
10283,99754
9874,98927
7408,97939
13655,100650
8828,98007
15502,100686
33879,106597
13439,100206
87114,121321
30494,104878
31207,104943
460990,206594
103630,125742
1787473,485491
2182217,604231
421277,214794
8262,100256
7207,98103
7240,97658
9688,98856
9154,98389
7730,97955
13202,99287
8813,98398
15120,101047
34699,105480
13649,99605
87312,120021
30532,105025
30901,105864
461970,208033
103917,126471
1779697,487180
2198832,606185
418372,216055
8576,100736
7809,98419
7416,98137
9859,98392
8828,99007
7321,97772
13183,100627
9105,98058
15922,101122
34951,105982
13491,99486
87314,121561
30769,104843
30975,104966
458160,212159
103694,127001
1772752,482502
2174203,601479
420327,215426
7658,99545
7563,98963
7086,97676
9364,99775
9235,98219
7531,98367
12740,100802
9025,98743
15189,100932
33751,106361
13430,99969
87117,121179
30596,104097
30837,105096
458941,206861
104160,126633
1778440,495403
2172798,597813
419167,215449
8995,100825
7537,99383
6943,99265
9486,99768
8735,99800
7481,98902
12562,101413
8543,99315
15129,100682
34150,106995
13070,99952
86299,121374
30791,107059
31342,106047
463801,206116
104205,126395
1777043,488068
2180483,603317
418577,217710
9172,100883
7849,98677
7152,98701
10155,99429
8767,99618
7423,98005
13748,99980
9103,97840
15644,106736
34391,107501
19329,100046
86460,127029
30939,104692
30266,105031
465833,205974
104787,126352
1775429,490260
2176495,610952
426371,217780
8659,99578
8098,97444
7230,97711
10733,98547
8634,97967
7667,97483
12899,100660
9277,98345
14985,100348
34256,106149
13543,99307
87912,120061
30797,105067
30684,105106
459381,206089
104227,125563
1781456,491516
2158849,596280
414896,213662
9360,100282
8589,99855
6956,98903
9568,100191
8630,99080
7588,98529
12703,100912
9652,98723
15120,101311
34465,107826
13652,99565
86983,121510
30594,105994
31005,104043
462919,206810
104595,126616
1799454,490798
2191727,603290
421644,216231
8558,101122
7822,99114
7368,99793
9692,99939
8960,98521
7583,97761
12540,100508
9095,98892
15055,102075
34978,107739
13668,100914
87419,123795
30558,106194
30395,104936
457159,207817
104580,126452
1768935,487232
2196740,605046
415471,217743
8842,101204
7263,98926
7407,99060
10103,99735
9240,98864
7608,99791
12914,99943
9417,100337
14915,108679
34620,107111
13205,99755
87057,121915
30673,105698
30811,105270
459982,205332
104656,126335
1760816,492883
2176471,601920
430359,217179
9406,102012
7783,98969
7055,98819
9580,100655
9508,104618
7092,97963
12589,101709
9219,97993
15493,100921
34776,107141
14254,100702
87307,120346
30997,104466
30750,105824
460740,206202
103686,126203
1755018,487761
2183329,619996
422336,224298
8574,100322
7955,98832
7210,99016
10163,99569
9198,98798
7787,97545
13334,100536
9197,97924
15589,100663
34401,106742
13884,101163
87486,120844
30856,103888
31263,104648
460576,205551
104336,125646
1770146,488398
2176340,599499
418635,215283
9163,100068
7460,98820
7265,99594
10320,100313
9228,99336
7504,98859
12895,100482
9234,99308
15239,102021
35061,107186
13771,100604
86528,121571
30817,105303
30481,105874
457415,204622
104405,125812
1777168,493978
2181196,606033
417162,215259
8526,100674
7737,100293
7607,99585
9815,100554
9495,98978
7384,100661
13002,100322
8889,99244
15177,101029
34324,107667
13867,100335
87093,120908
30801,105448
30656,104766
457988,206196
104163,125934
1768540,502041
2194085,606337
419234,215030
8544,100830
7510,100173
8027,99038
10608,100382
9510,99233
7380,98595
13351,101368
9411,99887
15153,101406
34357,107641
14198,100412
86975,121837
30616,104848
30530,105368
455034,205088
104080,125667
1773033,485460
2186149,608978
418785,214941
8310,100998
7035,99261
6757,99360
9432,100410
8896,100128
7403,99042
13024,102050
9504,100867
15127,101200
34561,107741
13515,101384
86406,121790
30582,105223
30387,105173
459350,205760
104160,127730
1771876,488601
2182525,606214
419601,216616
8128,101838
7672,99785
6517,100171
9634,100680
9128,99123
7434,99518
12664,102003
8810,98748
15192,100983
34216,106694
13324,100470
86978,122528
31154,106155
30807,105693
462656,206949
104132,126460
1771081,486461
2195785,610633
418853,216006
7871,100375
7572,99464
7426,99369
9506,100515
9080,99090
7684,98626
18594,100657
9074,99295
15058,101261
34858,107019
13685,105183
86962,126903
30797,104707
30176,105322
467573,205422
103918,127240
1763324,491346
2178955,633043
427080,221555
8323,107202
7389,98100
7074,99252
10016,99368
8931,98192
7426,97134
12694,100055
9072,98019
15571,101317
34910,106433
13338,98865
86827,121098
30541,104444
30657,104371
454833,205484
103866,127831
1786246,491504
2176370,600915
418718,216574
7873,100496
7622,90597
7416,99151
9890,100353
9307,99403
7699,98275
13266,100985
8943,98920
15450,100321
34236,106640
13972,100063
87552,121785
30584,104656
30698,105448
455446,206223
104949,125719
1782781,489366
2165227,608933
418825,215158
8093,100332
8376,98287
6684,99015
9902,99689
9543,98912
7629,97426
13090,99504
9439,98342
15137,100432
34875,107056
13562,100775
86946,121728
30507,106276
30724,105193
459110,204933
103202,127400
1769005,499688
2182243,610263
417722,214784
9048,100558
7746,99688
6753,98809
9821,99115
9109,99508
7603,98453
12630,100426
9300,99640
15430,101686
34189,107956
13189,100195
87468,120988
31039,106082
30669,105750
461749,206020
103311,126242
1778382,484818
2197842,611734
419109,214021
8258,99410
7385,99819
7506,99107
10157,100225
9117,98370
7609,99056
13001,100677
9300,98545
15533,101222
34343,106839
13737,100648
86736,121658
30567,105430
30228,106091
470365,204419
104615,127531
1768278,484613
2193231,607528
418012,216823
8589,101426
7772,99079
6762,98747
9363,100295
9636,98373
7600,98284
13038,99639
9488,98428
15364,100283
34479,107920
13897,104847
86880,126470
30748,105152
30488,98675
466779,206486
103680,124710
1770005,493067
2185808,619180
429324,218387
8342,108459
7730,98664
7446,98878
9998,98727
9576,98613
7861,97898
12977,99345
9411,98186
15723,100697
34936,107082
13464,99876
87981,121481
30758,106502
30587,105304
458305,205397
104586,125577
1779796,488686
2182525,607903
419148,214110
8529,100218
7787,99036
7622,98904
9777,99648
8447,98419
7516,98694
13027,100701
9495,98663
15735,101279
34325,107783
13882,99587
87047,120352
30542,105010
30703,105714
460005,205796
103628,126535
1768201,495713
2174951,599134
418153,214957
9189,100733
7372,98769
6605,99262
10259,98525
9571,99025
7299,99371
12833,99706
9059,98341
15315,99473
34706,105896
13732,98476
87218,120188
30743,104823
30822,104595
458206,205121
103864,125666
1772156,496502
2177788,604363
416160,218047
8800,100647
7814,98570
7672,98425
9681,100624
8457,99874
7331,98837
12953,99603
9357,98567
15470,100238
34985,106861
13630,98974
86760,121271
31225,103629
30833,104649
457089,207920
103769,126850
1776359,493189
2193689,608450
421083,216026
8672,101053
7468,98393
7009,98823
9566,99447
9067,99751
7664,98223
12881,100703
8873,99621
15308,100864
34039,106250
14013,99219
87461,120092
31149,104728
31208,105275
457700,205389
103662,126897
1756621,486533
2186823,608270
417020,217115
7817,102501
7463,99176
7320,99618
9446,106320
8769,99092
7186,104244
12746,105634
9896,99802
15247,101613
34373,115863
13865,99794
86999,120733
30548,111303
30401,106054
467954,207651
103328,132355
1769380,481683
2166877,615328
419455,223937
8183,100076
7300,98838
6609,98068
9635,98453
9127,98204
7203,97136
12980,99769
8954,98329
15453,101360
34627,106714
13854,98583
86866,121097
30481,105013
30652,105050
460040,205309
104239,124828
1769373,486304
2171813,602665
415347,213859
8488,101446
7524,98343
6873,97604
9478,98370
8737,97961
7655,97112
12967,100417
8664,98028
15124,100395
34747,106031
14161,99036
86888,119981
30563,104497
30081,104918
454380,206012
103908,125046
1762146,501102
2190881,608671
418791,215883
8598,101174
7169,98975
6844,97947
10276,100243
9013,99169
7861,98273
13034,100438
9089,99551
15377,102770
34033,106773
13278,99880
87349,121536
31025,104948
30401,105760
459418,207451
104680,125657
1770748,492147
2191875,605781
415965,217691
8669,101713
7623,99285
7637,99323
9514,100043
8865,98475
7200,98859
12372,101595
9140,99202
14865,107318
34153,106987
13625,100366
93345,121613
30748,104603
30303,105562
467522,204922
104380,127110
1762440,486006
2181145,615063
424869,215986
8227,107463
7544,98312
7115,98496
9385,99211
8698,98734
7397,97691
12875,100462
9607,98824
15304,100293
34348,106202
13730,99629
86951,121793
31341,105450
30686,104679
459019,205065
103515,125787
1777348,489414
2165961,603088
419265,214407
8091,100042
8011,99034
6956,97664
9721,99712
9109,99125
8285,98452
13284,99342
9343,98621
15477,100329
34980,107673
13677,99503
86440,120708
30981,104716
30548,104658
460492,205713
103966,125654
1772396,496159
2178468,602634
419733,217591
8541,101308
7311,99680
6763,98508
9968,100052
9282,99122
7498,98111
13300,101673
9235,98923
15185,101048
33862,107007
14056,100296
86768,121111
30839,105259
30584,105929
458755,206566
103426,125795
1779505,489077
2178199,609912
418207,214532
8476,100465
8022,99030
7701,98648
9577,99919
9850,98563
8203,97772
12655,100912
9339,98388
15749,100005
34836,107071
13739,105130
86726,128296
30648,105189
30708,105517
464823,205277
110552,126707
1777864,484235
2170936,612390
420220,224111
8217,101323
7413,99841
6977,99245
9307,99318
8572,99071
7335,98009
12560,100151
8788,98022
15408,100701
35453,106397
13642,99182
87098,120481
31160,104843
30591,104416
456004,205550
103416,125867
1776006,484844
2174651,602674
419420,216741
8417,100559
7610,98898
7178,98278
10123,99274
9450,99098
7766,99241
12865,100020
8982,99869
15364,101376
35040,106694
13885,100055
87604,120528
30559,104551
30437,106124
461686,206427
104674,127582
1769757,481699
2186031,605849
416812,214946
8370,100052
7465,98991
7244,99462
9753,100519
9009,99137
7675,99128
12869,100370
9377,99031
15344,101692
34499,106698
13437,99494
87300,121125
30740,105961
30373,105277
457090,207485
104164,126789
1784165,487755
2173398,600767
415379,214460
9316,101319
7797,98833
6896,99217
9214,106680
8712,98055
7377,103573
13215,95230
8751,105376
15797,101675
34335,106188
13315,100060
86617,118960
31213,104818
30122,105048
468106,206564
103913,125431
1779846,493758
2166923,610060
427871,219012
8818,100293
8018,99402
6667,99750
9552,98715
9131,98208
7260,97517
12766,99634
9936,97996
10328,100403
33971,105812
13449,99057
86658,120043
31473,105013
30089,105104
460818,206706
103701,124269
1795227,491308
2179745,605708
424269,217469
9986,100995
8740,99642
6999,97871
9357,98191
8681,97521
7550,97951
13294,99042
9488,99059
10606,97671
34197,105572
14114,99794
86688,120176
32047,105184
30346,103862
463907,204735
104644,125708
1790296,485198
2190451,598259
418947,217099
8723,100860
8278,98585
8322,98908
9530,100308
8600,98909
8085,97526
13984,101227
9346,99748
14938,101653
35097,106981
14107,100172
87871,121010
32821,105416
36160,94678
465359,206075
103168,125320
1785310,485089
2190611,610257
438016,217730
9197,100334
8303,104989
7262,105337
9414,98896
8360,98002
7521,97706
12980,99753
9154,98463
10492,98467
34498,106073
13758,100090
88142,120117
32012,105156
30984,105003
461128,206603
103773,127752
1789779,486914
2177061,602074
425941,215958
7932,99915
8202,98711
7031,98090
9081,99024
8544,98609
7834,97441
13162,99745
8900,97837
10680,98765
33629,105872
14714,99914
86554,120622
31098,105766
30598,105473
461318,205792
103311,125836
1786196,496930
2170021,606133
416516,213448
8673,101096
8271,99285
7168,99244
9499,99457
8338,97773
7298,98213
12867,100148
9983,98890
15764,100214
34702,106583
13465,99435
86693,121776
31005,104495
30342,105663
458277,206267
104182,125938
1788647,486293
2177863,608271
422367,218841
9274,100404
9039,99144
7630,98227
9839,99432
9036,99951
7079,99094
13663,106072
9880,99615
9973,98237
34953,111447
13606,99523
86703,119534
31375,105543
30302,104366
457773,210791
103244,124554
1785906,485088
2158542,607247
426266,218118
7724,99376
7963,97988
7015,97847
9096,98211
8702,98148
7548,98246
12508,99855
9441,98281
10808,99062
33795,105511
14084,99655
86461,120063
31413,104503
30508,103968
459639,206250
103351,126074
1796127,488718
2147199,605963
419069,215877
8466,101223
8220,99947
7792,98256
9856,99721
9085,99805
7177,97783
13093,99518
9789,99612
14697,102028
34573,106147
13630,99447
87135,120197
31459,106503
29716,105534
462936,206034
102914,125730
1786108,487940
2182713,602736
424842,216358
8714,99193
8889,98808
7339,97710
10604,99399
8684,98112
7566,98452
13133,100244
9652,98812
10041,98358
34485,106385
13945,99838
86369,120388
31554,104965
30320,104912
469869,207246
103344,126806
1791475,490053
2173140,616030
434286,219091
8381,99193
8084,98772
7050,98559
9713,98897
8732,97508
7233,97848
12437,99159
9200,98238
10196,99163
33914,106126
13562,99732
86855,120564
31260,104254
30145,103784
461618,206034
102996,126765
1799842,491915
2174751,604046
419771,215204
8340,100776
8110,98374
7133,98161
9360,98801
9128,98474
7722,97615
12905,98731
9807,98153
14718,99509
34624,106297
13567,99098
87952,120335
31820,104149
29760,103849
463130,205064
103640,124031
1775962,498173
2176428,605245
425768,218620
8486,101052
7949,98336
6633,99140
9582,99735
8652,97760
7228,97361
13156,100284
9653,97841
10290,98478
34354,107511
13405,99687
86712,119824
31172,104726
30291,105115
459611,206271
103495,126012
1768858,484612
2190911,606489
425890,218002
8168,100535
7889,98751
6977,98943
9539,99913
9031,99501
7451,99584
13193,101354
9643,99253
11262,100434
33988,108028
13909,100931
86766,121515
31692,105806
30553,105879
459011,207303
104350,126896
1779961,498178
2184743,602339
415227,216377
8092,100413
8070,99116
7267,100000
9860,101582
8316,98765
7688,99192
12934,100742
9723,99152
15419,101633
34805,107431
13444,100830
87102,120176
31630,107552
29995,105535
460169,205989
103885,127365
1771739,488311
2184723,605974
423010,216185
8495,99834
7567,99232
6789,97888
9277,99155
7968,98501
6871,98258
13050,100649
9511,99150
9986,104294
34708,106951
14299,100408
87336,121348
31640,104660
30334,105357
461605,206841
104282,127766
1769325,486548
2190942,605022
437198,217161
8694,100775
8288,99346
6723,98366
8794,98505
9192,98825
7784,98888
12658,99457
9572,99496
10395,99643
34497,106947
14016,99454
86695,120357
31801,105170
30860,105323
463074,205286
103608,126251
1774688,487498
2163832,618897
416524,222222
8104,100336
8280,98770
7212,98421
9644,98441
8494,97364
8044,97233
12946,99737
10384,98509
15675,100937
34148,105947
13764,99394
87009,119667
31640,104560
30205,104699
459921,205806
104137,125923
1794063,490002
2170921,613075
424563,217219
8072,98503
7894,97808
6434,97749
9557,98724
8566,98671
7442,97972
13342,100012
9388,98538
10574,98896
34167,106990
13993,100535
86555,120879
32017,105898
30346,104176
461109,205485
104128,123923
1782894,488114
2173619,602357
423896,216563
8067,100530
8183,99868
7185,99467
9310,98452
9113,99478
7269,97310
12738,99686
9361,97970
10730,98877
34317,106680
14113,99767
86569,119270
31492,104808
30136,104725
460926,206759
103875,125238
1770991,487739
2185086,599462
422761,214107
8129,99864
8599,99168
7998,98820
9777,100151
9198,98556
7794,98644
12799,100145
10066,99689
15348,100154
34724,105688
14147,99053
87316,120439
31484,105436
30117,104420
461278,205258
102833,125742
1775478,486340
2188471,616366
423552,216533
7915,100225
7891,97825
7023,97867
9685,99630
8837,97268
7251,97920
12817,99889
9241,97952
10128,98340
34632,107397
14140,98530
86952,119591
31127,104017
30281,104553
461317,205238
103870,125065
1766770,486002
2186484,606835
425928,215566
8108,100612
8575,98276
8020,92534
9640,98913
8908,98866
7850,97451
13098,99034
10464,98634
10793,99134
34175,106222
14516,99625
86885,120419
31427,105255
30535,105243
459464,210662
103537,126291
1782895,489973
2164708,612322
420576,214687
8256,101245
8216,98967
7375,98161
9856,98571
8596,97430
7783,97273
12669,99256
10138,98651
15324,101625
34599,106345
14474,99035
88580,120025
31943,105816
30289,104182
459057,206353
103266,125568
1775689,490245
2168034,602530
424578,217603
8819,100684
8223,97831
7032,98841
10157,100108
9000,97779
7324,98358
13777,98984
10164,98237
10547,97979
34507,106630
14128,99456
87453,119914
32046,104084
31090,104075
457544,206347
103142,125218
1772914,501360
2175159,609030
426522,217790
8202,99711
8769,99807
7252,97808
9167,98539
9400,98828
7095,98548
12494,99175
9204,98723
10939,98943
33947,106000
14013,99368
87909,120837
32450,105491
30690,104236
455850,204761
104479,125674
1780716,489925
2179832,607537
420260,214688
7936,100684
8105,98000
6932,98401
9800,100113
8771,98423
7044,98065
12389,99768
9538,99054
15086,100392
34672,107243
14099,100263
86931,121239
31514,105383
29386,105480
454743,205602
102714,125542
1752401,488149
2169702,606770
422316,215748
8516,103201
7946,99375
7425,97730
9389,98583
8989,97587
7262,97215
13403,98932
9434,97234
10706,98664
34170,106622
13770,99537
86974,120096
32125,105434
31010,104711
454704,213199
103972,124267
1773240,489499
2167306,610204
427234,214792
8014,100104
8314,98818
6870,98058
8884,99608
9106,99777
7058,97670
13211,100182
9389,98059
10577,99556
34140,106540
13744,100441
87572,120489
31654,105688
30158,105136
463012,205263
103764,125979
1784284,486216
2172259,606261
418526,215447
8089,101167
8484,100233
7267,98500
9682,98685
8108,98194
7462,97297
12643,100559
9874,98927
15097,101376
34463,105748
13343,99399
86980,120331
31252,105205
30064,104805
457539,206806
103079,126948
1772944,482954
2198383,608748
426515,216151
9016,98922
7893,98298
6895,99459
10069,99455
8597,97811
7283,97902
13171,100430
9050,98952
10038,98749
34497,105862
14007,99194
87305,119775
31099,105172
29941,105384
460940,205073
102712,125206
1771258,484524
2184680,601766
420670,215426
8880,101067
9196,100129
7146,99075
9441,98934
9467,99757
7887,99849
13360,100433
9527,99813
10464,100079
34824,107924
14410,100624
87178,120949
32577,105232
30626,112017
462276,207673
105122,126585
1774852,487374
2174630,606227
426080,215623
7810,101343
8580,106524
9171,96592
9933,99807
8721,98333
7600,97942
12320,100377
9281,97635
14978,100345
34328,106350
13518,99065
87161,119931
32110,104950
30236,104851
458531,204519
103049,128672
1790635,486548
2165000,604810
423184,215220
8162,100482
8506,99542
7109,99196
9532,99770
8807,97712
7102,97804
13284,100962
9428,98670
10449,98546
34169,106349
13788,98758
87083,120983
31078,105285
30906,96068
456924,205210
104230,126278
1784734,489655
2166655,606894
423119,215946
7757,101692
8685,99472
7017,98438
8996,99273
9289,100043
7319,98204
13161,101071
9475,99278
10564,99994
33914,108132
13768,100254
87113,121956
31199,105516
30456,105732
461559,204755
103805,126193
1781444,485328
2183664,604318
415036,217128
8384,102326
7966,98933
6989,98810
9895,99266
8653,99547
7475,98106
12732,100204
9680,99325
15469,101451
34944,108044
13597,100314
87630,121751
31649,104882
29901,104687
459668,206672
102985,127004
1783964,487261
2183288,606837
422743,215406
9052,99499
8169,98348
7440,98457
9465,99185
9106,97983
7366,98033
12809,99700
10466,98481
10062,104962
34457,105798
13434,100407
92219,120228
31417,105256
30666,105180
470743,204617
102857,125023
1772888,489808
2168713,619698
437359,217531
7795,108593
8541,98886
6816,98460
9218,98890
8958,98638
7390,98002
12845,99500
9107,98899
10585,99318
34429,106759
14010,99706
86607,120309
32053,105056
30726,104282
459791,205987
104522,124450
1778754,482883
2161342,612041
418012,214921
8381,100075
8467,98735
7583,98548
9495,99295
8830,98794
7800,98496
13369,100068
9951,99205
15696,102578
34847,107941
13822,100138
87381,121233
32415,107321
30090,105741
465766,206066
103660,125248
1787100,488752
2155552,603901
424971,216498
9055,100351
9125,99845
8200,99090
9627,99573
9119,98803
7576,98459
13402,100732
9656,99593
10814,99449
34294,106536
14353,99437
87261,119992
31831,105559
30954,104640
456882,205551
103598,125358
1774808,484839
2183474,605086
422667,216405
8189,101058
8109,99002
6966,98438
8857,98997
8510,99145
7318,98548
12833,100316
9723,98194
10635,98822
33905,106475
13795,99655
86552,120498
31692,105132
30693,104845
462434,205213
103670,126196
1775246,486781
2177212,608105
415991,219063
8273,103495
8250,99870
7355,98750
9649,98938
8668,98223
7815,98524
13393,100416
9682,104621
15234,101302
34849,106977
14021,100098
87180,122446
32443,105211
29619,104875
462486,207747
102821,126143
1775038,489400
2173569,614608
423486,219594
8777,100140
8124,98548
6650,97733
9808,99681
9319,99226
7347,98147
14387,100027
9899,98071
9992,99491
34142,106293
13479,99970
86895,119914
31506,105316
30283,105840
457073,205043
104102,125899
1771257,491918
2170091,606951
423900,216655
8377,101194
7901,99011
7559,98253
9113,99108
9075,99772
7176,99026
13190,100520
9146,98440
10300,99337
34397,107604
13925,98960
86677,121024
31539,105180
30613,105678
459060,206272
103633,126214
1786708,494192
2178724,602183
417355,215550
8503,100950
8183,99098
7580,99136
10103,98816
8819,98439
7623,97939
12982,99883
9673,98931
15707,100268
34915,105800
13769,99175
87335,119456
32177,105813
30116,106474
463023,204826
104141,126296
1767027,489746
2172720,609368
423294,214487
8794,100609
8082,98005
6890,97759
9802,98933
8596,97680
7519,97699
13222,99122
10163,99099
10256,102926
34268,105849
18871,98268
92139,119420
31464,103543
30062,104668
468036,206545
103602,126316
1774872,490403
2173771,611025
431185,219151
8258,99789
8426,98486
6984,98003
9298,98150
8746,97145
7495,97151
12687,99677
9361,98049
10638,99215
33988,106447
14027,99283
86835,120764
31528,103951
30516,104333
460619,206124
104675,126672
1788834,484296
2177899,598678
415449,208969
8324,91284
8766,97560
7091,97089
9365,98516
8886,98236
7640,98177
13244,100076
9741,98223
15434,100650
34100,106159
13765,99198
87165,119954
31942,105272
30540,105351
460092,206337
103309,125708
1787508,495987
2187541,611860
421577,216545
8306,100242
7975,97684
7786,98219
10249,98709
9172,97622
7043,97645
13015,100244
9243,97842
10140,98355
34517,105574
13509,99741
86772,119521
31407,104963
30431,104529
459753,205343
103278,126828
1777143,487520
2180430,599534
421420,218203
7928,100328
7915,99876
7289,99356
8843,99503
8758,99479
7613,98864
12825,100953
9979,99443
10465,104900
34203,107317
13540,106066
86684,126352
31721,106420
30039,104294
469120,206026
104646,128979
1786823,485292
2160300,615471
419712,223033
8852,101045
8481,98654
7447,98390
9840,99433
8897,98703
7329,98330
12840,100149
10198,98913
15540,102180
34803,107613
13581,99948
87671,120874
31569,105981
30294,104970
459723,205451
102986,126462
1788081,489460
2175729,601818
422104,215235
7905,99721
7402,98874
6396,98083
9156,99510
8385,98864
7136,98501
13510,99609
9274,97915
10784,98428
34292,106547
13653,98998
86999,119953
31948,104529
30252,105836
458959,205303
103450,125262
1776846,494783
2198488,607252
419611,216051
8875,100044
8284,98548
7001,99476
9025,98747
9019,98681
7573,97601
12712,100468
9386,98523
11088,99181
34277,107949
14246,100204
87307,120509
31857,105675
30760,105830
459979,205751
104653,125074
1776337,491059
2182218,607983
418023,218620
8282,101880
8593,100302
7272,99287
9898,99469
8812,98508
8123,98510
13296,100424
9670,98481
15142,100770
34931,107390
14131,100895
87785,120780
32318,111208
30240,105334
465878,208772
103428,133102
1781603,493951
2178362,607584
426382,225942
8202,99200
9359,98435
7336,97434
9636,98850
9094,98529
7437,97536
13183,99396
9574,99025
10677,99071
34365,105747
14175,99182
86999,120399
31395,105000
30225,105097
457258,205866
103118,125395
1780507,488603
2170171,607888
424327,214464
8802,100407
8438,99871
7305,98921
9711,98529
9057,98450
7805,98504
13044,100296
9120,98839
11199,99287
33907,106179
13749,100667
86273,121870
32126,104272
30417,104733
461707,205068
104192,125583
1786408,485288
2192132,608618
416053,214233
7975,100942
8239,98529
7297,97851
9148,99879
9039,98275
7307,97802
13328,99399
9933,99470
15135,94384
34049,94877
13514,98659
88029,121002
32292,106757
29746,104318
461593,207519
103396,126433
1789836,490489
2187653,602006
425024,217921
8341,101456
8379,99954
6522,98934
9212,105865
8433,99660
6767,97699
12760,99983
9480,98094
15845,101226
29500,105060
13608,100540
86821,121311
31030,106000
31239,106817
456116,211023
104335,126369
1788477,491722
2170570,607433
417095,216521
8250,102143
7995,98652
7320,99089
10245,98869
9215,98408
7707,98032
13041,100117
9382,98294
15668,101017
34519,107634
13540,100282
87346,120154
31557,104805
30799,104949
460507,205552
103568,126191
1789100,488943
2183225,608860
416930,210890
8437,100482
8172,99551
7286,98428
9841,99814
8786,99107
7615,98994
12298,100444
9438,98295
15631,100726
34956,107231
14089,99240
87646,120977
31805,105663
30498,105501
457169,206992
103723,126442
1771785,483800
2183942,604977
415978,215045
8475,100691
8170,99027
7561,99146
10191,99745
9465,98133
7928,98438
13101,100683
9072,98727
15840,100811
34875,106655
14156,99816
87274,121271
30852,104705
30809,110672
461296,207960
104343,126499
1781135,485319
2168608,611352
432225,216240
8856,101164
7801,98871
7296,99253
9562,99852
9445,99226
7440,98801
13324,100599
9518,99508
15590,95211
34313,108151
14228,99498
87513,121141
31917,105312
30823,105297
457863,208189
104058,126314
1779299,488766
2165185,605291
420416,216210
8273,100323
7891,98691
6643,98183
10069,99620
9179,98604
7510,98740
13246,101378
9640,98179
15197,100932
34955,106138
13542,99124
86671,121471
30764,104493
30522,105026
462514,204700
104576,124900
1784334,498429
2183443,604092
417820,215100
8290,100531
7962,99218
7364,98789
9590,98849
9157,99131
7371,97761
13246,100422
9470,98964
15549,100481
34646,106677
14324,99220
86837,120074
30457,104039
30619,105636
461171,206392
104663,125911
1787136,492863
2179620,596899
416900,216606
8314,100650
7446,100176
6583,100387
9523,100295
8937,100583
7431,99156
12803,101208
8852,99814
15382,100602
40536,106920
13306,100312
86789,120685
30753,111104
30699,105095
464865,206662
104613,133362
1782526,483573
2185424,617565
419045,224966
9229,99284
8083,98351
7175,98288
10086,99217
8914,97919
7112,97798
12463,100207
9084,99009
15604,100881
35237,106487
13163,99572
86870,122081
30969,105172
30935,101741
460309,205576
104593,126355
1785062,488104
2158999,606415
419355,217528
8301,100246
8548,98874
6829,99250
10034,99938
8911,98596
7544,97799
12598,99760
8967,98556
15385,100699
33845,106621
13219,98935
87319,120118
30745,105056
30260,104307
460661,206301
104545,126399
1779453,489904
2182442,604843
419901,214660
10015,101055
7922,98686
6999,98293
9657,99387
9466,99155
7540,98795
13757,99979
9456,98890
15757,100673
34013,106613
13981,100407
86774,120670
30829,104989
30227,117202
460715,206550
104521,127611
1766578,487566
2173990,611084
434054,218699
9231,101449
7810,104960
7679,98909
9619,100863
9337,98665
7429,97794
12766,99834
9118,98848
16036,100948
35264,107047
13301,99905
87042,121198
31205,105216
30585,104801
457756,204771
104592,126742
1796454,489743
2167348,605130
421251,214854
9072,99642
7950,98952
7437,97748
9819,99543
9262,98738
7235,97657
12489,100642
9226,99289
15196,101330
34644,106835
13694,99233
86801,121981
30267,104513
30489,104933
463227,206219
104601,127201
1787778,497011
2177272,605470
416304,212094
8466,98574
7771,98838
7101,98280
9848,99300
9086,99575
7349,98567
12753,100912
9126,98542
15789,100982
34681,106367
13621,99464
86595,120996
30542,105450
30615,104145
463782,207744
104253,126468
1773662,487390
2186398,603108
416171,216591
8313,102453
7132,99602
7043,99628
8987,99988
9602,99126
7184,99109
12571,100427
8765,99498
15140,101362
34833,108104
13412,100473
86807,121801
31293,106494
31436,105736
462247,207691
103720,126290
1795078,489969
2165436,607094
419394,215790
8346,100801
7808,97899
7337,98758
9553,99389
9749,98673
7347,97550
12718,100816
9327,98924
15472,100881
33820,106081
13034,100027
86748,121670
31270,105160
30153,104852
460196,206863
103586,125764
1785281,499962
2192193,603986
416079,215415
8662,100756
8992,98779
7343,98246
10476,100583
9301,97899
7488,98309
13443,100876
9176,99483
15155,100675
34565,107696
13996,99519
86399,121628
30905,105249
30490,104952
455861,205459
104565,126013
1768045,487634
2188925,610546
415632,218480
8889,100633
8048,99478
6849,98999
9593,99816
9181,99625
7759,99076
12768,100601
8733,98930
15134,100366
34766,106636
13563,99927
86951,121349
31432,105818
31003,105583
459940,206158
104277,126091
1765188,486822
2187606,617483
418713,215894
7504,100852
7642,99472
6771,99701
9373,100157
8499,99974
7577,99269
13160,99526
9419,99300
15560,100981
34336,107310
13551,100133
86615,121920
30777,106440
30635,105875
459049,206445
104929,127851
1758837,489009
2188376,602793
419555,217519
8292,99985
6973,99423
6455,98645
9333,98806
8932,98814
7391,97716
12670,99078
8797,102906
14961,100775
34655,112431
13176,99065
87048,120240
30415,111352
30651,105783
465591,205565
109673,126600
1763658,492190
2190548,629301
429384,215877
8677,100577
7926,97439
7211,97633
9584,98771
8696,97829
7376,97705
13396,99037
9370,98776
15454,100242
34027,107595
13886,99380
87177,120801
31308,105079
31054,104532
459402,206594
104940,125589
1781556,489416
2169227,607837
420315,213823
8687,100651
8190,97646
7475,98373
9831,98701
9042,98915
7465,97709
13367,99379
9389,98391
15183,100853
35088,105746
13351,99785
86801,121193
30753,104905
30486,104739
457211,205428
104098,126258
1766292,491037
2176607,606683
417259,217039
8389,100070
7894,98953
7376,99545
9715,99180
9165,99249
7609,98145
13331,100550
8601,97908
15148,100672
34259,106667
13520,100106
87250,119693
31055,104716
30258,105745
459849,206057
104508,125961
1765361,500059
2180418,606203
418536,218160
9159,101726
7604,99210
6971,100416
9684,100513
8718,100690
7396,99423
12681,101659
9102,100144
14778,102183
34283,108299
13902,100911
86552,121395
30369,105107
30386,105275
457209,206264
104055,127710
1775013,486983
2202519,608738
416223,214737
8499,99928
7931,99090
7492,100435
9600,100409
9194,99307
7881,98523
12897,100959
9232,98805
15884,101364
34706,106950
13771,100572
86818,121391
31120,105298
30668,105743
459179,206903
104272,125527
1766946,489331
2188500,600207
421003,218125
8672,100555
8238,98683
7431,99298
9405,100610
9652,100397
7412,99276
13073,101151
9503,91704
15347,108196
34963,107087
12946,100872
92055,121478
30926,107015
30804,101491
465752,206204
104955,126683
1756590,488704
2183575,619952
433706,215773
15240,103287
7697,98946
6975,98219
9457,100492
8862,100162
7345,98639
13194,100077
9298,100325
14859,101046
34492,106517
13499,101101
86885,121283
30998,105683
30123,106745
461127,208027
104119,126406
1776596,490329
2161055,605488
417848,215745
8121,100932
7883,99230
6678,99312
9724,99544
8583,98555
7581,97814
13013,99652
8911,99553
15513,100520
35308,106754
13752,99837
86495,120943
31236,105116
30287,94748
461563,205585
104411,125212
1777759,487206
2155889,607179
417420,216475
8834,101439
7151,99575
6826,98273
9381,100124
9577,99098
7429,98304
12948,100634
9101,99040
15138,101345
33953,106790
13513,100242
87478,121053
30905,105869
31288,105439
461284,206887
104442,126874
1776681,489048
2182388,605124
417156,216627
8390,101063
7080,99135
6934,98347
9274,99031
8818,99021
7318,97794
13190,101638
8823,98692
15312,101724
34202,107111
13236,99187
87320,121487
30477,105419
30669,105294
460754,205674
103243,126425
1758202,488259
2185592,602665
417775,216262
8035,101573
7092,98342
6922,99020
9621,100177
9589,99312
7587,99879
12915,100688
9115,99223
15021,100980
34886,107556
13225,105091
86699,127296
30950,105765
30846,104029
464390,205371
109962,126973
1757578,487040
2158910,616336
416261,221568
7879,99809
7539,99796
7361,100969
9473,100658
8645,98984
7028,97799
12956,99869
8799,99602
15440,101242
34412,108624
13281,101012
86804,120420
30896,105599
31324,106464
460235,206550
104611,126014
1774067,489073
2173921,608497
420184,215728
8397,101054
7600,99951
7558,98782
10328,100959
9410,100240
8006,99202
12753,101136
9048,99888
15391,101999
34396,107646
14015,101000
87106,120792
31140,106029
31239,105334
457127,208477
104754,127251
1765513,498971
2185858,607712
419212,217275
7829,100929
7492,99406
6923,99823
9666,100479
9039,98950
7480,99133
12753,100915
9150,99797
15265,101785
34769,108089
13485,100434
88043,121781
30523,105625
30872,106020
459434,205679
103615,127137
1758417,488326
2182691,604187
418764,214927
7977,102181
8190,98893
7657,99462
10054,100035
9069,99754
8003,98830
13119,100200
9400,99541
15122,100677
34751,108197
13811,101213
86556,122034
30703,105466
30474,106594
462437,205998
103503,126915
1772557,482025
2197339,607440
419346,214025
8629,100309
7468,98259
7038,99546
9116,99281
9691,99181
7074,97470
12850,99976
9207,98781
15508,100834
35136,106916
13810,99999
87152,121749
30564,105326
30429,97985
459516,213966
103999,126875
1765322,486060
2171767,602908
422793,212956
8056,100386
8091,98000
7582,98153
10459,98572
9101,97825
7902,97842
12802,100003
9614,98429
15225,100265
34585,106335
13484,99935
86676,119844
30827,104925
30727,103618
454887,205167
103912,126794
1781505,488813
2166848,604454
420582,215086
8242,99706
7815,98843
6974,99184
10020,99165
9048,99602
7512,99081
12693,101042
8879,99297
15158,102617
33888,108304
13449,100574
87573,120876
30561,105173
30229,105464
458449,205892
103910,125462
1772357,499544
2182850,609697
416187,213444
8731,100067
7707,98098
7481,98536
10166,99235
9111,98762
7840,97851
13029,100098
9456,98454
15840,100131
34717,106635
13873,98947
86625,121392
30943,104355
30909,104684
458325,206105
104934,127560
1766873,491956
2196265,604712
414403,215029
8980,101443
7488,99869
6864,98787
9480,100672
9668,99092
7041,98698
13141,100603
9125,100070
15194,101307
34399,107010
13679,99773
86303,120907
30698,104948
30743,110093
455644,207364
103877,126870
1756252,489547
2179993,611558
432639,213620
8586,101722
7435,105535
7307,104375
9856,99441
8918,98919
7573,97872
13457,100313
9667,97526
15313,100367
35400,105606
13662,99716
87162,120417
30931,103469
30909,104276
458376,203987
104563,125248
1762526,491876
2163151,603912
416008,216328
8198,101111
7704,99135
6912,98084
9453,99007
8804,99450
7401,97996
12628,101366
8995,99410
15271,102127
34189,106942
13418,99752
87900,119521
30791,104559
30341,105279
457364,205361
104645,125312
1764742,490588
2170715,601766
418322,215811
8930,99312
7263,98810
7407,98180
9758,99361
9173,98727
7851,98393
12983,100515
8808,99371
15418,101399
34741,107009
14155,99540
86621,119742
31567,104565
30244,105964
456939,206042
103826,124589
1766571,488231
2198216,605973
426029,215796
8465,100457
8562,98929
6763,97549
9534,99181
8928,98282
7447,97483
12743,99628
9097,97405
10400,98547
33788,105477
13431,98095
87682,120453
31283,105267
30713,104401
462819,205393
103905,125977
1766018,487028
2194901,610540
424993,217012
8178,99660
8538,98957
7508,98552
9461,99755
8708,98852
7527,98889
12771,104546
9797,98148
10396,99262
34643,111203
14187,100220
86493,120261
31444,109402
30543,104911
463714,206665
103239,130805
1773997,491759
2176653,612092
419727,224736
7635,101371
8092,99471
7697,98258
9804,99217
8714,98467
7282,97229
12511,99141
9772,98944
15161,100720
33870,106515
13659,98672
87737,120307
32328,105987
30115,104721
457220,205697
103231,125068
1784998,488478
2159852,605615
423548,216875
8240,101941
7815,99599
6993,98549
9509,99930
8734,99020
6788,98071
13041,100396
9651,98933
10397,99323
33751,106306
13261,98376
86879,121398
31197,105143
30241,105173
455485,205905
102273,126202
1779954,493913
2175499,604433
424206,216380
8279,100300
8059,98683
7329,99803
9258,99672
9211,98377
7614,97665
13913,100588
9716,98919
10917,98493
35114,106730
14433,100002
87083,120870
31800,105093
31501,104349
458450,206934
103957,127157
1777246,487333
2172481,603007
418492,215009
8580,100877
8026,99931
7800,98348
9749,100671
8478,98709
7484,99287
12913,100632
10032,100699
15360,107028
35064,107867
13847,100865
92030,121677
32203,106732
30529,105823
468849,206641
103176,127641
1770944,491137
2162019,609080
434246,216191
8867,107024
8166,99916
7542,99496
9454,100497
9187,98293
7596,98242
12739,100509
9473,97997
10205,99237
34078,106704
13503,99704
86892,120550
31344,105007
30550,104632
457606,206254
103405,126343
1777165,487258
2171275,605636
425020,216486
8399,100760
8091,99465
6951,99100
9349,99413
8672,99214
6967,98325
12628,99947
9259,99298
10531,99365
34101,106297
13871,99176
86576,121191
31378,105740
30202,104748
454448,206554
103026,126217
1796010,489678
2183265,603173
419239,216520
8195,100021
8894,99869
7863,99530
9567,100186
9409,99846
7747,99036
12921,100869
9345,99433
15341,101048
34534,106607
13496,100765
88223,119997
32024,106134
31100,104981
462133,206572
103456,125209
1764706,479470
2187781,596661
425605,215780
8480,101043
8286,98716
6670,99114
9210,100133
8178,98470
7126,98247
12716,99736
9338,98902
9888,99962
33998,106684
13719,99815
86383,120135
31289,105610
30477,105164
463372,207531
104059,127074
1771880,487968
2176590,604879
426934,218727
8001,101266
8717,99894
7214,98671
8831,98757
8845,103915
7645,98118
13374,99926
9471,98958
10629,99626
33579,106040
13494,100402
86433,120202
32088,105619
30836,104736
458219,213160
103955,124866
1786008,492912
2166420,599550
420301,217609
8197,101864
7640,98148
7315,98356
9498,98107
8024,98384
7376,97491
12629,99349
9581,98203
15024,100071
34526,105454
13890,99496
87680,119244
31130,104881
29772,104572
458513,206610
103406,125371
1783849,486573
2152950,603806
424853,215450
8437,101242
8254,99429
7752,99453
9783,99951
9089,99508
7124,98553
13067,100456
9351,99281
9989,99411
33819,106722
13678,99778
87240,122020
31548,106127
30147,105494
460120,207478
102822,127093
1769062,489001
2188263,601383
426499,216905
7919,100816
8212,99192
7313,98090
9042,98911
8856,98854
7681,97872
12594,100212
9482,97708
10946,98580
33747,107635
13860,100426
86748,120430
31646,105234
31341,105336
458981,207551
104971,125821
1787593,485640
2176802,609435
418274,217690
7724,101369
7895,99406
7442,99307
9336,99112
8955,99268
7798,97409
12615,99365
9790,98875
15623,101591
34426,106757
13349,99295
87044,120224
31751,104911
29732,105596
460723,212332
104067,125572
1793591,487783
2173685,608126
426923,217099
9614,100554
8010,98535
6583,98874
9379,98818
8378,98118
6962,97999
13739,99424
9453,98122
10004,98636
34436,107248
13697,99448
87094,119590
31395,105220
30450,105617
459263,207989
104286,126489
1781342,488666
2183422,599818
423554,217879
8012,99975
9002,100240
6972,99079
8969,99352
8540,99658
6974,98977
12562,100814
9502,99997
10430,99986
34130,107063
14150,100283
86589,121671
31896,104596
30346,105881
458618,206183
103006,126637
1783649,485811
2176518,611629
417594,215814
8764,102329
7805,99396
7064,99811
9712,99639
8901,98131
8508,98029
12999,101195
9732,99469
15348,101160
34372,107326
14464,101317
87963,121600
32254,106134
29932,106370
460867,206959
102599,128296
1773854,491349
2193618,600307
424757,216357
8630,100092
8625,99892
7203,99163
9175,99285
8683,99000
6952,97989
12782,99888
9699,98715
9958,99249
34208,107201
13922,99435
87618,120586
31021,105302
30453,105531
459463,206034
103291,126685
1776813,488667
2177798,608349
423446,214198
8176,100280
8917,99684
6602,97516
9016,98169
8706,98550
6828,97551
12821,100412
9297,97860
10696,99527
33847,107084
13471,99176
86330,120846
31250,103610
30631,105107
457283,206089
104433,126106
1785331,496120
2175897,603319
418396,217889
8360,100372
7593,99387
7122,98232
9063,99658
8667,98575
7429,98078
12987,100089
9525,98789
15363,100489
34457,107543
14128,100163
88557,119931
31864,105917
29579,104889
463752,205598
103069,127121
1781683,485743
2183592,610415
424205,213452
8811,99252
7779,88900
7324,95251
9518,99278
8815,98755
7285,98637
12859,99704
9500,98662
9986,98270
34445,106132
13837,105189
87904,126944
38318,105113
30339,105622
471489,206339
109423,125798
1790003,487474
2171641,620338
420319,221897
8488,100628
8661,98698
6650,98895
9365,97929
9054,98414
7852,97538
12912,99641
9763,99603
10486,98666
34752,105444
13808,99325
86735,120603
31941,104236
30457,103845
458031,206503
103734,125079
1790083,494189
2181604,603809
417964,213829
8783,100449
8415,99242
7630,98972
9791,99574
8977,97813
7522,96951
13234,99317
9811,98423
15292,99974
35230,107253
14002,99602
87412,120270
32706,105503
29702,105054
462313,205860
103028,127237
1780434,490975
2190687,610994
427806,216541
8545,100794
8486,97814
7547,99045
9784,99783
9179,98631
7341,98440
12766,100947
9582,98909
9994,98583
34976,106138
13589,99350
86931,120108
32029,104400
30650,105408
461589,207100
103463,125683
1764036,485390
2177788,603019
422271,218450
8653,99368
8431,100165
6758,98309
9009,99776
9116,98272
7870,97639
13038,99708
9045,98647
10767,98469
33873,106751
13703,99916
86921,120485
32072,105201
30766,104559
460747,206428
103836,126028
1796323,485273
2159083,599572
418743,217217
7409,100818
8777,98054
7187,98129
9428,99068
9001,98816
7088,98002
12742,99430
9261,99021
14862,101135
34353,106928
13427,100051
87550,121087
32405,105645
30375,104414
463799,206936
103290,125025
1778055,499006
2182551,604808
421818,218054
8088,101377
8796,97865
6703,97478
9407,98522
8776,98195
7392,98184
13372,100187
9070,97545
10004,98725
34777,106827
13300,99027
86448,120664
30869,105790
29714,105650
454192,207277
102980,125345
1778904,488756
2184504,611689
424445,217994
8409,100719
8163,100419
7771,99509
8642,100017
9327,98886
7376,97522
12797,99543
9915,98197
10484,98916
39534,107367
13480,99750
86988,119348
31593,110294
30700,103088
464586,206125
104215,132919
1785013,488506
2178300,603514
416892,223965
7895,100814
8046,89502
6827,98218
9376,98537
8537,97597
7632,98111
12427,99718
9910,98503
15558,100290
34617,106268
13741,99158
87913,119892
31463,104430
29876,104720
464675,207951
103281,126192
1789860,488345
2169612,602703
424971,215561
9432,100738
8173,99628
6892,99430
9661,99055
8970,98503
7168,98513
12697,101055
10042,99068
9940,99823
33789,106764
13484,99624
86899,119593
31413,104925
29630,105754
459953,208058
103153,125866
1776071,488100
2178831,607306
423123,216751
8128,100667
8433,98489
7802,98622
8803,97956
8886,98913
7917,98551
12887,99994
9882,98965
10862,99874
34017,106595
14388,99528
86983,120930
31747,105071
30273,111591
463171,206591
103319,126527
1774285,488816
2168915,607937
434573,218725
8388,101797
8578,98779
7379,97538
9547,99239
8658,97334
7492,96255
13188,99066
10249,98003
15763,100376
34964,106028
13644,99667
88227,119953
32250,105415
30178,104343
463127,204905
102563,127004
1786785,487671
2180809,607307
423909,213386
8380,100958
8461,98441
6929,98505
9075,99453
9192,98809
7278,97832
12826,98831
9263,98381
10488,99136
34178,105883
13468,98662
86869,120046
31375,104932
30689,104148
456012,205955
104049,126074
1790667,496767
2176784,609309
423734,216830
8020,100265
8090,97737
7029,97971
8951,99279
8621,98375
7537,97216
13073,99012
9587,97717
11041,98242
34561,105711
14000,98631
86976,120397
31969,104541
30483,104325
460485,205876
103505,125584
1784138,488753
2169890,603708
416792,213452
7911,101521
8755,99611
7762,98869
9078,98616
8455,98278
7639,97970
12768,99440
9484,98141
15258,100142
35317,106871
13618,98104
87354,120600
31640,103997
30167,104138
462357,211951
103995,125656
1790826,490474
2175517,602579
427082,216910
9396,98725
8707,97671
7804,98485
9984,99392
8664,98117
7062,98161
13206,101609
9873,98005
10439,99571
34299,107229
13186,99827
86483,120220
31323,105241
30330,104721
458958,205800
103025,125365
1788606,491715
2178284,603518
424790,215707
7593,99702
8219,98739
7451,99255
9326,98560
8993,98892
8600,99261
13249,101105
9753,99514
11459,99847
34008,106778
13621,99228
87014,119928
31630,104651
30241,104787
460513,207559
104420,124520
1790451,486191
2183747,603809
417811,215184
8434,100337
7948,98656
7112,99038
9545,100224
8430,99265
7108,98438
12431,100210
9521,99258
15344,99982
34192,106687
12959,100171
93026,121088
32243,106092
29416,104629
470569,206804
101737,125420
1790640,486467
2173752,610985
433120,217425
8261,101251
8489,99710
6583,98383
9794,99732
8498,99469
6995,98474
13065,99873
9650,99701
10301,98507
33968,108246
13520,100240
86528,120689
31308,104631
30324,106181
462082,207070
103462,127237
1787571,491837
2173147,604645
425769,216129
8799,101092
8481,98906
7000,98914
9329,99138
8611,98726
7464,98007
12677,100487
9057,98786
11291,98536
34435,106885
14151,98659
86942,120101
32286,105792
30333,104544
462098,205480
103855,125753
1790167,488222
2165719,606771
419124,215535
8601,101553
7906,98449
7155,99079
9164,99268
8554,90119
7557,97383
11974,99201
9565,99204
15397,100576
33989,106072
13812,100064
87191,120522
31500,105576
30227,105157
459257,205671
103352,124828
1787817,490629
2182817,603290
425781,215969
8952,100418
8214,99635
7141,99352
9491,98784
8980,98968
7116,98285
13069,99422
9655,98856
10474,100468
34654,105794
13695,100177
87895,120055
31908,104421
30392,104500
459624,204308
102619,125042
1788753,481117
2182505,605110
421412,216321
8093,101150
8587,98728
6820,97793
9061,98808
8592,98058
7269,97431
12275,98886
9317,98769
10431,98621
34639,107095
13632,99032
87337,120554
31632,104894
30726,104589
459539,205892
103338,124953
1793168,494447
2183353,608898
415805,216659
8753,101331
8841,98552
7665,97746
9535,91400
8900,98910
8034,97575
12632,101274
9693,99025
15706,100542
34751,106288
13382,99545
86915,120702
31651,105468
30244,104428
461225,205786
103280,125612
1796847,484559
2195918,612022
424352,216539
8741,99814
8643,99366
7053,97483
9363,98873
8992,98378
7722,97914
13260,105281
9679,100004
10484,98715
34345,111711
13509,98874
87036,120447
30912,104308
31205,103852
457622,211826
103624,126400
1778533,490401
2163197,618024
422291,216571
7772,100898
8590,99854
7918,97483
9372,99398
8688,98234
7910,97820
12906,99662
9268,98775
11199,99531
33889,106303
14567,100442
86614,120736
31878,105031
30787,105206
463215,207354
104460,125861
1800794,486146
2154401,601758
416169,216947
8262,102223
7994,99941
7375,99461
9281,100231
8606,99028
7749,98232
12791,99715
10306,99153
15181,101003
34054,107037
13108,100491
87196,119752
32096,105713
30052,105946
465395,207388
103351,126149
1771168,485369
2183584,606521
429711,216260
8372,99721
8449,98817
6834,98472
9498,98765
8949,98080
7709,97625
13792,100486
9609,98637
10440,98924
34044,107419
13502,99945
87069,121230
31570,105792
29981,105739
457870,205660
103833,125203
1773095,486795
2184819,601694
421504,216935
8495,100485
7907,98290
7325,98460
8761,98126
8833,99328
7482,98726
13315,100418
9734,100696
10556,99151
34072,106479
13515,104846
86350,127182
30970,104480
30052,104533
466353,205477
104761,126128
1783482,486972
2163745,619437
428318,216192
8336,100569
8552,99219
7484,98467
10179,98952
8908,97617
7562,98050
12993,99860
9820,99000
15744,101016
34705,106078
13791,100150
88334,119770
32186,105010
30575,106002
457942,205731
103765,126988
1782881,488332
2172465,597096
425100,216336
8884,101211
7710,98168
6990,97495
9459,98078
9185,98247
7858,97483
13687,99789
10576,107527
11696,106867
35210,107432
14845,100774
86859,122095
32491,106402
30748,106405
476539,208246
103257,126875
1814668,501514
2212200,611198
424524,216827
8465,100919
8572,98516
7213,98164
9412,98865
8649,97542
7340,97384
12727,99914
9340,98406
10391,100084
34407,105557
13324,100540
86420,121098
31406,104113
30450,105101
461018,206109
103996,125276
1789834,500614
2180420,615786
414598,216956
9055,103415
8353,100547
7787,99594
10395,99792
9020,99141
7849,98413
12882,99757
9769,99547
15102,100861
34785,106125
14234,99901
87106,121022
31968,105450
30198,105360
462756,206187
103955,125649
1777190,487745
2189149,609964
421683,217625
8992,99655
8581,99067
7210,98625
9403,101017
9107,99484
7354,98847
12649,100533
9357,98511
10442,98787
34490,108617
14208,99882
85772,120065
31236,104999
30010,104955
460135,206886
102792,125350
1772747,484429
2189821,604536
423298,216046
8556,100574
8395,98853
7304,98923
9250,99059
8826,103513
8202,97095
13348,100023
9341,99171
10482,98609
33896,106633
13830,99963
86826,121401
31325,104556
30394,105088
457096,214461
103886,126430
1791382,491428
2179282,600626
419510,217188
8329,101216
8157,99025
7190,98276
9186,99346
8721,97682
7567,98699
12846,99979
10424,98175
15392,100553
35649,106834
13652,99127
88186,121707
31832,106233
29966,104853
463278,205317
102663,125514
1786081,486146
2166998,606347
423226,216003
8567,100500
8268,99414
6994,100013
9406,100035
8920,99333
6966,98588
12606,100360
9521,98865
15865,100895
29462,106051
13699,99309
88178,121016
31374,104181
31639,105357
457118,205869
103980,125604
1771582,488551
2188575,607819
418220,216058
9094,100238
7522,99483
7346,99497
10074,99275
8902,99520
7758,100033
12746,100681
9170,98589
15714,100174
34521,106514
13556,99911
86494,122076
30550,105649
30459,105359
460549,207415
102846,125928
1783731,492549
2186777,606252
419742,218552
8583,102372
7622,99943
7540,99887
9675,100052
9425,99564
7839,98367
12657,100244
9606,98468
15890,101511
34268,108016
13231,99838
86960,120895
30829,112104
29993,104998
463244,204924
109719,126982
1769037,486723
2173197,618416
418760,223455
8545,101255
7245,99086
6956,98549
9710,99315
9440,99213
7870,98295
12705,100463
8851,99226
15441,100988
34153,107617
13437,99341
87261,121210
30723,106370
30648,105745
459716,207355
103448,126425
1775252,490632
2165800,600343
417516,215120
9023,100683
7508,99490
7031,100062
9719,99701
9497,99682
7495,98561
13326,100549
9441,99637
15784,101933
34628,107320
13402,100654
86649,121368
30743,107309
30678,105907
457075,206789
103831,126132
1780324,495847
2185464,607933
417306,216980
8453,100680
7176,98100
7194,98708
10230,99384
9036,99632
7550,98200
12878,99570
9308,97677
15431,101476
34147,107251
13215,100144
87888,119908
31057,104613
30862,105898
459952,206611
103975,125836
1767872,486899
2188324,609121
420838,215028
8247,100426
8468,98711
7649,98059
9860,99265
9175,98782
7499,97613
12888,100986
9309,98518
15487,101492
34524,106586
13527,99292
86783,121505
30695,104349
30129,110149
459715,204713
103108,126311
1755504,492584
2182180,603866
430119,218403
8469,98822
7730,104775
12831,99470
9790,98682
8812,97578
7102,97218
13034,99488
8923,98145
15321,100490
34262,105733
13745,98789
86894,120829
30793,104820
30920,104440
459793,207097
104184,126238
1775184,487671
2161574,609804
416882,215540
8426,100384
7547,99201
6929,98444
9624,99859
8868,98256
7009,98090
12791,101310
9207,98019
15233,101060
34388,107632
13843,101099
87242,121275
30394,105654
30514,106412
459100,206169
104161,126962
1777977,485101
2164465,600662
416819,214203
8672,100477
7573,98657
6889,99009
10060,99527
8927,98947
7485,97653
13233,99923
9302,98573
15664,101280
34229,107474
13865,98983
86585,122012
30759,104415
30179,104871
460863,206419
103052,126287
1770150,482543
2186945,602473
416240,213665
8324,100012
7913,98010
7323,99025
9992,100784
9161,99454
7828,99038
12247,101548
9646,99477
15465,101738
34428,107071
13656,100465
86809,122667
31208,105100
30857,105948
458363,206248
104466,125472
1752845,485165
2171818,607305
421040,216684
9327,100827
7549,99128
7349,98689
10411,99040
9053,97949
7366,97440
13050,99682
9231,98257
15754,100350
34394,106509
13299,98708
86992,120290
30835,104623
30369,104206
456416,206125
104290,126365
1774687,488792
2172573,597784
417394,215873
7826,101052
8386,98756
6938,98785
10164,99902
8886,98486
7570,97919
13194,100286
9090,99236
15898,99768
34640,106557
13512,99255
86793,120556
31066,106381
30776,106077
456996,206525
104280,127700
1793317,493497
2179692,597689
415994,217313
8442,100222
7111,98945
7564,98528
9523,99285
8742,99376
7672,97725
12466,100175
9225,98968
15202,102127
34262,106804
13917,101814
86928,121793
30667,105510
31006,105507
462069,206294
103641,125026
1775098,491384
2184137,606443
419421,216465
9123,101855
8059,99437
7812,98540
10033,100107
8744,99125
7826,98070
12835,100136
8832,98437
15028,100643
34688,106336
14018,100454
86918,120698
30738,105367
30687,105496
459113,205606
104080,125477
1773952,488904
2187861,608933
417810,213865
8766,100017
7626,98513
7512,99676
9516,99641
9245,99731
7339,96805
12510,100478
8843,99125
15369,100686
34649,107318
13568,99233
87191,120157
30375,104468
30616,103808
456490,210186
104246,126806
1771119,485556
2181639,599029
420081,213778
8951,99710
7695,99007
7035,98490
9212,100639
8558,98367
7329,98485
12789,100158
8875,99088
14837,100697
34592,107955
13207,99245
86656,121271
30434,105558
30566,104927
455722,206458
104635,127141
1779415,490503
2172149,603732
417663,214851
8053,101441
8303,99345
6789,99136
9479,99538
8540,99130
7419,98206
12611,100725
9332,99001
15132,101654
34499,107784
13012,100012
86819,121889
30343,104655
30724,104797
461547,205096
104461,126481
1786893,491250
2195075,606580
414740,216220
8244,101251
7488,99454
7056,100002
10384,99663
9208,98989
8002,99417
13030,99693
9594,99523
15665,101428
34512,107943
14031,99595
87072,120743
31180,105260
30962,110979
461150,207033
104586,126509
1778628,490247
2200822,608179
426290,215772
8628,102271
7396,104394
7510,103750
9620,99363
9059,99209
7492,98449
12510,99677
9515,98143
14890,101696
34244,106256
13580,99424
87205,119884
30681,103998
30017,104786
460787,205325
104213,125821
1780237,493949
2180962,600936
414943,217656
8031,99604
7882,99939
7292,98599
9885,100436
8921,98870
7291,98847
12300,101665
8797,98692
14980,100540
34231,107355
14109,99592
87294,120897
30488,105558
30355,105927
459801,206619
103628,127110
1781787,496855
2175913,599467
415118,217226
8332,101147
8000,99265
7096,99632
10245,99881
9179,99087
8332,98470
13047,99425
9011,99091
15583,101167
35133,105758
13423,99641
87053,121223
30209,105319
30174,104660
460442,205772
104555,126520
1786669,487167
2181955,613686
412906,215525
8023,100484
7533,98651
6817,98689
9771,100415
8806,100319
7215,98592
12760,106711
9426,98943
15802,101282
34622,113259
13751,100660
87852,120604
30547,105417
30870,105094
460389,212219
103855,125975
1798305,488911
2155393,609084
418666,215920
8277,99715
8078,98170
7049,98902
9669,99997
8971,98754
8016,97513
12507,100631
9029,98792
15476,100493
35033,107126
13787,99738
87197,120061
31038,104819
30273,99918
463152,206240
104585,126363
1775449,487657
2170184,600720
417728,216960
8785,102005
7257,98776
7154,98951
9993,99911
9332,99631
7655,98018
13367,100633
9194,99353
15764,102168
34791,107282
13706,100778
87552,121073
30545,105832
30819,105625
459598,205066
103798,127568
1782715,488103
2179666,613267
418325,216013
8852,99731
7646,98863
7574,98943
10341,99548
9375,98689
8144,97688
13046,99546
9329,98500
15351,100296
34610,105765
13553,99461
87676,120729
31050,105325
30664,104474
465133,207306
104497,126177
1776216,487966
2177591,618271
423676,217589
8117,101251
8383,99623
7012,98922
9884,100469
9285,98946
7618,98840
13691,100434
9767,98886
15231,101165
34308,108090
13244,99686
86957,121066
31160,104601
30549,105456
460678,206873
104968,126505
1773811,487780
2169785,602729
419165,215677
8578,100167
7677,99066
7397,98855
10111,100278
9533,99373
7741,98178
12603,99609
9243,98822
15125,101975
34314,105744
13219,100548
86561,120860
30550,104479
31030,105391
459401,206572
105068,125898
1766178,483946
2189575,607374
413612,216830
9004,100835
7580,99461
6910,99009
9261,99658
9292,100384
7503,98448
12792,100953
9000,98803
15479,100978
33896,106335
13546,100076
85977,121201
30673,105728
30584,105661
461379,207626
103960,127000
1764245,483168
2195685,609060
415379,215812
8537,101559
8012,99435
7680,99724
9535,99085
9070,104863
7354,97952
12705,100324
9331,99274
15484,101337
34448,106915
13409,98885
86718,121037
30801,105388
30913,105288
460633,207485
103607,127426
1797970,486653
2171964,607603
419600,217729
8777,100868
8292,99477
7202,98608
10265,99763
8713,100262
7527,99127
13110,100492
8734,99157
15464,101104
34258,106676
13383,100007
87222,121822
30459,105692
30316,107261
460338,206753
103186,125709
1773587,496429
2177153,599102
418366,216433
8678,100379
7701,98549
7204,99364
9849,100076
9316,98924
7712,99011
13650,100820
9236,97839
15657,100608
34643,107844
13151,99933
87282,120876
30388,105319
30453,105341
462582,205929
103831,127292
1771793,491510
2187307,607015
417659,217776
8799,101707
8182,99733
7231,98481
9894,99420
8956,99427
7671,98131
18240,101180
9195,99179
15890,93401
34776,112228
13367,99986
86697,120306
31146,104642
30876,105531
467001,205652
103749,126560
1773727,500679
2169805,620208
417995,215047
8706,100781
8213,98499
7012,98155
9859,99107
9214,98079
7131,98534
12628,99665
9298,100239
15997,102096
34649,107345
14661,100581
87009,121961
31130,103565
31433,108297
464566,207228
104531,126992
1787881,490073
2157314,603010
415837,216357
8236,101670
7763,100444
7263,98787
9154,99333
9244,97947
7915,99348
12891,101925
8964,98664
15562,100463
34685,107039
13289,99999
86449,121697
30504,103665
31268,105776
462722,207648
104213,125864
1774638,487921
2191136,602619
418725,216971
9289,100977
7801,98049
7931,99324
9594,98973
9056,99382
7091,98637
12419,101146
9056,99626
15044,101219
33852,106942
13597,101219
86643,121215
30693,105907
30502,105079
462627,207213
103900,126681
1762451,480768
2178085,611171
432579,217976
8216,100248
7772,104812
7011,104137
9893,99175
8920,98523
7671,98081
12948,100264
9388,98391
15228,100807
34348,106776
13992,99776
85823,120331
30982,104476
30852,105633
459364,212157
103986,126568
1771259,487192
2156861,617380
421539,216520
8988,100640
8394,97598
7371,99178
10058,99526
9182,98368
7908,97564
12905,100165
8824,98247
14896,100584
34312,105846
13314,99054
87399,120009
31046,104818
30956,104378
461441,204106
103412,125371
1774136,487747
2154339,600406
418031,214732
8020,100507
7855,99333
6928,98723
9662,100552
9205,100125
7214,98726
12700,99882
8953,98878
15464,101365
34610,107832
13086,99437
86609,120230
30634,105283
30770,106297
454238,206208
103984,126444
1777287,491858
2179042,605214
421635,217330
8778,100622
8198,98215
7014,98609
9918,98916
8986,98483
7397,98035
13190,99808
9317,97897
15168,100859
35137,106471
13986,99075
87320,121869
30711,104882
30505,105140
461834,206354
104209,125592
1764897,487839
2186472,609619
416820,215599
8609,101054
7664,98872
6904,100015
9576,101126
8565,99797
8039,98683
13047,99966
9385,99492
15094,101443
34290,107392
13762,99604
87161,122531
30526,105204
30122,106808
455314,206598
105041,126059
1756654,487529
2183342,609934
418763,214980
8684,99678
7885,98729
7412,100134
10096,90714
8841,99471
7642,98289
13092,100651
9359,99249
15254,101883
34724,107020
13667,99811
87490,121927
30595,105225
30453,109586
458709,206525
103219,127067
1762137,488825
2184757,604371
426632,216152
8901,101157
7455,105071
7173,99545
9976,99597
9137,98845
7559,98399
12698,99669
9110,97954
15166,100981
34590,107560
13655,100421
87041,121833
32307,104892
30704,106226
457781,212527
104255,126850
1776323,489246
2185774,613346
430214,215207
8109,99216
8234,98125
6806,97704
8994,99315
8554,98799
7112,98579
12936,100141
9318,99033
10154,99435
34472,105655
13758,99010
86779,121860
31386,105754
30597,104395
465197,204980
102996,125863
1766232,489716
2181408,605796
427513,216082
8774,99778
9125,99240
7789,98892
9742,99606
8871,99453
7995,98801
13181,98990
9496,98908
10965,98571
34336,107063
14101,99756
86747,120379
31941,106059
31077,104797
456880,205045
104601,126155
1772772,503966
2179286,602404
419410,215250
8055,101105
7760,99514
7679,98849
9700,99166
8530,98386
7264,98090
12900,100723
9890,98647
15218,101482
34212,106917
13644,100172
88492,119654
32080,106709
29751,104563
456849,206882
102866,126807
1776957,490755
2184452,605625
424886,216188
8697,101987
8077,99048
7638,99327
9634,100196
8447,98353
7039,99207
12901,101078
8987,99315
10644,99484
34145,106549
13325,99067
86064,120318
31769,105347
30477,105680
457320,208030
103946,125925
1778155,490852
2183979,609363
425626,216528
8529,99875
9064,99921
7398,98209
9518,99079
8827,99099
7751,98343
13102,99682
9381,98789
10528,100215
34139,106769
14021,100464
87509,121021
31765,105736
30014,110710
461932,206053
104159,125858
1750838,488513
2175815,604081
418349,216169
8880,100409
7715,99980
7586,98875
9377,98690
8843,104068
7867,97305
13193,99539
9387,99603
15282,100693
34085,106757
13514,99452
88432,119980
32622,104402
30592,104334
459277,213860
103031,126060
1783237,487068
2164568,598377
428343,217531
8260,101704
8020,98664
6516,97917
9357,99298
8545,98733
6788,97593
12731,100626
9395,98696
10224,99194
34450,106859
13167,99152
88262,121731
31648,105601
30853,105065
461566,205644
102617,127354
1769023,491297
2180238,601908
425367,216821
7755,100791
8028,100158
6954,98961
8718,100231
8714,99538
7506,98228
12526,100292
9515,98833
10570,100542
34336,107185
14017,100583
87723,120274
31341,105234
31246,97622
461162,205931
103904,126597
1775217,502551
2169980,596638
419143,214178
8520,100562
8970,99237
7567,99131
9913,100037
8367,98639
7612,98429
13784,100548
9583,99642
15276,100950
34990,107684
13758,100760
87623,120884
31492,105442
29786,105888
459667,205905
103618,127167
1775059,484920
2175717,603137
424390,217578
7662,100487
8246,100181
7327,97811
9638,99622
9176,98701
7227,98383
13045,100013
9753,98996
10527,99009
34559,107254
13966,99533
88220,120658
31329,105691
30507,103947
454962,205018
103603,125390
1765395,485717
2181556,615241
425001,216947
8314,101427
8306,100423
7565,99333
9616,99377
9139,104330
7846,97786
13417,100923
9634,98075
10545,99295
34422,107196
14322,100747
87720,121096
32147,105881
31138,104811
458463,214393
103611,127620
1783184,488799
2175678,608903
417422,215679
8138,100280
8327,99618
6818,98743
9317,98655
8249,98582
7522,98322
13038,99160
9655,98657
15146,100759
35529,105797
13748,99525
87129,119883
31359,105551
30139,104985
456776,206297
103864,126488
1796782,489895
2159271,603274
426949,218282
9092,101139
8043,98811
7013,98697
9609,99404
9199,99159
7215,97647
13465,99775
9679,98348
10104,99836
34768,107278
13741,100116
87265,121582
31841,105550
31094,105252
460590,207234
103614,126539
1779640,484674
2178873,600848
423001,218306
8409,102104
8191,99242
7488,98745
9222,99743
8882,98768
7396,98729
13006,99513
9321,98720
10772,99742
33943,106791
14072,99370
86390,121262
31917,104466
30329,106167
460173,204680
103658,126850
1777714,486296
2179480,604035
417220,215999
8025,101928
8433,99263
7437,99470
9660,99523
8475,99387
7554,99120
12666,100986
9848,100509
15012,102449
34930,108271
13773,100111
88228,121184
31855,111776
29819,105493
469779,206503
108644,128713
1779411,485295
2169018,612759
422768,223890
8705,101103
8445,98351
6655,97213
9911,99544
8605,98102
7216,97651
12869,99537
9607,98380
10383,98530
34798,107389
13213,99740
87236,120785
31354,104644
30232,104968
457805,205318
102882,125279
1776587,490715
2174897,603483
424543,216801
8140,102157
8583,98587
7148,98626
9415,99212
9351,99500
7372,99650
13700,100596
9444,98538
10819,99320
33885,106958
13604,99916
87251,121278
32313,105434
30423,105131
461919,206207
104137,126679
1791559,487008
2187988,607185
420726,215899
8458,101532
8332,99992
7453,99064
9934,100169
9141,100444
7399,98294
12631,100110
10634,99882
15220,100983
34991,106154
13797,99509
87386,120661
30875,106259
30582,105651
457035,207108
104078,127462
1779078,481229
2193912,610542
422374,217358
7913,100176
8465,98355
6498,98102
9509,99099
8887,98206
7110,97710
13718,101634
9355,98694
10050,98821
35263,107360
13221,98423
86555,126653
31375,109651
30254,104045
462687,206495
109184,126898
1772181,483657
2171988,612615
422910,222851
8134,99488
9104,99245
6573,97785
9032,98889
8760,98801
7204,97338
12505,99607
9200,99357
10591,99763
34001,106277
13861,99939
86663,120361
31356,105034
30177,104800
459382,205945
104470,127565
1792442,485896
2172532,599466
415973,213686
8876,101279
8701,98565
7734,98620
10127,98554
9607,98940
8026,98232
13069,100295
10107,98783
15642,101606
35031,107016
13726,100008
88998,120925
32966,105127
30264,105195
457677,204439
102080,126043
1783254,484189
2174463,606649
419558,217597
8848,102450
8825,98883
7485,99018
10021,99211
8581,98430
6717,98416
13253,100393
9277,99199
10126,98682
34362,106614
13375,99787
86534,121006
31588,104423
30417,106268
457758,206626
102871,124899
1777270,486900
2178477,603355
423177,216342
8332,101123
7982,101117
7088,99437
8942,99504
8975,99893
7060,99449
12476,105550
9387,101161
10500,99537
34470,112360
13226,99509
86494,121056
30833,105592
30197,105389
469536,207400
103561,132052
1785435,488961
2164541,618378
419154,216839
8030,100325
9124,99576
7744,98578
9196,98868
8431,98572
7718,98394
12707,99949
9698,99099
15480,100248
34721,106214
13824,99605
88266,121135
31791,105802
30511,106636
461803,206102
103884,127477
1789859,491519
2184772,600971
426972,214206
8970,99536
8118,99952
7319,98469
9772,99556
9153,98221
7210,97833
13327,99594
9647,98318
10714,99229
34635,106783
14511,98690
86742,120612
31572,105060
29910,104588
456125,206231
103504,126680
1787236,487614
2189630,605806
423146,215532
8601,100060
8499,97922
7614,97567
9267,98734
9637,99115
7758,98345
13115,100043
9430,98976
10835,98270
34456,105911
14068,100183
86646,121443
31566,104341
30683,105116
457919,205751
103688,126316
1788680,487984
2190659,610077
418328,217323
7936,100620
8231,99361
7883,98866
9655,98955
14116,98538
7502,98547
12514,99872
10651,98410
15762,100715
34681,106222
13684,99117
88708,120070
31721,104808
30741,104769
460626,205191
103492,125060
1791499,489878
2166435,605030
425639,217042
9249,100763
8181,99348
6788,98113
9431,98982
9048,98062
7424,98239
13297,100255
9887,98916
10315,98835
34203,106264
13503,99443
87121,119670
31730,105129
30390,104810
460478,208020
103944,124302
1790950,490458
2195702,605960
426240,218535
8843,100515
8806,98763
7618,99053
9438,99315
9267,98347
7579,98299
13347,99789
9911,99110
11271,100108
34402,106680
14979,99612
87175,120119
31812,104144
30724,105621
456820,205236
103625,126661
1783800,483015
2196708,607608
419952,214957
8235,102418
7838,99267
6989,99897
9251,100460
8674,100140
7486,98676
13011,101304
9755,99586
15371,100866
34912,107935
13994,100521
86503,121401
31651,105477
30200,112844
463250,205528
104370,128174
1773120,491502
2177184,610542
436238,217384
8586,100852
8093,97859
6593,97875
9484,98685
8679,98011
7148,98109
13214,100623
9509,98434
10558,98788
34680,106895
14468,99665
87606,118608
31601,105188
30255,104251
461725,206301
103117,125065
1779283,490155
2174305,605763
426428,216975
8836,100378
7893,99167
6484,97976
9277,98449
8970,98434
7282,98763
12773,98709
9262,98560
10798,98613
33438,107227
13950,99538
87087,119976
31675,104953
30618,104995
459066,206383
104019,127115
1792595,495682
2171402,608160
417532,216279
8311,101012
8293,98883
7695,98838
9920,99892
8360,97998
7553,98039
12802,100086
9434,98155
15053,100812
34482,105655
13464,99219
87719,120901
31207,105775
29698,104165
459565,206858
104396,125837
1790581,486677
2188322,605675
425874,217620
8841,100145
8268,99052
6911,98364
9206,105920
8787,99135
6756,104255
13161,105423
8982,104818
9906,98869
34250,106789
14004,99438
86556,121064
31327,105344
30118,104864
460794,212580
102937,126933
1795817,488322
2170487,614776
424185,216171
7937,100635
7866,99612
6943,98648
8829,99579
8448,98491
7023,98785
12787,101328
9128,98703
10708,98880
33809,106907
13948,100456
86487,120917
32061,105440
30622,105364
459418,205738
103854,126409
1788200,485567
2178390,605655
417959,217446
9074,101540
8935,98788
7698,97899
10065,94209
8474,97796
7493,98280
12819,99408
9643,99616
15530,101037
34654,106189
13872,99012
86750,119755
32048,104360
29898,105648
462125,205076
103316,126264
1798562,490014
2181557,608653
426958,218718
8542,100589
8393,98814
6896,98840
9684,98844
8600,99234
7318,98846
13218,101256
9575,98469
10167,88918
35034,98736
13992,100076
87264,120367
31646,105619
31038,104601
460314,207988
103812,127284
1772213,489778
2178499,609801
438621,217738
8263,108243
8294,99396
6879,98125
9065,98302
8992,97575
7462,97867
13317,99400
9538,98410
10459,98338
33985,106331
14238,99752
86577,120749
32022,104907
30235,105040
459248,206544
104562,127781
1803817,491888
2166729,602275
419042,216656
9059,101193
8974,99858
7695,99188
9432,98972
8844,98133
7613,98188
12424,101664
9895,98767
15258,100994
35001,107077
13830,100687
88549,121403
32086,105623
30818,104814
457982,207128
102521,124586
1777876,489753
2175631,600493
426434,214879
8435,101251
8379,101090
7392,98227
8990,100676
8232,99337
7629,98311
12967,101184
9719,99945
10558,99768
34733,108560
13754,100379
86460,122037
31235,105439
30741,105892
463294,206845
102799,126751
1784687,487768
2170090,609391
421453,216554
8283,100862
8461,99534
7058,98399
8825,99171
8689,99065
6745,99386
12606,101166
9358,99036
10629,99776
33826,105914
14280,99839
87341,120597
31519,106461
30672,105648
459301,206697
103251,126669
1788587,490059
2174498,603132
414712,216092
7851,99875
7485,98831
7362,98366
9408,98847
9145,98760
7764,97518
12799,99163
10006,100122
15408,100919
35192,107294
13784,99624
88455,120147
31826,105859
30239,105490
460209,206941
104668,126633
1783323,496399
2179987,605128
427270,216679
9007,99345
8541,98854
7050,97327
10043,98652
8796,98619
7321,97708
12839,99502
9529,99027
10060,99504
34674,105918
13352,99363
86203,121034
30661,105154
29986,105274
458362,205718
103341,125598
1768364,483608
2191071,610879
424745,215979
7632,100803
7653,99360
6522,98958
8966,100102
8782,100584
7259,98292
12801,100301
9364,99170
10607,98810
34512,107380
13788,100021
86676,123174
31443,105150
30263,105847
454773,204850
104739,127501
1787537,489456
2185711,606410
419099,215739
8323,100163
8025,99223
7424,99280
9581,98983
8721,99886
7428,98417
13166,101359
9627,99939
15134,102342
34917,103924
13721,100779
87274,121976
31964,106241
30166,106083
463507,207088
104155,126661
1778487,499688
2190319,613690
422405,215355
9473,100369
8383,99482
6813,97942
9588,100348
9241,98426
7373,98263
13120,100173
9439,98208
10139,97880
34321,106961
13941,99709
86332,121619
31693,104940
30193,104231
459713,205076
102637,126449
1745900,488091
2174985,612599
433081,215624
8473,99806
8745,103374
6959,102784
9632,98632
9353,98581
7621,97646
14390,99619
9049,98138
10500,98445
34166,100341
13499,99384
87199,120410
32163,105741
30272,104550
457694,213707
104075,127680
1774946,483758
2166091,605822
419766,215928
8203,100188
9169,98621
7107,98393
9620,98509
8612,98022
7379,97561
13095,100526
9476,98716
15228,100745
34315,106790
13881,98494
87164,120706
31553,106108
30127,105199
458063,205734
103123,127031
1779321,485107
2156337,606315
423416,217689
9422,99641
8478,98963
6774,98930
9495,99228
8856,99520
7135,97112
12641,100117
9326,98715
10405,98983
33996,106441
13504,100127
87262,120600
31156,104591
30796,105795
457801,206684
102961,126672
1765870,493353
2179450,605248
422675,216936
7613,100267
8168,98462
7340,97890
9286,99833
8627,98535
7519,97366
13019,99809
9523,98651
10739,99257
33832,106676
14190,99490
86170,119589
32379,104987
30619,104461
457007,205350
103858,124698
1786224,489774
2175967,606353
419027,217114
8874,101698
8142,99052
7547,98508
9889,99219
9003,99052
7286,97790
13041,99748
9802,99512
15074,100995
34148,106362
13524,98963
88030,119481
31947,106117
29858,105338
457484,205127
103821,125869
1761878,487665
2175449,606733
425952,214068
8773,101626
7815,99077
6783,98116
9702,98601
9038,97484
6894,103128
12431,99223
9111,102037
10310,97868
34300,107011
13316,98023
86528,119577
31207,104096
30097,104896
465080,206416
103861,131350
1773343,489132
2177307,617281
425416,225194
8926,98986
8920,98219
7600,97533
9677,98917
9145,99047
7329,98000
12951,100629
9914,98851
10288,99194
34556,106269
14175,100101
88214,119933
31503,103722
30422,104426
457165,205755
103971,126138
1770523,484827
2151024,603829
417950,214798
8521,101183
8022,98497
7382,99406
9695,99094
8655,98392
7726,98329
12652,99302
10012,99142
15423,100497
35005,105934
14229,99261
87337,120285
31811,106142
29800,104551
459038,205731
102964,127380
1786624,497317
2180374,609246
424680,216774
9049,101331
8381,98368
7226,98423
10181,98991
8647,99463
7384,97571
13063,99622
9095,98131
9995,98777
33893,106599
13410,98695
87679,120552
31916,105176
30274,104108
460613,204779
103251,125653
1759580,481046
2190949,604906
424444,216734
8214,100038
8453,98604
7762,97669
9017,98358
8581,96799
7752,97484
12734,98916
9568,98816
10739,97894
33613,105518
14840,98779
87038,119306
31772,105000
30780,103647
456796,205510
104130,126823
1771795,483713
2182137,606192
416835,215016
9327,102005
7795,98710
7997,99382
9822,98712
8591,98987
7256,97001
13231,99685
10553,103897
15220,100926
35432,105974
13724,99464
87319,120187
31760,106119
30526,104910
467739,205922
103788,124285
1781101,486588
2155994,607463
424201,216064
8840,100461
8332,98685
7038,98177
9973,99727
8900,98470
6753,98414
12923,100073
9369,99357
16077,100545
28891,105260
13096,100257
86661,120941
30861,104217
31257,104199
455371,206375
103826,127066
1764221,490248
2158699,599273
420924,214972
7913,101278
7631,98683
6740,99322
9678,100605
9249,99042
7529,97378
12589,99657
8940,98471
15468,101728
34514,107204
13602,100098
87087,121671
30539,106249
30467,104507
459952,206219
104939,126157
1775388,499873
2173635,605230
417885,216270
8685,101448
7684,98329
7301,98781
9774,100168
9218,98507
7559,98176
13065,99837
9524,98677
15809,101115
35326,107032
13442,100426
86763,121975
30750,105250
31290,104681
454456,207122
103514,125745
1771518,490575
2172792,607208
417449,216475
9133,101506
7725,99391
7237,98569
9997,99218
8980,99135
7384,97447
13110,100226
9624,97837
15661,100635
35183,106598
13831,105014
87298,126840
36769,104421
30521,105214
469863,205782
109794,127258
1771438,485692
2175200,620202
415152,222723
8421,99893
8039,98131
7571,98656
10532,98496
9303,97531
7114,96590
13027,98538
9321,98094
15752,99819
34239,105306
13646,98149
87117,120866
30995,104625
30760,104268
458098,205997
103835,124839
1775416,484831
2172466,603272
419677,217312
8351,101918
7642,99814
6731,98908
9766,99105
8725,99746
7491,98639
12853,100679
8914,98761
15199,101529
34023,107360
13087,99146
86629,121246
30875,105170
30246,106219
457474,206190
103769,125999
1775772,485942
2186250,604179
418367,216531
8413,100131
7833,100902
6595,98933
9516,99954
9326,99896
7113,99659
12829,101230
9357,99710
15133,101356
34212,107221
13757,100860
86755,122280
30849,106022
31184,105063
459560,207736
104941,126853
1768165,486752
2173956,605955
417137,215844
8382,100064
7883,99778
7003,98633
10260,99428
8987,98640
7851,97350
12937,106115
9100,98567
15446,100171
34436,112159
13440,99871
87107,120670
31359,105523
30331,105289
462948,207050
104390,125408
1773814,484424
2167804,620280
416788,215139
9255,99025
7912,96203
6642,87762
10031,99551
9118,97918
7425,98089
12883,99668
9018,99360
15614,100773
34322,107266
13427,100578
87311,120545
30838,105376
30826,105299
456120,205374
103650,125180
1781503,492797
2172167,608641
420030,215390
8747,100614
7368,99796
6905,99347
9615,100405
9146,99293
7139,98134
12569,101436
8531,100146
15027,102082
34901,107608
14030,101125
86971,122542
30476,106032
30419,105626
460061,206717
103192,126497
1772363,490836
2177301,611771
417834,215075
8216,100505
7814,99282
6657,99334
9657,99628
9070,99554
7176,97810
12488,100579
8651,99253
15221,102411
34005,107184
13324,101193
86865,121383
30097,105572
30711,100483
458301,208070
104721,126207
1770936,487029
2184801,599246
413065,216257
8422,101291
8162,100297
7290,99906
10004,99725
8839,100611
7218,97692
12801,99687
9348,98715
15832,100558
34605,107353
13443,99688
87796,120462
31240,104347
30605,105390
458170,212179
104127,126390
1773631,492130
2162638,600211
417544,212095
8142,100258
8165,98465
7071,98027
9918,99288
9162,98669
7852,98436
13472,100425
9195,99220
14940,101027
34368,107353
13341,99369
86530,121390
30812,104891
31503,105120
458342,207108
104606,127399
1787175,486829
2171137,609848
418364,215516
8446,101188
7419,99223
7567,99248
9625,100301
9167,98840
7714,98638
13264,99872
9937,100654
15646,102033
34715,107509
13776,100157
87193,122334
30924,106367
30966,106375
463034,205897
104240,126182
1785231,485878
2184226,605997
420957,214772
8817,100630
7652,99693
7056,99381
9559,100428
9708,98253
7051,98064
12756,100554
8906,99638
14929,101472
35037,107009
13720,100518
87448,121919
30995,106097
30513,96664
459502,206086
103971,126344
1775865,490248
2196084,608677
418742,216333
8699,100492
8143,99265
7271,100341
10188,99260
8956,98336
8264,97684
12921,100662
8938,98616
15422,102044
34369,107466
13338,100288
86138,121069
30552,104260
30594,106257
462352,205119
104625,125587
1785065,487864
2173878,594825
419907,214935
8750,100645
7896,99001
7505,99550
10066,99420
9210,98358
7575,97245
12834,99792
9165,97716
15304,101230
34777,106404
13244,100553
86355,120969
30368,105076
30692,104925
459518,205636
104250,126124
1794396,503956
2191387,602478
419359,214589
8637,100204
7517,99102
7669,99170
10466,99157
9766,98798
8060,97930
12978,101456
9221,98580
15609,101361
34708,106499
13538,100278
87005,119957
30705,104143
30832,104988
460188,204977
103512,125821
1763348,493024
2197648,613269
416452,214500
8024,101224
8377,90504
7187,99695
9813,99585
9008,99410
7137,99328
12982,99797
9231,99130
15491,107405
33962,108540
13073,106494
86544,126558
30353,106217
30261,104376
470496,206301
111926,128049
1779239,493633
2177251,613431
417692,224120
8128,100282
8020,99346
7259,98779
10297,98804
9650,98952
7770,96970
12515,99953
9325,98189
15696,100056
34425,106137
13422,98575
86385,119908
31162,104936
30426,103957
461084,205618
104536,124935
1784099,491061
2180441,596010
417930,216446
9081,100299
7909,98577
7165,98638
9978,100742
9297,99275
7721,97811
13236,100262
9508,98642
15205,100662
35028,106997
13481,99582
86944,120632
30608,104824
31045,105200
462235,206126
105000,126328
1786833,485063
2176359,597448
417346,216129
8658,100181
7578,97460
6908,97649
10082,99553
9543,99017
7554,98248
12577,100281
8652,98671
14878,100620
34426,107729
13905,98868
85929,119690
30596,104913
30450,105192
457296,206641
102977,128152
1767481,486877
2193201,604701
416813,214840
8196,102004
7611,99038
7242,99669
10013,99258
8949,99481
7344,97399
13134,100806
9323,98959
14787,100592
34296,106149
13723,97942
86800,121551
30457,103942
30229,105369
457660,205460
103969,125145
1771037,487693
2178921,603102
417374,215633
8049,100895
7496,99161
7062,98877
9798,99407
9439,99200
7202,96857
12582,100241
9778,98861
15165,101706
34103,106329
13498,100731
88022,120928
30378,105372
30839,104879
458461,206242
103465,125358
1783028,495049
2188382,606942
417440,217046
8239,101743
8482,99079
6863,98653
9705,100269
8801,100439
7361,99202
12814,100129
8680,99184
15246,101232
34020,107516
13689,100103
87028,122180
30584,106807
30372,105977
458517,207834
104992,126175
1769330,493594
2187739,600374
416981,217766
8179,100238
7255,99175
6695,99140
9704,99945
9029,98630
7190,97857
12628,100857
8973,99452
15091,106392
34914,107074
13011,101460
87332,126210
30389,105486
30424,104886
466705,204874
110307,127671
1781483,483881
2181411,622060
418031,222206
8679,102134
7702,98618
6855,98531
9423,99525
9285,98569
7083,97234
12704,100121
9413,98906
15504,102187
34810,106470
14084,99256
87065,121253
30561,104883
31213,105633
458270,205463
103506,127114
1773718,485080
2171034,601973
416042,217211
7908,100622
7298,98879
6632,99211
9870,99038
9030,99760
6871,97377
12776,101185
8977,98701
15135,101552
33852,106692
13469,99356
87074,122297
30999,105698
30642,107290
456976,206368
103907,127018
1769380,486619
2189970,603864
416929,217686
8388,101556
7520,99135
6794,98628
9455,99512
9252,98370
7223,97897
13061,101305
8957,97511
15005,100956
34172,106932
14048,100593
86821,120825
31372,105844
30149,105679
461061,206253
103529,126110
1772791,485223
2191794,603495
415892,215678
8489,100176
7392,99543
6999,98744
9420,100512
9495,98904
7735,98726
13146,100239
9189,98961
15490,101000
34470,107117
13471,99937
86493,121225
30795,104858
30625,105756
460351,206982
104471,126271
1789165,489118
2173760,606813
421454,213507
8208,100695
7445,98654
6847,99065
9531,99598
8648,99072
7425,97887
12548,100857
9087,98929
14898,101520
34386,107073
13388,99429
86873,120961
30429,106022
31092,105666
458336,205945
104053,125497
1773823,498021
2172308,610755
415059,213736
8107,100060
7459,98553
6996,98640
9795,99662
8815,98520
7562,97454
13119,100751
8926,97859
15345,101845
34412,106911
13857,99199
86905,122028
30722,105135
30335,105391
461413,204311
104207,127027
1771728,488136
2172770,602753
416397,218375
8573,102686
7382,99561
7024,91129
9682,100444
9148,99232
7778,99393
12561,107247
9420,100500
15212,101223
34265,113364
13400,99405
86433,120589
30969,105152
30837,105747
470355,208166
104099,127307
1796211,489199
2179759,615443
416618,217157
8459,99842
7537,97673
7003,99457
10323,100230
9284,99115
7503,98746
12420,100398
9121,98654
15309,100357
34227,107106
13470,99042
86853,120335
30495,105722
30521,105476
459751,206403
104810,125865
1787008,491691
2170726,602403
418059,215318
8583,101046
7892,98152
7547,98484
10169,99837
9217,99216
8214,98526
13367,99959
9588,98881
15420,100368
34243,106865
13471,100010
87033,120935
30763,105115
30436,105449
459372,206737
105848,126645
1781647,488373
2183369,610086
417242,215692
8184,100299
7985,99290
7242,98262
10012,99573
9798,98908
7498,97890
12471,99904
9337,98749
15089,101190
34552,107017
13762,99999
87375,121210
30612,105269
30179,110864
462193,206661
103760,126174
1786472,493577
2191182,602301
426981,211086
8685,101590
7690,103541
7205,98220
10160,98492
9128,97775
7284,97799
12894,100090
9424,99543
15180,101518
34713,107140
14138,99694
86595,120673
30892,104965
30476,105431
459419,205674
104653,126042
1767836,486944
2175437,608078
418494,214133
8040,99987
7730,97207
6779,99415
9535,94844
9267,98261
7516,98744
12876,100184
9097,99647
15736,100918
34383,107169
13225,99475
87338,120715
30992,105802
31058,105236
460445,205999
103964,125119
1776553,500832
2197203,607495
418314,213342
8205,101109
8355,98669
6850,97962
9876,99353
8795,98984
7617,98442
12752,100838
8850,98352
15501,101144
34694,109241
13692,100015
87814,121994
31037,105193
30372,105618
459592,205601
103866,126860
1760155,497047
2188977,605776
417877,215438
8663,100714
8120,98301
7316,98997
10200,99897
9288,98650
7454,98422
12952,100135
9077,98291
15254,100901
34291,107664
13384,100251
87409,122403
30404,105356
30683,105931
460239,205876
104439,126260
1764167,497464
2204298,615780
416034,217379
8414,100652
7989,99479
6775,98889
9880,99798
9754,98662
7484,98254
12967,99908
9233,98556
15601,100262
34100,100506
13137,99155
86589,121099
30688,105193
30836,105079
456250,205827
103215,126862
1765955,492419
2189081,620648
421453,216225
8399,101713
8559,100159
7236,97998
10191,100063
8603,99354
7334,98142
12659,99746
9475,99472
15250,101668
34825,107275
13351,99661
87338,121014
30987,105345
31335,106228
458560,207221
103782,128461
1755097,488115
2177610,610259
418918,216369
8873,101892
7755,99615
6903,99167
9626,100646
9182,98920
7825,98734
12674,97255
9079,99380
15219,100967
34530,107993
19088,100238
92908,121388
31496,106224
30454,106445
467773,209031
104685,126685
1760501,496915
2181893,623754
434349,214537
9287,99315
9196,102791
7489,103023
9619,98293
8829,97764
7241,97227
13266,99572
9446,96915
10790,98497
34728,105761
14368,98934
87531,119763
31838,104313
29864,104216
458680,213705
103618,125095
1760059,484731
2184927,609426
422881,216274
7923,100771
9021,99129
7807,98661
9551,99263
9460,98457
7615,97045
13384,99259
9666,98608
10432,98696
34487,105751
14403,99232
87748,120500
32527,104685
30974,104649
458517,205643
104573,126671
1787259,487435
2175002,606479
419110,215391
8546,100113
8259,98925
7514,98747
10050,99115
9173,98383
7706,97640
13038,99870
9648,98481
15485,100592
35024,107068
13710,99457
88060,120282
32195,105138
30085,103746
457965,204707
104004,124664
1780449,490800
2163822,605784
423362,214511
9181,101111
8614,100616
7322,99509
9745,99898
9165,97878
7653,99856
14077,99863
9873,99398
10565,100128
34251,108097
13651,99665
87618,120697
31404,104798
30646,105411
455378,208679
104039,126464
1760567,505725
2167067,615294
422869,212784
8758,98755
8623,98557
7324,97767
9987,98873
8575,98954
7858,98134
13021,99677
8854,98219
10669,99056
33920,107643
13619,100388
86796,121158
31671,105277
30634,104401
457401,204689
104308,127177
1767534,486660
2185754,605703
419535,214913
8271,101199
8273,100593
7135,98976
9246,98824
8685,97470
7854,98683
13084,100237
10008,98672
15293,101682
34692,107910
14303,100234
87239,121092
31889,105887
30279,106827
458182,206992
103231,126299
1779596,485710
2181139,612270
425547,216188
8799,100576
8735,98588
7399,99343
10117,99411
9405,99441
7279,98830
12892,101489
9922,97402
10401,98640
34165,106089
13731,99868
88440,120356
31698,99357
30235,104137
460013,205463
103344,126118
1754060,484365
2176430,607122
437122,215499
8598,100725
8206,99626
7057,98272
9461,98596
8796,98723
7629,97306
13350,100521
9574,98611
10210,99115
34104,106269
13743,99654
87004,121325
31564,104684
30291,104610
455374,211076
103105,126052
1777621,490912
2168135,609195
420310,215933
8549,99799
8338,99403
7776,98108
10214,99149
8958,97956
7894,97360
13160,99352
9731,98530
15649,101885
35076,107181
13446,98940
87265,120265
32451,104938
29943,104218
457191,204876
103104,126152
1771192,498066
2171756,614966
422280,215492
8655,100010
8449,98823
6495,96578
9279,99201
8244,97696
7052,98511
13037,99490
9175,98345
10087,98018
34380,107185
13621,98218
86857,118903
30908,105692
30674,104347
460931,206600
103509,125893
1774180,497884
2187570,606375
422704,216975
8365,99662
8315,99683
7203,97643
9530,98486
8820,98298
7307,96981
13037,100280
9654,97108
11096,99606
34264,105741
13612,99407
86787,120416
31276,105181
30507,105206
462522,205763
103975,127305
1772214,498637
2183509,602448
423476,215414
8371,102292
8009,99794
7249,98852
9469,100710
8969,100020
6908,98415
13579,101872
9838,99939
16011,101193
34855,107773
14241,100400
87905,121425
31660,106180
30007,105361
460824,205328
103881,126929
1776132,492235
2174560,603815
426438,216454
8416,100359
8211,99529
7148,98612
9669,99252
8391,97827
6836,97818
13633,100526
9385,98962
10337,99514
34154,106777
13591,98748
88136,119722
31922,104981
30316,105217
459202,205421
103509,125967
1761181,496422
2184461,608708
422194,213546
8641,99740
8409,99302
6985,98013
9316,98141
9182,98420
7668,98513
12835,99923
9438,98796
10965,99218
34067,106175
13574,99283
87046,120551
30997,104777
30407,104171
457408,205102
104728,127298
1771001,497060
2200938,609963
414987,214970
7753,101375
8197,98466
7511,98728
10065,100116
8837,99272
7463,98655
12618,100299
9981,98416
15880,101120
34516,106187
13363,107936
93044,121357
32245,106019
29609,104635
468175,206040
103291,126287
1754656,486398
2180516,622792
435350,216504
8479,106855
8344,99136
7220,97996
9838,98452
8496,97578
7360,97379
13498,99293
10076,98014
10657,98345
34743,105849
13717,98896
87272,120732
31913,105182
30840,104234
458980,213675
103094,126274
1769045,488785
2165564,607797
426851,215505
8626,100105
8645,99767
7499,98845
9227,98048
8976,97744
7383,97492
12840,99637
9306,98279
10164,98901
33776,107020
13755,99284
86219,120744
31279,105076
29889,104282
459220,205640
103383,126941
1789889,487544
2161391,601784
422517,216879
9201,99365
8100,98908
7926,99497
10004,98785
9010,99420
7729,98884
12623,99980
9716,99400
15097,100594
34711,106452
14207,98753
86867,120348
31896,104993
30254,105059
459986,205551
103384,124840
1774471,489729
2189824,614433
426708,214793
8387,99936
8001,99141
6860,98440
9562,98130
9001,98283
7326,98141
13181,100264
9445,98178
10538,98855
34322,106876
13635,99002
87370,119216
31076,104358
30776,104782
458175,205066
103414,126895
1769838,497641
2190598,605454
421146,214620
7740,99328
8249,98936
6914,98201
9236,99379
9079,97845
7432,97915
12976,100572
9949,98737
10309,98235
34094,105597
14208,100526
87574,120209
32182,105441
30596,104233
459848,205968
103960,125730
1775741,495388
2176660,612109
416273,213769
8360,99019
7926,99297
7455,98932
10012,99080
8971,98066
7355,97210
12853,99570
9648,98563
16380,100696
35145,107106
14298,99727
87685,120795
32358,105613
30323,105219
463181,206297
103514,127027
1776203,489632
2194230,608891
423468,215499
8431,101271
8942,98830
7261,98326
9908,99127
8329,97949
7106,97806
12382,100598
9510,98619
10099,98037
33872,106677
13260,99941
86891,119725
31172,94388
30013,109399
459335,205273
103322,125806
1767170,481626
2181862,607375
433003,217305
8207,101047
7746,99085
7071,98931
8800,96120
9197,98560
7461,97613
12928,99012
9101,98225
10692,99444
33570,105905
14617,99657
88158,120991
32602,103969
30270,104825
458766,213963
104142,126804
1776054,489676
2169429,604128
416969,214850
8038,100661
8282,98483
7163,98200
9517,99423
8506,99351
7228,97057
12621,98335
9759,98783
15190,100062
34500,104560
13767,99003
87523,121003
32684,105022
30511,103880
460599,204972
103314,125019
1779349,489048
2169880,612475
425871,215424
9452,101073
8618,98410
6864,98850
9329,99353
8790,98383
7253,97522
12676,100107
9511,98319
9978,98962
34615,106430
13243,100029
86657,119179
31746,104420
30650,104688
459313,206341
103332,124828
1765910,490369
2174584,606506
423839,218186
7920,101029
8434,98289
6711,98087
8917,98166
8520,97948
7754,99131
12701,100090
9397,99394
10674,98909
34338,106437
13790,99400
86602,119560
31526,103896
30576,105034
455769,207237
104824,126383
1770969,490223
2180138,608532
420711,215043
8833,101797
8007,98704
7615,98360
9513,99464
8587,98852
7395,97565
12459,99741
9895,99076
15530,100815
34409,107489
13843,99584
86750,120815
31989,105111
29991,104244
462373,206470
102915,125434
1771668,484283
2173479,614330
426856,217461
7938,100500
8663,99612
7629,98768
9957,99626
8882,98101
6782,97834
12643,100228
9615,99556
10734,98925
33938,107075
13846,99939
86453,119937
31250,105537
29698,110589
458391,206817
103026,125334
1765778,489113
2184199,605914
431633,213695
8767,99880
8001,98696
6766,98468
9427,98663
9079,104260
8108,97041
12890,99510
9110,97788
10796,98166
33683,105208
14133,99223
87247,120015
31824,104847
30371,104219
465646,205926
103059,125025
1778369,496787
2181360,616584
418209,222940
7486,100447
8130,99061
6856,98114
9265,99178
8691,97882
7727,98229
12629,100007
9908,98547
15312,100823
34093,106892
13593,99462
86827,120227
31470,107549
29819,104906
459584,205082
103337,127222
1770061,494337
2175224,606064
424362,214801
8712,98925
8180,98499
7205,98023
9514,99309
8577,98197
6477,99206
12676,99566
9007,98190
10274,98969
34228,105881
13387,99668
86230,120086
31123,105243
29960,104952
457512,205508
103792,126957
1767438,494490
2177462,601534
421514,215586
7966,100654
8482,99579
7339,98306
9517,98781
9021,97956
7681,97700
13128,100032
9242,97860
10693,98876
34116,106887
14259,99347
86175,119673
31492,103756
30283,105070
461242,204602
104448,125726
1770603,487608
2176596,609021
417812,214041
8285,101625
8228,99048
6840,99073
9460,99441
8439,97866
7111,98425
12563,101605
9536,98829
14872,101240
34725,107725
13736,99752
87183,119724
32040,106131
29781,104729
459983,207356
103321,126467
1767803,487975
2178796,606610
421300,216033
8642,99956
8595,98943
7824,98294
9541,99571
9008,98584
7965,98600
13499,102525
9272,99638
10176,98604
34197,112673
13502,99437
86211,120909
31640,108890
30351,104341
465430,205512
103506,132223
1761043,489204
2161897,613361
421206,225123
7951,100986
8306,99056
7444,99317
9013,99233
8607,98454
7168,99173
12371,99895
9431,99298
11008,99068
34975,106904
14297,99859
87353,121347
31797,104917
30775,105066
459267,207477
104775,126058
1770248,486699
2151121,598817
417768,216703
8765,103166
8132,99235
7239,100256
9688,99568
8521,99022
7769,98542
12490,99459
9969,99889
15000,101093
34349,107778
13560,99345
87528,120894
31021,106446
29765,106496
459940,207597
104285,126013
1768040,497987
2177867,602845
424024,218312
9393,99135
8521,98942
7229,99749
9637,99628
9079,97978
7713,98661
13126,99858
9826,98172
10685,98235
34317,107326
13896,98665
87733,120480
31197,104919
30318,105461
458873,204726
103521,125919
1768078,500539
2181147,611045
424549,216049
8454,101716
7953,99311
7040,98409
9160,99468
9083,98053
7332,98325
12605,100298
9770,99183
10889,98642
33579,106605
13460,99333
86542,121065
31807,104946
30550,104856
455184,206508
103648,124790
1756206,487073
2170797,601431
425671,214405
8168,101748
8359,100159
7283,99145
9383,99680
8611,97967
7736,99085
12458,100255
9704,98914
15106,100942
34761,106059
13796,100579
87269,120851
32135,105187
30394,105329
457498,205959
103280,126094
1786055,485551
2159963,605692
424286,216655
8113,100516
7998,98868
6935,98532
9316,99215
8808,97669
7327,97769
13168,99989
10636,98506
10179,98589
34386,106258
13740,98555
88140,120713
32151,105210
29986,105553
462298,206908
103670,125786
1773162,488856
2178445,603091
425630,214277
8806,100199
8591,99548
7088,98064
9425,99179
9405,99985
7659,99613
12646,100818
9474,99197
10823,99718
34421,107192
14169,100225
86406,120844
31580,106339
30056,104651
461328,205261
104156,126425
1792350,491672
2186672,610918
416744,216847
8414,101977
8292,98602
7569,98271
9742,98778
8441,97943
7842,97995
12366,99028
9850,98593
15129,100139
34638,105956
13217,99778
87411,120617
31929,105853
30284,104815
460336,206826
104011,125675
1772002,488704
2203445,604598
422806,215271
8792,100607
8553,99136
7301,98524
9382,98489
8892,98468
7248,97192
13324,99863
9309,97348
10447,98674
35246,106454
14882,98774
87570,119610
32287,105453
30194,105203
462736,213824
103302,125222
1776962,484769
2170094,598099
424088,217180
8334,100988
8422,98483
7326,97648
9351,98457
8983,98477
7905,97462
13403,99267
9551,98104
10896,98945
34144,106009
13976,99856
86459,120365
31733,103548
30557,104826
461059,205034
104563,126598
1789468,487567
2188684,602030
418574,214134
8457,100120
8617,99128
7642,99005
9810,99315
8566,98202
7248,98733
13071,100570
9532,99184
15178,101480
34273,107130
13784,99760
88598,121379
32012,105806
30174,105053
460660,206108
103317,126297
1779831,487034
2196953,604813
426590,216475
8893,100135
8653,98832
6875,97807
9060,99174
7959,98687
7402,98322
13222,101345
9697,98581
10059,98917
34465,106844
14102,100077
86373,120407
31810,105284
29699,111447
462194,205837
103270,126702
1772758,488844
2176383,610548
432875,217692
8531,99948
8684,104612
7595,104397
9263,100145
8733,98218
7958,98263
13025,99617
9398,98971
10448,99778
33838,106692
13785,100656
86872,121297
31529,104372
30615,105569
460566,206922
103924,125732
1780468,491050
2174339,607986
421057,214398
9059,101647
8317,98781
7397,98914
9951,99212
8561,98922
7132,98589
13126,101381
9622,99307
15803,101332
34078,106730
13934,99586
87166,120889
31477,105196
30685,104763
459839,207209
103655,125415
1773609,496392
2182230,605683
426349,217298
8603,101114
8233,98932
7486,98599
9739,98287
9166,98565
7386,97820
12784,100363
9353,98576
10661,98755
34766,106321
14631,98994
87262,120269
31322,105720
30402,103921
460935,204226
102553,125567
1768279,488384
2181187,599253
427486,215998
8326,100336
7970,99463
7021,99243
9873,98658
8884,98334
7506,98269
12641,99973
9025,99044
10118,98016
33781,106004
13732,105336
86242,125617
31990,104869
30415,104387
464536,205563
110397,126889
1789041,484775
2166649,611457
419473,222928
7855,101563
7884,98305
7813,98653
9382,99875
8442,98876
7311,98234
12452,101098
9632,98594
15169,101246
34035,106196
13230,99710
86841,120817
32022,104711
30252,104025
463369,206284
103835,127183
1779516,491948
2168724,602443
425607,214982
8502,101002
8462,99269
7425,98512
9313,98821
8673,98881
7470,98930
12819,100228
9508,98286
10633,97861
34193,107147
13517,98859
86471,120486
31110,105072
30354,105169
459542,205931
102546,126317
1769797,480615
2190490,606580
424379,217675
8391,99662
8341,99003
7274,99661
8954,99661
8730,98810
6946,98626
12919,101422
9239,99090
10678,99541
33997,108061
13714,100095
86341,121224
32234,105839
30560,105258
458488,207230
103901,125301
1778412,484783
2181839,603560
418502,216731
7894,101183
7797,98357
7073,98401
9481,98058
8769,97945
7446,98730
13309,98497
10003,98403
15277,100505
34394,106817
14224,99501
86838,119965
31620,106060
29921,104558
461169,213002
103915,125255
1789706,486423
2181787,605864
424933,218175
8346,99772
8511,98594
6758,99592
9889,98842
8921,98053
7050,98154
13647,101065
9522,98678
10593,99499
34035,106965
13766,101042
87251,120636
31265,103942
30520,105260
457495,205972
102397,126755
1784350,486360
2187175,602375
425855,216594
8254,100220
8416,98401
7031,98370
9080,98975
8751,97985
7542,96799
12798,99614
9340,97726
10457,99617
34669,105617
14114,100669
87034,119391
31066,104573
30598,103835
457136,205294
104611,125535
1792101,488533
2183243,602010
418217,215938
8011,102369
7953,99467
7383,99730
9232,101216
8596,100195
7634,92439
12807,101510
10032,100006
15557,107780
34102,107511
13745,106983
88174,129306
32358,106417
29677,104801
463706,205560
109001,127367
1786658,487820
2165269,612153
422041,220913
8061,101017
8254,98785
7133,97285
9323,98994
8819,98649
6982,97972
13178,99429
9926,97960
16607,100367
29592,105804
13396,100208
88025,120688
30924,105029
31959,104762
457813,206343
104338,126694
1783084,501501
2182110,609619
418875,215841
8196,99567
7451,98423
7011,98074
9416,98989
9051,98463
7539,96981
12794,100837
8584,98059
15240,100848
34291,107087
13302,100369
87122,121207
30956,106074
30742,104713
460210,205773
104350,126000
1761952,485018
2186412,602358
418298,213960
8613,100582
7921,99955
6963,98557
10410,99267
9135,98619
8201,98930
12609,100851
9131,98664
15405,100966
34420,108219
14153,90098
86655,120892
30925,105839
30716,105645
461426,207537
104370,127766
1760998,486197
2164588,607440
430077,216247
8751,101058
7741,104685
6781,105097
10758,99293
8998,98098
7481,97332
13305,99813
9353,98650
15463,100498
34629,106976
13544,99512
88036,120386
30449,104942
30516,104943
458852,206268
104730,127546
1780311,491243
2160788,609107
415085,215149
8792,100520
7425,99401
6667,98138
9656,99638
8762,99439
7648,97846
12619,100703
9267,98338
15530,100817
34337,107218
13164,99984
86530,121595
30453,105458
30397,105994
463236,207384
104508,126666
1787859,494968
2176984,608003
417232,214752
8767,101176
8106,97961
7670,99548
9578,100130
9487,98751
7571,99383
13133,100903
9405,99969
15292,102006
34708,106418
13498,99141
86613,121824
30588,105951
30609,105844
457346,205015
103588,125696
1770121,491533
2182781,601653
415204,216457
8812,100712
7727,99946
7377,99378
9822,99315
8941,99528
7180,98162
13302,99805
9872,99147
15163,97398
34586,106753
13896,99461
87010,121317
30874,105413
30877,105086
458279,211650
103085,126969
1788683,487970
2178559,599458
416968,216711
8392,101257
7543,99008
7226,100171
9643,99817
8475,99797
7272,98161
12846,100000
8933,98426
15225,101537
34425,106794
13283,100468
87532,121653
30401,105181
30089,105581
460257,206533
103613,126253
1778460,499632
2178181,610831
416927,215738
8354,101875
7783,100228
7520,99392
9392,99907
8902,99123
8250,98043
13311,99917
9191,99998
15462,100818
34306,106832
13818,100288
87305,121503
31384,105968
31364,105493
462663,206624
104331,126879
1770654,489389
2188111,613231
420173,215709
9027,101051
7881,99665
7789,99456
9898,99491
9010,99531
7059,98183
12772,102077
8612,99077
15440,101113
34906,107450
13839,100460
86601,121665
30752,106228
31116,106016
458080,205700
104269,126501
1780651,488989
2196355,613059
414746,216842
7922,100206
8025,98531
8022,98824
9955,99703
9102,99549
7607,99014
13227,102357
9112,99383
15590,101625
35338,108085
13952,101298
86781,122173
30921,106126
30712,105471
454533,205983
105283,127642
1771184,487275
2180463,610323
416920,217924
8307,100128
7476,99241
6952,98980
9632,99690
9349,99552
7175,97827
13056,99858
8810,98390
14837,100087
35170,106195
13369,105839
92954,120938
30699,105512
30342,104415
468299,205072
103140,127299
1761756,488985
2169681,611756
431611,217659
8031,109066
7842,98824
7404,99226
9360,98522
8988,99167
7890,97986
12310,102086
8763,98984
15159,100722
34517,106305
14255,99333
87286,119749
30554,104464
31530,105950
459056,205232
104143,125441
1773227,490161
2161978,598957
421454,214610
7960,100912
7733,99661
6889,98840
9777,99520
8728,99320
7421,97567
12494,101028
8857,98780
15447,100607
34285,107299
13537,99626
86559,119768
31138,105622
30679,104570
459467,206903
104243,126756
1767036,484390
2171865,610799
415934,214806
8334,100144
7673,98161
7004,98302
9427,99421
9054,99287
7428,98430
12774,99607
8914,98082
14842,101131
34064,106346
13440,99326
86371,120800
30601,104289
30790,104183
458291,205412
103420,125552
1770252,494893
2183859,611671
415421,214139
8063,101021
7575,98455
7482,98551
9922,98950
8599,98461
7551,97515
12809,99614
9382,98300
15310,101528
35183,105871
13551,99675
86702,121009
30453,105135
30192,105691
460615,206065
103258,126524
1775088,490032
2180565,611462
416372,215072
8691,101464
7208,98587
7283,99146
9401,99131
8833,98487
7402,97968
13103,99647
9183,98503
15533,99931
34328,106951
13720,100038
87195,121726
30749,103848
30653,105258
458875,208333
104323,125125
1753485,491293
2188974,608045
417567,217337
8681,101081
7386,99439
6989,98857
10166,100189
9123,99385
7406,98340
12533,100730
9050,99256
15316,107473
34151,107703
13744,100988
92698,120612
30435,105140
30172,103202
468075,205317
104149,126965
1770957,486084
2177151,616181
430806,217647
8343,106961
7980,98584
7767,98187
10073,98959
8844,98650
7657,98064
13031,100622
9549,98878
14748,102222
34543,106467
13472,100393
86775,121659
30870,105375
30684,105619
458970,206274
103242,126140
1772841,487309
2177525,608279
420671,216285
8448,101074
8095,98268
7041,100134
10761,100639
8917,99603
7775,99593
12937,100899
9444,98466
15467,101094
35026,107444
13246,99330
88351,121367
30584,105378
30293,105823
462473,206615
103561,126741
1785366,482332
2165543,607999
416008,216869
8414,100846
7517,98951
6976,98575
9293,100644
8905,98806
7233,98021
12353,99825
9096,98585
15250,101161
34062,107626
14239,100820
87000,122483
30749,105517
30630,98252
459818,207098
105278,126405
1760988,492219
2181228,605073
419489,214152
8271,99541
7753,98636
7115,98525
9544,99579
8880,99655
7722,98967
13185,100678
9341,98999
15821,101511
34050,107055
13839,100953
87042,122160
30439,104879
30932,104474
458161,206665
104050,126735
1761847,488709
2184284,600919
414607,214993
8373,101061
7163,99454
6968,98472
9645,99690
8826,99376
7331,98529
12747,99700
8768,99578
15661,101409
34465,107827
13900,100613
86365,121507
30643,105616
30964,104748
463185,205684
103424,126165
1747858,489020
2161093,617221
421887,214508
7874,107076
7911,98574
7222,99026
9848,99264
8887,99099
7039,97770
12384,100013
8381,98468
15144,100799
34061,106710
13263,98789
87091,121018
30731,104210
30167,104887
458463,205250
103084,125006
1759023,486232
2151899,605427
415709,217902
8369,101489
7822,98307
6622,99366
9091,100213
8664,98660
7180,99901
12563,100282
8835,99272
15244,101712
34680,107444
13775,100414
86389,120847
30491,104984
31270,105773
457917,206263
104303,126743
1758593,498767
2170175,612627
417252,216299
9017,100950
7118,98437
7126,99555
10202,99787
8855,99201
7159,97949
13132,99506
9081,98185
15016,101760
34523,96682
13562,99784
86928,120661
30983,105289
30308,104427
459828,206504
103886,126070
1759305,485162
2192826,608809
416932,214454
8557,100516
7864,98581
7265,98977
9452,99937
9431,98665
7881,97353
12839,100807
9208,99353
15618,101415
35345,106319
13936,99838
86503,121308
30671,104511
30307,105092
453979,206327
104817,126037
1761368,481631
2177436,605278
416758,218989
8355,98985
7657,99797
7575,99355
9905,99771
8886,99748
7720,98314
12929,100226
8930,98485
15400,103086
34587,107120
13603,100333
87074,122827
30592,106322
30259,106823
457825,212789
103526,126753
1753021,483033
2160469,602188
416076,214827
9606,101924
7583,99670
7344,98672
9666,99691
9459,99254
7717,98471
12386,100666
9087,98057
15046,99854
34268,107478
13618,99719
86734,121123
31020,104499
30247,104861
458035,205088
104741,126169
1771945,490034
2150119,605280
417641,214558
8750,101261
8443,98461
7334,98140
9829,99088
8969,98046
7739,97178
12483,99132
9038,98639
15271,100568
33945,105628
13709,98552
86436,121250
30724,104215
30151,103753
458561,204828
103833,125462
1757915,488112
2180408,604955
415676,217001
8718,101234
8021,98985
7178,98736
10088,99667
10409,99159
7549,98084
12978,99807
9157,98539
15308,101898
35133,106404
14051,98653
87011,120558
30786,105377
30685,104478
458757,207701
104412,126658
1749770,484728
2175652,607502
419411,216477
8578,101602
7840,98962
6934,100168
9610,100342
8866,99778
7367,98556
12527,101499
9014,100224
15006,102192
34201,107923
12863,105021
86628,126230
30407,105386
30692,105810
465091,206779
103688,127350
1774711,488510
2163579,621631
422902,216532
8434,102102
8351,99042
7608,99197
10763,100260
9532,98564
7713,99376
13430,99622
9235,99115
15622,101242
34610,106545
13126,99596
86842,121308
30633,105646
30599,105821
457023,206225
103970,127618
1769841,494161
2163649,604611
417226,219017
8371,99852
7462,98482
7199,99170
9789,99801
8960,100899
7117,99207
13225,101371
9436,99337
15166,101529
35202,107185
13336,99642
86805,120545
30747,104688
31020,105044
460012,207203
102981,126829
1773664,497640
2178738,607863
416192,218394
8017,100184
7198,100973
7410,99241
9677,100163
8769,99748
7035,99186
12976,102126
9056,99973
15199,102645
34417,107994
13661,100394
86730,122178
30583,105529
30434,106280
454770,206762
104278,125213
1767101,487863
2170725,606475
417386,214516
8204,99435
8041,97312
6748,99304
10303,98323
9243,99167
7602,98777
12741,100554
9269,98992
14848,100927
34171,106808
13565,99141
87049,121745
30556,105249
31042,105362
458509,206063
104222,125774
1759217,482829
2161317,602722
428241,214771
8536,101101
7394,98888
6927,98524
9706,98870
9046,98287
7221,97713
12751,100350
8578,98805
15381,100075
34771,106124
13420,99768
87567,119930
30649,105565
30189,104923
456211,207554
104102,126590
1772978,488929
2169899,602993
418585,215495
8392,99109
7148,98563
7388,99460
9741,99914
9594,98658
7663,97358
13164,99440
8962,98206
15571,101748
34776,106598
13551,100288
87510,120900
30398,106177
30451,105866
457151,205214
103822,127552
1782755,490453
2176103,604490
418297,216177
8300,102558
7922,99969
7356,99434
9607,99777
9071,98849
7587,98402
12478,100533
8865,100679
15049,103391
35016,108637
13590,99718
86713,121954
31042,105861
31091,106550
455201,205736
104763,125781
1776743,483534
2181224,593684
414510,215697
8484,102007
7060,99510
7318,99053
9830,99128
9316,98840
7421,98372
12919,100720
9164,98598
15449,101604
34486,107034
13390,100779
86583,121464
30288,105125
31041,111395
458959,206839
103782,127759
1761338,484719
2163514,610893
429830,217062
7545,99908
8121,97353
7004,97613
9384,98494
8952,98991
7760,97046
12497,99872
8797,97979
15034,99254
34548,106622
13757,98611
87068,119667
30412,104501
30712,105343
457067,206909
103826,128214
1762444,491677
2162415,603625
415914,216444
8504,100796
7750,99398
6791,99301
9653,101342
9220,99935
7303,98286
13006,99474
8890,99741
15487,100783
34525,107198
13709,98884
86703,120527
30253,105167
30687,105575
457804,205744
103619,126971
1771960,495921
2190820,607292
414783,217739
8654,99631
7752,98416
6971,98282
9515,99233
9116,98349
7433,97697
12506,100373
9107,98488
14933,101058
33933,106657
13446,99768
86301,120280
32147,104657
30186,105664
460641,205299
103920,126274
1763621,482440
2181399,609377
424471,215643
8730,100701
8161,99110
6666,97959
9661,99455
9051,98867
6977,92819
12457,100555
8940,98527
10359,104985
34250,107067
13312,104194
87549,126748
31550,106229
29803,105608
463464,206373
109997,127806
1777024,486580
2172875,617991
429192,219004
7986,100553
8056,98465
6758,98154
8979,99435
8987,99065
7645,97965
13270,100241
9260,97441
10853,98511
33786,106703
13259,99799
86273,119693
31059,105237
30110,105036
459623,204972
103681,125199
1787518,484447
2162709,594871
418903,217026
8315,100668
7928,100082
7194,99971
9427,99960
8954,98639
7653,99194
12721,99890
9766,98458
15751,100901
35200,106963
13626,99683
87489,121112
31934,106201
29682,105153
462114,205761
103836,125594
1771962,488240
2186830,602688
421792,220495
8728,100708
8597,99676
6760,98454
8896,99209
8626,98705
7455,98165
12872,100962
9285,99701
10407,99260
34210,108135
13846,99328
86867,121016
30979,105323
30693,106374
461134,205646
103817,126111
1782769,486905
2196763,609456
423596,216854
8723,99920
8735,98775
6888,99419
9506,105376
9068,99284
7465,102826
13177,99440
9185,103589
10506,99801
34505,106722
13845,99793
86610,120596
32381,104764
30336,105439
459074,213844
104096,125632
1782436,484386
2168878,611002
421792,215313
9192,101199
8608,98527
7119,98622
9718,99544
8350,98266
7003,97759
12808,101619
9765,99971
15117,100847
34325,108152
13480,100164
87356,121043
31439,107033
29685,104994
460314,206956
103312,124844
1790286,485653
2168801,601917
426515,217271
9230,100437
7695,99935
7015,99221
9233,99425
8845,98660
7143,98280
12925,99769
9259,98803
10154,99767
33782,106017
13198,98886
86756,121184
31061,105150
30632,105240
460892,206095
103380,125856
1776627,481662
2186096,609164
421832,216312
8980,99817
9190,99784
7344,98611
9462,99767
8674,98486
7266,98361
12679,100357
9215,99052
10702,99190
33485,107217
14114,100774
86756,121283
32060,105786
30380,111499
459404,206221
104476,126270
1781676,488701
2168647,607557
424670,220391
7635,108405
7957,99250
7448,99300
9810,99140
8525,99378
7120,99230
12987,100260
9340,99369
15106,101798
34787,106169
13857,100895
87630,119780
31754,105370
30022,104482
461071,206674
105104,124705
1793674,486841
2166810,611977
423345,216494
9446,100457
8713,99484
7810,98903
9482,99934
8388,98339
6875,98229
12835,99242
9469,98554
10503,98609
34236,107316
13858,99876
87723,120656
31181,104742
29780,104624
460191,207841
104142,125698
1783408,482431
2184216,605736
426357,219111
8218,100786
8225,100296
6482,98336
9241,99331
9204,99889
7870,99246
12523,100777
9116,99458
10404,99796
34270,108231
13947,100680
87652,120614
31829,105261
30297,106158
459505,206412
104188,125013
1781939,488358
2177841,611066
418462,215982
8381,102685
7720,100006
7282,99714
9894,99994
8676,99010
7539,98290
13953,100106
9809,99821
15502,101075
35322,106934
13553,99389
87004,120581
31645,105248
30152,105033
457059,214969
103778,126088
1792925,486888
2174245,609054
427228,215271
9389,100657
8641,98616
7570,97759
9674,99071
9109,98490
7055,97535
13032,100577
9897,99281
10278,99084
34733,106782
14110,99740
86701,121252
31279,104646
30302,104663
458307,205179
103382,125091
1789554,484844
2164274,601581
425605,216442
7830,100011
8459,98681
7095,98973
9224,100388
10023,99481
7484,98029
12467,100290
9596,99160
10656,98652
34207,106600
13626,99843
87144,120507
31239,104746
30834,104766
463214,206163
104489,127550
1781454,488097
2180748,609364
420772,216650
8658,100439
9346,99396
7265,98350
10154,99397
8068,98762
7469,98450
12449,100534
9996,100064
15360,101792
34161,106982
13567,100368
93130,121344
31521,105929
29561,106397
471012,207129
102955,126674
1776656,489056
2169048,615142
430635,219514
8885,100647
7771,99869
6884,98094
9623,99350
8383,98640
7365,97474
13033,100424
9020,98895
10535,99647
34699,107627
13343,99633
86702,119076
31493,104984
29985,105066
459443,206495
103739,125636
1784294,489916
2171671,608482
424608,216251
7963,100673
8543,99209
6907,97767
9603,99065
8883,98343
7637,98790
12699,99491
9484,99073
11177,99012
34675,106607
13555,100132
86346,120165
31078,105875
30500,105098
461902,205649
104433,125848
1782857,488360
2181984,608638
418888,215313
8124,100974
8244,99414
6989,98749
9196,99735
8284,98532
7340,98718
12679,100380
9661,99404
15285,101747
34563,106993
13730,100184
87752,120787
32165,106184
30049,106758
457405,207050
102742,125630
1778199,493850
2203416,604313
429616,218347
8836,99517
8428,100016
7750,98815
9767,99381
9388,98817
6989,99406
12838,100790
9233,98820
10720,99309
34419,107483
13693,98794
88754,120090
32213,104988
30642,105614
458158,206304
103587,126108
1772460,483814
2185885,610663
424512,219658
8070,101361
8257,99108
7462,98988
9024,99851
8651,98550
7059,98208
12816,100003
9911,100393
10802,99033
34099,107266
14634,105743
86273,126670
31659,105275
30741,105302
467879,206411
104820,127184
1774448,490395
2163283,619210
431470,217369
8385,107235
8276,98136
7430,103516
9431,93382
8666,98216
7668,97431
12895,99794
10359,99087
15109,100621
34646,105958
13522,99211
89006,120602
32281,105293
29840,105726
457515,214546
102720,126072
1780450,494405
2185698,613575
430699,214879
9359,101592
8231,99153
7936,99137
10548,99981
9000,98632
7919,98309
13714,99427
9427,98294
10883,99292
34708,105941
13663,99471
86692,119876
31739,105010
30140,105532
460852,206371
102390,127413
1779606,492126
2175096,604664
425388,216093
7643,99929
8519,95982
6847,98326
9327,98957
9190,99656
7200,97757
13503,99834
9001,99053
10697,99591
34625,105889
13567,100185
85903,120972
31473,104727
30729,105647
455235,207860
103710,126393
1778091,501857
2170579,614405
417771,215642
8701,100569
7943,99086
7778,98279
9654,99643
8716,97865
7452,98330
13109,100376
9793,99248
15241,100637
34538,107339
13437,99270
87718,120472
32196,104129
30489,105038
462001,205778
104050,124889
1770530,500776
2187677,601359
427667,214178
9447,99748
8715,98652
7186,98031
10072,99161
9429,97784
7451,97433
13018,99593
9768,97883
10493,98385
34924,106937
13752,99328
87556,120374
31223,105627
30734,104599
459068,206186
103829,125432
1767254,499890
2191691,612450
421447,215581
8708,100465
8417,99564
7229,98214
9168,99492
8691,98892
7735,98127
12916,99690
9315,98465
10440,98894
34539,105911
14180,99756
86818,119866
31540,105207
30962,105859
456417,208003
104395,126437
1777298,499741
2187651,619017
415980,214245
8061,100722
8159,99245
7520,98663
9533,100519
8963,98812
7458,98970
13020,101783
9956,99659
14900,102425
34287,107310
13696,99983
87005,121320
31795,105998
29973,110233
459537,206199
102949,127459
1762723,483196
2182053,603389
434333,214610
9017,103047
8258,98817
6888,98040
9009,99298
8354,97614
6977,97880
12593,100463
9095,98217
10426,98636
33937,106906
13930,99013
87409,120218
31820,105036
30308,104448
458157,213556
103016,127174
1766641,487495
2157722,611839
427652,217103
8709,101217
7971,98788
6793,97942
9233,99356
8626,98413
7539,97797
12711,99034
9702,98186
10681,98264
33843,106367
13786,100809
86575,121296
31633,104349
30569,104355
461578,204830
103692,125737
1781817,486820
2165907,605004
422008,217643
7982,101570
8096,99112
6806,98743
9442,100345
8863,99129
7566,98286
13410,99851
9538,99881
14584,101082
34337,108687
13288,99830
88663,120947
32432,105252
30188,105498
459683,206812
103675,125730
1783777,498202
2170593,601415
420766,215684
8352,100495
7967,98620
6785,98381
9542,99618
8463,98147
6692,98270
12559,100782
9931,98266
10630,99177
34839,107341
13643,98386
86397,120344
31002,105433
30587,105220
457261,205980
103570,126014
1765887,487476
2179453,610900
423588,214448
8677,100315
8136,99332
7195,97939
9467,100414
8714,100167
7666,98946
12949,100156
9086,99673
10250,99527
33941,107640
13283,100037
86746,121974
32043,104693
30435,104735
455448,206614
103975,127838
1769929,487183
2184357,598950
416881,216079
8091,100985
8092,99149
7336,97947
10009,99316
9195,98543
7589,97992
12785,99153
9493,103528
15231,100882
35050,105747
14109,99676
87275,120810
31817,105705
29638,104948
467620,207354
103317,133706
1780997,490038
2164050,614944
423913,221641
8817,100525
8379,97812
6990,97878
9530,99323
8893,98834
7297,97753
12949,99873
9710,98710
10214,98696
34672,107458
13543,99352
86403,120631
30900,106645
30264,104683
459317,206930
103455,125054
1774674,489590
2178751,602369
423877,215445
8991,100444
9192,98723
7265,97870
9103,99625
9026,98772
7442,98276
13077,99636
9457,98467
10847,98898
34236,107043
14170,98792
86998,120481
31517,105375
31393,105148
458152,206008
103603,124714
1780604,497061
2176884,609512
415550,217111
8542,101208
7641,99610
6998,99041
9623,99675
8725,98793
7696,97973
12796,99866
9486,99752
15195,100873
34847,107935
13861,100258
88097,121349
31158,105590
30040,105936
460587,205855
103604,125628
1774530,491078
2176204,601923
423643,214386
9181,101871
8376,98746
6765,98682
9500,99067
9512,99974
7381,98315
13431,99997
9239,99459
10448,100041
34607,107444
13696,99132
87765,121744
31318,106162
30685,105582
456181,206123
103978,126745
1772842,489245
2175033,603648
422908,214741
8038,101221
7939,99773
6992,98755
9046,100172
8669,98983
7720,99151
12760,99765
9382,98886
10295,105064
34342,106520
13499,100082
92131,120460
31361,105146
29839,104154
467646,205710
103911,126720
1769041,488449
2158505,618226
428102,216978
7940,107502
7851,98464
7447,97552
10092,98704
9034,98601
7818,97592
13085,99234
10381,99078
15545,100602
34704,106545
13564,99346
87784,120870
31881,105912
29904,104823
460771,204713
102689,126291
1766559,490123
2177214,609171
420935,216312
9267,100953
8106,99219
6552,98369
9245,98564
8459,99215
6935,98688
12857,100467
9318,98773
10145,98429
34549,107250
13487,99557
86440,120876
30973,105085
30242,105955
459291,206167
103120,127209
1767144,494846
2177696,599018
427585,214857
8516,98926
8650,98582
7158,98465
9387,98855
9396,98446
7003,98144
12324,101088
9912,97997
10346,99393
34382,105587
14294,99682
87176,120322
31551,104536
30973,104303
459785,206063
104339,125467
1774300,483640
2174378,607848
417600,216680
8760,101798
7731,100284
7352,98345
9368,100443
8415,98305
7282,99622
12815,99926
10196,98481
15302,100703
34645,106959
13692,99705
87326,120286
32034,106096
30147,105247
454975,206181
103093,125035
1763340,490796
2190650,605909
425659,217048
8700,100669
8545,99116
6876,98824
10004,105127
8464,98499
7024,103203
12867,99832
10201,103690
10383,100136
35259,106400
14259,98671
86361,119598
31476,104687
30432,105086
463346,206471
103102,131143
1779746,492591
2167809,620469
422565,226642
8346,102597
8586,99805
6988,100253
9015,98359
9091,99203
7452,98730
13357,100925
9020,98240
10751,98817
34041,106646
13667,100729
86566,119265
32074,105960
30660,104990
459477,205881
103880,126290
1784893,491793
2169982,602203
421539,216347
8397,101550
7986,98244
7244,98295
9591,99365
8727,98223
7096,97985
12278,100483
9488,99796
15138,101169
34938,106827
13358,99681
88344,120356
31672,105574
29928,105533
457156,207029
103635,125816
1775038,498059
2189177,606027
426559,215788
8508,99687
8218,99588
7412,99003
9289,99394
8756,98385
7060,98202
12837,100461
9526,98993
10987,99449
34355,106842
13619,99413
87369,118759
31393,105440
30130,105288
458754,205527
103442,126620
1769006,487573
2179993,605689
425652,217659
8986,100593
7857,99255
7216,98345
9480,98129
8811,99203
7776,98064
13180,101282
9403,99604
10568,105605
34344,107784
13797,100228
92206,121409
31413,104493
31025,104605
467766,206500
104550,126582
1773409,482867
2175128,616710
426195,215806
8448,107824
8200,98784
8232,98589
9613,99582
8995,98529
7401,97462
13779,99637
10127,98550
15543,101187
34671,106267
13720,99643
87396,120071
31481,105439
29788,104598
459976,205451
104193,126603
1788580,489962
2176209,597788
427666,218222
8435,101532
8501,100164
6895,98320
9658,99719
8872,99450
7402,98608
12980,101311
9553,98832
10516,99276
34409,106012
13676,99967
86978,119708
30968,104677
30239,104002
461561,205263
104108,126842
1772013,494098
2178957,605698
423553,216958
8879,101947
8600,99338
7800,98789
9399,99000
8983,98402
7777,98273
12872,99954
9752,98763
10349,99929
34301,106191
13717,99528
86354,120556
31659,104963
30668,104776
461242,206257
105460,126369
1789478,486822
2187848,600153
416249,215173
7749,101057
8099,98453
7778,98704
9497,99651
9148,97922
7784,98766
12805,100906
9557,99381
15814,101956
34787,107001
13890,100499
87708,120418
32143,105290
29434,108787
458517,205407
102953,126725
1765975,486362
2165465,605254
435237,217916
7727,108244
9017,99751
7311,98583
9808,99820
9044,99005
7282,97616
12998,99790
9464,98160
10083,99430
34512,107619
13947,100192
86605,120855
31598,105362
30630,104002
456957,205185
104081,125936
1780787,489024
2178301,603915
423627,216721
8237,101424
7970,98391
7262,98323
9536,98549
9263,98847
7407,97678
12381,99480
9000,98479
10406,99802
33973,106002
13455,99323
87475,121107
31972,104889
30993,105091
458999,204970
103766,125966
1781671,496111
2186948,606314
415547,213966
8743,101409
8310,99828
7482,98630
9385,98726
9087,97433
7316,96977
13285,99217
10120,98360
15262,99153
34599,105586
13745,99211
88701,118925
32147,105854
30433,104236
460276,205730
102601,126548
1780830,489557
2183111,610321
424592,215284
8065,100799
8109,99352
6764,98476
9172,100295
9316,98296
7194,98397
12368,100920
9120,98806
9914,100146
33967,108216
13183,100399
86861,120668
31217,106000
30339,111537
461090,205634
102797,125582
1771456,484292
2160967,610928
431179,215230
8305,106415
8139,97538
7158,97159
9356,99243
9552,99250
7525,96932
13188,99792
9237,98286
10624,98249
34219,107153
13426,100652
86752,121194
31632,104674
30683,104356
458508,206666
104326,125167
1794888,494976
2174432,601294
418246,212968
8068,99958
8394,97960
7102,97599
9833,99190
8739,98200
7289,97883
12905,98987
9686,98787
15151,100857
34673,105339
13985,98311
88014,119431
31917,104759
29900,104412
458218,205792
102935,125944
1772740,498729
2185566,603942
425109,217959
8655,100694
7972,99194
7155,98832
9563,99674
8491,98751
6916,97744
13216,100013
9258,99221
16492,100563
28684,105212
13503,99364
87675,120396
30530,104898
32406,104844
457974,204864
103508,127151
1768396,486322
2171709,608062
416790,214454
8431,100946
7814,98634
7531,98802
9660,99338
8996,99141
7784,97677
13163,100484
9196,98512
15170,100887
34605,107236
13789,100084
86672,121346
31307,105463
31301,105001
466838,206514
104354,127648
1779340,490462
2168193,616627
424055,215963
8195,99759
7369,100470
7271,98927
9432,99562
9002,97913
8078,98348
13225,100524
8940,98385
15388,99967
34576,106599
13664,99783
86975,120788
30762,104104
30750,105370
460983,204770
103459,125972
1780972,486598
2172912,597522
416884,215535
8654,102094
7550,99024
7670,98903
9926,99693
9219,99598
7604,98376
13431,100139
9057,98679
16000,101870
35087,107285
14341,99528
86736,121467
30910,106070
31497,105692
458801,207521
103436,126610
1775987,493509
2186265,602663
420637,214335
8753,101053
8068,100142
6615,98099
10072,99945
8669,99705
7343,98808
12870,100570
8557,98093
15096,101111
34936,105911
13604,99755
87315,121359
30716,104552
31101,105310
460165,205601
103528,125833
1779392,487179
2188453,605611
416131,215070
8710,99897
7194,98490
7277,98487
15306,99470
8581,99867
7535,102586
12651,106723
9031,103959
15190,101485
34375,107122
14082,99104
86772,120379
31341,104198
31256,105114
463628,205322
103182,125686
1778552,485538
2181549,608697
420559,216969
8454,101159
8192,98166
7294,98085
9512,98936
8979,97978
7401,96892
13639,100451
9412,98235
15164,100014
34704,106679
13680,98404
86473,120764
30261,104512
30575,105035
461246,205804
103687,125969
1780183,484874
2172851,601674
417884,216983
7785,101148
7718,99233
6886,99680
9790,100340
9093,99326
8126,98580
12586,101333
9247,98557
15830,101756
34686,107432
13666,99537
87411,121138
30632,105474
31026,105627
463085,206068
104607,126458
1773387,486669
2187678,604323
414943,215339
8460,100371
8487,98944
6862,98714
9945,99715
9140,98935
7680,97714
12932,98636
9132,98881
15563,100817
34390,106392
14207,98927
86258,120652
30786,105440
30777,110932
463382,206848
104702,126547
1772454,486034
2182893,600231
429975,217387
8628,101396
7375,105324
7354,103785
10014,99443
9259,97902
7081,97644
12991,100389
9170,98251
15466,99458
34114,105727
13528,99588
87578,121906
30812,105342
30734,106313
458258,206067
104140,125846
1771733,483131
2180432,602503
418246,216642
8672,100665
7474,100970
7277,99215
9779,99020
9032,98483
7306,98871
12885,99657
9405,98522
14808,101210
34752,106069
13474,99971
86279,121121
30540,105021
30583,98857
458525,206377
103439,125829
1778335,499274
2185504,600688
414207,215985
8193,100646
7326,98297
6598,99612
9507,99688
8708,99480
7321,98400
12792,100091
9107,98898
15406,100947
34067,107027
13656,99364
86692,120929
30641,105479
30945,105123
459145,204668
105314,126199
1781287,485575
2196230,601460
417038,216641
8002,101055
7956,99919
7297,98667
9721,100373
9341,99421
7377,99022
12725,101197
9203,99299
15105,108022
34256,106898
19232,100310
93251,120894
31154,106167
30610,104633
467379,207135
105607,127140
1777184,487426
2178697,621038
425314,217248
8254,99651
7580,97707
6636,98346
10154,99394
9017,98837
7638,97329
12983,100290
9062,98975
15174,99902
34514,106767
13059,99802
87209,121037
30879,104769
31145,104706
462976,206246
103999,125676
1783594,490194
2170864,602670
417040,215575
8331,101112
7564,98996
7074,98399
9560,99032
8949,99552
7280,99150
12825,101063
9426,99827
16233,101041
34780,107741
13031,98852
86448,121220
30793,106034
30185,104515
460271,206981
104408,125826
1771915,492541
2190982,602283
420035,216433
8096,101584
8001,100656
7583,99846
9262,101227
9198,99177
7163,98759
13148,100310
9166,98538
15269,101761
34541,107362
13681,99958
86584,121496
30514,107094
31260,106041
465402,207172
104062,126708
1769226,488062
2176588,609559
417223,214185
7761,98859
7231,98937
7209,99586
9281,105693
8506,99162
6815,103148
12353,105662
8804,105735
15090,100722
34494,107536
13289,101199
86921,121379
30929,104630
30084,105291
467058,210809
105242,125881
1779646,484838
2174312,611908
417254,214717
8177,100669
7908,97762
6684,98193
9765,98502
8821,98014
6882,97852
12735,100047
9249,98297
14951,101101
34248,106013
13048,98917
86748,120523
30630,104983
30364,105935
462008,206266
104886,125798
1786685,490367
2177701,597717
422531,212647
8490,100977
7856,98835
6909,98638
9674,99613
8974,98491
7549,97653
12952,99904
8869,99643
14943,100704
34362,107867
13556,100417
86799,121513
30146,105789
30586,105562
459219,204878
103396,125400
1773720,491630
2187818,602775
418184,216794
8272,102081
7844,98550
7467,99540
9897,99368
8828,99134
7511,98275
12521,100262
8707,98818
14930,100610
34547,107192
13987,99875
86461,121708
30925,105011
30087,110716
457970,206500
104804,126145
1775809,485856
2170696,608945
429863,215131
14696,101701
7531,98027
6862,98109
9600,98873
8900,98446
7416,97784
13152,100126
9408,98821
15242,101124
34507,106323
13530,99838
86677,120491
30518,104971
30421,100823
462263,207344
104220,126021
1775110,486703
2174550,606555
414189,217361
8163,100043
7983,98590
6750,98928
9842,98960
8801,99270
7074,98210
12774,101154
8701,98794
15129,101375
34095,107828
13468,100133
86974,121185
30618,105117
30304,105055
462006,207124
103322,126982
1788795,497760
2173161,603616
419250,217285
8425,101325
7636,99630
7150,98763
9931,99877
8784,99521
7540,98289
13060,100079
9739,98777
15598,101104
34393,106253
13829,99436
86325,121272
30512,104470
30222,106019
459280,205972
103776,126620
1770981,486390
2169890,602331
418010,215690
8193,100222
7611,99386
6931,99178
9413,99506
8879,99561
7748,97684
12724,99919
9203,98245
15400,100482
34335,106359
13225,98820
86450,120936
30141,104041
30422,104637
460478,205407
103890,125361
1793860,483678
2174805,598369
420344,218205
7965,100484
8205,99224
7714,98400
10465,99293
9088,99073
7759,99381
13911,100192
9275,97783
15427,101417
33854,106249
13319,99525
86971,121656
30854,105485
30294,104948
462626,205826
103454,125748
1779516,491384
2174165,607457
418409,215795
9334,101882
7430,99116
6893,98280
10514,99652
8829,98987
7649,98192
12843,100021
9043,98762
14782,100682
34517,107494
13236,100169
86651,121496
30430,105428
30785,105616
462531,206807
104115,126210
1787595,488645
2186958,609847
417195,215853
8221,101217
7582,99484
7112,99553
9379,100342
8696,99307
8100,98647
12525,99676
9222,99008
15211,105789
34934,108185
18476,99425
87206,125765
31211,104961
30603,104826
470412,206510
104539,127115
1780076,484435
2183386,620082
426755,215631
8919,99262
8414,98630
7203,99396
9649,98435
9712,98609
7584,97646
13363,100523
9157,98072
15662,100274
34298,106786
13424,98718
87537,121083
30912,105396
30543,104102
464900,205130
104489,124429
1791759,490603
2158833,598250
417426,215555
8638,101920
8025,98391
6774,98605
10170,99429
9187,99315
7715,97694
12956,100365
9436,99071
15706,100676
34686,106876
13645,99760
86763,120798
31097,105845
30722,105951
462506,206582
104279,125667
1788173,487856
2185934,601639
414089,216911
8485,100036
7677,98591
6891,98720
9526,99613
8900,98852
7539,98055
12502,101114
9363,97789
15173,100700
34649,99263
13925,94806
87749,122067
30614,104826
36917,105812
461033,206897
104889,126421
1775765,485229
2193508,603476
426728,215160
7741,101621
7422,105360
6876,103793
9342,99888
9452,98234
7218,98598
13566,100528
9446,98782
16294,100338
34839,106858
13792,99965
87181,120763
30598,105129
30855,104885
459827,205339
103166,126507
1775591,494414
2167972,605212
418709,214560
8410,100328
8080,97860
7234,98730
9649,100002
9312,98049
7648,97497
13170,99555
9034,98407
15299,100126
34621,105349
13640,99393
87214,119818
30604,104574
30402,104699
461479,204421
103472,126106
1785764,497840
2178984,601864
419501,215747
8357,100715
7479,99165
7141,97927
9439,98982
8890,97745
7272,98079
12787,99865
8835,99301
15141,100792
34141,105993
13923,100067
86952,121128
30877,104452
30818,104628
458139,207070
104243,127727
1780293,488969
2176629,607561
419341,214831
8851,100527
7816,99039
7150,99026
9619,105578
9124,99917
7591,97841
12937,100990
9237,98860
15512,101522
34424,105904
13743,99818
86917,121503
30357,105213
29749,104535
461234,214600
103142,127670
1772496,489235
2172321,600152
417818,214777
7706,100644
7486,98654
7009,99147
9254,99738
8933,98451
7545,98840
12354,100292
8983,99625
15531,100672
35190,106413
13813,99873
86956,121119
30237,106526
31241,106989
459375,206050
104833,126751
1786446,500752
2172600,608529
417080,215999
8685,101259
7653,99271
6469,99555
9909,100148
9215,99113
7164,98736
12879,100447
8726,100141
15189,101392
34573,107355
13368,100153
86609,120794
30722,105408
30791,104655
462679,207581
104343,128081
1795011,490126
2184618,598074
417205,217293
8203,100156
7626,97758
6906,98929
9404,99272
8422,98475
7403,98570
12541,100091
8865,98597
15388,101213
34838,106857
13714,104703
87280,126447
35961,105594
30765,105208
464294,206535
110081,127911
1780266,482556
2171252,612033
418090,232997
8036,100810
7379,99462
7442,99545
9999,98965
8897,100189
8280,97691
13099,100418
9555,98589
15604,100984
35393,106495
14467,99677
87499,120826
31043,104404
30632,104403
460100,206628
103351,127455
1768700,491702
2184848,605416
416238,217922
8580,100820
7669,100628
6861,99896
9872,101894
9141,100217
7373,98933
13356,100334
9077,100112
15764,100669
34828,107461
13322,101042
86710,121807
30639,105209
30470,105998
454698,206090
104561,127892
1770773,508310
2179112,608009
416708,214105
8580,100220
7630,98626
6917,99473
9823,101375
8998,98727
7355,98378
12751,100920
8846,99287
15408,102198
34180,106920
13824,99832
87075,120477
30545,106262
30798,104202
460665,205080
103692,124201
1773126,486754
2194713,609704
417034,215469
8585,100084
7635,99602
7202,99088
9938,99287
9252,99616
8109,99493
13450,100486
9664,97451
15339,102358
35257,106851
13656,101126
87236,121810
30652,105885
30834,100120
460519,205911
104298,126854
1769867,490699
2197504,596508
418028,216723
8210,100363
7781,99086
7385,98551
9855,100906
8801,98614
7131,97651
12531,100809
9081,98562
15292,101518
34214,107117
13637,100781
86938,121713
30822,105067
30254,110882
459541,206802
103182,126534
1761655,485514
2185606,610954
426566,216568
8013,102299
15361,99318
6769,99525
9239,99151
9131,99160
7842,99168
13071,100259
9294,99059
15251,101118
34352,106601
13366,100089
87480,120682
31690,105311
30115,105926
458553,212807
104110,126654
1770665,483263
2159616,602410
424088,218225
8748,101083
8992,98807
7083,97503
9531,98982
9026,98075
8265,97525
12883,99412
10123,97475
10872,97524
34544,106794
13963,99023
86983,119380
31476,103501
30252,104879
460114,204849
103942,125569
1765320,487939
2176894,599150
425721,215663
8218,99659
8119,100369
7108,97632
9207,98860
8784,98764
7459,97348
12530,98452
9167,98776
11074,98682
34047,106504
14037,100230
86949,120187
31576,104244
30614,104575
459624,206531
103517,125202
1784844,495690
2173564,602097
420744,215128
8531,100906
8442,98577
7485,98389
9779,99507
8307,98413
7901,98762
13526,100919
9825,99475
16457,100979
34790,106316
14255,100026
88360,121120
31369,106365
29932,104251
458547,206215
103021,124285
1775845,488444
2179648,601750
426888,216240
8329,101209
8341,99847
7240,98440
9749,98550
8507,98734
7225,97394
12972,98988
9571,98036
10874,99288
34827,105975
13576,99622
86972,120574
31139,105558
30642,105043
455820,205313
103026,127654
1773172,490238
2187755,608607
421262,218501
8814,99533
8994,98725
6888,98537
9137,99281
9807,99376
7681,98357
12842,100161
9225,98273
10777,98785
34025,108077
14069,101108
87230,121012
31549,95529
30569,110611
460065,206625
104138,127199
1764803,485242
2179636,608721
431089,216158
8337,102121
8403,99434
7086,97993
9757,99380
8277,98610
7543,97193
12930,100051
9749,98468
14969,101321
34525,105881
13594,100014
87171,120753
31480,105740
30151,104262
457159,213037
103444,124755
1768943,482377
2162741,609571
424202,218470
8519,100783
8510,98559
6987,98820
9609,100126
8804,98850
6978,98828
13444,100390
9520,98431
10734,98783
34585,107383
14105,99156
86193,121141
31222,105536
30542,105227
459421,205128
103746,126516
1781491,490688
2173258,609980
424250,217423
8439,100901
8364,100128
6602,98547
9737,99077
8533,98772
7325,99244
12737,99511
9371,98735
10671,98248
33628,107061
14004,99390
86463,120170
31139,105355
30866,105475
456646,205987
104624,126220
1778326,491732
2178981,602127
420330,217774
8538,102417
8239,99469
7262,98663
9155,99505
8410,98460
7086,99901
12967,100802
10056,98954
15058,101067
34530,107249
13868,101134
86950,119475
31930,106900
30203,106738
457155,205328
103030,126997
1773021,486682
2181842,608950
425653,218155
8844,99998
8554,99610
6894,98257
9312,99893
9758,97954
7863,98532
13358,99682
9622,98233
10341,98494
34814,107072
13497,99358
87014,120174
31652,106112
30261,104759
463231,207481
103838,125813
1769591,487984
2165378,615905
435007,219984
9652,108144
9256,99901
7457,98603
9723,98617
8509,98760
7634,99137
13269,99052
9871,99484
10806,99707
34189,105950
13894,100075
87394,120839
31681,105018
30578,104530
459308,206002
103673,127022
1776908,484577
2166427,606340
415357,216274
8163,101218
8336,99764
7352,99913
10281,99433
8686,98431
7504,98840
13116,100732
9907,100709
14926,101465
35082,108222
13984,100569
87311,120821
31298,105299
30197,105273
455192,205434
102622,125401
1774800,496028
2175625,607665
426908,217430
9262,100194
8521,98537
6727,97887
9389,99836
8907,98385
7349,97749
12939,100408
9204,98132
9941,100511
34615,106744
13928,100931
86201,120855
31148,105807
30057,106849
463984,204917
102735,125950
1778609,480902
2182472,605470
424324,217188
8050,101160
8404,98635
7584,98969
9519,99596
9213,99945
7828,98935
13061,101614
9054,99252
10463,99365
33637,107542
14335,100832
87287,120934
31570,105394
31142,105608
459713,206187
103727,126608
1773998,490652
2182087,608846
424250,218521
8485,101119
7741,99359
7798,99708
9433,99939
8652,99745
7662,98182
12877,99699
10071,98109
15207,101032
34104,107670
13899,100297
87853,120709
32191,105420
29621,104804
463060,204845
102825,126077
1782637,488089
2173105,606627
425109,218109
7948,100379
8010,100222
6398,100229
8970,101555
8172,99855
7195,98925
12868,100419
8810,99405
10409,99914
34064,106920
13721,100503
86563,121423
30886,105187
30144,105876
461680,206670
104061,126859
1780319,488420
2180453,602153
421111,218424
8253,99961
7877,99274
7135,98304
8808,100561
8738,98674
7180,97500
12499,100655
9190,98564
10507,99128
34114,108393
13769,100373
86542,120818
32189,105585
29771,105777
461420,200341
103885,117711
1782622,487465
2180567,607196
418049,217421
8028,101055
8208,100006
7512,99416
9313,100384
8750,99441
7260,97981
12162,100584
9632,100380
15018,101144
34551,107169
13883,99882
88017,120711
31556,105388
29991,106196
458138,206531
103125,127491
1763515,486509
2177353,598591
434225,215317
9020,100281
8479,98924
6332,99047
8862,98949
9265,98650
7107,98676
12981,101186
9619,99010
10554,99863
34036,107473
13968,99722
86827,120020
31532,105683
29771,105594
457490,206177
103548,127396
1780646,484695
2178476,595262
423823,217623
8625,99144
8334,98767
7485,98152
9892,98162
8735,98939
7283,97842
12929,99872
9410,98447
11341,98411
33925,106676
13945,100044
87626,119826
31485,104778
31099,104556
462292,204878
104163,126752
1773146,494807
2178760,598963
418122,213601
9205,100336
8514,99151
7434,99016
9285,99836
8705,98961
7155,98610
12324,100455
9849,98242
14936,100163
34481,106361
13740,99349
87777,120859
31817,106727
29417,104948
460876,205221
102722,125315
1769720,489684
2173295,607021
422613,218059
8460,99723
8203,99817
7074,99098
9308,99041
8773,98443
7003,98085
12880,100280
9307,99316
9890,98940
34421,107023
13447,99538
87531,120827
31844,105583
30101,110960
462057,207414
102562,125723
1770720,487350
2176308,612772
432543,216364
8286,108505
8408,97150
7261,97311
9473,98767
9112,99239
7021,97966
12896,99898
8800,97628
10449,98505
34190,106505
14158,99857
86897,120092
31594,104071
30686,105003
460356,204783
104082,125540
1793695,489660
2179013,604085
421169,213673
8297,101321
8247,99940
6948,99672
9142,99110
9044,98833
7972,98690
12875,99948
9461,98870
15397,100257
34755,107550
13634,100320
87141,120030
31246,106082
30415,104054
462367,206522
103138,125845
1778534,497124
2186469,607474
426103,216987
8885,100667
8169,99251
6696,99034
9016,99301
9043,98579
7313,98876
13056,101551
9864,97870
10813,98689
34111,106465
13603,99098
87030,120950
31515,105252
30150,105906
459934,206094
103647,124424
1772914,487448
2182507,600988
425591,216260
8171,99721
8403,98253
7748,97927
9127,99094
9370,99340
7620,98998
12546,104277
9821,99846
10647,99858
34130,111429
14090,99714
86863,119708
31504,104273
30618,104118
465004,205192
102919,126036
1793261,486662
2180137,610658
417586,216922
8739,100358
8049,98649
7549,97706
9409,99022
8551,97425
7467,96807
13006,99874
9667,98037
15413,100488
35056,105647
13725,99694
87492,119751
32356,104545
30346,104088
459910,205099
102494,125801
1795748,491287
2168303,605672
423297,214821
9073,101532
8463,99226
7185,98972
9803,99747
8477,99321
7688,98181
12847,100348
9652,99090
9866,99807
34753,106765
13773,99413
86481,120352
31296,105260
30272,105352
461422,206275
103471,125563
1781798,489241
2187913,609920
422287,215486
8334,100179
8633,98602
7300,98022
9173,98498
8589,98820
7190,97899
13007,99225
8934,99641
10741,99538
34188,107445
13554,100487
86500,120989
31369,103887
35368,104906
461199,206347
103497,127085
1774516,485314
2196157,603755
427577,214443
8583,101255
7686,104459
7103,103121
9585,98918
8959,98238
7258,98383
13113,100220
9569,99086
14965,99398
34421,106073
13546,99055
86581,120203
31564,105116
29496,104716
463027,206158
102795,125935
1789931,486803
2189378,603203
423870,216922
9000,99249
8207,98542
7086,97623
9240,98833
8530,98016
6967,97463
12853,100088
9409,98284
10039,98045
34447,105386
13535,100177
86665,120853
31592,105171
30547,104911
458408,205192
102945,125908
1785190,495416
2189033,601823
424727,213953
8673,100271
8831,98104
7334,98669
9151,99689
9701,97985
7438,97685
13030,100796
9645,99174
11264,98909
35094,106681
14309,99541
86883,121667
31661,105099
30280,105468
459387,206093
104365,126728
1784714,487492
2191765,604289
421778,216473
7872,99123
7818,95181
7314,98467
9368,100707
8510,98419
7080,98020
12512,100441
9822,99258
15035,100541
34387,113017
13298,98885
87095,120045
31795,105022
30344,104075
470212,206309
103188,133556
1787252,491326
2180347,612958
424695,222961
8521,101109
8697,99253
7249,98035
9793,100281
8574,98277
7224,98292
12904,100581
9976,98788
10103,98951
34711,107296
13861,99141
87515,119829
31486,104521
30250,106152
458135,207140
103318,126107
1784090,485761
2178979,601182
424576,215901
8067,100111
8181,99172
7361,100212
8928,98553
8732,98489
7593,98061
12728,100722
9831,98066
10843,98641
34310,107212
13922,99649
87272,120785
31781,105951
30722,105115
467157,208691
104538,126392
1779529,485897
2179359,601260
415721,214036
8387,99615
9142,98324
7311,99140
9408,99001
8446,98276
7410,97794
12983,99802
9708,98880
15770,100546
34762,107093
14478,99421
87627,121693
32060,105991
29562,105144
462341,207631
103467,127451
1769721,486633
2191676,605037
439242,218136
8706,100820
14351,98858
6773,103703
9402,98773
8671,97369
7583,98212
12813,99270
9801,97767
10271,98271
34252,105908
13453,98864
87638,120190
31343,105245
30085,104908
458634,205019
103504,124893
1789843,488383
2167342,612685
424499,216321
8068,100865
8041,99392
6899,98257
9509,99010
8921,98952
7044,98259
13253,99068
9551,98986
10768,98690
33705,105478
13551,99568
86634,119039
31205,104178
30460,104463
456736,206727
103807,125942
1786459,498410
2187438,606243
418582,215066
8764,101195
8799,98881
7410,98425
9925,99646
8218,98097
7023,97469
12996,100794
10125,98389
15138,99914
34297,106365
13629,99944
87196,118764
32386,106736
29875,104488
461027,205250
102760,126125
1777960,488243
2188852,601340
420053,215328
8257,101171
8342,99206
6739,99386
9385,99585
8656,99181
6862,103570
12979,105053
10353,105039
10100,98516
33591,106178
13038,98804
87204,120596
31537,105171
30203,104701
462552,211835
103406,127207
1769884,483743
2170302,606793
424312,217016
7791,100589
8574,98694
6948,98305
9211,98005
9019,98918
7313,96865
12946,99677
9615,98432
10483,99208
33922,106153
14470,99268
86866,120065
31800,105246
30606,106147
461342,205499
103577,125679
1795917,487989
2182602,606200
418081,216660
8338,100861
7567,99573
7751,98172
9362,99352
8626,98831
7334,98478
12928,100115
9382,98903
14909,100254
34812,106867
13845,99723
88006,120752
31903,104325
30303,106334
461834,206438
103014,127846
1789179,490133
2173151,600536
421281,217090
9022,99743
8784,97622
7020,97901
9389,99511
9401,98296
7301,98560
13182,100099
9696,99185
10014,104442
34391,107020
13451,105436
88254,126417
31605,104010
29962,104974
464895,207118
108948,127176
1780853,483813
2179914,621697
422393,223994
8426,101186
8717,99401
6990,98489
9270,100174
8653,98868
7259,97839
13549,99960
9220,99858
10513,99261
34178,106794
13289,99588
86728,120572
31732,105003
30421,105536
461445,206925
103927,125729
1792079,488623
2154668,597731
419594,214670
8345,100611
8475,99438
6943,98319
9316,100112
8378,98950
7366,98268
12309,100866
9815,99478
15026,101129
34723,106501
13497,100153
87244,120305
31561,106533
29687,105075
460341,206240
103047,126747
1794085,483052
2178877,608898
426559,216790
8460,100665
8717,99113
7419,99793
9169,99254
8487,98290
7752,97793
13011,100586
9597,98711
10361,98904
34313,106743
13675,100178
86533,120777
31030,105097
30150,111392
457970,207237
103783,126066
1780494,485291
2161477,604727
434535,217643
8768,100896
7945,97706
7111,97669
9385,98161
8809,98482
7788,98248
13129,98994
9697,97951
11266,99121
34013,106259
13976,99086
86822,121309
31894,103070
30830,104947
460691,207389
103807,124913
1794986,488730
2161606,601070
416313,215874
9003,100456
8193,98474
7415,97551
9309,98049
8545,97728
7509,97824
12365,99686
9741,98464
15489,100272
34470,105882
13547,99009
88114,121356
31959,104841
30087,104217
463144,205985
103697,125616
1789760,493186
2179880,604908
427209,216566
8408,100081
8480,99188
7154,98926
9661,99022
9552,97853
7226,97673
12785,99532
8855,98299
10102,99803
35146,106433
13714,98464
87444,120016
31973,104483
30027,104972
459120,207076
103112,126703
1770375,491116
2183686,605324
425519,215656
8597,100343
8413,99128
6876,98134
8613,98154
9160,97480
7687,97144
12984,99529
9674,98101
10717,97723
34130,107313
13565,100677
87285,119625
31197,103938
31022,105037
459920,205597
104686,125637
1783820,486079
2163137,602200
423227,216438
8032,101210
7909,99180
7321,98030
9768,99076
8438,99213
7445,97684
12787,100101
9503,99514
15112,101082
34994,105818
14110,99295
88331,119990
32997,105158
30438,104104
463684,204893
103402,124874
1788077,501526
2176427,601420
424194,216589
8570,99592
8280,98830
6516,97941
9273,100416
8518,98643
7580,98733
13013,100172
9440,98534
10559,99726
34453,107117
13390,99786
86240,120664
32071,105166
31024,105883
460603,204957
103634,125766
1775434,488765
2182791,604748
425941,218229
8645,101418
8587,100038
6883,98448
9922,100660
8937,99390
7476,97978
12915,100452
10192,99316
10950,100038
34561,108185
14222,102075
86696,121612
31913,105839
30591,104862
459406,208613
104341,125182
1775711,489533
2183617,609025
418171,214885
8702,101807
8051,99516
7198,98386
10128,100194
8764,97940
8352,97922
12898,100692
10227,100053
15683,101075
35132,106895
13984,100668
88259,120932
31823,106393
29306,111725
460569,207939
105069,127838
1763463,486988
2181174,603538
432712,216192
8588,101794
9823,99034
6995,99232
9290,99195
9191,103867
7141,98296
13206,100162
9093,98511
10566,99714
34633,107334
13675,100318
87729,120117
31765,104473
30533,104558
456150,212283
103730,126379
1773855,485134
2168745,608434
430060,218202
8000,99954
8100,99263
6981,99268
9570,98902
8795,98713
7781,99143
13252,99360
9798,98203
10426,99571
33877,107019
13932,99361
86451,119130
31721,104541
30283,104343
458075,205729
104485,125291
1786686,488265
2155736,607081
417099,215504
8656,100414
8444,97529
6772,98294
9502,99419
8560,99395
7381,98156
13108,99649
10177,97963
15086,100693
34733,106589
14246,99145
87698,120201
31766,105515
29717,104886
459212,205672
103189,126648
1771371,496738
2183017,604517
424868,216743
8422,100346
8391,98473
6844,98148
9560,98890
8858,98140
7343,98617
13714,99197
9736,98781
16971,100006
29487,105222
13971,99129
87797,119740
30779,103994
32141,105066
458322,205972
104140,125717
1772375,488056
2196567,609077
419151,218957
8465,99782
7982,100239
7021,98841
9641,101957
8850,99746
8172,97687
13050,100900
8882,99693
15041,102171
34555,107071
13395,99988
86567,121584
30594,105429
30301,105565
459478,207018
103207,126236
1775888,484763
2175455,607135
417345,214195
9220,100728
7447,99312
7303,100042
9586,100516
9717,97729
7576,98915
12845,101183
9332,99031
15147,101436
34510,107300
13248,101367
87159,122571
30853,105427
31279,111805
458130,205649
104664,126519
1754751,495141
2174199,599987
439455,217384
8584,100839
7295,98802
7640,99205
9838,98809
9348,98128
7489,98385
12655,100925
8853,98921
15415,102337
34885,107096
13590,100772
86692,121412
30810,105734
30795,105484
459608,215419
104227,126276
1783085,487832
2179679,610472
416304,214971
8652,100608
8006,99372
7416,97929
9925,99338
8910,98308
7065,97871
12818,98963
8847,98948
14935,100235
34402,106187
13482,99695
87246,120517
30642,104941
31129,105291
460593,205817
103656,125674
1768876,487533
2171998,596290
420309,219169
8203,100095
7689,99953
7122,99021
10183,100905
8612,98954
7169,98034
12742,100789
9163,99429
15450,101388
34375,107797
13563,100310
86021,121102
30678,105445
30651,105490
455513,205704
104497,127331
1765119,495368
2178345,603993
419032,216806
9131,99971
8390,100030
7568,99811
9850,99470
9092,99164
7592,98212
12604,100230
9143,99200
15771,101374
34289,107243
13492,99548
86799,120124
31166,105439
31291,106006
455280,206960
104244,126907
1771525,491731
2193051,611388
415304,215405
8584,101202
7732,98860
7278,100392
9483,100214
9047,99342
7473,98542
12673,100998
8856,99148
15000,102243
34203,106579
13555,98676
87332,120927
30577,105955
30541,105865
458806,205024
103835,126616
1756899,489810
2185814,611341
418843,216394
8334,101824
7974,100449
7143,99359
9615,100126
8979,100472
7724,104122
13293,99845
9231,104435
15472,100866
33977,107169
13342,100083
86407,121740
30416,104929
30941,106415
469100,207233
103998,133341
1766394,489879
2169519,613895
419624,222464
8239,100553
8224,98427
7067,98058
9762,98663
9268,98044
7025,97558
13337,99713
8781,98775
15230,99536
34071,106566
13494,99422
87103,121676
30182,104824
30615,105280
460572,205328
103569,126122
1775874,489989
2174624,606709
415817,213897
8678,101009
7790,98974
6739,98946
9736,99822
8679,99242
7171,97214
12799,99769
9120,98600
15486,100495
34303,106631
13707,99076
87151,120574
30911,104458
31089,104967
461879,206163
103900,126219
1762203,499241
2178952,610083
420314,214389
8520,98805
8438,98538
7070,98214
10331,99606
10230,98666
7713,98505
13221,99201
9542,98493
15603,100618
34332,106571
13658,99313
88056,120053
31260,105440
30942,104463
460111,206938
104777,126409
1764719,488453
2191529,608949
421715,215984
9244,100238
8000,100082
7238,98796
9829,99729
9442,98687
7639,98373
12956,99612
8813,98549
14787,101128
34416,106094
14057,99842
87016,121335
30949,104740
30680,106014
460839,206468
103704,127461
1757985,484734
2179825,608291
418612,215303
8319,99927
8278,98791
7650,98278
10336,99028
9367,98438
7603,97406
12894,100090
9614,99594
15199,99997
34680,106291
13526,99280
86650,128614
36676,105344
31151,103872
465940,205902
109155,125994
1765551,490711
2175156,619467
420995,222570
8035,100208
7634,99593
6849,98576
9763,99923
9126,98270
7061,98184
12618,100090
9543,99606
15427,101391
34193,107497
13244,99993
86502,120848
30252,105856
31019,105356
454988,205692
104312,126086
1769960,486391
2161662,596654
418017,216772
8330,99875
7663,98888
6746,98676
9872,98249
8980,98180
7471,97082
12883,99366
8874,97721
15203,99513
34135,105478
13366,98942
86583,120607
30394,104130
30521,104945
460278,205538
104172,125266
1768854,502333
2181082,612122
418937,214512
8933,101871
8044,99425
6951,98626
9319,99522
9612,98354
7939,98160
12857,100232
9317,98396
15060,101215
34410,108001
13736,99886
87368,121138
30971,104657
31875,104582
455614,204543
104196,126143
1770884,489183
2198261,614303
415781,217265
8717,100624
7632,98971
7470,100009
9850,99358
8795,99897
7121,97943
13021,100784
9384,93998
15548,102206
34554,107999
13455,101552
87394,121692
30643,106384
30280,110707
459965,207041
103876,127638
1765290,480283
2167209,606389
429032,214517
8060,102645
7621,103207
6729,104189
9596,99498
9171,100025
6978,99020
12708,99962
8732,99504
15393,100850
34377,107777
13576,99937
86660,119948
30845,105970
30654,105886
459050,206753
104266,125316
1782387,488293
2177329,605913
420192,219543
8444,101751
7902,100596
6922,99586
10738,100974
9354,99221
8012,97632
12647,100430
8771,98802
14864,101012
34040,103636
13255,99243
86496,121947
30387,105034
30951,104772
458755,208177
103953,126025
1787314,498978
2188605,609651
415577,218966
8460,101381
7632,98944
7113,99454
9928,99823
8811,99982
7513,99572
13503,101027
8480,99780
15170,101462
34628,106975
13423,100314
86251,122337
30417,105611
30666,104791
458389,206477
105196,126152
1784430,484669
2178949,604091
418248,215811
9352,99942
7283,99017
7209,99060
9504,100093
9365,98958
7316,97854
12515,100871
8887,98818
14695,101448
34643,107097
13152,104487
86918,125921
30713,104861
30602,105542
468032,206660
108784,127227
1787048,487360
2171718,615360
420597,222929
8791,101656
7821,99197
7314,99259
9600,100339
8921,99064
7444,98103
13633,100312
9352,99467
15062,100620
34103,106431
13517,100307
87081,121269
30671,105064
30824,106498
457957,206366
103306,127180
1786988,487563
2171841,602802
417097,214771
8464,99356
7664,98043
6914,98444
9626,99559
8891,98140
6975,98470
12505,100078
8928,98278
14938,100950
34550,106566
13477,100135
86906,121637
30715,105488
30731,104504
461079,204809
103734,125667
1775358,499909
2190460,609264
419878,210283
8246,99037
7307,98733
7029,98721
10068,99144
9772,97891
7232,97960
12518,100011
9154,98589
15548,100755
34355,107430
13818,100443
87436,121054
30770,104823
31792,106089
461215,206411
103237,125557
1770421,489226
2181744,608057
418016,214833
7837,101513
7602,99245
7253,99027
9743,99864
8786,100162
7504,98924
13223,101010
9377,99520
15429,101703
34629,107351
13312,99698
86482,120889
30415,105525
30768,106296
459836,214430
104031,125153
1774122,490325
2186606,606665
419332,213487
8702,100363
8348,98549
7494,98434
9188,99590
8529,98086
7355,98463
12845,100543
9171,99439
15314,100958
34449,106993
13159,100214
87446,120755
30007,105551
30535,104976
460224,206220
103870,125407
1776679,496639
2182348,607141
417370,213535
8427,101421
7736,98870
7132,98987
9518,99134
8584,99657
7210,98101
12515,101148
8541,99735
15080,101788
33805,107375
13448,102033
86609,120839
30356,105038
30906,106020
462267,205451
103136,126507
1766092,495894
2189188,615310
415473,213223
8263,100351
7613,99886
7417,98893
10017,99850
8776,99044
7398,98055
12325,99692
8738,98959
14929,101506
33988,107610
13681,100201
87236,121101
30572,105503
30433,104546
465709,206403
104217,125939
1771138,488394
2192579,617614
427567,215347
7814,106047
7486,97257
6938,97936
9373,98313
9189,98824
6966,97409
13031,99772
8833,97320
15294,99800
34296,105643
13627,98452
87104,120177
30538,104445
30781,104955
463390,204601
104381,125935
1773935,495927
2181674,603790
418486,216451
8698,99879
7665,98699
6815,98979
9937,99262
8877,98756
7319,98023
12981,100947
9132,99568
14986,101653
34750,107139
13867,99447
87551,120982
30597,104825
30884,105889
460295,205550
104830,126222
1763550,495224
2192920,603202
417523,216470
8659,99842
8096,98620
6837,98091
10563,98674
9006,98132
7240,97241
12851,99656
9605,97835
15248,101228
34029,106451
13283,99299
87516,120157
30363,104399
30860,105004
457905,205089
103965,125830
1767611,493721
2194381,610063
416318,214453
8323,100455
7727,99067
7187,98092
9486,99051
8443,104457
7618,97226
12432,100389
9379,97735
14905,100580
33944,106981
13420,98824
86103,120479
30832,105002
30579,104741
459035,205225
103950,124418
1779015,496158
2164922,605188
418435,214764
8145,99665
7662,98150
6889,98364
10179,99585
9166,98181
7299,97912
12918,101074
8965,98737
15226,100947
34326,106412
13343,98715
86768,120128
30393,105054
30643,104811
458134,205785
103742,125439
1765370,493311
2175533,605701
420924,216610
8681,100721
8105,97675
7288,97630
9166,98440
9538,98169
7306,97667
12144,100178
9525,98320
15090,100991
34245,106640
13711,98255
87529,119919
31160,103433
30885,103601
462000,204783
104009,125259
1770217,485312
2184745,605085
415366,215995
8349,101208
7843,99048
7064,99387
9802,99977
9220,98508
6958,102338
12842,99298
8926,103607
15222,101564
34928,105939
13760,98489
87027,120273
30838,103669
30450,104268
460222,212077
103347,125797
1779728,484510
2168000,606712
415517,212241
8030,100478
8247,97878
7470,97190
9782,98619
8933,97676
7373,96962
12628,98995
8639,97563
15110,99601
34452,106174
13442,99193
87304,119584
30346,103279
30466,104577
457302,206266
104228,126192
1795167,486423
2180648,600692
417338,213363
8987,99861
7448,97659
7471,97909
10444,98724
9898,98890
7610,98022
12843,99996
9368,98602
15745,100346
35230,106982
13993,99143
87479,121168
31329,104496
31410,105623
463668,205906
105206,124900
1773806,498900
2197555,607406
415918,214066
9039,100298
7429,98567
7558,98175
9524,98640
8982,98274
7112,97472
13056,99788
9107,98399
15435,101517
35014,108431
13862,99071
92882,120482
31685,105076
30824,104129
471285,205666
104456,126046
1762299,487126
2170916,614037
425747,216549
7945,99011
7459,97782
6944,98578
9514,98780
8518,97693
7032,96951
12270,99270
9035,98145
15578,99876
34471,105537
13448,98446
86829,119676
30906,103912
30187,103473
457701,205268
104482,124332
1771116,486242
2174553,610021
417736,213968
8251,100654
7494,98251
6706,98140
9814,100058
8905,98519
7445,97865
13176,99926
9314,98585
15438,100269
34504,107410
13483,99086
86588,121884
30715,104887
31278,105680
459209,205836
103784,125223
1757942,498157
2183040,606845
420440,216118
8644,99523
7633,98508
7573,99538
9655,99065
8768,97371
7422,96619
13144,99598
9498,97724
15269,100287
34065,106196
13483,98846
86427,119857
30548,104036
30928,103765
455994,204495
104524,124970
1759285,489408
2181816,607193
416188,215622
8547,101046
7710,99143
7166,99180
9982,100161
9749,98931
8240,97336
13141,100761
9092,99202
15134,100229
34555,106563
13878,99122
87802,122019
32193,105313
30546,105720
459231,208914
103637,127556
1771364,493181
2195193,602971
423828,215811
8835,100113
8051,98317
6707,98548
9387,98624
8609,99229
7227,97955
12968,101266
9900,98478
9930,103452
34531,106858
13878,99333
91918,120911
31728,104507
29596,103560
463484,206018
103680,126708
1762822,488118
2167155,612283
434542,215329
7560,99067
8280,98873
6883,98091
8848,98984
8511,98149
7050,97369
12712,99899
9590,98164
10724,98345
34206,105984
14011,98995
87146,120266
31955,104499
30686,105652
457480,206778
104551,125520
1783753,484904
2172279,604508
424275,216767
8789,99778
8419,98581
7414,97983
9679,99111
8868,98025
7698,97636
12994,100487
9561,98159
15609,100347
34556,106168
13945,99808
87726,120181
32588,105631
30462,104474
457519,205566
102261,126271
1775581,502249
2175917,599881
422920,214664
8362,99467
7945,98091
6691,97678
9574,98987
8525,97785
6990,97824
13161,99399
9960,97363
10347,97921
34303,106802
13424,98587
87848,119239
31491,104457
30360,103959
461071,205920
104366,125188
1771538,484886
2181577,608695
427342,215590
8100,100838
8813,99515
7500,98683
9150,99165
8914,98930
7579,98556
12641,100238
10185,99726
10903,99458
34635,106392
13717,100399
87136,120505
31188,104171
30614,104353
463317,205615
103611,126284
1766384,485301
2176060,600288
416400,215131
7845,101976
8090,99246
7710,98332
9626,98840
8703,105053
7331,98322
12454,98555
9736,98224
15169,99839
34262,106076
13541,98809
86798,120078
31136,105330
29666,105408
458844,214406
102693,126000
1782962,491721
2168653,602847
428661,218426
8389,100002
7975,98639
6815,99357
9069,99379
8649,98150
6860,97541
13181,100303
9214,98555
10213,100194
34600,107253
13518,99716
86426,120415
31854,105205
30220,104331
458843,206338
103612,124535
1785883,495163
2178246,605511
423645,216201
8373,100994
7970,99760
7113,97660
9262,98788
8984,98906
6981,98657
12783,100171
9603,98520
10315,99202
33719,107497
13935,100124
87600,120428
31270,105252
30287,106121
459691,205237
103924,127448
1777323,485433
2187371,607666
419040,217072
7986,100889
7847,99263
7148,98982
9978,98787
8757,98706
7777,98113
13295,100553
9383,98533
15099,101021
33850,107504
13681,101621
86817,121188
32007,105329
29890,105533
458611,206187
102641,127213
1777438,492075
2196817,608223
425348,215042
8000,99854
7655,99677
6700,98874
9076,97814
8856,98596
6744,98153
13361,99153
9417,98424
10145,99110
34339,107016
13548,98783
87276,120356
31541,105076
30356,105516
459177,212642
103208,126736
1776457,488418
2166951,601494
422254,216453
8080,101356
8036,99495
7356,99248
9152,99515
8825,99321
7234,98665
13365,100794
9287,98107
10370,99019
33902,105799
13573,101612
87580,121125
31466,105843
30413,104685
458789,205725
104171,124295
1790527,492196
2154249,606283
421982,215545
8496,101124
8393,98805
7484,98689
9573,98955
8595,98415
7414,99031
12946,99265
10014,99410
15754,101202
35337,107912
14625,99343
87811,120706
32072,105647
29935,104910
457632,206278
103396,125250
1788108,488638
2194262,604393
426634,216776
8653,98986
8038,98107
6746,98163
9370,99355
8761,98569
7223,99862
13496,100395
9464,99012
10309,99563
34290,108079
13894,100524
86856,120104
31102,104835
29793,106370
460140,207017
103612,126391
1753388,486792
2199191,606180
419195,216641
8395,100825
8030,100504
6921,98219
8267,98867
8855,98719
7602,98932
12824,101088
9503,99499
10696,98858
34250,106800
13934,99524
87702,121574
31340,103951
30484,104985
460894,204505
103359,125202
1791631,488424
2182067,601549
420491,214834
8474,100797
8478,98925
7102,97382
9674,98734
8210,98499
7578,97069
12534,99797
9745,98183
15250,100577
34508,106888
14295,99759
87475,119982
31333,105913
29790,105616
463834,205639
103064,124999
1779472,496130
2183787,602940
426783,218346
8513,100922
8116,100309
6691,98644
9394,99281
8224,98976
6861,98481
13239,99774
9869,99337
10098,98506
34172,108283
13765,99495
86590,120799
31183,105208
30617,106236
459304,207636
102732,125819
1785425,485230
2193869,606385
422522,218361
8212,100126
8596,99664
7295,98952
9846,99724
9387,98615
7345,98840
12744,100301
9346,99088
10389,99585
34122,107762
13460,105941
86489,126855
36834,105641
31167,104958
465034,206534
108767,127817
1792943,484818
2174262,616845
420242,226237
8228,100498
8549,100200
7334,98245
9663,98967
8836,98602
7327,97824
12688,100126
9664,98814
15558,100924
34579,107117
13638,99677
87869,119698
31776,106509
29680,105348
464555,205746
103355,125050
1785498,495088
2172613,600916
421729,216193
8578,101602
8808,98323
7409,99017
9835,100064
8998,98964
7713,98349
12728,100333
10269,99256
10087,98990
33911,106509
13617,99989
87396,121362
31238,105601
30028,104896
460258,207422
103447,125502
1781778,486065
2182880,610093
422923,218514
8463,101844
8297,99444
7135,98722
9568,98811
9080,99063
7472,98387
13220,99724
9904,98351
10658,99770
33439,106618
13425,100133
87807,120725
31808,105345
30370,105906
461943,205810
103955,127950
1778223,492792
2171028,599893
428451,219071
8078,102155
8234,100282
7193,99904
9308,99660
8324,99256
7148,99287
12965,100605
9556,98818
15589,100680
34703,105976
13505,101029
88114,121036
31357,105320
29550,106027
458934,206670
102632,125615
1788595,486144
2160542,608669
422705,215833
9190,100375
8163,98182
7373,98326
9343,99935
8472,98558
7167,99068
14013,100094
9393,98957
10099,98430
34340,106439
14386,99776
87447,120532
31505,105610
30043,105495
461883,207512
103291,126048
1786476,497352
2184303,607922
429074,216009
8727,98979
9452,100171
6909,98816
9805,99720
8619,98996
7496,97786
12397,100895
8951,99183
10845,99540
33615,106480
13738,99676
86427,119445
31576,104475
30583,104398
457433,205104
104576,126199
1782731,489015
2172824,606768
417852,216695
8739,100605
8356,99732
7281,99334
9536,100417
8230,99879
7204,98196
12799,101032
9692,100435
15334,100913
34117,106826
13655,100192
86934,122472
31530,106008
30951,105794
460073,206480
104713,128071
1789697,488962
2181033,602248
427774,216060
8209,100300
9199,99566
6597,98380
9865,99542
8922,98993
7132,99445
13125,101363
9829,99058
10334,99563
34290,107476
13598,99531
87077,121458
31653,105220
29977,110095
457231,207540
103080,127623
1767584,489061
2175455,604733
433980,215426
8794,100615
7729,98790
7133,98890
9467,99077
8613,98774
7632,98106
12756,100489
9290,99298
10330,99588
34058,107524
13708,100266
87728,120764
31462,106170
30782,104402
460919,213527
103197,125944
1770316,483497
2163079,606886
422342,218342
8272,102234
8780,100014
7367,99256
9594,99911
8511,98821
7736,98411
12950,99905
10034,98759
15439,100784
34667,107562
13150,100763
87858,120828
32013,105607
29971,104534
461024,204938
103262,126110
1773631,488320
2175639,601173
426039,216156
9191,100695
9259,99646
6929,98245
9869,98826
8743,98401
6975,97441
13050,100516
9218,98627
10545,98262
34368,106214
13792,99610
86976,120129
31969,104939
30452,105278
457851,206217
103046,125658
1764201,497753
2170642,608239
426457,216695
8652,99661
8591,100390
7241,99714
9405,99573
9178,99268
7317,98266
12772,100148
9531,100139
10627,99951
34101,106266
14256,99937
86938,120242
32023,105584
30265,105728
463656,205218
103925,127609
1781730,490596
2173419,600017
421170,215315
9032,101655
7731,98748
7100,98797
9790,100403
8400,97790
7274,98285
12950,99508
9742,99026
15266,101104
34601,107207
13725,100424
87540,120759
32031,104838
29846,105619
459182,206607
103141,125640
1764741,490500
2184572,596501
420133,218806
8331,100981
8250,99310
6557,99317
9047,100409
9685,99537
7206,98613
13718,101266
9564,99303
10397,100146
34917,106878
13664,100756
87398,121635
30985,105171
30241,105475
464554,209052
103507,125690
1781036,487430
2156981,611994
424515,216234
7903,99692
9244,100559
7320,99964
9454,99654
9249,98855
7225,98741
12772,99900
9126,99623
10435,99056
33370,107565
13543,100502
86740,120085
31627,104137
30693,105485
456532,207477
104071,127219
1785964,492259
2154132,600374
420158,217669
9790,101241
8995,100698
7421,98630
9603,98680
8559,99371
7589,98412
13056,101620
9294,100045
15119,101576
34777,107341
13940,100847
88222,122090
31902,106106
29758,105756
458219,206699
102504,125411
1776257,498259
2185434,605401
424786,217222
8990,100673
9181,99520
7224,98304
9833,100021
8701,99387
7411,98480
13056,99974
9568,98213
10492,99366
34495,107566
13475,100107
86523,120671
31588,106377
30326,105880
456210,205114
102878,127502
1771341,483120
2164603,606596
421249,216748
8770,101396
8154,100040
7441,98821
9357,99581
9165,99028
7196,97846
13041,100370
9096,98639
10915,99620
34065,106053
13733,99833
86638,121371
31651,105728
30637,109677
461704,206864
103734,126644
1759522,481336
2160753,602201
428194,209801
8004,102096
8293,104418
7009,107513
9597,99746
8522,98889
7608,98135
12651,100344
9852,100078
15125,101134
34676,106379
13652,100366
87204,119492
31559,104911
29772,105049
455874,206449
103975,126051
1777567,486974
2165714,601805
426128,216449
8891,99405
8336,99511
7153,98901
9402,100212
8754,99939
7584,99095
12849,101209
9082,98487
10314,99978
34394,106827
13480,99848
87949,120482
31486,105666
30188,104874
460601,206023
103844,127108
1777062,493171
2164090,602741
424042,215073
8947,101484
8512,98828
7001,98662
8987,99357
8802,98650
7557,98236
13030,99266
9337,98779
10483,99707
33897,106591
13990,100383
86830,120248
32109,104713
31143,104944
460063,207030
104530,126606
1780967,486038
2175831,606646
421900,216371
8259,101283
8389,100292
7548,99430
9738,100205
8610,98723
7316,98384
12109,99837
10173,98886
15211,102283
34395,106550
13427,100641
87000,120691
32102,105128
29776,105135
461453,206082
103429,127324
1778401,486464
2175686,605558
424592,216629
9029,100467
7900,100229
6968,98853
9188,100485
8035,98967
7241,99238
12809,100831
9213,99553
10075,104076
34304,107533
19453,99910
86947,126765
31498,104120
30181,101591
468751,206941
103018,126621
1764912,490667
2170572,618189
435001,218371
8558,99755
8830,98552
6896,98975
8920,98935
8602,98355
7423,97765
12898,99554
9335,98480
10423,99543
34414,106455
13681,99240
87122,119817
30994,105307
30398,104594
457009,204984
103341,126326
1771057,485912
2171477,605926
417439,214603
8844,100671
7863,98700
7760,98105
9523,99468
8318,98268
7232,97382
12115,99369
9787,98898
15155,100879
34935,106934
13860,99510
87854,119554
31549,106001
30012,105427
461989,205907
103067,126832
1788820,487961
2174921,606778
426844,215580
9169,100509
8608,99680
7145,98209
9548,100548
8737,98959
7616,99301
13562,100643
9730,99953
10627,99827
34393,107366
13863,99948
87668,120874
30885,106236
30117,104317
457309,206595
103023,126531
1772390,491571
2181639,602924
423385,217272
8907,100701
8129,100180
7808,98411
9531,99380
9240,98555
7710,98398
12945,100750
9416,99535
10390,99215
34804,105659
14258,100252
86599,120247
31650,105560
30258,105881
462478,205278
105155,124800
1769022,488370
2182819,607172
417394,217279
8205,102466
8356,99348
7092,98735
9540,99639
8895,98697
7021,98190
13420,99877
9682,104089
15176,101619
34583,106157
13844,98553
87432,120250
31863,105209
30114,105786
463321,206066
102250,131546
1778453,486670
2165438,614901
424857,224014
8232,100408
8120,98442
6759,97780
9068,98530
8466,98516
6802,97235
12980,100169
9105,97955
10067,98547
33842,105652
13322,99426
85587,119072
31638,105301
29913,105472
460158,205797
103078,125960
1779757,491325
2179391,603906
424179,215553
8808,99677
8482,99347
7618,99097
9482,99205
8951,98300
7452,98505
13023,100723
9271,98888
10672,99040
33867,106830
13771,99973
86685,120749
31757,105241
30058,106146
456059,204839
103368,126185
1773185,496741
2182244,606786
417724,216623
8914,101731
8475,100262
7575,99132
10400,101383
8689,98724
7700,98444
12727,100472
10181,99158
15542,100169
34310,107024
14773,100268
86900,120625
31779,106575
30438,105829
462729,206247
102797,125414
1775791,481518
2187243,612291
424676,218091
8711,101356
8277,99587
6949,98916
9353,100189
8749,99089
6730,99054
13068,101323
9384,99275
10278,99579
34089,107226
13469,99772
86526,121240
31700,105426
29796,105550
460098,206807
103631,125981
1756815,491505
2178052,600920
426505,215498
7489,101252
8425,99364
7332,98279
9436,98344
9134,98921
7459,97668
13274,100293
9132,98577
10642,97706
33691,106207
13922,100090
86524,120724
31263,105210
30509,104283
458921,205670
103983,126844
1787172,493121
2171957,604782
419088,216520
8313,101180
7970,98347
7468,98624
9440,99171
8843,98270
7502,97479
12462,101930
10324,99289
15294,100941
34588,106567
14173,100189
87054,120072
32291,105100
29870,105240
460444,205643
103321,126439
1774380,487552
2164442,612976
424789,218241
9128,100224
8643,100052
6803,97853
9392,100085
8968,98696
7954,99361
12927,100087
9362,99266
10222,98395
34340,106980
13473,99384
86688,119388
32137,104595
30536,104553
462196,206891
102715,126358
1777622,490818
2193341,608247
424166,215462
8182,100712
8361,100011
7597,98547
9583,99497
9078,98978
7659,99105
12906,100342
9098,99487
10427,99281
34119,106383
13896,101133
86680,120570
32116,105698
30928,105193
460075,207774
104227,126457
1778467,491402
2184641,599167
419262,216738
8100,100872
8537,98907
7377,98637
9875,106205
8988,99382
8198,103506
13323,100108
9783,105586
15185,101318
34623,112846
13727,98981
87305,121518
31634,105104
30205,104618
464711,207381
103528,132556
1780062,495392
2173264,614240
426873,225516
9245,99173
8257,98527
7342,97568
9454,98435
9037,97523
7876,97150
13293,99517
9756,97625
10855,99282
34275,105007
13540,98461
88157,120097
31628,104252
30256,104330
458529,204795
103667,125027
1778768,485522
2162058,605306
420685,218755
8447,102178
7986,100188
7328,98027
8960,100065
8912,98269
7430,98001
12749,99191
9412,98121
9929,99959
33909,106706
14572,99378
86778,119064
31195,104671
30651,103700
460528,206308
103786,127010
1783955,501012
2188903,604169
418953,215718
8024,100680
8696,99637
7557,98231
9504,98668
8901,98035
7216,97012
13275,100497
9936,98924
14850,100298
34585,105602
13276,97957
87401,120225
31942,105073
29672,105417
460362,206248
103617,127301
1777341,493874
2173719,601915
422704,215335
8302,100276
8218,99109
6779,98018
9504,99503
8155,98234
7417,98658
13047,99993
9932,99914
16484,105464
29203,106635
19773,100579
93110,122379
30639,104654
32129,104758
466691,206249
102773,126599
1766219,489976
2160375,618019
428312,217644
8948,101167
7619,98881
6721,99405
9581,98254
8999,98722
6944,97309
13000,99868
9316,99137
15298,100897
34566,107125
13880,100447
87589,120598
30773,106191
30676,105546
459978,205372
103913,127181
1766461,485413
2165602,611583
417837,216926
7796,100539
8134,99729
6791,98811
9726,100632
8809,99201
7518,98486
12522,100997
8647,99087
15449,102123
34022,106881
14126,99784
86650,121894
30395,105884
30543,104762
458870,204802
104174,126221
1781041,499090
2174026,604960
416173,216067
7938,100191
7832,99021
6848,99993
9959,99540
9011,99412
7650,97735
12834,101459
9089,99110
14923,100457
34810,107827
13605,99910
86306,121204
30396,105308
30677,105527
459757,205760
103539,126388
1765474,485015
2170235,602552
414002,215326
8228,101481
7910,99025
7432,98711
9626,100614
9341,99323
7517,98716
12797,101591
8748,99497
14895,101837
34151,107794
13285,101272
87324,122291
30653,105270
30605,110570
457334,207687
105125,127797
1764834,486875
2181931,601840
427045,215675
7940,101618
7050,105447
6717,104043
9389,99424
9507,99653
6979,98818
12574,101281
8388,99115
15115,102049
34435,107147
13188,100186
87058,121174
30316,105560
30680,104842
457188,204738
103623,126203
1779124,488764
2173664,606439
417375,215864
8225,99025
7983,96235
7148,98830
9209,99844
8799,98177
7528,98554
12626,100287
9290,98376
14994,100761
34536,106353
13324,99818
86250,120911
30994,104277
30741,105134
458941,207549
104577,126216
1785101,493130
2179072,604330
421277,217034
8730,100714
8110,99147
7483,99290
10166,99759
8927,98896
7154,98466
12491,100927
9524,98990
15346,101420
34713,106335
13668,101403
87597,122356
30451,104776
30908,105792
464544,206901
103574,124721
1785431,488224
2189846,612386
416172,218037
8780,100685
7786,99103
7373,99262
9661,99562
9015,98587
7349,98089
13900,101148
8864,99717
15192,100458
34339,107031
13283,99480
87209,122572
31594,104688
30546,104922
463715,207426
104427,126702
1768380,487672
2179765,612804
428288,215648
8435,107638
7214,98078
7288,99073
9852,98968
8955,99113
7367,97806
12655,100418
8917,97471
15467,99782
34172,106932
13344,98750
87260,120651
30519,104292
30343,104727
460302,206201
104551,127075
1791736,488157
2170581,604414
417555,213163
9094,101550
7967,98880
7183,98814
9588,99464
8932,98635
7545,98348
12609,100448
9420,98638
15099,100613
34968,106706
13653,99624
86712,121572
30880,104711
30580,105590
458060,205922
104497,125607
1793966,495620
2187138,601068
419600,215597
8254,100253
7214,97985
7452,98697
9875,99336
9107,97961
7289,98072
12361,99191
9210,97615
15673,100355
34974,107047
13259,99536
87250,120819
30594,105317
30533,105036
459176,206518
104437,126276
1774975,486984
2201214,599937
417540,216550
7801,99480
7413,99042
7191,98584
10015,99805
9333,98454
7741,98103
12628,99909
9325,99054
15327,100290
35102,113786
14182,98989
86839,120460
31020,105153
30824,104357
465667,206831
104406,126736
1785093,492049
2171412,610040
420274,214682
8072,100855
7588,99853
6910,99046
9721,99164
8710,98758
6946,98046
13110,100482
8694,99169
15307,101763
34203,105995
13255,100049
86981,121515
30095,105383
30430,104425
460148,206166
103253,127440
1783804,489261
2170088,605046
420769,215485
8375,100406
7505,99259
7070,99015
9344,99259
9303,98169
7931,98361
12634,100246
9173,98647
15081,100215
34130,107787
13315,99328
86425,121309
30667,104655
31068,105204
457888,206200
104186,125992
1781665,483728
2186665,606410
417503,215359
8319,99826
7932,98509
7136,99715
10317,99504
8976,98346
7445,99267
13151,99411
9147,99564
15577,100999
34623,107875
13548,99900
87259,121895
30803,104871
36277,106781
460132,205230
104142,126591
1768515,484894
2191662,611523
430361,217027
8741,102396
8030,105129
7395,103579
10092,98813
9593,98355
7456,97360
13093,99756
9109,98482
15203,100613
34771,106899
13553,98531
86945,120363
30878,105038
30683,105492
458465,205750
104049,127231
1794400,486591
2179484,601577
418237,213662
8463,99967
7429,98988
6915,98765
10015,99049
8985,98891
7629,97919
12575,100666
9264,99289
15936,101442
34764,106022
13591,99943
86570,122165
30664,104815
31239,105117
461522,206586
104279,126562
1776783,504391
2183755,601209
416260,215935
8811,101201
7554,99666
7053,98549
10134,99835
9332,98462
8430,98675
13541,100330
9024,98996
15098,100915
33949,107334
13619,99155
85943,120876
29778,105309
30113,106289
455908,205307
102759,125732
1770116,483389
2162478,599754
413157,213788
8002,100526
7807,98298
7721,99143
10189,101786
9024,98838
12939,97991
12463,104788
9141,103429
14832,100634
34556,105882
13491,98847
85677,118844
30719,104450
30290,104428
456548,211002
103364,126311
1762071,481679
2149644,601282
415726,211884
8684,101568
7771,99525
7363,98367
9402,100118
9121,98842
7643,98040
13812,100686
8762,99247
15445,101341
34170,106683
13198,98656
85661,120680
30332,105357
31081,104948
456143,205600
103517,126627
1755718,497956
2163303,600897
413063,213400
8507,101154
7772,98774
8256,99236
9873,100294
9613,98649
7793,98359
12923,100204
8833,99653
15451,101828
34201,107177
13895,100153
86377,119915
30274,104778
30797,105045
456414,206117
102935,126340
1768229,484562
2171268,601062
410946,214820
8478,100151
7605,98656
6879,98995
9423,100466
9152,100072
7295,98423
12390,100337
9024,99228
15294,106665
35190,107412
13404,106000
85878,126360
36572,105016
30004,105240
462219,208061
108249,127350
1765051,484943
2158700,612535
416347,224825
8417,101235
7931,98058
6829,99103
9360,101008
9003,99239
7278,98091
12871,100797
9556,99081
14968,100762
33972,106215
14007,99751
85787,120318
30148,105369
30795,104960
458297,204631
102705,125609
1778166,486756
2169664,598762
413377,214905
8969,100500
8234,98623
7364,98739
9932,100227
9440,100490
7380,98561
12801,100865
9179,98678
14920,100779
33595,105985
13092,99079
86027,120156
30296,105735
30587,105814
457754,205239
103052,127452
1763306,481987
2180256,609175
417613,216322
8506,100727
7856,98175
7312,98741
9449,99411
9835,98388
7123,97276
12823,100211
9328,98411
15141,101154
34454,106148
13563,99532
86451,120054
30291,104855
30065,105021
462050,206008
102591,126637
1751009,491543
2158623,609857
419906,214074
8738,107107
7402,98608
6792,98730
9552,99041
9206,98391
7146,98043
13018,99998
8907,98055
15424,99956
34672,106572
13130,99110
86015,121095
30343,104770
30430,105436
459902,206441
101877,126006
1773591,485105
2156968,596507
413371,215464
8611,100536
7660,99143
7245,98787
9900,99812
9262,100465
7750,98558
12820,99486
9069,98112
15323,100930
34117,106192
13891,99496
86675,119629
30726,104844
30739,105256
461401,207049
104110,126268
1760915,483967
2172319,608768
410640,214475
8079,100457
8002,99192
6865,99605
9979,99610
8995,98881
7366,97988
12612,100265
9080,98552
15006,100666
34025,106389
14088,99964
86061,120593
31306,104863
31078,105937
458015,205390
102817,125740
1755016,483439
2159859,595677
426465,214850
8458,101351
8296,104423
7549,104477
10383,99205
9003,98133
7111,97200
12478,99470
9116,98235
14839,100961
33999,106355
13010,98578
85712,120749
30171,104521
30037,104474
457543,205878
103346,125261
1767197,491171
2158881,599001
411857,213787
7965,99977
8173,95704
7333,96935
9722,100417
8699,99276
7132,98402
12603,100392
8738,99892
14997,101177
34151,106322
13304,100653
85760,120924
30535,104972
30807,105460
456717,205790
103487,127233
1753692,490434
2171250,606298
414198,213742
8540,101671
7804,97993
7025,98423
10166,99930
9572,98070
7543,97584
12318,100722
9324,99296
15948,100373
33776,106150
13577,99482
86330,119581
30247,105032
29979,104616
456463,205791
102568,126984
1757185,491028
2164008,604254
414063,215150
8607,102194
7789,99654
7805,98962
9377,100227
8943,99913
7126,97587
13091,100729
9236,98826
15317,102147
34358,106512
13652,100342
86378,120302
30314,104821
30797,105919
457221,206233
102805,126058
1751749,482668
2175121,604748
413516,215840
8681,100244
7814,99764
7531,99171
10117,106153
8931,98852
7027,103274
13055,105032
9445,104224
15566,100611
34000,111299
12854,98993
86977,120366
30037,112131
30036,105217
457464,204365
107893,125958
1760390,482348
2153670,610399
414366,220585
7487,102146
7428,98284
6515,99448
9379,98869
8875,97964
7603,97322
12652,99167
8694,98223
15138,100225
34793,105373
13585,98389
86172,119956
30509,105029
30745,104567
460080,203981
103497,126231
1757492,483596
2147102,606315
416018,213687
8142,102003
7134,99415
6885,98707
9347,99366
8695,98170
7262,97816
12685,99192
8917,98107
14924,101164
34018,106894
13630,99130
86623,120826
30314,104796
30704,105314
456801,204712
102834,125356
1753695,483776
2159311,600931
413338,215221
8497,99770
8162,99767
7246,97891
9588,99133
8991,99401
7542,97879
12611,100269
9062,98802
14851,101028
33939,107672
13837,99009
86174,119772
30328,104838
30506,97038
455090,205520
103978,126574
1764718,482842
2157678,605581
417082,215420
8559,99615
8008,98616
6868,98567
9162,99378
8766,98555
7650,97372
13204,99620
9896,98101
15285,100718
34098,106549
13677,99166
85981,120257
29832,104406
30493,105005
455589,205270
103207,124924
1740792,482499
2170123,598982
413102,214967
8625,100956
7502,100080
7640,98945
9350,100206
8987,98777
7677,98030
12693,99411
9321,98543
15432,100714
33919,106505
13821,99556
86050,121052
30032,105328
30187,109994
453751,205268
102973,127032
1746483,484502
2159063,611797
425739,215855
8637,100326
7991,103735
7477,103202
9829,98332
9202,97934
8077,98127
13999,98571
9572,97574
15975,99732
34064,106541
14118,98357
86263,120118
30941,104350
30667,104776
457561,205176
103281,127447
1745932,484163
2167349,606305
416649,215566
8555,102597
7915,98719
7709,99162
9348,99509
9380,98873
7652,97108
13356,100503
9308,99041
15520,100321
34436,106683
13878,99499
85841,120879
29985,105673
30835,105616
453509,205191
103164,128438
1767710,490239
2142403,603937
413363,216994
8262,98951
7716,98625
7057,98656
9815,99520
8725,99308
7404,98723
12627,99910
9031,99292
15371,101756
34211,107067
13583,99434
85959,122623
30907,105137
30292,105310
454143,205721
103189,125823
1745699,494934
2162555,604112
412639,213708
8567,100967
7619,97937
7253,97882
9919,99384
9262,99188
7333,98475
12768,100801
8934,98266
15319,101470
33591,106594
13814,100973
86611,121294
31411,106109
30080,105681
455513,205873
103480,126762
1763373,488689
2152438,601881
419721,214011
8865,100800
7884,99476
6716,99273
8930,100628
8690,99357
7579,100072
13452,101034
9881,100516
10272,99417
35168,106609
13813,99843
85853,120467
31590,105957
29936,104472
454604,203969
102340,125079
1756673,486504
2159211,604982
420803,215764
8262,100717
8987,98829
7203,98375
9161,105690
8646,98259
13345,97528
12866,106739
9777,99490
10287,98829
33971,111849
13543,99818
85320,120399
31936,111745
29983,104488
460669,206101
109574,127270
1756999,490467
2140434,607624
413709,222537
8424,99727
8419,98201
7706,97887
9929,99874
9445,98124
7917,99132
12669,100048
10321,98195
15496,101414
34872,105971
14135,100549
86946,121433
31954,105346
29863,105262
458155,206094
102341,126907
1766918,488242
2154521,606863
421777,216116
8857,101998
8179,98645
6995,98072
9149,99685
8539,98049
7175,98562
12918,100112
9478,98379
10698,98669
34318,106136
13425,99507
85315,119852
31496,105077
29934,104718
456581,205695
102590,125087
1767380,488183
2145684,601090
420108,217044
8524,101640
8257,99715
7472,98582
9474,99245
9963,99352
7143,97442
12568,100971
9050,98758
10465,99577
33273,106772
13589,99291
85450,120627
31112,104904
29768,105187
455094,206265
102431,125661
1768254,489208
2160361,603822
413118,215367
8092,102842
8246,99148
7757,98559
9596,100126
8392,98981
7499,99391
13037,100073
9669,101220
14859,101681
34641,107528
13868,100578
86246,121284
31851,105728
29880,105750
455201,206824
103448,126395
1769352,492034
2173037,601690
419402,213309
8735,100694
8026,98453
7240,97932
9676,99341
9038,99342
7307,97722
12988,100269
9101,98858
9976,98255
34236,106596
13197,99992
85559,120085
31303,105823
29699,110832
452599,204859
102893,126424
1729319,485754
2160223,600234
434089,218071
8059,101648
7497,105741
7230,104924
9636,98795
8746,99068
7266,99244
12728,100023
9682,98511
10276,99012
33551,107288
13608,100057
85122,120125
30702,105375
30156,105303
453888,207071
103174,125829
1768922,485577
2151671,598383
411374,214285
8159,102089
8411,100013
7355,97602
9810,99075
8384,98975
7367,98686
12900,100311
9299,98816
15136,100828
34219,106902
14038,99709
86793,119383
31184,104849
29408,104048
456821,204650
102313,125392
1766356,489748
2149858,605160
418502,216396
8134,101904
7931,99953
6780,98342
9011,99482
8444,99201
6904,98466
12698,100559
9258,99747
9993,98897
34279,106508
13384,101134
86144,120960
31402,105365
29884,104753
452033,205506
102437,126027
1762040,485538
2167015,606311
417614,215425
7949,100303
8406,99749
7378,98569
9950,99363
8411,98909
7300,97906
12548,100924
8993,99692
10431,99444
34032,107158
13623,100200
86135,121370
31251,105441
30075,105520
459085,206777
102491,124417
1787909,483921
2162000,600635
414618,215987
9299,101569
7882,98652
7663,100084
10318,100355
8936,98416
7487,98375
12764,101217
9728,99593
15498,100399
34478,106532
13374,99348
86607,120432
31546,110661
30061,105288
463898,206351
108623,125099
1764654,483591
2151497,605611
421611,222249
8445,99697
7940,98789
7235,97803
9501,99482
9193,99591
6921,97768
12896,100003
9187,98659
10216,99355
33830,106392
13375,100091
86091,120212
30921,104243
30136,104314
457717,205053
102246,126302
1756263,481897
2146253,600878
417865,215735
7978,100470
8600,98674
7741,97728
9746,98164
9089,97944
7606,97766
12662,99364
9710,98989
10423,99328
33837,107410
13761,101150
86794,120430
31409,104722
29831,104590
457804,204234
102411,124598
1769810,491194
2149760,606128
414412,215190
9136,100514
7902,100232
7855,98418
9709,99177
8670,98959
7813,97390
12835,100002
9812,99130
15845,100819
34698,106711
13509,100229
86809,120494
31984,105470
30005,105795
456653,203908
102230,125187
1760882,484263
2176542,602100
420285,213288
8355,100330
7903,98669
7227,98617
9010,99221
8817,98387
6942,98777
12842,100004
9734,98225
10259,98031
34340,106736
13353,104230
85105,126979
30763,104534
29969,104129
464206,204475
102613,125083
1757204,482660
2146648,615674
423438,221936
7652,99490
8695,98122
7242,97406
9405,98053
8455,98996
7315,97359
12698,99522
9374,97998
10632,98607
34505,106437
13510,99464
85378,118587
31396,105184
29981,104104
455773,203660
102853,125811
1761437,483525
2144524,604287
413333,214754
8641,99464
7880,90524
7215,98579
9574,99235
8633,98737
7238,97462
12841,99558
9491,98896
15160,100392
33962,106780
14005,99813
87388,119263
32244,105477
29712,105443
457267,204733
101422,124412
1762870,495388
2153465,605980
421907,217038
9186,99466
7823,98788
7130,99538
9469,99294
9044,97963
7127,98879
13160,99849
9668,97792
10403,98774
34598,106863
13344,99041
86417,120224
31692,104988
29914,104218
456816,205844
102791,124988
1750306,486926
2162417,592417
422251,217008
8271,100257
8827,98548
7116,98044
9339,99293
8863,99074
8350,97293
12645,100049
9358,98279
10287,98598
39670,107096
13675,100448
85801,119136
31803,109999
30371,104952
464733,206045
103324,131329
1768846,489821
2162177,601241
413229,223087
8367,100663
8638,99451
7381,98319
9727,98514
8776,98883
7696,98263
13228,99539
9712,98966
14660,100375
34484,105590
13438,99439
87290,120092
31917,104886
30482,103951
456890,203622
102155,123618
1782128,483448
2151985,600594
418939,213849
8186,100690
8372,98910
6816,97710
9332,99071
8423,97312
6797,98246
13777,99870
9320,98343
9873,98800
33934,108092
13596,99839
86398,120175
30915,104376
29911,105483
455158,205681
102468,126231
1775764,489712
2182829,606958
417448,218095
8214,101918
8416,99823
7321,99175
9358,99967
8916,99738
7822,98352
12594,100841
9162,99407
10688,99183
33818,108251
13591,100273
85960,120529
31323,104707
30262,106213
460852,206606
102747,126351
1789866,482444
2172098,603579
415447,213425
8586,102715
8567,99046
6658,98090
8884,100559
8336,99458
12794,99250
12223,104565
10290,100214
15112,100492
34180,111432
13392,99457
86400,119364
31230,104035
29197,104948
464594,204942
102007,131824
1771197,485546
2152689,609665
421908,215591
8366,100027
8346,98968
7219,97734
9453,99637
8643,98028
7099,97559
13197,99880
9041,98703
10269,99611
34063,106204
13542,99497
86826,120130
31401,104438
30203,105485
458824,203764
102628,126497
1777683,487629
2154507,596487
420271,217733
8109,100207
8268,98796
6696,98172
8892,98999
8483,98170
7300,98223
12735,100821
9649,98508
10712,99063
33918,105818
13447,100368
86023,120014
31092,104605
30291,105011
464102,205877
105107,126252
1778464,494132
2188534,609422
416559,216423
7848,100741
8236,98292
7029,98536
9733,99877
8691,99285
7455,98319
12695,99247
9397,99847
15184,100921
34313,106254
13372,99355
87770,121322
31205,105628
29299,104237
459353,207891
102679,126037
1783983,487100
2166359,604873
422885,219631
8394,100619
8148,98034
6781,97550
9184,99209
8392,98627
6959,103165
12561,104101
9438,105472
10448,98237
34078,112406
13578,99981
86793,119964
31067,105158
30440,105368
468733,205276
102858,125788
1785924,486768
2176458,614325
430221,221194
8085,102045
8293,99077
6932,99177
9627,99509
9026,98909
7526,97934
13048,101601
9165,98746
10431,99104
34192,106150
14111,99698
86148,122079
31520,105092
30716,105509
461812,206490
104036,127079
1799875,490392
2192155,609666
417180,217608
7795,101104
7883,99029
7278,99475
9609,99761
9056,98552
7838,98916
12665,100616
9571,99900
15368,100831
34277,106913
13645,100815
87142,120177
32086,104948
30215,106032
463799,205510
103068,127369
1790644,486056
2193843,608518
423892,217907
8874,100893
8156,99522
7264,99210
9504,100368
9129,97672
6802,98789
12864,101014
9513,98717
10016,99948
34261,107517
13245,99627
87182,121123
31438,106126
30364,105785
462061,207908
103413,125846
1777186,489816
2194436,609593
422109,216989
8042,101023
8232,99319
6831,99237
8780,99749
8698,99614
6985,97453
13790,99983
9265,98736
10168,99461
33862,107435
14098,101482
87070,120474
31612,105475
30160,105722
460393,213581
104342,126523
1795021,489775
2173517,601609
420618,216514
8539,100626
8533,98325
7501,98492
10019,100030
9280,98480
7898,98400
12436,99065
9835,98962
15545,101203
35619,106421
13783,100106
87637,120525
32080,104952
30275,104492
459396,205712
103354,126384
1796772,491970
2193708,606030
421963,215123
8608,99772
8640,99097
7169,97985
9342,99427
9091,98867
7400,99030
14034,101194
9808,99412
10410,99311
34180,107023
13698,99827
87797,121255
31810,104695
31291,105110
461783,206345
102918,127042
1785844,484566
2192127,601481
421978,216926
8608,100784
8244,97996
7435,97693
9361,99425
8817,98467
7287,98387
13483,100184
9352,98952
10675,99262
34428,107175
14848,101360
86335,120282
31792,96095
30749,110220
463330,206495
104316,126485
1785683,488327
2182148,617462
431099,216316
9209,102941
8612,105731
8084,103653
10116,99798
8600,99055
8007,97889
12968,99818
10143,99153
15670,101057
35482,104312
13489,99834
87879,120073
31661,105664
30249,105879
459005,206294
103570,126970
1796585,487257
2177660,609805
427472,216475
8448,100714
8412,99438
7030,97969
9420,99037
9050,98195
7561,97162
13128,100727
9575,98160
10492,98759
34337,107722
13537,100443
87145,121247
31425,107136
30248,105461
459308,207674
103631,126402
1770968,499568
2192700,604569
424253,215491
8097,101099
8290,100253
7122,99064
9735,100503
9039,99072
7759,97717
13055,100629
9291,98565
10168,99281
33624,107682
13404,99124
87198,120721
31639,104822
30403,105148
459175,205750
104162,125853
1791364,484983
2181571,601569
420166,216061
8283,101709
7937,99438
7270,99034
9893,101929
9679,99122
7230,98834
12579,101490
9918,100208
15410,100430
34531,109077
13701,100001
88237,121189
31605,111315
30335,104796
470121,206114
103264,134297
1793751,485247
2181163,608534
426551,225639
8260,99971
8193,98528
7030,98418
9450,99531
8135,98273
7148,99491
12884,100729
9529,98390
10659,99703
34211,107897
13442,99114
86891,120286
31007,105384
30360,104281
460541,205750
103140,126298
1783838,488244
2185256,601316
425656,216781
8546,99422
7981,99712
7273,98387
9457,99536
9102,99196
7280,98316
12811,101837
9227,99491
10701,99461
33699,107166
13488,99071
87305,120528
31171,105625
30576,105744
462276,208556
104039,126694
1783775,486110
2193621,616337
418935,216146
8987,100680
7424,99438
7757,99279
9640,100002
8615,99253
7763,98409
12399,100780
9979,99192
15465,101256
34384,108033
14421,99480
87895,119609
32548,105870
30389,105123
464952,205725
103117,126192
1778577,489426
2193185,605942
436187,218470
8548,99975
8169,103906
6826,104270
9653,94977
8276,98806
6976,98090
12585,99235
9513,97827
9874,98900
34307,107573
13550,99330
86910,120290
31559,104665
30010,104672
457865,204599
103844,126373
1799305,487106
2174751,604109
424513,215858
8222,100984
8388,99386
7107,98171
9572,99258
8778,98145
7439,98040
13728,100233
9224,97878
10810,98943
33769,106764
14278,100729
86963,120697
31912,104996
31524,105326
463253,205857
103755,126087
1778146,500908
2201935,599648
417210,215782
8283,99860
8116,97992
7179,99156
9118,98952
8224,98329
7421,99266
12253,100006
10183,98793
14861,100811
34005,106759
13496,99221
86700,121927
31464,105772
29635,104835
463571,205539
103222,125236
1790327,484811
2185859,605953
424450,214663
8250,100415
7820,99505
7141,99341
9538,99065
8751,98038
7050,97511
12449,99632
9288,98960
10236,98937
34129,112131
14245,99385
87492,120430
30938,104311
29717,104069
467868,207034
102892,124057
1790814,490544
2187961,616046
426536,217876
8246,100630
8152,99177
7306,98626
8953,99449
8932,98014
7339,98699
12582,100472
9707,98333
10423,100441
34137,106441
14404,100654
86196,120935
31580,104319
30374,106351
461402,206330
103222,126601
1811764,487570
2156559,605556
419269,218082
8338,101675
7872,99548
7557,98272
9536,99562
8797,98053
7835,98568
12616,100725
9807,99314
14929,100869
35194,106403
14118,99259
88270,121166
32304,104583
29612,105770
464770,206124
103625,127397
1794711,491279
2191889,602962
425042,218775
8578,100511
8532,99812
7145,99262
9475,99781
8568,99189
7960,98348
13567,101918
9945,98522
10496,100782
34687,107209
14680,100221
87369,120815
31749,106675
30617,104966
463566,205369
102901,127644
1771361,485305
2184393,612255
426978,216429
8045,100833
8169,100050
7460,98705
9506,98993
8863,99063
7393,98455
12924,100517
9503,98174
11004,98141
34437,106497
13815,100129
86513,121590
32019,98284
30302,110346
457896,205857
104220,127315
1771181,491016
2183266,604904
420348,216168
8013,101003
8449,99419
7999,98547
9730,98544
8945,104072
7220,98368
12944,100814
10078,99399
15511,101235
34826,107395
13339,100077
87643,121943
31295,105664
30289,104874
464456,206017
103678,124910
1782140,483803
2188374,617471
428833,224363
8978,101271
8400,98387
7070,98204
9543,99866
8780,98650
7393,98274
13252,101175
10150,98496
9990,99666
34167,107341
13338,100069
87770,121377
32015,105438
29958,104894
456791,206099
103050,125568
1776347,490488
2186443,595666
425912,215289
8330,100567
8391,99220
7185,98760
9411,99149
8623,98518
7610,98589
13231,100699
9068,99340
10603,100381
33967,106318
14293,100265
86615,120194
31286,104943
30256,105202
460596,206514
104366,127658
1772826,496486
2185605,603774
418370,215676
8152,100840
7940,100272
6905,98614
9423,99573
8689,99466
7350,99147
12999,100309
9393,99174
15327,101980
34743,105708
13573,99440
89753,120214
31939,105711
30240,106191
460455,206388
103174,126061
1783785,487245
2182298,611596
430070,217942
9503,100733
8761,100052
7128,99314
9635,100209
8819,98504
7553,99646
13259,101038
9091,98599
10383,100328
34725,107888
13120,100051
87024,120957
31520,105818
30162,105826
458786,206604
103271,127069
1768933,486344
2173507,609314
426187,217143
8150,100524
7743,99131
6992,99310
9297,99511
8752,98848
7594,97753
12908,100278
9351,98676
10751,98932
34572,107219
13307,104612
86477,125802
31781,104916
30721,104889
465798,204347
103202,126412
1778390,482575
2162509,621550
426995,216583
7760,100387
8506,98277
7242,97999
9767,98989
8337,97812
7624,97346
12527,99866
9883,98666
15102,101033
34398,106684
13581,100899
87500,120225
31809,105218
30147,105144
457340,204621
102914,125693
1786208,490355
2186533,599832
428680,217760
8741,100652
8151,99608
6803,97908
9471,98953
8422,98034
7713,97647
13041,99841
9439,97932
16026,100845
29367,104618
13385,99249
87099,120782
30429,104478
31684,105060
458408,205083
103900,126281
1781942,487839
2168998,596248
418852,217735
9123,99828
7686,98210
7312,99498
9792,99188
8653,98747
7665,99299
12810,99367
9233,99005
15461,100827
34652,106569
13278,100140
87248,121211
30909,104727
30426,105384
458290,206215
104369,125769
1778931,498291
2179546,602657
415859,217181
8438,102069
7284,98973
7104,98661
9414,99588
8850,99829
7808,99346
12719,100014
8935,99481
15762,100031
35004,107874
13391,99410
86773,122875
30600,104972
30587,105625
456231,205240
104156,126079
1767046,488781
2191233,607494
419278,215447
8336,100491
8328,98595
7566,99457
10443,99309
8764,98913
7287,97819
12937,100621
9284,99153
15463,102398
35037,106011
13597,99723
87149,122125
30457,105146
30618,111190
459172,205810
104050,126315
1757920,480129
2175742,601113
431891,217657
8547,102163
7978,105538
13198,97987
9404,98655
9733,99132
7639,98719
13401,100989
9192,99435
15260,100459
34572,106367
13547,99361
87583,120616
31043,104568
30979,104893
459192,213986
104101,126557
1774291,487383
2171715,605817
417520,213784
8694,100618
7703,98395
7688,98930
9994,98621
9280,98352
7824,97763
13010,99701
9282,98935
15377,100575
34779,105852
13847,98741
87265,121324
30793,105650
30980,104682
463536,205635
103154,126217
1776158,489213
2164197,606594
419143,216188
7994,100570
7617,99208
7069,99183
10332,99246
8692,99811
7246,98600
12963,101192
9248,100248
15268,100545
35055,107492
13798,99617
86958,121655
30551,105129
30389,104338
458735,206246
103461,125991
1773778,495873
2177402,605301
421649,214712
8585,100321
8402,98377
6766,98624
9672,99855
8723,98757
7941,97625
12308,99715
8868,98764
15068,101063
33925,107437
13486,99119
87240,120832
30558,104650
31028,105128
462054,205911
104752,127249
1755840,488266
2181932,603757
419268,214470
8167,100348
7984,98884
7328,99612
10410,100400
9364,99131
7516,98894
12461,100640
8835,99741
14651,101733
34748,107711
13477,101056
86973,122061
30992,105935
30523,106366
464540,204477
103689,127896
1755732,482057
2171013,610028
429026,217215
8721,107428
8069,98891
7263,99047
9798,99446
8724,99476
8001,98570
12855,95823
8909,98526
14985,101121
35028,106703
13749,100074
87281,120835
30816,106019
31344,105149
459003,206348
103466,126097
1768853,489492
2162257,597959
419019,215030
8652,100643
7681,100102
7877,98973
9744,100496
8756,98701
7786,98796
13170,99606
8976,98511
15668,100339
34363,106415
13299,99405
87745,121225
31513,104962
30786,104901
456515,205407
104935,127311
1764553,492100
2189114,600402
416709,215411
8258,101009
7969,98416
7596,99859
10187,100486
9368,99703
7322,99160
12865,101312
8842,98866
15425,101916
34662,107365
13334,100567
86713,122600
31121,105410
30528,105450
458590,206127
103252,127661
1772103,486786
2164331,607720
415109,216712
8370,101975
7952,96798
6694,99629
9995,100499
9013,100231
7603,99490
12748,100753
9288,99676
15590,102943
34717,108103
13514,101027
87310,122554
30572,106388
30126,111927
459578,207445
104222,127756
1769165,492204
2172853,597645
429941,216890
8549,101605
7673,103636
7323,104977
10203,100082
9003,99245
7135,98192
13008,100264
9507,98956
15189,101106
34166,106347
13269,99925
87093,121831
30528,105115
30927,105499
458624,205873
104221,125957
1790680,492797
2186074,608347
416916,215585
8481,100106
7498,99202
7049,99010
9654,99409
9589,98578
8610,98604
13114,101194
9573,99972
15718,101203
34970,106920
13759,100156
87318,120552
30721,104429
31501,105193
461664,206478
104142,128102
1787590,498110
2187897,602933
417723,216549
8449,100060
8203,99673
7629,99620
9911,100709
8948,100506
7358,99081
13089,100718
9062,99327
16295,102083
34209,108334
14025,100410
87282,120436
31026,105480
30674,104351
461612,206284
104925,127830
1784491,488297
2195683,609664
419047,216121
8302,102112
7339,99953
7559,99130
9573,99716
9059,98679
7898,98259
12583,99484
9507,99729
15335,106670
34182,107476
13589,99527
92543,122064
30643,105714
30052,104415
482007,207931
104153,128729
1775376,487249
2177711,612512
427092,216022
8807,100233
7967,99185
7391,98528
10160,99871
8909,98194
7532,98915
12468,100672
9332,98796
15452,100463
34444,107377
13422,99876
87278,121559
31169,105691
31527,105688
460796,205143
103222,126120
1792501,489838
2173737,606334
416835,215097
8983,102015
7530,98922
7076,99471
9370,100206
9202,99586
7654,98885
12896,100709
8794,99558
15134,101360
34318,107003
13713,100368
85913,122380
30298,106097
30249,106070
456970,206484
103930,126664
1777969,498847
2193240,609404
413937,215491
8219,100935
7887,99377
7491,99210
10117,100165
8841,99628
7294,98800
12811,100804
8720,99409
14994,101463
34205,107666
13571,100663
85472,122090
30058,106114
30321,106170
460119,205437
103896,127859
1761054,482185
2173261,605348
412927,216417
8066,102184
7479,99793
7059,99804
10141,99393
9053,99716
7427,98116
13369,100794
9241,99642
15764,101243
34623,105934
13626,100188
86527,120562
30826,106370
30478,105841
457667,213564
102920,125966
1765983,486005
2157335,596983
417800,216113
8252,101436
7386,98634
7068,99673
9446,100894
8523,99680
7312,98577
12945,100647
8794,99148
15530,100381
34319,107567
12924,100593
85904,121045
30301,105506
30072,105030
455748,202280
102368,119649
1774443,484401
2169944,602392
413902,214164
8480,100323
6848,98248
7305,98931
9472,99814
9046,99721
7373,98144
13232,100870
9489,98413
15097,100238
34224,106528
13274,99469
85445,120217
30424,106082
30265,104755
455759,205636
102403,126071
1774605,492317
2166368,608416
410976,216270
8418,101702
7749,99605
7127,98895
9592,100772
8822,99381
7180,99265
12496,101029
9231,99269
14886,101721
33926,108014
13588,101048
86346,121882
30762,105096
30211,105848
462366,205998
103067,126451
1776523,485294
2176106,614154
422419,216173
8118,102547
7945,99000
7417,98687
9469,99544
9267,98740
7364,97393
12818,99775
9273,98534
15384,100502
34119,106748
13413,99846
86508,120505
30285,104501
30711,105112
452405,207169
103240,125186
1772021,486250
2149351,597886
415603,217945
8820,99509
7897,98681
6929,98491
9654,98779
9898,98084
7308,97723
13450,100475
8964,98927
15078,101533
33858,105724
13478,98678
85725,120632
30279,104822
30189,103675
458177,205895
102205,124561
1766444,481899
2192069,595268
414054,216917
9309,101485
7507,99273
7181,98701
9722,100294
8949,100497
7556,99297
12854,101106
9461,98890
15303,101315
34518,107917
13352,99407
86141,120780
30232,106242
30319,104997
455413,207975
103034,127579
1766421,488862
2165262,600716
413454,215334
8520,100704
7438,100115
7146,98374
9592,99752
8579,104849
7710,98310
12645,100237
9319,98751
15307,101075
34188,106468
13049,99225
86476,121362
31229,105557
30648,94539
462978,206050
103023,126402
1784017,488543
2182176,598971
417031,213384
7783,100622
7693,99412
6841,98895
9571,99624
9135,99367
7643,98333
13272,99499
9108,99473
15519,100946
34847,106153
14367,99133
87393,120480
30878,103922
30824,104582
456398,205488
103749,125811
1782193,497214
2190919,600074
419283,218845
8064,100096
7689,98941
7014,99574
9554,100678
9002,99559
8043,100103
13179,100691
9119,99565
15101,100889
34971,106887
13769,100628
87805,121077
30669,105463
30480,105244
460538,206331
104044,126524
1769756,481954
2198241,592188
414580,215925
8241,101249
7349,100980
6884,100069
9589,100792
8447,99948
7238,99263
12591,100354
9220,99214
15743,101089
40111,107925
13271,101739
87458,121499
30283,106103
30463,105234
467118,207542
103922,134620
1776829,487794
2183015,614809
417388,225776
8064,100916
7868,99066
7095,99279
10059,100708
9150,99368
7666,97841
12707,100996
9172,99268
15292,101196
34411,107623
13570,100178
87435,122461
31421,105396
30843,106268
457929,207216
104320,127051
1773325,491391
2177524,598769
418550,213340
8159,101477
7585,99641
7159,99772
9137,92520
8634,99280
7462,97856
12947,100199
8779,100234
15004,101438
34577,107788
13584,100827
86610,122721
30708,105952
30879,105401
458562,204774
104290,125510
1778995,486505
2182630,608605
417494,216621
8837,100830
7117,98300
6787,98129
9663,99463
9046,99145
7157,97877
12344,100275
9380,98836
15420,100909
34628,107373
13996,99235
86754,120343
30932,104914
30588,104858
461459,206072
104355,125756
1775926,486114
2190063,602099
430326,215381
9055,100341
8505,99427
7166,99579
9525,99355
9414,98850
8054,98884
13068,99891
9847,98508
15215,101419
34365,107049
14269,99523
87694,120553
30936,105526
30315,104655
460179,205587
105006,126643
1779734,489339
2168651,604626
415615,214642
9199,99085
7609,98776
7183,99162
9928,100047
8842,98610
7201,99115
12752,101555
8992,99435
15420,100770
34685,106954
13740,100188
87588,121826
30789,104911
31282,106017
463343,207140
103694,127178
1776687,499959
2184238,610158
416083,217000
8309,101503
7692,99205
7574,98821
9694,100553
9111,99674
7999,98312
12770,101047
9732,99439
15630,100793
34556,107290
13966,99588
87068,123015
30869,104593
31037,105461
466571,207435
106664,125307
1778223,487548
2172363,604940
414253,215306
8085,100267
7460,99426
7034,99094
9446,104890
9652,97954
7893,105222
13047,103500
9075,105213
15600,101515
34597,106131
14098,98643
87662,121771
31032,105007
30680,104183
466763,206910
104718,125760
1782765,488480
2179412,615911
414364,215001
8160,99033
7733,99168
7339,99044
10304,100135
9172,99595
7804,98806
13372,100901
9022,99280
15388,100933
35333,107549
12931,100029
86744,121615
30980,105048
30809,104571
457908,205169
103762,125958
1792677,490899
2169638,603848
416649,215948
8169,101862
7350,99285
6984,99830
10204,99686
8873,99985
7377,99141
12527,101217
8893,99196
15372,101520
34705,106817
13469,100371
86899,121602
30603,105740
30911,105473
462129,206380
103462,126136
1785028,487428
2173455,603140
416960,216277
8000,101945
7645,98068
7119,98987
9692,99435
8822,99171
7219,98168
12825,100447
9125,99541
15105,100580
34480,107827
13450,99223
86672,121425
30845,104732
30362,105574
460224,206394
104608,128087
1764335,491088
2165876,617819
427495,217141
8010,106735
8138,99137
7181,98152
9795,98990
9014,97987
7218,97743
12915,100522
9131,98261
15451,100627
34061,105990
13036,98844
86351,120503
30258,105389
30347,105415
461614,205285
103912,125950
1776351,489800
2161951,599156
419567,215528
8264,100327
7442,99138
7124,99356
9669,98824
9794,98212
7587,97472
12620,100450
9224,98376
15273,101065
34498,106816
13615,99851
86183,120887
31488,104439
30188,106515
466434,207876
105044,125361
1789617,487758
2178094,606356
423356,218014
8488,99937
8178,99469
6813,98808
9305,99304
9063,99207
7482,97946
13146,100806
9644,98417
10241,99277
34257,107175
13904,100269
87251,120673
31268,105110
30584,104686
457504,206569
103020,126239
1783885,486788
2171596,608288
423626,220020
9190,100632
8030,98999
7228,97855
9351,98548
8565,98413
7615,97598
12847,99298
9436,98543
10693,98442
34015,107340
13830,99267
86796,118519
31522,105127
30404,105147
464182,207279
103931,124793
1782370,488190
2155245,621908
418367,214444
8661,99824
7955,98240
6818,98391
9179,98500
8925,99148
7344,97442
12647,99987
9621,98989
15110,100866
34979,106989
13521,99367
88181,119056
31323,104647
30339,104070
460809,204560
103313,126281
1779832,486704
2171279,600844
429204,218037
8446,101261
8542,98741
6906,99034
9959,99029
8972,98386
7871,97574
13374,99678
9080,99436
10231,98562
34439,106688
13427,99966
87535,119121
31782,105625
30691,104700
460193,206024
102918,126766
1785055,488394
2175245,607744
425116,215159
8845,99761
8292,98473
7368,98594
9262,99633
8500,97893
7264,97730
12887,100085
9572,98582
10329,99771
34017,106288
13702,100409
86603,120428
31529,105312
30541,105253
459116,205744
104670,126195
1772827,487958
2171735,610097
419591,216523
8266,101016
7721,99295
7212,98403
9552,99324
8709,98137
7363,98365
12623,99614
9600,99505
15292,102318
35191,105605
14135,99597
87446,120423
31609,104969
30211,105316
460547,206102
103755,126326
1770898,484947
2175842,606582
422924,217014
8654,101714
7637,98773
7089,99221
9435,99137
9168,99369
7091,99732
12923,101053
9433,99114
10093,99361
34382,107149
13454,100031
87131,120569
31311,105544
29985,110441
458379,206767
103077,125910
1761577,486605
2181029,603573
435778,215297
8408,102460
9196,100830
7366,99141
9365,99905
9177,97820
7780,97998
13173,99280
9443,99357
10938,98765
34255,106675
14155,100561
87476,120863
31918,105259
30630,105579
461290,213216
104024,125689
1774990,490129
2159569,598104
420854,218007
7708,101637
8025,100095
7336,100714
9546,99509
8411,99633
7342,99408
12609,100059
9652,99856
15430,102193
34814,106928
13899,99903
88164,121506
32028,107048
29822,106056
460412,206634
102475,125886
1790995,491357
2175821,605544
428607,216603
9067,100860
9097,99854
6799,99168
9672,99246
8833,98721
7269,98818
13012,99518
9720,98304
10480,98846
34536,106866
13690,99397
87341,120567
31955,104741
30134,104933
459776,207750
103231,126367
1775292,490633
2178218,615917
431576,215456
8336,99950
8933,99153
7216,98488
9739,98913
9363,99582
7266,98225
13220,100070
9312,98818
10843,98166
34262,107071
13864,100806
87983,119658
31646,105732
30513,105175
459803,205130
103834,125223
1778503,491871
2181534,605004
418834,216804
9215,102920
8686,99711
7636,99524
9788,100528
8314,99702
7524,98122
12543,100647
9521,99222
15567,100884
34594,107032
14176,99903
87258,120900
31986,105269
30194,105183
458931,207258
103589,125172
1778344,485478
2185708,606451
425118,216303
8574,99493
8329,98377
7344,98949
9857,99534
8506,98511
7171,97641
13018,100898
9792,99213
10335,99982
34185,106913
13715,99964
87745,120724
31818,105731
30052,105491
455076,206536
102820,126445
1769968,488935
2192714,607538
424214,213350
8121,101239
8175,99629
7585,97741
8707,103410
8821,98773
7370,103885
13357,99384
9485,103735
10588,98321
34985,112438
13572,99002
87156,119996
31797,104437
30350,104742
468737,206411
103423,131492
1780097,497345
2165742,625344
420302,222000
8042,100263
8449,98813
7530,99399
9470,98756
8437,97892
7316,98280
12710,100809
10151,98830
15799,100809
34735,106615
13392,99628
87572,120946
31458,105599
29828,104262
459942,204344
103643,125121
1776223,491196
2165827,605264
427039,217269
9264,100181
8414,98837
7624,98321
9498,99414
8238,98278
7063,98098
13436,100387
9200,99500
10044,98323
34627,106919
13254,98273
86736,119804
31630,103894
30446,105101
456892,205091
103839,125390
1776937,490299
2179177,612929
426788,215823
8084,100774
8670,99900
7120,99013
9329,100235
8791,99184
7791,97796
12491,101037
9154,100156
10901,99432
33707,107458
13999,100026
86917,120639
31646,106330
30160,104863
460123,206504
103117,127491
1775902,487216
2182001,605035
422526,218818
8751,101806
8590,99433
7877,98406
10008,100097
8691,100168
7542,98418
12717,100351
9929,99827
15089,101037
34692,107119
14093,99389
87625,121753
31961,106030
30276,105497
457248,206268
104172,125733
1772771,491213
2180496,609232
427695,215702
8988,99892
8296,98686
6943,99042
9481,100422
8792,100946
7412,98339
13033,100475
9484,98662
10149,99823
34841,106794
13978,99916
87970,121467
31224,105234
30594,104721
457093,206596
103690,125607
1772976,487896
2192342,605481
423760,218565
7921,100127
9327,99895
7205,98400
8725,98403
8658,98843
7227,98070
12809,99222
9232,103373
10172,95726
33832,106341
14191,98827
88373,120440
31767,104201
30727,104382
467887,206649
109542,126296
1772494,486144
2163085,618599
418301,222482
8497,101081
8688,98473
7465,98498
10149,99054
8422,98658
7535,97733
12890,100037
10182,99222
15572,101182
35130,105988
13673,99024
88008,120683
32168,104746
30192,104169
459006,206073
103244,126455
1781275,487477
2168800,603288
424613,218621
8557,101561
7712,99306
6935,98122
9566,99850
8778,99677
6829,98931
13039,100144
9790,98979
10158,99075
34638,107118
13297,99902
86798,119942
32079,104508
30720,106507
456442,205604
103482,126627
1773408,492152
2163882,602803
423253,215002
8398,99846
9321,99463
7350,97855
9490,98502
9364,97883
7764,98264
12824,99543
9786,97408
10669,98584
34203,105995
13885,99455
87926,120398
31694,104210
30333,104503
462891,204857
103729,125311
1770806,496377
2189303,609774
419057,214874
8754,100180
8595,100217
7663,98550
9593,98398
9232,98518
8046,97246
12766,99948
9841,100304
16073,100077
34635,106615
13945,100048
88507,120041
31371,104837
30108,104524
460955,206818
103300,125457
1771660,485950
2188657,612487
428799,216913
9143,99658
8436,99649
7402,98978
9783,100580
9125,99807
7325,98276
13375,101095
9677,98800
10541,100658
34650,107980
14103,100598
86930,121945
31771,105708
30263,104319
458156,207145
103626,127112
1774335,486023
2193313,604239
424538,215938
7856,100260
8059,99831
6773,97771
9515,103498
9138,99021
7742,98167
12994,105921
9429,99122
9949,99316
39601,106780
13971,99986
86445,121100
31485,111821
30006,104439
461524,206328
109857,126301
1778047,486421
2175959,619181
428736,218791
8816,100918
9218,97961
7625,98488
9750,99374
8569,98038
8076,98595
12755,99383
10184,98512
15625,101447
34895,106885
13669,98999
87592,120337
32056,104816
29901,105750
463050,205260
103926,126779
1778219,492737
2166220,609357
423488,216376
8343,101781
8885,99513
6939,97485
9424,98951
8389,99010
7323,98288
12913,99702
10450,99175
10357,99490
34274,108311
13596,99651
87208,121108
31357,104073
30476,105307
457659,205570
102889,126448
1774379,490186
2165258,605347
424542,216629
8080,100408
8806,98438
7619,98775
9625,98858
9489,99287
7673,98584
12829,99349
10104,98299
10654,100288
34322,107266
15030,100117
87040,121511
31779,105451
30977,104411
459885,204537
103681,126738
1770742,496767
2172552,607561
420303,217152
8158,102235
8456,98831
7701,98794
9639,99681
9155,99305
7400,98911
12870,99552
10067,98999
15466,100409
34735,106493
13578,99687
88392,119711
31862,105981
30287,105210
460508,205978
103452,125924
1776479,493087
2174429,607898
423924,213254
9036,100368
8754,98821
7863,98449
9638,99204
8846,99139
7863,97928
13687,100734
9801,98112
10194,99795
34789,106829
13393,100435
87542,121083
30994,105359
30477,104520
456317,204988
103765,126731
1760514,483159
2179386,602771
423831,217623
9586,100947
8890,99283
7708,98853
9588,100351
9139,98706
7571,98276
13035,100488
9683,99049
10469,99197
34050,107012
13904,104673
86800,125709
31295,104028
30920,104855
467095,205268
103995,125531
1761544,488793
2169706,610830
429067,217279
8569,100522
8134,98996
7619,98337
10242,99379
9069,99105
8461,98290
13189,99735
10422,98863
15504,100854
34877,107066
13781,100102
87604,120505
32375,105640
30015,105264
457688,205583
102952,125261
1778446,487256
2173348,606819
426129,216575
8231,101437
8665,99499
6753,99010
9689,99750
8570,99648
7077,98598
12727,100113
9629,98877
9578,99026
34435,107085
13580,99535
87644,120447
31667,106222
30038,104800
455782,206016
103087,126097
1783403,487740
2178306,606114
425909,214083
8509,101483
7832,99202
7452,98049
9628,98245
9004,98706
7502,98229
12992,100049
9432,98822
10619,99213
34316,106901
13574,100442
86264,119609
31693,104766
31066,105812
459690,206122
103993,125262
1773359,493204
2181155,610154
417984,215466
8734,101793
9181,98981
7172,98442
9814,99123
8587,98483
7661,97979
13527,99241
9539,98978
15468,99385
35293,105878
13700,99139
87111,120863
32033,105639
30057,105969
462699,205750
103396,127814
1769001,489818
2183178,605818
426406,218209
8652,101329
8730,98905
7110,98908
9107,100170
8603,99195
6802,98424
12598,101238
9117,99061
9792,104690
33776,106772
13256,99759
93010,120886
31312,105705
29446,105819
464874,206465
103016,127146
1771299,487103
2171109,620686
431769,218167
7910,108221
8188,99851
7444,99059
9323,98984
8673,99128
7124,98061
12667,100781
9470,99108
10579,99130
33873,106819
13814,100359
86367,121113
31668,104786
31029,106145
458830,206373
104374,126159
1779172,488561
2156748,602754
418109,217674
9028,101948
8063,99576
7368,99014
9624,99287
9165,99301
6921,97943
12609,99861
9532,99260
15758,100480
34234,106405
14044,100042
88259,119899
31807,106223
30060,105002
460591,205877
103567,125418
1774151,496463
2177345,605745
420473,217267
8628,100640
8236,98997
6727,98181
9445,100036
9042,99551
6922,98905
12954,99721
9468,99323
10479,98956
34192,106721
13667,100284
86692,120401
31705,105763
30128,105072
462963,207007
102996,127108
1767820,484319
2191837,606239
424815,218691
8740,99788
7884,99427
7353,99139
8847,98813
8932,98453
7724,98016
12790,100453
9693,98061
11173,99568
34399,106218
14377,100226
87095,120054
32008,105070
31594,112132
459921,205916
103914,125602
1755802,484125
2178275,615197
431563,218376
8510,107814
8977,98927
7785,97477
9708,98744
8872,97520
7627,98548
13316,98962
10242,99886
15712,99539
34952,106041
14450,98633
87358,121289
32100,105039
30295,103977
461186,206458
103836,127003
1773689,486979
2155156,602093
427499,216520
8742,99658
8718,98733
6701,99163
9460,99364
9352,96869
7092,98212
13811,99271
9927,97723
10213,98113
34665,106789
13773,98295
87025,119007
31400,104090
30355,105523
457763,205299
103896,125130
1783314,497432
2171653,605572
424070,217089
8037,100942
8902,99451
7217,98592
8870,99481
8926,98720
7494,97348
12691,100477
9427,99003
10550,98788
34298,106594
13747,100006
87000,120329
31259,104822
30245,104348
460884,204731
104191,126152
1784040,486718
2190927,607436
418790,214596
8422,101290
8248,99247
7646,99702
9990,100826
8551,98377
7342,98348
12650,100803
9741,99077
15599,101875
34361,106539
14111,99738
88166,120460
31996,105137
30426,104629
470214,205699
102976,126205
1796046,483108
2174452,622152
436350,215806
8064,107706
8070,98714
6923,97265
9343,99207
9048,98360
7101,97815
13252,99378
9198,98633
10547,97716
33676,106661
14326,99493
86831,120399
31187,104130
30350,104618
460498,205201
103534,125381
1782461,494328
2174588,603332
422781,219697
8268,100747
8639,98808
7421,97962
9226,98262
9021,97765
8017,97476
13072,99500
9418,98398
10820,99310
34543,106509
14214,98911
87575,119759
31244,103764
30211,104597
461183,205634
104266,125003
1785986,499896
2198398,608879
416633,214683
9152,100585
8301,99033
7468,98371
9922,100564
8640,99540
7608,99158
13161,100440
9613,100995
15338,100696
35073,106832
14281,99516
88152,121283
31983,105268
30122,105974
462441,206438
103508,126475
1780570,489866
2184600,606820
423139,218203
8862,100879
9297,99188
7483,97691
9834,99665
9181,99376
7031,99055
12937,100022
9484,98009
10151,98736
34183,113033
14445,99223
86990,119058
31327,109606
30415,103796
466906,207131
103435,132474
1775873,485999
2163567,614958
424843,223931
8704,101150
8242,98688
6957,98175
9303,99490
9328,97772
7463,98938
12998,99468
9937,98888
11124,99195
35069,106554
13758,100576
86371,121354
31439,104194
30626,105394
458633,207240
103276,126525
1793450,489078
2170635,611651
415372,215380
8593,101277
8705,99321
7313,99194
9519,99596
8704,97762
7429,97840
12968,100458
9802,99869
15303,101154
34405,107488
13485,100943
87482,120602
31696,105564
29500,104905
459565,207320
104018,126205
1786033,484955
2187197,615000
423206,215394
8590,99348
8185,98883
6729,97950
9574,98896
8825,98162
6987,98122
12893,100680
9284,98433
10634,99146
34529,106015
13910,99713
87056,119983
31513,103778
29957,104881
460843,204228
103759,124786
1778043,488556
2185389,607374
423673,216607
8464,99508
7768,98597
6511,98954
9782,99020
8523,104531
6996,98787
13045,99808
9178,98449
10401,99522
34315,106648
13897,99894
86186,121108
31470,104306
31152,103973
457168,205845
104170,125936
1790634,488044
2173124,600898
422554,213652
7963,100521
7836,98540
7073,98016
8991,99187
8514,97961
7273,97402
12957,99956
9850,99125
14675,99691
33836,105757
13146,98667
86427,119567
30988,104986
29604,105388
461437,205672
103122,126338
1792571,492744
2184872,606815
422963,217646
8162,100071
7844,99486
6659,98809
9270,99209
8400,98353
6910,97213
12683,100649
9158,98696
10944,99290
34194,106759
13831,99520
87176,119726
30942,104611
30770,105225
461831,204509
103187,124968
1780287,486247
2179220,613596
423325,217226
8098,100929
8369,98659
7055,98258
9482,98887
8355,98941
7721,97191
12512,94512
8971,98314
10622,98964
33605,106015
14311,99869
91616,120566
32640,103892
31182,104315
467428,207249
103486,125277
1783814,488866
2164063,611734
429372,216358
8218,100372
8143,98685
7364,97691
9722,98772
9009,97336
7917,97277
12819,100193
9568,98041
15309,100047
34452,105859
14175,98702
88461,120258
31960,105047
29910,103801
461256,206124
103428,125751
1797418,488176
2171323,604388
423756,218344
8591,100679
8129,99246
6778,97253
9750,98581
8271,97428
6754,96833
13169,99803
9630,98303
16183,100086
29225,104783
13382,99647
87199,119311
30830,103378
31657,104340
459061,206063
103864,127587
1783551,483242
2186681,612543
417862,215237
8450,101093
7580,99061
7021,98766
9985,99303
8897,99450
7250,97829
12671,100975
9105,98475
15039,101319
34331,107439
13337,100349
87249,121200
30677,106019
30716,105680
457700,206323
104885,126841
1780872,486571
2187436,602662
416920,218547
8208,101884
7991,100039
7329,98584
9910,99217
8693,99729
7345,97941
12450,100154
8731,99517
15487,100517
33529,107668
13604,99426
87443,120774
30580,105026
30562,104544
459137,205022
104606,127502
1782237,490665
2175773,602437
418465,216227
7863,101316
7745,98629
6584,98937
9201,99905
9078,100613
7203,98665
12365,100816
8591,99313
15185,101471
33616,107212
13640,99889
86130,121050
30247,104741
30525,105495
461660,205995
104291,126817
1774064,496907
2185318,605414
415453,214943
8205,101704
7546,98714
7142,98572
10118,99076
9652,97711
7753,97771
12682,99968
9339,98357
15368,100821
34474,107175
13908,99212
86614,121510
30475,105111
30629,105074
460398,206193
104058,125833
1778122,489020
2178988,608187
414555,215577
8321,100324
7341,99052
7054,98527
9341,99839
9175,99309
7581,98664
17680,100957
9735,99650
14839,101010
34339,114230
13223,100668
86754,123412
30287,105607
30784,105429
471546,206196
103638,126249
1781976,492159
2175251,612317
417129,216191
8003,100627
7400,98789
6835,98961
9127,100002
8784,98770
7668,97871
13178,99936
9247,98223
15597,101056
34788,106822
13031,100275
86819,120206
30406,104823
30915,105014
461338,206714
104752,125269
1787284,486080
2149657,606195
414942,216151
8252,98765
8423,99144
6731,99124
9882,99690
8940,98501
7431,97125
12911,100123
8907,98488
15457,100318
34062,106965
13673,99772
86889,120489
31396,105920
30822,97095
463735,205167
103506,127187
1783235,485500
2177459,605882
418039,215548
7882,100975
7674,98649
6680,98397
9631,99901
9126,99251
7539,97441
12885,100372
8892,98442
14985,99868
35085,106656
13540,100466
87452,120583
30734,105026
31106,105424
459801,207051
104637,124660
1758474,489018
2186622,603072
419974,215537
9668,100222
8486,99135
7327,99000
10460,98746
9921,99460
8001,102664
12672,99397
9382,104211
15193,99345
34317,111375
13320,98961
86942,120976
30719,109565
30946,104501
464038,205439
110726,127562
1767448,490111
2177396,616154
423723,219016
8483,101305
8276,99576
7184,99538
9766,100770
9649,98442
7814,98221
12991,100169
9002,100237
15169,100755
34473,107484
13673,99970
86636,120115
30661,105618
30634,104849
458295,205666
103385,125374
1780518,484578
2169776,612421
418770,217539
9291,100488
7723,99129
7769,98774
9979,100069
9277,97723
7986,97744
13512,101286
9301,98351
15777,100672
34701,105877
13801,99433
86640,122276
30512,105329
30634,105263
463761,206741
104222,126979
1790382,495336
2185258,608309
421441,219266
8707,100423
7964,98226
7707,98936
10212,99197
8918,98137
8047,97602
13299,100592
8978,99106
15214,101559
34770,107021
13846,99808
87405,120003
30733,105087
31280,106782
459423,205753
103421,125133
1778762,489378
2167480,610310
419710,215976
8422,99785
7648,97875
7293,99894
10455,99671
9364,98971
7656,98047
13252,100188
8890,98418
15109,100727
35051,107389
13722,100085
87205,121191
31128,106093
31107,97994
460158,205405
104575,126459
1780530,502985
2193011,613623
420352,216141
8264,100789
7864,98834
7012,97576
10036,99358
9570,98490
7470,97597
13120,100331
9149,98477
15518,100398
34806,106910
13497,100052
86781,121130
30209,104762
30203,105227
459900,205876
104273,127159
1776988,486098
2186437,614006
415572,217421
7783,99714
7607,99022
7126,98510
9480,99718
9058,98215
7641,97559
12556,100736
9314,98788
15480,101160
34209,106666
13620,99813
86973,120764
30935,104523
30419,105310
460153,204738
103001,125206
1770091,486721
2184061,611489
420762,214243
8364,100145
7307,98120
7192,99755
10027,99300
9013,99563
7767,98816
12930,100646
9285,99081
15957,100292
34888,106424
13230,100506
87439,120213
30629,104890
30359,121304
456028,206178
104370,127126
1742652,486945
2187955,603499
416145,216535
7974,99856
7549,98671
7251,98987
9617,99636
8919,104621
7147,97420
12489,100495
8852,99968
15245,100506
34811,106859
13423,98661
87658,116924
31045,104509
31142,98643
468613,206159
103131,127372
1776375,488423
2169460,613051
416510,223441
8398,101487
7663,99538
6962,98389
9656,99806
9144,98842
7729,98039
13178,100072
9176,97919
14996,100729
34878,106860
14118,99435
87329,120968
31238,105967
30532,105036
460239,204473
104470,126546
1778198,489531
2184085,602103
419230,218951
7931,100183
7720,98655
6975,99365
10284,100212
9439,99829
7965,98599
13695,101602
8902,98919
15587,100264
34390,105537
13746,98870
87995,121100
30956,106030
30760,104399
461589,206199
104431,126889
1778002,488016
2182156,605408
415252,213801
7977,102644
7382,98894
7105,99666
9652,100541
9011,99124
7469,97366
13151,100224
8724,98604
15173,100606
34345,107037
13834,100607
86286,121243
31087,104551
30805,104584
459410,204196
102251,125637
1742149,497003
2174263,604168
413723,213409
8244,101113
7697,98838
6862,98876
10029,99366
8966,98384
7587,98858
13058,99939
9013,98449
14872,101112
34595,106751
13654,99197
85352,120611
30495,104715
30039,104804
457497,206369
102118,125534
1754335,487235
2175942,605831
419330,214101
9413,99917
8233,99164
7501,99768
9465,99969
9713,98681
7587,98172
12916,100651
9565,99160
15330,100942
34297,106310
14009,100028
86006,120014
31338,104428
30448,104296
456024,205774
103078,124935
1752354,483534
2163953,601078
411638,214854
8458,101797
8130,99358
7238,99282
9532,99862
8904,99390
7296,99016
12434,101451
8686,100390
14967,101880
34182,108315
13653,100138
85833,122554
30783,105560
30489,104962
456454,205432
102292,126297
1748481,487096
2168131,612968
416271,217293
8669,101815
7865,101131
7518,99510
9355,107988
9830,99950
7317,104576
13153,106258
8959,99877
14837,102525
39522,107281
13389,100282
85628,128036
36514,105839
30564,105534
460892,208179
103425,126307
1757977,489359
2145980,614700
422363,214912
7971,100795
7223,98922
7318,98936
9374,99481
8980,98792
7390,98215
12740,99342
9607,97950
15333,101039
34312,106046
13368,98993
86455,120319
30391,104486
30627,104746
454292,204613
102895,125185
1754323,482418
2146329,602419
414362,213435
7520,100053
7532,98897
6815,98584
9291,99138
8929,99190
7388,98187
13161,99719
8723,97786
15343,101172
33598,106820
13513,99398
85901,120497
30415,105743
30103,105945
454785,207010
103255,126729
1763955,490560
2159646,604052
416003,214859
8770,100284
7576,98407
6890,99801
9669,99313
9016,98273
7888,98521
13282,100409
9134,98868
15514,101562
34429,106136
13986,99588
86097,121148
30047,104890
29882,105139
453378,205827
103006,125048
1758872,494977
2168607,603630
415069,214179
8619,100377
7499,99267
6867,98603
9734,100051
9154,99668
7182,98270
12937,100018
9306,98833
15079,101748
34667,107005
13549,99246
86561,120475
30379,105457
30669,105300
454405,205854
103736,126853
1757753,490078
2176840,604243
415739,214747
8596,101616
7699,99676
7354,98648
9878,100263
8964,100881
7743,98680
12727,100237
9007,99637
15685,101489
33854,106853
13456,100136
86423,121730
30205,104955
30653,105612
456419,204894
103120,126061
1754980,487241
2172091,603400
410069,214266
8536,101295
8103,98962
6907,98947
9782,99765
9343,100026
7219,99153
13196,100866
9380,100120
15206,107069
34552,107113
13633,101038
92135,121650
30817,105717
30512,105596
461770,196401
103468,127127
1760266,481418
2151690,612852
422197,216645
8176,100241
8374,97720
7287,99331
9438,98908
9456,98349
7686,98372
13141,100614
8725,97703
15340,100767
34240,105836
13682,99852
86000,121429
30944,105531
30207,105936
454157,206056
102816,125794
1763097,486740
2153478,605173
412309,212673
8413,101310
7548,98553
6642,98390
9597,99374
8974,98321
7392,98010
12922,100549
9282,98641
14860,101544
33593,105939
13473,99115
85605,119239
30802,104779
30049,105964
456493,205823
102990,126705
1756151,487210
2163802,600271
415464,213471
8034,100315
7418,98485
7172,98747
10050,99815
9479,99190
7438,98653
13189,100922
8683,98407
15181,101242
34671,108096
13742,99381
86445,121966
30305,105664
30845,104702
458167,204569
102750,126810
1750504,485231
2171912,599704
412877,214091
8190,100238
7401,99154
7285,98330
9328,99100
9446,98629
7961,98087
12550,101190
9737,98595
15111,101603
34569,106926
13407,99989
86282,121054
30403,105418
30410,105686
455319,205177
102957,126953
1762119,486890
2149014,598385
413312,213609
9338,99792
7779,99100
7196,99538
9287,100004
9313,99871
7639,98445
13017,100004
9294,97962
15060,100642
34473,107842
13505,99774
86517,121136
30377,105009
30709,104927
453484,211817
102972,126229
1754662,484249
2149532,599950
415295,215476
7988,101672
7226,98539
6782,98597
9273,100187
8868,99190
7628,97881
12579,101458
8926,99570
14904,101617
33594,108142
12980,99726
86073,121244
30168,104933
30592,105710
458176,206040
103264,126820
1769414,485507
2142025,599200
414904,217075
8301,101026
7848,98685
7629,98864
9648,99242
8889,98017
7047,98722
12853,101299
8955,99295
15316,100353
34402,107965
13404,100009
85724,121373
30771,104870
30051,104825
455994,205177
102856,125018
1763513,478346
2172705,606238
416716,212902
8090,102358
7567,98979
6758,99382
9682,99188
8752,99073
7583,98883
12831,100897
8929,99279
15135,101229
34394,106118
13601,100090
86405,120538
30660,106604
30321,105948
454275,205487
102650,125683
1750323,486601
2172348,600914
411621,216554
8209,99834
8048,100477
7079,98702
9483,99384
9083,98544
7218,97934
12719,100542
9410,97530
15283,99905
34234,106563
13765,99329
85585,120693
30430,104501
30531,103833
454308,212773
102036,125558
1748475,483542
2152259,604286
412942,215738
8630,100968
8074,98844
7113,99401
9924,99197
9287,99180
7883,97725
13104,100231
9410,99352
15280,101050
34172,106700
13559,99273
85537,121000
30560,105045
31044,104968
453810,205428
103073,126290
1766362,484143
2153827,596268
416196,215961
8668,101088
7792,98490
7209,98413
9893,99583
8976,99148
7123,98932
13134,100915
8672,98909
14812,100856
33957,106039
13103,99825
85289,121060
30291,105034
30588,105569
456391,204191
102759,125875
1753339,483405
2169261,605628
414530,216141
8261,100585
7626,98674
7022,98875
9599,99209
8817,99641
7472,98823
12767,101066
8573,99182
15214,100619
33773,107543
13855,100577
85240,121253
31235,106601
30017,106027
453470,207693
103437,126486
1738276,481981
2160118,598981
430394,214613
7986,100410
7862,104831
7221,103407
9457,99456
8635,98633
7533,97752
12505,99626
9257,97933
10096,98808
33803,105878
13119,98891
86289,120005
31214,103968
29755,104035
453793,205836
102288,125006
1764094,482545
2155352,604844
419926,216088
8131,100978
7998,99673
7629,98269
9421,99508
9215,98730
7079,98674
13191,99695
9555,99191
11115,99165
33682,106869
13621,99832
86490,120068
31266,104499
30005,105695
453478,206616
103520,125542
1769116,493317
2157491,597277
411355,213433
8318,100532
7926,99028
7289,97976
10085,99044
8632,98467
7560,98846
12554,99548
9794,99821
15243,101259
33985,106939
13279,100556
87237,119773
31629,105891
30216,105033
459207,205128
101982,126384
1771237,482790
2156718,602701
422897,216178
8539,101218
7742,99714
6445,99326
9237,100070
8561,98436
6910,98453
12518,99919
9287,98745
9955,99314
33807,106582
13428,100011
85963,119874
31470,104858
29394,104532
461439,207120
102676,126802
1755737,486094
2160741,611779
431216,216040
8032,100189
8082,98060
7443,98063
9054,98999
8767,98850
7196,97955
12514,99584
9063,97735
10387,98644
33786,106909
14084,99106
85451,120313
32098,104235
30096,104749
456171,205303
103605,124417
1758918,481542
2148726,599061
416136,216272
8976,101752
8143,99323
7464,98612
9553,99095
8780,97221
7673,98460
13236,99780
9677,98973
14912,100458
33820,106517
13503,99113
86102,120226
32122,105221
29673,105990
458870,205092
102160,125584
1772326,499896
2177191,605794
419983,216430
8340,100461
8429,99102
6742,99243
9458,99210
8654,98451
7173,99304
12480,99764
9356,98492
10621,99373
33953,106435
13031,98662
85932,119766
31157,105839
30081,105578
456731,205404
102162,125609
1766831,481292
2159252,602222
422216,214513
8600,99595
8161,99519
7008,98769
9440,99842
8917,99840
7381,98457
17551,100516
9436,99056
10392,99172
33769,112283
13843,99555
86176,119692
30988,109275
30114,105323
461010,206451
102503,132897
1769763,483719
2152638,607477
413196,213350
8009,100547
8194,97888
7361,97852
9436,97484
8887,98502
7050,97045
12667,100265
9376,98673
14840,99813
34371,105739
13826,99070
86455,120529
31473,104911
29244,104538
454795,204123
102396,126062
1778852,486303
2158822,603537
417990,215280
8223,101243
8292,98759
6653,97918
9200,99127
8112,98709
7107,97871
12478,99822
9296,97838
9948,99731
33731,106287
13341,99984
86073,121251
30977,105069
29902,105298
454138,204933
102836,126698
1775249,479475
2175523,605754
421336,218055
8087,100120
8309,100077
7658,99235
9259,99828
8977,100049
7329,98648
12768,100509
9731,99527
10438,99005
33868,106569
13911,99882
86356,120406
31670,105499
29994,103995
456468,204663
102320,125522
1765066,484303
2172695,601241
415311,215107
8393,100103
7702,99086
7498,94595
9420,98823
14894,98598
7836,97582
13525,100052
9849,99579
15521,100762
34245,106072
13542,99030
87760,120655
31868,104896
30116,104493
459107,214262
102268,126023
1790450,487291
2184363,598758
424435,216267
8036,102074
8060,101960
6818,99098
9526,100243
8532,98861
6866,98454
12513,100858
9414,99429
10507,99240
34809,107823
13640,100094
88302,121055
31132,105937
30809,105086
458407,206386
103878,125430
1780032,492179
2180856,601537
422721,218302
8705,101824
8373,99462
7257,98292
9628,98599
8814,98366
7358,97984
12450,99599
9059,98597
10444,98967
34211,106174
13880,100707
86829,119981
31572,104676
30425,105358
461013,205714
104264,126632
1779200,485168
2189318,605980
419006,216239
7991,100287
8171,98889
6962,98166
9196,99208
8585,99286
7632,98893
12915,100164
9844,98898
15680,101417
34808,106879
13926,98156
87713,120067
31950,104859
30664,111470
459465,205577
103027,125958
1783356,485745
2172130,612632
434851,215909
8054,100867
7493,104282
7024,102153
9373,91551
8637,97417
7344,97049
13451,99616
9360,97781
9908,98032
33650,106040
13441,98584
86733,119108
32017,104459
29970,104386
459816,205402
104147,123777
1799912,487328
2167472,604159
427329,216201
8309,99553
8356,98486
6524,97933
9977,98372
9126,99535
7889,98304
13232,100713
9252,99160
10605,99232
34230,107191
14127,99914
87431,119655
31588,105334
30923,105892
461323,205514
103376,125106
1782250,500125
2176179,609207
416719,216789
8143,101536
8321,98273
6971,98611
9688,98297
8587,98747
7172,98600
12801,99626
9274,99023
15470,99975
34752,105917
13610,99110
88022,120190
31779,105085
29722,104584
462390,206315
103455,125670
1781711,488126
2185723,604300
423519,216345
8429,101088
8307,98087
6828,97945
9338,98665
9175,97994
6991,97445
12895,104938
9506,97359
10568,98487
34416,111304
13224,97651
86724,119491
31244,104468
30767,104448
466287,206999
103627,125097
1778897,482569
2177462,606617
425507,215166
8372,99945
8238,97766
6794,97698
8865,99554
8670,98640
7547,97543
12574,99210
9177,98068
10373,97946
34376,106401
13583,100214
86161,120808
31995,105621
30632,105294
462500,207021
104264,124594
1796816,489345
2159525,602389
419193,217309
8591,101466
8280,98638
7561,98390
9751,99417
8901,99771
7855,97930
13586,101632
9810,99514
15510,101771
35189,106995
13730,99752
87728,119958
31562,105488
30837,105191
460355,205615
103959,127323
1780076,489146
2187117,600046
425185,217185
8734,101042
7416,98816
6799,98956
9532,99820
8438,97593
6995,97322
12643,99756
9568,98874
9907,99906
34220,107415
13707,99340
85968,119883
31113,105201
30027,105188
460576,206773
104013,128109
1763323,481316
2158972,618291
435352,216981
7699,108062
8382,98060
7093,98461
9571,98601
8617,97967
7299,96822
13177,99682
9287,98642
10385,99115
33720,106277
13455,99494
86348,119780
31432,104136
30157,104618
461876,204871
103165,124996
1788535,489295
2163112,603460
417445,215224
8552,100965
8060,99407
7090,98686
9161,99907
9023,98724
7464,98666
13115,99832
9763,98736
15150,100213
34149,107875
14075,99865
87134,120267
31302,105206
30639,105008
460979,205334
103920,125682
1791467,484706
2180641,611124
427065,215682
9010,101620
7891,100764
6675,98223
9279,99602
8584,98470
6923,97633
13004,100406
9666,98681
10317,99239
34087,107605
13607,98813
87125,121245
31781,105540
30427,105980
461378,205287
103063,127180
1781829,488404
2182688,612693
423649,217032
8123,100718
8643,100420
7103,98777
9489,99448
9052,98478
7815,97849
13147,101339
9629,98997
10893,99127
33795,107802
14006,100208
86658,119964
32088,104412
31577,104992
456589,206145
103811,126224
1772995,490875
2176391,598224
416222,213195
7925,100497
8469,98971
7473,99519
9236,99327
9235,99077
7254,97375
13063,99400
9784,102931
15069,100386
34770,111541
13739,99909
87195,121455
31520,105506
30317,105083
465990,207367
104514,132045
1775073,490609
2175571,619136
422202,220860
8208,101083
8039,99387
7191,98686
9715,98701
8318,97803
7413,98384
13598,100070
9166,99223
10237,99657
34549,106687
13692,99692
87564,120281
31359,104145
30222,105273
456383,204889
104403,127573
1776713,490711
2163766,600591
422185,217016
8568,101314
9185,99125
8039,99553
9611,99277
8955,98791
7570,98272
13144,100166
9453,98377
10852,99890
34574,106376
13506,100056
87063,121004
32000,105695
30822,104831
461653,205751
103488,125972
1779595,498629
2178095,612932
419350,214902
9131,100532
8230,98668
7954,98329
9165,99675
9070,99531
7386,98948
13430,100672
9903,99632
15317,102711
34668,106930
13915,101001
87349,120173
32026,105398
30155,105417
459268,205347
103357,126835
1773068,488752
2175079,607004
423843,216348
8447,102945
8306,98849
7050,99124
9680,100245
9264,99566
7131,97634
12669,100866
10148,99922
10530,100108
34376,106573
13449,99712
87066,121786
31799,105905
30188,105860
460577,206111
103182,127104
1768541,483639
2189974,603857
426820,218258
8154,100463
8252,98929
7253,98526
8984,98156
9248,99477
7655,97771
12970,99777
9620,98450
10733,98915
33640,107409
13951,99835
86785,119790
32153,105148
30642,104350
462567,207633
104030,126971
1794089,486362
2171540,614757
421854,216226
7837,100425
8701,98809
7927,98960
10001,99198
8895,98431
7572,97811
13055,99475
10042,98099
15363,101706
34781,107076
14069,100800
87899,121250
31484,106258
30080,106266
457186,205530
102801,125999
1775219,489447
2176356,601961
427340,216786
8637,102096
7884,99508
6587,98315
9682,99086
8777,99612
7331,97858
12474,99860
9591,98922
10742,98865
34280,97578
13952,99842
87729,119900
31592,104554
30661,105001
460887,204705
103187,125515
1769008,499685
2172407,603871
421996,215070
9198,98771
8542,98805
7436,97314
9298,99856
8808,98414
8112,98270
12884,100137
9570,98466
10250,98647
34311,105828
13905,100336
87165,120894
32347,104372
30651,104054
458739,204984
103940,125211
1777110,482760
2166802,605691
418707,216156
8571,100832
8353,100050
7446,99868
9640,98418
9057,98011
7797,98212
12950,99250
9343,98430
15345,100631
34905,106071
14571,99541
88286,120119
32595,105287
29279,104648
459448,206556
103615,125864
1766443,486862
2163937,608255
436161,216574
8107,108287
8839,98668
6811,97945
9518,98934
8667,97174
7638,98534
12808,99671
9722,98046
10174,98354
34537,105996
13789,99517
86919,119854
31375,104849
30283,104105
460539,205355
103665,126220
1775338,483764
2182258,607375
419503,216433
8955,101329
8687,100139
7147,98602
9918,99287
9000,98485
7628,98168
12964,99240
9078,98439
10985,98784
33586,106763
14765,100473
86504,120216
31894,105317
30379,105061
459226,206410
104283,125792
1784893,496966
2167608,600691
418152,215839
8976,100269
8352,98776
7790,98436
9913,99577
8716,98329
7718,97443
12438,100225
9820,99474
14779,101798
34459,106356
13547,98574
87050,120197
31856,106848
30060,105226
458798,205117
103987,125283
1792826,483296
2177274,599664
422399,217138
8507,99880
8396,99431
7056,98045
9919,98547
9162,97821
7388,98579
12814,99593
9949,98380
10145,99278
34262,106111
13461,99656
86159,120655
31813,105438
30291,105501
461499,206922
103962,126926
1773156,491352
2169863,606254
421407,218273
8028,99950
8246,99223
7294,98988
8949,98307
8892,98421
7594,96992
12863,99688
9351,98464
10457,99318
33883,106190
14117,100140
87138,120616
31594,104789
30691,104872
457689,205983
103437,124834
1783430,490565
2161108,602471
419013,216454
8152,100599
7734,99406
7229,98941
9757,100036
8652,98666
7462,98868
12636,100531
9501,98705
15127,100741
34472,107797
13350,99743
87832,119329
32012,106941
29569,105517
459824,206552
103202,126281
1770484,485948
2170916,599617
425683,215655
8327,100410
8476,98770
6681,98518
9372,99826
8640,99083
6822,98159
12144,100933
9523,98945
10152,100038
34058,107174
13520,99911
87178,119391
31789,105601
30482,104789
462371,206169
103164,125787
1777302,485920
2186653,600702
421775,218794
8737,102159
9251,99525
6618,99055
8908,100367
8815,98507
7341,98759
12634,99941
9422,99163
10857,98959
34211,106783
14108,100722
86218,120805
31584,105320
30825,106124
461032,207916
104545,126295
1768672,485306
2160705,599953
420089,218143
8938,102288
8735,100939
7327,98820
9660,99513
9305,97980
7216,97918
13257,100092
10297,99254
15360,100676
34814,106362
13520,101394
87611,120471
32627,105590
30137,104724
457190,214555
103383,127616
1783587,486392
2164190,596681
420322,217191
8174,102994
8143,98836
6681,99477
9258,100057
8357,98122
7206,97840
12615,99910
9692,98322
10564,98175
34790,106395
13763,99485
87830,119872
31407,104687
30584,105279
460262,205778
103828,124297
1771387,489874
2171160,603652
424266,217435
8449,100511
8229,100377
7013,99358
8805,99706
8927,100816
7315,98591
12704,101778
8995,99364
10463,99933
33497,106482
14497,100366
86403,120028
31733,104420
30573,105902
460883,206834
103822,125832
1781336,491256
2175268,606483
417779,215515
7892,101582
7733,100021
8442,98717
9220,99095
8644,99508
7640,98687
13531,101549
10379,99404
15621,100490
35085,106965
13495,100703
87464,120658
31091,106220
29378,106203
461339,207040
103354,125336
1776206,490383
2177582,602093
425952,218042
8431,100998
7789,100130
6907,99053
9416,99797
8198,99203
7148,98273
12417,100201
9601,98140
10070,98797
34330,107053
14082,99250
86254,120598
31139,105024
30540,104971
460161,212119
102584,126596
1772397,488159
2162193,604079
423136,216444
8467,103436
7999,99575
7764,99252
9226,100531
9572,98975
7729,98281
13017,100476
9478,99721
11300,100886
33701,107572
13875,99799
87082,121243
31689,105841
30393,105782
454810,206924
103951,127592
1796614,485985
2153128,608729
418970,216083
8043,100400
8142,99571
7022,99676
9090,99962
8448,99758
6690,97796
13002,100099
9905,98445
15351,100940
34639,107449
14103,100808
87235,120915
32119,106156
29697,105535
464750,208315
103170,126398
1778663,493631
2179858,605509
423908,216985
8495,102214
8496,100313
6904,98848
9067,100322
8890,98835
7593,97954
12929,101152
9388,99862
10779,99661
34294,106107
13447,100617
88000,120776
31622,105400
30582,105110
458686,208197
103804,127911
1770896,483566
2174763,604077
422154,216667
8753,101199
8820,100192
7580,98835
9956,99168
9216,99227
7630,98127
13472,100226
9905,98194
10981,99640
34611,107690
13883,100050
86560,120691
31564,104282
30266,104827
459368,207012
103919,126053
1784694,484968
2175236,601313
419168,216081
8583,102096
8206,99072
7769,99498
9713,99803
9155,98948
7397,98219
13353,101673
9783,99116
15301,101042
34271,106798
14412,100875
87710,121060
31623,105963
29859,105550
459019,204808
102968,127113
1784223,499452
2182421,606499
422508,216007
8797,99234
8280,99073
7054,97877
9772,98737
8863,97822
7501,98594
12609,100023
10042,97641
10430,99916
34337,106081
13582,99873
86907,119294
31699,105203
30577,104947
460667,205825
103209,125646
1783404,488533
2189767,609954
420673,216405
8954,100883
8874,98941
7945,98253
9377,98791
9075,99366
7294,98710
12845,101002
9844,99203
10473,100110
34192,108261
13733,105606
86052,126641
36756,106281
30191,105205
469320,205259
109234,127548
1787933,485141
2173353,612376
419451,223482
7616,100572
8676,99275
7929,98433
9791,100010
8972,99791
7297,97614
13075,99893
10135,98460
15235,101258
34179,106324
13605,98719
87877,120933
31726,106281
29954,105504
460598,206590
103320,125799
1778570,493140
2174469,597831
425433,215510
8741,100082
8242,98775
6706,98883
9724,99099
8605,98552
7025,98364
13215,99972
9179,98476
16218,99781
29354,105866
13495,99511
87636,119904
30876,104977
31833,105243
458717,205494
103694,126747
1784419,488407
2196614,603369
416089,213347
8155,100766
7700,98992
7094,98786
9608,100212
8558,99058
7525,97729
12818,100825
8788,99880
15294,102400
33898,107964
13868,99115
86907,123044
30896,105898
30355,105360
458462,206893
104733,127441
1781766,487287
2201142,599911
417414,216625
8289,100159
8655,99485
7249,99151
9744,99938
8908,99531
7496,97560
12971,100259
9081,98723
15407,101056
34250,106416
13010,99997
87195,120476
30997,105300
30567,105126
456850,213038
104917,125840
1785621,495563
2175859,611720
418766,216046
8796,100170
8222,97944
7032,98078
9661,99867
9196,99085
7399,97821
13318,100150
8874,98653
15518,100602
34576,106779
13796,100830
87041,121275
30339,105806
30858,105129
461045,206326
104385,125825
1771713,495042
2190199,606450
417780,215317
8434,101119
7842,99392
7743,99583
9949,99506
9019,99529
7369,98890
12954,100852
8973,99580
15829,101317
34942,107494
13388,100848
86878,121941
30252,105173
30329,106223
457460,207778
103811,126012
1771071,489556
2200334,601332
417964,216247
8656,100136
7721,99117
7390,98539
9918,98974
8788,98788
7547,98387
12845,99816
8759,91805
15425,101416
34691,107649
13114,99513
87030,121088
30513,104366
30902,103884
463302,206760
105014,125690
1771909,488846
2173469,612819
428197,216181
7767,107431
6800,98220
7024,97879
9556,99320
8670,98175
7016,98686
12355,100489
8688,98392
15167,100755
34313,106485
13198,99403
86738,120182
30514,105292
30835,104390
460001,205788
103433,125329
1784463,486300
2167479,603722
417336,215574
8247,100170
7125,99303
7095,99109
9816,99933
8647,98899
7410,98842
13215,101024
9009,98480
15736,101217
34103,106797
13261,100145
86601,122316
30543,104395
30764,105579
459886,207040
103933,125973
1781368,501260
2185569,602758
416505,216688
8426,101239
8070,98728
7061,98345
9231,99217
8765,97908
7088,98535
12660,100057
8692,98976
15088,101235
34438,106948
13658,100452
86912,120570
30762,105637
30770,105776
458090,207393
104993,126744
1773122,489859
2181954,604160
413402,215717
8196,100604
7696,99778
7381,99731
9574,104362
9627,99877
7423,98700
12925,100291
9389,98336
15132,101295
34580,106819
13902,99534
87708,120676
30648,104454
30895,105329
459422,212703
104343,126764
1784075,493868
2186034,607404
417307,213869
9320,99010
7597,98222
7309,97807
9638,98814
9479,97760
7100,97375
13604,100704
8846,99143
15284,100011
33983,107274
13124,99291
86908,121323
30526,104794
31199,104633
460335,206385
104086,126283
1771780,485464
2172113,605982
418416,214376
8071,101067
7597,98831
7114,98899
9929,99771
9542,100549
7330,98704
12742,100340
8898,98656
15385,102127
34570,107820
13038,99861
86965,120941
30357,106698
30493,105242
458397,205915
103819,126720
1773825,487671
2171828,606593
419820,216217
7853,100900
7654,98781
7334,99480
9532,100670
8827,99440
7362,97714
12999,101364
9046,100583
15136,107934
34712,108040
13567,101213
93248,122054
30926,105398
30561,105142
468421,205955
104033,128459
1778137,486239
2164723,616150
415452,222570
8295,100791
7296,99738
6787,98962
9932,99942
9298,98874
7330,98631
12948,100184
9423,99237
15654,101224
34244,107698
13253,101232
87506,122076
30671,104840
30456,105684
460981,207861
104770,125885
1786187,487681
2155998,600722
417531,214946
9102,100535
8079,100188
6722,100791
10091,99777
9857,98765
7643,99201
12973,101132
8838,99338
15210,101367
34729,107062
13039,100906
88078,122256
31189,105785
30821,105204
461873,207659
104866,127329
1780591,485293
2183698,612007
415380,217023
8625,101510
7872,98699
7234,99521
9726,99550
9023,99106
7559,98799
13193,101157
9330,98657
15223,101168
34644,107362
13438,99639
87343,122339
30959,104998
30621,104892
460509,205714
104274,125965
1765445,489693
2183654,609623
417119,214299
8401,101349
7980,98778
6528,99104
9226,99617
8731,99348
7722,98113
12356,100850
9042,99435
15018,106554
34765,107332
14048,89451
92548,121385
30848,106340
30499,104472
455026,207346
104228,127527
1745414,489772
2175817,608876
432275,217007
7567,101261
6843,105631
6864,104378
10095,98378
9166,90877
8024,98197
13014,100083
9525,98850
15369,102629
34146,106745
13348,99670
87284,120860
30735,104719
30417,104145
460871,212988
104454,125568
1764077,488858
2164912,596505
423381,217435
8375,101506
7620,99048
6557,98621
10395,99323
9105,99894
7890,99363
13058,100434
9005,98646
15065,100568
34176,107466
14155,100057
86905,121137
30457,104499
30593,105822
458874,208367
103837,125541
1768208,492387
2172674,605482
417800,215044
9314,99934
7537,99192
7437,98506
10211,99604
9058,99122
7270,98206
12736,100209
8942,99117
15295,101195
34774,107161
13417,98978
87571,122388
30780,105828
30320,105376
459357,207150
103860,125080
1771638,491554
2170572,607012
418869,214367
7883,101670
7893,99091
7524,99378
9732,100207
9321,98433
7323,96789
13217,100580
9036,99514
15137,100840
34691,106417
13607,99404
87762,121680
30824,105388
30737,105055
458385,206745
103337,126645
1765901,501933
2192752,609234
418333,214140
8402,99903
8221,98800
7406,99544
10366,100192
9401,98867
7582,98858
13223,100600
8811,99819
15590,102010
34937,107078
13478,100104
86841,121607
30943,106113
30530,102239
461470,207817
104553,126928
1749811,494060
2176060,609380
421156,214282
8572,100660
7319,99460
7253,99452
9522,99644
9024,100256
7588,98562
12648,100495
9215,99890
15539,100924
34624,107116
13378,99263
86150,121582
30118,105158
30858,105127
456349,207178
104540,126018
1761237,490581
2185059,608103
416231,217106
8156,100298
7204,100008
7316,99568
9699,100558
8386,100292
7527,99714
12939,101043
9259,99775
15016,107274
34382,108123
13080,99683
86821,122161
31002,105621
30653,105238
459795,206743
103207,126962
1763067,490378
2186899,610800
432250,215304
8733,101297
8108,98918
7482,98946
10120,99477
9084,105107
7416,98374
13273,100843
8729,99568
15305,100428
35088,106559
13667,99363
86525,121446
30630,104796
30632,104906
462191,205973
104281,125355
1765317,488260
2173628,612592
418593,221096
8104,98894
7752,97106
7307,97436
10246,99123
8907,99120
7830,97362
12703,99061
9350,98299
15340,100597
33659,106315
13268,98969
86600,120421
30141,104117
30594,104155
458583,204753
103854,124570
1759124,487362
2167780,605819
421100,213886
8172,100340
7435,99008
7024,98815
9101,98939
9121,98020
7300,97779
13822,99909
9069,99444
16206,100913
34968,106666
13311,98815
87797,121021
30307,104683
30708,105110
458565,206725
104260,125548
1764521,488089
2163864,595962
418298,214997
8664,99851
7662,98986
7172,99353
9530,99065
9457,98344
7354,97639
12655,100218
8991,98373
15310,101721
34005,106732
13374,99425
86820,121131
30608,105036
30637,105055
456210,205916
102998,126379
1763866,489288
2184149,608300
414759,218063
9157,101673
7243,99674
6945,99653
9571,99438
9166,100644
7643,100030
12647,100051
9260,99383
15456,101115
34470,107378
13360,99837
87120,121441
30935,105577
30681,105247
457538,206437
104701,126784
1768553,488569
2168323,600519
416822,217958
8960,101806
7897,99033
6975,99406
9771,99996
9156,99134
7389,98394
12362,100929
9320,99288
15508,100370
34362,106866
13437,99372
86690,120740
30761,104290
30586,104933
458246,205289
104417,125484
1758531,489297
2185616,602804
417147,217003
8925,101248
8386,98481
7697,99516
10009,99343
9953,98293
7920,98156
12998,99738
9245,98434
15917,100369
35511,106452
14416,99809
87930,119582
30607,105524
30957,104679
461167,204971
105066,126897
1765421,486048
2166053,620178
420094,225034
8013,99910
7414,98535
7350,98079
9253,99545
9526,99011
7222,97274
12299,100661
8973,98388
15794,100747
34599,106903
13247,98925
87121,119917
30932,105093
30842,103836
458302,204311
102959,125047
1767835,488568
2169650,603695
417536,215020
9495,100382
7786,98130
7080,98972
10818,99311
8888,98692
7632,98299
12629,99986
9231,98186
15078,100815
34868,106790
13605,100175
86961,121431
30522,104853
31392,104745
454086,205363
103926,125186
1771618,499691
2167482,600936
419204,217522
8205,101535
7267,98596
7164,99400
9641,100578
8659,98904
7423,99272
12438,101601
9217,99179
15290,100976
34354,106571
13176,99110
86790,120187
30469,106353
30252,105596
459443,206090
103449,126554
1771209,485719
2173307,606302
416017,216134
8038,100896
7654,98783
7189,97642
9564,100254
8886,99118
7408,98513
12358,100395
9303,98642
15482,100200
34843,107538
14094,99455
88430,121085
30967,105270
30735,105400
456482,204874
104627,126051
1765898,489588
2171726,602056
417281,216236
8264,102794
7822,98779
6949,99017
9625,99202
9031,97847
7152,98087
12567,100182
8877,99029
15224,93712
34435,107839
13452,100179
86691,128602
35268,105186
30328,104949
465376,205343
110412,127818
1762807,494468
2175724,609621
423995,218116
8307,101809
7649,99152
6840,98572
9765,100378
9522,98799
7492,97994
12921,100256
9239,99486
15133,102572
34121,107577
13699,100171
86865,121547
30618,106362
31137,105944
462040,205730
103299,128154
1768728,489190
2169403,605162
415126,217448
8151,101369
7616,98589
6757,99497
10203,99478
8871,99075
7721,99042
13148,102010
9349,99879
15372,101813
34904,106467
13498,99678
86858,121327
30750,105345
31137,105269
455082,205661
104818,125529
1765354,498033
2170748,607611
418659,216025
8511,100431
7452,98774
6997,98552
9271,100502
8861,98432
7515,98216
13306,100417
8904,98823
15037,101306
34429,107878
13659,101285
87036,120739
30857,104830
30822,105341
458076,205592
105628,126851
1772921,489773
2170704,602901
417648,215325
8534,101242
7457,99944
7462,99122
9410,99593
8721,98268
7020,98526
12974,100647
8842,98438
15412,101249
34329,106732
13498,100233
92243,121009
30791,105706
30576,106432
465421,206822
104546,126850
1764807,481171
2171520,614495
427470,216384
8645,100246
8269,98238
7284,99119
10172,99700
9465,99111
8187,98889
13238,100915
9441,99542
15491,101080
35738,106523
14246,99043
87515,120844
31215,104034
31342,105815
457812,205867
105491,125539
1767605,492495
2168449,603532
415896,214813
8697,99310
8523,98159
7536,98774
9966,99349
9245,98572
7767,98651
13268,99474
9775,98128
15504,100610
34734,106669
14172,99450
87965,121512
30800,105370
30828,104415
459240,205905
103526,124880
1767821,497798
2177467,604180
418078,214839
8180,99894
8239,98293
7395,98387
10072,99338
9315,99500
7455,97860
12635,100513
8946,99065
15763,101027
34423,106913
13629,99436
86710,120329
31528,105249
30307,105414
460567,206938
104211,126058
1775439,489527
2167325,610630
422789,219330
8567,100841
8656,98940
6893,98515
10169,99594
8684,98976
7255,98185
13195,101783
9387,98336
9800,99230
34285,106658
13598,100322
86554,120495
31598,105282
30639,104900
464414,207627
103689,128321
1770699,482979
2165799,610777
435923,220119
8061,108592
7928,97591
7044,97361
9614,98873
8829,98295
7626,97149
12786,98752
9400,97874
10939,98103
34294,105894
13479,99457
86547,120899
31411,104357
30584,104580
460709,205746
103767,124664
1784266,487980
2173606,607528
418190,216426
9077,100283
8691,100339
7026,98350
10072,98902
8649,97733
7595,97227
12936,98962
9226,98086
14946,100450
34416,106194
14029,100013
87630,119860
31702,105308
29581,105382
460097,205574
103754,125712
1774823,494185
2177415,604386
421927,216350
8277,100818
8541,99306
7759,97894
10009,99387
8650,99757
6856,97262
12769,99147
9668,98134
10092,98277
34603,106482
13857,98928
87747,119481
31104,104619
30153,104176
462930,207599
103470,125758
1775856,488433
2177791,600522
425877,216551
8647,100030
9140,99742
7143,99011
10502,98662
8866,98888
7466,99291
12718,99125
9664,99207
11368,99267
34165,107551
14144,100928
86305,119570
31743,104804
30201,105357
464255,207204
104420,126407
1774543,484039
2172779,606777
431039,214861
8535,107666
8510,99482
7647,98863
10103,99330
8548,98808
7884,97958
12881,99060
10259,98796
15407,100423
34595,106432
14041,98964
87734,120483
31751,104572
30266,105185
463076,205590
103351,125324
1800658,490943
2167314,601271
427845,218214
8571,98504
8411,98833
6497,98457
9963,99307
8366,99558
7157,99283
13225,100934
9451,99028
10097,98747
34704,106440
13506,99488
86817,120420
31500,106247
30004,104894
463543,206045
103357,125078
1788971,496229
2188943,611238
426283,216560
8805,101223
8830,99732
7175,98402
9275,99324
9539,98190
8085,97903
12464,101012
9341,98374
10623,98865
33514,106479
14761,100504
87092,119938
32087,104149
30627,105171
461121,205620
103681,127119
1778283,486106
2181502,607559
420938,216063
8611,101162
7889,100521
6989,98278
9641,99859
8400,98014
7421,98258
13190,100309
9746,98874
14983,100554
40951,106995
13544,99629
88156,120848
31774,111667
29730,97652
466496,206202
103157,131395
1785797,490873
2169361,615111
424279,225361
8295,101491
7419,98858
6723,99437
9210,99439
8451,97979
7337,97706
12903,99604
9396,98144
10091,98152
34896,106625
13370,99511
86713,119349
31502,104808
30542,105025
459774,207349
102866,126378
1789961,486211
2174306,596667
420543,218772
8225,99842
9080,99474
7021,98681
8913,99698
8598,97991
7493,97498
13370,99981
9031,98646
10569,98807
34359,106608
14069,99438
87253,120393
31411,105261
30653,105379
465383,205412
103644,126323
1790677,482678
2208364,605428
419344,216287
7528,101090
7627,99548
6902,99562
9321,99707
8483,98446
7753,97746
12957,100582
9754,99165
15437,100065
34856,100327
14334,99780
87383,120107
31932,105731
30054,105801
461452,204807
103389,126095
1774035,492723
2186152,612801
421120,214011
8442,100395
7966,99494
6994,98418
9791,99826
14254,99946
6995,98525
13081,99369
9443,98462
10212,98390
34204,106651
13491,99671
86858,120051
31257,105351
30724,105658
458116,213235
102670,126537
1769228,489000
2174879,606517
422575,215641
8339,102069
8120,98596
7684,98401
9155,99978
8702,98955
7420,98044
12922,98966
9519,99282
10249,97986
34247,107429
14108,99532
87499,119896
31743,104546
30426,104731
463483,205577
103523,126722
1797271,487095
2167411,602971
417001,216326
7456,100841
7761,100116
7615,99691
9344,99603
8807,99593
7342,98063
12827,101853
9877,99747
15330,101905
35098,106729
13598,100344
87305,121255
31796,105414
29914,105301
461803,205968
103573,125645
1788366,486305
2192735,601027
422189,216238
8332,100253
8805,98830
7563,98523
9559,99392
8800,98110
7638,98538
13769,99646
9471,98113
10200,100091
34275,107804
14163,99797
86235,120111
31207,104982
30309,111133
460187,206375
103243,125505
1767623,487328
2193109,602716
432757,215499
8308,100417
8328,104601
7313,103145
9204,98553
8951,97604
7602,97062
13399,99086
9693,97924
10627,98755
34008,104766
13938,99812
86983,120646
31222,105234
30824,104931
460683,206053
104428,126366
1790257,483980
2179513,598641
418589,216637
8432,100224
8672,98276
7317,98534
9644,100002
9097,98402
7425,98110
13215,100676
9967,98959
15056,100847
34956,106275
14503,99019
87871,120251
31718,105283
30505,104574
461250,207640
103303,126213
1789558,499701
2174324,604033
424692,216991
8401,100451
7953,99205
6742,98440
9719,98746
8882,98518
7280,98485
13349,101208
9759,97724
10162,98843
34502,107007
13681,99557
86407,120421
31385,105055
30206,104396
461508,204409
103131,127099
1769320,485537
2186944,602008
422046,217026
8105,100517
8309,100839
7044,99133
9151,99614
8872,98931
7321,99208
12483,106345
9540,99796
10345,99764
34243,112866
13247,99928
86416,120374
31681,104332
30169,105351
460857,206602
103934,126115
1787619,484171
2162894,618387
419130,215668
8731,101738
8085,99706
7052,98819
9713,99994
8204,98837
7453,97985
12570,100692
9582,99726
15024,100523
35103,106869
13553,100321
86863,120798
32005,105755
29636,104317
461048,205870
102691,125857
1796343,487806
2171448,604251
424699,215722
8558,100019
7885,99080
7221,97557
9006,99134
8453,98455
7102,97025
12532,99074
9006,98505
10365,98182
34021,106853
13812,99255
86974,120373
31498,104146
30589,104241
457376,207340
103959,124559
1787292,488551
2194540,602874
421622,218181
9208,99984
8661,99277
7071,99125
9845,99840
8573,98916
7577,98577
13024,100859
9476,98958
10628,99865
34304,107469
13543,99935
86958,121802
31642,106126
30036,112048
459223,207100
103304,127407
1776691,489026
2164878,617572
431222,214912
8124,99078
8034,97687
7193,97918
9356,97782
8195,98663
7415,97174
12733,99674
9496,98147
15068,99173
34236,105851
13970,95546
88105,111513
32063,104958
30715,104869
456556,206064
103393,125819
1782894,489696
2162293,608256
423583,214832
8366,99793
8187,98701
7079,98492
9984,99760
9242,99273
7462,98021
12768,100065
9376,98494
9997,97317
34100,106841
13712,98590
86320,120244
31378,105737
30125,104183
463503,205797
102945,126314
1769829,485151
2173163,607958
424533,216299
9035,101700
9346,100466
7164,98564
9284,100096
8888,98803
7618,97728
13074,101637
9567,98515
10565,100081
34043,107867
13577,99050
86555,119913
31740,105016
30176,104516
464366,206113
103632,125618
1787027,487871
2196668,608082
418187,216339
8548,102195
8616,98961
7869,98742
9420,99324
9321,99337
7577,98542
12680,99032
9240,98565
15053,100715
34534,106317
13461,100073
88053,120486
32420,105810
29907,104786
462287,214419
102476,126155
1787393,492118
2174000,605842
425035,215865
8495,101678
8528,100476
6972,98759
9411,99519
8324,99788
7267,98813
13360,101077
9863,98677
10185,100345
34574,108394
13209,100193
86852,121575
31254,104670
30388,105326
458595,207197
103502,125111
1769349,494229
2179119,602385
424468,215637
8583,99635
9345,98679
7681,98621
9223,99125
9098,99205
7849,98321
13454,99829
9247,98436
11481,98588
34280,106178
13744,99240
86417,119923
31374,104140
30984,104124
460729,206343
105243,124997
1790123,489540
2183967,605944
416910,216350
8487,100962
8234,99590
7564,98893
9601,100186
8565,98596
8237,98900
12821,100208
9858,98924
14883,101731
35395,106903
13737,104529
87353,125700
31667,110100
29992,105207
465135,206431
103358,131577
1779870,486701
2172787,613872
426148,225725
7840,101631
8406,99118
6625,98424
9022,98615
9366,98645
6966,98600
12971,100286
9220,97891
10040,98395
34509,106467
13067,99681
86153,120252
30809,104323
30271,105137
461231,204910
103054,127612
1784921,488482
2163980,611977
423211,215033
7852,101099
9765,99373
7697,98311
9416,99003
9037,98155
7595,98432
12652,99965
9641,98825
10651,99339
34322,107184
13978,100211
87434,120500
31979,105103
29981,104309
459255,205367
104449,126082
1780476,493754
2181795,604245
418868,216863
8212,100754
8503,99173
7436,98313
9702,99568
8419,97968
7264,97750
12872,99706
9604,99770
15238,101087
34862,107300
13526,99069
87343,120576
32238,105340
30166,104230
461487,204738
102856,126039
1773992,489731
2180051,610393
424800,216296
8584,100136
7853,98858
7019,97723
9726,100848
8636,98893
6836,97682
12871,100026
8743,98745
10268,99098
33491,106469
13884,99287
86739,121175
31470,104284
29959,105441
456535,206700
103270,126758
1768219,488159
2174319,613028
423772,215765
8044,100411
8123,99556
6934,98196
9245,99187
8721,98558
7306,97546
12571,100099
9342,98946
10322,99292
33907,106616
13547,99963
85767,121228
31515,106224
30328,109856
461566,206727
104866,126262
1764526,491125
2188174,612640
415084,216645
8139,102250
7448,99923
7436,99281
9145,99091
7924,98532
7636,97917
12689,99956
9642,102873
15130,99988
34654,105823
13657,99071
86681,119857
31207,104213
29896,104590
461645,206379
102749,132405
1770856,490065
2171568,618237
425733,219269
8685,99637
8207,99357
6884,97065
9135,98672
8251,98208
6792,97511
13069,100302
9156,98552
10020,99262
34277,106053
13771,98197
87499,120699
31569,104347
30382,105524
457024,204300
102936,125374
1771319,486325
2169571,609488
427304,216022
8875,100392
8347,98969
8504,98389
9324,98047
8751,98784
7721,97941
12934,100193
10188,98581
10374,98271
33982,105593
13661,98843
86858,120147
32472,104981
30473,104874
458615,205552
104415,127028
1784365,486965
2163429,605555
420747,216618
7915,101354
8577,98712
7953,99348
9905,98330
8625,98440
7679,97580
12458,100081
10014,99042
15312,101295
34901,106675
13697,99697
87911,121663
31663,105456
29903,104562
458704,204553
102698,126232
1769090,500016
2180662,602066
424566,216219
8524,99958
8504,98926
7242,98523
9632,98184
8769,99113
7127,97962
13457,101408
9302,98539
10446,99504
34602,106820
13419,98803
87274,120833
31350,105317
30051,105161
458206,206540
103218,126384
1763633,483988
2169582,613687
422467,215870
9049,100292
9677,98363
7712,97512
9787,98488
9241,98421
7414,97324
12565,99554
9562,97866
10339,99022
33841,105954
13576,99530
87022,120043
31532,104123
30580,104331
458690,205039
103968,126220
1770976,482926
2180704,605816
417273,216326
8115,100871
8281,99884
7625,99512
9325,99465
8812,98596
7312,98541
13118,99189
10077,98615
15615,100768
34924,106773
13668,98554
87464,120154
31379,105256
29881,105686
466532,207757
103565,125496
1785353,494833
2164791,617875
423275,215219
8493,102229
8142,99078
7094,99104
10217,99261
8507,98498
7847,97569
13301,100302
9224,99437
10507,99252
34229,106840
13341,99066
87013,120645
31141,105620
30537,104660
458940,206463
103465,127424
1770772,488639
2159918,602909
423811,216953
8251,100306
8471,99564
6845,99438
9510,98673
8976,99079
7115,97717
12801,99473
9607,99115
11440,98890
33654,106189
14035,100268
86350,120018
32140,103422
30214,104913
457006,206611
104501,125703
1779808,497028
2178749,599758
416370,214446
8064,100296
8685,99442
7248,98454
9352,100004
9141,99706
6993,98287
12633,100113
9153,98462
14931,100647
34438,105949
13503,99975
87005,120363
32022,105512
29726,105524
458300,206250
102797,126812
1771871,485815
2180578,597303
423786,215338
8157,98565
8027,99183
7002,97621
9684,98463
8866,98687
7172,97494
12888,101107
9657,99378
10414,98317
34194,106183
13130,99330
86439,119534
31135,104108
30488,105314
455673,206867
103707,125721
1760453,488887
2166233,601035
424949,215216
7519,100456
8187,98771
6574,98425
8582,98625
8309,99538
7278,97908
12670,99869
9370,103629
10012,98835
33635,105299
13589,100497
86970,120353
31418,104832
29954,105233
463062,207504
103694,132850
1770753,481786
2167238,612331
417067,225802
7480,101333
7836,99903
7270,99836
9455,100413
8358,98696
7326,98501
13297,100105
9458,99750
14838,100430
34548,106438
13805,100553
87974,120957
31707,105216
30133,106382
456955,205401
103239,126219
1768418,492635
2167921,604074
423231,217498
8423,99704
8420,98762
6935,98510
9874,98468
9416,97220
7059,98107
13045,99889
9386,98866
10237,99212
34442,106430
13705,99534
86955,121487
31395,105326
30131,104282
457936,207006
103338,126132
1768134,493395
2170587,601263
424129,216250
8237,99460
8288,99427
7067,97787
9685,99248
8520,98021
8098,99229
13824,99518
9627,98497
10766,98585
33417,105771
14488,99971
87587,119499
31863,104341
30401,105177
456659,206564
104131,127452
1775377,491470
2175287,608414
416859,215560
7845,99733
7737,99173
7297,98142
9518,99575
9265,99215
7069,98093
12628,99488
9619,99235
14752,93889
34507,106713
13311,100022
88288,120787
31997,97896
29587,104287
463359,206492
103582,126385
1776169,488616
2171154,612624
433427,218086
8250,109206
8060,99518
7076,97875
9885,98292
9010,97684
7580,97779
13018,99723
9325,98105
10925,98926
34811,105962
14245,98655
87250,119975
31194,104398
30782,105198
456780,205530
103967,125864
1775828,488008
2163126,600124
422224,215764
8059,98863
8467,98958
7557,98382
9443,99206
9008,99302
7481,97290
12857,100382
9412,98189
10678,99844
33709,105559
14074,99264
87391,121301
31508,105785
30696,105890
458846,206583
104509,126517
1779859,491165
2168664,598164
416775,214213
7951,100304
8189,99193
7400,99663
9951,98671
8676,97888
7326,97713
12782,99834
9750,99466
15409,100708
34398,107532
14316,100443
88356,120464
31861,104863
29995,104165
457492,207945
103623,126161
1774341,489990
2174885,609561
422522,216720
8568,102298
8633,99067
7131,98015
9525,99384
8485,98680
7601,98167
12503,99978
8942,98190
10529,98537
34267,106295
13514,98775
87453,120060
31282,103905
29679,105426
461343,206078
104065,126624
1765605,487444
2174894,601140
426942,216004
7558,100775
8589,99719
6889,98466
9000,99574
8753,100396
7432,99268
12612,100687
9257,99844
10303,99287
39149,108366
13821,99878
86725,120138
31550,110334
30225,106608
465762,207250
110256,127013
1777937,485534
2165955,614378
418244,221712
8175,100216
8111,99506
7145,99357
9811,98837
9052,98899
7427,97664
13011,99635
9710,99484
14992,101764
34358,107343
14187,99369
87766,119680
31905,105120
29630,104464
457708,205494
103248,126466
1788840,486776
2168522,610220
426673,219277
8029,102788
8456,99721
7609,98350
9267,99969
9304,98771
7021,97466
12894,99120
9576,97960
17430,101263
30021,105339
13935,98972
87404,121758
31207,104847
32304,105300
458697,205741
104334,127010
1770166,501280
2177806,606770
416867,213949
8712,100459
7328,98437
7043,98646
9940,98929
9573,98880
8517,98730
13082,100689
9162,98959
15090,100901
34171,106032
13209,99706
86882,121230
30890,105905
30957,105370
464311,206763
104506,125884
1770013,483655
2173964,603089
413691,216188
8511,99328
7175,97688
6702,98122
9797,99505
8984,99348
7137,98160
13226,100897
9492,98485
15147,106607
34105,106682
13038,99739
92143,120393
30318,105158
30363,105155
463762,205820
105594,126682
1766696,487005
2157263,614029
428540,217740
8451,99975
8172,98766
7080,98931
10619,99221
9240,99015
7428,98465
12753,101011
9743,98749
15809,100554
34356,106616
13380,99705
87488,120123
30400,105126
30873,105097
461559,206607
105212,125367
1781617,489154
2170499,597818
416979,215147
8539,101546
7675,99579
7176,99213
10177,99475
9156,99135
7721,98212
12661,100224
9164,98632
15140,101787
34722,107367
13644,98818
87042,121162
30374,104776
30605,105518
459771,207037
104476,127087
1781666,485768
2189391,605175
414553,215122
8074,100742
7709,99293
7541,98568
10134,99082
9048,98961
7500,97696
13247,100341
8888,98172
15219,100888
34454,108068
13891,100086
86810,122275
30600,104111
31058,105637
461526,205595
103959,126862
1777703,485908
2196169,601700
416964,217201
8372,101596
7152,99820
6564,99340
9683,99889
14839,99405
7196,97242
12425,99728
8580,99252
15534,101559
33717,102482
13519,100368
87055,120306
30313,105262
30711,99751
460617,206754
103427,125824
1790560,487706
2162822,605117
417029,214820
8700,101606
7575,98062
7063,99523
10156,99951
8819,98533
7556,98316
12609,100969
8849,99911
15622,101827
34621,106706
13759,100484
87154,121396
30139,105744
30967,105245
460580,207446
104123,126136
1772945,500120
2191341,594838
419698,217664
9356,101773
7939,98841
6714,99433
10037,99567
8914,99497
7420,97613
13449,100458
9344,99496
15301,101185
35125,107430
13497,99744
87070,121198
30574,106041
30906,105641
459136,205744
103854,126732
1781976,493160
2194195,605367
418422,219776
8305,101220
7665,97912
7700,99458
9517,100374
8457,98543
7574,98553
12693,100679
9085,98875
15461,100702
34809,106789
13262,105556
86934,127994
36109,105035
31181,104589
464104,206033
109741,126552
1769706,488102
2180617,609692
417434,224434
8391,100835
7665,100392
6887,99274
9493,100675
9204,99085
7952,98000
13134,100081
9141,98863
15507,100621
34715,106451
13696,99770
87358,120570
30184,104712
30084,104859
461155,205431
103381,127054
1786372,487087
2160196,606763
420583,215598
8251,100221
7920,98583
6826,98836
9608,99188
9687,98706
7445,97483
13472,101256
9685,98972
15676,100502
35203,106435
13737,99389
87147,121720
30930,105844
30512,104861
461901,205142
103729,126835
1766242,488097
2182595,601684
420898,215112
8965,100515
7335,98048
7309,98556
9884,99992
9265,98940
7438,98583
12956,100006
9163,98910
15247,100921
34414,107053
13487,99269
87017,121348
30554,105340
36461,105361
458851,207414
103589,125696
1769759,493814
2180060,606222
428299,215924
8659,102162
7449,103866
6745,103391
9977,98581
9301,99393
7363,98611
12903,100373
9467,98483
15015,101089
34211,106815
13085,99006
86751,120768
30695,104269
31373,96281
459208,205870
103773,126262
1791814,486733
2173636,603184
413772,214936
8123,100649
7844,97260
7026,98802
9416,99430
8935,97953
7086,97292
12598,100494
8876,99933
14928,99496
34082,106931
13282,100673
86686,121280
30273,104053
30510,104244
457687,205158
104460,125377
1790835,486899
2174197,604188
421033,215970
8900,99681
7628,98282
7163,98205
9660,98484
9728,98380
7512,98122
13174,88554
9547,98087
15450,100719
34222,106400
13331,99665
87042,121310
31316,105108
31005,105192
460535,205319
103968,127593
1775693,489614
2167101,600201
417959,213572
8784,101568
8253,99681
6983,98307
10109,98582
8970,103021
7350,97762
12637,99299
9107,99012
15491,99994
34516,106476
13980,99669
86889,121057
30912,104960
30297,104710
457854,206138
104289,127407
1772892,489775
2174464,603526
420460,216771
8679,100401
7175,98534
7117,99069
10140,99206
8984,98580
7635,98119
13230,100519
9280,98274
15357,101853
34147,106206
13573,100067
87447,120406
30815,105208
30942,105021
459374,205720
104116,126255
1781623,501020
2177416,601363
414637,217095
7824,100221
7986,97901
7364,98462
10064,99157
9277,98813
7409,97869
13735,99655
9002,98818
15509,101271
34631,106806
13930,100059
87392,120819
30624,104717
31023,104807
459078,206678
104174,126032
1777657,488851
2167460,608903
416282,216947
8050,99648
7352,98770
7328,99566
9240,104727
9077,98951
7239,98988
12501,106002
8993,100097
15539,100257
34640,107676
13848,98917
87823,126432
30843,105907
30533,104716
463217,204988
103233,126677
1762463,491680
2171605,617251
428487,216719
8009,101061
7578,98024
7555,98627
10239,99548
9099,98538
7393,97321
12692,99212
8795,99207
15267,101195
34453,106679
13233,99991
86405,120123
30456,103871
30672,105389
456688,205692
103033,125291
1764878,489947
2170197,606858
415498,216085
8331,100226
7509,97921
7482,98760
9595,100627
8646,98292
7433,97068
12877,99694
9360,97768
15227,100467
34748,105997
13365,99482
87510,119765
30978,103775
30360,104762
457585,205786
103504,124363
1765788,486978
2171342,605614
418908,215498
7760,100247
7841,99205
7258,98910
10038,99429
9059,98457
7791,97838
12714,100066
9220,99222
15472,100933
34820,106911
13459,99145
87155,120933
30640,105614
31089,105985
456720,206082
103942,125692
1769217,501341
2191717,603186
417948,214548
8706,99937
8039,99175
7601,99195
9965,100051
9124,98385
7605,98181
13268,100086
9165,98650
15376,100749
33900,106934
13425,99203
87211,120808
30182,104644
30182,105089
457474,205412
104354,126219
1760973,485427
2169293,607410
419617,214588
8334,100350
7346,92335
6836,98284
9662,99942
8814,99972
7501,98608
12917,100902
9151,99223
15104,100906
34218,106982
13553,101049
87198,120457
30653,104767
30655,105923
455089,207034
103200,127045
1762796,489586
2177632,600613
418406,215992
8295,100002
7686,99499
7780,99408
10214,100542
9526,99228
7857,99032
13300,100237
9233,98572
15498,102450
35567,107038
13521,100388
87047,121574
30965,94343
31073,105717
459756,207696
104714,128157
1752751,483095
2181666,611545
419434,214386
8699,101343
7576,99524
7403,99079
10223,99689
9338,99507
7352,98992
13308,100805
9262,99477
15319,101293
34757,107559
13798,99976
86888,121654
30927,104890
31150,105965
462889,208254
104681,133181
1782553,493014
2179832,617056
418709,228439
8551,99331
7748,100514
6931,98187
10039,101352
9271,99063
7905,98289
12934,100126
9461,98419
15388,101122
35184,106684
13479,99744
87053,121886
30495,106636
30949,105124
460291,205475
104448,126508
1771812,486229
2170411,610952
418500,214894
8095,100040
7488,99058
7140,98542
9825,99538
9447,98933
7480,98620
12822,100632
8989,99294
15411,102169
34945,106928
13312,98356
87271,120582
30756,104788
31098,104908
457946,206544
104032,126845
1767332,486464
2167612,601962
420722,213207
8689,100523
7983,100133
7376,99909
9912,100077
8994,99718
7499,98860
12984,101356
9441,99027
15526,101517
34426,106723
13757,99980
86851,121464
30494,105519
31042,105512
457227,204882
104674,125610
1769787,493300
2187575,603389
417483,213978
8454,100388
7579,98809
6950,98370
9477,99818
8825,99107
7335,98387
13146,101380
9145,100258
15066,101401
34556,107218
13752,100582
87616,120490
30758,104673
30200,105326
456584,207044
103999,125337
1758041,487732
2187359,616327
417948,214658
8219,100538
7850,98723
7299,99071
10198,100295
9002,99010
7129,98102
12854,99999
9127,99094
15780,101932
34959,107195
13633,100535
87804,120537
31953,104965
30756,105707
457625,205972
104006,126408
1757607,486460
2182078,599096
417187,213634
8003,101856
8091,98505
7024,98506
9645,98820
9365,98603
7722,97223
13130,99159
9357,98517
15398,100060
34676,107047
13937,99289
87563,120263
30741,104694
31061,104543
460128,206649
105097,125734
1779096,486945
2172836,617394
418774,215517
8786,100169
7984,97743
7027,99695
10035,98906
8991,98211
7658,97869
13179,99969
9234,99114
15977,101197
33886,106531
13493,99693
86857,121317
30455,105105
30754,105454
459614,205980
104282,125382
1771008,491034
2171154,603380
417709,215856
9529,100483
8310,99460
7659,99621
9740,100677
8840,99656
6913,98851
12960,101150
9526,99340
15210,101399
34739,107723
14107,100416
86877,122620
30412,106092
31250,106212
457874,207026
105051,126737
1774573,500143
2177604,602272
416542,213410
8185,100635
7915,99913
6990,99759
10268,101115
8826,98659
7507,98697
13107,100844
9035,100092
15594,101773
34692,107493
13795,101099
86850,122544
31807,107288
30670,106832
462514,206794
104893,126961
1766002,489911
2179940,598004
420042,218404
8064,99829
7634,98528
6831,99834
9603,100235
9349,98811
7336,98703
13071,100375
9254,98709
15425,101056
34521,106030
13613,100021
87412,121115
31116,105447
31523,105469
456352,206640
103714,127038
1759985,488558
2184848,605349
418671,217175
8159,99644
7736,97891
7344,99237
9959,99182
10068,104339
8016,97821
12854,100369
8655,99359
15706,101133
34561,106800
13061,98607
87149,120983
30758,104448
29963,104857
457955,212207
103734,127147
1761661,485562
2169074,597817
420191,213771
7833,101448
7752,97601
7199,98466
9903,98590
9291,97380
6966,97283
13252,99433
8959,98212
15612,101321
33845,107266
12755,98875
86833,120555
30368,104892
29837,105307
458229,205849
104476,125583
1763232,487009
2165339,602371
419943,214672
8745,102003
7568,99493
6970,99463
10603,99601
9562,99342
7172,97390
13292,100423
8748,98473
15507,101730
34725,105937
14001,99181
86839,120704
30846,104320
30668,105102
459044,206605
103574,125972
1767959,488191
2181682,605746
419336,215509
8246,101541
7716,99309
7180,99265
9340,99481
9140,98572
7696,98231
12433,99862
9018,100041
14832,101312
34402,106664
13193,99876
86168,120824
30782,104414
30587,106591
457745,206027
103910,125629
1762492,485366
2172132,602617
414148,214149
8227,99962
7009,99026
7082,99102
9239,99468
9189,98898
7018,97808
12681,105509
9623,92272
15483,100615
35263,112676
14097,99363
87650,121236
31167,110040
30501,105550
465717,207362
104453,131612
1773147,486935
2175816,614210
418654,222745
7906,101468
7843,98299
6791,98415
9516,99250
9318,97823
7143,97570
12850,100113
9038,98283
15068,100148
34322,106332
13633,98923
86016,120295
32142,104234
30518,104868
464089,204913
103976,126902
1774483,488739
2152961,610729
425779,214098
8421,99522
8739,99268
7087,98844
9282,98918
8784,98969
7623,98252
13053,99973
9822,98774
9963,99400
34430,107018
13569,100391
88007,120734
31620,105901
30287,105455
459024,205867
102687,126348
1765863,488526
2165569,603700
423750,216155
8274,101773
8308,99048
7326,98408
9198,99811
8867,99733
7494,98435
13138,99799
9471,99011
10678,98192
34267,105683
14108,99724
86548,120667
31744,104620
29952,104982
455653,207105
103721,125032
1776759,485989
2176332,610351
415774,217892
7828,102905
8323,99296
7161,99202
9984,99451
8420,99153
7503,97758
13050,100038
10136,99230
15583,100724
35121,107097
13408,100325
88145,126851
37573,106755
29702,105821
466868,205409
108449,128280
1770205,482755
2157103,621886
425265,225721
8243,100324
8152,99883
7490,98655
9193,99191
8293,98084
8158,97685
12943,99196
9532,97799
10271,98613
34205,105817
13494,99881
87298,119171
31298,103186
30177,104233
497451,204730
104265,125206
1780936,486211
2155983,602064
422148,215917
8563,98981
8718,98155
7328,97837
9907,98774
9104,97919
8041,97627
13374,100359
9317,98362
10621,98609
33825,105595
13938,99261
87631,120683
31722,104760
30413,104273
459584,207012
103886,125198
1763179,494898
2169420,605246
415531,215720
8828,100697
8525,98978
7051,99080
9493,99752
8893,98064
8042,100041
12957,100249
9656,99209
15366,102001
34311,106859
14070,99788
87531,120854
31693,105378
30176,104215
455358,204776
104428,126050
1779245,488836
2177710,600622
423487,217535
8018,99928
8546,99953
7085,98637
9412,99919
8919,98470
7026,98333
13102,100244
9244,97966
10491,100329
34420,107373
13481,100321
86757,119769
31553,104990
29337,104864
458339,205439
103038,126107
1761318,488717
2180701,613519
436256,216818
8033,107753
9294,98549
7123,98197
9186,99304
8611,98052
7387,97562
12621,100011
8916,98163
10386,98150
33992,106875
13386,99511
87244,119187
31858,105138
30292,105623
459588,205774
103697,126498
1779005,490213
2152340,600771
417755,214451
8542,101205
9066,99076
7529,98567
9583,99322
9139,98837
7580,97862
13107,99583
9523,98691
14825,101219
34421,105536
14026,99411
87486,120663
31489,104997
30369,104509
456217,206112
103408,124810
1772306,499798
2175953,597936
427432,215338
8754,100044
8445,99369
6697,98721
9232,98786
8411,97930
7150,97756
12657,100171
9491,98281
10389,99129
34863,106105
14119,98350
86906,120018
31160,104305
30174,106416
459215,206680
104673,125493
1767579,484628
2184714,609983
422884,215409
9159,99733
8617,98526
7130,97619
9636,99574
8862,98607
7475,98322
13043,100077
9294,98333
10613,99605
33990,106434
14072,99033
88044,120605
31455,105233
36715,104675
457447,205208
103982,123969
1759944,480113
2172950,602037
430997,217223
8056,100639
7958,107396
7689,103196
9712,99585
8948,98710
7539,98469
13453,99262
10181,98456
15200,100151
35032,106064
14731,99224
88826,120964
31742,105202
30378,104466
461096,205268
104826,126594
1783812,483921
2172680,604457
423936,217297
9047,100948
8930,99637
7223,98334
9969,99121
9067,98778
7229,97990
13092,94134
9477,98263
10709,99039
34439,106694
13505,99905
86629,120291
31353,105087
30207,105297
457340,205596
103499,125720
1770807,500982
2182571,601494
428079,213976
8094,101638
8108,99430
7003,97704
9410,98497
9371,98996
7246,98012
12641,99387
9773,99637
10645,97969
33970,106226
14259,99304
87304,119496
32694,104000
31235,104900
457290,206377
103930,126149
1773141,486593
2174037,611531
420515,215326
8333,101748
8934,99589
7406,98716
9672,99195
8352,99280
7285,98442
12593,101101
9726,98857
15405,101204
35057,107133
13470,100141
88541,121184
31998,105591
29785,106502
462514,207468
102971,126519
1778588,486124
2165244,611440
435394,216382
8174,108625
7832,99376
7198,98525
9614,98675
8605,98663
7300,98540
13012,99740
9254,98799
10658,98472
34233,106583
13644,99165
87444,120368
31576,105496
30290,105478
456047,206152
103616,125617
1782406,487715
2166903,608361
422817,217879
8124,100036
8556,99581
7765,98133
9237,99290
9489,99470
7808,98277
12756,100843
9058,98901
10589,99631
34228,107069
13619,99380
87074,121401
31633,105191
30422,105643
460009,205452
103625,126345
1783647,494018
2175485,602442
418374,216704
8079,100492
7809,100175
6975,97963
9231,100174
8739,99142
7468,98732
12984,99297
9914,99336
15761,100975
34452,107676
13489,99997
87197,120489
31715,105953
30955,104263
460777,205595
103321,127270
1776577,491109
2174344,601357
425876,216136
8585,100027
7849,98359
7088,97836
9324,100237
8659,98379
6869,98257
12715,99753
9038,98863
10070,104949
34310,106633
13500,100483
93117,120644
31115,105163
30629,105242
462905,206060
102986,127241
1780211,486408
2189327,611665
430341,220588
7715,101111
7853,99051
6563,98632
8858,98778
8776,98719
6902,98643
12420,100925
8964,99321
10112,99497
33537,107305
13700,100589
86349,120937
31869,104064
30206,105208
460136,206003
104138,125256
1785430,489240
2168760,602285
419034,213814
8325,101087
8640,99250
7513,98719
9910,99978
8927,99310
7676,98236
12535,100546
9609,99781
15433,101718
34254,106709
13826,100379
87599,120183
31189,106241
30043,106610
462764,205339
103393,126125
1772833,486633
2190259,609574
419495,216770
8422,101235
8248,99949
7127,98210
9438,98776
8618,98061
7361,98391
13387,100263
9590,99451
10177,98114
34789,106583
13591,99012
87658,120352
30850,105070
30557,105977
463188,205575
102988,126962
1773324,490889
2194160,608027
420704,215506
8182,101327
8382,98702
7588,98163
9108,99131
8939,98544
7268,104068
12439,105239
9038,104027
10186,99260
33544,106033
13508,99346
86032,120707
31077,104906
30432,104753
461003,211797
103455,127292
1778861,488801
2162312,601490
416938,216511
8318,100579
8258,98840
7484,98506
9229,98954
8640,98212
7288,98528
13239,98794
9857,99232
15635,100305
34688,107008
13577,99267
87072,120305
31819,104836
29625,104711
457908,206963
102796,127227
1789223,492011
2167971,595613
427534,216282
8599,100427
8597,98742
7582,98295
9599,98719
8815,98378
7175,96779
13305,99734
9599,97916
10519,98330
34362,106530
13708,98472
86535,119788
31947,105080
30518,106093
459997,205562
103510,127275
1777190,484931
2190128,601692
423039,215063
8295,102340
7885,98176
6810,97923
9527,99285
8955,98040
7142,99200
12971,101135
9034,98273
10714,99546
33188,105865
13461,100312
86011,120099
31554,105882
30440,112153
463795,205686
103756,126902
1780544,485595
2181196,613231
431522,218523
7770,100821
7785,104559
7013,103962
9721,98704
8588,98006
6995,97613
12930,99137
10078,98364
15160,100961
34499,106096
13630,100119
86986,121248
31762,105804
31179,104802
461003,204892
102443,126557
1780297,483378
2181400,605463
425359,218037
8302,101082
8723,98392
6472,98191
9487,99174
8445,98198
7515,98771
13021,100358
9185,98834
9912,98324
34463,106202
13676,100052
87901,119584
31091,104379
29899,105278
460838,206155
104306,126592
1777130,498364
2189232,604561
427002,216603
9039,99403
8318,100247
7216,98853
8828,98677
9119,98800
6974,98540
12634,100946
9630,98981
10579,100239
34185,106967
14409,99786
86848,120308
31415,104555
30647,105503
460616,206072
104353,127024
1792534,486379
2192072,606363
418012,216771
8520,101923
7625,100260
6891,99913
9381,100037
8546,98227
7704,98496
13525,100558
9709,99654
15369,101045
34776,108173
13934,99403
87064,120312
31964,110299
30171,105322
468017,206194
103728,131394
1782653,487529
2178342,608092
424182,222923
7797,100130
8149,98834
7029,98087
9639,99537
9773,98099
7268,97275
13201,98545
9288,98335
10321,98538
34378,106591
14365,99711
87046,120508
31092,104755
30634,104874
461944,206513
103826,125721
1770222,486398
2171310,604020
423413,216407
7879,101652
8532,99950
6736,98975
8667,99664
8550,99658
6998,98275
12980,101518
9091,98821
10286,98893
34183,106887
13830,99555
86410,120109
31369,105343
30539,105361
460190,205284
104236,126436
1789002,489161
2185074,602711
420109,214470
8536,100485
8739,98385
8101,98573
10116,100271
8914,98953
7709,98094
12743,100035
10223,98408
15063,101027
34712,106461
14083,99561
87793,121148
31988,106129
30422,105196
461896,205984
103762,127020
1778254,485060
2177274,602562
420811,216669
8769,101345
7868,99258
7363,98361
9579,98863
8793,102193
7759,97550
13550,99772
10026,97595
10055,97892
34320,106705
13201,99400
86132,119987
31165,104782
30057,104904
459509,205492
102584,126969
1786558,488780
2179692,609154
423847,215014
8006,98673
8897,97853
6998,98004
9603,99277
8570,99865
7314,97991
12736,98832
9179,98754
10714,99569
33819,107162
13472,98965
86724,119605
31612,105109
30184,105624
460189,207804
104149,127365
1772621,498122
2194202,605569
419659,216274
8016,101927
7804,99668
7103,99654
9543,100075
9219,99009
7341,100571
12401,100876
10048,100576
15444,101989
34518,107670
13268,101262
87657,120281
30818,107188
29612,105702
462171,206387
103593,125867
1781450,486850
2190023,607064
424912,214466
8954,100300
8708,98673
6927,97855
9271,99466
8606,98793
6811,98544
12993,100925
9007,98443
10427,104732
33951,106424
18704,100512
91415,119997
31698,105222
29796,104862
472131,205230
102748,128637
1782447,481676
2182192,614578
433000,217611
8124,100213
8502,98631
7190,98473
9734,99202
8923,98540
7128,98745
13010,99074
9380,99361
10659,98849
33836,107083
13807,100177
87048,120808
31426,104714
30763,104894
458999,206323
103625,126520
1784832,484201
2175836,604231
421072,216065
9272,101824
8158,99113
7937,99002
10438,100540
8528,99005
7790,99531
12811,100402
9916,100978
15045,101183
34125,107230
13904,100118
88281,120606
31846,106037
29299,105858
460761,208190
103372,125077
1790096,484824
2182198,605413
424340,215832
8139,100649
8213,98540
7372,98192
9271,99312
8782,99337
7587,97691
13220,99403
9374,98695
10189,98466
34160,107562
13671,99547
86763,119405
32073,105175
30321,104681
460782,206515
103031,126324
1769640,490104
2192746,611608
420811,217396
7909,100019
8300,99126
6982,98945
8978,98817
9104,102772
7294,97421
12859,99234
9311,97684
10321,98375
33799,106269
13188,99168
87035,119581
31712,105226
30672,104424
459538,206512
104606,125539
1784479,489913
2172912,606059
418542,213626
7887,99998
8118,99054
6937,97870
9429,99033
8781,98548
7766,98555
13119,100129
9377,98727
15844,100089
34613,106816
13559,98924
87215,120881
31946,105489
30117,105258
462326,206025
102791,125022
1774860,498763
2184440,605407
424932,215071
9919,101540
8338,99132
6850,97529
9555,98787
8499,98128
7159,97327
12989,100085
9497,98752
10140,99026
34214,106718
13637,99905
86440,119729
31469,105186
29928,105199
459021,205559
103270,126299
1782648,483786
2186772,603413
420495,215211
8571,100462
7858,99506
6786,97696
9220,99660
8593,97990
6809,99141
12591,99161
9003,98626
10042,105543
33893,106033
13455,108023
86837,124798
31461,104930
29906,104037
469135,205783
111140,128145
1785003,483188
2156435,617852
421297,224949
8185,99968
7887,99154
6820,98206
9818,98960
8786,97543
7612,97759
12721,99280
9677,98218
16251,100647
34667,105773
13564,98811
88888,119437
31680,105387
29747,104149
461891,202599
102535,117280
1793519,494178
2172544,605019
425060,218794
9389,100158
8591,99126
6907,98327
9117,100003
8553,98143
7379,98148
12645,100423
9350,99691
10115,98778
33745,106569
13527,100294
88412,119861
32061,104643
30281,104901
457025,205477
104086,126400
1776853,484456
2180163,601083
422167,216171
8109,98688
9793,99169
7120,98974
9395,98727
9174,97325
7384,97766
12300,99026
9197,98296
10307,98301
33890,105612
13954,99904
86612,121833
31372,104654
30281,105931
460769,206703
103889,127248
1780655,486535
2182513,608473
417193,215198
8675,103463
8478,99530
7840,98370
9494,98859
8851,98992
7373,97341
12379,99669
9742,98499
15147,99999
34373,106570
13426,99128
87644,119473
31879,105503
29774,105153
459951,206690
104125,127212
1794280,485620
2164028,598612
425360,216070
8190,101398
8071,99280
7675,99147
9646,99347
8433,99520
7118,97906
13066,99141
9535,98796
10360,99534
34096,106937
13379,100504
86389,121107
31337,105401
30285,104661
460513,205363
103053,126092
1791283,497114
2191583,600410
423232,216969
8081,100195
8233,99028
7078,96713
9295,98616
9479,99675
7836,98412
13110,99931
9234,98903
10266,98128
33774,105574
13580,99346
86545,119634
32106,104428
30224,103940
457648,205602
104256,125594
1791227,486458
2181921,605412
417296,215288
8249,100131
8005,98706
7662,98188
9890,99458
8960,98931
7324,98672
12671,106204
9211,105107
14907,100012
35043,105535
13575,99834
87134,118791
32181,105618
29628,105678
460905,211532
102916,127133
1788911,489150
2179609,608315
427328,214710
9136,101535
8544,99095
7016,99179
10206,99504
9480,99863
7579,98765
13353,100513
9443,98091
11534,99175
34773,106930
13822,99674
87021,120354
31706,104953
30966,105251
455628,206734
103453,124831
1800487,484491
2170801,597758
420641,217649
9015,99771
8835,98918
7574,98573
9472,99358
8295,98784
7671,97582
12471,100097
9025,97739
10519,99930
34006,106166
13320,99898
86819,121818
31408,105221
30497,105513
460406,206867
103767,125789
1773380,487378
2183471,604065
417832,216979
8778,101577
8805,100300
7450,99430
9511,100593
8785,98811
7493,97991
12516,100048
9652,99337
16039,100972
34624,107623
13861,100004
87882,121322
31487,105641
29521,105079
463756,208001
103922,126450
1766759,486832
2170080,620378
434495,215456
8684,106960
8069,98958
7393,98367
9856,99976
8876,98008
7564,99196
12828,99917
9740,98261
9935,99303
34163,106305
14004,98688
86273,120293
31396,104784
29770,105635
462820,206087
102358,125704
1778050,486035
2170966,610224
424540,218838
8242,100265
8393,99932
6833,98641
9061,99208
8983,99526
7537,98330
13238,101317
9450,99618
10602,99308
34060,106166
14308,100010
86252,120403
31443,104824
30772,104766
462731,207131
104100,125806
1798282,488003
2167437,601705
418042,215959
8244,100664
8731,99092
7430,98294
9901,99316
9018,98004
7867,98650
13792,100827
9862,98542
15510,100582
34634,106765
14483,100158
87160,120822
32208,104531
30332,105645
461099,205325
103192,125096
1787221,489084
2175494,607850
424428,219038
9064,101562
8160,100079
7063,98873
9329,99412
8299,104095
7529,98279
13195,99571
9498,99376
16947,101223
29639,105374
13894,100180
88080,120605
31468,104868
32180,104837
460765,206974
103754,127603
1785600,487381
2169177,603065
417421,215800
9126,98943
7371,98228
6950,99844
9967,98865
9285,98368
7295,97376
12508,99190
8851,98905
15297,100509
34498,106476
13609,100552
87388,120929
30604,105095
30915,105502
460295,204762
104744,127088
1784404,492670
2182360,599498
419054,215902
9211,101952
7805,99957
6904,98132
10340,98604
8766,99172
7392,98339
12453,100494
9058,98606
15402,100362
34285,106903
13851,100288
86731,121612
30275,105495
30918,106987
458928,206124
103596,127474
1775226,482279
2180601,602066
417227,217853
8748,100717
7772,98980
7207,99100
10085,99548
9608,99959
7755,98409
13350,101385
9165,99202
14903,102688
35253,106771
13143,99867
87491,122167
31287,111189
31009,104673
468733,208112
103795,132494
1776361,493120
2162065,616119
417700,222770
8165,100072
7274,99033
6859,97988
9300,98657
8856,99231
7304,98157
13344,100155
8955,98974
15109,101264
34274,106633
13625,100263
86565,121462
30442,105172
30592,104240
463773,205253
103389,125193
1781673,489370
2162060,603571
418495,215199
8319,101109
7726,99181
7255,98983
9858,99284
8992,99770
7529,98406
13133,99607
9178,98899
15074,101820
34302,106676
13348,101164
86509,121866
30856,106854
30827,104595
464392,206051
103532,127493
1762193,487890
2179090,602976
416560,215633
7930,101324
7840,99363
7306,98005
9636,99134
8941,99380
7460,98112
12829,101016
9509,98784
15498,101432
34336,106461
13190,99837
86537,121051
30302,105276
30493,104948
463474,207154
105623,126483
1761546,489588
2168943,610889
428723,216153
8428,105554
7584,97879
6757,98533
9506,98249
9172,98944
7417,97098
12618,100590
9246,98759
16009,101719
34751,106811
13487,99629
87272,119932
31130,104649
30646,105381
463301,204983
104234,126014
1781808,487432
2162557,606418
416656,217172
8011,101481
7093,100365
7528,99490
9460,101829
8767,100065
7742,99233
12759,101007
9496,99831
15589,101781
34317,107454
13631,99972
86853,120476
30653,105346
30189,105375
460445,206856
103681,126907
1773104,493460
2182334,602748
418844,218290
7854,102126
7888,99870
7140,99646
9842,99719
8960,100172
7816,99259
12481,101256
8765,98111
15171,101956
34091,108085
13846,100389
86737,121184
30864,105802
31354,106568
461767,205611
104388,127341
1778186,489646
2178585,603442
417993,217396
8773,101291
7996,99435
7510,99543
9350,100444
9376,104714
7680,98734
12927,100203
8813,99011
14942,101569
35416,106909
13799,99875
87243,120768
30760,104986
30825,105411
460039,206564
104227,126165
1792426,486927
2176532,605643
419303,216753
8799,99745
7549,98968
7385,98970
10372,99671
9195,99037
7415,98392
12886,100841
8901,99289
15373,101196
34503,107385
13301,100087
86970,121695
30097,106086
30126,105776
461391,205405
103850,126588
1773619,503888
2178322,598322
418240,217512
8357,100895
7317,99254
6655,99583
9965,99929
9436,98377
7279,98219
12822,100312
8711,100333
15206,101470
34343,107355
13198,99904
86496,121046
30077,105816
30435,105660
463106,206105
105568,127728
1776362,489496
2181784,604422
418032,216372
8192,100150
7468,98655
7263,98919
9868,99781
9193,99745
7457,99330
12796,100730
9185,98325
15404,100189
34487,106979
13226,105480
88112,126675
30707,105333
30624,105170
463889,205840
103497,125520
1771596,490443
2176353,611403
427214,216615
8597,107394
7591,98351
6986,98124
10112,98939
8859,99148
7314,97694
12791,99353
9102,99584
14993,100310
34345,106753
13307,98747
86350,120028
30330,104074
31066,105239
457688,205648
103701,125240
1781305,487601
2160662,606671
419182,215742
8182,101739
7511,98658
7084,99060
9859,99688
9007,99178
7676,98269
12626,100235
8682,98630
15587,100110
35027,106633
13232,99328
87710,122127
30927,106085
31102,105194
459887,205385
104036,127729
1778004,485143
2166223,596546
421481,217499
8178,101567
7568,99688
6590,100780
9562,100097
9361,99340
7910,100154
13186,101694
8978,100273
15631,101039
34049,108278
14462,99432
87238,120897
31170,106554
30298,106180
457464,206911
103904,128327
1782730,490920
2183246,603252
420443,217899
9253,101217
7800,99372
7264,99166
9653,99929
9027,99501
7772,97889
12802,101010
9240,99161
14947,97972
34279,102994
12994,100090
87073,122582
30213,105494
30924,105912
458776,206756
103995,126013
1764162,496853
2173568,608948
418515,215809
8444,100524
7342,98141
6546,98654
9364,101421
8545,99035
7526,99448
13215,100788
8590,99858
15379,100805
34308,107893
13565,101206
87740,121510
30957,104668
31541,105684
458867,205895
104009,125281
1765190,489178
2174927,608157
417630,215969
8473,99932
7165,98822
7388,98938
9400,99475
8680,98950
7671,98057
13035,100155
9000,99545
15162,101558
34716,106692
13376,99357
86904,122739
30488,106038
30467,105647
458871,204702
104413,127084
1764509,490445
2188607,610741
418060,215049
7718,100988
7731,99093
6847,98619
9360,99388
9106,98368
7521,99378
12962,100573
8536,98009
15035,100882
34090,107139
13933,99627
94338,121641
31106,104443
30447,104077
458283,206307
103754,125363
1745089,487141
2175723,615648
429938,217179
7901,101510
7452,105085
7491,103530
9488,98387
9352,98786
7279,97699
12377,99521
9307,99451
15435,100046
35069,105890
13359,98189
86364,120796
30767,104721
31525,104053
456678,210367
103432,124674
1774786,486335
2173280,615996
418580,214858
8456,100098
7903,98470
7019,97471
10159,98818
9135,97477
8126,97427
12747,100473
9200,98526
15600,100320
33991,106680
13103,99416
87135,119898
30448,104585
30412,104548
456526,207803
103346,125791
1767525,488625
2167306,605994
423343,216308
8866,99000
7700,98721
7352,98727
9849,99166
8723,97760
7264,97210
12739,99887
9044,98925
15364,101141
33991,107141
13850,98919
86928,120842
30683,103493
30448,104710
460885,205601
104241,126464
1783297,488950
2162969,616490
416835,214529
8117,101619
7989,99137
7759,99254
9875,99853
9107,100231
7400,97634
12700,99815
8820,100070
15046,101504
34714,106863
13754,98853
86667,121370
30483,105371
30892,106384
460611,206468
103959,127105
1777003,495121
2195763,607111
416811,216927
8450,100096
7251,98052
7212,98626
9809,98996
9210,98597
7425,98686
12995,100371
9690,98584
15228,100472
34410,106167
13378,99791
86853,121323
30656,104302
31297,104748
458612,205776
103793,124720
1769312,487255
2190993,607511
417622,214539
8579,101275
7369,98805
7227,99181
9211,99652
8877,98737
7391,97552
13001,101328
9177,100098
14823,100822
33931,106401
12777,99686
85949,119865
30380,104539
30666,105875
459373,206209
104281,126237
1754787,487440
2179523,606172
419948,217115
8705,99642
7981,98227
7561,98546
10114,99241
9424,99844
7536,97608
13361,99114
9275,103136
15345,100397
34423,106438
13573,99429
86989,119869
30919,103708
30848,106110
466492,205977
104102,132863
1768260,488914
2173211,611803
419706,224833
8566,101525
7553,99740
7336,98614
10159,98444
9878,98360
8225,97486
13788,98925
9956,98818
15273,100131
34516,107142
13857,100405
86093,120477
31305,104805
31225,104621
458336,205905
103987,127707
1772956,488856
2151561,601002
420193,216065
9527,100352
7686,99495
7334,99233
10146,99502
9248,99092
7667,98345
12725,100397
8987,98316
15736,100933
34436,106396
13553,100547
86719,120122
30376,104472
30780,105635
454855,206512
103477,127468
1761746,500490
2192974,603632
415277,216709
8345,100590
7641,98687
6973,99185
9967,99845
8951,98916
7649,97960
12769,101229
9403,99023
15323,101402
34931,107632
13315,99803
88178,123004
30988,105096
30502,105099
459532,206335
105096,126852
1773047,484981
2180937,600706
417760,216887
8940,100373
8516,100124
7476,98575
10567,98936
9752,100133
7694,99446
13833,100330
9538,98315
15362,101053
34321,106469
14130,100183
87404,121962
31164,104704
37171,106011
457362,204014
103345,126022
1762317,485569
2180630,606761
430425,216601
8229,101720
7951,98104
7443,98524
9133,98862
9206,98548
7923,98209
13592,99598
9407,97981
15975,99960
34801,106073
14507,99236
87678,120221
30867,104397
30942,104280
456780,206099
104026,126657
1770078,493307
2161285,601097
416074,214328
8592,100011
7321,97711
7109,97214
9794,99261
8938,99307
7373,98430
13064,100467
9470,97763
15174,100494
34321,106141
13757,99322
87671,120927
30932,105114
31433,105129
455372,204937
104325,126952
1759320,487322
2154371,598598
421606,212655
8362,101287
7944,99835
7223,98293
9852,100518
9157,98718
7421,96631
12870,100062
9183,99063
15507,101189
34440,107347
13842,100659
87189,119925
30385,105287
31410,104987
456760,206246
103768,125797
1766516,483319
2175054,609646
415884,217076
9373,99893
7729,98647
7033,98651
9630,98803
9121,98350
7296,98547
13012,99753
8809,98073
15192,100222
34082,106389
13558,99938
87286,120909
30467,104845
30431,104134
459677,204655
104237,125959
1769132,491661
2174347,601335
417035,214654
8078,100312
8408,99340
7633,98050
10088,98329
9713,98667
7165,102638
13285,99614
9304,103829
15473,100253
34181,105219
13448,97730
87492,119930
30794,104662
31410,104312
467888,206596
104084,124983
1764187,489515
2161673,614322
418528,216578
9084,100777
7612,99401
7465,99009
10524,99338
9623,98471
7504,97145
13842,100947
9602,98546
16044,99636
34630,105794
14162,99398
87396,120930
30372,103744
30515,104017
459016,204240
104040,125176
1766956,486627
2167797,603280
416465,214371
8278,100821
8647,99902
7794,97643
10415,98814
9746,98372
8017,97050
13458,99435
9649,98759
15262,100132
35015,106464
13444,100284
87441,120743
30920,104509
30955,104420
459313,205903
103852,125988
1764348,503263
2168149,601936
417391,216059
8712,99213
7132,98308
7004,98942
10077,99716
8918,99604
7705,97603
13172,99947
8662,98392
15689,100851
34560,106466
13401,99356
86781,120763
30840,104951
30760,105905
456914,204695
103690,125229
1754595,487469
2178677,613196
416502,216354
7920,101554
7348,99992
7004,98313
9211,91518
9027,98859
7401,98288
13062,101288
8825,99271
15162,107650
34615,107932
13144,99280
87273,121151
30981,105444
30053,104522
466698,206668
103775,126205
1758720,485930
2157738,622526
426287,216291
8210,99553
7009,98706
7420,97986
9662,98492
8789,98200
7492,96968
12938,99413
8704,98388
15233,100843
34457,106293
13727,99774
87103,120213
31301,103865
30659,100927
459776,204705
104919,124189
1759780,485105
2177004,600425
421479,215045
8357,100772
7136,98708
7100,97960
9980,99133
9018,98278
7087,97411
13208,100692
8783,99349
16015,101418
35784,106015
14250,98878
87438,120001
31685,104419
29595,105177
460610,205490
103562,126878
1770240,501612
2181254,603779
425817,216527
8116,100099
7935,99091
7151,98556
9566,100016
9003,98881
7138,97559
13220,99662
9488,98348
10150,98694
34305,107526
13851,100147
87426,121082
31360,105398
30078,104916
459415,206880
102992,125089
1763174,483125
2176756,607591
425733,217348
7936,100106
8349,99745
6988,98707
9678,99197
9148,98555
7489,97462
12552,100968
9016,98871
10608,99009
33992,106573
13768,99543
86659,120644
31317,105066
30459,110033
461072,204768
104633,125307
1767660,489619
2187355,613672
429267,218045
8069,100530
7808,104255
7605,99469
9843,99135
9245,97827
7524,97581
12851,99744
9805,98502
15015,100222
34683,106708
13995,99269
87861,120024
31894,105598
30002,104884
463728,205106
103535,127113
1785939,487787
2173457,593850
424083,212971
8448,100189
8158,98635
6836,98284
9520,98935
8528,98712
7302,98434
12636,99831
9221,98330
10098,98280
34520,106746
13626,99421
87563,120709
31482,104896
29973,104812
459108,206230
103355,124874
1767085,491724
2181953,598309
426152,216090
8636,99642
8356,98095
6804,98441
9467,99018
8712,98276
7194,97584
12700,100110
9671,99087
10207,99173
34005,105864
13410,100905
86100,119743
31364,106067
29935,104613
465856,205373
104339,125691
1775854,484507
2186965,603200
418640,214342
8979,100208
7758,98148
7406,98150
9751,99572
8243,97776
7325,97616
12093,99611
9832,99507
15539,100878
34040,106817
13247,98895
88442,122343
32096,104598
29864,110919
463515,206587
103668,126966
1768700,486060
2176409,600306
436713,215022
8801,100922
8035,105292
6676,103186
9235,98533
9009,98305
7210,97433
13169,100671
9412,98506
10443,99419
34299,107311
14429,99543
87675,119702
31166,104637
30454,105631
462414,207168
103270,125563
1777865,486389
2169825,612225
424220,218238
7867,100411
7855,99137
6898,98339
9404,98718
8781,98613
7338,97611
12828,99659
9279,97738
10964,98025
33741,106224
13700,99467
87187,120118
31414,103997
30552,104875
458968,205631
104121,125355
1789869,501504
2180971,609469
417825,217924
8657,101017
8205,99533
6816,99778
9502,99820
8471,99079
7538,98627
12513,99589
9858,98716
15230,102137
35103,107570
13764,99218
88457,120553
31374,106405
29667,105903
457892,205668
103550,126870
1783008,487307
2174060,603657
423288,215504
8117,99155
7994,99027
7623,98468
9760,99562
8758,99423
7671,98973
12445,100536
9569,98585
10209,98590
34190,107265
14100,99961
87480,120802
31320,104828
30506,104104
465216,206422
102398,126262
1782335,488047
2179423,615450
434125,217997
8047,107637
8550,98835
7517,99204
9283,98515
8870,98448
7206,97619
12968,99943
9600,98328
10614,99869
33894,107161
13795,100230
87349,120974
31754,105346
30888,104918
459244,207210
103234,126394
1781464,483143
2179828,610178
421247,215962
8325,102028
8175,99116
7585,98142
9740,99189
8167,99320
7496,98591
12846,100435
9997,99088
15350,99261
34567,106247
13904,99812
87913,119696
31782,105418
30319,106006
462471,206451
103681,125221
1782198,496031
2182121,604534
427376,216961
8476,100098
8062,99470
6655,98435
9016,99511
8514,100249
7564,99341
13141,101856
9697,98271
10036,99394
34517,106984
13571,99853
87029,121444
31232,104988
30007,104340
461116,205119
103888,125732
1773039,484536
2175735,602860
423205,215575
8559,101310
8401,99586
7053,98547
9086,98277
8975,98888
7003,98343
18536,100148
9158,98816
10065,99253
33626,110992
13772,100149
85983,119901
31320,104964
30597,105131
465097,204159
103587,126127
1799406,484423
2169709,616745
415760,213469
8076,100561
8023,98906
7647,99054
10529,99102
8935,98402
7560,98178
13027,99963
10324,97844
15519,100116
34799,106328
14202,99696
87377,120263
32209,105792
30285,105528
462778,204507
103924,124889
1790235,487967
2166663,601343
424828,217605
8501,101291
8459,100269
6932,97529
9095,100150
8294,98520
7259,97928
13122,100210
9294,98554
10475,98480
34326,106114
13605,98714
88047,119354
31391,104432
30362,104479
459015,207647
103492,125340
1780985,490439
2192195,604672
421486,216105
8313,100763
8927,99839
7361,99428
9125,99209
8851,98383
7516,98495
13050,101157
9205,100009
10648,98762
33879,106890
13734,100920
87232,121592
32167,106342
36433,105026
465391,207583
103913,125855
1769171,486147
2182042,600412
430253,216425
8360,103569
7980,105829
7353,104032
9332,100272
8621,99651
6850,98124
12689,100814
10107,100405
15195,101244
34752,107277
13736,100079
88186,120487
31730,106878
29983,104585
460449,207111
102932,125652
1787534,493136
2174781,606041
425913,215363
8456,99967
8644,98724
7042,97912
9210,99603
8342,98128
6902,98149
12511,96524
8994,98272
9800,98635
34265,107045
13414,99482
87581,120713
31529,105139
29975,105508
462098,206303
102875,126175
1779950,499671
2185311,602640
422217,214910
8399,99549
8115,98602
7050,98514
9219,99220
8864,98951
7374,98189
12722,99823
9485,99621
10521,99919
33788,107209
13560,99446
86673,120764
31277,105523
30203,105281
459080,205128
103583,127044
1792279,487860
2179616,603585
417184,217673
8095,100293
8748,99814
7241,99353
9376,99596
8874,98522
7162,98114
18392,100788
9783,98603
14797,101135
34667,111913
13697,99088
87068,120876
31772,111735
29459,105756
468223,207194
104097,131464
1797805,488983
2166697,614350
424815,216338
8610,101307
7760,99109
7409,98337
9780,99287
8849,98628
7504,97471
13034,100051
9365,98215
10095,98034
34630,106151
13992,99572
86640,120374
31059,105985
29899,105377
459817,205376
103552,126534
1795257,489410
2165690,600072
425816,216949
8987,99574
8331,100083
6762,98620
8965,98633
8667,98762
7830,98038
13068,101459
9448,98635
10547,99544
34287,106343
14258,99451
86604,120145
31525,105466
30062,105179
461658,206307
104368,127319
1781865,486534
2176941,610676
414751,216224
8940,101480
8112,99902
7202,98909
9722,99464
9254,98328
7954,98220
13423,100006
10076,99936
15184,101059
34449,107925
13543,100819
87459,121559
31927,105884
29419,110437
461751,206634
103283,126745
1775041,487811
2161635,616018
438817,215387
8791,106448
8215,97304
7128,99230
9854,98389
8770,97447
7460,97786
12713,99702
9780,98331
10272,98472
34472,106872
13750,100576
87063,120470
31206,104973
30416,106292
455802,205974
102582,126343
1793208,487831
2163952,599961
423481,217435
8340,99692
8178,98809
6748,97380
8769,99206
8998,97921
7152,98313
12634,100169
9496,99355
10139,98100
33235,105760
13891,99062
86279,120563
31283,105554
30293,105373
455852,205910
104325,125464
1794451,484393
2175444,607533
417437,215433
8631,100760
8171,99436
7001,98462
10214,99740
8516,98192
7422,98102
13347,99593
10220,99008
15286,100831
35053,106537
13819,100070
87699,120284
31636,106366
30472,104452
466716,207546
103338,126119
1770378,482574
2178853,606954
423966,216222
8738,100339
8869,99363
6920,98956
9251,99824
8361,99043
7175,98202
13423,99290
9669,98494
10315,99607
34604,106006
13787,98992
87962,119712
32104,105016
31296,104634
459575,206757
103331,127246
1791345,488531
2164207,603161
422533,216931
8163,100992
8751,99038
7015,97771
9052,99671
8833,98920
7340,98035
12965,100079
9366,98459
10319,99719
33641,105756
13591,99692
86946,120403
31619,105689
30114,105315
460840,206102
103427,124700
1784485,495172
2169390,601383
414106,214866
8080,101367
8345,99003
7444,100015
9637,100575
9044,99466
7910,99634
12574,99892
9808,100898
15278,100656
34749,106752
13507,100694
87307,119831
31723,105912
30461,105879
461386,206719
103508,126415
1794979,484848
2184078,606638
424005,216208
8592,101351
8196,98971
6959,98658
9980,100267
8681,99127
6735,99240
13129,100337
9818,99259
10356,99466
34906,108118
13994,100534
86787,118880
32251,109998
30448,98807
470214,208654
103604,131750
1789122,487852
2169935,616782
423724,226325
7898,100519
8201,99814
7821,98828
9383,99353
8471,99002
7126,98792
13080,99960
9057,100332
10389,100135
34090,106507
14043,99301
86653,123040
31545,105640
30594,106052
462007,207775
104572,126802
1797938,489838
2162009,605854
417663,217379
7861,101585
7981,98646
7417,98925
9869,98741
8522,99185
7327,98936
13170,101160
9850,100620
15379,101232
35343,106305
13722,99576
87117,119905
32229,106582
30526,105248
459588,207060
103396,125034
1786708,485807
2199243,601693
421292,217179
8663,100940
8505,99335
7373,99197
9656,99915
8896,98937
7096,98880
12957,99745
9450,98292
9845,99552
34619,107679
13507,99369
86782,120951
31527,105815
35900,104454
462021,206739
102716,125728
1778000,493453
2176189,611001
435108,216246
8592,100762
7918,104460
6490,103201
8875,98303
8574,98461
7217,97769
13000,98931
9128,97933
10666,98096
34049,105506
13922,100030
86226,120787
31744,104642
30825,104053
460847,205799
103198,126098
1804675,488118
2164132,606725
416207,214584
8425,99453
8246,98442
7175,98552
9745,99347
8558,98649
7360,97509
12392,99283
9982,98164
14840,99960
34134,107818
13772,99279
88573,119629
31702,104997
30195,104921
460832,206981
103208,125745
1786767,489659
2172745,607478
424361,215214
8392,100052
9046,98625
7203,98286
10774,99755
8540,98686
7637,98840
13098,100515
9105,98603
10847,98321
34137,106202
13237,100210
86571,119147
31999,104204
30250,104294
458733,205012
103832,126371
1777290,485949
2178132,604244
422972,217208
8320,99861
8460,98925
7094,98937
9149,99044
8873,104495
7264,97687
13164,99587
9217,98640
10644,98727
34192,106117
13865,99544
87331,119822
31650,104072
30510,105415
458603,205911
104477,124973
1788192,483710
2158652,607672
420234,214667
9067,100467
8252,98501
7189,98251
9712,99079
9101,97943
8123,98434
13289,100304
9529,99549
15010,101466
34467,105938
13583,100022
87787,120140
32655,105285
29876,104249
461254,206320
102600,126383
1778762,500889
2189014,602979
424774,217238
8015,100895
7992,98975
6838,98421
9663,99524
8881,99677
7570,99115
12733,100979
9244,99054
9937,98750
34802,106527
13156,99153
87375,120759
31166,105375
30420,105074
457786,206544
103292,124817
1789489,488553
2184036,609844
423493,214475
8210,100157
8319,98164
7347,98380
8849,98714
8545,98871
7414,97624
12519,99256
9714,97785
10220,98354
33621,111994
13553,99154
86858,118925
31501,104542
30071,103888
468007,205418
104208,125361
1791954,485280
2164214,625399
416059,213886
8439,101884
8046,99157
7352,98183
9485,99030
8657,98561
7464,97847
12806,100301
10166,99159
15443,100252
34428,106508
13802,99273
87662,118913
32058,105410
29844,105122
457733,204441
103797,124380
1792685,493997
2177832,609723
424360,217981
8481,100284
7941,99855
6954,97776
9568,98791
9053,98462
7842,98094
13002,100933
9452,98786
10137,99257
34952,107466
14168,99347
86674,119541
31240,104509
30404,103777
458810,206061
103375,126302
1775254,500737
2175643,604165
428094,215111
8344,101127
8512,100032
7285,97849
9402,99584
8782,98764
8232,98131
13103,99331
9684,98388
11071,98116
34847,106052
14366,99249
86323,120139
31818,104881
30263,105118
458112,207671
103899,124648
1777900,489652
2180386,607530
419028,214593
8932,100378
7875,99843
7431,98953
9569,99729
8943,97657
7335,97921
13290,99345
9362,98411
15325,101716
35063,106877
13713,99588
87478,120823
31275,105338
29831,104655
461036,204883
103440,126239
1772186,492486
2176382,609555
425370,216915
8283,98918
8442,93211
6691,98823
9312,99534
8758,98634
7156,98355
13093,100311
9556,98871
10630,99080
34555,107327
14170,98875
87123,119574
31625,105724
30862,105213
454527,206079
103348,125352
1757181,486194
2187173,612461
422709,218043
8459,99952
8720,99100
6698,90282
9278,98885
8783,98075
7296,98174
12448,100488
9690,98791
10382,98904
34249,107153
14035,105424
86342,126149
31693,105122
30158,105677
467525,205314
103484,126134
1769340,487171
2173095,613864
428145,215761
8551,107103
7827,98157
7424,97921
9745,98561
8110,97527
7054,97930
12301,99008
9595,98543
15080,100558
34379,106525
13581,98878
86766,120193
31858,105128
29860,103604
460626,213084
105222,125197
1782416,488924
2176537,602085
423342,216539
9029,99235
8159,99194
7793,97431
9480,98924
9054,99240
7097,97925
13199,99883
9826,98510
10613,98965
34270,106988
13700,99760
86511,120751
31118,104329
30468,104599
458789,205820
103337,125703
1774238,489959
2166400,597666
429386,216627
8511,99922
8296,99621
6662,98028
9316,98473
8809,98205
8030,98028
13194,100894
9554,98897
10597,98819
33787,107613
13545,99830
86541,121272
32097,104992
30464,105513
460330,205953
104659,126183
1785542,489261
2174479,609475
421111,213513
7949,100947
7957,99127
6735,98939
9100,99747
8361,98170
6841,97805
12385,99937
9167,98960
14697,100581
34764,105967
13223,100079
86515,120463
31398,106523
29233,104549
460917,205637
103578,126094
1786550,502181
2170161,606422
424584,215263
8314,102036
8311,99654
6415,97980
9759,99335
8576,98147
7321,99075
12969,100225
9561,98725
10125,99069
33837,106527
13886,99924
87272,121145
31592,105552
30168,106557
457598,207597
103132,125057
1783391,487875
2187046,610567
423299,216217
8531,102457
8937,98910
7181,98643
8992,99508
8813,98768
7815,98594
12996,100027
9361,98451
10710,99420
34137,106384
14497,99245
87306,121723
31655,105263
31161,105028
459030,205687
103788,125915
1778683,489839
2184858,607832
417931,216914
8110,100738
7673,98928
7399,98815
9522,100047
8365,98758
7337,98049
12973,100710
9605,99004
15018,101009
34464,106500
13994,100762
87374,121371
31709,105575
38149,105034
460077,205669
104622,126303
1767390,487109
2188932,608924
425549,215634
8628,103252
8391,98804
7143,99244
8997,98274
8531,103388
6994,98046
12672,100387
9409,99199
10244,99165
34967,106883
13749,98986
87196,120020
31575,104677
30503,103927
457932,211385
103523,124975
1774184,488196
2172832,611857
426359,216339
8681,100081
8636,98491
7168,97638
10073,99297
9447,97884
7438,97053
13739,99955
9118,98574
11529,98951
34331,106967
14116,100128
87164,120141
32486,104470
30545,104775
459152,206455
104104,125735
1787177,495541
2167304,612941
418480,215546
9042,101081
8204,98764
7226,98497
10368,99858
9257,97764
8113,98081
12706,99937
10224,98636
15515,100792
34492,107342
13763,99736
88993,119946
31498,106533
30033,105330
462510,204726
103710,124702
1776315,495152
2189850,609661
427613,218681
8811,102056
8158,99145
7473,98440
9074,98957
8963,97942
7341,98254
13457,96104
9527,98494
16153,101214
29248,105207
13513,99119
87383,121354
31053,105288
32343,105500
455881,207059
103980,126430
1779377,492167
2196402,601860
421286,218904
9018,100113
8046,99616
7707,98846
10320,99913
9418,98680
7751,98201
13694,100650
8934,98041
15590,101070
34855,107043
13873,98771
86978,121831
31073,105859
31115,105002
458418,206345
104200,126900
1767275,484096
2199937,618255
418244,216033
8624,102861
7916,99139
8126,98743
10700,100322
9792,100229
8225,98535
13352,99712
9135,98968
15353,101120
33884,107247
13585,99987
87159,120376
31340,104923
30939,105519
459030,207156
104863,126034
1762560,490230
2186671,615063
417368,214215
8522,100224
8094,97925
7369,99965
9949,99302
9402,99152
7340,97359
13370,99323
8997,98811
15068,100136
34430,106466
13668,98612
86819,119415
30619,104167
30713,105411
468067,206806
103216,125892
1779695,490916
2179503,622561
418223,223945
8329,100736
7893,98878
6765,99538
9779,100583
8842,98893
7247,97905
13291,100433
8682,98994
15697,100668
34237,106996
13327,99794
86642,120897
30566,106120
30388,105271
461379,205938
103887,126302
1777749,488162
2170286,604261
417773,214589
8586,100427
8270,99533
7440,99585
9526,100066
9629,99302
7607,99368
13635,100839
9056,99295
15579,101714
35301,106775
13758,99892
86726,121547
30209,106409
30938,106174
456613,205335
104044,124887
1771534,492541
2172489,608861
421647,216798
8410,99571
7683,98462
7334,98179
9369,98600
9757,97859
7650,97047
13007,99642
9193,98688
15721,100419
35516,107373
13934,99267
87048,120633
30540,104224
31162,105851
459672,205395
103964,125643
1755904,486217
2191058,607606
416413,216818
8455,100271
7472,98111
6814,98736
9075,101068
8745,98131
7093,97610
12577,98770
8896,98407
15337,100788
34208,105750
14002,99584
86882,121429
30743,105450
30999,104503
460550,206686
103681,126208
1760865,487651
2184796,612551
418243,216963
8601,103134
7255,99365
6962,98938
9599,99807
8837,99645
7324,98903
12938,100066
8843,98662
14967,100585
34320,106208
13861,99890
87161,121287
31158,106198
31056,106292
461578,205781
103344,126609
1759209,484228
2184271,601986
416565,216238
9232,100830
7654,99453
7342,98952
10152,99705
9023,104417
7442,97921
13049,100670
8915,98397
15207,100731
34819,105877
13534,99090
87069,121151
30762,105568
30733,104764
456346,211934
103553,126602
1770299,488237
2172981,613745
422165,215404
7750,99707
7940,98947
7587,99228
10138,98702
9310,98672
8003,98385
13480,99874
9228,98797
15261,100340
34860,106044
13103,99535
86346,120952
30221,104921
30539,104284
460061,205247
104409,125607
1774424,498013
2195771,608815
416424,215812
7930,99692
7915,98455
7276,99686
9899,99890
9435,99858
7875,97696
13095,100716
9051,98377
15359,101796
34369,107173
13672,99191
87116,121460
30956,105047
30310,104320
461657,205489
104705,126444
1778464,489979
2185463,613829
418779,215531
8285,100698
7414,98232
7332,98688
9828,99392
8870,99311
7728,98028
12945,100218
9776,98356
15759,100410
34737,106701
14221,99574
89017,120497
31052,105660
30964,104503
459327,205896
104565,127362
1761192,494362
2184582,611136
416275,215258
8174,101672
7783,99611
6758,99078
10023,100178
8899,100136
7587,98513
12701,101185
8898,99163
15564,101789
35057,107756
13853,99632
86868,121204
30874,104836
31077,106459
459435,207259
105019,127656
1765767,485541
2172944,605190
414942,214162
8075,100670
7547,99945
7275,99543
9329,99063
8681,99971
7486,98691
12453,101531
8792,98761
15245,101186
34891,106520
13549,100073
86564,121524
30606,106254
30362,110955
458540,207414
103787,126729
1755464,488444
2183149,608594
428832,216972
8402,100939
7308,104499
7461,99259
9945,99445
8872,98588
7656,98826
13175,100768
8825,98241
15532,100381
34428,107924
13364,99062
86794,120629
31405,104610
30888,104734
455737,214161
103926,125237
1764245,488469
2172338,609204
416383,213452
8256,102419
8152,98456
7026,98644
9160,99204
9183,98925
7432,97813
13152,100621
9288,98101
15487,100856
34747,107615
13633,99373
86732,120834
30517,105891
30759,105592
459564,206074
103249,126149
1770897,491106
2168418,602894
415492,215093
8380,99639
7721,98581
7459,98132
9610,98869
8965,99174
7619,98397
13126,100195
9243,98458
15393,100827
33946,107142
13794,99494
86847,121129
31161,104263
31037,105359
455506,205792
103778,125712
1765356,499761
2177587,606798
416989,215613
8732,100008
8431,99035
7544,98914
10052,100088
8774,99482
7697,98393
13973,100325
9351,99706
15646,100462
34657,107088
13267,99292
86473,120845
30733,104674
30495,106224
458515,205377
105055,128579
1765033,490316
2183383,604310
416212,216312
8313,100741
8021,98716
6837,99107
9640,99426
8892,99567
7920,98028
13738,100375
9407,98652
15022,101654
33912,106925
13835,99231
86530,122847
30502,100654
30265,104848
458956,207759
103595,127638
1764905,491446
2168818,609043
427296,215769
8629,108653
7809,97834
7614,98464
9848,99258
9424,98018
7228,97935
13524,98939
9729,99246
15273,99703
34970,105883
13925,98145
86943,120033
30678,104597
30418,103938
456819,204914
103996,125747
1773186,489021
2182414,605128
418635,216972
9187,100479
7581,99305
6957,99092
9872,99505
9226,98324
7753,97566
13095,100174
9357,97842
15297,100772
35358,106640
14327,100057
86563,120245
30883,105073
30842,104934
460481,206694
103914,125906
1770169,484776
2175917,609578
419965,215186
8647,100525
7614,99290
7275,98920
9825,99486
9115,100025
7437,98203
13195,100598
8815,98862
16078,100891
35125,107864
13676,99623
87055,120651
30299,104554
30892,96298
459441,208861
103923,125861
1771604,487546
2178797,602358
417299,215487
8810,100945
6919,98850
6969,99174
10033,101545
9168,100660
7762,99560
12645,101141
9182,98891
15261,102109
34650,107330
14037,100709
88071,120892
31068,105534
31082,105105
457622,206067
103945,126496
1766311,491712
2185368,601542
417376,215342
8722,101118
7727,98599
7834,99835
9465,100162
8946,98619
7469,99015
12716,99319
8763,99385
15134,101262
34366,106685
13004,100565
86110,121218
30483,104797
30654,104837
454353,211387
103607,126693
1781050,487600
2168284,604067
418296,217818
8123,101409
7566,97754
7027,99389
9568,99364
8807,98262
7616,97465
12710,99922
8725,97760
15196,100719
34515,107192
13021,98575
86849,120279
29906,105647
30597,104556
457668,202738
103566,125219
1756715,484223
2160109,597744
413987,214143
7865,99265
7273,97511
6773,97703
9602,98873
8775,97784
7488,97271
13375,100565
9964,97712
14781,100069
34346,106018
13921,98568
85060,119519
29695,104952
30439,105087
456419,205461
102392,124928
1755135,485677
2171012,603968
416374,214214
8753,100910
7191,98458
7162,97907
9638,99599
8780,99143
7335,97314
12841,99417
9413,98311
15187,101725
33771,107175
13536,99562
86595,120850
30550,104742
30928,105626
454843,205548
103950,126025
1750143,487481
2157081,598775
408566,214080
8462,101075
7146,99019
6801,99058
9372,98658
8922,98453
7370,97648
12911,100450
9074,99677
15020,99708
34300,105735
13352,99788
86651,120602
29981,104389
29953,105654
453742,210467
101670,124740
1762624,486649
2139943,595629
411923,215285
8786,99782
7634,98329
7635,99093
9552,99850
9052,98571
7607,98137
12913,99386
9124,97406
15052,100525
34416,106427
13389,100039
86230,120321
30535,104638
30817,104628
452265,204765
104141,126040
1766938,487824
2139036,600811
410750,214380
7997,101264
7543,98869
7066,98753
9973,100170
9103,99948
7591,97567
13386,100160
9356,98478
15312,101280
34335,106407
13489,99556
86306,120821
30584,104306
30419,105375
456133,204738
103470,125078
1750859,485604
2168125,603913
411705,214508
8268,100446
7809,98306
6735,99445
9946,100671
9456,100351
7245,97690
12653,100675
8818,99825
15165,101478
33957,107037
13201,99801
85555,121206
30623,104515
30578,105119
455352,205135
102315,126379
1757081,485155
2164900,602220
411996,215152
7911,102855
7362,101246
7110,100011
9830,99463
8731,100444
7458,98341
13065,100672
9032,99218
15296,100621
35025,106652
13195,99906
86146,121604
30242,105491
30017,105417
451700,205217
103639,125204
1772981,488326
2151936,603394
416979,214078
8937,99585
8092,98420
7067,98428
10048,99285
8739,98657
7167,97176
12526,100499
8881,98775
15093,98325
33680,107148
13333,99905
85442,120590
30445,105143
30559,103879
460607,204417
103439,125361
1781562,489679
2186561,595958
419589,215309
7927,101660
7938,98555
7222,98570
9691,100000
8986,99070
7368,98812
12601,100391
8671,99602
15208,100621
34301,108804
13354,100814
86540,120665
31137,105401
30628,105512
454554,206747
104629,126374
1774601,483976
2194311,606699
419007,214856
8419,100003
7651,98174
7464,98507
10148,98777
9241,98940
7200,97499
13077,100462
8826,98104
15104,99813
34653,105573
13434,98803
86127,119758
30136,104534
30245,103805
468897,205291
103891,126575
1772749,490257
2166940,613321
421890,216363
8738,100400
7233,98509
7104,98720
9917,99453
8757,98647
7609,98458
13327,100720
9134,99396
15548,100198
34970,106780
13843,99390
86379,120648
30744,104798
30412,105369
456890,205414
104128,125725
1772431,490025
2157367,605327
418696,216215
8468,101224
7302,98806
7363,99065
10134,100774
8824,99734
7988,98164
13501,100951
8887,98017
15340,101171
34422,107299
13590,99677
87065,120119
30957,104601
30082,104692
459394,205794
104582,126196
1769133,496179
2196006,607137
417129,216734
8644,102119
7264,99866
7187,99351
9740,100656
9179,100069
7656,97821
12925,101233
8962,99337
15746,101600
35314,106322
13573,99981
86619,121284
31545,105289
30557,106116
457291,207140
104286,127935
1774138,489159
2184806,604444
415672,216913
8256,101905
7533,99913
7398,99776
9287,105193
9366,99774
6956,103778
12493,105455
9764,103745
15097,100297
34097,106301
13288,100344
87106,120244
30957,104285
30397,105130
462183,210283
103756,126501
1777724,486239
2171066,595531
417442,217187
8284,101164
7761,99270
7095,98730
9557,99865
8820,99256
7119,98697
12760,101613
9157,98618
15374,101017
34403,106958
13460,99812
86854,122191
30437,105639
30810,105420
462588,205157
103215,127203
1773458,485128
2175095,608634
417708,213778
8690,99199
7717,98842
6746,98653
10028,99667
9386,99639
7928,97315
13163,100446
9268,99095
15537,101665
35229,106593
13795,100095
87034,120847
30446,105819
30701,107394
459667,205549
104126,126858
1772311,491101
2186254,611023
413724,215840
9195,101691
7614,99889
7212,98214
9484,99190
9252,98468
7390,98963
12950,99888
9280,98730
15200,100121
34442,107569
13328,100172
86442,119908
31382,104634
30137,106568
460952,206222
103634,126184
1768093,490706
2189047,605718
429820,215555
8520,101204
8418,98970
7131,98833
9462,99548
8585,97811
7150,98051
12507,99848
9246,99102
10782,98597
34400,107166
13501,99904
86479,121754
31351,105085
30127,105265
455874,206094
103401,125923
1784404,489752
2189249,599803
424329,215871
8524,99725
8259,98759
7132,97953
9232,98744
8733,98211
7744,97782
12651,98787
9675,98111
10710,92111
34024,106439
13845,99016
86642,119304
31414,103271
30113,104864
459785,205712
103999,125080
1792813,495493
2179608,608159
416107,216050
8557,100768
7859,99462
6984,98035
9331,98762
8933,98423
7741,97142
12637,100112
10423,98988
15106,100089
34886,106953
13571,99452
88286,120305
31583,105225
29755,104707
463898,207343
103774,126470
1783560,487303
2191365,600934
424219,217049
8281,99420
8677,99197
7165,98172
10012,99497
8669,98948
7173,98852
13589,98776
9832,98478
10132,97685
34455,106067
13795,98787
88163,119751
32089,110217
30340,104120
465201,204770
103344,130784
1772061,487184
2182099,610311
422754,226385
8195,99094
8694,98934
7756,98302
8967,98640
8974,97617
7260,97279
12951,98950
9514,97969
10600,98200
34710,106339
13956,99553
86210,119778
31812,104361
30039,104172
463007,206762
104130,125887
1791244,490369
2172204,604822
418728,217828
7951,100512
8194,99223
7220,99336
9688,99018
8550,97964
7176,98341
12794,99001
9681,98676
15464,99716
34442,106336
13867,99022
88813,120058
32186,104962
30262,104074
459250,206101
104547,127565
1775163,485700
2175874,605465
424831,219048
8405,99072
8339,98610
7055,99017
10205,99400
9032,98720
7241,98217
13463,101341
9402,98467
10102,99375
34123,106140
13441,99740
86586,120261
31409,106569
30221,106259
461929,208327
103150,126675
1782382,488564
2199004,602798
421292,216456
8490,100576
9076,98991
7264,97921
9007,98831
8896,98751
7585,97831
12842,98968
9292,99371
10697,99692
34190,106606
13899,98417
87083,115292
31279,105055
30326,105180
458361,205914
104056,125556
1790515,486298
2165219,600445
416813,216108
8864,99199
8198,98608
6877,98303
9390,98636
8246,97180
8064,97398
12909,99314
9760,98296
15471,101133
34483,105692
13912,98065
87404,120499
31584,106161
30193,104879
463717,205663
102578,125180
1788040,496426
2197974,603596
426325,215537
9302,100992
8951,99052
7586,97895
9688,99153
8357,98943
7465,98453
13546,100497
9668,98569
10434,98999
34415,106442
13434,100499
86748,120303
32016,105328
30496,105772
460588,206034
103531,125166
1785633,485920
2181147,607708
427265,216368
7971,100266
9008,99702
7433,99204
9062,99566
9038,98888
7301,98466
13265,100263
9328,99369
10953,98519
39778,106363
14047,99631
87061,119637
32191,111258
30785,104087
464836,206530
104653,133731
1778219,486085
2175009,610898
416276,214632
8223,101050
8173,99130
7248,98288
9596,98739
8469,98712
7294,97737
13483,100964
10257,98639
15407,101022
35374,107064
13958,99504
87879,120425
32637,105280
29944,104702
460818,207602
103383,126701
1784712,491646
2174103,601597
427027,220025
9268,99745
8477,98941
7759,99248
9683,99906
9647,99142
7767,97461
13034,99709
9886,98096
10880,99540
34064,108224
14107,99879
87277,120476
31724,105301
30452,106084
461345,205641
104706,125119
1787615,489138
2188089,614777
424196,217145
7744,101227
7640,98873
6875,97123
9086,98905
8884,98812
7574,99118
13002,100118
9446,98240
10800,99327
33939,105973
14246,101030
87331,120171
32019,104384
30698,105820
461726,206298
104534,125773
1776717,488777
2187147,611960
429436,216702
8201,100743
15078,98606
7382,103614
9394,98840
9118,97944
7697,97526
13025,99760
9471,98428
14857,101227
34612,105601
14268,99752
88105,120592
31839,104734
30055,103419
461760,206908
102367,125691
1783781,485341
2166948,612495
427245,215887
8822,101995
8212,100190
7125,99121
9917,99629
8655,98813
7400,99366
12979,99434
9999,97769
10452,99028
34162,106185
13971,98599
86499,118926
31681,104636
30476,104588
461907,205287
104004,125058
1779913,499899
2181045,603225
424970,216142
9159,99971
8448,98639
7155,98830
8826,99306
9211,98588
7085,98076
13003,99195
9469,98207
10169,99119
34556,105928
13969,100813
86963,120341
31940,105306
30773,104084
459211,206181
104236,124817
1785872,485161
2186665,606442
417046,213026
8443,99843
8100,99624
7339,98032
9066,98861
8482,97591
7271,102849
13144,104861
9814,103907
15145,99475
34603,106372
14240,100839
87164,120619
31939,105058
29844,104567
457801,212478
103125,125051
1796508,489270
2168180,602306
424979,217647
8832,98726
7824,98714
6515,98020
9258,97986
8664,98423
6846,96992
12437,99689
9202,98342
10146,98795
34245,106179
12971,98482
86911,120818
31232,105594
30046,105658
459220,206038
102897,126063
1793522,487921
2178970,597177
423369,217193
7856,100604
7633,99140
6516,98631
8940,99865
9172,98908
6974,98739
12238,99122
9134,98851
10373,99524
33735,106849
13311,100354
86085,120946
31406,105993
30345,105539
458983,204834
104317,126812
1790950,487211
2184145,603966
416714,217291
8535,103146
8737,99441
7646,99652
9588,99894
8536,99285
7114,98890
12365,100186
9463,98732
14825,106763
34214,107366
13664,106006
87806,125783
31969,105886
30110,104877
468920,205802
108897,127243
1777664,492668
2185183,614637
422062,224003
7761,101343
7884,98260
6624,98126
9405,99151
8499,98446
7565,97286
12910,99738
8987,98277
10522,97645
34231,105734
13329,99072
87928,121340
31350,105697
30028,104696
464784,205871
102949,125638
1803565,488194
2166244,599318
422593,214829
7831,99302
8477,99038
6835,98004
8675,99336
9100,99762
7714,97925
12498,100671
9610,99820
10610,99726
33875,105597
13707,98876
87772,120843
31676,104783
30356,105234
461826,206347
103529,126774
1785616,486048
2174371,605630
413208,217346
9034,101707
7868,99367
6620,99158
9541,99957
8354,99199
6862,98192
12581,100454
8950,99780
15030,101348
34573,107417
13763,100509
87742,120103
31525,106432
29333,110719
460332,205870
103606,126476
1775908,492863
2170087,608820
437894,218075
7961,100477
8614,97434
6426,97676
9103,99488
9037,98408
7083,97374
12752,99336
9150,97578
9917,98647
34315,107232
13638,99539
87221,119890
31584,105079
29525,104554
459594,206228
103041,126102
1788130,489887
2170633,601559
420377,217276
8996,100235
8873,100380
6641,97711
9072,98828
8892,99110
7384,98221
13105,99568
9422,98158
10457,99179
34168,106945
14079,99541
87097,119970
31795,105519
30376,103751
460414,205876
104388,127344
1797825,496815
2178226,604669
419201,218142
7781,100604
7979,99092
7141,99069
9438,100383
9170,99251
7378,98253
12805,100032
10373,98628
15231,100783
34982,106160
13806,99932
88179,120627
31724,105637
30205,104957
459545,208588
103354,126361
1776619,482127
2191801,600765
427012,217087
8319,100642
8115,99411
7341,98380
9228,99909
8389,99278
7141,96811
12655,100449
9473,98389
10019,99198
34010,106917
13328,99347
86210,119231
31250,104854
29985,104615
458355,206922
102774,126620
1790350,486085
2185484,605100
424079,215811
7609,99790
8098,98664
6969,98479
9139,99556
8903,99233
7225,98246
12686,99802
9558,98932
10641,99676
33736,107795
13821,100596
87707,121409
31744,106133
31178,104289
459640,205238
103894,125975
1781305,491593
2171396,602592
421970,215976
8684,101065
8312,100230
7715,99185
10161,99034
8664,97493
7941,97878
13870,100297
9913,99469
15097,100758
34618,106926
13518,99174
87340,120408
32351,105850
30189,104655
467009,204772
104631,125695
1774417,496999
2189547,598125
424489,216907
8203,99901
8130,98528
6797,98755
9548,100721
8977,99767
7454,97847
13246,100586
9425,100868
10345,99046
34671,106717
13927,99500
87540,120449
31044,104417
31032,104939
460802,204251
103894,127171
1777323,489916
2183662,602954
423091,216163
8265,101224
8652,99348
7220,99945
9318,99311
9025,99044
7623,97810
12723,100799
9246,99836
11269,99683
34132,105229
13974,100202
87158,121901
31375,105760
30994,104276
456363,205064
104624,125823
1774979,485604
2187874,605124
417972,215250
8900,101291
8026,100300
7622,99423
10322,99174
8301,99275
7660,98077
12890,100708
9790,99211
15285,106121
35123,107125
13992,100858
93912,119696
31846,105129
29506,104163
464503,205246
102905,128483
1765959,491639
2178129,609515
439808,217694
9487,101000
8024,98884
7123,102752
9536,99344
8694,97988
7341,98579
13415,100200
9514,98348
10307,98662
34337,107181
13357,98165
86659,120449
31243,103921
30003,104448
458901,204680
103096,125632
1778133,484965
2165163,603789
426002,218185
8112,101157
9474,100069
7667,98899
9491,99367
9148,98628
7541,97563
13059,101299
9647,98949
10964,99927
33692,106759
14915,100155
86644,120624
31500,105888
30642,106037
462498,207737
104197,128320
1781689,481854
2173926,604540
420294,216316
8677,100937
7754,99999
7496,99212
9384,99485
9010,99328
7579,98617
13016,100608
10239,99411
15272,100080
34926,107558
13997,100041
87674,120684
31746,105398
29651,105196
459367,206139
103891,127238
1780356,489168
2179192,614598
422856,215254
8953,100813
9155,99538
6743,98758
9309,99870
8970,98193
7280,98578
12970,100034
9876,98526
10305,99536
34401,107475
14052,99651
86607,120753
30925,104836
30149,105458
460188,207007
102053,125311
1760296,491478
2185868,605769
423481,218756
8402,101633
9208,100335
7720,98696
9516,100561
9047,99184
8381,98452
13826,100937
9323,99082
10067,106585
33633,108489
18762,92217
92130,121507
31668,105240
30551,105337
468849,207327
103246,125823
1773559,488269
2168803,617117
424122,215519
9171,99787
8484,99473
6789,98105
9693,99504
8442,98546
7441,98524
12935,99775
10006,99007
15231,102017
34110,107246
13465,99720
87903,120883
31568,105270
30081,104831
457409,206367
103657,126807
1787471,490911
2167208,606969
430008,216649
9055,100504
8137,98987
6873,98465
9610,98888
9144,98427
7628,98920
12823,99340
9097,98861
10444,98391
34016,107553
13989,99383
87843,120024
31635,104894
30043,104556
458273,206523
102545,125619
1778613,496735
2189033,606106
423406,216319
8300,98085
8593,98580
7600,98475
9008,98609
8835,97865
8264,97412
12968,99419
10359,98411
10660,99298
34228,106079
13942,100026
87244,119253
31281,104015
30566,104396
457661,205180
104189,126170
1784776,488161
2176365,607834
419214,214996
8581,100578
8168,99819
7196,98467
9843,99440
9084,98648
7318,98313
13467,101469
9628,99364
15330,100673
34986,106636
13648,100409
88387,120151
31836,106876
29774,111363
459444,205780
103125,126528
1767121,486366
2172897,606137
436786,214817
8002,101417
7972,104844
6916,103483
9481,99600
8297,99006
6794,96979
12588,99738
9669,97621
10429,99635
34088,106842
13552,99619
85645,119615
31377,104635
30089,104827
455666,206182
103230,126253
1775574,488569
2161109,604457
425803,216378
7803,101172
8439,98893
6449,99152
8414,99022
8454,99249
7579,98343
12735,99183
9907,98592
10374,99366
33865,106538
14054,99624
87330,120571
31511,103705
30298,105000
457419,206653
103757,125696
1784846,494930
2174188,603856
419224,217921
7987,102238
8362,98921
7567,98689
9753,99602
8174,98251
7553,98196
12777,100312
9877,98478
15220,100396
33730,107345
13693,100206
87108,120257
31766,104878
30078,105207
460795,206094
103710,125463
1771539,486435
2188569,604223
424235,216674
8406,99344
8751,98223
6865,98273
9702,98988
8444,98581
7253,97924
12997,99673
9347,98341
10100,98459
34450,106455
14185,99467
87551,120505
31428,104208
30270,105891
459484,205885
103733,127993
1773970,488652
2168888,604558
427233,214493
7782,100931
8355,98930
7442,100018
8417,98727
8760,103538
6830,97895
14064,99451
9203,98219
10614,99205
33880,104957
13423,99217
86298,119753
31674,104457
30200,104553
460503,213729
103733,125364
1787180,483081
2172892,608837
418813,216980
8521,100848
8570,98719
7779,97733
10372,99280
8697,97755
8041,97698
12619,98724
9935,98433
15210,100911
34835,107108
13645,98887
88510,120223
31569,105618
30492,104911
457714,205135
102918,125593
1783789,491036
2170386,606267
425401,216435
9106,99957
8722,99212
6815,98174
9412,98074
9267,98288
7031,97641
12570,100432
9636,98650
9878,98213
34085,106100
13746,98211
86876,120335
31656,106292
29614,105346
461085,207054
103124,125450
1769318,489513
2183109,598104
423980,216443
8360,100981
8170,99576
6837,98496
9174,98212
8684,98785
7080,98512
13312,100128
9056,98433
10329,99060
33509,107950
13537,100128
87050,121578
31599,104895
30337,105409
459197,204816
103909,126245
1779390,495826
2193587,612619
415884,214087
8474,100924
7687,99379
7403,98514
9700,98495
8403,99588
7110,98140
12887,100018
10337,99992
14866,101112
34568,106532
13954,99541
88405,120059
32388,105995
30581,105081
459349,212429
104196,125699
1783785,488210
2180360,604257
424179,217973
9127,100984
8109,100368
6985,97745
9989,100155
8900,98992
7774,98419
13201,99593
10111,97470
10372,99003
34843,106435
14026,99248
88160,120344
31694,104942
31673,105191
460395,206855
104308,125823
1784227,488681
2175463,605794
424061,218957
8296,100729
8652,97907
7116,98897
9670,100067
8755,98721
7404,97907
12910,99299
9274,97742
10408,99276
34558,106193
14093,100020
87019,120422
31044,104750
30702,105134
461388,204661
103271,125896
1793923,487078
2196200,606453
415918,215383
7950,101873
8434,100225
7425,98378
9640,99346
8813,98658
7564,98465
13377,100333
9794,99214
15269,100927
34307,106940
13931,99353
87263,121386
31534,105639
29614,105962
462209,207752
103575,125943
1785908,487365
2187451,603181
423714,216918
9445,99285
8106,97859
7572,98645
9178,98997
9400,98361
7840,97792
13186,99812
10370,97936
11033,98825
34574,105338
14124,99579
87903,119210
31391,104577
30465,105477
459967,203807
103576,125177
1800722,490975
2178509,607263
422833,216954
8569,100776
8943,98924
7614,99578
9025,100356
8837,98846
7762,98275
13029,100487
9701,101254
11026,99097
34412,105842
14070,100620
86740,120392
32087,104355
30705,105453
461986,206336
104475,125914
1784640,494508
2188447,599427
415641,211657
8494,93772
8143,99811
7198,98803
9820,99439
8960,98001
7611,99528
12200,100474
9661,98794
15335,100673
34537,107194
13535,101056
87430,120527
32159,105693
30226,105383
459952,206334
103274,126050
1781182,485759
2192836,608233
423452,214668
8703,100551
8585,100167
6255,98210
9908,99720
8591,98404
7139,98963
13172,99985
9458,99477
21800,101672
28936,105282
13709,99815
93674,121312
31071,105401
31716,105085
467392,205803
103471,127063
1786974,488606
2157911,617132
426375,219568
8669,101013
7431,99380
7183,98067
9562,99956
9044,98575
7070,97643
12986,100491
9018,99097
14862,101183
34303,106392
13202,100334
87035,122038
30305,104828
30675,105747
459901,206971
103943,127296
1786532,484920
2185737,596173
417882,216042
9117,100184
7640,98992
7078,99332
9257,100369
9112,99370
7241,98116
13306,100915
8825,99888
15702,101224
34955,107052
13534,99857
86198,121187
31136,106081
30816,105384
459107,207844
104342,125508
1777828,486911
2191444,611500
414177,215736
8065,100077
7637,99927
6993,99512
9979,99367
8771,98668
7200,97580
12760,100353
9175,99332
15150,102359
34191,102814
13220,98530
86478,120223
31116,106084
30624,105141
459084,205201
104133,127166
1771463,487230
2189114,596693
416239,217228
8413,100892
7660,99001
7307,99340
9640,99652
8744,103524
7531,98437
12502,99938
9351,99040
15463,100558
34509,106865
13437,98986
86770,120860
30799,104836
30607,104552
457304,206094
104201,125811
1787686,492859
2181447,598974
416757,214011
8161,100364
7568,98590
7376,99314
9829,99530
9296,98275
7696,98313
13095,99867
8956,98993
15509,101490
34741,108067
13712,100390
87433,120679
30934,104911
31122,105660
459728,206479
103660,125414
1770464,501686
2189164,608260
416307,216519
9033,100928
7738,99190
7266,98327
10364,99934
9134,99006
7739,98383
12946,100010
8794,98995
15576,101154
34600,106629
13509,100677
86520,121818
30082,105477
31553,105230
456928,205140
103403,126447
1781206,492397
2204037,614534
419314,216058
8515,100185
7513,97798
7579,97796
10005,100552
9024,99105
7807,97440
12729,100421
8993,97800
15427,100272
35078,105867
13383,103796
86337,125268
35535,105083
30342,94940
466669,207062
117985,125560
1790517,487971
2175743,623994
416167,223657
7959,101894
7634,97735
7242,97869
9927,98267
8660,98283
7922,96698
12783,99201
8945,98354
15629,99633
35546,106593
13231,98600
87039,121161
30573,104564
31192,104175
457764,205281
103707,125543
1777712,486984
2178152,603558
417002,217832
8851,99867
7741,99231
7475,99625
9719,99174
8948,100262
7661,97902
13436,100470
8692,99210
14742,100515
34244,107422
13039,99329
86337,122247
30415,104870
30194,105340
459768,206534
104425,126470
1778023,496167
2186928,603005
416735,217058
8444,101153
7202,98749
6976,98552
9567,99463
9159,97555
7260,97706
12342,100304
9107,99239
14681,100427
34255,106023
13142,98886
85894,120698
30722,104798
30903,104067
460655,204951
103595,127431
1761749,486735
2189343,604729
420634,215378
8364,100565
8053,98196
12639,98388
9507,98828
9656,98225
7972,98532
13409,100126
9220,98117
16048,100285
34986,107152
13289,98886
88040,120784
30826,104773
30778,104242
466816,206830
103190,126791
1786243,488167
2175834,608746
418562,215704
8324,99548
7997,97757
6907,98149
9937,99687
9301,98885
7191,97028
12457,100278
9649,98418
15166,100499
34216,106110
13248,99743
86244,120868
30608,103929
30790,104407
458984,205531
104031,125924
1779332,503021
2192667,608334
416318,215484
8878,101452
7460,99471
6868,99477
10283,99664
9190,99462
7236,98119
12565,100718
9073,98630
15421,101128
34318,107662
13451,99035
86841,121379
30329,105542
30295,105773
462260,206376
103505,125945
1767321,483956
2185712,609964
416541,216598
8287,101365
8307,98598
7294,99120
9399,105945
9231,98403
7698,100098
12322,100563
9082,99261
15006,101023
34521,107790
13056,107456
86820,126556
30779,105422
30738,104457
465684,205444
104432,126748
1764036,492159
2174492,615425
427054,215727
8319,106804
7194,98800
7141,99075
9810,98738
9163,98429
7229,97860
13196,99783
8881,97863
15910,100508
34677,106504
13676,99835
86819,121636
30230,105215
30573,105436
456766,212274
103848,125005
1770016,498988
2184997,613280
416621,213996
9136,101055
8585,97984
7407,98580
10035,99205
8778,97505
7330,97824
12922,100177
9361,97704
15422,99980
34404,107521
13626,99982
87182,120313
31002,105089
30687,105837
458494,204343
103805,126295
1779508,485922
2168267,607749
420970,217195
8465,100814
7783,99239
7143,98423
10318,99478
9525,99311
8095,97901
12824,100799
9286,99819
15571,101385
34666,107061
13627,100048
88004,120710
30902,104723
30844,104530
461898,205071
103819,125476
1776848,493669
2173753,607193
418970,215514
8293,101188
7280,99657
6669,98770
9098,99771
9274,99402
7684,97501
12550,101139
8688,99239
15174,101426
34033,107618
13446,99777
86566,119754
30614,104724
30730,105012
458298,205553
104629,126043
1768041,500928
2194298,609089
419022,215771
9225,100419
8069,98403
7427,99663
9970,99607
9559,99379
7730,98071
12878,100411
9826,100139
15536,101235
34704,107926
13356,99987
87044,122244
30610,104815
30378,105512
458721,204473
104636,125638
1768070,487991
2197102,609996
417249,215808
8043,99438
7451,97510
7121,97598
9634,98489
8977,97866
7392,97132
12845,98909
8785,98397
15475,100045
34548,106141
13156,99342
86238,119897
30961,104187
30523,104801
457968,204851
103439,125951
1773677,492001
2197331,611331
415761,217546
8678,99874
8413,98696
6845,98577
10046,99202
9093,98326
7409,97451
12297,100852
9225,98993
15087,100790
34381,106681
13533,99348
87158,121537
30887,104662
30341,105637
461157,205950
104052,127068
1760361,490083
2196642,605295
418580,216815
9128,101887
7566,99303
7233,98762
9351,105236
9017,98007
7537,103976
13314,105848
9115,100180
15151,100916
34142,112639
13779,100339
87602,120592
31048,110880
30654,104193
472605,205218
111499,127731
1765035,487322
2176026,621356
428591,216510
8283,99941
7742,97672
7121,99502
10052,98967
8628,99376
7236,97857
13205,99812
8976,98983
15072,101299
33997,106925
13078,99887
86569,120819
30723,105756
30157,105301
455984,205542
103741,126158
1768205,488366
2175310,600746
420643,214940
8588,102962
8154,101050
7620,98827
10217,100240
9171,99734
7282,98781
12963,100946
9208,99221
15136,101138
34701,108196
14406,99404
86883,121381
31369,105164
30804,106769
456240,206426
103867,127788
1763806,489400
2175969,603742
421023,213699
8765,99575
7754,99056
7504,98660
9555,99859
9050,98947
7843,98292
13521,100861
8702,99435
15154,101938
34994,106965
13435,101126
87209,120659
31337,105899
30565,105260
458781,205798
104157,127513
1764045,497956
2188734,608350
417156,216666
8176,100585
7779,99123
7126,99315
9700,100538
9285,100802
7649,98282
13077,100098
8806,99463
15515,100902
34519,107536
14061,100493
87308,121169
30536,105887
30379,105468
461026,206380
104855,126730
1768871,486731
2190142,607535
421537,218314
8821,100417
8289,98497
7296,98459
9617,100213
9158,101183
7648,98240
12571,100144
9511,98920
15304,101446
34794,107009
13377,99170
87072,120938
30732,104992
30707,106174
456025,205599
104772,126042
1768911,490062
2195736,606535
417885,217542
8293,102128
7411,98754
7540,99039
9501,100297
9035,99139
7498,98135
12867,101236
9140,100708
15589,102586
34855,107501
13627,100206
87334,121960
30812,106248
30443,106896
459434,206835
104213,126988
1755199,487707
2183219,601532
424568,215421
8461,102540
8047,99794
7536,100089
9757,99157
8654,104919
7248,98024
13470,100492
8933,98559
15127,101293
34089,108222
13572,99481
87327,121642
30997,106149
30372,104805
461595,213248
103371,126267
1775417,494639
2169834,615603
419357,215237
8450,100652
7428,99720
7076,98509
10224,99041
9049,98431
7890,97852
12947,99979
9009,99875
15584,100932
34058,105254
13878,98996
86898,121850
30300,104037
30781,105879
460729,205269
103616,125587
1775382,488164
2179722,597916
421507,216037
8952,100418
7200,99755
7553,98745
9949,99590
8968,98651
7540,96982
13768,100646
9224,98881
15740,100700
34256,106311
13935,99217
87328,120612
31511,105592
31207,105342
457587,205495
103589,127047
1767175,496677
2186310,607159
417297,216932
7781,101568
7736,98695
6904,98988
9698,100477
9005,100056
7440,98086
14177,100252
9044,100082
15588,102336
34162,108077
13315,100201
86949,121077
30878,106226
30666,105288
453067,206032
103007,126647
1767523,485741
2179486,612800
418355,214395
7991,100338
7464,99902
7362,98080
9803,98890
9278,99926
7514,98251
13311,99706
8806,98385
15319,100519
35002,107207
13594,100055
87031,121917
30467,105617
30693,104870
459990,205736
104671,125997
1760019,486841
2183713,607484
416198,214675
8306,99883
7643,98882
7304,98571
10033,99795
9705,98206
7600,98650
12717,99621
8890,98776
16142,94991
35370,107025
13585,106864
86965,126173
30946,105274
30572,104637
466232,206995
104623,127882
1780996,484531
2154026,613765
426264,217055
8336,99831
7349,98978
6826,98202
9631,99931
8999,98814
7208,98633
12875,100337
8985,98858
15417,101845
34479,106930
13557,100934
87285,121212
30556,105160
31257,105607
457584,204828
104279,125732
1765293,484120
2164120,602395
419339,213787
9731,100528
7953,99070
6841,98727
9155,99747
8689,99892
7109,98048
12873,100872
8661,98807
15015,101154
34220,107585
13763,101212
86906,121005
30783,106250
30339,106217
458029,205908
105285,127097
1756576,496028
2181836,602413
419289,215621
8777,100285
8017,98771
7018,99811
9410,99790
9673,99544
7551,97710
13105,101805
8719,99421
15589,102115
34693,106631
13771,100674
86463,120816
30479,106117
31081,106027
458439,206673
105374,127108
1775194,488517
2169165,601154
418618,215827
8735,102067
7513,100354
7026,99338
9169,100545
9073,99356
8001,99557
13100,100881
9450,99634
16241,100645
34620,107105
13831,100390
87073,120707
30716,106352
30966,105971
457503,207780
104164,128117
1761890,487239
2173260,600976
431278,215110
8671,101526
8376,99075
7548,98543
10394,99539
9100,98540
7185,98289
12765,99886
9375,98277
15285,100674
34164,106251
13234,99825
86882,120616
30910,105702
31128,105220
457395,205263
104017,126109
1780105,484700
2163375,602495
421746,214257
7865,100257
7561,97777
6666,97764
9326,99893
8765,98018
7299,97774
13018,99357
9320,99091
15208,100585
34228,106187
13552,99262
87407,120384
31008,104295
30628,105507
456373,205715
103159,126225
1777983,491433
2173775,606358
416904,215883
9068,100603
7420,99695
7360,100092
9888,99676
9305,99035
7889,97478
12988,100031
8922,98402
15492,100893
34771,106962
13932,100083
86588,119754
30641,105399
31558,105080
456263,204511
103829,124967
1773203,484076
2176820,612587
417649,216519
8629,101349
7638,98446
6624,98241
9904,99138
9050,99568
7039,97385
13028,100414
9317,97589
15742,100230
34113,106508
13689,100343
87240,120878
32440,104293
30379,105614
458528,205549
103218,125239
1764631,491196
2169988,599144
425700,216891
8427,101509
8763,99566
6785,98527
9561,99554
9616,98534
6950,97384
12944,99404
9662,98460
9846,98973
34135,106565
13198,100067
87056,119687
31402,105817
30531,104644
456118,212556
103904,126893
1756881,482911
2170110,597209
424097,217817
8314,100976
8192,99838
6807,98584
8766,98453
8316,99210
7149,96620
12447,98950
9472,98823
10773,99193
34372,106503
13900,100109
87027,119998
31420,104527
30541,104375
460722,206934
103690,126348
1775325,491188
2145352,604677
417910,215669
8506,101597
8114,98322
7007,98479
9748,100808
8651,98817
7677,97854
13005,100754
9556,99536
15205,100254
34374,106299
13676,99534
86994,120908
31270,105922
29661,106210
460467,206378
102755,127072
1777062,488907
2180661,607947
423547,218321
9262,100291
8606,100414
6902,98014
10205,99216
8567,98001
7223,97795
13255,100418
9212,99024
10608,99602
34727,107246
13602,100214
87614,121041
30804,104866
30320,105224
457726,206462
104011,126022
1766751,489080
2177958,607271
423145,217470
8815,101149
8671,99360
7259,99032
9617,98756
9350,100005
7985,104143
12892,106827
9444,98215
10557,99229
33841,112531
14511,99235
86608,120062
31429,104745
30572,105790
467747,205579
103862,133189
1777886,497498
2169262,618309
416590,225042
9075,100360
8159,98665
7666,99122
9558,100545
8617,98897
7749,97562
13237,99930
9847,98744
16109,100178
34759,106080
13627,99532
88112,120914
31563,105276
30080,105227
457823,207322
103588,125895
1783266,488474
2167413,600717
427098,214590
9085,99299
8206,99647
6994,99593
9563,99698
8528,98412
7786,98388
12848,101561
9032,98937
10476,99221
34397,107197
13402,100221
87732,120235
31800,105396
30636,105440
457248,207653
103589,127512
1772034,493216
2188787,608956
423019,219261
8578,102496
7919,99270
6690,99893
9499,98913
8933,98783
7330,98422
13289,100078
9387,99182
10738,99429
34568,106109
14259,100196
86348,121080
32356,104911
30582,105505
460989,206589
103565,125974
1797141,493114
2176152,610676
414117,214874
7730,101397
8215,98770
7654,98910
9485,99356
8592,98773
8286,97750
12562,100713
9869,98798
15037,101217
34544,107006
13840,99327
87902,120817
32056,109983
29662,104469
463399,208381
102847,132314
1787792,496319
2168951,617986
423251,223933
9528,100136
8442,99008
6831,98193
9398,99272
8201,98366
7283,98362
12981,99493
8877,98778
10192,98768
34108,106502
13138,100751
87357,120791
31347,105461
29759,105606
460275,205992
103771,127858
1769136,481484
2172522,599390
420762,216136
8553,100371
8534,100765
6904,100029
9115,99789
8705,101086
7073,98753
12811,100416
8980,98882
10219,100001
34033,107663
13821,99613
86839,121541
31858,104161
30381,104427
463625,206268
103771,125396
1778633,488672
2183716,603869
418009,213944
8505,100086
8082,98825
7128,98820
9481,98975
8499,99343
7253,98332
12713,99800
9568,98735
14760,100430
34340,108002
13702,100313
86982,121286
31451,106184
30099,105739
458744,208388
103233,126618
1782721,486018
2189430,600544
423908,216911
8592,99810
7790,99548
7135,98462
9263,100466
8328,103580
6871,98223
12841,100116
9144,98494
10089,98442
34538,106073
13607,100277
86971,120266
31005,104724
30184,104695
458516,206760
102558,126866
1773243,486212
2164607,603637
424899,215464
7727,100912
8171,99393
7712,98603
9093,99124
8756,99259
7562,98035
12192,101396
8829,99302
10443,99677
33548,108743
13320,99933
86516,121660
31382,105794
30019,106649
459978,206530
103574,126270
1781837,495208
2191674,603739
418266,215891
7442,100908
7698,100151
7234,98514
9082,98912
8701,98190
7677,98446
12779,100096
9538,98675
15192,101158
34698,107298
14229,99854
88275,120336
31670,105924
30084,106211
458424,205374
102820,126238
1791073,490703
2180624,605098
428057,218426
9081,100668
7950,99719
6865,98054
9012,99165
8257,98911
7457,98405
13462,100628
10161,98731
10542,98528
34325,106648
13392,99790
86993,120168
31032,105150
29907,104843
476051,207190
103175,127339
1773573,485732
2179710,615788
428702,216845
7603,108893
8285,98711
7176,97257
9352,98280
9298,97805
8052,97928
13853,99769
9381,98349
10997,99321
34846,105994
13490,100053
86661,119038
31959,104553
30480,104723
460074,205321
103919,126316
1780555,489140
2180977,599844
422022,214482
8142,100146
7928,98989
6942,98452
9272,98705
8530,97879
7636,97464
12847,99170
9874,99745
15113,100679
34254,107319
13467,99058
87623,120648
31950,105296
30164,105776
461487,205076
103418,125457
1783444,488038
2185472,605016
423138,214547
9035,99552
7818,99044
7227,98123
10265,99166
9355,98691
7086,97209
13478,99695
9705,98793
10230,97986
34069,107130
14016,98439
86885,120184
31110,105437
30285,103829
460450,207368
103765,126680
1781139,486289
2181031,612276
427655,217227
8039,101122
8121,99065
6827,97762
8692,98539
8564,103825
7250,97096
12885,99359
9739,98449
10432,98609
33823,106265
14021,98276
86696,118897
31018,104963
30108,104553
461004,205387
103444,126175
1793603,487160
2170860,604889
419233,218944
9339,100135
8488,99028
7611,97897
9790,98967
8148,98949
7366,97891
13135,99600
9507,98729
15545,101265
34300,106043
13765,100199
87592,119805
32408,105165
29645,105656
461411,205437
103705,126045
1790230,500585
2177030,604333
426825,216754
8717,100541
8280,99358
6892,98169
9336,99152
8546,98354
7569,98196
12949,99750
9700,98796
10129,98808
34540,107735
13636,98723
86526,119999
31206,104402
29880,105038
459082,206152
102984,125566
1783305,488770
2174321,603375
422153,216811
7658,99556
8327,100471
6970,98374
9551,99139
8785,99350
7418,99582
12834,100111
9468,99534
10297,98481
34150,112324
13843,99603
86943,120971
31941,105370
30738,104039
475966,206101
104853,124739
1802803,489647
2166380,615809
419681,218328
7683,102109
8120,99202
7820,97853
9482,100150
8689,99587
7568,98152
13195,99698
9941,98259
15099,100253
35100,106190
14277,99436
88144,120467
31751,104957
29822,104940
463733,205969
103204,125609
1801925,489173
2152262,598718
425540,216017
9274,101149
8117,98156
7032,97224
10127,98823
9031,99451
7246,97804
13075,100369
9733,97477
10430,99021
35097,106138
13617,98461
87157,119554
31245,105165
30632,105893
460612,204974
103663,125855
1766922,496646
2201716,605765
425669,217755
8064,100760
8878,99434
6968,97865
9250,99082
8946,99500
7395,98229
13028,99621
9536,98600
10441,99052
33520,107654
13783,99195
86919,120355
31777,105437
30638,103830
460698,205751
103361,125471
1775639,491043
2168597,607021
420037,215577
8974,102764
8250,101101
7881,99002
9963,100514
9260,98833
7757,99432
12405,101416
9719,99668
15832,102144
34730,106742
14291,100022
87796,120772
32397,106404
29339,104301
459493,205808
103403,126196
1765894,490053
2176152,603905
423657,217937
8882,101404
8084,100127
6927,97516
9126,98814
8704,103752
7169,97232
12758,100501
9331,98640
10716,98787
34735,106592
13734,99569
87687,120304
32018,105064
30564,104785
462567,207541
102917,126009
1766568,487240
2164953,614872
427207,215894
8431,99681
8767,99598
7250,97789
9217,100139
8596,98941
7037,98783
12589,100550
9379,99279
10451,99088
33941,106158
13527,100229
86890,121068
31544,105478
30666,104654
458758,206540
104122,126237
1791971,489241
2172969,602094
419555,216858
8555,100958
8019,98685
7324,98781
9450,99300
8330,97700
7371,98644
12218,100637
9919,99091
15368,99914
34655,106391
13747,99864
87517,119713
31253,105869
29860,105623
455834,206312
103122,125826
1772779,502026
2175172,612883
422080,218476
9501,101910
8713,100977
6945,98762
9431,99780
8703,98854
6792,98175
12712,101992
9569,98756
10225,100219
35323,107458
13461,101229
86734,121493
31158,106095
30230,104975
457686,207222
103398,125929
1777968,486923
2177263,611291
422630,217260
9005,101418
8125,99006
7350,99617
9268,99290
9144,99227
7733,98401
12532,99193
9623,98935
10787,99161
34034,107555
13639,98811
86575,120140
31720,104740
30227,106032
456860,206161
104977,127996
1767009,488373
2171213,607415
419540,215663
8486,101666
8141,99941
7477,99059
9147,105111
8555,99057
7451,96662
13024,106454
10379,105373
15627,101461
34617,112114
14359,99612
87411,120104
31732,112827
30253,104277
465789,206556
103592,133727
1774697,488801
2160853,617586
428127,223345
8715,99959
8225,99532
6476,97349
9277,98442
8691,97953
7602,98004
12903,99266
9553,98272
10578,97932
34188,105945
13726,98931
86204,120343
31327,105780
30261,104706
455408,205779
103271,126370
1774714,499584
2174805,603389
423416,215415
8052,101072
8562,99147
7530,98634
9832,98327
8977,99023
7479,98368
12866,99914
9795,99478
10677,99511
34160,106697
13899,100476
86859,120546
31889,105204
30373,105198
457786,205739
103480,127006
1772777,491676
2177232,607307
418067,216321
8476,102996
8510,101888
7661,99784
9562,100494
8361,99311
7684,98724
12738,100385
9868,98989
15023,100617
34766,107167
14299,100199
87796,120229
31994,106539
29715,105930
460472,207196
104332,125634
1778324,488459
2172310,595041
423986,216694
9792,101341
8698,99818
6533,98754
9418,101159
8333,99474
7000,98437
12569,101193
9664,99760
10384,100151
34271,106626
13292,99446
87327,119571
31387,105080
30249,105138
459717,205468
103722,127893
1775194,490634
2184082,611706
424470,218457
8118,99192
8088,98007
7548,98301
9447,99338
8755,97682
7911,98347
12938,99798
9146,98646
10347,104959
34113,106333
19684,94132
93022,120401
32460,105618
30590,104613
468727,206232
103775,127047
1770975,487041
2172612,604331
427621,216242
8716,108560
8143,99133
7189,98441
10310,99183
8302,98262
7680,97537
13196,100379
9516,99182
15032,99860
34170,105604
13686,100451
87700,121694
31616,106576
30001,104325
456685,204700
103363,127146
1785222,493544
2171977,602607
421211,214508
8624,101090
8813,98237
7026,97692
10265,98506
9035,98102
7524,97126
13547,100770
9353,98406
10868,98254
34137,106170
13465,98940
87966,119974
31370,104473
30537,105486
455275,204669
102967,125269
1787937,489284
2161237,610296
423286,214550
8581,99559
8308,97523
7091,98589
9750,99034
9216,98482
7133,97319
13073,99502
9610,98404
10156,99983
34581,106149
13796,99915
88038,120352
31841,105483
30258,105561
460524,205786
104367,124623
1786370,486195
2181973,612263
417096,217919
8939,101803
8386,100132
7550,99021
9791,100203
8683,99017
7709,98255
13092,100717
9976,99234
15235,101319
34370,106419
13781,99337
87943,120731
31715,105288
29709,105959
459905,206326
102855,127339
1774465,483062
2183784,604506
426475,218036
7955,99337
7901,99148
6599,98004
9474,99104
8941,97725
7377,98086
12661,95899
9096,89661
10003,98325
33975,106882
13819,99284
87410,119814
31498,104651
36064,105722
459770,205865
103553,125517
1766747,486377
2184757,601336
430170,218060
8065,100584
8779,99683
6996,99473
9080,97841
9465,103144
7545,96364
12891,99812
9857,98280
11021,98640
34035,106071
14258,99301
87809,120537
31493,104958
30719,104010
458028,212593
104207,125536
1769848,492865
2161836,603326
421470,216381
8705,100817
8109,99294
7406,97962
10123,99120
9174,98882
7236,97862
13611,99215
9677,97629
15480,100072
34918,106486
13722,99032
88107,119873
31485,105722
30196,103641
463903,204983
102239,126584
1780558,490393
2162066,603851
429614,218914
8662,101311
8173,99628
7164,98174
9506,101114
9124,99132
7525,98245
13226,94298
9698,98928
9868,98645
34199,107472
13356,99469
87394,121604
30867,104809
30509,105227
456686,206869
103763,125168
1772936,499791
2177702,605180
424656,214159
8621,100109
8062,98597
7367,98583
9565,99353
8643,98863
7673,97911
13039,99714
9319,99027
10587,99718
33894,106223
13812,99468
87052,121509
32024,105826
31025,104529
457814,205777
103796,126821
1775440,495799
2174734,611343
419661,213808
8225,100449
8277,98800
7205,98342
9545,99828
8632,98952
7161,98138
12890,99956
9417,99048
15267,101270
34645,106923
13686,100852
87655,119889
32162,106131
30437,104515
461685,207201
103572,126366
1762056,483934
2172840,603238
426393,216339
7355,100007
8425,98659
7180,98679
9158,92112
8744,99721
7103,98480
12980,100216
9031,97847
10013,99734
34490,106682
13442,98816
87124,120943
31631,104306
29742,104476
457990,213629
103714,126274
1787767,492350
2170026,603090
424321,217297
8014,99679
8483,98709
6923,97790
9051,99157
8777,98378
7125,98850
13140,99556
9399,99126
10727,98812
33806,107152
13718,99508
86804,118609
31606,104928
30077,105314
460598,205422
103499,125244
1782334,486297
2166791,607939
420009,215211
8370,101906
7914,99040
7389,98281
9750,99685
8652,98563
7455,98608
12901,99531
9847,100027
15269,100888
34815,106157
13528,100332
87158,121128
32334,105563
30513,104905
458150,206024
103658,127668
1786488,493770
2173121,601863
423744,215391
8287,98178
8239,93122
6511,97423
9980,98737
8210,97386
6819,97658
12481,99596
9030,98060
10389,98395
34249,106287
13535,99023
87518,119843
31326,105082
30411,105302
459089,205940
104038,126169
1773051,485490
2183379,607289
422999,216415
8083,98887
8469,99349
7019,98225
9164,99358
9110,99579
7083,99399
12593,99953
9806,99354
10246,100024
34136,106612
13888,104833
86661,125364
36787,105694
31091,105044
465060,206296
111218,126094
1788557,492102
2166764,609676
417953,222730
7640,99839
8225,99028
7384,99035
9334,98272
8420,98308
8008,98272
12499,99070
9693,99578
15578,100348
34481,106399
13781,99880
87609,120055
32025,105952
30220,105443
459462,207408
102974,124163
1791418,487750
2157255,599298
425757,218115
8845,100846
8214,99284
6921,98495
9334,99708
8674,97755
7878,97661
12773,100043
9287,98148
10033,98669
34147,107068
13531,99723
87028,120219
31129,105877
29921,105041
458098,206381
103922,127242
1778231,482821
2199081,612224
424510,217351
7884,100846
7875,98237
7058,98877
9023,99818
8875,99273
7645,98814
12956,100488
9242,100092
10640,100055
34054,107179
14467,100007
87687,120098
31620,104490
30114,105786
458640,206689
103431,127667
1773182,486272
2181246,601924
428273,218085
8502,102685
8256,99602
7094,99082
9018,92399
8882,98540
7577,98394
12520,100793
10177,98648
16354,100828
34307,106521
13314,99095
87678,120624
31972,105705
29358,104628
464304,204916
102744,125919
1793851,487580
2183137,604643
426326,216367
8367,101272
7988,99149
6862,98310
9704,100254
8714,98977
7134,98310
13323,99501
9361,98527
15504,99749
29874,105757
13461,100136
87176,120832
30771,104702
31780,105934
461176,206989
104309,126559
1779027,497054
2182434,601859
420408,214866
8378,99817
7289,98548
7274,98555
10076,99010
8976,98530
7358,99273
12448,100636
9273,97961
15204,100963
34374,106136
14079,100030
86906,120625
29941,105338
30278,104944
462245,206062
104515,127041
1770856,489333
2179588,604811
417715,215251
7837,100707
7723,98764
6649,98914
8930,99726
8838,98775
7219,105643
13021,104396
9231,105151
15853,100667
34721,106717
13474,98963
87028,121395
30992,105742
30738,105935
458395,213942
104719,126643
1790871,491946
2173245,603968
416329,215758
8249,100996
7265,98361
7022,98667
9657,99496
9154,97817
7159,97562
12484,101916
8787,98789
14839,101455
34835,106343
13577,100247
86298,120745
30212,105659
30730,105954
458738,204957
104272,126344
1784777,489284
2184304,603440
416914,216481
7929,101246
7405,98718
7189,98245
9656,99070
8805,98508
7485,98505
12711,99741
9207,98383
15595,100318
34687,107155
13744,100026
86458,120519
31132,104203
31052,106567
458918,206329
104492,126769
1771615,487831
2185447,605169
417105,214823
8343,101469
8270,99128
6922,99029
10064,93755
9103,97863
8100,97767
12679,99349
9230,98459
14786,100510
34221,107612
13619,99565
86816,120644
31061,105063
37000,105851
457925,205495
104340,125906
1760538,481972
2197452,608226
417569,217464
9243,100918
8080,99215
6431,98418
9537,99174
9170,98537
7283,97411
12751,99847
9429,104117
15108,100272
35442,107432
13552,101764
86289,121350
30754,104545
30356,105222
461372,208098
104525,131673
1765149,486160
2172421,618203
418689,224247
8484,100596
8015,99476
7103,98586
10026,100162
8955,98137
7231,97747
12163,100404
9173,98985
15269,101036
34922,106770
13163,98815
86538,120920
30853,105738
30831,104444
459683,205864
103679,127253
1772649,485501
2171698,609448
416337,215532
7877,101461
7752,99256
6989,100204
9659,100353
9107,95543
7131,99874
12467,101677
8740,100271
15260,101814
33911,107982
13304,100429
86722,121195
30847,106379
30493,105870
459389,206031
103970,126425
1772382,491078
2161315,601635
421310,218732
8126,100338
7531,99067
6614,99888
9428,100292
9004,99970
7220,98200
12541,100276
8937,100184
15077,101404
34057,107102
13500,100901
86864,120926
30555,104884
30802,105081
458552,205872
103117,126390
1761593,499636
2189000,605101
421310,214582
8646,99654
7778,98248
6957,99236
9621,99898
8961,98803
7166,97965
12668,100911
8588,98134
15095,101381
33965,107029
12961,99860
86474,121466
30017,104971
30020,105922
458702,206787
104909,126429
1766184,490346
2188920,605068
413696,216977
8269,100816
7556,98652
7198,99418
10313,99255
8852,98490
8090,97642
13408,100288
9057,98444
15774,101098
34754,106982
13606,99258
87291,120518
30798,104536
30866,104859
460012,206551
103861,126309
1763283,492305
2185555,610612
420666,217437
8080,99722
7136,98603
7043,98850
9763,99423
9011,98643
7143,97923
13504,99389
9205,98052
15413,100543
33940,106309
14015,98928
86945,120972
31238,104337
31149,104476
460712,206028
104585,125865
1761745,489641
2186737,606250
420432,215732
8807,101447
7869,99072
6990,99279
9752,99335
9271,99716
7711,98288
13934,101022
8719,98861
14751,101341
34361,106766
13088,106051
95304,121181
31286,105282
31158,105492
466489,207304
104524,127688
1762137,494525
2179119,608648
433114,216196
8284,100773
7576,103415
7134,103168
9305,99459
8787,99228
7322,98402
12639,100643
8993,98772
15407,101056
34438,107672
13425,99068
87337,121935
30868,104191
30835,105106
455490,213739
104721,123585
1773146,490334
2170122,608050
421612,216293
9171,99425
7932,97966
7170,98229
9772,98451
9375,98912
7480,97937
13072,99668
9230,97775
15390,100581
34310,105622
13482,99439
86425,120581
30985,103910
30817,104550
457788,204737
104760,125575
1770100,490630
2178917,603627
418968,216460
8529,101287
7829,98972
7334,98755
9660,99845
8913,99285
8012,98747
12845,100628
9426,99075
15744,101857
34862,106944
13428,99083
86851,120222
30969,104611
30890,105016
455613,205739
104540,126050
1780446,484596
2178837,603292
416507,218237
8550,100798
7826,98323
7344,98615
9920,99477
9425,99149
7493,97774
12560,99491
8993,98101
15120,101741
33780,106419
13348,99928
86756,121182
30231,105174
30629,105095
458567,205784
104004,125891
1755819,500369
2181179,612137
420109,215644
8259,102412
7389,97898
6940,99006
10175,99969
8750,97802
7623,97395
12391,100171
9093,98481
15087,100601
34454,106220
14105,99129
87500,120866
30465,103883
31557,104712
457737,205583
103765,125608
1768501,485068
2190696,612227
418333,214746
8262,100026
7405,98541
6510,99200
9534,100376
8721,100192
7069,99180
12351,100527
9228,98035
15010,101645
34151,108053
13964,100147
86028,121153
30439,104919
30763,102077
458727,205998
104169,126555
1746275,489317
2188837,604307
418822,217649
9025,100582
7802,99426
7514,99795
9898,100670
8938,99620
7385,99878
12340,100535
8577,99043
15043,100932
34792,107284
13188,105033
86541,126806
30809,105412
30150,105371
462689,205635
104030,127173
1756390,486402
2176468,621899
427684,216384
8091,105866
7938,99554
7365,97651
9606,98777
9109,99007
7489,98361
12904,99314
8966,98252
15098,100528
34202,106546
13258,98686
87368,120795
30530,104558
30883,104836
460648,204882
103688,125608
1774154,488888
2181587,609816
423142,215782
8108,100883
7984,99256
7435,98678
10350,100252
9228,97879
7746,98445
13461,100433
9693,99693
15588,100254
34984,106397
13315,98798
86425,121663
30977,104842
30885,105520
459394,206223
104177,125345
1770112,485375
2173790,608146
422025,216033
8738,100253
8406,98669
7279,99371
10125,100044
9578,98940
8217,98436
13180,100182
9257,99139
15406,101951
34148,107216
13515,100046
88004,122013
30402,106498
30424,105316
457449,202215
104154,117597
1763860,500565
2183510,609162
418768,216078
7409,99385
7577,98103
6985,97864
9716,99417
8826,98676
8101,97727
12653,99822
9227,98500
15223,100587
34272,106785
13343,99371
87284,119898
30315,105526
30593,104654
457773,205254
104926,127564
1772481,487603
2174911,608237
418571,214757
8152,100814
7258,99802
6890,99552
9380,99767
8977,99711
7167,98695
12926,101003
9110,99592
15338,101214
35000,107339
13365,99873
87281,121281
30451,106679
30666,105416
456522,205943
103666,127634
1757762,488846
2190459,608116
416666,215586
8064,101944
7566,99619
7610,99591
9939,99685
8958,99737
7351,98689
13029,105414
8997,99470
15256,100630
41823,107342
13551,99557
86462,121188
30946,111809
31086,104521
464198,205211
110788,127197
1765307,490519
2158174,625840
428059,219204
8938,101059
7171,98520
6938,99293
9745,99687
8463,98715
6967,97679
12446,100904
9180,98520
15320,100931
34761,106648
13389,100497
86819,121235
31188,104697
31550,105221
455959,204361
104138,127721
1773430,489869
2162640,603333
416665,213016
7715,100869
7816,98471
7077,98050
9596,98453
9050,98648
7277,97060
12883,99047
9161,98005
15254,100315
34253,106715
13260,99803
86802,120774
30739,105104
30578,105776
461140,206203
104322,127007
1769558,491804
2160751,601127
416767,216384
8922,100852
7490,99275
7372,99265
10352,99254
8729,99705
7572,98307
13232,100439
9258,99017
15039,101248
34462,106510
13685,100028
87197,121371
30717,106803
30022,106205
458338,206318
103523,126187
1760621,505026
2183241,609575
415659,214647
9063,100024
7857,98577
6944,98184
10219,99126
9379,98789
7421,96965
12761,100462
9385,98763
15422,100866
34307,106440
13705,99359
86792,122096
30638,104757
30473,106310
457087,205131
104378,127068
1761080,488920
2183541,600776
416820,215644
8748,100266
7163,98360
7075,98777
9999,100014
8769,98834
8004,98395
12684,101184
8520,97947
15356,101672
35198,107688
13198,99963
86546,121416
30528,106254
30541,104764
460723,205926
104320,126492
1766430,488296
2173019,610102
414898,216772
8884,102679
7459,99344
7715,99279
9935,104599
9087,99553
7423,103774
12769,106266
9201,99440
15632,100086
35010,113731
13441,99110
86768,121226
31414,111576
30392,104511
463794,206004
109946,127008
1776155,486540
2163387,617539
416205,222960
8315,102004
7599,99656
6965,99072
10216,100409
8653,98546
6899,97891
12604,100613
8773,99585
15184,102445
34616,106525
13106,99390
86833,121787
30625,105242
31262,105476
459580,206145
102878,125777
1772886,493346
2171227,611830
419412,216256
7872,100814
7898,99716
6986,99412
9792,99991
9103,99079
7682,98644
12972,100568
9502,99618
15105,101084
34164,106487
13778,100107
86896,121347
30651,105061
30551,105053
454879,207314
104288,126301
1780122,487507
2182902,605026
415391,216883
8878,101132
7536,99366
7007,99766
10157,100384
9076,98956
7307,98349
13577,100369
9227,98336
15284,101029
34428,105934
13387,99126
87375,120476
30240,104864
30454,105190
457679,205088
103395,124517
1769932,474818
2181644,596344
417269,206574
8030,101869
7622,98967
7098,99931
9677,99607
8998,98852
7943,98478
12777,101108
9158,99631
15456,100623
34124,107732
13640,100390
86694,121305
30572,106082
30758,105745
454701,207480
103875,126724
1759095,484303
2185246,608673
413629,216693
8801,102133
7320,99371
7244,99607
10293,101235
9864,99015
7439,99087
12539,100492
9264,99378
14964,100609
34911,107510
13352,105790
86527,127911
30152,106688
30592,105655
468739,205311
103390,126110
1763830,488075
2158513,623931
422890,216599
8687,102105
8262,99030
7448,98899
10180,99661
9218,98846
7688,97934
13028,99116
9147,98565
16146,100130
34883,106899
14477,99480
86941,120374
31695,104920
31503,104396
456267,205609
103028,125122
1774120,488022
2165384,606156
419993,215118
8165,100492
7557,97901
7776,98842
9887,99079
8710,99211
6962,98774
13196,100848
9306,98484
15437,100870
34241,106360
13244,98797
86810,121056
30359,105225
30324,104766
459407,205859
102774,125628
1767489,500886
2181533,609255
415218,216253
8461,101059
8342,99480
8280,99108
9757,100786
8801,98660
7381,99186
12913,100362
8973,98388
14861,101017
34140,106760
13467,100241
86562,121551
29875,104365
30646,105968
457034,206190
104478,125699
1765033,487615
2171343,606281
416037,217328
8025,100965
7179,98501
6587,98029
9362,99828
8842,98610
7251,99022
12519,99670
9028,98578
14817,101345
34426,107110
13676,100137
86857,121705
30441,105417
30631,104738
459080,205266
105145,128524
1754660,486615
2170855,610644
425205,216133
7812,107925
7451,98991
7164,98104
10170,98905
9273,98424
7622,97436
13165,100009
8780,98392
15410,100937
35153,107109
14309,99678
87123,120140
31244,104806
29821,105234
459034,205984
104475,126864
1768995,489071
2167556,597944
427788,215665
8788,99551
8103,98672
6556,97664
9880,98348
8704,97756
6780,97262
12649,100338
9306,97654
10354,98130
34081,105214
13927,98362
87685,120074
31512,104963
30901,104765
456054,206242
103283,126210
1769401,495263
2190173,605024
428041,214138
7949,100541
8493,99473
7320,98307
9350,99298
8598,98451
7444,98809
13096,99871
9804,98473
10852,99476
34491,106793
13915,100209
86815,120336
31260,104113
30004,104128
457030,205812
103800,126791
1784200,484006
2171354,604467
418599,216579
8035,102277
7942,98581
7226,100038
9767,99964
8856,98930
7342,98626
12665,100628
10543,100007
15734,103283
34319,106195
13466,99625
88664,120808
31274,105180
35985,105887
459701,206615
103430,126340
1761339,490392
2170186,602594
433463,216097
7865,101860
7695,104245
6767,103507
9375,99180
8727,97829
7392,97447
13113,98821
9527,98191
10030,98369
34808,105645
13886,98629
87561,118676
31565,103996
30097,104801
456547,206741
104946,125150
1769240,487682
2171741,600741
424849,214521
8390,101534
8383,98059
7523,98986
9425,98664
8663,98684
7364,98384
13307,100110
9524,99164
10636,99339
33837,107243
13567,100087
86928,121990
31456,104474
30369,104674
462488,206837
103776,126008
1785755,500721
2177926,604759
416563,214839
7570,101398
7958,98703
7216,98024
9440,99031
8528,97060
7896,98287
13345,99296
9652,98549
14933,99954
34583,106954
13440,99596
86804,120481
31634,104925
30151,105170
464168,205401
104104,125578
1769778,485102
2192927,608471
424860,215912
8605,100337
8388,98932
6848,98253
9338,99648
8174,98256
6924,96951
12620,100192
9543,98567
10302,99299
34141,106910
13475,99761
86133,121262
31157,106310
29863,104681
459837,206790
102836,126930
1762988,489545
2183834,608093
419215,215405
7982,101534
8039,98356
7374,98056
8751,98407
8947,98576
7715,97565
12516,99550
9090,99619
10542,98516
33511,106035
13338,99495
85986,119874
30746,104413
30255,105158
456227,205694
103665,126679
1769238,482165
2165674,601328
419211,216385
8929,100170
8127,99101
7374,98054
9625,99395
8402,99391
7760,98302
12796,100980
10185,98559
14916,100276
34651,106993
13714,100035
87016,118941
31740,104915
29555,104097
461498,206797
103999,126205
1774661,494388
2179214,610741
427126,220396
9101,101664
7989,98937
7037,99101
10025,99805
9116,98983
7402,98914
13226,101070
9718,98731
10634,99602
34296,107137
13585,99735
87412,121617
31845,106295
30053,105831
461898,204953
103131,127937
1777730,491846
2187000,602137
426385,217063
8247,100057
8480,98862
7424,98616
9737,99711
9018,99066
7626,98508
13178,99785
9211,99129
10496,99545
33767,107385
13894,99446
87188,122039
32519,105175
30025,109966
459504,205376
103993,125463
1777626,487283
2176503,611946
433993,215918
8924,101817
8058,97839
7952,97758
9150,99111
9142,98839
7307,98584
12581,98990
10056,98976
15311,100029
34820,106375
13772,99996
87178,120875
31907,105725
30103,104663
459566,205798
103276,125284
1783089,487507
2162324,603822
424228,217981
8496,99467
8029,98149
6690,97566
9857,98841
8677,97943
6899,97682
13173,99530
9303,98681
10609,98403
34383,106708
13535,98710
86111,119735
31181,105080
30594,104654
462213,204722
102131,125393
1788144,496415
2194711,599607
423061,216558
8260,100803
7435,99574
7390,98295
8625,98616
8700,99114
7197,98518
13169,100476
9258,97912
11254,98063
34147,106930
14368,99778
87304,120289
31629,105162
30924,106619
457651,206551
103665,126792
1787063,487324
2201752,607180
421613,216198
9262,100352
8345,99106
7384,98615
9999,99159
8751,97947
7512,97932
12881,99922
10015,97728
14904,100930
39238,107159
14004,98970
87450,120131
32496,110387
29549,104582
471039,205831
102765,131623
1783178,486925
2181328,611475
424637,223978
8063,100376
7710,98348
7246,97528
9192,99528
8488,98722
7658,97263
12626,99178
9413,97706
9954,98399
33896,106612
13946,99611
87861,121122
30890,104654
30049,104528
460941,206230
102803,126691
1777054,485739
2173040,595948
423217,219280
7911,101248
8438,99583
7069,99511
9673,99230
9172,99007
7678,97445
12462,99875
9309,97542
10219,98886
33905,107049
13786,99563
86937,120670
31899,105442
30538,104558
456898,206524
105089,125852
1792851,482920
2186844,605511
416041,216764
8424,100616
8083,98611
7249,98098
9309,99470
9018,98454
7465,99822
12362,99669
9723,92573
15277,100521
34350,106508
13492,100280
87331,122094
31679,104776
35597,105514
461804,206503
103503,126031
1776541,487842
2188850,607634
437581,216885
8375,99591
7988,103751
6605,104760
9438,99984
8739,99031
7155,97882
12952,99617
9223,97733
9955,98592
34151,107823
13562,99260
87494,121113
31593,105561
29884,104902
459491,205117
103000,125318
1800366,474160
2181321,597930
429215,206319
8197,100931
8418,100460
7142,99014
9247,100121
8830,99329
7541,98467
13086,100368
9112,99748
10664,98748
33715,107534
13358,99901
86379,120173
31785,105480
30389,105693
461200,205776
104608,125505
1790950,500674
2196623,604281
418615,214648
8372,101244
8143,99083
8022,99112
9671,99280
8727,98064
7185,97146
12985,100232
10053,99671
15089,100784
34558,108136
13439,100396
88134,120802
31466,105808
30032,105306
462297,205395
103611,127085
1779545,489274
2178671,606622
424633,216656
8032,101322
8246,100231
6804,99424
9485,100397
9042,98295
7225,99046
12692,105836
9492,99192
9823,98572
33692,111481
13157,99228
87186,120964
31145,104594
29978,105846
460343,213261
103482,127268
1788696,488370
2182125,611756
424538,215560
7723,99873
8325,98963
6740,98651
8871,98814
8738,98866
7121,99284
12998,100028
8939,98466
10790,98667
33849,107672
13837,99809
85987,121310
31204,105383
30015,104874
461291,206669
104088,127471
1803242,488710
2154839,601565
416829,214796
8442,100996
8296,99632
7269,97358
9849,99172
8900,98678
7756,97848
12574,100148
10297,99452
15214,101419
34585,106940
13850,99741
87792,119330
31616,105411
29893,105395
461869,206867
103857,127145
1773904,486123
2179846,610392
425725,216726
8498,99899
8404,99316
6561,98956
8882,100358
8394,98349
7179,98518
13286,100530
9766,99825
10268,95436
34198,106172
13348,99086
88007,120284
31611,106803
30213,104377
463653,206553
103704,126198
1783528,486529
2168089,617328
431492,216248
8113,107727
9159,99343
7386,99341
8960,98416
8672,99247
7356,97969
13073,99867
9478,98620
9822,98478
33776,106124
13057,100234
86470,119669
31779,106305
30010,104642
462763,202850
104517,126043
1796349,489427
2178473,600305
421541,217851
8535,100342
8421,99286
7535,97948
10079,98713
8600,98396
7391,97325
12709,99074
9762,99188
15348,100722
35245,106450
13662,99269
87448,119588
31529,105584
30018,104591
460935,205633
102861,125539
1776109,496587
2169248,609600
424466,215316
8183,100180
8310,99681
6911,98388
9479,98251
8360,97573
6822,98004
13565,99708
9326,98460
10177,98079
35071,105882
13448,99462
86297,120610
31141,104885
30091,105467
462330,204984
103726,125752
1784112,490741
2195323,599427
420835,216074
8351,100928
8712,97691
6801,99271
8843,104658
8980,98840
7401,97679
12617,99736
9053,97641
10647,99661
33867,106703
13945,99473
86686,120560
31488,105543
30520,105012
461750,213998
103707,127017
1789189,490805
2158074,598371
418607,216900
7906,101264
7988,99344
7481,99781
9880,99256
9140,98034
7587,97657
12934,99353
9577,98735
15243,100300
34061,106748
13879,98808
87490,120796
31357,104570
30342,104115
460696,206064
102998,125592
1787604,502915
2174493,611671
423038,216263
8785,101098
8540,98207
7414,98412
9657,99958
8570,98352
7458,98515
12987,99409
9341,97400
10551,98605
34806,106901
13459,99115
87283,119623
31373,104965
30449,104696
463692,204936
104152,125800
1780255,486008
2174571,600016
424064,216132
7786,100576
8205,99256
7268,97686
9019,100229
8738,99194
7240,98500
13440,99831
8766,99359
10630,98168
33627,105642
13605,104704
86627,125586
32274,110133
30127,104725
467668,206240
104207,132032
1781281,487834
2175104,609980
418360,225209
8343,100111
8069,98882
7908,98945
9781,99128
8869,98210
7753,97483
13017,99934
9873,98803
15146,101406
34607,106712
13434,99534
86985,120048
31815,106042
29729,105118
460232,206608
104396,126722
1789763,489951
2171947,603081
429117,221854
8351,102389
8237,99013
6630,98520
9495,99737
8568,99591
7573,98996
13140,99248
9397,98217
10548,98101
34047,106284
13670,98865
87697,120973
31530,104152
30085,103573
457924,206306
103201,126253
1787968,487733
2184417,608921
423699,217157
8004,99912
8458,100333
6950,100288
9091,99435
8623,99456
6948,98156
12746,100232
9590,98404
10763,100327
34437,106897
13764,101425
86601,120739
31985,104019
30595,104884
462560,206457
104428,125953
1770729,485643
2154489,612963
430522,218048
8356,101376
7697,99396
7377,98368
9345,100132
8798,99628
7382,99986
12944,100738
9713,98639
15206,100871
34138,106217
13639,99930
87312,120689
31703,105750
30017,105471
461829,207123
103645,125913
1786059,493139
2181355,607538
423517,217009
8952,99436
8204,98505
6986,98875
9207,98595
8591,98669
7395,97563
12900,99529
9469,98196
10401,99371
34624,105784
13049,98597
87567,121057
31831,105008
30013,104976
459399,205189
103773,126147
1768622,495789
2176883,604038
424959,216697
8852,99327
8341,99044
6993,97725
9523,97578
8962,98780
7444,97987
12907,100005
9288,98977
10913,99032
34114,107068
13914,100098
86845,119293
31796,105303
30622,104898
458720,205057
105272,126230
1776414,497829
2173938,606821
420132,216907
8567,101479
8504,100360
7783,98429
9719,100942
8814,99541
7541,99919
12548,100166
10303,99753
15501,101471
34306,106951
13782,100559
88145,121108
31965,105957
30053,105482
458184,203932
103188,127011
1771004,491738
2182047,602918
423226,214998
8520,100040
8173,98898
7006,97548
9340,98823
8095,98054
7691,98015
12742,100248
9000,98982
10942,98861
34099,107077
13667,98528
87153,120691
31236,104863
29850,105809
457867,205098
103800,126520
1770637,486228
2177204,603277
423573,215741
8602,100022
8698,99697
7458,98591
9263,98000
8976,99206
7238,97265
12644,99317
9600,99052
10373,99759
34427,106006
13653,104594
87550,126684
32337,105146
30352,104657
467871,206865
104060,124890
1782792,488376
2157625,618294
431374,218721
7990,101811
8233,99656
6839,99584
9921,99588
8593,98375
7444,98387
12666,99442
10418,98413
15171,100123
34695,106063
13996,99160
87381,120049
32002,105596
29783,105206
455882,206554
103808,124901
1785527,488321
2166107,601238
426049,216463
8681,99125
8464,98272
7160,98673
9902,98527
8419,98190
7776,98344
13003,100058
9352,99378
10084,98730
35017,107489
13527,100011
87550,121348
31512,105532
30627,104952
460309,206102
103100,126340
1781427,486793
2164423,601857
424180,216341
7811,100805
8125,98686
6483,97754
9666,98102
8758,98809
7621,97375
12579,100720
9346,98840
10526,99621
34294,106115
14345,99990
88185,119850
31861,104834
30959,105912
456617,205548
104334,125761
1782049,488753
2192025,604490
418999,215731
8505,100238
8187,98452
7089,98357
9638,99068
8493,97866
7326,97685
12410,100133
9833,98892
15471,100984
34060,106904
14006,99415
87596,120552
31721,105728
29942,104922
461103,206377
103110,126161
1781141,488513
2168131,601292
426209,215939
8752,101138
8695,99242
7043,98350
8842,99967
8870,98403
7140,98907
13166,100804
9727,99302
10391,104195
33805,109133
13488,100202
92685,120526
31235,105003
29788,104256
468169,206542
102438,125941
1769082,485255
2163692,618865
428930,218402
7649,106863
8122,98070
7442,98615
9352,99379
9050,98233
7980,97836
13377,99858
9309,98741
10779,99631
34180,106119
14166,99204
87117,119819
31706,105568
30738,104671
457395,204712
103652,126980
1780708,487509
2166640,603017
419425,215890
7748,100649
8879,100124
7642,98351
9466,98668
8782,97950
7309,97458
13149,99919
9775,98838
15646,100124
35050,107237
13609,100364
87028,119335
31194,106305
29780,104500
459742,205478
102835,126756
1780383,485300
2165709,600550
423904,216041
8214,100306
8264,99006
6801,98261
9556,99146
8617,99111
7247,98925
12687,99607
9150,99342
10359,99707
34483,107719
14254,99576
88889,120546
31716,105391
30004,104319
458245,207483
104490,127384
1771329,487017
2168816,606053
420508,217183
8139,100988
8463,99241
6930,99709
8807,99129
9007,98406
7480,97746
12758,101113
9026,99001
10681,99724
34047,108082
14422,101123
87330,120377
31395,105317
30302,105057
463206,206487
103975,128164
1777095,492122
2177065,603544
419175,216025
8583,101068
8110,98340
7860,98060
9702,98777
8832,98156
7909,98147
12439,99338
9963,98751
15314,100972
39516,106541
13641,98487
87604,119609
31770,110967
29693,103875
466003,205463
102166,130860
1774173,482339
2162558,610884
418573,223203
8047,100281
8918,98939
6834,98220
9805,98989
8491,98402
7129,97986
13300,100468
9632,98352
10704,98556
33669,107147
14052,99171
86149,120837
32116,104369
30793,104683
455773,204812
102445,126079
1764983,485236
2137331,602000
418839,215932
8062,101015
8923,98903
6850,98351
9563,98863
9237,98315
7771,97796
12974,99777
9208,98364
10746,99032
33742,106805
13478,99001
86030,119261
31095,103897
30178,104238
453245,204484
102264,125759
1777440,494288
2159834,612354
413105,214451
8230,99542
7611,99078
7460,98199
9826,99129
8836,98911
7865,99455
12274,100620
10169,99508
15199,100755
35080,106580
14498,100361
86122,119791
31420,105586
29405,105623
458080,205542
104154,125716
1772244,492653
2155522,601737
419020,215236
9433,99630
8076,99120
7049,97263
9991,99161
9157,98040
7038,97833
12666,99460
9573,98353
10947,99008
33582,106691
13641,105528
86272,124857
30756,105924
30406,103941
465871,204905
102775,126910
1761551,484024
2145581,613370
420257,221398
7668,99313
8837,99229
7456,97760
8966,98036
8964,98571
7411,98219
12963,99868
9858,98247
10481,98292
33699,106561
13337,99656
86316,119352
31255,104738
30052,104158
456164,204653
103566,123867
1774967,482568
2137684,599790
414073,217508
8150,101675
8016,99042
7472,98077
9870,99968
9062,99239
7257,98576
12860,99784
9949,99766
15336,101555
33908,100695
14169,95102
86312,110271
30956,106670
29617,105149
456152,204813
102216,126677
1774514,488896
2162226,605811
420689,214767
8141,100509
8489,99284
6630,99262
9355,100265
8512,99271
7881,97781
13092,100260
9416,99528
15858,100547
29334,104292
13686,99249
86418,120112
30308,103853
31888,105009
453619,205836
102491,126278
1757248,483541
2163487,597296
414918,218154
8191,100357
7712,99205
6864,99527
9373,100230
8690,99141
7649,97938
12398,101622
9193,98838
15311,96464
34494,107477
13472,99047
87051,121000
31198,112206
30099,99405
460906,205917
102764,134188
1761169,489341
2154206,614446
414749,223252
8753,100342
8649,99600
7282,97817
9681,99473
8848,99270
7657,97328
12457,99679
8783,98712
16066,100976
34762,107158
12996,99575
86872,120888
31151,104497
30792,105898
459854,204596
102910,125337
1762391,483465
2161109,601370
415097,215539
7991,99825
7426,98009
7524,98610
9686,99917
8842,99039
8102,98182
12973,100623
9592,98319
15069,102132
34341,107234
13349,99236
86447,121249
30375,105154
30158,104639
455294,204358
103661,125806
1756082,482944
2169724,611271
415038,215085
8163,101546
7378,99745
6626,98263
9694,100081
9329,100072
7418,99042
13341,100232
9580,98534
15199,101409
33975,107359
14415,99548
85316,119907
30276,104699
30835,104345
458976,205709
103571,126305
1753276,484775
2155518,596916
415825,215905
8018,99906
7104,99605
7176,99392
9214,104882
9269,99056
7482,102821
12926,101320
8670,103896
15512,101959
34118,106243
13195,100204
86395,119898
30574,104888
30432,104889
454760,210403
102214,126564
1752364,483774
2162163,598831
416425,213849
8586,100101
7677,99417
6990,98701
9783,99983
9052,98762
7365,97586
12798,100038
8998,98770
15184,101547
33641,108068
13382,99849
86573,121008
30333,105041
30574,105218
457069,204594
103278,127345
1770543,486122
2159299,598950
413985,217256
7877,101069
7619,98255
6904,98991
9670,99587
8744,98558
7458,98244
12732,99986
8680,99014
15311,101619
34280,106446
13691,99966
86387,120949
30810,104699
29958,104864
456541,205285
103502,126773
1766926,488092
2168272,602475
415061,214463
8246,101597
7800,99056
7424,98920
9615,99533
8769,98843
7299,99069
12189,101455
9663,99879
15271,102051
34433,106004
13732,100108
87052,121319
30565,105326
30065,105713
456330,206363
103706,126287
1755521,482956
2172573,613477
423556,215123
8556,106224
7826,97370
7241,99035
10326,98982
9410,97573
7593,97622
12678,99979
9146,98139
15388,100337
34187,105712
13609,98584
85979,119820
30643,103474
31027,104384
457441,204538
101996,123999
1765653,486456
2165538,601790
414196,215552
8048,100132
7959,97520
7241,97943
9758,98691
8953,98707
7548,97366
13491,100202
9314,97867
14962,100354
34614,106205
13957,99012
85966,119990
31565,105422
30575,104153
459528,205574
103537,125186
1765273,484230
2175690,596694
411850,215206
7982,98375
7675,94473
7104,98073
9412,99120
9194,98606
7311,98021
12392,100610
9247,98386
15090,100371
33813,105568
13441,99703
85888,120056
30653,104605
30468,105121
460641,203729
102328,125701
1769727,484220
2158491,600619
412850,215954
8543,100970
7456,99074
6693,92813
9347,98856
8994,103170
7635,97578
12617,100148
9350,97811
15172,99235
34803,106831
13958,99673
86018,120839
31118,104962
30871,104782
455813,206281
104000,124533
1775643,483909
2147602,602502
414164,215728
8911,100636
7992,98196
7393,98555
10014,99020
8971,98597
7668,98109
13197,100633
10088,99052
15400,100847
34725,106391
13710,99802
86751,120665
30656,105648
30252,105489
458728,205311
102979,124093
1775400,489365
2158772,597711
413997,214505
8268,102640
8030,98904
7164,100309
9882,100302
9979,99041
7714,98284
13271,99956
9167,99386
15301,101138
33699,106646
13312,99797
85959,120820
30019,105463
30128,105032
454516,205301
103343,124647
1771452,488448
2172980,602078
415411,214300
8619,100637
7987,101494
6942,100468
9995,99385
8385,99028
7206,99017
12610,101718
8880,100488
14708,101492
33850,106913
13322,99647
86009,121434
30634,105266
29762,105446
462755,204864
103839,131095
1770628,484661
2166674,603803
414395,213479
8064,101624
8044,98820
6771,98433
9552,99280
8935,99140
7430,98831
13426,99748
9080,98821
15182,100625
34581,106762
13477,100328
86387,120519
30503,104118
30490,104565
461357,205157
102092,124962
1767689,482276
2160924,600627
417323,214245
8917,99404
8055,99199
7364,98129
9436,99730
9427,98618
7320,98222
12039,100205
9018,98259
15171,101115
34227,107521
13275,100408
86266,120091
30349,104177
30968,104857
458436,205292
102438,126159
1760702,483499
2191181,612439
410945,214125
8115,100396
7909,98475
7195,99794
10242,99886
9068,98834
8202,98575
13538,101192
9436,99090
15342,102209
34510,107697
13711,100745
91883,121478
30521,106181
29866,105753
464988,205910
103197,126119
1768926,482057
2164050,615588
424480,217259
8527,101078
8145,99001
7443,100458
10240,100581
9027,99035
7558,98623
13045,100881
9086,99368
15493,102102
33841,105787
13151,99332
85722,120645
30062,105351
30142,106010
458561,206867
103245,125502
1776042,488594
2150307,600151
411447,218685
8554,101408
7964,99566
6897,99948
9027,100346
8960,99509
7386,98469
12913,101363
9390,98432
15541,101308
33849,107080
13054,100549
85913,121035
30647,105558
30183,105887
458492,206749
102374,126518
1760686,482044
2153800,602479
415711,215398
8529,101193
7736,99130
7094,101354
9734,95654
8724,98580
6989,97862
12746,100338
9370,98704
15316,101552
34360,107222
14017,99841
86987,121590
30047,106127
30309,105068
460676,205099
102268,126563
1757500,486713
2134950,607715
426491,217396
8131,100579
8111,98442
7385,98708
9812,100374
8952,98921
7797,97885
13344,100499
9025,98577
15213,101328
34375,106923
13968,99681
86107,121481
30737,105636
31400,105001
455181,204658
102396,126493
1750696,482689
2155545,611121
418735,216233
8592,98943
7161,98054
6992,99825
9950,101068
8974,99820
7102,97956
12446,100167
8407,99367
14878,101920
33990,107870
12900,100444
85670,120984
30448,105660
30383,105477
456726,203783
102483,125510
1757797,484834
2166210,599933
414752,216454
8500,102895
7785,99989
6884,99031
9615,101222
8822,97668
7661,98184
12748,99862
8802,99072
14949,100606
34040,108076
13709,98868
86178,119659
30873,105061
30489,105969
454050,206498
102559,126219
1757142,487728
2165942,606133
417876,215881
8435,100023
7420,97471
7333,98399
10203,100050
8617,98543
7969,98316
12475,99191
8820,98180
15273,100773
33814,106670
13683,98555
85972,119798
30113,104620
30226,105505
456153,204318
103700,125078
1752113,485677
2168192,603005
414921,215294
7810,99640
8157,98682
6754,98696
9896,100756
9056,99049
7798,98092
12708,99895
8622,99021
15183,100488
34102,106624
13708,100451
86191,120038
30833,104623
30160,105648
454347,206421
102207,124909
1751874,482243
2174918,597127
413475,215714
7910,99768
7433,98867
7103,99012
9319,99540
9038,98677
7546,97983
13114,100533
9057,98592
14809,101666
33995,107550
13331,99597
85537,120462
30303,105140
29664,104062
452458,205271
102333,125708
1748254,481366
2179033,598957
411229,214299
7886,99648
7942,98497
7198,98571
9392,99860
8711,99136
7037,98521
12918,100396
9485,98861
15367,100355
34671,107163
13965,106537
85317,134260
30554,105649
30937,104611
462083,206272
102891,127607
1762968,493957
2173567,612672
424947,218480
8465,108848
7537,99443
7482,100033
9424,99935
8678,99082
7158,98867
12511,100471
9387,99311
14952,101617
34412,106863
13222,101124
88102,120769
30824,104771
30814,104489
460292,213898
103401,124987
1780914,483731
2175571,607674
419212,215546
7917,100269
8319,99312
7245,98997
9576,99540
9137,99385
7088,98255
12829,101122
8884,99296
14733,100553
34160,106464
13769,99110
87531,120543
30869,104277
30733,105185
458521,206278
104708,126709
1766992,490207
2184546,608765
418495,214261
8670,100231
8139,97866
8435,98837
9794,99786
9044,98071
7555,98411
12721,100789
9347,98577
15300,101331
34142,107033
13916,99530
86837,121194
30343,105186
30683,105741
458665,206649
103929,125539
1770305,487520
2167546,602015
417563,216598
8033,101704
7875,99091
7126,99747
10097,99619
9126,99061
7488,98616
13004,99714
9150,98458
15282,101731
34463,108072
13392,100703
86743,121229
30835,104589
30177,105548
456515,206656
105205,125437
1776537,494877
2189988,607672
418612,216109
7999,103379
6935,98798
7364,99060
9817,99938
8823,99915
7526,99704
12874,100104
9126,97909
15365,100918
34651,106986
13527,100520
87008,121087
30916,105170
31007,104838
459360,205597
104651,126552
1765068,489938
2181113,608683
420499,218777
7934,102398
7710,100414
7142,99583
9596,100411
9260,99752
7372,98715
12679,101178
8916,98373
14959,101487
34332,106894
14053,99040
87647,120988
30561,105057
30498,105097
459638,205643
103863,126614
1778131,488646
2189144,605214
417329,217386
8716,99796
7583,99313
7336,99026
9836,99251
8864,99087
7445,98151
12649,100951
9100,99063
15648,101110
34203,107626
14157,100034
86969,120642
31116,105876
30878,105578
461523,206159
104013,125121
1763478,487570
2184335,608223
415369,212656
8557,101185
7922,99625
7152,99412
9290,105470
8915,100111
7199,103410
12234,104680
8942,99421
14821,100950
34764,107105
13270,101321
87349,128470
30736,106151
31165,104723
466322,207328
104561,128359
1763038,491275
2162398,617830
426242,216606
7706,99883
7461,98748
7135,98084
9768,100102
9028,98696
7401,98600
12845,100529
9079,98665
15097,100997
34353,107663
13437,100882
87201,121342
30650,105473
30172,104856
455915,205479
104145,125523
1776017,490003
2177424,611557
419486,214992
8675,100537
8154,98173
6882,98869
10099,100261
9045,99591
7489,99799
13113,100131
9460,100409
15567,101287
34404,106650
13980,99101
87261,120074
31414,105889
31317,105631
455884,205284
103882,125212
1776520,487958
2181872,605369
419863,214846
7933,100168
7677,98132
7169,99189
9770,99450
9091,99569
7342,98388
12498,99979
9359,98922
14946,101790
34427,106459
14112,99683
87202,122705
30721,104974
30951,104462
458587,205541
104370,125193
1765663,495054
2177881,611207
420926,216130
9083,100807
8240,99179
7106,98943
9789,100066
9202,98499
7655,98685
13348,100094
9050,98181
15012,100442
34920,107752
12874,99439
86630,121966
30692,105856
31198,105421
460852,206774
104398,125987
1766158,492519
2187968,601337
417863,216387
8681,100388
7822,98903
7083,99757
9746,99773
9111,99890
7822,98991
12997,101402
9039,98849
15307,100990
34523,107961
13448,100606
87615,120936
30857,105819
30672,106671
458121,207857
103591,126266
1761508,483916
2186198,600297
418385,216633
8598,101426
8011,100110
7053,100211
9764,99014
8853,100067
7077,99190
12953,100720
9358,105243
14773,102199
33888,108461
13433,100606
86549,121664
31429,105818
29985,105518
466929,206927
103990,133118
1761924,489400
2171556,620504
422804,223661
8112,101558
8417,98093
7095,97914
9553,99908
8909,98452
7520,98603
12805,100351
9069,97900
10221,99602
34430,106716
13182,100673
86838,121153
31268,105793
29924,103874
458616,206411
102897,126402
1770054,489854
2165735,603133
424096,215128
7905,101104
8196,98416
7102,97918
9546,98741
9074,98959
7620,97969
13320,99858
9367,98829
10959,98379
33963,106704
13901,99608
86745,119303
31932,105253
30406,105031
456292,205142
103446,126455
1773920,496084
2180783,607799
417041,216367
8560,100199
7663,98705
7584,97895
9443,99921
8265,98699
7763,98319
12576,99665
9322,98545
15095,100163
35170,107735
13647,99798
87332,120253
31768,104764
30616,105143
460240,204429
103597,125692
1767855,486773
2177692,607529
426816,215397
8627,101019
8513,99494
6976,99139
9785,99520
8642,98942
7591,98602
13230,101217
9326,100125
10323,98970
34442,107785
13882,100693
87847,120153
31704,105768
29848,105641
457255,205634
103250,127451
1762318,490114
2186010,609255
422157,218465
8182,100811
8703,98712
7110,98304
9035,98346
9191,98722
7303,98094
18004,100053
9437,98438
10811,99275
39507,106769
13528,99451
86888,120187
31341,111001
30647,105077
467311,205702
110229,127274
1780187,492320
2168353,612518
425146,216180
7902,99958
8047,99112
7521,98335
10060,98395
8750,97701
7753,98030
12625,99135
10180,99125
15338,100521
35301,105648
14001,98783
87389,119719
31816,105449
30102,104200
455451,205725
102943,125049
1783806,488967
2168949,606258
422957,216469
8484,99800
8437,98886
7284,97912
9629,98763
9172,97372
7500,97374
12678,99724
9520,98107
10098,98692
34074,106683
13672,98804
86566,120322
31262,105494
30287,104350
461136,204976
103661,125276
1782640,487124
2167192,603546
426144,216045
8258,100231
8396,97644
6956,98517
9621,98681
8958,98188
7544,98008
13225,99560
9223,98739
11143,98794
34459,105940
13293,99626
86431,118692
31775,104873
30179,103828
460105,205172
104106,125863
1778154,489409
2177921,610857
420757,213883
8625,101934
8448,99367
7433,99305
10495,101094
9788,97939
7556,97003
13171,100756
9787,100047
15487,100623
35052,105680
13817,99170
87079,121230
31808,105983
29752,105302
462314,206666
102981,126900
1784619,485329
2181236,606941
427691,217687
8876,99886
8381,99018
6737,98583
9402,99290
8407,98407
6819,98742
12915,100330
9906,98345
10568,99060
34486,106897
13769,99464
87166,119685
32086,104174
30390,104435
457722,205296
103677,126218
1770229,485685
2157093,611196
437681,216766
9271,100670
9686,104132
7373,98777
9138,99221
9341,99193
8040,97310
13160,99912
9691,98273
11050,99221
33687,106731
13482,99250
86216,119485
31463,104545
30616,104990
460900,204663
103677,126002
1778731,492538
2162967,602399
424667,216096
7997,101795
7887,99645
7332,99001
9234,100681
9096,98197
7442,99322
12375,100411
9756,100051
15099,101414
34779,107570
13948,100415
87716,120383
31985,105774
30694,105336
462065,206824
103088,126541
1790808,486886
2175789,602206
428054,216200
9274,100148
8863,98023
6811,98881
9421,99052
9621,98489
7528,97901
12978,100810
9453,98898
10108,99254
34517,106702
13823,98935
87204,121139
31356,105875
30693,104941
459364,206227
103178,125993
1776798,496601
2189717,604617
425800,217432
8708,101241
7570,99185
7016,97942
9281,100094
8800,98507
7357,97815
13319,100071
9394,98330
10494,98185
34380,106097
13522,100286
87104,120358
30955,104432
30670,104857
457907,207443
103851,126750
1784276,488710
2176565,606596
415794,217481
8608,100166
8096,99283
6977,99426
9471,99626
8566,98745
7665,99159
12939,100606
9963,99846
15541,102213
35288,108384
13524,98576
88007,120285
31829,105815
30235,104820
465174,205557
103218,126580
1763146,487955
2172773,602596
424374,218178
8210,101313
8389,99499
7273,97908
9846,99477
9113,103236
7484,98485
13058,98697
9129,98436
10068,99135
34738,106637
13642,99459
88275,120472
31818,104741
30457,104589
455130,214446
103273,126005
1773436,489068
2173222,603226
422379,217357
8239,100141
8071,99337
7493,98343
9714,99440
9502,98540
7612,98201
12880,99802
10048,97650
11024,99235
34063,106272
14313,100089
86829,120584
31790,104761
31372,104785
462603,206619
104223,127159
1783786,486921
2162016,596302
417771,217492
7737,100900
7710,98984
7089,98503
9291,99322
8266,97803
7223,96972
12694,99689
9467,98919
15019,100250
34446,106384
13637,98938
87265,119771
31679,105146
30064,104232
461634,207214
102908,127044
1774918,485491
2177459,600828
423823,217668
8968,100582
8636,99421
6913,98239
9437,100352
8544,99146
7353,98347
12861,100176
8997,98579
10050,98398
34512,106131
13269,99548
87973,120814
31808,105156
30349,103973
459451,207990
104231,127080
1773462,484914
2186851,607070
423461,215076
8317,101039
8073,98430
7016,97738
9998,98842
9336,99259
7836,97600
12651,99391
9339,99252
10306,105893
34242,106464
13665,104652
86548,141934
31616,105060
30355,105407
466409,205677
110000,126272
1781551,487841
2176290,611922
417945,233845
8289,99079
8882,97414
8127,99332
9541,98772
8708,97296
7251,98335
13033,99320
9649,99023
15282,100587
34442,106014
13614,99421
88158,119961
31838,104831
29706,104663
459954,205235
103032,126723
1789468,489242
2175642,604352
423059,216481
8114,100267
7615,99599
6486,98792
9463,100135
8354,98624
6752,97715
13496,99896
9637,99567
10359,99533
33839,108215
13766,99920
87196,121018
30555,105622
30319,106525
457477,207896
103451,127026
1788248,485905
2191889,608031
420849,215299
7901,99865
9213,99269
7633,100218
9762,98946
8390,98471
7647,98916
12870,99824
9784,98239
10643,98727
34265,107420
14439,101508
87103,120362
31083,105468
30714,105480
461042,205995
103451,126715
1785075,491726
2180852,608738
420971,217591
8639,101551
8475,99897
7538,99403
9546,104776
8406,98965
7469,97708
12804,99980
9142,98650
14901,100392
34723,107761
13570,99848
88632,120568
31639,104861
29734,105776
460103,212875
103428,126329
1790737,489069
2181055,603083
423706,218797
8614,99864
7944,98862
6611,98709
9565,99253
9148,98528
7008,98720
12637,100721
9343,98355
10403,99610
34315,106890
13677,99246
87096,120940
31333,105034
30128,105036
458002,205719
102830,128223
1782458,496319
2201714,601184
424103,217541
9086,99603
8860,99027
8310,97498
9876,98463
9568,99394
8018,98265
13172,100332
9432,99209
10742,99140
34384,106669
13817,100232
87307,121407
31744,104095
30884,105108
460739,204611
104756,125343
1795849,485297
2201719,605801
417601,214994
9178,101673
8004,98788
7528,98864
9969,99618
8580,98774
7396,98750
13188,99713
9776,98958
15735,101086
34720,106807
14247,100151
87640,121212
32202,105845
30047,104519
462872,206555
103191,126656
1773903,486568
2172262,614489
436534,216830
8757,105328
8537,97473
7063,97190
9756,99473
8670,98116
7602,98206
13384,99993
9612,99856
10257,99463
33765,106724
13726,99776
86381,120236
31250,105106
30563,105126
460137,206536
103718,126894
1791948,484571
2170571,597144
422140,217572
8590,100041
8651,99358
6897,97724
9139,99065
8958,98914
7118,97946
12812,100006
9642,98111
10749,100108
34041,106726
14176,99755
86315,119929
31620,105289
30711,104726
463412,206439
103974,126112
1779932,485306
2179798,609806
417034,216089
8280,100574
8415,98816
7419,98490
9244,98819
8778,97996
8011,99302
12708,99910
9461,98434
15794,101081
34694,107308
13185,98958
86597,119938
31560,105297
29947,104765
460485,206340
103436,125535
1779096,493283
2188305,606465
421333,217778
8809,100349
7877,99395
6960,98795
9484,99702
9056,103074
7156,98515
13187,98963
9728,98790
10070,98319
34483,106279
13820,98618
88127,120159
32013,105094
30727,104493
458284,206055
103581,126275
1788431,483350
2182858,602629
423806,213696
8221,99415
8201,98727
7120,98165
9569,98206
9369,99086
7836,98376
12982,99664
9798,98972
9945,98628
34106,106271
13667,98887
86678,120785
32253,104063
30373,104835
459678,205576
103824,126110
1788023,499961
2176900,610637
422117,219306
8387,101620
8423,98878
7718,98384
9647,100479
8652,100415
7344,98573
12565,100658
9853,98960
14975,102379
33894,106904
13910,100516
86839,120401
31155,105156
30436,104633
460844,206129
103728,125612
1787407,493575
2180489,606103
425549,215387
9313,101053
7780,98631
6615,98923
9625,100253
8777,98501
7254,98745
12846,99915
8954,99106
10280,98798
39890,107399
13424,99125
86856,120635
31858,104295
30257,104976
468705,205890
103156,126361
1788992,488124
2170747,616626
422936,218197
8711,100052
8542,99272
7486,97635
9210,98671
9270,98912
7593,98364
12804,99790
9370,98475
10177,99489
34206,106249
13938,99580
86499,119526
31248,105146
30471,104680
459929,206574
103478,125163
1783384,493895
2174922,602054
418835,214524
8291,101329
8756,98932
7384,98590
9781,99724
8668,99072
8209,98789
12821,100932
9744,99397
15407,101107
34666,106664
13939,99296
87940,120606
31133,106021
30373,106017
459346,205961
104628,126208
1784977,488675
2170490,606419
424720,214235
8941,100682
7771,99141
7032,99718
9416,100879
8836,100034
7277,98235
13053,100229
9710,98584
11106,98943
34139,106559
14322,99513
86874,119619
30992,105418
29701,105204
458970,205147
103359,125877
1767817,498491
2193650,613906
425954,217125
9007,101211
8225,99999
7223,98325
9737,99362
9095,97473
7645,97817
13380,100705
9659,99683
11076,100071
34283,107455
13668,100629
87114,121124
32094,105472
30965,105310
457922,205810
103580,125351
1778378,490075
2198248,606910
424875,213815
9093,101083
8185,99608
7070,97823
9985,100311
8739,99225
7609,98323
12628,101171
9789,98698
15325,101048
34851,105998
13613,100216
87729,119655
32128,106602
30156,104738
461214,206147
103628,126268
1780704,491483
2189796,611094
424620,218746
8309,101885
8217,98810
7134,98878
9829,101126
8730,98114
7458,98581
12991,100431
9486,98930
10045,98943
34884,108455
13680,100603
86982,121046
31783,105187
30002,105826
458263,205825
103908,126352
1773159,490529
2184409,609464
422348,218443
8623,100572
8597,99171
7222,99131
9503,99053
9469,99329
7177,98638
12891,99796
9405,98962
10254,98790
34116,107176
13785,105266
86703,125941
31687,104094
30059,104572
465679,205087
104462,126173
1780518,490329
2164028,617976
430386,216859
7790,108226
8379,98183
7604,98438
10037,98735
9240,98704
7365,98013
12943,99154
9651,98882
15771,100384
35055,106421
13974,99144
86901,120839
32399,105024
30520,105983
459710,207387
104175,125652
1798062,486942
2169947,601758
426489,215398
8594,100117
7968,99698
6872,98181
9365,99744
8703,98468
7505,98044
12665,99626
9315,98801
10323,98146
34644,105952
13531,99143
86977,120791
31328,104241
30090,103682
458466,204998
102459,124301
1782785,488510
2181635,605274
424487,216577
8308,100179
7967,98276
6843,98251
9094,98538
8949,98235
7490,97907
13231,98838
9619,98765
11294,98673
33966,105433
14256,99457
87130,120269
31403,103899
30579,104707
464097,207236
102909,125599
1792816,502230
2187978,605180
419066,213859
8005,100280
8589,98321
7581,97374
9889,99150
8581,98271
7387,97457
12436,99720
9619,98655
14995,100281
34780,105606
14274,99535
87862,120357
32158,105422
29946,105381
460661,204300
103550,125836
1774701,480502
2191773,600959
425681,216820
8403,100150
8148,99226
7282,98449
9357,100022
8321,98488
7025,99106
13016,101406
9483,98817
10627,99704
34494,106995
13116,100433
87289,120379
31634,105756
30902,105399
465877,207505
102462,126081
1782744,492906
2181839,608205
422998,216413
8645,99991
9227,98845
7506,98527
9193,99266
9540,99694
8628,98592
13285,99012
10090,97834
10950,98981
34068,106593
14027,99587
86817,120591
32025,99853
30261,110473
462008,206707
104369,125990
1782399,490109
2180116,607148
418236,216162
8329,100741
8249,98985
7622,98278
9090,98519
9081,102483
7988,96933
12876,98924
9717,97262
14998,99320
34588,105845
13234,98452
86950,119463
31444,104948
30217,104811
456324,209624
103391,125001
1790067,489242
2172004,613355
427146,217780
8535,100716
9071,98721
7160,98107
9575,99228
9138,97773
7060,97406
13042,99510
9627,97655
10653,99550
34229,106677
13526,98943
88026,119392
31448,104023
30054,104663
458610,204389
103145,125646
1784665,489714
2178170,601616
423971,216921
7777,101816
8730,98956
6851,97817
9072,98639
8644,98037
7124,97979
12212,99756
9342,98455
10626,98155
33740,105551
14013,99482
86917,119725
31972,104753
30379,104967
458729,206336
104188,125254
1781058,495069
2183249,599440
420446,216846
8922,100302
7815,98621
7360,98151
9961,99904
8694,98667
8573,98090
13085,99635
10421,98412
15904,101836
34333,106405
13824,100446
87420,120695
31464,107000
29397,105701
460191,205813
102406,126003
1788531,491760
2183382,602568
424888,218280
9493,101124
8485,99156
6759,98799
9118,100316
8535,99567
7163,99241
12693,101271
9388,98414
10291,98921
34104,105935
13338,99530
87594,119358
30665,105283
30501,105455
455278,205946
104068,127206
1771934,485435
2175863,606225
424316,216629
8203,101031
9082,99578
8010,98378
10127,105176
9543,100536
7896,105555
12973,106825
10024,105427
11183,99711
34077,111927
13918,99973
87169,119614
32437,104721
30532,104891
464907,205558
103662,133254
1774728,490358
2167504,620379
419214,223426
8398,100000
8085,98877
7255,98035
9728,99863
8686,97525
8121,97871
13214,99774
10100,98258
15089,100350
34450,105864
13778,99761
88500,120343
32439,105932
30195,104641
458778,206000
102710,125612
1780907,488446
2159181,601408
425039,215606
9214,100310
8809,99458
6938,99275
9751,99244
9044,99215
7116,97630
13544,100627
9856,98744
10521,98960
34283,106399
13402,99070
86639,120596
31208,104675
30076,104001
459212,205523
103228,128082
1772923,499706
2177169,606470
423934,217452
9267,100247
8084,100952
7111,98190
9446,99724
9067,99925
7573,99290
12983,100240
9497,99421
10810,99113
33973,107379
13779,100651
86764,121199
31364,105990
30553,104886
457055,206882
103180,127090
1772696,485806
2181075,604784
415961,215715
8328,101581
8381,100543
7780,99719
9800,100954
8625,99669
7229,100090
12595,101237
9682,99819
15891,101962
34534,107806
14177,100543
88024,121797
31797,106831
29735,106020
460753,205776
102754,126064
1770063,486265
2182653,601978
427129,216268
8802,101338
8412,100002
7588,98309
10097,98716
8692,98844
7267,97936
13321,100219
9715,99081
16025,100115
30396,105360
13342,99029
88610,120461
31258,105257
31793,104525
459588,212844
103316,126879
1771318,494103
2160492,597733
420632,215751
8663,100063
7698,97654
7425,98343
9640,99293
9418,99059
7733,97527
12986,100693
9238,98289
15332,100294
34681,107615
13186,99225
86059,119497
30267,105252
30643,105701
455713,205638
103965,125359
1776781,484872
2170592,607959
414951,218866
8450,100215
7733,99706
7114,98615
9517,100387
9232,98544
7276,98038
13607,100355
8761,99060
15193,102295
34613,106342
13425,100027
86197,121681
30630,105543
30894,105915
455556,206102
103591,125588
1765453,486902
2184678,606734
418260,216031
8340,100743
7469,98585
7345,98832
9816,99487
8838,98046
7324,98060
12626,100582
9035,98245
15467,101135
34525,107278
13570,99543
86981,121301
30923,104287
30975,104180
458401,204404
104307,127054
1762997,489546
2173445,607577
415838,216744
8319,101384
7397,99366
7079,98536
9761,105069
8891,100363
8186,103778
13126,100904
9389,104596
15632,100101
34248,107170
13592,99776
86930,121471
30389,105831
30322,106568
457896,213255
103977,126988
1778100,489853
2163209,595881
414852,215394
8534,101209
7775,98997
7630,99496
9288,99149
9126,98995
7257,99169
13030,99857
9111,99194
15688,101592
34871,105972
13814,99152
87059,120762
30322,106001
31130,104603
457343,205413
103604,126053
1794064,488741
2160833,607547
415147,215961
8411,99296
7378,98271
7033,98521
9788,99183
9498,98765
7836,98130
13096,100738
8997,98189
15177,100430
34279,107733
13622,100504
86057,121339
30796,105008
30734,105026
459442,205417
105206,125559
1774501,488973
2186258,607726
418226,216189
8449,101812
8090,99548
7353,99047
10133,99363
9315,98172
7799,97847
13541,99448
9422,97689
15464,101660
34165,106858
13754,100195
88400,122010
31945,105806
30824,111163
459426,206819
104226,125218
1772556,491556
2189400,595992
427404,220775
8482,101488
7369,98590
6751,97927
9385,98568
8738,99765
7247,97931
13158,100268
9009,98592
15494,100863
34502,107253
13667,99609
86837,120512
30377,104759
30645,105694
455412,204163
103228,121210
1787016,485791
2156941,605419
419433,215503
8181,99686
7231,98669
6667,98094
9393,99507
8932,98268
7648,98212
12495,99996
8974,99448
15018,101558
33949,107452
13459,100052
87303,121877
30763,105835
30275,93915
460526,206282
103561,126860
1774931,488449
2187295,601936
416475,218266
8418,99829
7443,98858
7193,99130
9786,100021
9031,98941
8120,98616
12898,100789
8787,98434
15486,101530
34750,107470
13330,98747
86434,120655
30628,104390
30634,105964
458021,207448
104726,127217
1781371,487386
2182799,610607
417678,218110
8381,101324
7756,99244
6832,100129
9270,100303
14380,99480
8082,100101
12803,100777
8932,98937
14913,101813
34913,106944
13105,99623
87144,120789
30388,105026
30612,105785
460413,205376
103834,127323
1774059,481068
2171163,609146
416505,215958
7878,101048
7512,98636
7092,98740
9709,99279
9090,98575
7323,98504
13070,101942
9334,98699
15436,91746
34296,107353
13177,99446
86908,121676
30566,105274
30682,105269
458801,206119
102993,125953
1760806,496702
2197565,603483
419955,214941
8123,99896
7742,98409
7545,99278
10178,100580
9614,99012
7659,98828
12821,100848
9138,98563
15636,100830
34678,106187
13307,99024
86885,120758
30597,105370
30391,105612
458753,205556
104127,126418
1771760,485109
2180494,594627
418486,211233
8706,99541
8451,98407
7080,99355
9905,99066
9312,98879
7454,97926
13053,99668
9000,98531
15726,101236
34355,107640
13716,98822
86762,120927
30265,105194
30757,105566
456051,205548
104026,125927
1761375,494499
2173848,613528
419426,216844
8440,100846
7385,98497
7671,98268
9659,99209
9181,99004
7868,98001
12834,101585
9111,98069
15721,101033
34737,99644
13756,88473
86787,121152
31010,104261
30457,104805
459948,204695
104360,125928
1768231,490107
2176618,612360
417237,215033
8122,100421
8371,97907
7230,98604
9467,98449
9385,98617
7435,97726
12711,100043
8981,104578
15541,99399
34499,106535
13586,100124
87132,121005
31025,104250
31151,104619
466410,205660
104507,131955
1769143,488096
2176062,624635
421201,224407
7607,99654
7547,99043
6833,98599
9848,98670
8848,99038
7827,98108
12610,99497
8506,98936
15274,100666
34685,106663
13225,100118
86586,121007
30655,104877
30715,104342
460501,205360
103698,125986
1771014,494491
2177812,610025
419669,215419
8617,100330
7985,98810
7326,98737
9841,99999
8783,98649
7614,97843
13078,100385
8696,100084
15373,101061
34095,107373
13174,100436
87480,121542
30683,104631
31286,104771
458580,206824
103545,126651
1777025,487785
2175938,602443
415760,217276
8215,100790
7855,98714
6845,99124
9764,99864
9667,98487
7539,97689
12468,99742
9251,98488
15469,100111
34587,106678
13368,100155
86941,120578
30786,104669
31475,104188
456479,204802
104137,125708
1764893,493033
2181891,602624
416847,213285
9119,100698
8981,99374
7899,98201
10814,99617
9879,98307
8021,97956
13072,99553
9297,98680
15943,100876
34178,106277
13931,100098
87121,120449
30736,104380
31503,105665
458463,205170
105294,127365
1760320,486737
2177700,603086
418530,214614
8551,100387
8050,98817
6816,99158
9675,101459
8966,98823
7605,98612
13061,101051
8858,99001
15477,101423
35034,106849
14100,99250
87234,121081
30947,106242
31309,105142
459880,206679
104274,126683
1759323,484232
2180788,602310
415831,216434
9060,100699
7413,98727
7596,99527
9984,98842
8953,98329
7226,97707
12580,100002
9094,99061
15567,101315
34582,107358
13865,99330
87148,120751
31158,105468
31047,105162
458847,204897
103744,126856
1761271,491049
2176698,603183
418186,217359
9897,101577
7366,99919
7005,99598
9604,105191
8622,98994
7360,99715
13178,101383
9628,98660
15446,101015
34483,106954
13473,99636
88089,126893
31018,105937
31050,104575
464909,206319
105813,128077
1776661,491856
2175178,624631
428286,216903
7958,107559
7343,99139
7227,99681
10047,98792
8828,99881
7256,98782
12556,99719
8924,99096
15233,100829
34374,107162
13649,99958
86267,121102
30038,105265
31075,104760
459210,205517
103894,127115
1771430,488867
2163748,611562
420078,214900
8631,100209
7574,97793
7765,97692
9825,99658
9081,99648
7521,97839
12892,101384
9088,97915
15865,100813
35256,106366
13685,99519
86955,122057
30590,104675
30616,104371
461574,205179
103641,126012
1777771,499009
2172799,604841
416984,213065
9075,99408
7760,98394
6786,98399
9902,99395
9318,97753
7414,97821
13080,100256
9122,98654
14788,100219
34695,106835
13996,99196
86838,121183
30760,105056
30590,105105
458331,204900
103793,125914
1761602,489500
2187105,607016
416766,216705
8969,100030
8085,98991
7894,99810
9890,98995
9042,98824
7929,98494
13888,99768
8995,98413
15534,101059
34894,107352
13757,99450
87783,120622
30775,104721
30644,104747
458089,206154
103938,125238
1767092,484100
2181582,613799
417333,218317
8692,100307
7655,99275
7113,98443
9483,99682
8797,99733
7496,98933
12527,100154
8748,99344
15039,100864
34873,106216
13460,99389
87607,120805
30785,104571
30995,105065
458580,205148
105156,125461
1765418,487889
2183372,606805
420002,216495
9039,100065
7911,99925
7392,99759
9754,99588
8922,98922
7920,98255
12610,100219
9193,98718
15047,101214
34479,108073
14026,101040
87605,121763
31011,105760
30986,105585
457912,206949
103829,126827
1765351,489654
2188214,608860
415292,217109
7893,100264
7123,100515
6705,99227
9560,100395
8656,98943
7390,98826
12454,100244
9274,99285
14992,106759
34306,108821
13262,99277
86529,121961
30658,105155
30755,105212
457277,206010
104091,127646
1758191,488192
2180134,612497
428800,215252
7757,101022
7881,100671
7513,99796
9432,98937
8957,102637
7282,96587
12777,100168
9498,98447
15644,101485
34802,106185
13625,99236
87102,120781
31502,104998
31032,104056
457342,211650
103265,127219
1759733,493388
2167055,612032
419032,215651
8571,101101
7664,98210
6958,100011
9331,100638
8871,98751
7497,99028
12668,100062
9139,99108
15035,100948
34579,107485
13718,98545
86424,122351
30754,105586
30499,105868
454394,205331
104020,126749
1777804,491910
2177882,610840
418287,216395
8523,100912
7611,98963
7295,98612
10095,99397
9477,99305
7269,98409
12663,100561
8771,99293
15750,101243
34811,107208
13738,100590
87853,121040
31076,105180
30703,105146
456134,205476
102599,126219
1767683,491222
2163871,609571
421391,214793
8784,101932
7596,99466
7433,98555
9752,99404
8986,97792
7201,97374
12501,101031
9568,98892
15768,101271
35646,107368
13392,100633
86492,120327
30687,104606
30953,104277
458785,206328
105177,125174
1760243,497217
2188584,614419
415500,216139
9217,100439
7683,97916
7520,99190
9727,99879
9010,100070
7338,96988
13006,100612
9098,98729
15277,101453
34467,106658
13538,100080
87812,120600
30407,105689
30315,106640
459418,205919
103089,125586
1771322,487885
2184815,611341
416165,213735
7931,99922
7476,99362
6989,96490
10063,100528
9366,99415
7931,98368
13668,101009
9057,98899
15585,101599
35322,108345
13780,100268
87164,122208
30822,105312
30590,98690
457902,205907
104407,125970
1768433,487928
2180577,609921
419317,215661
9796,101366
7738,98390
6943,99324
9592,100544
9467,99063
7518,99480
12629,99975
9254,99607
15359,101052
34271,106339
14253,100360
87199,120797
31080,105097
31241,105026
458626,206580
103580,125485
1766841,484198
2186057,603891
417739,215906
8297,101474
8312,99363
7490,98577
10128,104890
9850,100168
12605,99364
12893,105597
10198,99926
16077,101229
35095,106481
13965,99767
86656,124981
30492,104395
31070,104779
463743,207075
104796,126984
1772792,487313
2166971,623728
425026,220838
8801,100406
7692,99035
7632,99677
10351,100045
8688,98952
7458,98603
13026,102068
9273,99355
14754,101849
34463,107493
13437,99778
86779,121363
30658,106164
30967,105300
460088,205806
103912,125558
1778398,492609
2171822,605787
419973,214447
8274,102083
7777,98479
7391,99615
9655,99576
9103,99314
7640,97969
13016,99721
9304,98875
15206,100749
34473,106016
13762,99661
86871,120822
31255,105403
31122,105750
459674,204716
102824,125643
1777563,494655
2185338,607666
417907,214481
8196,99485
7665,98412
7105,99022
9713,99581
8860,98846
7127,98541
13582,100529
9414,99130
15243,101153
34711,106538
13572,99808
87024,120804
30511,105314
30627,105386
457712,206240
103765,126483
1786152,490263
2169753,601066
416109,216592
8274,101392
7368,99249
7037,99258
9526,99255
8933,99576
7521,98537
12978,100708
9261,98925
15318,101529
34791,107773
14071,101113
86832,121709
31484,106046
30432,106879
456792,208084
103435,126607
1770933,503355
2169646,611368
427133,215225
8993,100141
8698,99917
7159,98401
9779,100677
8626,98700
7138,98340
13377,99798
9847,99107
10699,99923
34714,107544
14629,98967
87552,122154
31411,105830
30896,104974
460536,208205
103696,125965
1766481,489458
2181212,608669
425277,215140
8069,98963
9510,99142
7307,97953
9257,98846
8924,98580
7393,98410
12788,99657
9874,99415
10680,98421
33966,106847
13989,100176
86529,121140
31857,104532
31009,105906
459954,206657
103202,126551
1777306,486987
2173702,616588
417592,217066
8007,102087
8908,100060
7279,99419
9729,99989
8980,97963
7632,99532
12651,101229
9432,98787
15228,106250
34745,106844
13737,106993
93601,121454
31655,105751
29744,105200
467898,207439
102830,126588
1779535,491769
2160122,615045
429360,217418
8476,101370
8201,100287
7323,98625
9192,99504
8646,99780
7404,98910
12838,99392
9632,97849
10533,98891
34413,106545
13699,100183
87680,120197
31303,105776
30423,105855
461387,206019
103015,127591
1782493,494831
2174976,604698
423821,215189
7939,101270
8060,99428
7236,98707
9561,99630
8796,98927
7920,98188
13532,100444
9580,98292
10437,98635
33345,107153
14044,99322
87336,119600
31733,105284
30472,105336
458737,207246
103773,126540
1763308,501846
2179586,600994
420942,214127
8779,100984
8044,99551
7518,97847
9429,99035
9034,97978
7154,98215
13066,99987
9504,98085
14874,100588
34975,106771
13705,99597
87413,120654
31403,105059
29801,105523
454238,205593
103730,126707
1787949,489939
2172067,606197
421635,217831
7955,100184
7973,99474
7298,98177
9320,99999
9163,98284
7579,97741
12899,99526
9282,97400
10723,98594
34471,106349
13558,100138
86921,119050
31633,103899
30063,111593
461033,205864
104125,126449
1758970,487626
2172043,612868
440753,218692
8012,100314
8693,104298
7384,98892
9364,100190
8799,99529
7179,98674
13162,100986
10236,99344
10717,99848
33696,106971
14249,100966
86685,121299
32229,105038
30641,104609
455004,206248
104453,126876
1777783,489048
2166971,610435
417259,214944
8056,102002
7503,100393
7536,97771
9972,99675
8777,101190
7096,98697
12799,100602
10196,99551
15452,97384
35087,101125
14048,94368
88113,121008
31878,106522
29811,104347
463737,207900
102763,125829
1773690,499652
2194832,602043
425631,216852
8619,101124
8413,99861
6661,98475
8960,99549
8551,98863
7499,98446
12750,100534
9424,98219
10080,98755
34572,106511
13263,99137
87217,120887
31765,104439
30000,105613
457484,206791
103452,126502
1770899,485802
2173712,609741
422981,217583
8123,100194
8497,98870
7128,99176
9332,99920
9223,98758
7197,98322
12390,101151
9650,99045
10396,99546
34160,106476
14150,100482
87794,121197
31382,105520
30707,104501
457785,206652
103882,125561
1782770,493377
2172566,609074
422878,217600
8629,102480
14251,99044
12510,99578
9752,99413
8771,99141
7431,98557
13041,99901
9690,99339
14982,100924
34920,106916
14716,99792
87821,119694
31561,105664
30303,105829
460021,207235
103702,125654
1789878,486851
2170415,601758
424196,217687
8492,99861
8397,100520
6783,98442
9912,99971
9600,99379
7497,98672
13185,100803
9702,99051
10375,100494
34171,107595
13686,99953
88114,121108
31717,105901
30430,104953
460173,206172
104068,126684
1777851,500792
2183032,603808
425050,216236
8488,101229
8624,99340
6950,97972
8555,99015
8759,99740
7351,98619
13436,100785
10470,99341
10879,99247
33710,106563
14130,100804
87695,120591
31802,104807
30630,105788
458093,207595
104121,126003
1786425,488879
2186470,606588
418979,215379
7966,100744
8044,99844
7586,99184
9051,100674
8653,98486
7818,97683
13167,100703
9502,99225
15087,101656
34263,111910
13348,99079
87999,120633
31655,105564
29719,105306
468509,207197
103610,132980
1781394,484099
2177912,615024
423310,214724
8772,99677
8936,100479
7024,98245
9227,98972
8277,97880
7061,97901
13320,99425
9166,98297
10487,98704
34272,106921
13674,97696
86355,120852
31102,104869
30152,105095
459217,207978
103268,125538
1790131,489709
2173551,601889
421413,215241
8102,100281
8211,100646
6432,98976
8915,99548
8807,98508
7041,97846
12632,100445
9234,98512
10910,98870
34165,105977
13599,99135
86376,119239
31474,104523
30778,104480
456679,208548
103655,126881
1778366,487548
2192618,608741
416718,214196
8515,98634
8182,98006
7304,98813
10164,99911
9118,98892
7653,97416
12735,100193
10189,98180
15405,100506
34524,106262
14007,100223
87764,120091
31452,105453
29728,111249
461733,206451
103287,127577
1779143,488212
2183986,594366
436932,216741
9098,99803
7674,105192
6708,103504
9479,98617
8263,98487
7372,97237
13128,100305
9692,98412
9980,98528
34500,106125
13666,98686
87871,120863
31818,104614
29967,104786
460895,204376
103249,126612
1789584,488730
2175863,600486
423438,216214
8193,100663
8369,98178
6715,97357
8931,99066
8691,98006
7673,98707
12842,100180
9427,98593
10512,99586
33660,105777
14134,99736
86350,119288
31330,105183
30435,105329
465277,206859
103462,125272
1788153,493005
2194594,608698
416005,214561
7986,100300
7644,98681
7373,98348
9148,99265
8287,98853
7604,97895
13014,99472
9865,97898
15182,100099
34140,105421
13668,98627
86593,120593
32070,105415
29990,105213
460146,206252
103236,125725
1783977,489029
2178765,609673
424984,214992
9720,102242
8510,99438
6491,99224
9192,100221
8674,98383
15170,99520
12874,106432
15498,99821
10316,98974
34663,107122
14213,100824
86903,121449
31225,104656
29812,105534
466313,207198
103024,125555
1810303,494465
2169374,610206
423704,215959
8024,100787
8614,98563
7149,98401
9036,98454
9041,98962
7704,98346
12957,100122
9718,99140
11159,99444
34264,106272
13760,99614
87668,120431
32083,105674
30289,105461
458974,205641
103845,125767
1798025,488720
2165814,607143
419211,215243
8681,100458
8588,99103
6863,97501
9859,100096
9113,98943
7514,98560
14024,99672
10278,98703
15874,100356
35078,107061
13946,99999
87933,120708
32621,106375
30326,106192
461384,205539
104153,126547
1784503,490186
2182280,607708
425151,216398
8968,99079
8232,98024
7198,97628
9719,99285
8794,98031
6916,97523
13162,99765
9140,98350
10236,99015
35297,106592
13183,98539
87267,121566
31309,104520
29993,104265
462671,205684
103615,126800
1770010,486545
2179429,614971
423562,218323
9052,100340
8841,98489
7458,98547
9953,99447
9389,98123
8705,98668
13092,99362
9853,99454
10707,104945
34613,107206
14600,100859
87763,119579
31982,103889
30167,106083
460911,207310
104604,126887
1767261,495976
2206189,610844
422911,216667
8916,100743
7906,99233
8144,98056
9821,99328
9141,102418
7825,97267
13281,100485
9849,98025
15417,100335
34638,105948
13800,98945
87425,121553
31612,105341
29855,104059
463045,206167
103483,133848
1777657,487115
2182103,625716
423798,219632
8295,99615
8150,98821
7358,98167
9549,98744
8671,97607
7783,98646
13047,100133
9461,98061
10359,98573
33854,106452
13379,99437
86986,120436
31998,104206
30065,105022
457481,206725
103019,125420
1770139,495470
2181916,607494
427868,216724
7595,99387
8178,98454
7405,98582
9219,99188
9405,98796
7382,97850
12595,99242
9610,98259
11004,99301
33964,105541
13578,99494
86520,120921
32168,104455
30305,104133
459558,203651
103404,125905
1781525,484388
2159227,610688
419972,215945
8911,101981
8322,100128
7300,99147
9614,99349
8812,100501
7782,98930
12561,100122
9596,99291
15080,101154
34524,107244
13966,99652
88919,120485
31676,105835
29700,105845
459295,206411
103768,125746
1780758,497690
2172310,605130
427666,217831
9188,101074
8462,98776
7025,99180
9427,99658
9384,99221
7695,97877
13055,101865
9185,99014
9842,100453
35005,106968
13281,100185
88394,120089
32106,104770
30775,105318
457738,206359
104100,127109
1772578,494797
2189676,612634
421538,215603
8418,100599
7980,90402
7061,99342
9032,99948
8842,99136
7375,98523
13121,99649
9318,99642
10983,99007
33929,106501
13865,100613
86769,121377
31763,107190
30742,105649
459358,206982
104011,126555
1763497,485167
2174834,603740
416262,217197
9226,101032
7839,98819
7624,98808
8845,98429
8366,98264
6972,97059
13170,99054
9677,103097
15318,100456
34643,106756
13191,100155
87574,119821
32229,105837
29930,105301
463786,207525
102565,132178
1782285,486569
2160980,619889
423675,224980
9106,100614
8094,99404
6768,98900
9447,99906
8288,98712
6882,99259
13107,100493
9339,99105
10284,99766
34418,106598
14005,99647
87143,120164
31715,106104
30463,105715
458416,206432
102062,126115
1774936,489475
2177137,603751
424394,214990
8038,99796
8517,99419
7091,98386
9374,99850
8718,98419
7399,98657
13206,99487
9577,99520
10484,99838
34139,106626
13450,100054
86986,119785
31137,105115
30356,105112
460938,205690
103448,125999
1775587,491548
2172037,604988
416111,218081
7973,101615
7923,99887
7802,98919
9492,99317
8809,99083
7496,98336
12996,100035
9893,99763
15697,100524
34647,108522
13832,101134
87184,121135
31891,105880
30166,105132
457680,207090
104127,125929
1782890,487359
2177477,608555
426006,216446
8393,101859
8178,99131
6818,99305
9522,100368
8989,98918
7260,98553
13204,101553
9594,99407
10233,99505
34361,107405
13365,100218
86600,120776
30567,107229
30043,106469
459940,207454
103383,125320
1768567,485869
2185575,603137
425794,216602
8651,100323
8012,99014
7161,98232
9316,98834
9684,98954
7482,98262
13100,100131
9348,100294
10553,99590
33928,105918
13416,103796
85442,125800
31388,105052
30567,105420
464619,206287
102857,126486
1763681,484279
2150596,612480
425046,216441
8195,99722
9133,98088
7693,97606
10054,99072
9152,97803
7854,97259
13283,99861
9917,98894
15594,100626
33876,106719
13683,100026
87042,119624
31559,105340
29685,104872
455185,205996
101544,125444
1770475,483091
2149053,603823
422855,216096
8491,101235
8538,99472
7084,97576
9358,98860
9139,99094
6953,97789
12826,99447
9351,97744
10026,98426
33864,107639
13629,100199
85676,120849
31317,104724
30547,104856
456359,205789
102608,125030
1762721,489631
2154253,600206
421356,216276
8484,99596
8208,99281
7282,99152
8817,98495
8857,98592
6913,98359
12830,99941
9620,98757
10454,99569
33975,106574
14029,99720
85715,119038
31682,105917
30395,104633
455868,205844
103296,125573
1762260,483714
2172558,602804
414546,215489
8987,100680
8156,98973
7303,98084
9381,99887
8635,99010
7675,98247
13115,100721
9905,99138
15468,101312
34577,106577
13758,100140
87471,120573
31778,105137
30070,104788
452514,206642
103005,125979
1774814,500736
2165960,609731
420199,216331
8578,100489
8654,99382
6755,99191
9958,99989
9124,99436
7556,98792
12826,100644
9252,99180
9978,99343
34731,108197
13698,100160
85865,121206
31118,105257
30194,110169
457595,206341
101971,126288
1740468,482179
2157943,606496
432033,216323
7867,99730
7823,104057
6559,102319
8931,97815
8561,97958
7304,97498
12912,99512
9735,98253
11196,97435
33080,106838
13719,98489
85313,120080
31390,103647
30840,104569
456252,205278
103381,124360
1779754,494760
2162854,609139
412321,213534
8460,99647
8279,98115
7884,97790
9421,99497
8801,99105
7469,97977
12811,99508
10054,99795
15372,100928
34582,106019
13831,100038
86890,119727
31549,105812
29782,104866
453718,207032
102772,124926
1758319,483124
2154111,608951
419329,214324
8800,100077
8834,98718
7409,97778
9851,99362
8789,98834
7390,98517
12716,100125
9803,98348
10126,99818
34006,106844
13857,99561
85327,119410
30886,104936
30292,105892
453794,204700
103136,126486
1765367,481901
2169654,602483
417790,220461
8463,100741
8962,100984
7560,99142
10107,99250
9580,99195
7269,98392
12422,100068
9099,98522
10341,99707
33615,105810
13834,98937
85653,119044
31004,104832
29750,103952
457157,206060
102378,126275
1762359,485173
2170616,598513
413186,213988
8683,99404
8791,98618
7578,98296
9860,104949
8296,97741
7097,103930
12908,99596
9825,104181
15199,100592
33799,105548
13711,99561
86195,119078
31340,104779
29370,104822
464450,205221
102462,130725
1762639,483359
2146625,608382
417671,213185
9041,99004
8346,97673
7645,97758
9414,99219
8582,97922
7427,97388
13117,99973
9590,97875
9655,98644
33938,106303
14085,99724
86678,120652
30799,105237
29706,104084
453473,205427
101963,125205
1762683,486047
2143794,600043
422494,215014
8360,100350
8372,100301
6700,97577
9460,98201
8599,97297
7288,97271
12397,100317
9560,97883
11278,99256
33319,106275
13455,100636
85794,120162
30915,105277
30079,105073
454512,206306
102899,125466
1780887,498678
2160486,595447
417668,212639
8457,100085
7736,99026
7123,98405
9925,99286
8767,99241
7708,98019
13262,100785
9921,99399
14970,100777
34029,106384
13423,99379
87294,121160
31800,105820
29482,105033
456862,205715
102360,126902
1760158,488496
2167585,597205
420361,217602
8630,100620
8299,99528
7128,98415
9860,99521
8708,99184
7642,98499
12728,100328
9395,99345
9999,98737
34431,107366
13282,104810
87707,125972
31984,104726
30498,105416
461383,206326
102817,125861
1767483,488123
2155863,601616
432030,211831
8607,101232
9260,98740
7334,98918
9427,99376
8690,99411
7023,97925
12994,100045
9651,98913
10655,98699
33769,106937
13661,100335
86594,120569
30982,105940
30088,105058
457348,205026
102597,125848
1773723,485675
2157023,604958
411648,214394
8316,100011
8165,98836
7075,98427
9228,98579
8518,99048
8080,97099
13413,99661
9978,98818
15149,100528
34264,107873
14270,99343
86712,120169
32021,105189
29931,104646
455448,204641
102413,126197
1768259,496107
2163455,599294
418611,213995
8889,99282
7924,98968
7109,98257
9672,99177
8813,98176
7258,97767
12644,99758
9182,98888
9922,99528
34307,107803
13886,98646
87261,121578
30996,104354
29696,104955
456453,204816
102040,126562
1762825,483772
2162465,597993
421862,217611
8546,101173
7957,99243
6819,98000
9138,99100
9099,98172
7428,98405
12608,99811
9192,99327
10058,98196
34559,106898
13382,104765
85345,126558
36404,104752
29976,104936
461629,205115
108454,125381
1775153,486756
2157344,607081
416564,221502
7530,101479
8518,97881
7206,97157
9647,99545
8833,99103
7469,97543
12540,100033
10063,98387
15107,100746
33926,105930
13534,99272
86939,120168
31909,105523
29517,104117
458144,203501
102286,126249
1770990,487820
2155262,598765
420148,213934
8731,99000
8503,98621
7030,98246
9312,98131
8558,96947
6961,96828
13416,99276
9350,97743
16362,100299
29185,104778
13315,99153
86471,119990
30689,104055
31469,105888
454797,204877
102931,125939
1754980,479359
2164560,597914
414433,215639
9611,100918
7369,99144
6827,99477
9621,99696
8761,99223
6953,98171
12904,99992
9318,98497
15108,101033
34719,106737
13770,99056
86921,120619
30434,105354
30307,107017
457458,204856
102674,126387
1769891,485967
2168349,601500
412268,215740
8669,100988
7358,99705
6792,98450
9596,99589
9230,104401
7134,97804
12689,99898
8708,99038
14752,101093
33982,106642
13350,99956
86027,121104
30771,105328
30461,104635
460234,214208
102387,125768
1760495,491752
2170325,601210
415634,215474
8708,101805
7859,98386
7334,98043
10556,99026
9123,98714
8048,98618
13087,99595
9504,98896
15486,101798
34466,107599
13710,100637
86919,120968
30529,104547
31268,105341
453957,204179
104112,125337
1750989,485994
2153537,600698
416140,213513
8557,101647
7455,99192
6897,99086
9111,99774
8637,99251
7108,98992
12645,100284
8952,99478
14950,102011
34620,107237
13012,99955
86059,121296
30232,105948
30524,104480
454696,204669
104022,127356
1762188,494608
2185185,607767
412434,216331
8470,102549
7912,98650
7257,99804
9918,100009
9053,100011
7385,98212
13148,101135
9696,99659
15164,102679
34577,106766
13696,101179
86207,122268
30680,106551
31188,106715
458041,205699
102918,126529
1770344,490268
2163591,596273
424292,215304
8734,100608
7190,104446
7188,102718
9655,98889
9306,98609
7739,97558
13240,99597
9303,99000
14921,99877
34473,107333
12946,99848
85575,120688
30072,105419
30410,99481
456636,205011
103582,127334
1764212,492258
2161543,605455
415695,213511
8441,101085
7399,98982
6693,99509
9678,99637
9152,98672
7482,99082
12912,100094
9097,99484
14826,100611
34410,107372
13434,99827
85704,120444
30328,104536
30458,104777
455469,205004
103709,126409
1749343,495902
2171607,610652
414257,215824
8237,101861
7506,98496
7018,99189
9735,99898
9045,99751
7643,98762
12930,100813
9271,98760
15621,101568
34194,107986
13310,100343
85496,121087
30423,105887
30423,106817
458025,205455
103609,126184
1753286,482128
2179127,597865
414701,215793
8335,100322
7411,98260
6891,97913
9634,99907
9013,99073
6843,97198
17573,100651
9152,98555
14966,100720
33906,112322
13687,99827
85831,120416
30099,104981
30058,96512
464386,206266
103286,127279
1760345,483336
2152445,604439
412063,216102
7391,98986
7551,99157
6906,97968
9468,99125
9543,98640
7657,97553
13096,99072
9547,98930
15051,100408
34440,106330
13636,99593
85891,120566
30941,104654
30223,105288
458491,206230
104529,126407
1772693,501610
2166341,598600
414183,215077
9071,100660
7323,98312
7652,98669
9484,100431
9586,99270
7298,98295
12407,100599
9139,98648
15040,101104
33897,106971
13346,99701
86117,121230
30475,104255
30306,103913
456484,204867
102887,127445
1767860,482483
2183224,606356
417043,214958
7968,101263
7107,99037
6540,100686
9586,102027
8929,99338
6954,98711
12568,101170
8759,99957
15430,102499
33857,107833
13618,100716
86731,121553
31063,105434
30465,99125
455375,207435
103887,126651
1756496,482551
2166019,605246
419595,217894
8271,100262
7164,98406
6943,98732
9088,99972
8962,98903
7525,97881
12636,99856
8642,97783
15347,101556
34364,106804
13203,99709
86190,119791
30617,103929
30243,104349
457012,204323
102764,125778
1765296,478502
2151523,592067
411635,205781
7973,100289
7439,98808
6937,98334
9247,99454
8864,100541
6975,98942
12123,100389
8638,99530
14878,101168
34081,106935
13318,99268
85501,122753
30429,106446
29982,105722
453948,207117
103082,126006
1772271,490456
2178576,594955
412513,213482
8633,100017
7526,97398
7310,99459
10238,99204
9032,98748
7442,97604
13239,99640
9551,98603
15122,101073
34093,106652
13163,99705
86472,120853
30263,105415
30526,104723
458755,204887
102856,125307
1760526,487784
2172030,597735
415762,216798
8062,100312
7415,99184
7060,98785
9305,105285
8968,98953
7034,103887
13863,105067
9493,103404
14621,101409
33405,106740
13050,99133
85342,120984
30208,104495
30299,104512
457947,210175
102890,126215
1777737,485149
2169702,594753
413949,216321
8392,100376
7897,98630
6904,97835
9715,99613
9393,99127
8105,98674
12917,100131
9601,98302
15406,100104
34520,106175
13365,99049
86336,120098
30319,104779
30278,104505
458826,204680
103440,126397
1772399,485772
2178190,605698
415336,214826
8864,101306
8400,98179
7245,99539
9618,99242
8989,99475
7747,98871
13370,100337
9464,98651
15575,101184
33964,107196
13301,100229
86199,121719
30698,105498
29945,105956
455483,205385
102643,126180
1761458,483947
2171543,600429
412183,216542
7988,100165
7924,98506
7557,98533
10484,99408
8920,98666
7402,98305
12759,101114
8857,98418
15043,107432
33545,106096
13508,99291
90817,120893
30705,104838
30245,104719
466886,205373
103564,127078
1766398,480900
2154953,610706
414022,218615
8500,100282
8051,92948
6739,97635
9936,99373
9141,98721
7377,97195
13266,100090
8690,99743
15283,100521
34789,106778
13414,99454
85749,120930
30394,106340
30436,105652
454680,206464
103541,125873
1782076,487502
2162822,598366
414654,216448
8290,101603
7514,99681
7287,98362
9894,100466
9001,99047
7840,96927
13113,100710
9057,99355
15507,101564
33839,106581
13276,100091
86647,120287
30326,105212
30521,105343
454836,206598
103471,126933
1759726,486261
2171047,602452
413567,214360
8470,100227
8391,99276
7010,98913
10293,100389
8929,99732
7838,98214
12943,101083
9354,99030
15442,101612
34330,107605
13799,101151
85762,122248
30244,105361
30231,105507
456758,205268
103397,127017
1754776,486364
2163342,599053
412116,216245
8659,100652
8179,98747
7057,99897
9530,99697
9423,98521
7719,97951
12572,100212
9288,99309
15565,100387
34078,106954
12871,99266
86440,121835
30849,105216
30143,104925
454995,205393
103504,126126
1768284,486710
2139419,599996
416300,216405
9041,98555
7586,98617
7111,98414
10134,100016
9433,98477
7558,97814
12515,99168
9152,98338
15887,99921
34502,106517
13422,98956
85192,120802
30287,104774
30281,100545
451280,205891
102308,127323
1774433,496903
2177272,596027
412417,214113
8413,99419
7956,97943
6890,97995
9805,98857
8644,98220
7335,97622
12558,100577
9002,98394
15247,100840
34163,106160
13619,99222
85421,119802
30555,104844
30499,104316
455470,205255
102895,124947
1760246,486268
2166594,598470
415646,217093
7922,101849
7318,99848
6600,99662
9586,106272
9235,99808
6980,104208
12238,100539
8955,104643
15510,100401
34281,106871
13151,99659
85631,120393
29852,105089
30124,105499
453434,214244
102894,125377
1768930,484643
2152827,595451
415966,215265
8378,100881
8278,99020
7416,98692
9435,99080
8730,99541
7835,97860
12324,101048
9226,97958
15715,101732
33836,107102
13256,99029
85730,120755
30168,105600
30301,104936
457563,206400
102803,126406
1770447,485038
2163681,606169
411914,212618
8402,101165
7475,97993
7117,97630
9525,100025
8800,98784
7564,97771
13202,100961
9030,97738
15258,100258
34962,105898
13582,99626
86546,120740
30342,104445
31283,104789
458895,206516
103096,126383
1758278,488314
2164079,608281
412157,214550
8460,100822
7837,98666
7155,98706
9579,99762
9197,100054
7406,98430
12878,100936
9429,99311
15965,107521
34150,106983
13709,99684
91482,120916
31328,105135
30023,104721
469782,205853
103882,126363
1775501,482364
2148297,608789
412378,222832
8130,101393
7888,99430
7409,99504
10144,99342
9037,99375
7318,97720
13038,100414
8999,98462
14886,101311
34355,107243
13178,100599
86105,120979
30464,104189
30795,104668
460870,205431
102545,126572
1759680,484743
2151224,599414
411415,212263
8341,101731
7835,98931
6728,98490
10214,99628
9036,99725
7967,98268
13069,101528
9239,98903
15624,100775
34844,107016
13697,101389
86753,121853
30404,105055
30623,104954
460967,205284
103825,126307
1779004,488265
2182499,606282
416974,218116
8146,101390
7923,98492
6861,98401
9438,99725
8900,98939
7491,97760
12817,100794
8901,99482
15145,100606
34689,106912
14120,100571
86425,115987
30335,104854
31072,95697
461838,206176
104773,127194
1770499,486994
2190576,603369
415832,215130
9321,100402
7928,99109
6879,100582
10085,99143
8931,97776
7738,98427
13203,100686
9093,97871
15081,101829
34159,107535
13101,99034
87246,122088
31338,104401
30732,104105
460490,206270
104886,127005
1784098,490918
2160537,602781
420526,214845
8206,100850
7673,98837
6909,99890
9518,99150
9081,98361
7324,97205
13338,99694
8810,98722
14945,99859
33823,107766
13701,99945
86257,121785
30759,105339
30987,104560
457080,205268
104895,126845
1767519,495206
2180314,606689
419635,216184
8414,99969
7479,98698
7072,98677
10213,99336
9256,98589
7428,97856
12192,100258
8704,98318
15204,100883
34248,107637
13736,99540
86371,120589
30747,104526
30473,105029
461203,206444
103779,125408
1776294,485767
2185936,605575
415280,215884
8401,100233
7462,97925
6487,98131
10729,103277
8682,98031
7414,101799
12366,98947
8885,98575
15188,100226
34531,107247
13869,98893
86634,121004
30728,104743
30937,104149
461656,215689
105213,125997
1778766,487678
2172785,608736
420207,216226
7595,100690
7449,97887
6924,98249
9518,99100
9066,98446
6891,98147
12895,100133
9138,97853
15296,99727
34265,107032
13537,98800
87130,120527
30836,105007
30955,104993
462540,206586
104743,125477
1776636,485779
2164663,603916
418020,214050
7688,99650
8041,98896
7253,98917
9515,99890
8986,98646
7233,98664
13489,99017
8933,99113
15166,100862
34212,106443
13388,100170
86484,120669
30291,105313
30691,104863
463060,206947
104185,126036
1785986,483569
2193392,597672
414819,219103
8666,100089
7712,99566
6918,99700
9632,99392
8914,99421
7239,98041
13054,99812
9246,100264
15109,101500
34874,107552
13522,100545
86384,121412
30921,104997
30433,105648
459842,206369
104064,128185
1783373,490469
2180344,625176
427453,217090
8116,109783
7565,99565
6783,99201
9579,99543
8767,98843
7424,97869
12545,101503
8886,100037
15545,100654
34045,108224
13446,99582
85742,121571
30389,105230
30553,104329
459573,206937
105435,126561
1779176,486529
2163371,602469
416865,214871
8183,100844
7802,98620
7072,99450
9690,100184
8620,99169
7176,98124
12779,100619
8856,98600
15224,101474
34494,106165
13650,100069
86664,120722
30607,104552
30659,101655
457319,206093
103938,124448
1772153,483934
2187776,607441
417030,217726
8502,100820
7964,99352
6669,98810
9432,99952
9050,98139
7544,98186
12337,100164
9046,99535
15223,100641
34266,106605
13482,100099
86436,120812
32296,105024
30132,105782
460404,205293
103812,128315
1791292,493969
2195457,605973
421133,216073
8480,99470
8276,99967
7399,100166
9615,99571
9160,104130
7354,98294
13152,100282
9798,98829
10314,99525
35140,105924
13992,99177
85991,120345
31232,104334
30505,104538
461026,207374
103422,126570
1785172,487180
2180169,609393
423016,214594
8702,100883
8324,98952
7383,98561
9278,99089
9567,99304
7575,98657
12982,99722
9481,98588
10696,98834
34244,106151
14240,99522
87302,119683
31868,104329
30739,105018
460053,206327
104170,126051
1784063,493603
2174925,602015
420170,215460
8078,100742
7922,98797
7445,99068
9627,99375
8628,98362
7661,98394
12776,100044
10024,99291
15153,100730
34617,105382
14151,100212
87427,120281
31809,106197
30230,104493
461887,205468
103301,127938
1784929,489213
2173542,601284
420945,218235
8205,101228
7957,99222
6752,97868
9349,105509
8486,99006
7723,98653
18261,100878
9472,98873
10475,98853
34058,106908
13892,104367
86735,127606
31332,105079
29990,105795
467360,206014
103692,126892
1773249,492311
2173591,623307
433929,218450
9007,107721
8549,99039
6976,97759
9207,98841
8613,98619
6979,97428
12603,100162
9439,98083
10271,98978
33795,106494
13446,99398
86721,120365
32112,104866
30296,105156
458570,205569
103627,124515
1782109,487511
2179828,605467
415427,218053
8292,101835
7817,99674
6861,99487
9353,98974
8257,97366
7431,98024
12818,98867
10202,99102
15132,101090
34442,107312
13246,98947
87711,121085
31885,105170
30022,105353
459413,205197
103933,126335
1772657,494150
2179784,603596
423799,216338
8266,99672
8365,99542
7282,98502
10368,99179
8801,99091
7313,98311
12881,100648
9650,98152
9836,99959
33927,107006
13465,99267
86336,121045
30962,106690
29825,104983
460039,206504
103503,126343
1779292,490438
2181272,606635
422638,215873
8506,99901
7781,98931
6778,98130
9509,98752
9402,97939
7626,97435
12897,98579
9471,97932
10913,98918
33828,105997
13431,99815
87822,120776
31792,104780
30267,104324
455668,205746
103866,126386
1771016,501493
2187405,609308
420963,218610
8858,101088
8263,99753
7099,99062
9477,99925
8572,99161
7385,98495
12333,101056
9580,99069
15625,102439
34513,106720
14132,99948
87418,121327
31690,105130
30268,105593
459896,207445
103074,126877
1778560,486334
2174842,614733
422666,216805
8126,101321
8042,99047
7058,98420
9465,99595
8616,100070
7461,99078
13283,99388
10097,97824
10502,99995
34741,107390
13744,100079
86353,120591
31415,104977
30133,105235
459230,207282
103100,125991
1769708,486002
2188541,609690
421094,215150
8537,99061
8301,99052
6915,97902
9473,99387
8809,98583
7518,97323
13392,99581
9615,97808
10902,98977
34303,105639
13857,99948
87932,118893
31548,105608
35411,104370
461685,206340
104330,126545
1767984,489512
2173427,607597
416562,215747
7980,100964
8034,99265
7644,98862
9120,98723
8436,97785
7330,98522
12796,100157
9414,98588
15158,100712
34363,106585
13754,99004
87530,118995
31540,104621
29984,104151
467865,206560
102379,132484
1772326,488026
2170076,627887
428332,222327
8211,99621
8984,98393
6998,98421
9350,98872
8988,98155
7061,98171
12749,99360
9556,97511
10488,99727
35006,107067
13688,97737
87499,119855
31722,104967
30029,104240
456601,204862
102845,125253
1773403,486297
2164843,609625
422810,216119
8003,100256
8732,100010
7834,98642
9544,99998
8828,99266
7528,98851
13461,100309
9385,99433
10946,98494
34937,107053
14657,99265
87714,119464
32049,106070
31012,105390
455293,206662
104893,125191
1780782,486186
2171640,608366
421630,216735
8588,99884
7778,98356
7625,98471
9591,98232
8449,98315
7601,98419
12686,100314
9997,98253
15312,100502
34615,105698
13457,98819
87209,119882
31546,104618
29818,104998
456399,206099
103084,126158
1781364,493066
2178038,607485
426710,214054
8518,100742
7741,97950
6827,97842
9556,99248
8698,98067
6980,97617
12859,99469
9406,98342
10829,98519
34445,106576
13567,99619
86517,119846
31127,104587
30069,104728
458375,205962
103863,125030
1770444,489733
2195902,606739
421132,217232
8996,100573
8755,99419
7661,99009
9416,98804
8765,98005
7438,97453
13377,99939
9477,98093
10513,98353
34217,106969
14067,99915
86959,120019
32018,104685
30531,105045
459230,204030
103085,126745
1773086,491237
2170691,605740
416761,217424
8256,101180
8255,99166
7634,98411
9983,98393
8567,97611
7778,97505
12490,97587
9597,98635
15054,100182
34715,106220
13942,98404
86921,120269
31825,105676
30152,105715
457610,205464
103105,125340
1775066,490199
2193663,612593
423321,214512
8110,100248
8366,99510
6848,98024
9551,98782
8541,98425
7378,97513
13054,101323
9945,98276
10071,98489
35286,106178
13746,106104
91639,120204
32516,104479
30067,100325
462902,207178
103072,126722
1771934,488638
2170122,611597
438346,216629
7536,107360
8009,98122
6726,103022
9266,98885
8548,98215
7568,98106
12754,99983
9791,98287
10738,98411
33970,105765
13454,100296
86823,120438
31749,104235
30437,104592
460003,213746
103941,126712
1777517,488074
2168250,611576
419094,216197
8385,100787
8273,100421
7263,99141
9392,98902
9044,99613
7377,98507
12864,100002
9377,99808
15570,100827
34851,106405
13649,99957
87356,120826
32396,104468
30030,104580
462752,205995
102439,126375
1779283,489261
2185163,599414
425297,215845
8698,100129
7712,98532
6637,98157
9086,98615
8504,98580
6922,98847
12461,100012
9059,98958
10123,98161
34135,106881
13123,99239
86683,120356
30918,104553
30437,105231
458675,206854
103890,123565
1791369,488991
2173119,610552
425019,216621
8792,100392
8481,99919
7649,97918
9960,100119
9700,99516
7406,96565
12732,100192
9065,98565
10604,100046
34151,105744
14071,99427
86938,121031
31806,104489
30152,105279
457976,207248
103667,125040
1770059,488854
2181006,609770
418945,215124
8635,101032
8350,99255
7227,97648
9632,99136
8300,98788
7231,97979
12370,99484
9622,99383
15459,100993
34424,106292
13524,99305
87694,119714
31138,105522
29773,104511
459116,206241
103134,125180
1757378,490072
2174866,604691
421824,217583
8589,100710
7905,99929
6955,98425
9650,99350
8787,99246
7293,98367
13060,100715
9469,98919
10232,99390
34497,107340
13712,99420
86987,121638
31815,104207
37352,105437
463145,205518
103807,127584
1769195,486731
2179060,611345
430164,217859
8202,100579
8645,99217
7350,98534
9872,97912
8915,102034
7617,97324
13146,99775
9670,98222
10752,99329
33665,105426
13686,99230
86666,120217
31111,104909
30211,105264
460671,213509
104484,126947
1791740,488376
2171966,602324
417022,217032
8140,100207
8313,99300
7953,97699
9921,99097
8893,97582
7121,97566
12891,98954
9645,98328
15127,101291
34447,106157
14394,100088
88020,121483
31489,106793
30066,105714
458220,205932
102759,127108
1769621,487590
2160273,601356
428203,215512
9149,101266
8514,99726
7224,99354
9581,98925
9269,98940
7026,97740
12815,99918
9443,98869
9976,99352
34251,106805
13831,99781
88416,119924
32070,103469
30918,104936
456880,207804
103669,125571
1768489,495523
2185556,600716
424223,217225
7971,100021
8881,98873
7514,98472
9264,98817
9143,99113
7559,98612
12860,100248
9049,99221
10358,98856
33748,107125
14251,99379
86730,120378
31523,104719
30343,104817
462230,206438
103810,126484
1777644,484866
2174832,607564
418781,214328
8351,100820
7457,99189
7163,98773
9457,99340
8995,98550
7318,98254
12699,99881
9739,99003
15242,101133
34471,106625
14084,99926
87571,119717
31565,105729
30115,106108
462720,207494
103509,126648
1772200,483540
2189530,599890
425727,218540
8863,102016
8649,99143
6648,98661
9436,99501
9116,98361
7312,96720
12963,99399
9247,97741
10455,98845
35010,105581
13498,99088
86967,121030
31393,104718
30560,105093
458573,212517
104187,126341
1780649,490109
2172154,609189
422192,216821
7867,99414
7980,98785
6888,97164
8899,98249
8897,97778
7231,97001
12436,99294
9412,98865
10424,98327
33943,106133
14088,99717
87511,120101
31678,104222
30761,104817
453820,206511
104372,126264
1785885,486903
2168881,595964
421547,216414
8658,99431
8598,98606
7781,98478
9946,98616
8785,91234
7774,87901
12963,100291
9375,98266
15328,101225
34662,106054
13717,99267
87572,120572
31715,104734
30869,104172
459915,205158
103793,125899
1781161,484474
2197221,603967
423417,216835
8342,100553
7755,99720
7070,98005
9210,98262
9112,97821
6889,97869
13393,100560
9786,98459
10621,97989
33973,107387
13384,99050
87231,120390
31317,105173
31093,104889
460926,205259
103690,126433
1783451,484407
2195233,608834
426495,217904
8160,99903
8297,99263
7253,97603
9021,104818
8754,99511
7108,103617
12616,100113
9839,103403
10445,98836
34418,107305
13838,100737
87053,121461
32373,104771
30718,104970
467122,206939
103108,125154
1783958,485688
2166171,615817
415347,213622
9133,100081
8234,99027
7032,99347
9831,98659
8634,98312
7580,98104
13332,99374
9618,99295
15349,100657
34188,106048
13767,100426
87190,119831
31170,105913
30036,105478
459303,207051
104208,125653
1779193,483597
2164273,605684
429186,214682
8776,98967
8429,99012
6892,98721
9505,98371
8502,97461
7295,98307
12780,99502
9802,99221
10071,98848
34421,106744
13811,99407
87656,121044
31329,105898
29942,104934
459089,205511
103807,125328
1774987,487646
2176597,603597
421204,216299
8524,99955
8653,99808
7128,98158
9783,98670
9170,98502
7538,98245
13367,99432
9505,98242
10801,99134
33789,106989
14648,100385
87124,121278
31488,105020
31180,105062
457350,205799
103417,126790
1782826,487340
2181202,605125
415234,217777
7917,101522
8102,99660
7293,99731
9422,99945
8975,100046
7520,98383
12693,100693
9632,100900
15407,101399
34595,106651
13624,100168
86774,122375
31688,107222
29806,105889
457816,212296
102234,128314
1777210,487259
2165437,597857
420839,217517
9366,101132
8535,99383
6987,98884
9196,100013
8372,99840
7180,99156
12767,100043
9515,98656
10105,98600
34331,107917
13485,99812
85936,119841
31181,104830
30378,104896
455523,204684
102884,126251
1767464,487920
2157162,607540
421795,214196
9270,100323
9255,99052
7616,99054
9435,99076
8940,100180
7480,98345
12936,100258
8779,98021
10406,98360
33659,106590
13879,99092
85612,119727
31512,105815
30052,104976
458744,206029
102532,125711
1775928,484350
2157978,599674
412415,214717
8598,101366
8018,99413
7305,99162
10208,100510
8390,99775
7232,99322
13022,100554
9737,100171
14779,101963
34874,108009
13176,100861
87529,121897
32093,105842
29297,105540
456629,206409
102137,126340
1754686,483923
2177937,606167
430554,217598
9486,100892
8206,105411
7188,104471
9918,98445
9068,99135
7311,98036
12970,100089
9360,99322
10574,99192
33785,106694
13921,99631
86750,121082
32394,104290
29747,103959
458992,205288
101819,126183
1768234,485281
2161299,595536
422197,215674
8427,100750
7966,98584
7243,97866
9676,100256
8693,98106
7513,97232
13179,98979
9628,98836
10624,99083
33814,106931
14531,99731
85961,120673
31106,105067
30579,105557
461278,206056
102813,125387
1762861,501912
2176020,607734
417122,213404
8161,100997
8048,99211
7424,99187
9501,99543
8622,98432
7299,97871
12794,99032
9418,98803
15732,100764
34443,106227
14129,99291
86546,119696
31204,105456
29132,104235
459903,205545
103044,125257
1769698,485476
2159567,596971
417987,215843
8430,100050
8268,99037
7312,99810
9798,99931
8655,100182
7692,99410
17636,101658
10173,97856
10172,92084
34492,113492
13744,101071
87078,121472
31048,106519
30599,105797
464030,205085
103220,127619
1766000,484539
2151828,594281
420923,216887
8072,100376
9252,98363
7505,98606
9437,98641
8552,97980
7084,97334
12340,99314
9866,98527
10870,100209
33921,106018
13984,100583
87007,119938
31953,104952
30760,105327
458257,205408
102792,126433
1790532,484699
2159657,597999
413604,217641
8390,101496
7535,99643
7090,99862
9600,99693
8635,98817
7715,99469
12849,100714
9515,98570
15057,100875
34143,106533
13635,99237
86305,119980
31401,105841
29177,104591
457469,204818
101447,126431
1779473,480645
2171710,612187
420377,216251
8170,100298
7700,99747
6815,98823
10114,99362
8626,98878
7503,98609
13001,100766
9168,99169
10364,99396
33873,106502
13929,100127
86576,120867
31155,105237
29789,105108
461872,206253
102274,125620
1762515,482371
2148358,609593
427201,215619
7737,100423
7711,99312
6974,97865
9423,99142
8934,98791
7379,97735
12462,101194
9182,100109
10951,98699
33529,106117
13720,101524
86202,119876
32263,104427
30498,104932
456551,206181
102811,125867
1789767,487451
2145046,598904
413502,214980
7988,101427
8055,100015
7224,99296
9933,100403
8670,99081
7334,98199
12393,100000
9369,98376
15630,101425
33843,107772
13890,100525
86438,120599
30937,105973
29781,104295
456458,204883
101808,126118
1768774,485446
2177946,603265
419582,216231
8270,100664
7569,100387
7047,99189
9416,99696
8383,98399
7312,98474
13233,100571
9491,97964
10077,99346
34065,106067
13300,99679
86718,120627
31168,104246
35530,104934
456596,208006
102298,126521
1752725,479721
2154512,608920
431028,216196
7381,108792
8089,98814
6750,97750
9779,99411
8832,98312
7239,97592
13024,100323
9794,98184
10760,99496
33632,105766
13745,99713
86062,119855
31197,104977
30228,104331
455997,212155
102821,125855
1778979,482234
2159292,603360
415823,212139
8714,102028
8201,99369
7249,98464
9186,99532
8283,98041
8096,98209
13248,99905
9938,99524
15393,101009
33917,105855
13481,99445
86273,120444
30895,104619
29545,105151
456063,205396
102517,125988
1761064,492549
2149369,599325
421304,216143
8308,101096
8587,100368
7020,98453
10053,99920
8267,98486
7684,99018
12377,100864
9436,100191
9915,98512
34152,108793
14055,101246
85700,121122
31381,106134
30582,106220
456051,206560
102285,126201
1775538,489663
2163485,595617
421483,212460
8226,102518
8372,100999
7058,99341
9551,100607
9884,99506
7344,100135
12946,100863
9990,100061
10596,99559
34594,107252
13604,100335
85569,121536
31344,105276
30299,105822
458069,205474
102708,126943
1765950,484248
2151797,602726
414866,216241
8148,99981
8020,98721
7772,98909
10459,99912
8885,99471
7436,98483
12494,100440
9370,99312
15063,100984
34114,106477
13567,99303
87159,121021
30937,105640
29165,105927
457139,205157
102663,125996
1766456,487815
2158325,602361
421796,215154
9030,100023
8105,98471
7343,98713
9388,99293
8253,98678
6724,97130
12404,99866
9227,98372
16177,101657
29329,106084
14344,99953
85576,120312
31139,105138
31612,105427
457354,204304
102826,127294
1749928,485206
2161644,598270
410860,214276
8074,101590
7588,98802
7282,101062
9859,99326
8899,104660
7012,98133
12603,100726
9090,97906
15180,100593
33751,106855
13343,100334
85582,120968
30606,106384
30015,104697
453349,212065
102980,125165
1759198,484308
2152252,601889
416878,215600
8471,102514
7618,99541
7026,100337
9633,100010
9315,99040
7315,98464
12955,100419
8667,99385
14748,102152
34207,106736
13312,100497
85480,120983
30043,104772
30413,104956
458141,205637
103456,125971
1768279,487563
2157042,596925
412543,215068
8198,100288
7692,99483
7143,99766
9314,99855
8817,99799
7415,98506
12560,101102
8785,99188
15577,101566
34184,108121
13664,99914
86101,111900
30714,105577
30314,104898
453447,205924
103593,126218
1758248,490367
2176014,609396
410908,212854
9379,101480
7366,98032
7055,98366
9979,100267
8507,99279
7545,98149
12579,98945
8584,99309
15142,100857
34572,106354
13804,100353
85814,120932
30633,104407
31016,105347
458664,207211
103281,125893
1746396,477520
2157250,603337
411449,214326
8594,101637
8200,98275
7249,98717
9996,104279
8998,99660
7120,103227
12811,105327
14286,98913
14972,101162
34270,112052
13591,100030
85935,122161
30835,106343
30931,105788
461906,207489
103442,132788
1747818,489012
2162662,615571
416559,223889
7589,101709
7192,98954
6732,98639
10024,98683
8682,98657
7537,97834
12555,99525
8780,99131
15501,100551
33931,106839
13287,99334
85922,120300
30333,103875
30632,104928
454207,204406
103345,124940
1770700,482790
2157528,602887
412915,215702
8396,100081
7443,98364
6961,97689
9882,99488
8750,98485
7190,97943
12493,100010
8990,99493
15313,100928
34531,106310
13259,100646
86216,121233
30888,104105
30376,106277
454239,205128
103581,127554
1760547,483998
2170839,601058
418269,213450
8875,100423
7048,99713
7006,99421
9794,99528
8938,98483
7380,99352
13010,100739
8947,99353
15054,102485
34694,106364
13335,98902
85498,121003
30799,106065
30332,105679
457939,204580
103780,127580
1767836,483474
2175310,608553
412265,213743
8314,101655
7423,98781
7270,99198
9508,99152
8883,104826
8000,98289
12644,101184
8721,98776
15287,100473
33886,105898
13904,100282
85990,120109
29823,104422
30202,104700
455711,205898
102829,126913
1782536,486188
2152968,599971
415193,214189
8022,101392
7337,99215
6685,99268
9138,99155
8442,99395
6808,97319
12626,100486
8452,99612
14713,101047
34114,107493
13153,100071
85656,120990
30557,104614
30380,104639
456202,205377
103535,125450
1758363,494538
2166585,596765
413746,215955
8470,101128
8204,99371
7196,99138
9784,99519
8782,98964
7411,99247
12802,100898
9724,98849
15454,102597
34470,107123
14090,100345
86011,120779
31138,104734
30430,106098
458193,206192
103835,127087
1762486,485057
2170455,598897
416302,215341
7815,100403
8077,99627
6961,98224
9645,99540
9474,98633
7303,97661
18233,100485
9265,98915
15437,100428
34507,112533
14119,98974
86147,119489
31233,105752
30669,104733
460338,206143
102954,125861
1763724,485700
2157217,605425
415497,215743
8164,100285
7705,98028
6883,97928
9697,99815
9337,98347
7415,97353
12970,100244
9156,98361
14814,100911
33686,106268
13105,98380
85973,119366
29583,104336
30155,104005
456768,204222
103163,125143
1773194,488192
2151353,597994
415225,213674
8457,99333
7305,98037
7256,99265
9791,99209
9451,98100
7322,97738
12745,99953
8707,98220
15490,100297
33629,106278
13231,99088
85813,120054
30508,104168
30383,104779
452720,205266
103518,125631
1766130,488835
2177852,604554
413830,215329
8099,100035
7667,98727
7456,98991
9462,100140
8737,100096
6998,98203
12249,102361
9340,99704
15006,102197
34117,107054
13431,101436
86066,121303
29989,106666
30549,112081
457780,204568
103306,127263
1745767,484192
2153340,604666
428319,216569
7913,106353
7508,98883
7094,98921
9565,100025
9113,98839
7528,97847
12766,100043
9276,98524
15562,101431
33881,108079
13643,100098
86057,120395
30644,104520
30454,105410
454258,204363
103575,127432
1757024,486747
2155588,600835
416855,215379
8827,98888
7584,99603
7076,99129
9669,99933
8681,99021
7268,98255
12776,100029
9232,98694
14883,101499
34478,107986
13469,100044
86022,121402
30175,105066
29879,105872
459325,206014
102399,127430
1766001,486243
2170967,599501
414414,218196
8962,101773
8129,99354
7225,98590
9997,100295
9586,98567
7599,98450
13171,100714
8929,98583
15458,100979
33877,106893
13682,100226
86063,119707
30558,105890
30621,105055
459570,206803
102476,127005
1772595,488954
2172513,601546
410291,217828
9190,101049
8179,98415
7496,99459
10014,99948
8965,103876
7246,98719
13052,100237
9126,98742
15014,101300
34566,108514
13660,100378
85656,120399
30620,106181
30418,105617
458543,205054
102985,126620
1770255,486321
2159232,597587
417704,216121
7986,101495
7740,99324
7267,98781
9594,100391
9112,98320
7270,98890
12324,100440
8838,98736
14789,102015
34019,106996
13755,99925
85869,120737
30566,105845
30625,105933
456977,205929
103242,126583
1762305,497504
2158092,605071
413158,215465
8607,99742
7534,98817
7143,100420
9812,99372
9174,99417
7625,98019
12178,100841
9249,98647
15692,100853
34689,106647
13262,100219
85899,121336
30465,105449
30267,105007
457970,205948
103156,126923
1765426,484293
2171274,603819
412610,215490
8201,100317
8210,99325
7041,100131
10251,105590
9118,99857
6983,99322
13161,100083
9168,99015
15162,101664
34550,106718
13864,99384
85816,120471
30043,104661
30654,104984
455360,215193
102874,126889
1771200,487812
2149304,602587
412481,217105
8932,103343
7979,98852
6855,99705
9423,100677
8722,99612
7463,98917
13100,100729
9375,98838
15325,101672
34208,105930
13455,100736
85898,121766
30439,105521
30462,106790
459022,205989
102817,126061
1769748,496621
2167639,597967
412434,215567
7832,101609
7517,98253
6958,98703
9338,99628
8974,99214
7459,97649
12316,101083
8501,99162
14830,100789
33400,106645
12873,99439
86416,120161
30375,104768
30388,104859
455362,204566
102188,124635
1756917,483966
2172015,605216
414172,217830
7949,100685
7722,99128
7444,98887
9654,100143
9087,99321
7657,98844
12935,101202
9658,98726
15280,101162
35015,106762
13696,99513
86428,121516
30642,106055
31306,104959
455788,206644
102700,127074
1744715,484513
2160272,602601
412353,216871
8407,101586
8314,99980
7357,98881
9879,100733
9297,99607
7412,98216
13241,100921
8898,104111
15019,101241
33770,112227
13481,99501
85727,120852
30164,109950
30178,104444
462198,205343
108752,126738
1763501,486257
2161880,607543
415912,221594
8860,101286
7508,99481
6919,97716
9355,99418
8888,98230
7589,97135
12922,100528
8626,98463
15149,101925
33683,105883
13646,99471
86110,119688
31096,104778
30643,104545
450677,205410
102163,124893
1769655,484641
2146376,600730
413324,214511
8126,101291
6928,99115
6726,98652
9331,100992
8713,99690
7907,98415
12735,101002
8751,100083
15318,101057
34012,107994
13490,100213
85705,120844
30449,104563
30046,105683
457259,206872
103969,126149
1764338,488119
2148987,605103
416179,214714
8408,101886
7310,99875
7329,99752
9533,100617
8717,98680
7634,97742
12829,100769
9584,99191
15223,100674
33798,107584
13725,99811
86482,121114
30625,105245
30655,105214
455738,206894
103934,127066
1747327,497488
2163321,601269
414537,214986
8122,101113
7835,98901
7259,99265
9809,100210
9478,99899
8213,99251
13244,100227
8831,99177
15271,100955
33781,106909
14346,99727
85864,120711
31257,105087
30456,105870
456035,206031
103660,125640
1756073,488213
2168986,605313
414925,216060
8298,100653
8213,98819
7164,99714
9934,99472
8922,99094
7709,98219
12523,99806
9123,97934
15662,101279
34559,107476
13732,99290
86452,119630
30046,105939
30350,105926
455419,205715
103132,126292
1752151,483309
2184562,609680
411448,215886
7968,102662
7287,98784
7024,99583
9437,101177
9064,101099
7609,99382
13731,100425
9337,99622
15255,101852
34451,106798
14262,99701
87643,121581
30398,105730
30512,105200
457573,208232
104416,126149
1761162,490324
2182802,609491
419755,220068
8227,101258
8138,99819
7250,98742
9750,104725
9440,99285
7607,101862
13461,101821
8857,98491
15118,102050
34940,112033
13628,100029
87592,120178
31156,110666
30785,104396
466053,206820
109409,127826
1776402,491158
2167871,616239
425833,215749
8192,100075
7659,98026
6925,97969
9683,99514
9309,98625
7546,98230
13587,101132
8905,99077
15129,100930
34726,106561
13575,99881
87516,120940
30562,105214
30831,105841
458269,205813
104071,126229
1778667,490301
2165843,602958
418096,215473
8643,99999
7711,97935
7579,99041
10313,99865
8942,99156
7529,98623
12898,100108
9299,99298
15597,100754
34716,107116
13436,100169
86888,120727
30583,105039
30835,106222
454931,205213
102936,126436
1757552,488856
2169625,606256
419135,213287
8688,100320
7683,98503
7693,98202
10083,98860
9120,99525
7290,98635
12944,100499
8953,99314
15645,101439
34355,106860
13548,99957
87121,122064
30382,105765
31081,106049
455496,206551
104001,126064
1772336,500537
2168688,608155
417866,217021
8535,100564
7720,98569
7406,98583
9615,100131
8972,99184
7996,97705
12447,99547
8851,100256
15529,100931
34646,106765
13233,99731
87048,121708
30415,105265
30887,105981
460108,206345
103398,124510
1754967,483539
2177672,601343
419855,215176
8512,101623
7293,98191
6702,98441
9873,100023
9117,99575
8077,98078
12358,99966
8965,100119
15382,100459
34138,106233
13209,100389
86964,121726
30668,104671
30680,104460
458391,204905
103787,126394
1761965,492921
2177728,606499
417525,214544
8337,99878
7564,99403
6769,97829
9547,99235
8864,99114
7761,98159
12769,100151
9394,98478
15415,100902
35193,107036
14207,99658
86937,122149
30116,105450
31051,105355
458109,204799
103385,126663
1760595,481157
2181811,608195
417252,214512
7938,99280
7714,98320
7218,98713
9738,100063
8982,98831
8001,97572
12660,99863
9277,98668
15467,99899
34805,107000
13539,106343
92686,122228
30756,106067
30780,105586
465951,206839
103624,127961
1769453,491416
2168441,618787
430216,216973
8574,106889
7549,98493
7063,97686
9789,99103
9420,98283
7622,98355
13267,99987
9173,98309
15083,100160
34353,107531
13664,99672
87310,120673
30748,104515
31098,104189
461172,214345
104497,127715
1765680,490089
2161557,601566
418024,216164
7707,100768
7512,98921
7190,98775
9792,100012
8943,98192
7422,97674
13690,100075
9701,99125
15253,101367
34708,106507
14246,99223
86593,120500
31911,105413
30454,105780
459377,206678
104290,126191
1779447,485758
2183785,606144
425144,217105
9144,100187
8070,99295
6414,98618
9839,99260
8348,98403
6960,97682
12770,100236
9294,98260
9959,99211
34277,106854
13679,99763
87646,120574
31864,105141
29865,104285
460792,205619
103885,124873
1781459,491527
2165894,603890
425397,216605
7798,100025
8423,98459
6653,98328
9922,98574
8878,97893
7775,97691
12692,100446
9346,99006
10445,99376
34411,106263
13505,100299
87107,121708
31206,104725
30971,104379
460582,205985
104281,125791
1782454,503289
2186553,606639
418276,214030
8207,99346
8445,98740
7184,97730
9676,98574
8419,98713
7722,97649
12673,100431
10135,98837
15593,100176
34367,106172
13833,99683
87792,119942
31268,105460
29869,105110
460862,204961
104134,126736
1778007,492646
2185586,608346
424987,217831
8706,100561
8686,100204
7244,97967
9705,98873
8554,99246
7664,98554
13270,100380
9539,98752
10135,98628
34356,107528
13496,98793
87093,120910
31190,105370
29952,105160
462365,207049
103997,125534
1774144,485926
2186539,610644
421933,215052
8545,98526
8516,98715
7434,98097
9145,98690
9190,99468
7923,98258
13369,100682
9430,99142
10428,106285
34462,107212
14568,100930
87703,119390
31552,105020
30578,104665
462925,206553
105423,126584
1761080,489640
2166402,601758
432199,216911
8466,102320
8013,107052
7730,104567
9291,99079
8294,97455
7634,97893
12906,99392
9993,98364
14857,99587
34373,106915
14289,100591
88089,120488
31809,105022
30195,105148
456563,214515
103144,124978
1769695,488504
2172334,604282
427915,216601
8449,100745
8748,98775
6748,98726
9607,99929
8912,98675
7674,99166
12949,100866
9359,99330
10709,99723
33914,106867
13171,99419
87678,120198
31965,104638
30553,104678
456895,206701
104468,128052
1781374,488024
2173108,607712
427676,217126
8082,99809
8560,91557
7709,99423
9684,99239
8940,98896
7237,97269
12747,101362
9238,99281
10672,99936
33844,107524
13798,99880
86913,121239
31668,104598
30057,106680
461345,205141
104279,126259
1779100,497725
2167038,609098
419228,217385
8827,101269
8453,99342
6901,98975
9486,99838
8860,98033
7294,98621
12712,100528
10362,99862
15814,101995
34915,107183
13580,99684
87358,120097
32316,105522
30323,104697
460945,206238
102512,126338
1785817,485028
2177585,607086
423246,215621
8630,100623
8407,98594
7630,98548
9787,99621
8467,98664
7900,97821
13363,100243
9298,98559
10263,98665
34234,107222
13897,99082
86888,121269
31584,105101
30051,104547
453857,206626
103713,126642
1776877,483622
2192942,610554
424001,219202
8606,100957
10052,101063
7627,99679
10444,99907
9357,100004
7817,98440
13388,101538
9701,99038
10686,100116
33803,107421
14082,101269
87302,121858
31789,105131
31042,111935
459463,206884
103150,127819
1766394,488832
2180501,609723
429006,217478
8791,101448
14246,99590
8027,98728
9412,99527
8865,98990
7747,98611
13049,99167
10045,99578
15565,100863
34681,107808
13729,100014
87338,120909
31567,105862
29714,105521
458713,205633
102879,126549
1787194,485771
2158373,598854
424786,217490
8344,99706
7996,99150
7006,98888
9031,99692
8707,98736
7164,97912
12920,99952
9050,99009
10425,100493
34191,107586
13666,100196
87006,121022
31980,105503
30107,104224
456838,206437
104048,125227
1765620,486554
2170461,604996
422144,217313
8309,100341
8612,99775
7442,98689
9518,98864
9132,98144
7750,98727
13261,100141
9017,99654
11524,99465
33784,107800
13943,100388
86237,120538
31497,104196
30316,105517
460662,204445
104153,125389
1770386,487940
2169767,600023
415845,217520
7989,99980
8159,99417
7206,98234
9582,99618
8591,98840
7312,98282
12168,100071
10114,98953
15484,100779
35288,106711
13618,99043
87291,120447
31690,104885
29830,105371
460236,207252
102502,126199
1785778,489001
2176502,602155
428010,215236
8341,100908
8035,99818
7216,99382
9481,99688
8643,99652
7738,99842
12655,100264
10497,99016
9937,98591
34989,108541
13491,100021
87124,126071
36194,105443
30426,104955
466024,207482
109421,126593
1762620,487658
2172395,616645
423694,222438
8602,99200
8114,99264
7189,98839
9006,98928
8933,98519
8135,97753
12733,99284
9601,98383
10557,99773
34061,105853
13856,99083
86313,120881
31802,104042
30575,104593
458800,205344
104274,127019
1788814,488621
2159051,602985
417303,215208
8154,100111
8353,98933
7388,98514
9000,99667
8516,97134
7744,98830
12564,100029
9859,98711
15320,99769
34034,105910
14217,99925
87624,120565
30975,104465
29765,104631
458089,206076
103888,125153
1772498,498960
2180115,596869
427208,216842
9005,99725
8301,98429
7161,98087
9535,100336
8980,98166
7629,99335
12967,99785
9172,98074
10570,100438
34797,106851
13590,100064
86775,121020
31485,104826
30323,105687
458519,205305
103231,125940
1772163,491357
2188071,615501
422336,217891
7588,100910
8196,99229
7223,98524
8641,100023
8812,98884
7063,98943
12739,99864
8951,99483
10369,100135
34291,107323
13962,100795
86141,120985
31195,105683
30351,105447
460163,206218
104052,127380
1770047,489119
2173051,602852
417360,216300
8512,102415
7878,99603
7686,99938
9588,100464
8821,98946
7390,98971
12550,100617
10005,100119
15209,101524
34786,106026
14740,99707
87133,121704
32065,106242
29994,104882
461073,212341
103446,127526
1781570,484525
2152247,609846
425453,215772
8824,100775
8996,98669
6703,97637
9396,98925
8776,98104
7373,97252
12538,100224
9514,98364
10609,98119
34689,107438
13967,99643
87040,120412
31050,104743
30915,105177
459433,206174
102744,125587
1769487,493713
2163478,603931
422842,218306
8961,101443
8505,99375
7017,99119
9218,95938
8833,98062
7908,97847
12740,100000
9561,99342
11059,99266
33903,107302
13579,100501
87082,120464
31115,105391
30097,105381
461438,206527
103904,125392
1779314,489359
2203781,602807
416003,213947
8275,100592
8326,97745
7569,97720
9720,99751
8581,97627
7833,97839
13449,99206
9666,99000
15197,100152
34867,106764
13845,99715
87633,121219
31680,105450
29898,104607
462797,205678
103384,124710
1774188,487098
2166050,594439
424391,215445
8803,99760
9249,99549
7149,98914
10267,99790
8987,98569
6620,99235
12963,93756
9579,98784
10041,106250
34009,107949
13786,100639
92123,120702
31149,106127
30029,105084
465441,208449
103503,128215
1776480,485393
2180899,621226
429510,216652
7757,107597
8177,99027
7343,97788
8713,98371
9167,97325
7684,97533
13112,99693
9314,98663
10721,97983
34220,106567
14040,99379
86313,120830
31810,103900
30459,105081
456252,206661
103712,126213
1787383,486365
2165868,597133
420833,214213
8239,101394
8146,99602
7789,98555
9896,100079
9068,98041
7433,97753
12976,100147
9585,98100
14967,101125
34460,107189
13740,100964
88231,121195
31719,105102
30765,104494
457540,205819
102648,126007
1783374,494563
2172881,612695
421274,217322
8729,99987
8086,98263
7237,97036
9423,98922
8710,98015
7212,97268
12811,99468
9396,98328
10054,98226
34559,106041
13348,98204
87441,120307
31384,104276
30415,105390
460689,205734
102842,125661
1767031,486578
2195076,609797
424557,217110
7970,100520
8201,99666
7034,98831
9429,99468
8846,99085
7701,99329
12902,101423
9847,99370
10475,99863
34053,106568
13646,106457
87084,125968
31884,104767
30296,104655
469050,206254
108422,126861
1793904,489553
2161940,615575
418340,222330
7931,100737
7881,100233
7162,98460
9791,99874
8575,99096
7159,98585
13171,100662
9633,100149
16097,101402
34790,107779
14085,99149
87364,120273
32367,105943
30037,104690
455332,206528
102263,124672
1780172,489912
2154476,596891
419868,215277
8562,100860
8286,98087
7251,97908
10094,100200
8892,98303
7567,98295
12847,100241
9675,98802
10288,99222
34176,106919
14153,99542
86696,120949
30972,105348
29928,105411
456877,204568
101774,124811
1760306,480406
2175364,591046
421204,216097
8351,101215
8203,98436
7102,97698
9423,98440
9457,98600
7774,97417
12200,100246
9208,97816
10822,99130
33139,106113
13987,99712
85922,121339
31313,105132
30310,105383
454299,205927
102814,126683
1774381,487570
2177195,606179
410110,215996
7540,102231
7934,101157
7007,99083
9337,100530
8608,99655
7786,97982
12413,99961
10183,99751
15224,101473
34333,106539
13467,99945
86644,121021
31639,106339
29661,105649
456044,214097
101749,125822
1771484,483438
2155691,603463
422104,215782
8101,100440
8288,99435
7092,98412
9588,99658
8353,98273
6866,98538
13036,99978
9560,99483
9808,99187
34131,106245
13721,99156
85538,121138
30619,105344
29662,103787
456654,205991
102249,125802
1775884,483043
2183722,605860
419910,216930
8228,100401
8241,98812
7065,97901
9661,98825
9040,99006
7740,98051
12898,99546
9730,98314
11407,100162
35163,106796
14186,100290
87397,119921
31551,105308
30932,105446
455677,205530
103906,124915
1774781,488074
2169697,605289
413654,213567
8140,100579
8730,98374
7844,98689
9630,99132
8432,98070
7747,98618
12679,99333
10021,100029
15376,100981
34265,107950
14210,99660
86368,119773
31812,105902
36458,105460
458670,206100
103789,126242
1760040,484333
2171387,596317
431810,216238
8339,100765
7717,98757
7297,98272
9558,99062
8685,98069
7093,97217
12794,99794
9500,99357
10373,98646
34954,107352
14646,99594
85519,119788
30538,105563
30231,105679
459778,204695
101857,124317
1782517,485886
2167590,599202
420964,215050
8739,99446
8197,99088
7083,98124
9292,100300
9213,97988
7587,98532
13015,100324
9375,99331
10690,98838
33847,106311
13736,100249
85618,119779
31913,104303
30327,105035
455507,205795
103992,126039
1784735,497051
2175652,603829
413855,213388
7850,101640
7836,99600
7165,98542
9192,100252
8545,97985
7012,97610
12970,99645
10034,98504
15387,100737
33833,106134
13520,99235
86305,121175
31422,105857
29697,105444
459859,206111
103078,127289
1776593,489342
2166210,604280
416751,216618
8572,101272
8705,99512
6876,98638
9351,105611
8882,98878
7014,97225
13949,99839
9186,98618
10253,98658
33772,106234
13809,98661
86877,118783
30988,104580
29923,105328
458994,210494
103071,126541
1789268,487628
2180413,606925
421317,216270
7939,100689
8119,98505
6789,97998
9419,99551
9038,98835
7286,98543
12216,99735
9361,98632
10296,99216
34312,105717
13654,100164
86972,120142
32165,104313
30685,104599
461558,206025
103189,125523
1779705,486793
2178960,607203
417255,213793
8386,100404
7646,100132
6755,97651
9626,99520
8526,98518
7457,98134
12838,99389
9565,98775
15047,100868
34478,107709
13704,99127
86409,118935
31569,105054
30391,104020
459812,206296
104263,126420
1777559,491070
2173922,610425
427655,215882
8155,100674
8734,99326
7367,98949
9494,98965
9483,98384
7108,97988
12724,100272
9423,98952
10699,99543
34353,106161
13683,99957
92178,120611
31334,105449
30314,103463
468832,205474
103458,127218
1789980,485437
2178472,618631
432586,218614
7486,101544
7676,99381
6629,98803
9550,99282
8773,98931
7352,98886
13318,99539
9473,98996
10693,99104
34140,106826
13874,99888
86187,120918
31280,105198
29957,104156
461516,206191
103867,124703
1800303,491457
2173192,606273
420965,216467
8430,101241
8536,98900
7742,97983
9096,98731
9198,98800
7434,97825
13947,99946
9619,99060
15432,100242
34509,106515
13767,98773
87258,120039
32343,105138
30267,104389
460628,204576
102785,127395
1781089,485856
2185408,613827
422350,217538
8412,101653
7717,99942
7333,99996
9024,99656
8859,99953
7644,99212
13332,100691
9175,98702
10059,99582
34116,107458
13249,98971
86810,120961
31452,104784
30705,104967
462075,207184
103359,127363
1773915,485964
2187852,602012
425388,218177
8075,99937
8954,100354
6797,97729
9140,98940
8862,106038
7114,99274
12935,99272
9571,98704
11359,99782
34284,106606
14284,99565
87088,120312
32164,104378
30961,104189
457650,213792
102920,126863
1797941,484204
2163741,615419
415728,214100
8270,100603
8042,99058
7030,96900
9389,99634
8415,98475
7147,97167
12809,99478
10028,98008
15214,101266
34994,107202
13725,99397
86696,118852
31751,104926
30309,105696
460732,207065
102968,124374
1780238,492787
2176465,609129
426808,215575
8751,98972
8446,98836
7294,98237
9697,99423
9658,98851
7580,98387
13135,100798
9459,99653
10219,100227
34603,107202
13338,98908
86973,121539
31178,104416
30727,104983
464269,207070
103458,124296
1778177,487288
2179084,599975
426692,219505
8589,101392
8163,100269
7400,99303
9851,99215
9212,98932
7803,98784
13234,100762
9651,99948
10445,104595
34473,102689
14442,100472
92507,122327
32425,106189
30427,99375
464917,200492
105457,126748
1788419,483828
2157267,610842
419590,222747
8192,101131
8332,99192
7147,98760
9489,98888
8506,98228
7171,98198
12448,99413
10135,99556
14955,99729
34764,106036
13489,99073
87772,120172
31755,106526
30285,105222
462694,205256
103730,124334
1796771,479501
2170156,591345
423018,210798
8587,100670
8118,99035
6671,98270
9367,98883
8467,98219
7665,98109
12701,99586
9404,97902
9975,98426
34134,106211
13239,99262
87546,120428
31213,105681
30732,106015
460535,206970
103067,126455
1791800,489705
2181571,607230
425128,217518
8828,99966
8565,98542
7432,98551
9283,99702
9134,98215
7562,98605
13346,99971
9852,99038
10032,98690
33928,106383
13977,99539
87558,120452
31887,105316
30409,105015
462614,206767
103970,126053
1779083,484507
2170669,606924
428793,216938
8394,101680
8311,104655
7400,103025
9168,95575
8869,97876
7540,96801
13162,99738
10221,98265
15226,99933
34472,106141
13685,98226
87023,118726
31035,104906
29570,103407
461439,205390
103812,124172
1790642,485326
2170821,602993
425625,215595
8921,98944
8810,97883
6819,100073
8975,100519
8816,97924
7349,98412
13733,100948
10077,99420
10239,99567
34869,106720
13425,98406
88289,120586
31387,105978
29969,105571
460479,206274
103997,126941
1782621,497311
2180803,608324
423393,217256
8662,100970
9165,99157
7116,99125
9618,99357
8793,99009
7445,97848
12569,99882
9489,98443
10339,99420
33955,105815
13477,100215
86631,121801
31577,105016
30388,104986
458667,206844
103449,126615
1799373,485629
2186445,605845
417949,216823
8333,100736
8589,99090
7542,98508
9302,103499
9054,97725
7463,98734
12241,99824
9699,98819
15586,100173
34673,105745
13654,98378
87458,120056
31779,105436
30525,104583
466428,205254
103999,132724
1781714,489225
2176870,618170
423156,224306
8781,99168
8768,100239
7242,97821
9445,99271
8791,98105
7182,97751
13168,100502
9449,98537
16201,100276
30252,104467
13441,99349
86920,120985
30535,104864
31772,105361
459551,205984
103962,127025
1789902,488803
2180000,613644
423995,215427
8140,100412
7996,99132
6851,98001
9955,99750
8949,99109
7722,98627
12838,100173
8754,98935
15535,101277
34420,106619
13723,99975
87833,120584
30263,104679
30553,103987
459378,205220
103264,125947
1773173,497144
2178431,610115
417429,213301
8480,100781
7604,100006
6665,99267
10018,100360
9137,100222
7775,98632
13122,100415
9613,97830
15178,100958
34739,106863
13739,99565
87680,120600
30806,104778
30729,105786
457652,205295
104387,125954
1747367,499033
2190378,602559
419661,213342
8676,99634
7584,98160
7261,99373
10047,98762
9180,98205
7250,97478
13368,100185
8976,98457
15527,101675
35225,106396
13834,99326
86826,120388
30850,105174
30400,104160
459709,205882
103790,126779
1763053,484598
2189878,618783
419478,215852
7757,100942
7497,99243
7289,99391
9733,100019
8981,98915
7711,98728
13003,100888
9264,99054
15044,102062
34312,108771
13435,100546
86849,121610
30430,104866
30422,106068
457766,206086
104070,126398
1772280,485002
2179584,606308
417261,215985
7919,99204
6910,99453
6697,99631
9497,100373
9033,99151
7226,98205
12471,99798
8970,99306
15102,100841
34238,106939
13237,100053
86910,121055
31029,105398
30647,105013
458227,204337
103880,127649
1759446,490393
2193033,603473
418717,214488
8478,100279
7758,99083
6973,99127
9677,99355
9118,98588
7493,98380
12450,100033
9538,99644
15315,101070
34471,108230
13535,104604
86550,126559
30783,105270
31271,105453
466884,205883
104407,127590
1759829,484528
2174085,614149
429545,214936
8100,107528
8198,97313
8058,99273
9304,98180
9269,98072
7453,97497
13588,99657
8698,97994
15358,100737
35062,106014
13274,98498
86920,121429
30473,105126
30778,96010
456719,204647
102965,125428
1753172,490695
2166995,605539
420759,218499
8555,99782
8068,98644
7350,98134
9322,100237
8897,97415
7314,97939
12981,99913
8948,98931
15417,100656
34268,106242
13575,100214
86430,121295
30377,105372
30397,105424
455937,205437
103841,126778
1770614,489562
2171829,612844
414547,215842
8495,100520
7667,98655
7806,98393
10243,100583
9281,99816
7724,98929
13068,101317
9152,99040
15651,100943
34476,106376
13889,99900
87297,120005
30407,104675
31001,104164
458491,206026
104132,124872
1764710,499425
2176146,604559
420919,217772
8396,102271
8555,100031
6899,99921
9576,99588
9107,99330
7342,98830
12587,101536
9096,98988
15339,101718
34578,107346
13089,100063
86853,122228
30585,104911
30838,106086
462814,205628
104348,125948
1761660,486297
2180633,616946
420323,214816
8130,101892
7066,99941
6994,100335
9831,100865
8771,99718
7556,98748
13201,100359
9502,100269
15468,101402
34706,107344
13926,100134
86710,120321
30500,105528
30629,104997
460640,205669
104043,125890
1767403,487286
2195090,606526
416312,217752
9038,100365
8105,99000
7156,99827
9815,100020
9428,99556
7317,98733
12559,100378
9841,99928
15244,101214
34419,108031
13535,100125
87206,120868
30636,105312
30594,107455
458420,207038
104436,125100
1758845,488704
2190893,602146
418334,217715
8424,100502
7419,99105
7081,99148
10025,100003
9329,99351
7650,98439
12896,100773
9226,98752
15058,101057
34262,106881
14197,100081
87021,120856
30936,105322
30788,109747
457456,205153
104087,126248
1769150,485096
2188906,611602
426658,216094
8570,102570
7586,100098
7637,99259
10177,100532
9914,104331
7541,98896
12818,100300
9185,98881
15628,101517
34123,106700
13738,99058
86788,121290
30607,106011
30908,104451
461508,207611
103850,125840
1775573,489543
2180417,615034
419199,223575
8482,100989
8298,98512
7265,98805
9797,98702
9079,98672
7350,97919
13315,100025
9599,98065
15119,101259
34443,106257
13321,98822
86961,120739
30624,106024
30373,104634
458242,204810
103720,125663
1776991,490467
2179601,613526
418146,214787
8165,99127
7451,98047
6764,99144
9136,100162
9270,97855
7084,97793
12684,99634
9183,98657
15333,100849
33895,107112
13382,100609
86845,119877
30466,104370
30981,105248
459020,207557
104349,124983
1786903,487274
2174508,609849
417412,214936
8271,100001
7447,98847
6843,99027
9716,99650
9488,98267
7537,98754
12287,100118
9580,98447
15501,100319
35022,107031
13378,98781
87012,120024
31393,105096
30922,106794
460403,206045
103514,126160
1770117,495948
2180014,608052
419350,217292
8352,100941
8060,98745
7380,98756
9623,100148
8893,99072
7147,98315
12977,100171
9197,99408
15361,102362
34868,107136
13855,99203
87625,120996
30879,105888
31052,105663
457706,205926
103723,125795
1756399,481842
2181927,611119
419731,215951
7895,99956
6914,99194
8187,98596
9841,100085
8808,98973
7255,98713
12489,100707
9170,99351
15179,101347
34137,106742
13706,99767
86502,120367
30601,104152
30912,104852
459372,206060
104361,126339
1767820,485800
2169259,605880
417276,214523
8442,101299
7160,99801
6621,98844
9174,99986
9191,98219
7679,98060
13770,100685
9120,99146
15809,101701
34914,106539
13890,100672
86400,121149
31015,104743
30917,105386
459007,206276
104473,127383
1753958,489970
2183036,604912
417408,217953
8009,99638
7287,98989
7376,99637
9564,98834
8718,104125
7311,98210
12719,99630
8904,98474
15221,100982
34982,106662
13387,99435
87030,121604
30322,105346
30622,106503
467039,207065
103776,132385
1770207,485468
2169664,617015
416389,225429
8561,100724
8191,98749
7556,98926
9888,99452
9081,97244
7243,96722
13011,100164
9204,97774
15811,100624
35034,106675
13558,98476
86686,120188
30604,104151
31227,104956
456931,204825
104036,125071
1769629,489739
2173006,605677
420263,216441
8031,100208
7875,98565
7620,98794
9751,100075
9430,100279
7266,98787
12635,99832
9328,98812
14662,100845
34166,106652
13342,99733
88666,120837
30906,104903
31104,105066
462461,206008
104309,125509
1778055,500122
2175216,608327
414829,214601
8538,100067
7062,98548
6753,101735
9850,99537
9295,99313
7546,97786
12933,99842
9423,98377
15201,100761
34818,106279
13373,99724
87301,121224
30537,104850
31701,105753
459190,206066
104205,126978
1761513,485171
2178106,598230
419658,215251
8322,100201
7525,99009
6765,98508
9880,98766
8832,99547
7261,97873
13167,100555
9088,98791
15266,100823
34652,106637
13609,98863
86603,120364
30549,104967
30618,105357
456179,205005
104023,126310
1753841,491318
2185552,609681
417306,216086
8167,100258
8010,94759
7458,91271
9960,99578
9312,98176
7101,97465
12715,99375
9134,99114
14824,107523
34444,106437
13575,100928
92341,120951
30656,104726
30447,103787
466928,205957
105392,126344
1763317,490868
2162671,618904
429144,215944
8401,105523
7209,97833
6947,99081
9359,98844
8618,98934
7295,98111
12896,99862
8657,98881
15131,100863
34725,106142
13051,98692
87617,120703
30733,104480
30659,104944
460757,205434
104970,125074
1757943,490334
2170671,603466
417871,217876
8045,100941
7542,98046
7071,98858
9542,99739
9721,98713
7142,97370
12869,99803
8952,98331
15622,100605
34436,106951
13972,99909
87688,120826
30691,105540
30661,105601
460453,205206
104654,125974
1770512,491507
2169793,604633
419239,215715
7899,101580
7657,98947
6845,98700
9853,100551
9027,98372
7654,98018
12643,100479
9061,99013
15309,100650
33806,107301
13342,99510
87628,121533
30825,105465
30637,104946
456251,205715
103921,126821
1774170,487290
2190677,608714
416597,217824
8460,102379
7722,99724
6848,98985
9782,99813
9211,99003
7301,98159
13355,102451
8918,99494
15203,101066
34058,107628
13372,100234
87011,121304
30709,105130
30877,104468
459480,205259
103482,125584
1757558,490945
2186714,610554
420196,216596
8229,100123
7797,99008
7155,100125
10238,99211
8824,98811
7327,97741
13038,99745
9260,98597
15498,100969
34774,106177
13428,100366
86689,122551
31384,104756
30712,109513
460925,205010
103186,127083
1759304,488948
2150299,615634
431635,214388
7987,101567
8228,102647
7354,103621
9286,99023
8854,98933
7481,98508
12795,101044
9265,99023
15628,102103
34518,106099
13547,99831
86690,120231
30508,104762
30257,104879
457170,205606
104082,126473
1783479,492889
2162933,605628
415507,216839
8338,100484
8066,98940
7401,99180
9824,99486
9164,99708
7309,97946
13125,100054
9422,98532
15102,101951
34688,106838
13229,99987
85803,121129
30234,106172
30191,106125
454390,205947
103101,126235
1764961,488837
2151310,600035
414872,212581
8073,100250
7483,98193
6999,98047
9993,99328
8954,98449
7272,97490
13068,99429
9246,98500
15135,100968
33773,107202
13533,99388
86217,121223
30299,105610
30640,105046
455065,205719
102813,126019
1756427,480470
2158602,606458
413873,215655
8034,99331
7853,98967
7016,99053
9987,99256
9125,97818
8071,97842
12984,100037
8928,98755
15260,100349
34234,107272
13664,99246
86662,120956
30421,105043
30442,106233
455680,204370
103537,125464
1750916,483971
2149864,592003
411658,210460
8475,100053
7081,98746
6794,98161
9821,99801
8666,104549
7738,97924
12889,100543
8745,99718
15421,102012
33953,106098
12767,100167
85996,120271
30633,104278
31284,104247
452472,213455
102769,125599
1756360,484790
2146084,599049
415736,214970
8444,100561
8296,98764
7771,99199
9440,99461
9157,99087
7161,98386
12985,99501
8890,97806
14997,100490
34437,106918
13697,100745
86445,120419
30117,104972
30603,104802
457842,204547
102375,127313
1761938,488016
2159318,598422
411473,215522
8573,100843
7465,99388
6752,99196
9807,99272
9071,99210
7309,100222
13002,100940
9225,98860
14991,101158
33960,106700
13718,100266
85952,122687
30526,106671
30713,104382
456724,204925
102873,126820
1753439,481721
2178613,605253
415855,215573
8964,100235
7371,99341
7373,99581
9940,101105
9124,98997
7721,98389
12849,101665
9166,98929
15199,102994
34097,107358
13464,99772
85696,120902
30782,104952
30680,105236
454564,204489
102181,125876
1750611,484435
2159276,604272
414491,214077
8399,100286
8095,99333
6860,99974
9893,100397
9253,100305
7273,98382
12711,105383
9610,99141
15379,100366
39776,106753
13533,99073
86678,121490
30074,109465
30457,104281
459880,204745
102457,131107
1767783,481845
2149622,613627
416388,223653
8811,99749
7629,97755
7481,99231
10579,98852
9297,98329
7255,98112
12771,99722
9066,97766
15002,99835
33977,105115
13646,99655
85566,119658
30446,104521
30596,104276
453921,204473
102299,126572
1772500,488610
2149784,598927
411295,214395
7998,100450
7565,98142
7172,96871
10212,98788
8993,98540
7418,97433
13009,100569
9106,98047
15541,100060
34666,107697
14312,100221
85567,121730
30973,104717
30337,106220
458856,205126
102793,125475
1750880,483238
2168354,603420
419920,213959
8267,100946
8055,99040
7111,98770
9458,99545
8891,99249
7460,98744
12764,101028
9403,98167
9877,100098
34544,107587
13410,100449
86460,121109
30998,106175
29877,105111
459979,205988
102641,127245
1752482,483699
2169866,602485
421140,215768
8123,99601
8099,99699
7118,97235
8693,98681
8937,100148
7082,97373
12697,100129
8982,98774
10142,98622
33553,106714
14061,99984
85918,120565
31458,104489
29593,103283
457671,214171
102633,126426
1790565,489706
2151013,600685
418743,216411
8415,100673
8506,98900
7654,99087
9762,99185
8986,99346
7598,99091
13118,100672
9467,98267
15428,100759
33790,106878
13165,99785
86222,121029
32347,106014
29824,104646
457097,205460
102341,129079
1765397,486567
2155539,602644
421015,214309
9139,99831
8044,99644
6762,98948
9223,98782
8531,98202
7237,97943
12839,100038
9530,98762
10249,100214
33770,107267
13521,99650
86159,119422
31276,105455
29981,106107
452783,205549
102415,126362
1767975,482866
2173107,594068
415249,215192
7931,98991
8258,99593
7487,98878
9133,99240
8354,98732
7015,98487
12649,100790
9363,99006
10894,99110
33889,107885
14235,100315
85926,121222
31232,105606
30429,105778
455903,205585
103422,127620
1758652,482135
2156340,601866
