timestamp_us,collection,mark_time_us,sweep_time_us
62210837305,0,78,141
62210846959,1,201,315
62210859603,2,239,393
62210868574,3,167,353
62210877202,4,192,377
62210885974,5,222,391
62210895054,6,165,351
62210903718,7,185,373
62210912489,8,230,387
62210921615,9,175,370
62210930468,10,179,368
62210939231,11,212,388
62210948251,12,204,384
62210957126,13,173,365
62210965876,14,207,384
62210975259,15,241,391
62210984195,16,169,385
62210993057,17,204,379
62211001904,18,222,383
62211010895,19,168,360
62211019652,20,194,375
62211028458,21,234,389
62211037530,22,162,353
62211046187,23,184,374
62211054938,24,221,386
62211064038,25,161,379
62211072763,26,174,366
62211081515,27,210,383
62211090529,28,202,383
62211099531,29,176,366
62211109142,30,229,402
62211118575,31,229,390
62211127858,32,167,363
62211136593,33,204,385
62211145472,34,223,386
62211154593,35,167,361
62211163444,36,191,387
62211172482,37,245,412
62211181834,38,167,358
62211190561,39,182,384
62211199385,40,229,392
62211208537,41,160,354
62211217291,42,173,370
62211226097,43,223,387
62211235141,44,199,379
62211244008,45,171,390
62211252769,46,211,387
62211261705,47,214,377
62211270642,48,173,359
62211279361,49,205,384
62211288304,50,246,391
62211297301,51,170,361
62211306013,52,194,375
62211314820,53,225,385
62211323827,54,164,351
62211332513,55,185,376
62211341331,56,223,389
62211350506,57,167,355
62211359165,58,178,373
62211367939,59,219,397
62211377058,60,199,377
62211385863,61,177,368
62211394648,62,212,387
62211403644,63,214,385
62211412601,64,164,360
62211421322,65,204,384
62211430229,66,218,390
62211439252,67,167,358
62211447989,68,195,394
62211456888,69,220,388
62211466133,70,169,361
62211475185,71,224,390
62211484108,72,220,392
62211493270,73,160,352
62211502134,74,189,378
62211510971,75,220,389
62211520094,76,194,397
62211528953,77,174,367
62211537737,78,212,391
62211546748,79,203,384
62211555707,80,167,364
62211564462,81,210,382
62211573408,82,224,388
62211582449,83,169,355
62211591179,84,198,384
62211600070,85,226,412
62211609166,86,167,354
62211617922,87,187,373
62211626747,88,227,388
62211636052,89,168,376
62211644927,90,178,376
62211653774,91,225,393
62211663126,92,186,379
62211672003,93,182,393
62211680883,94,214,389
62211689902,95,202,379
62211698833,96,172,367
62211707610,97,208,383
62211716577,98,230,386
62211725592,99,168,360
62211734381,100,200,382
62211743285,101,218,387
62211752382,102,188,355
62211761177,103,190,377
62211770063,104,226,391
62211779384,105,170,356
62211788244,106,178,382
62211797151,107,223,390
62211806345,108,184,374
62211815214,109,178,366
62211824062,110,215,395
62211833113,111,201,377
62211842077,112,173,365
62211850863,113,205,378
62211859856,114,229,387
62211868920,115,170,365
62211877711,116,202,386
62211886699,117,222,393
62211895773,118,163,360
62211904571,119,192,377
62211913487,120,227,393
62211922628,121,165,347
62211931373,122,184,374
62211940234,123,222,396
62211949437,124,172,374
62211958253,125,177,369
62211967111,126,214,385
62211976467,127,226,383
62211985591,128,175,374
62211994484,129,211,382
62212003554,130,227,386
62212012861,131,175,372
62212021724,132,201,384
62212030748,133,223,391
62212039840,134,163,360
62212048658,135,193,379
62212057546,136,223,391
62212066725,137,162,355
62212075497,138,187,375
62212084354,139,223,384
62212093826,140,160,359
62212103276,141,188,386
62212112887,142,224,402
62212122443,143,205,384
62212131769,144,175,370
62212140919,145,221,402
62212150093,146,230,389
62212159223,147,166,360
62212168320,148,232,398
62212177556,149,229,393
62212186816,150,164,364
62212195661,151,196,382
62212204606,152,236,396
62212213799,153,164,361
62212222669,154,187,378
62212231583,155,222,392
62212240846,156,158,347
62212249633,157,177,365
62212258473,158,220,383
62212267631,159,198,381
62212276611,160,175,369
62212285490,161,212,386
62212294560,162,221,382
62212303601,163,173,362
62212312509,164,209,384
62212321549,165,222,386
62212330603,166,169,362
62212339487,167,195,375
62212348402,168,251,389
62212357581,169,165,358
62212366428,170,189,376
62212375315,171,222,395
62212384911,172,169,356
62212393762,173,177,373
62212402802,174,224,389
62212412060,175,199,389
62212421046,176,177,364
62212430073,177,221,385
62212439242,178,209,391
62212448307,179,194,363
62212457321,180,215,380
62212466394,181,214,388
62212475838,182,183,373
62212484745,183,195,384
62212493709,184,223,383
62212502793,185,164,355
62212511565,186,189,377
62212520414,187,228,387
62212529640,188,159,350
62212538364,189,181,373
62212547220,190,220,387
62212556353,191,212,374
62212565218,192,182,368
62212574023,193,212,384
62212583079,194,203,385
62212592054,195,170,370
62212600857,196,202,380
62212609797,197,222,385
62212618797,198,168,359
62212627634,199,195,384
62212636658,200,227,386
62212645747,201,163,357
62212654549,202,190,377
62212663412,203,227,389
62212672633,204,160,355
62212681394,205,179,375
62212690233,206,226,390
62212699471,207,185,372
62212708275,208,176,393
62212717216,209,224,390
62212726432,210,202,385
62212735456,211,171,363
62212744257,212,204,405
62212753283,213,233,392
62212762345,214,165,365
62212771166,215,202,378
62212780128,216,224,401
62212789257,217,160,364
62212798078,218,188,382
62212806988,219,222,388
62212816248,220,165,372
62212825017,221,181,374
62212833894,222,217,389
62212843101,223,183,377
62212852247,224,183,402
62212861535,225,216,393
62212871110,226,209,393
62212880556,227,176,369
62212889772,228,207,389
62212899133,229,230,395
62212908526,230,171,363
62212917526,231,201,386
62212926636,232,225,389
62212935863,233,165,365
62212944698,234,191,379
62212953607,235,231,393
62212962796,236,168,358
62212971559,237,182,374
62212980784,238,227,393
62212990049,239,177,377
62212998958,240,177,368
62213007817,241,211,387
62213016924,242,208,384
62213025994,243,188,371
62213034916,244,216,385
62213043981,245,226,399
62213053046,246,173,361
62213061819,247,199,382
62213070797,248,222,389
62213079892,249,166,362
62213088711,250,193,377
62213097657,251,231,411
62213107680,252,177,368
62213117069,253,194,397
62213126401,254,222,404
62213135915,255,160,364
62213144975,256,179,374
62213153992,257,214,386
62213163285,258,204,388
62213172391,259,206,389
62213181404,260,216,389
62213190446,261,230,394
62213199445,262,169,372
62213208213,263,201,406
62213217181,264,224,384
62213226258,265,165,359
62213235514,266,270,426
62213244908,267,232,398
62213254363,268,168,358
62213263228,269,188,380
62213272130,270,233,399
62213281387,271,161,347
62213290221,272,190,383
62213299099,273,221,388
62213308197,274,197,386
62213317129,275,174,367
62213325895,276,214,380
62213334896,277,215,385
62213344049,278,170,379
62213352878,279,217,385
62213361892,280,220,391
62213370932,281,174,361
62213379717,282,193,375
62213388628,283,226,389
62213397731,284,164,354
62213406485,285,189,376
62213415315,286,219,390
62213424511,287,164,354
62213433214,288,177,372
62213442033,289,217,385
62213451207,290,198,377
62213460071,291,178,375
62213468883,292,216,391
62213478172,293,228,390
62213487249,294,166,354
62213496083,295,202,402
62213505052,296,215,388
62213514084,297,168,358
62213522832,298,197,382
62213531706,299,222,385
62213540872,300,165,358
62213549659,301,189,380
62213558527,302,226,389
62213567754,303,163,350
62213576426,304,203,378
62213585261,305,220,387
62213594425,306,191,379
62213603288,307,178,367
62213612082,308,209,409
62213621179,309,205,379
62213630228,310,170,366
62213639002,311,199,385
62213648026,312,222,396
62213657288,313,170,365
62213666052,314,200,386
62213674959,315,223,387
62213684307,316,172,361
62213693153,317,191,375
62213702032,318,229,386
62213711213,319,162,353
62213719976,320,176,381
62213728819,321,226,389
62213738103,322,188,381
62213746977,323,181,367
62213755907,324,211,409
62213765051,325,206,384
62213774093,326,171,364
62213782919,327,208,378
62213791933,328,231,393
62213801003,329,171,362
62213809885,330,200,386
62213818871,331,227,391
62213828012,332,162,362
62213836841,333,194,381
62213845772,334,227,392
62213854950,335,166,350
62213863687,336,182,369
62213872591,337,223,398
62213881784,338,182,376
62213890633,339,177,368
62213899550,340,214,385
62213908684,341,204,379
62213917657,342,172,365
62213926476,343,205,382
62213935574,344,228,388
62213944698,345,167,365
62213953464,346,199,383
62213962513,347,229,416
62213971817,348,168,360
62213981164,349,206,383
62213990233,350,226,388
62213999440,351,164,353
62214008385,352,199,381
62214017323,353,223,385
62214026511,354,177,376
62214035368,355,179,365
62214044238,356,233,392
62214053397,357,204,378
62214062345,358,175,364
62214071177,359,209,383
62214080240,360,232,387
62214089334,361,173,363
62214098296,362,201,385
62214107799,363,219,386
62214117514,364,182,379
62214126648,365,197,385
62214135838,366,235,398
62214145264,367,164,358
62214154294,368,187,379
62214163314,369,225,393
62214172924,370,169,376
62214182124,371,190,372
62214191488,372,218,392
62214200934,373,203,391
62214209935,374,181,373
62214218803,375,209,387
62214227903,376,225,412
62214237140,377,170,364
62214246087,378,202,383
62214255233,379,226,387
62214264533,380,163,361
62214273474,381,196,380
62214282745,382,233,397
62214292291,383,189,361
62214301395,384,185,380
62214310549,385,224,396
62214320015,386,160,353
62214328961,387,175,367
62214337943,388,225,393
62214347177,389,197,379
62214356304,390,185,371
62214365263,391,216,387
62214374475,392,220,386
62214383941,393,181,391
62214393085,394,209,381
62214402336,395,227,394
62214411621,396,171,363
62214420593,397,195,380
62214429741,398,233,390
62214439243,399,165,361
62214448369,400,201,384
62214457658,401,232,399
62214467114,402,171,354
62214476135,403,216,434
62214485319,404,216,389
62214494633,405,201,383
62214503705,406,179,364
62214512735,407,212,390
62214521920,408,215,389
62214531060,409,169,362
62214540048,410,204,396
62214549197,411,217,389
62214558407,412,166,366
62214567337,413,199,385
62214576430,414,236,391
62214585706,415,165,354
62214594898,416,191,384
62214604148,417,227,396
62214613661,418,165,354
62214622676,419,179,375
62214631731,420,218,391
62214641060,421,194,378
62214650079,422,176,366
62214659038,423,210,388
62214668222,424,211,385
62214677393,425,172,364
62214686354,426,204,384
62214695495,427,223,389
62214704712,428,172,363
62214713603,429,196,383
62214722728,430,228,390
62214732006,431,163,367
62214740980,432,192,382
62214749964,433,222,396
62214759258,434,165,352
62214768148,435,180,403
62214777132,436,218,386
62214786413,437,188,378
62214795410,438,181,373
62214804392,439,236,391
62214813646,440,205,381
62214822710,441,173,368
62214831785,442,212,399
62214841640,443,239,403
62214851632,444,173,377
62214861343,445,206,394
62214871208,446,229,408
62214881258,447,174,374
62214890940,448,199,395
62214900679,449,240,405
62214910724,450,171,363
62214920188,451,188,398
62214929691,452,225,402
62214939420,453,183,381
62214948713,454,181,373
62214957892,455,217,394
62214967204,456,204,381
62214976584,457,207,415
62214985929,458,206,390
62214995329,459,231,393
62215004706,460,171,365
62215013680,461,206,380
62215022777,462,221,394
62215031976,463,165,376
62215040887,464,195,380
62215049889,465,226,395
62215059216,466,169,350
62215068075,467,180,396
62215077035,468,221,388
62215086354,469,174,377
62215095345,470,178,368
62215104895,471,230,409
62215114811,472,210,388
62215124430,473,182,384
62215133998,474,216,387
62215143479,475,229,395
62215152843,476,173,368
62215161919,477,213,405
62215171343,478,225,390
62215180893,479,170,362
62215189933,480,198,386
62215198997,481,225,395
62215208305,482,189,363
62215217438,483,192,383
62215226642,484,224,396
62215236248,485,182,365
62215245341,486,179,371
62215254428,487,214,384
62215263715,488,201,382
62215272810,489,175,367
62215281750,490,210,389
62215290875,491,230,388
62215300067,492,169,391
62215308983,493,203,385
62215318092,494,226,392
62215327306,495,167,357
62215336202,496,219,380
62215345259,497,231,398
62215354558,498,171,363
62215363445,499,187,377
62215372481,500,223,397
62215381790,501,160,345
62215390677,502,175,370
62215399615,503,219,389
62215408898,504,196,379
62215417921,505,175,366
62215426854,506,214,383
62215435999,507,218,401
62215445129,508,171,366
62215454065,509,203,391
62215463181,510,226,392
62215472350,511,196,364
62215481538,512,222,390
62215490701,513,230,395
62215500022,514,167,378
62215508954,515,188,371
62215517950,516,225,394
62215527416,517,170,358
62215536512,518,182,377
62215545691,519,222,392
62215555233,520,201,388
62215564382,521,205,368
62215573459,522,213,390
62215582695,523,214,385
62215591819,524,170,359
62215600715,525,207,383
62215609803,526,219,395
62215619020,527,169,361
62215627921,528,198,406
62215637021,529,226,394
62215646336,530,166,355
62215655233,531,188,376
62215664360,532,233,390
62215673943,533,167,359
62215683046,534,181,379
62215692174,535,235,392
62215701595,536,194,380
62215710657,537,179,366
62215719613,538,210,390
62215728794,539,205,384
62215737926,540,171,365
62215746842,541,202,386
62215755954,542,221,400
62215765180,543,168,361
62215774112,544,202,382
62215783197,545,226,392
62215792491,546,165,363
62215801424,547,191,380
62215810423,548,224,395
62215819745,549,166,355
62215828684,550,179,373
62215837691,551,240,411
62215847136,552,188,382
62215856181,553,184,396
62215865206,554,215,391
62215874435,555,211,383
62215883554,556,168,369
62215892537,557,205,380
62215901662,558,232,389
62215910863,559,168,366
62215919832,560,204,389
62215928906,561,223,393
62215938162,562,167,358
62215947085,563,191,379
62215956103,564,226,417
62215965427,565,164,355
62215974437,566,194,385
62215983828,567,236,413
62215993398,568,184,383
62216002534,569,179,373
62216011744,570,224,386
62216021005,571,207,385
62216030086,572,174,366
62216038952,573,205,384
62216047987,574,227,407
62216057086,575,168,365
62216065940,576,203,380
62216074941,577,219,391
62216084093,578,166,364
62216092953,579,191,378
62216102329,580,233,407
62216112431,581,175,367
62216122063,582,189,390
62216131782,583,224,409
62216141813,584,183,385
62216151505,585,193,385
62216161119,586,225,402
62216171015,587,212,394
62216180668,588,177,377
62216190047,589,221,398
62216199613,590,232,396
62216209066,591,173,369
62216218169,592,204,384
62216227353,593,221,392
62216236621,594,165,361
62216245482,595,192,380
62216254372,596,224,389
62216263509,597,163,352
62216272215,598,195,375
62216281087,599,219,388
62216290299,600,163,355
62216299126,601,178,368
62216308021,602,214,406
62216317155,603,205,381
62216326121,604,171,364
62216334926,605,211,386
62216343905,606,225,394
62216352973,607,173,368
62216361785,608,210,385
62216370738,609,224,389
62216379996,610,167,374
62216389002,611,198,384
62216397998,612,229,389
62216407146,613,161,357
62216415919,614,182,398
62216424772,615,227,394
62216434246,616,161,349
62216443073,617,175,368
62216451927,618,220,394
62216461245,619,201,400
62216470290,620,176,374
62216479324,621,250,402
62216488527,622,220,384
62216497763,623,173,363
62216506649,624,205,387
62216515694,625,226,390
62216524806,626,167,357
62216533623,627,197,378
62216542576,628,225,390
62216551703,629,168,352
62216560536,630,188,378
62216569415,631,229,394
62216578690,632,166,354
62216587561,633,181,372
62216596381,634,220,390
62216605514,635,204,380
62216614450,636,180,361
62216623276,637,210,388
62216632354,638,232,385
62216641389,639,168,366
62216650269,640,207,384
62216659247,641,217,385
62216668259,642,192,358
62216677050,643,199,381
62216685969,644,225,393
62216695127,645,165,358
62216703899,646,187,389
62216712839,647,219,391
62216722001,648,166,353
62216730708,649,179,369
62216739587,650,219,391
62216748791,651,196,375
62216757682,652,175,365
62216766503,653,211,380
62216775670,654,208,386
62216784722,655,172,363
62216793538,656,202,387
62216802491,657,220,389
62216811496,658,168,362
62216820245,659,217,380
62216829202,660,224,388
62216838322,661,164,363
62216847358,662,191,381
62216856605,663,227,397
62216866248,664,166,360
62216875426,665,181,378
62216884664,666,227,397
62216894167,667,190,386
62216903284,668,180,369
62216912294,669,225,389
62216921508,670,208,381
62216930532,671,170,365
62216939306,672,205,381
62216948244,673,239,386
62216957275,674,168,365
62216966001,675,202,379
62216974978,676,223,389
62216984420,677,169,360
62216993208,678,191,378
62217002058,679,221,390
62217011416,680,165,348
62217020153,681,180,387
62217028978,682,222,392
62217038195,683,182,384
62217047016,684,178,370
62217055844,685,211,409
62217064951,686,202,383
62217074082,687,179,370
62217083068,688,203,383
62217092309,689,254,390
62217101849,690,171,384
62217111331,691,204,385
62217120823,692,227,407
62217130436,693,165,358
62217139510,694,191,378
62217148513,695,226,391
62217157773,696,164,353
62217166911,697,184,381
62217176050,698,220,399
62217185378,699,176,379
62217194308,700,180,378
62217203172,701,214,388
62217212305,702,215,391
62217221332,703,175,366
62217230203,704,211,384
62217239261,705,231,386
62217248315,706,196,361
62217257128,707,201,386
62217266130,708,218,380
62217275319,709,168,356
62217284194,710,199,376
62217293081,711,228,397
62217302328,712,166,350
62217311100,713,181,375
62217319958,714,221,396
62217329261,715,156,354
62217338126,716,179,368
62217347031,717,217,387
62217356210,718,209,383
62217365190,719,173,364
62217374105,720,209,385
62217383113,721,225,392
62217392215,722,189,364
62217401199,723,216,386
62217410248,724,229,389
62217419344,725,162,353
62217428092,726,194,385
62217436948,727,232,391
62217446099,728,163,355
62217454823,729,184,379
62217463771,730,227,402
62217472975,731,155,342
62217481927,732,210,384
62217490963,733,219,386
62217500110,734,196,387
62217509007,735,175,366
62217517827,736,216,388
62217526866,737,221,384
62217535820,738,172,386
62217544601,739,203,382
62217553609,740,228,390
62217562677,741,162,357
62217571373,742,193,383
62217580277,743,234,390
62217589391,744,167,352
62217598122,745,190,373
62217607035,746,225,385
62217616165,747,164,374
62217624966,748,177,378
62217633845,749,217,387
62217643004,750,198,382
62217651810,751,173,372
62217660613,752,213,390
62217669749,753,217,384
62217678830,754,171,365
62217687566,755,203,386
62217696526,756,214,383
62217705595,757,165,357
62217714484,758,204,386
62217723447,759,221,386
62217732630,760,164,362
62217741420,761,188,375
62217750269,762,221,391
62217759398,763,163,352
62217768085,764,177,398
62217776998,765,222,386
62217786122,766,193,377
62217794954,767,181,366
62217803771,768,212,395
62217812840,769,202,382
62217821847,770,166,362
62217830590,771,203,376
62217839598,772,224,387
62217848659,773,169,351
62217857363,774,195,378
62217866308,775,222,384
62217875385,776,164,358
62217884122,777,183,399
62217892939,778,226,395
62217902121,779,163,351
62217910857,780,176,375
62217919698,781,224,385
62217928919,782,187,380
62217937780,783,182,369
62217946591,784,214,382
62217955650,785,207,382
62217964585,786,173,361
62217973378,787,206,399
62217982823,788,249,394
62217991978,789,167,370
62218000774,790,200,383
62218009892,791,226,388
62218019086,792,165,353
62218028061,793,196,387
62218037005,794,226,389
62218046183,795,165,351
62218054882,796,180,381
62218063694,797,219,391
62218072808,798,179,374
62218081607,799,179,366
62218090482,800,216,389
62218099720,801,203,385
62218109454,802,183,376
62218118795,803,209,386
62218128263,804,255,392
62218137683,805,169,368
62218146752,806,203,383
62218155989,807,225,399
62218165413,808,177,372
62218174433,809,196,379
62218183539,810,229,392
62218193167,811,178,372
62218202020,812,186,377
62218210838,813,222,386
62218220077,814,174,379
62218228953,815,178,365
62218237743,816,212,383
62218246811,817,208,389
62218255776,818,173,366
62218264549,819,214,374
62218273607,820,231,389
62218282594,821,173,361
62218291419,822,202,383
62218300417,823,220,384
62218309524,824,164,354
62218318343,825,192,376
62218327150,826,223,386
62218336314,827,190,378
62218345290,828,185,373
62218354092,829,222,387
62218363327,830,163,356
62218372095,831,179,375
62218381091,832,222,403
62218390421,833,208,382
62218399391,834,174,366
62218408159,835,236,385
62218417135,836,226,385
62218426181,837,168,358
62218435150,838,205,387
62218444118,839,231,391
62218453199,840,165,356
62218462110,841,199,385
62218471002,842,229,384
62218480158,843,176,434
62218489083,844,188,382
62218497881,845,226,392
62218507003,846,156,344
62218515743,847,176,368
62218524514,848,221,393
62218533635,849,197,376
62218542542,850,176,372
62218551372,851,212,381
62218560390,852,220,390
62218569396,853,167,354
62218578164,854,205,383
62218587127,855,224,384
62218596266,856,190,360
62218605057,857,195,382
62218614026,858,224,389
62218623107,859,165,360
62218631966,860,188,380
62218640866,861,220,387
62218650169,862,166,357
62218658890,863,180,371
62218667784,864,219,394
62218676913,865,199,382
62218685767,866,176,368
62218694583,867,215,391
62218703682,868,214,386
62218712687,869,168,361
62218721521,870,203,383
62218730429,871,216,389
62218739514,872,164,360
62218748278,873,218,380
62218757198,874,226,393
62218766315,875,163,357
62218775098,876,186,378
62218783938,877,225,390
62218793052,878,162,353
62218801829,879,180,375
62218810653,880,225,386
62218819881,881,192,380
62218828691,882,188,392
62218837791,883,211,388
62218847126,884,207,386
62218856337,885,173,366
62218865314,886,202,383
62218874404,887,220,389
62218883523,888,170,359
62218892284,889,232,380
62218901243,890,221,390
62218910382,891,163,354
62218919111,892,186,376
62218927950,893,227,404
62218937142,894,164,352
62218945870,895,177,375
62218954689,896,223,390
62218963970,897,190,387
62218972916,898,182,370
62218982150,899,262,404
62218991263,900,206,387
62219000294,901,180,361
62219009086,902,207,381
62219018100,903,231,384
62219027128,904,165,356
62219035904,905,199,405
62219044932,906,222,383
62219054021,907,165,357
62219062822,908,192,373
62219071702,909,222,401
62219080947,910,168,351
62219089720,911,181,372
62219098703,912,225,395
62219108672,913,208,400
62219117966,914,185,370
62219127178,915,214,386
62219136619,916,201,381
62219145651,917,171,364
62219154480,918,202,383
62219163601,919,233,394
62219172961,920,178,383
62219181835,921,203,379
62219190849,922,222,394
62219199897,923,165,385
62219208700,924,196,383
62219217610,925,230,388
62219226871,926,165,351
62219235633,927,187,377
62219244487,928,219,385
62219253644,929,173,375
62219262568,930,180,371
62219271460,931,215,391
62219280770,932,206,383
62219289742,933,173,365
62219298584,934,209,386
62219307577,935,228,387
62219316617,936,168,358
62219325321,937,201,383
62219334273,938,223,391
62219343356,939,170,357
62219352176,940,217,380
62219361112,941,231,390
62219370278,942,164,352
62219379041,943,189,382
62219387953,944,223,392
62219397189,945,161,360
62219405922,946,175,367
62219414783,947,213,381
62219423872,948,199,386
62219432783,949,174,364
62219441649,950,210,388
62219450692,951,225,385
62219459710,952,171,359
62219468486,953,201,378
62219477529,954,227,387
62219486881,955,171,358
62219495667,956,196,381
62219504699,957,229,394
62219513891,958,161,355
62219522634,959,184,376
62219531504,960,223,389
62219540739,961,158,346
62219549479,962,178,367
62219558274,963,224,384
62219567327,964,194,379
62219576196,965,196,368
62219584997,966,210,383
62219594224,967,222,388
62219603194,968,171,358
62219611970,969,204,412
62219621056,970,226,388
62219630129,971,168,356
62219638841,972,194,380
62219647716,973,231,409
62219656949,974,162,354
62219665815,975,189,382
62219674752,976,224,384
62219683979,977,162,360
62219692717,978,180,368
62219701544,979,221,390
62219710721,980,199,376
62219719564,981,174,363
62219728424,982,216,382
62219737458,983,216,386
62219746452,984,168,357
62219755154,985,203,376
62219764124,986,225,387
62219773185,987,168,357
62219781866,988,200,382
62219790809,989,220,386
62219800010,990,165,367
62219808811,991,186,374
62219817734,992,221,389
62219826921,993,162,350
62219835666,994,181,376
62219844536,995,217,388
62219853692,996,194,375
62219862535,997,179,365
62219871331,998,210,386
62219880374,999,203,381
62219889414,1000,174,366
62219898317,1001,210,405
62219907355,1002,222,387
62219916443,1003,167,358
62219925187,1004,200,380
62219934107,1005,221,388
62219943223,1006,163,350
62219951998,1007,187,382
62219960888,1008,226,390
62219970153,1009,165,359
62219979071,1010,180,376
62219988196,1011,242,395
62219997531,1012,187,380
62220006474,1013,190,402
62220015552,1014,217,389
62220024750,1015,203,380
62220033683,1016,173,359
62220042494,1017,208,383
62220051438,1018,230,387
62220060491,1019,169,363
62220069279,1020,203,382
62220078154,1021,222,391
62220087278,1022,163,360
62220096133,1023,214,376
62220105548,1024,228,410
62220115228,1025,165,352
62220124344,1026,190,392
62220133349,1027,224,397
62220142605,1028,180,372
62220151443,1029,177,371
62220160363,1030,212,390
62220169723,1031,211,385
62220178822,1032,178,370
62220187658,1033,205,382
62220196665,1034,231,396
62220205754,1035,170,366
62220214664,1036,210,388
62220223732,1037,220,403
62220232879,1038,164,355
62220241704,1039,189,383
62220250674,1040,227,387
62220259850,1041,167,374
62220268619,1042,186,376
62220277466,1043,222,386
62220286658,1044,178,378
62220295464,1045,173,363
62220304281,1046,211,390
62220313383,1047,201,379
62220322278,1048,170,361
62220331101,1049,215,384
62220340099,1050,251,386
62220349112,1051,170,362
62220357891,1052,206,382
62220366784,1053,224,389
62220375830,1054,165,382
62220384891,1055,209,385
62220393856,1056,226,386
62220403038,1057,166,350
62220411740,1058,183,396
62220420576,1059,220,389
62220430033,1060,164,359
62220438831,1061,179,368
62220447639,1062,215,390
62220456768,1063,213,393
62220465686,1064,174,370
62220474469,1065,212,383
62220483529,1066,256,419
62220492699,1067,173,364
62220501402,1068,202,379
62220510334,1069,223,389
62220519364,1070,165,356
62220528231,1071,217,384
62220537142,1072,232,390
62220546195,1073,165,353
62220554910,1074,188,377
62220563707,1075,227,400
62220572894,1076,160,347
62220581601,1077,170,364
62220590362,1078,220,389
62220599462,1079,197,383
62220608323,1080,174,373
62220617131,1081,213,387
62220626165,1082,218,385
62220635052,1083,170,361
62220643797,1084,210,401
62220652715,1085,225,394
62220661749,1086,167,359
62220670448,1087,194,378
62220679352,1088,228,387
62220688397,1089,164,359
62220697144,1090,187,379
62220705983,1091,223,388
62220715149,1092,166,350
62220723840,1093,178,394
62220732582,1094,221,386
62220741705,1095,201,382
62220750475,1096,175,365
62220759286,1097,212,380
62220768247,1098,231,384
62220777234,1099,168,361
62220785909,1100,205,380
62220794806,1101,216,385
62220803782,1102,166,381
62220812578,1103,198,384
62220821441,1104,223,393
62220830491,1105,165,355
62220839374,1106,188,378
62220848411,1107,229,394
62220857688,1108,164,353
62220866447,1109,180,370
62220875260,1110,217,386
62220884383,1111,195,378
62220893124,1112,178,367
62220901880,1113,212,387
62220910842,1114,208,384
62220919757,1115,169,368
62220928549,1116,201,383
62220937500,1117,226,386
62220946507,1118,169,357
62220955155,1119,197,378
62220964102,1120,234,385
62220973234,1121,162,358
62220982165,1122,191,377
62220991233,1123,229,392
62221000472,1124,162,349
62221009199,1125,177,373
62221017938,1126,222,388
62221027158,1127,192,375
62221036007,1128,177,375
62221044813,1129,216,386
62221053941,1130,208,387
62221062940,1131,168,366
62221071748,1132,207,405
62221080731,1133,231,386
62221089737,1134,166,361
62221098698,1135,201,380
62221108159,1136,234,406
62221117668,1137,165,359
62221126659,1138,193,381
62221135598,1139,226,390
62221144878,1140,162,351
62221153839,1141,183,377
62221162865,1142,222,393
62221172211,1143,196,399
62221181165,1144,179,382
62221190067,1145,215,392
62221199105,1146,207,389
62221208055,1147,169,387
62221216930,1148,207,386
62221225968,1149,228,389
62221235017,1150,168,364
62221243808,1151,207,390
62221252750,1152,220,387
62221261788,1153,167,356
62221270595,1154,195,377
62221279485,1155,224,389
62221288627,1156,166,352
62221297436,1157,185,371
62221306238,1158,218,386
62221315489,1159,175,372
62221324341,1160,178,365
62221333117,1161,212,389
62221342206,1162,205,381
62221351187,1163,169,364
62221359936,1164,212,394
62221368942,1165,225,398
62221378022,1166,171,365
62221386796,1167,204,379
62221395787,1168,225,392
62221404921,1169,168,356
62221413750,1170,192,373
62221422567,1171,228,395
62221431753,1172,165,361
62221440500,1173,183,374
62221449370,1174,222,391
62221458592,1175,159,358
62221467472,1176,174,366
62221476227,1177,237,384
62221485423,1178,228,422
62221494401,1179,174,368
62221503228,1180,214,392
62221512217,1181,249,390
62221521294,1182,168,365
62221530080,1183,203,382
62221539039,1184,228,383
62221548107,1185,189,359
62221556923,1186,196,382
62221565814,1187,233,394
62221574980,1188,166,355
62221583708,1189,184,399
62221592616,1190,226,388
62221601799,1191,158,344
62221610550,1192,175,374
62221619434,1193,217,385
62221628519,1194,199,384
62221637388,1195,179,368
62221646212,1196,215,379
62221655178,1197,218,385
62221664188,1198,176,354
62221672989,1199,207,381
62221682078,1200,224,388
62221691127,1201,168,359
62221699841,1202,197,401
62221708788,1203,227,390
62221717887,1204,164,355
62221726638,1205,187,379
62221735451,1206,223,395
62221744716,1207,167,352
62221753423,1208,175,371
62221762173,1209,219,388
62221771328,1210,200,376
62221780329,1211,178,363
62221789107,1212,210,391
62221798149,1213,210,383
62221807167,1214,165,366
62221815956,1215,204,391
62221824894,1216,217,387
62221833970,1217,166,360
62221842713,1218,194,381
62221851682,1219,225,395
62221860825,1220,167,351
62221869626,1221,186,375
62221878427,1222,223,384
62221887559,1223,165,348
62221896252,1224,180,372
62221905067,1225,216,380
62221914167,1226,193,376
62221923066,1227,180,366
62221931869,1228,210,406
62221940910,1229,208,379
62221949950,1230,172,363
62221958688,1231,204,381
62221967681,1232,224,397
62221976872,1233,173,361
62221985730,1234,230,426
62221994846,1235,223,389
62222003996,1236,165,382
62222012959,1237,193,380
62222021800,1238,224,390
62222031014,1239,166,355
62222039830,1240,178,380
62222048679,1241,223,391
62222057832,1242,187,377
62222066641,1243,179,369
62222075529,1244,217,387
62222084589,1245,204,412
62222093767,1246,172,365
62222103037,1247,210,385
62222112468,1248,237,408
62222121960,1249,165,366
62222131055,1250,198,384
62222140322,1251,233,408
62222149790,1252,165,361
62222158770,1253,196,379
62222167946,1254,227,419
62222177389,1255,179,367
62222186630,1256,188,381
62222195942,1257,229,421
62222205545,1258,181,383
62222214693,1259,180,368
62222223657,1260,215,392
62222232784,1261,204,382
62222241746,1262,171,360
62222250511,1263,204,380
62222259534,1264,228,389
62222268654,1265,169,363
62222277424,1266,203,379
62222286416,1267,222,388
62222295551,1268,167,352
62222304323,1269,188,382
62222313217,1270,226,394
62222322461,1271,162,349
62222331163,1272,180,374
62222340067,1273,227,387
62222349224,1274,179,374
62222358053,1275,178,368
62222366913,1276,217,384
62222375931,1277,205,405
62222385265,1278,179,365
62222394130,1279,209,383
62222403399,1280,234,388
62222412504,1281,168,363
62222421256,1282,203,382
62222430342,1283,220,393
62222439519,1284,168,363
62222448361,1285,192,382
62222457356,1286,229,397
62222466522,1287,165,354
62222475331,1288,179,377
62222484238,1289,222,387
62222493838,1290,162,364
62222502695,1291,174,365
62222511506,1292,213,389
62222520655,1293,202,388
62222529585,1294,177,368
62222538424,1295,212,384
62222547522,1296,228,384
62222556528,1297,169,361
62222565342,1298,206,380
62222574332,1299,225,396
62222583457,1300,165,356
62222592285,1301,195,380
62222601224,1302,231,388
62222610391,1303,163,356
62222619211,1304,184,382
62222628080,1305,234,393
62222637419,1306,159,344
62222646171,1307,175,374
62222654992,1308,223,386
62222664166,1309,206,375
62222673130,1310,177,370
62222681991,1311,214,382
62222691014,1312,219,386
62222700074,1313,178,362
62222708959,1314,202,379
62222718147,1315,226,393
62222727271,1316,169,365
62222736064,1317,213,376
62222745025,1318,227,388
62222754130,1319,163,357
62222763000,1320,185,378
62222771897,1321,224,399
62222781017,1322,165,351
62222789798,1323,180,369
62222798625,1324,217,386
62222807745,1325,200,403
62222816712,1326,177,367
62222825564,1327,213,387
62222834826,1328,215,384
62222843862,1329,166,380
62222852688,1330,204,384
62222861651,1331,218,386
62222870746,1332,165,360
62222879567,1333,201,380
62222888552,1334,224,389
62222897678,1335,170,355
62222906462,1336,191,381
62222915308,1337,223,391
62222924556,1338,165,349
62222933327,1339,176,373
62222942174,1340,217,382
62222951370,1341,190,378
62222960248,1342,177,373
62222969149,1343,215,388
62222978357,1344,213,384
62222987593,1345,215,383
62222996527,1346,205,391
62223005596,1347,225,388
62223014637,1348,167,361
62223023634,1349,219,410
62223032697,1350,223,386
62223041844,1351,163,354
62223050619,1352,186,377
62223059485,1353,224,391
62223068751,1354,165,359
62223077529,1355,180,377
62223086432,1356,221,384
62223095611,1357,185,376
62223105216,1358,194,392
62223114461,1359,216,388
62223123882,1360,204,421
62223133155,1361,170,364
62223142045,1362,207,380
62223151077,1363,230,392
62223160124,1364,194,366
62223169186,1365,206,389
62223178298,1366,227,397
62223187467,1367,169,361
62223196240,1368,191,385
62223205124,1369,227,393
62223214332,1370,171,353
62223223089,1371,180,373
62223231905,1372,223,402
62223241147,1373,182,378
62223249978,1374,181,374
62223258832,1375,209,386
62223267824,1376,203,388
62223276833,1377,176,364
62223285580,1378,204,386
62223294758,1379,230,389
62223303905,1380,164,382
62223312668,1381,203,383
62223321699,1382,220,393
62223330862,1383,163,355
62223339726,1384,199,402
62223348629,1385,226,384
62223357757,1386,165,356
62223366492,1387,186,377
62223375331,1388,219,388
62223384464,1389,176,371
62223393279,1390,176,364
62223402046,1391,215,385
62223411111,1392,206,380
62223419936,1393,173,385
62223428693,1394,209,379
62223437713,1395,228,394
62223446701,1396,170,355
62223455422,1397,201,376
62223464332,1398,221,388
62223473652,1399,169,357
62223482462,1400,188,377
62223491608,1401,244,422
62223500870,1402,166,353
62223509708,1403,184,376
62223518679,1404,220,391
62223527919,1405,161,369
62223536866,1406,179,371
62223545762,1407,217,388
62223554896,1408,200,383
62223563917,1409,171,387
62223572835,1410,211,385
62223582006,1411,229,388
62223591157,1412,170,365
62223600025,1413,230,380
62223609151,1414,228,389
62223618295,1415,168,360
62223627185,1416,193,378
62223636217,1417,227,396
62223645520,1418,161,354
62223654565,1419,187,382
62223663760,1420,223,409
62223673041,1421,160,344
62223681876,1422,176,368
62223690806,1423,221,390
62223699990,1424,203,377
62223709016,1425,174,370
62223717953,1426,217,386
62223727098,1427,218,384
62223736177,1428,195,357
62223745086,1429,204,386
62223754225,1430,223,388
62223763443,1431,166,363
62223772283,1432,193,378
62223781303,1433,229,387
62223790567,1434,163,358
62223799386,1435,185,375
62223808348,1436,225,391
62223817643,1437,169,353
62223826437,1438,178,373
62223835355,1439,220,385
62223844632,1440,201,380
62223853632,1441,178,368
62223862572,1442,210,384
62223871648,1443,213,397
62223880773,1444,170,357
62223889628,1445,208,385
62223898658,1446,217,386
62223907851,1447,172,368
62223916713,1448,197,381
62223925735,1449,225,390
62223935017,1450,166,354
62223943914,1451,188,399
62223952858,1452,217,386
62223962210,1453,166,353
62223971061,1454,176,373
62223980076,1455,228,392
62223989529,1456,222,398
62223998530,1457,176,365
62224007521,1458,228,399
62224016615,1459,207,379
62224025687,1460,172,363
62224034490,1461,201,384
62224043504,1462,227,385
62224052551,1463,169,365
62224061398,1464,198,386
62224070363,1465,225,391
62224079544,1466,166,356
62224088365,1467,188,376
62224097276,1468,237,413
62224107113,1469,161,354
62224116396,1470,186,386
62224125779,1471,231,395
62224135300,1472,189,374
62224144386,1473,184,374
62224153324,1474,215,388
62224162587,1475,207,387
62224171780,1476,173,407
62224180841,1477,208,391
62224189934,1478,232,391
62224199080,1479,166,364
62224207903,1480,201,394
62224216998,1481,225,395
62224226225,1482,165,355
62224235069,1483,193,380
62224244008,1484,227,389
62224253302,1485,166,353
62224262170,1486,182,373
62224271078,1487,219,416
62224280613,1488,186,382
62224289594,1489,180,371
62224298552,1490,216,384
62224307713,1491,207,404
62224316801,1492,178,368
62224325636,1493,208,377
62224334735,1494,230,386
62224343858,1495,170,369
62224352686,1496,203,379
62224361715,1497,223,388
62224370916,1498,167,355
62224379923,1499,202,388
62224389166,1500,228,398
62224398504,1501,166,355
62224407396,1502,185,375
62224416376,1503,218,386
62224425685,1504,179,376
62224434842,1505,180,370
62224443797,1506,212,394
62224453044,1507,205,382
62224462256,1508,175,373
62224471225,1509,209,383
62224480363,1510,227,392
62224489607,1511,213,393
62224498889,1512,212,394
62224508273,1513,225,390
62224517711,1514,170,367
62224526813,1515,196,381
62224535921,1516,225,422
62224545279,1517,165,350
62224554135,1518,186,376
62224563035,1519,219,391
62224572318,1520,161,357
62224581181,1521,182,371
62224590273,1522,216,387
62224599496,1523,199,383
62224608448,1524,172,367
62224617292,1525,211,388
62224626343,1526,230,390
62224635438,1527,169,364
62224644273,1528,200,378
62224653327,1529,225,390
62224662484,1530,165,359
62224671342,1531,191,380
62224680291,1532,230,388
62224689512,1533,162,352
62224698305,1534,185,376
62224707248,1535,221,389
62224716576,1536,162,349
62224725420,1537,175,366
62224734305,1538,218,394
62224743503,1539,202,380
62224752489,1540,177,373
62224761376,1541,214,384
62224770385,1542,220,385
62224779493,1543,168,362
62224788423,1544,209,390
62224797450,1545,226,393
62224806614,1546,166,363
62224815477,1547,195,380
62224824469,1548,226,386
62224833584,1549,163,358
62224842503,1550,190,374
62224851620,1551,222,399
62224861148,1552,167,358
62224870193,1553,183,375
62224879252,1554,222,388
62224888547,1555,196,373
62224897637,1556,185,376
62224906589,1557,212,385
62224915672,1558,211,391
62224924742,1559,169,360
62224933689,1560,207,389
62224942728,1561,216,392
62224951902,1562,170,384
62224960771,1563,199,386
62224969763,1564,226,391
62224979147,1565,170,362
62224988101,1566,206,382
62224997337,1567,224,396
62225006752,1568,164,351
62225015599,1569,178,396
62225024576,1570,224,387
62225033822,1571,193,380
62225042792,1572,178,366
62225051612,1573,211,414
62225060786,1574,203,384
62225069794,1575,172,362
62225078722,1576,204,382
62225087717,1577,223,397
62225096872,1578,182,378
62225107060,1579,377,617
62225120844,1580,259,405
62225130215,1581,167,365
62225139137,1582,192,378
62225148363,1583,240,414
62225157974,1584,169,354
62225166996,1585,184,381
62225176223,1586,225,398
62225185613,1587,185,384
62225194503,1588,184,376
62225203339,1589,212,389
62225212544,1590,209,391
62225221828,1591,173,371
62225230945,1592,208,383
62225240192,1593,231,392
62225249451,1594,169,365
62225258355,1595,201,384
62225267341,1596,225,390
62225276451,1597,162,354
62225285162,1598,193,380
62225293972,1599,223,386
62225303109,1600,166,352
62225311819,1601,184,396
62225320685,1602,220,390
62225329782,1603,183,379
62225338597,1604,178,372
62225347378,1605,214,384
62225356445,1606,203,379
62225365365,1607,180,365
62225374096,1608,203,385
62225383111,1609,230,391
62225392134,1610,172,360
62225400937,1611,202,379
62225409949,1612,219,389
62225419043,1613,167,359
62225427873,1614,194,404
62225436817,1615,221,388
62225446025,1616,165,346
62225454799,1617,182,375
62225463656,1618,218,395
62225472940,1619,175,376
62225481832,1620,175,368
62225491048,1621,253,419
62225500201,1622,204,386
62225509127,1623,172,363
62225517901,1624,216,384
62225527031,1625,227,391
62225536084,1626,181,361
62225544819,1627,201,378
62225553710,1628,222,388
62225562809,1629,168,359
62225571563,1630,194,399
62225580429,1631,223,388
62225589518,1632,165,355
62225598274,1633,182,374
62225607033,1634,219,388
62225616216,1635,163,359
62225625061,1636,174,366
62225633819,1637,216,379
62225642907,1638,202,381
62225651789,1639,174,377
62225660561,1640,215,387
62225669571,1641,230,390
62225678734,1642,170,360
62225687513,1643,201,383
62225696513,1644,229,394
62225705518,1645,168,360
62225714177,1646,196,380
62225723118,1647,231,391
62225732223,1648,164,358
62225740959,1649,183,380
62225749827,1650,225,391
62225758934,1651,159,349
62225767753,1652,177,391
62225776525,1653,225,385
62225785574,1654,197,380
62225794438,1655,176,369
62225803232,1656,218,386
62225812256,1657,217,387
62225821216,1658,169,364
62225829979,1659,206,383
62225839084,1660,231,394
62225848168,1661,170,359
62225856865,1662,195,381
62225865751,1663,228,393
62225874811,1664,166,358
62225883491,1665,187,377
62225892261,1666,223,393
62225901441,1667,169,349
62225910168,1668,175,369
62225918927,1669,220,390
62225928058,1670,210,378
62225936924,1671,175,361
62225945723,1672,215,384
62225954755,1673,212,389
62225963733,1674,168,382
62225972479,1675,202,379
62225981544,1676,216,387
62225990638,1677,247,391
62225999656,1678,198,396
62226008692,1679,232,391
62226017811,1680,164,356
62226026548,1681,191,377
62226035387,1682,224,383
62226044523,1683,165,354
62226053275,1684,177,372
62226062045,1685,218,386
62226071209,1686,193,378
62226080046,1687,199,367
62226088886,1688,211,386
62226098003,1689,219,406
62226107699,1690,174,379
62226117020,1691,208,395
62226126454,1692,224,389
62226135907,1693,165,385
62226144884,1694,199,383
62226154175,1695,226,394
62226163386,1696,166,361
62226172423,1697,197,398
62226181545,1698,236,406
62226191153,1699,164,360
62226200189,1700,183,376
62226209045,1701,226,398
62226218266,1702,188,377
62226227134,1703,181,372
62226235985,1704,225,383
62226245062,1705,208,388
62226254052,1706,173,365
62226262908,1707,207,381
62226271934,1708,251,385
62226281078,1709,168,363
62226289915,1710,202,384
62226298906,1711,220,390
62226308094,1712,173,357
62226316950,1713,191,381
62226325911,1714,223,393
62226335159,1715,164,351
62226343865,1716,179,401
62226352794,1717,219,396
62226362045,1718,183,382
62226370945,1719,180,374
62226379977,1720,239,398
62226389325,1721,207,385
62226398364,1722,176,363
62226407246,1723,205,381
62226416279,1724,230,388
62226425335,1725,168,366
62226434325,1726,208,388
62226443339,1727,220,387
62226452468,1728,170,357
62226461604,1729,202,383
62226470649,1730,220,392
62226479876,1731,168,360
62226488647,1732,187,371
62226497817,1733,228,392
62226507106,1734,173,376
62226515988,1735,197,370
62226524835,1736,214,386
62226533966,1737,203,380
62226542906,1738,173,362
62226551817,1739,208,408
62226560978,1740,225,386
62226570063,1741,169,367
62226578933,1742,198,379
62226587905,1743,245,389
62226597131,1744,165,361
62226606074,1745,193,379
62226615101,1746,225,389
62226624450,1747,164,355
62226633328,1748,186,377
62226642271,1749,222,389
62226651617,1750,160,379
62226660471,1751,177,377
62226669448,1752,216,389
62226678639,1753,201,383
62226687685,1754,171,391
62226696615,1755,216,387
62226705749,1756,227,389
62226714980,1757,170,367
62226723894,1758,203,410
62226733024,1759,227,392
62226742251,1760,162,354
62226751082,1761,196,377
62226760079,1762,252,388
62226769333,1763,161,355
62226778325,1764,192,381
62226787336,1765,225,396
62226796641,1766,159,352
62226805470,1767,174,367
62226814413,1768,221,390
62226823660,1769,198,391
62226832847,1770,180,383
62226842391,1771,217,401
62226852205,1772,224,397
62226861915,1773,177,374
62226871439,1774,211,393
62226881101,1775,232,399
62226890832,1776,171,367
62226900189,1777,199,389
62226909598,1778,232,398
62226919170,1779,166,358
62226928320,1780,189,384
62226937437,1781,223,394
62226946838,1782,165,353
62226955625,1783,179,384
62226964522,1784,223,389
62226973650,1785,201,379
62226982777,1786,176,372
62226991877,1787,267,413
62227001294,1788,216,390
62227010422,1789,165,358
62227019318,1790,205,385
62227028324,1791,215,387
62227037437,1792,165,361
62227046298,1793,198,381
62227055328,1794,224,389
62227064613,1795,165,361
62227073403,1796,189,382
62227082349,1797,221,390
62227091776,1798,163,374
62227100853,1799,190,399
62227110380,1800,217,395
62227120040,1801,220,396
62227129243,1802,175,371
62227138224,1803,211,389
62227147366,1804,209,385
62227156439,1805,170,361
62227165644,1806,213,390
62227174932,1807,222,389
62227184139,1808,171,367
62227193016,1809,201,385
62227202076,1810,228,396
62227211269,1811,168,362
62227220194,1812,190,376
62227229174,1813,223,397
62227238493,1814,161,354
62227247332,1815,178,377
62227256276,1816,221,395
62227265520,1817,189,379
62227274506,1818,182,371
62227283436,1819,217,389
62227292669,1820,208,381
62227301654,1821,174,366
62227310572,1822,200,384
62227319667,1823,227,396
62227328844,1824,170,365
62227337736,1825,200,382
62227346780,1826,220,385
62227355986,1827,187,356
62227365564,1828,236,392
62227374534,1829,226,397
62227383752,1830,170,371
62227392555,1831,181,376
62227401599,1832,222,390
62227410837,1833,181,378
62227419693,1834,178,395
62227428585,1835,215,389
62227437621,1836,204,381
62227446655,1837,178,366
62227455423,1838,206,380
62227464431,1839,233,391
62227473538,1840,167,365
62227482309,1841,204,380
62227491242,1842,218,388
62227500620,1843,172,368
62227509375,1844,190,379
62227518188,1845,227,390
62227527362,1846,165,351
62227536073,1847,205,374
62227544909,1848,221,392
62227554036,1849,174,378
62227562810,1850,180,369
62227571794,1851,210,395
62227580830,1852,201,382
62227589687,1853,172,363
62227598470,1854,212,387
62227607474,1855,225,396
62227616484,1856,175,365
62227625264,1857,202,382
62227634224,1858,224,392
62227643353,1859,169,364
62227652210,1860,193,382
62227661201,1861,236,404
62227670408,1862,163,352
62227679215,1863,181,377
62227688046,1864,228,388
62227697255,1865,159,364
62227706099,1866,177,368
62227715172,1867,220,384
62227724341,1868,204,383
62227733349,1869,174,364
62227742180,1870,211,384
62227751302,1871,229,389
62227760422,1872,169,370
62227769240,1873,203,387
62227778263,1874,227,390
62227787309,1875,162,362
62227796072,1876,212,378
62227805077,1877,227,384
62227814178,1878,164,353
62227822977,1879,181,378
62227831904,1880,234,391
62227841095,1881,161,348
62227849858,1882,174,372
62227858704,1883,223,384
62227867875,1884,197,383
62227876816,1885,176,372
62227885649,1886,214,387
62227894734,1887,220,386
62227903756,1888,171,389
62227912572,1889,201,386
62227921686,1890,225,387
62227930798,1891,171,360
62227939603,1892,194,390
62227948584,1893,228,392
62227957724,1894,167,360
62227966515,1895,187,374
62227975439,1896,231,425
62227984758,1897,167,352
62227993723,1898,217,427
62228002654,1899,212,390
62228012032,1900,207,383
62228020992,1901,185,397
62228029901,1902,207,383
62228038842,1903,216,387
62228047788,1904,165,381
62228056604,1905,203,383
62228065528,1906,217,381
62228074564,1907,168,360
62228083455,1908,199,383
62228092352,1909,225,387
62228101815,1910,176,374
62228111150,1911,187,376
62228120405,1912,233,404
62228129836,1913,165,348
62228138711,1914,182,378
62228147709,1915,221,392
62228156863,1916,192,376
62228166051,1917,182,373
62228175036,1918,212,386
62228184060,1919,211,383
62228193020,1920,171,365
62228201703,1921,205,382
62228210680,1922,227,391
62228219745,1923,171,384
62228228498,1924,198,379
62228237407,1925,228,390
62228246472,1926,164,352
62228255194,1927,187,377
62228264073,1928,226,388
62228273160,1929,165,357
62228281950,1930,178,375
62228290776,1931,224,390
62228299911,1932,191,380
62228308706,1933,182,376
62228317506,1934,213,390
62228326542,1935,208,384
62228335562,1936,175,382
62228344390,1937,206,387
62228353326,1938,226,386
62228362331,1939,167,361
62228371120,1940,209,380
62228380165,1941,224,388
62228389412,1942,166,360
62228398189,1943,191,378
62228406982,1944,228,389
62228416099,1945,167,354
62228424807,1946,183,380
62228433782,1947,224,391
62228442883,1948,184,379
62228451679,1949,176,379
62228460669,1950,220,392
62228469752,1951,203,379
62228478603,1952,173,360
62228487345,1953,203,384
62228496551,1954,246,399
62228505558,1955,167,362
62228514214,1956,206,385
62228523131,1957,222,386
62228532211,1958,165,359
62228540999,1959,193,376
62228549838,1960,228,389
62228559018,1961,167,343
62228567678,1962,185,383
62228576496,1963,222,390
62228585572,1964,174,377
62228594390,1965,177,370
62228603181,1966,212,390
62228612178,1967,202,382
62228621105,1968,173,367
62228629900,1969,210,382
62228638871,1970,226,388
62228647985,1971,185,362
62228656793,1972,202,382
62228665621,1973,219,383
62228674616,1974,169,357
62228683367,1975,191,382
62228692215,1976,225,392
62228701358,1977,163,345
62228710005,1978,182,375
62228718824,1979,220,386
62228727997,1980,189,358
62228736791,1981,176,366
62228745546,1982,215,384
62228754601,1983,203,378
62228763505,1984,171,365
62228772269,1985,213,385
62228781293,1986,225,385
62228790275,1987,168,360
62228799029,1988,203,384
62228807941,1989,233,388
62228817013,1990,160,355
62228825766,1991,194,380
62228834614,1992,228,394
62228843695,1993,163,378
62228852677,1994,190,381
62228861647,1995,224,392
62228870899,1996,159,347
62228879672,1997,173,391
62228888518,1998,220,389
62228897601,1999,195,383
62228906522,2000,174,373
62228915384,2001,212,379
62228924452,2002,221,386
62228933527,2003,170,361
62228942354,2004,203,381
62228951381,2005,227,386
62228960607,2006,173,360
62228969383,2007,193,382
62228978463,2008,234,390
62228987677,2009,162,376
62228996747,2010,225,391
62229005717,2011,217,390
62229014867,2012,167,351
62229023584,2013,182,380
62229032461,2014,218,381
62229041614,2015,201,381
62229050477,2016,174,365
62229059319,2017,207,387
62229068396,2018,214,388
62229077471,2019,167,358
62229086308,2020,201,383
62229095362,2021,220,388
62229104880,2022,176,373
62229114172,2023,199,389
62229123565,2024,220,412
62229132891,2025,166,359
62229141785,2026,191,375
62229150742,2027,222,387
62229159967,2028,188,356
62229169106,2029,185,381
62229178160,2030,219,392
62229187338,2031,195,379
62229196224,2032,180,378
62229205098,2033,217,389
62229214203,2034,207,384
62229223273,2035,174,364
62229232162,2036,202,382
62229241181,2037,219,387
62229250252,2038,169,358
62229259061,2039,196,381
62229268125,2040,228,388
62229277465,2041,164,356
62229286205,2042,189,377
62229295022,2043,222,386
62229304147,2044,163,353
62229312893,2045,179,378
62229321733,2046,222,389
62229330885,2047,188,374
62229339689,2048,177,388
62229348508,2049,213,380
62229357517,2050,207,382
62229366412,2051,166,365
62229375221,2052,205,386
62229384164,2053,231,391
62229393176,2054,165,362
62229401852,2055,201,383
62229410756,2056,221,390
62229419854,2057,166,366
62229428591,2058,192,380
62229437452,2059,225,389
62229446645,2060,166,348
62229455360,2061,180,372
62229464183,2062,220,387
62229473327,2063,180,379
62229482163,2064,181,367
62229490909,2065,211,387
62229500233,2066,212,385
62229509099,2067,174,362
62229517830,2068,204,381
62229526839,2069,230,382
62229535951,2070,174,366
62229544662,2071,204,377
62229553601,2072,219,391
62229562758,2073,166,361
62229571486,2074,191,399
62229580339,2075,227,391
62229589631,2076,169,356
62229598368,2077,182,373
62229607172,2078,220,384
62229616455,2079,177,378
62229625585,2080,180,369
62229634615,2081,213,392
62229643821,2082,234,387
62229652847,2083,169,366
62229661636,2084,210,383
62229670626,2085,222,390
62229679764,2086,171,371
62229688515,2087,206,380
62229697439,2088,220,389
62229706460,2089,166,359
62229715245,2090,193,380
62229724076,2091,224,383
62229733175,2092,163,357
62229741934,2093,186,375
62229750698,2094,220,385
62229759893,2095,180,356
62229768718,2096,179,370
62229777517,2097,220,386
62229786586,2098,204,383
62229795458,2099,174,362
62229804319,2100,212,379
62229813281,2101,227,388
62229822256,2102,169,363
62229831013,2103,204,383
62229839959,2104,233,392
62229848990,2105,162,361
62229857739,2106,197,381
62229866655,2107,233,390
62229875746,2108,163,377
62229884512,2109,189,376
62229893324,2110,223,392
62229902650,2111,160,345
62229911359,2112,174,370
62229920175,2113,222,385
62229929266,2114,196,377
62229938169,2115,176,372
62229946930,2116,212,381
62229955860,2117,229,386
62229964866,2118,174,359
62229973586,2119,209,385
62229982674,2120,228,394
62229991766,2121,168,382
62230000776,2122,212,387
62230009930,2123,236,393
62230019063,2124,164,356
62230027816,2125,184,409
62230036697,2126,225,392
62230045937,2127,166,355
62230054695,2128,180,369
62230063558,2129,222,396
62230072778,2130,201,380
62230081656,2131,175,364
62230090547,2132,213,389
62230099785,2133,216,428
62230109542,2134,169,366
62230118893,2135,207,391
62230128445,2136,221,402
62230137886,2137,168,365
62230147020,2138,199,381
62230156278,2139,226,391
62230165982,2140,166,362
62230174960,2141,187,380
62230184168,2142,235,410
62230193992,2143,165,358
62230202772,2144,181,376
62230211719,2145,224,393
62230220841,2146,191,377
62230229658,2147,177,368
62230238381,2148,210,390
62230247382,2149,203,379
62230256416,2150,171,364
62230265227,2151,205,387
62230274120,2152,220,388
62230283142,2153,167,358
62230291894,2154,202,381
62230300823,2155,224,389
62230309937,2156,166,357
62230318741,2157,187,376
62230327595,2158,223,397
62230336855,2159,162,352
62230345640,2160,181,375
62230354488,2161,219,392
62230363639,2162,187,394
62230372545,2163,189,373
62230381538,2164,222,385
62230390769,2165,208,390
62230399773,2166,171,390
62230408573,2167,206,382
62230417590,2168,226,390
62230426618,2169,168,363
62230435619,2170,201,393
62230444557,2171,223,389
62230453693,2172,163,355
62230462599,2173,193,379
62230471551,2174,226,410
62230480726,2175,167,351
62230489429,2176,179,376
62230498452,2177,251,405
62230507717,2178,183,399
62230516615,2179,175,367
62230525629,2180,214,390
62230534655,2181,203,381
62230543666,2182,174,374
62230552473,2183,206,383
62230561502,2184,230,387
62230570619,2185,166,365
62230579378,2186,202,381
62230588322,2187,222,393
62230597386,2188,164,354
62230606179,2189,192,382
62230615168,2190,223,395
62230624336,2191,164,353
62230633283,2192,203,384
62230642470,2193,223,391
62230651833,2194,199,381
62230660732,2195,177,371
62230669523,2196,215,385
62230678577,2197,205,384
62230687472,2198,171,375
62230696292,2199,208,381
62230705411,2200,227,388
62230714398,2201,170,360
62230723196,2202,202,383
62230732165,2203,221,387
62230741270,2204,168,354
62230750002,2205,192,380
62230758952,2206,225,389
62230768130,2207,166,360
62230776944,2208,185,376
62230785753,2209,220,395
62230795014,2210,163,359
62230803778,2211,178,372
62230812659,2212,215,376
62230821771,2213,204,382
62230830916,2214,175,372
62230840159,2215,216,393
62230849434,2216,231,389
62230858681,2217,172,365
62230867584,2218,200,403
62230876623,2219,225,393
62230885719,2220,164,360
62230894518,2221,196,377
62230903420,2222,231,393
62230912544,2223,164,354
62230921329,2224,181,373
62230930131,2225,225,392
62230939364,2226,159,346
62230948111,2227,174,366
62230956915,2228,220,388
62230966050,2229,199,382
62230974960,2230,175,372
62230983893,2231,228,388
62230992932,2232,225,389
62231002224,2233,181,366
62231011055,2234,204,379
62231020057,2235,226,390
62231029078,2236,167,360
62231037906,2237,193,376
62231046823,2238,229,391
62231055960,2239,172,354
62231064722,2240,187,374
62231073547,2241,226,391
62231082713,2242,170,355
62231091558,2243,178,399
62231100604,2244,230,407
62231113859,2245,394,553
62231124531,2246,196,387
62231133645,2247,210,387
62231142718,2248,217,390
62231151981,2249,195,361
62231160953,2250,207,388
62231170113,2251,218,392
62231179379,2252,165,364
62231188202,2253,199,384
62231197173,2254,227,394
62231206375,2255,168,357
62231215166,2256,189,375
62231224088,2257,223,386
62231233351,2258,163,353
62231242169,2259,180,376
62231251093,2260,219,388
62231260332,2261,190,380
62231269239,2262,180,368
62231278158,2263,212,385
62231287283,2264,208,381
62231296290,2265,170,360
62231305181,2266,201,388
62231314248,2267,222,386
62231323359,2268,166,364
62231332178,2269,200,385
62231341216,2270,225,389
62231350373,2271,164,358
62231359297,2272,191,377
62231368257,2273,227,388
62231377522,2274,168,355
62231386326,2275,181,381
62231395225,2276,220,387
62231404488,2277,186,379
62231413391,2278,182,362
62231422251,2279,213,383
62231431461,2280,207,410
62231440520,2281,174,369
62231449357,2282,205,385
62231458622,2283,241,395
62231467745,2284,169,368
62231476579,2285,202,377
timestamp_us,collection,mark_time_us,sweep_time_us
1538961662397576,0,94,103
1538961662411264,1,93,109
1538961662422489,2,90,88
1538961662433628,3,79,88
1538961662444686,4,80,92
1538961662455574,5,77,82
1538961662466528,6,77,87
1538961662477441,7,79,90
1538961662488410,8,71,78
1538961662499317,9,78,86
1538961662517125,10,87,97
1538961662528118,11,79,92
1538961662539018,12,78,86
1538961662550097,13,78,89
1538961662561126,14,82,93
1538961662572087,15,79,84
1538961662583095,16,77,90
1538961662594112,17,81,91
1538961662605221,18,79,82
1538961662616259,19,79,89
1538961662627323,20,79,91
1538961662638355,21,77,102
1538961662649276,22,75,84
1538961662660274,23,76,87
1538961662671303,24,81,92
1538961662682364,25,79,97
1538961662693503,26,77,89
1538961662705048,27,91,103
1538961662716727,28,82,87
1538961662728194,29,80,91
1538961662739484,30,80,92
1538961662750681,31,78,94
1538961662761654,32,77,86
1538961662772679,33,78,87
1538961662783683,34,81,91
1538961662794671,35,78,84
1538961662805802,36,76,87
1538961662816944,37,80,89
1538961662828011,38,76,83
1538961662839043,39,78,87
1538961662850128,40,77,89
1538961662861169,41,77,90
1538961662872063,42,76,86
1538961662883064,43,78,88
1538961662894064,44,81,90
1538961662905206,45,87,95
1538961662916231,46,76,87
1538961662927308,47,92,101
1538961662938739,48,80,87
1538961662950159,49,79,90
1538961662961619,50,84,95
1538961662972986,51,78,94
1538961662984132,52,77,86
1538961662995268,53,77,89
1538961663006529,54,82,95
1538961663017563,55,78,85
1538961663028878,56,246,235
1538961663040994,57,93,97
1538961663052222,58,77,81
1538961663063283,59,77,87
1538961663074377,60,79,101
1538961663085533,61,81,96
1538961663096580,62,77,86
1538961663107666,63,80,91
1538961663118716,64,80,91
1538961663129681,65,79,84
1538961663140764,66,75,89
1538961663151823,67,81,91
1538961663162882,68,76,84
1538961663173859,69,78,89
1538961663184990,70,82,91
1538961663196106,71,77,93
1538961663207117,72,76,85
1538961663218195,73,80,90
1538961663229308,74,81,91
1538961663240306,75,77,84
1538961663251327,76,76,88
1538961663262360,77,79,103
1538961663273437,78,76,81
1538961663284451,79,77,88
1538961663295510,80,79,92
1538961663306590,81,79,94
1538961663317567,82,76,85
1538961663328559,83,77,89
1538961663339629,84,81,92
1538961663350586,85,79,85
1538961663361610,86,77,88
1538961663372679,87,79,90
1538961663383956,88,79,83
1538961663395071,89,78,90
1538961663406202,90,78,92
1538961663417325,91,76,92
1538961663428292,92,76,86
1538961663439373,93,77,89
1538961663450436,94,93,94
1538961663461432,95,77,84
1538961663472599,96,75,88
1538961663483776,97,79,89
1538961663494967,98,78,85
1538961663506155,99,79,90
1538961663517399,100,78,90
1538961663528607,101,77,91
1538961663539702,102,76,85
1538961663550866,103,77,87
1538961663562061,104,80,93
1538961663573163,105,77,86
1538961663584405,106,75,88
1538961663595592,107,81,90
1538961663606812,108,77,83
1538961663617981,109,77,87
1538961663629233,110,79,90
1538961663640439,111,77,92
1538961663651588,112,75,84
1538961663662742,113,79,87
1538961663673929,114,81,92
1538961663685105,115,77,85
1538961663696386,116,75,89
1538961663708376,117,84,96
1538961663720100,118,80,84
1538961663731573,119,78,86
1538961663742951,120,80,92
1538961663754248,121,78,92
1538961663765404,122,77,86
1538961663776560,123,77,89
1538961663787711,124,80,93
1538961663798789,125,77,84
1538961663809941,126,76,89
1538961663821173,127,80,91
1538961663832371,128,77,82
1538961663843537,129,78,88
1538961663854765,130,80,90
1538961663865930,131,78,92
1538961663877020,132,77,84
1538961663888202,133,77,89
1538961663899534,134,87,99
1538961663910602,135,78,84
1538961663921663,136,76,88
1538961663932767,137,81,89
1538961663943876,138,77,81
1538961663954970,139,77,90
1538961663966067,140,81,92
1538961663977251,141,78,93
1538961663988332,142,77,87
1538961663999500,143,76,89
1538961664011039,144,90,102
1538961664022258,145,76,87
1538961664034351,146,104,132
1538961664045828,147,83,94
1538961664057092,148,79,84
1538961664068239,149,78,89
1538961664079425,150,80,90
1538961664090541,151,77,91
1538961664101521,152,76,86
1538961664112548,153,76,88
1538961664123599,154,82,91
1538961664134618,155,78,86
1538961664145655,156,76,89
1538961664156711,157,80,90
1538961664167822,158,75,82
1538961664178862,159,78,88
1538961664190015,160,80,92
1538961664201144,161,78,92
1538961664212248,162,77,88
1538961664223389,163,79,87
1538961664234526,164,81,94
1538961664245557,165,78,88
1538961664256653,166,77,88
1538961664267720,167,81,90
1538961664278785,168,77,82
1538961664289783,169,77,89
1538961664300917,170,79,92
1538961664312080,171,76,91
1538961664323018,172,78,85
1538961664334063,173,77,87
1538961664345147,174,81,90
1538961664356211,175,77,85
1538961664367332,176,77,87
1538961664378392,177,80,102
1538961664389490,178,77,81
1538961664400534,179,78,89
1538961664411675,180,78,93
1538961664422801,181,76,94
1538961664433826,182,76,84
1538961664444912,183,76,89
1538961664456032,184,83,92
1538961664467073,185,78,86
1538961664478162,186,74,89
1538961664489201,187,80,89
1538961664500325,188,76,83
1538961664511398,189,79,88
1538961664522479,190,90,93
1538961664533592,191,76,92
1538961664544642,192,77,86
1538961664555776,193,76,90
1538961664566877,194,80,91
1538961664577891,195,79,85
1538961664588985,196,76,90
1538961664600094,197,81,88
1538961664611212,198,77,83
1538961664622215,199,77,88
1538961664633384,200,80,92
1538961664644535,201,78,92
1538961664655585,202,76,85
1538961664666709,203,76,90
1538961664677835,204,82,93
1538961664688958,205,78,84
1538961664700164,206,84,101
1538961664712152,207,88,96
1538961664723706,208,78,85
1538961664734897,209,78,90
1538961664746114,210,81,92
1538961664757266,211,78,92
1538961664768253,212,77,85
1538961664779277,213,77,88
1538961664790330,214,80,103
1538961664801308,215,76,84
1538961664812390,216,76,87
1538961664823473,217,80,90
1538961664834549,218,77,83
1538961664845564,219,77,88
1538961664856679,220,79,91
1538961664867735,221,77,93
1538961664878719,222,76,87
1538961664889746,223,77,86
1538961664900957,224,86,99
1538961664912002,225,78,85
1538961664923084,226,77,88
1538961664934185,227,80,89
1538961664945269,228,78,83
1538961664956309,229,79,89
1538961664967459,230,80,93
1538961664978544,231,78,92
1538961664989509,232,77,84
1538961665000567,233,75,87
1538961665012164,234,82,92
1538961665023277,235,79,88
1538961665034902,236,90,103
1538961665046328,237,82,114
1538961665057718,238,79,83
1538961665068970,239,79,89
1538961665080221,240,79,92
1538961665091378,241,76,94
1538961665102312,242,78,84
1538961665113317,243,80,86
1538961665124386,244,82,91
1538961665135460,245,77,86
1538961665146514,246,76,90
1538961665157594,247,81,89
1538961665168681,248,77,83
1538961665179770,249,76,88
1538961665190942,250,78,93
1538961665202095,251,77,91
1538961665213124,252,77,86
1538961665224214,253,78,89
1538961665235416,254,84,95
1538961665246517,255,79,86
1538961665257629,256,75,89
1538961665268730,257,79,90
1538961665279782,258,78,85
1538961665290823,259,77,88
1538961665301950,260,79,89
1538961665313109,261,77,91
1538961665324086,262,77,86
1538961665335206,263,77,89
1538961665346304,264,82,92
1538961665357375,265,77,85
1538961665368495,266,75,89
1538961665379518,267,80,90
1538961665390615,268,76,83
1538961665401821,269,78,90
1538961665412974,270,79,91
1538961665424087,271,75,90
1538961665435026,272,75,84
1538961665446088,273,78,87
1538961665457176,274,81,92
1538961665468191,275,76,84
1538961665479273,276,75,87
1538961665490375,277,80,100
1538961665501458,278,77,81
1538961665512536,279,76,89
1538961665523689,280,79,91
1538961665534851,281,77,92
1538961665545853,282,77,85
1538961665556910,283,76,90
1538961665568015,284,81,91
1538961665579062,285,76,85
1538961665590143,286,77,89
1538961665601240,287,78,89
1538961665612324,288,76,83
1538961665623376,289,78,90
1538961665634540,290,80,92
1538961665645687,291,77,92
1538961665656663,292,76,85
1538961665667741,293,77,87
1538961665678840,294,80,92
1538961665689883,295,77,85
1538961665701145,296,85,101
1538961665712983,297,82,95
1538961665724531,298,80,83
1538961665735808,299,78,89
1538961665747103,300,80,93
1538961665758275,301,77,91
1538961665769273,302,77,84
1538961665780379,303,77,87
1538961665791469,304,82,92
1538961665802457,305,89,83
1538961665813544,306,76,89
1538961665824680,307,81,90
1538961665835769,308,76,83
1538961665846753,309,77,88
1538961665857888,310,80,92
1538961665868996,311,77,91
1538961665879984,312,77,85
1538961665891048,313,76,89
1538961665902284,314,85,99
1538961665913272,315,77,86
1538961665924343,316,77,88
1538961665935441,317,81,90
1538961665946468,318,89,82
1538961665957533,319,76,89
1538961665968643,320,80,91
1538961665979795,321,78,94
1538961665990805,322,75,85
1538961666001994,323,85,90
1538961666013462,324,81,92
1538961666024585,325,78,87
1538961666036260,326,81,98
1538961666047541,327,81,92
1538961666058731,328,78,83
1538961666069815,329,77,89
1538961666080941,330,80,92
1538961666092066,331,76,92
1538961666103038,332,77,85
1538961666114177,333,76,87
1538961666125240,334,81,89
1538961666136235,335,77,84
1538961666147314,336,74,87
1538961666158370,337,80,113
1538961666169522,338,79,83
1538961666180589,339,77,88
1538961666191721,340,80,93
1538961666202882,341,77,92
1538961666213890,342,77,84
1538961666225069,343,76,90
1538961666236224,344,81,93
1538961666247257,345,77,85
1538961666258319,346,77,88
1538961666269452,347,79,89
1538961666280491,348,77,82
1538961666291521,349,78,90
1538961666302637,350,78,90
1538961666313779,351,76,91
1538961666324813,352,75,86
1538961666335875,353,76,88
1538961666347048,354,82,92
1538961666358119,355,77,84
1538961666369216,356,75,88
1538961666380308,357,79,90
1538961666391412,358,78,83
1538961666402426,359,89,90
1538961666413581,360,80,90
1538961666424743,361,77,92
1538961666435755,362,77,85
1538961666446841,363,76,88
1538961666457940,364,82,90
1538961666468988,365,77,84
1538961666480058,366,76,87
1538961666491180,367,80,90
1538961666502196,368,75,84
1538961666513278,369,77,88
1538961666524360,370,79,92
1538961666535475,371,78,92
1538961666546489,372,89,85
1538961666557570,373,77,89
1538961666568617,374,82,92
1538961666579628,375,78,84
1538961666590671,376,77,88
1538961666601773,377,81,91
1538961666612883,378,78,83
1538961666623947,379,77,89
1538961666635054,380,78,93
1538961666646127,381,78,92
1538961666657137,382,78,87
1538961666668169,383,76,87
1538961666679252,384,84,92
1538961666690316,385,78,85
1538961666701692,386,85,101
1538961666713440,387,82,93
1538961666725052,388,80,86
1538961666736189,389,78,89
1538961666747553,390,79,92
1538961666758727,391,77,93
1538961666769713,392,76,86
1538961666780747,393,77,89
1538961666791853,394,80,93
1538961666802900,395,77,84
1538961666813968,396,77,87
1538961666824984,397,80,89
1538961666836053,398,77,82
1538961666847077,399,77,87
1538961666858162,400,79,93
1538961666869353,401,77,94
1538961666880394,402,77,85
1538961666891484,403,76,87
1538961666902774,404,83,101
1538961666913801,405,75,84
1538961666924891,406,76,89
1538961666936004,407,80,90
1538961666947083,408,77,84
1538961666958138,409,79,87
1538961666969257,410,79,91
1538961666980334,411,76,92
1538961666991402,412,75,86
1538961667002685,413,86,97
1538961667014167,414,81,92
1538961667025384,415,79,87
1538961667037028,416,83,98
1538961667048388,417,81,92
1538961667059641,418,77,84
1538961667070772,419,78,88
1538961667081930,420,79,92
1538961667093291,421,79,94
1538961667104363,422,78,88
1538961667115473,423,78,89
1538961667126583,424,82,94
1538961667137581,425,77,84
1538961667148676,426,76,91
1538961667159732,427,81,92
1538961667170808,428,77,83
1538961667181844,429,76,88
1538961667193015,430,81,91
1538961667204129,431,78,93
1538961667215328,432,88,97
1538961667226611,433,78,87
1538961667237779,434,80,90
1538961667248896,435,78,86
1538961667260069,436,76,89
1538961667271223,437,80,88
1538961667282393,438,76,103
1538961667293463,439,77,89
1538961667304546,440,80,91
1538961667315717,441,77,93
1538961667326711,442,79,84
1538961667337786,443,78,88
1538961667348925,444,81,94
1538961667360024,445,78,85
1538961667371133,446,75,89
1538961667382544,447,85,96
1538961667394177,448,79,85
1538961667405721,449,80,91
1538961667417284,450,81,94
1538961667428731,451,78,95
1538961667439956,452,79,88
1538961667451147,453,78,88
1538961667462271,454,81,91
1538961667473305,455,77,86
1538961667484426,456,76,87
1538961667495482,457,80,91
1538961667506565,458,77,81
1538961667517633,459,77,88
1538961667528742,460,80,93
1538961667539844,461,77,90
1538961667550842,462,76,86
1538961667561911,463,78,89
1538961667573035,464,81,91
1538961667584101,465,77,83
1538961667595290,466,75,86
1538961667606446,467,101,91
1538961667617607,468,78,84
1538961667628720,469,78,89
1538961667639883,470,81,93
1538961667651022,471,76,91
1538961667662027,472,76,86
1538961667673094,473,78,87
1538961667684271,474,81,91
1538961667695291,475,77,85
1538961667706911,476,86,103
1538961667718570,477,83,92
1538961667729832,478,79,82
1538961667740984,479,77,91
1538961667752258,480,81,91
1538961667763387,481,77,91
1538961667774335,482,78,106
1538961667785446,483,78,90
1538961667796555,484,81,91
1538961667807582,485,77,84
1538961667818684,486,76,89
1538961667829744,487,79,92
1538961667840848,488,76,81
1538961667851905,489,78,88
1538961667863029,490,80,93
1538961667874152,491,77,92
1538961667885117,492,76,85
1538961667896223,493,77,88
1538961667907511,494,88,102
1538961667918594,495,80,86
1538961667929683,496,78,88
1538961667940772,497,80,89
1538961667951862,498,78,81
1538961667962883,499,77,89
1538961667974030,500,80,91
1538961667985135,501,78,94
1538961667996175,502,76,86
1538961668007517,503,77,91
1538961668018905,504,82,93
1538961668030237,505,81,92
1538961668041830,506,81,92
1538961668053251,507,81,92
1538961668064545,508,76,84
1538961668075670,509,77,87
1538961668086854,510,79,92
1538961668097926,511,76,91
1538961668108896,512,74,83
1538961668119999,513,76,87
1538961668131044,514,79,93
1538961668142065,515,78,85
1538961668153132,516,76,88
1538961668164276,517,77,90
1538961668175368,518,78,82
1538961668186442,519,90,88
1538961668197596,520,80,92
1538961668208918,521,78,92
1538961668219921,522,76,83
1538961668231009,523,77,88
1538961668242092,524,80,93
1538961668253128,525,76,86
1538961668264250,526,78,90
1538961668275364,527,80,89
1538961668286449,528,90,83
1538961668297513,529,77,87
1538961668308654,530,79,93
1538961668319804,531,77,92
1538961668330840,532,77,85
1538961668341908,533,78,88
1538961668352998,534,81,91
1538961668364019,535,77,86
1538961668375105,536,76,88
1538961668386224,537,79,91
1538961668397292,538,76,81
1538961668408312,539,76,87
1538961668419448,540,79,92
1538961668430609,541,78,92
1538961668441590,542,76,85
1538961668452705,543,77,89
1538961668463826,544,81,92
1538961668474827,545,77,84
1538961668485924,546,76,89
1538961668497042,547,81,91
1538961668508185,548,76,83
1538961668519225,549,77,89
1538961668530381,550,79,113
1538961668541555,551,78,91
1538961668552611,552,77,87
1538961668563732,553,78,89
1538961668574837,554,80,90
1538961668585882,555,78,84
1538961668597039,556,76,87
1538961668608156,557,81,89
1538961668619258,558,78,83
1538961668630318,559,77,87
1538961668641451,560,79,90
1538961668652616,561,77,93
1538961668663646,562,76,87
1538961668674746,563,78,89
1538961668685896,564,81,90
1538961668696988,565,77,85
1538961668708919,566,81,96
1538961668720628,567,81,89
1538961668732152,568,85,88
1538961668743298,569,78,88
1538961668754469,570,91,94
1538961668765612,571,77,92
1538961668776589,572,76,86
1538961668787746,573,77,89
1538961668798917,574,82,92
1538961668810026,575,79,86
1538961668821161,576,76,87
1538961668832318,577,80,89
1538961668843410,578,78,83
1538961668854453,579,91,90
1538961668865607,580,80,92
1538961668876787,581,75,92
1538961668887930,582,75,86
1538961668899130,583,77,88
1538961668910519,584,89,101
1538961668921720,585,77,84
1538961668932954,586,77,89
1538961668944239,587,80,89
1538961668955432,588,77,82
1538961668966565,589,77,88
1538961668977796,590,80,92
1538961668989065,591,75,90
1538961669000155,592,77,85
1538961669011685,593,86,98
1538961669022983,594,82,93
1538961669035482,595,94,111
1538961669046937,596,78,88
1538961669058245,597,81,91
1538961669069498,598,78,83
1538961669080668,599,77,88
1538961669091872,600,81,94
1538961669103063,601,77,93
1538961669114126,602,77,85
1538961669125259,603,78,88
1538961669136500,604,82,94
1538961669147637,605,76,86
1538961669158836,606,75,88
1538961669170068,607,81,90
1538961669181315,608,76,83
1538961669192542,609,76,90
1538961669203851,610,79,91
1538961669215169,611,75,93
1538961669226290,612,77,86
1538961669237752,613,80,90
1538961669249005,614,81,92
1538961669260145,615,77,86
1538961669271358,616,75,87
1538961669282570,617,80,90
1538961669293772,618,77,83
1538961669304923,619,76,89
1538961669316169,620,80,91
1538961669327447,621,75,91
1538961669338568,622,76,85
1538961669349743,623,76,88
1538961669360979,624,80,91
1538961669372105,625,78,85
1538961669383372,626,75,89
1538961669394747,627,79,92
1538961669406031,628,77,82
1538961669417266,629,77,89
1538961669428529,630,79,92
1538961669439728,631,77,91
1538961669450862,632,75,87
1538961669462036,633,78,88
1538961669473271,634,81,93
1538961669484423,635,77,85
1538961669495689,636,79,88
1538961669506903,637,79,90
1538961669518067,638,77,81
1538961669529235,639,78,90
1538961669540511,640,79,93
1538961669551775,641,79,92
1538961669562885,642,76,84
1538961669574009,643,74,90
1538961669585270,644,81,92
1538961669596436,645,77,85
1538961669607675,646,75,88
1538961669618907,647,80,88
1538961669630084,648,77,82
1538961669641242,649,79,87
1538961669652478,650,79,92
1538961669663656,651,78,91
1538961669674741,652,77,86
1538961669685892,653,77,87
1538961669697148,654,82,92
1538961669708937,655,82,93
1538961669720667,656,79,92
1538961669732035,657,82,90
1538961669743312,658,77,81
1538961669754494,659,88,89
1538961669765774,660,80,91
1538961669776967,661,77,92
1538961669788027,662,76,85
1538961669799235,663,76,88
1538961669810449,664,93,91
1538961669821630,665,76,84
1538961669832857,666,77,90
1538961669844024,667,79,89
1538961669855238,668,77,83
1538961669866440,669,88,91
1538961669877669,670,79,90
1538961669888858,671,76,91
1538961669899949,672,76,86
1538961669911146,673,83,99
1538961669922256,674,80,92
1538961669933299,675,78,83
1538961669944390,676,77,90
1538961669955485,677,79,91
1538961669966613,678,78,83
1538961669977629,679,78,90
1538961669988753,680,79,94
1538961669999990,681,77,92
1538961670011412,682,85,95
1538961670022650,683,78,90
1538961670034150,684,88,99
1538961670045375,685,80,86
1538961670056573,686,76,89
1538961670067718,687,81,92
1538961670078829,688,78,84
1538961670089841,689,77,89
1538961670100980,690,78,92
1538961670112119,691,76,90
1538961670123114,692,78,87
1538961670134216,693,77,90
1538961670145315,694,80,91
1538961670156330,695,78,84
1538961670167429,696,77,87
1538961670178484,697,91,89
