mark_time_ns,sweep_time_ns
15883,17907
