mark_time_ns,sweep_time_ns
17180,16446
