mark_time_ns,sweep_time_ns
37742,33415
30978,29488
31752,29375
32865,29407
34163,32648
34592,31998
34225,29885
33797,29559
22972,19189
30905,28294
30797,28513
31607,29382
32542,29190
33304,29525
33534,28906
33645,29421
33377,29609
26418,22974
30297,29102
31532,29353
32365,28970
32244,29449
33765,29948
34166,29657
33552,29238
33766,29478
25779,22904
30621,28839
30773,28852
31773,29304
32272,29108
32893,29376
33872,29169
34022,32065
34043,29319
24048,20657
30496,29082
30545,28847
31651,29137
32683,29725
33169,29435
33970,28981
33430,29062
34143,29263
24545,20863
30546,28472
30614,28937
31893,29445
33040,29517
33877,29245
33718,29324
34423,29457
7542,7043
30436,29112
30934,29358
31449,29210
32184,29216
33695,29584
34305,29544
33794,29651
33515,29376
22655,19519
30511,28463
31030,28729
32240,29337
32726,29118
33182,29256
33745,29358
33548,29126
33816,29472
24120,21389
30952,28638
30371,28679
31882,29133
33001,29736
33712,29180
34105,29735
33687,29212
7497,6993
30523,29049
30572,29444
31539,28864
32297,29364
33525,29188
33481,29580
34007,29671
33393,29549
22717,19855
30541,29227
30746,28896
31911,29189
32642,29262
33223,29360
33524,29530
33491,29510
33927,29757
24172,21321
30672,28679
30612,28798
31990,29568
32854,29163
33662,29372
33754,29572
33861,29676
7802,7097
30711,29083
30915,29687
31508,29459
32551,29246
33557,29060
33749,29479
34022,29673
33941,29326
22593,19845
30684,28851
30890,28904
32272,29137
32523,28997
33431,29717
33555,29207
33683,29255
34445,29380
24075,21391
30719,28767
30293,28732
31810,29416
32777,29557
33524,29345
33698,29249
33587,29329
7626,7080
30428,28913
30868,29384
31500,29069
32012,29328
33289,29354
33878,29522
33973,29628
33761,29572
22703,19477
30897,29080
31080,28833
32116,29077
32649,29159
33144,29652
33959,29398
33706,29158
33950,29563
24290,21170
30476,28965
30325,28812
31883,29157
32711,29248
33805,28971
33991,29361
33718,29200
7797,6976
30499,29010
30830,29338
31694,29267
32087,29264
33566,29327
33837,29316
34067,29649
33929,29357
22217,19329
30592,28841
30738,28532
32070,29048
32376,29237
33437,28994
33625,29197
33523,29186
34156,29559
24159,21294
30691,28706
30405,28723
31871,29227
32929,29531
33259,29211
33283,29753
33773,29470
7573,6995
30585,28820
30608,29500
31635,28955
32298,29178
33407,29452
33974,29550
34155,32380
33702,29639
22577,19793
30534,28926
30879,28716
31753,28899
32811,29410
33331,29423
33628,29312
33861,29439
33984,29644
24537,20998
30671,28866
30589,28979
31844,29173
32903,29314
33753,28971
33406,29154
33745,29697
7671,7075
30847,28782
30951,29363
31090,28975
32372,29296
33159,29484
33548,29329
34275,29609
33636,29500
22778,19680
30328,29017
30775,28890
32030,29293
32493,29074
33211,29848
33528,29491
33704,29410
33929,29481
24247,21016
30648,28595
30435,28698
32090,29541
32892,29300
33423,28896
33605,29726
33515,29861
7655,6985
30739,28910
30716,29679
31227,29172
32079,29359
33335,29295
34082,29443
34109,29499
33541,29288
22680,19590
30621,28898
30500,29026
31619,29271
32440,29110
33354,29908
33557,29420
33568,29233
34027,29617
24388,21342
30375,28757
30571,28558
31990,29415
32633,29905
34236,29425
33445,29653
34395,29497
7769,7233
30548,28800
31219,29115
31927,29071
32162,29056
33523,29463
33693,29632
33753,29728
33809,29266
22637,19706
30802,28909
31034,28999
32025,29180
32434,29130
33255,29543
33930,29263
33724,29270
33844,29565
24382,21119
30509,31575
30277,28838
32104,29621
32929,29340
33849,29288
33820,29433
33796,29182
7620,7068
30248,28538
30718,29622
31973,28964
31900,28941
33251,28967
33631,29735
33829,30032
33801,29363
22672,19652
30721,28767
30898,28969
32050,29260
32454,28962
33289,29803
33590,29333
33524,29346
33752,29304
24203,21515
30802,28895
29993,28526
31586,29519
32829,29507
33744,28930
33715,29323
33638,29542
7541,6981
30782,28930
30795,29553
31862,29209
32288,29068
33242,29349
33935,29418
33891,29870
33560,29431
22516,19562
30450,28883
30785,28782
31994,29016
32439,28963
33300,29576
34203,28946
33755,29391
34537,29555
24318,21198
31043,28281
30309,31740
31929,29610
33064,29360
33777,28962
33502,29320
33827,29466
7574,6865
30536,28701
30706,29026
31788,29231
32262,29241
33326,29427
34284,29368
33933,29525
33389,29238
23182,19560
30774,28621
30755,28620
31823,29381
32841,29349
33581,29653
34252,29430
33864,29443
34037,29611
23999,21188
30825,28362
30315,28542
31607,29137
32661,29403
33172,29277
33422,29356
33803,29471
7794,6801
30636,29055
30600,29375
31678,29169
32530,29213
33485,29376
34254,29276
34239,29844
33565,29611
22745,19731
30674,28839
30881,28885
31841,29203
32949,29097
33128,29281
33611,29174
33836,29177
33784,29573
24355,21340
30854,28832
30467,28593
35352,29304
33269,29525
33774,28883
33604,29379
34148,29412
7746,6944
30402,28913
30939,29111
31509,28935
31982,28950
33324,29601
33985,29069
34013,29468
33834,29120
22723,19755
30822,28964
30784,28818
31751,29140
33007,28910
32978,29181
33844,29359
33575,29504
34327,29512
24479,21311
30812,29149
30464,28843
31942,29334
32537,29582
33872,28685
34089,29256
33773,29324
7507,7030
30192,29008
31008,29271
31847,29185
31989,29099
33112,29385
34455,29256
34182,29700
33761,29397
22393,19650
30543,29085
30458,28925
31738,29362
32406,29159
33766,29204
33951,29506
33918,29354
34553,29517
24405,21150
30765,28375
30461,28466
31760,29129
33205,32454
33526,28907
34114,29443
33925,29471
7830,7111
30578,28748
30607,29398
31688,28978
32632,29161
33418,29395
34026,29533
34027,29736
33796,29366
22756,19600
30682,28627
30497,29040
31911,29221
32950,29281
33511,29593
33809,29284
33731,29438
34309,29319
24277,21051
30489,28928
30287,28694
32114,29281
32661,29280
34140,28902
33497,29340
33650,29540
7721,6901
30638,28929
31096,29174
31890,28978
31968,29112
33503,29238
34012,29470
34118,29566
33797,29104
22969,19759
30559,28565
30880,29014
31916,29179
32418,29083
33230,29515
33709,29173
33755,29490
34174,29546
24548,21055
30577,28676
30552,28629
31791,29373
32889,29336
33636,29154
33526,29476
33522,29501
7760,7230
30840,28862
30678,29366
31667,28803
32232,29180
33493,29606
34200,29547
34358,29615
33988,29614
22497,19618
30421,28748
30585,28384
32303,29178
32555,29547
32771,29269
33781,29445
33527,29492
34196,29469
24352,21511
30401,28744
30403,28787
31702,29573
32967,29417
33768,29303
33370,29667
33775,29743
7781,6975
30366,29001
30613,29440
32014,28963
32072,29170
33426,29667
33710,29564
34240,29559
33714,29151
22526,19650
30547,29006
30624,28912
31974,29231
32672,29422
33323,29301
33936,29410
33619,29367
34023,29434
24709,21432
30617,28899
30219,28804
32121,29448
32644,29618
33655,29163
33243,32899
33582,29539
7533,6906
30405,28834
30934,29368
31418,28941
32148,29544
33384,29541
33951,29427
34036,29626
33676,29436
22658,19726
30864,28706
30761,28980
31836,29425
32444,29088
33118,29604
33732,29657
33699,29692
33862,29621
24225,21431
30533,28854
30394,28820
32071,29294
32944,29658
33745,28926
33945,29448
34025,29510
7606,7236
30461,28938
30886,29297
31490,29033
32255,29135
33175,29553
33822,29562
34048,29912
33608,29332
22877,19682
30598,28857
30811,28584
31527,29152
32679,29002
33359,29459
33706,29229
33502,29543
34096,29633
24437,21070
30734,28465
30437,28822
31721,29524
32962,29580
33774,29085
33634,29596
33771,32177
7599,7204
30519,28921
30837,29489
31778,29278
32301,29279
33283,29364
34202,29517
34137,29846
33698,29582
22729,19913
30710,28822
30714,29181
31888,29012
32683,29041
33159,29418
33859,29296
33583,29514
34022,29494
24400,21187
30739,28543
30494,28588
31612,29233
32784,29418
33539,28772
33596,29620
34275,29421
7685,6985
30610,29110
30705,29633
31630,29083
31809,29676
33719,29634
34032,29374
34178,29641
33540,29276
23125,19765
30795,28948
30748,29066
31868,29379
32292,29422
33238,29666
33680,29404
33471,29440
33698,29653
24349,21284
30685,29028
30446,28823
31881,29086
32918,29651
33813,28739
33722,29240
33872,29364
7802,9893
30545,29163
31055,29303
31625,29091
32296,29057
33353,29310
33808,29244
34190,29891
33547,29179
22521,19640
30478,28658
30711,29155
31724,29141
32428,29073
32976,29477
33768,29231
33806,29229
34107,29605
24407,21225
30771,28606
30390,28463
32393,29424
33065,29625
33846,29099
33906,29543
33584,29446
7845,7122
30823,28981
31019,29297
31517,29340
32216,29410
33577,29508
34246,29322
34251,29500
33463,29107
22853,19708
30690,28905
30848,29070
31760,29438
32924,29398
33322,29329
33712,29413
33666,29475
33873,29715
24464,21156
30702,28748
30449,28873
31763,29160
33009,29258
33539,28921
33882,29449
33636,29476
7656,7104
30686,28843
30727,29601
31423,29266
32447,29056
33270,29592
34498,29793
33920,30004
33620,29499
23178,19712
30634,28661
30715,28960
32043,29132
32661,28965
33530,29768
34172,29200
33846,29218
34400,29656
24309,21262
30703,28564
30473,28878
32148,28960
33299,29778
34041,29107
33532,29334
33895,29294
7704,7047
30643,29229
30792,29659
31695,29094
32066,29184
33398,29535
33945,29474
34192,29444
33413,29703
22656,19609
30790,28999
30852,28718
31996,29099
32603,29018
33327,29623
33796,29246
33481,29499
33768,29609
24564,21078
30832,28800
30717,28809
32289,29467
32997,29471
34110,29296
33426,29463
33969,29365
7638,6799
30630,29296
30705,29122
31379,28935
32530,28844
33537,29314
34274,29505
34535,29590
33902,29443
22933,19581
33923,28882
31013,28779
32196,29421
32596,29331
33236,29516
34300,29328
33880,29371
34324,29647
24579,21514
30795,28637
30719,28781
32464,29387
32919,29114
33663,29143
33709,29251
33610,29514
7343,6850
30398,28715
31148,29499
31491,28809
32244,28971
33575,29588
34432,29571
33868,29664
33896,29548
22906,19763
30358,28740
30762,28711
31685,29299
32739,29102
33330,29506
33930,29584
33544,29262
34037,29818
24270,20853
30741,28820
30406,28674
33077,29919
33176,29575
33934,29087
33368,29522
33990,29520
7735,7001
30651,28975
30770,29559
31570,29183
32166,28968
33378,29434
34135,29560
33934,29796
33645,29403
22863,19766
30399,28963
30899,29120
32029,28810
32740,29076
32905,29431
34049,29354
33739,29429
34026,29465
24169,21103
30748,28241
30479,28825
31639,29020
33082,29461
33903,29248
33771,29126
34006,29147
7823,7010
30801,28630
30990,29659
31335,29110
32260,28966
33357,29456
34036,29523
34135,29598
33526,29168
22703,19829
30930,28975
30844,29073
31616,28969
32537,29091
33124,29622
33346,29209
33725,29430
34078,29475
24174,21115
30671,28622
30553,28683
31749,29131
32957,29238
33751,28729
34031,29253
34027,29116
7968,7025
30954,29098
30817,29383
31703,28950
32650,28907
33180,29498
34121,29505
34334,29733
33501,29632
22596,19516
30516,28896
30711,28950
32350,29187
32440,29577
33190,29471
33979,28891
33367,29314
33900,29588
24533,21257
30693,28759
30681,28622
32299,29165
33027,29265
33562,28977
33752,29227
33726,29288
7672,7018
30578,28722
31068,32468
31641,28928
32026,29481
33517,29561
34041,29611
34097,29706
33769,29484
22803,19721
30396,28961
30509,29531
32214,29305
32827,29200
33769,29690
34064,29202
33797,29365
33894,29052
24296,21302
30906,28858
30535,28905
31862,29376
32839,29555
33802,29069
33524,29456
33919,29586
7806,7191
30760,29410
30652,29499
31496,29019
32204,29027
33760,29256
33802,29406
34076,29824
33896,29552
22775,19589
30531,28728
30752,29001
31812,29160
32637,29402
33564,29625
34141,29395
33806,29327
33875,29554
24322,21489
30616,28888
30374,28625
32145,29292
32746,29464
33632,29001
34085,29173
33555,29139
7765,7156
30612,28853
30826,29612
34615,29401
32552,29254
33507,29272
33843,29263
33984,29641
33910,29564
22934,19457
30563,29020
30767,28692
31837,29504
32465,29091
32899,29440
33845,29180
33977,29276
34294,29711
24428,21321
30769,28850
30355,28921
32000,29526
33014,29597
33765,29067
33320,29526
33593,29360
7652,6995
30730,28924
31040,29637
31852,28894
32168,29254
33200,29792
33786,29753
34492,30008
33671,29561
22458,19770
30601,28823
31020,29101
31806,29223
32635,29533
33373,29345
33683,29428
33765,29457
34010,29548
24297,21239
30641,28527
30169,28671
31713,29386
32819,32267
33560,29074
33450,29480
33946,29401
7908,7267
30565,28951
30953,29213
31676,29121
32415,29596
33315,29405
33695,29514
33888,29394
34091,29538
22876,19668
30787,28949
30838,28972
32023,29326
32723,29091
33363,29586
33473,29160
33629,29394
34410,29747
24592,21355
30739,28726
30356,29020
31729,29487
32511,29554
33707,29129
33337,29582
34175,29319
7655,7237
30219,29176
30669,29433
31706,29105
32352,29095
33240,29355
34018,29558
34018,29598
33771,29583
22514,19845
30395,28985
30661,28972
31982,29372
32844,29313
33033,29458
34255,29359
33556,29438
34127,29640
24115,21180
30797,28994
30445,28869
31795,29085
33245,29268
33885,29087
33860,29189
33644,29126
7688,7156
30595,28970
30909,29417
31756,29142
32450,28938
33775,29339
34005,29436
34080,29601
33950,29235
22501,19612
30688,28854
30921,29082
32129,29116
32344,29378
33293,29413
33625,29623
33997,29283
33822,29407
24604,21077
30655,28690
30122,28864
31755,29232
32896,29402
33699,29073
33311,29278
33447,29392
7576,6973
30511,28946
30971,29355
31741,28966
32054,29130
33345,29441
33918,29262
33605,29789
33978,29278
22645,19702
30623,28777
30573,29204
31947,29315
32634,29205
33399,29516
33431,29467
33681,29410
33976,29331
24302,21637
30584,29035
30145,29166
32360,29505
33371,29542
33860,28906
33736,32909
33949,29547
7630,7055
30470,28967
31104,29656
31365,29255
32117,29058
33367,29492
33920,29445
34014,29947
33872,29278
22754,19609
30546,29071
30657,29236
31989,29457
32713,29236
33160,29618
33337,29130
33603,28972
33902,29597
23713,21215
30808,28540
30333,28786
31601,29206
32805,29366
33613,28876
33617,29438
33807,29468
7736,6921
30637,29107
30846,29317
32015,28971
32293,29278
33115,29269
34322,29532
33883,29638
33665,29570
22836,19647
30721,28918
31059,28980
31990,29202
32715,29450
33299,29446
33588,29380
33596,29144
34187,29439
24334,21364
30672,28975
30534,28676
31820,29517
32803,29233
33588,28989
33618,29518
33906,32325
7775,7039
30545,29022
30975,29237
31910,29203
32194,29268
33183,29466
33996,29604
33670,29600
33851,29273
22392,19908
30379,28522
30787,28849
32059,29216
32396,29437
33178,29153
34204,29526
33600,29449
34125,29490
24604,21481
30887,28756
30633,28774
32246,29602
32833,29148
33715,28861
33296,29268
33842,29575
7711,7117
30583,29052
30729,29180
31841,29162
32122,29158
33418,29576
34021,29631
34133,29811
33897,29279
22836,19641
30700,28857
30403,29041
32089,29371
32584,28910
33350,29781
33457,29373
33518,29557
34107,29449
24157,20885
31115,28571
30415,28740
32436,29032
32612,29389
34210,29325
33812,29457
33568,29173
7715,6981
30556,28942
30737,29293
31832,28860
32605,29138
33348,29339
33931,29230
34129,29686
33998,29286
22717,19931
30950,28678
30797,28968
31700,29101
32827,29055
33240,29556
34220,29473
33366,29322
34075,29821
24161,21066
30827,28882
30116,28892
31747,29355
32482,29577
33422,28858
33541,29535
33533,29254
7471,6976
30526,29070
30631,29239
31997,29338
31940,29293
33492,29185
33856,29323
34157,29766
33584,29467
22431,19667
30580,28766
33723,28828
32053,29022
32449,29383
33046,29273
33692,29365
33774,29038
33984,29355
24413,21240
30758,28771
30575,29049
31841,29516
32919,29295
34187,28717
33401,29540
33947,29408
7863,7039
30690,28912
30881,29354
31477,28975
32034,29244
33396,29474
34073,29283
33762,29791
33369,29395
22875,19502
30322,28550
30729,28780
31918,29316
32502,29381
33439,29386
33468,29435
33998,29230
34112,29431
24352,21243
30651,28805
30410,28698
32219,29331
32819,29563
33672,28858
33812,29446
33980,29162
7947,6960
30701,29059
30842,29359
31484,28902
32439,29495
33266,29545
33892,29696
33767,29716
33835,29519
22694,19724
30500,28730
30743,28767
31761,32157
32507,29374
33223,29579
33639,29461
33665,29324
33917,29751
24059,21176
30785,28866
30495,28703
31533,29252
32816,29756
33252,28898
33501,29331
34011,29308
7619,7006
30626,28870
31013,29475
31390,29057
32372,29462
33190,29473
34023,29203
34225,29648
34140,29260
22737,19822
30724,29016
30809,28958
32027,29243
32937,29202
33375,29061
34181,29357
33823,29468
33655,29381
24304,21289
30687,28688
30376,28661
31782,29017
32748,29448
34022,28961
32990,29621
33627,29139
7532,6848
30595,28835
31120,29411
31563,29055
32199,29221
33823,29767
34152,29518
33959,29728
33838,29354
22743,19735
30774,28896
30690,28780
31924,29225
32212,32321
33363,29331
34003,29206
33713,29538
34247,29577
24433,21123
30546,28840
30220,28740
31856,29330
33027,29550
33684,29245
33789,29071
34082,29391
7896,7080
30388,29237
30893,29407
31453,28968
32682,29032
33410,29313
33857,29787
34035,29753
33913,29413
22705,19569
30816,28712
30940,28966
31674,29168
32966,28947
33480,29646
33676,29457
34259,29415
34434,29723
24316,21349
31029,28625
30590,28668
31978,29119
32959,29366
33837,29040
33701,29280
33743,29440
7783,6978
30451,28834
30705,29296
32036,29132
32151,29313
33498,29162
37028,29540
33970,29928
33567,29427
22673,19543
30487,28848
30958,28688
31865,29205
32614,29031
33089,29739
33603,29360
33601,29266
34530,29325
24624,21430
30995,29012
30694,28719
31905,29236
32933,29456
33241,28850
34268,29519
33653,29298
7621,6935
30735,28744
30980,29363
32096,29061
32432,29102
33431,29365
33990,29510
34150,30018
33473,29406
22632,19475
30294,28762
30711,29015
31699,28931
32756,29351
33425,29407
33617,29031
33619,29415
34118,29853
24224,21138
30702,28800
30268,28671
31849,29039
33174,29440
33553,28960
33715,29438
37309,29428
7862,7138
30612,28750
30755,29511
31644,28906
32180,29151
33557,29376
33816,29658
33801,29544
33506,29561
22598,19933
30671,28792
30368,28762
31541,29141
32541,29124
33356,29428
33808,29336
33411,29565
33810,29267
24265,21281
30492,28660
30424,28921
31766,29050
32927,29305
33515,29091
33642,29633
34057,29142
7488,7153
30573,28896
30804,29425
31742,29249
32410,29378
33139,29524
33889,29404
33687,29749
33790,29246
22770,19766
30525,28842
30624,28999
31579,29162
32621,29436
33267,29755
34278,29421
33496,29273
34417,29586
24327,21218
30724,28924
30640,28730
32188,29316
32893,29095
33961,29161
33573,29339
33763,29435
7583,6893
30380,28954
30858,29331
31570,29295
32443,29204
33495,29357
33861,29485
34070,29902
36896,29398
22573,19789
30900,28838
30868,28921
32122,29082
33086,29021
33523,29662
33889,29318
33681,29521
34138,29593
24376,21134
30601,28820
30320,28587
32030,29224
32659,29428
33891,28944
33620,29488
33505,29140
7474,7006
30187,28858
30878,29091
31710,29308
32148,29482
33325,29198
34079,29618
33721,29543
33743,29564
22649,19761
30470,28651
30674,29267
31801,29034
32288,29339
33162,29688
34049,29493
33888,29112
33791,29096
24345,21155
30749,28744
30373,28394
31935,29094
32749,29243
33804,28726
33619,29626
33782,29671
7331,6959
30644,28968
30920,29370
31840,29031
31951,28803
33381,29616
34317,29095
33739,29579
33240,29305
22493,19887
30664,28772
30492,28891
31855,29085
32695,29307
33163,29468
33801,29299
33713,29012
37298,29653
24202,21302
30440,28860
30218,28614
32069,29052
32958,29559
33789,29047
33444,29287
33803,29342
7485,6785
30602,28737
31087,29691
31700,29046
32398,29001
33347,29550
33769,29650
33910,29984
33396,29168
22562,19723
30485,28526
30499,28939
31747,29084
32627,29568
33199,29287
33485,29326
33927,29709
34017,29654
24137,21157
30870,28803
30716,28578
32002,29172
33105,29350
33407,28978
33624,29381
33882,29421
7694,6935
30765,28819
30867,29789
31719,28877
32020,29482
33178,29257
34097,29538
33917,29515
33773,29198
22872,19587
30698,28679
30756,28879
31875,29310
32556,29257
32868,29587
33811,29354
33414,29119
34252,29527
24194,21180
30891,28800
30562,28813
31916,29318
32727,29424
33648,29078
33327,29286
33725,29666
7614,7010
30332,29202
31020,29402
31810,29198
32420,29231
33656,29407
33414,29840
34183,29472
33801,29390
22647,19712
30951,28862
30996,29061
32166,29219
33108,29715
33297,29855
34124,29534
33846,29437
34184,29553
24462,21084
30636,28793
30599,28484
32543,29206
32816,29593
34098,29254
33329,29136
33781,29246
7874,7160
30640,28871
30777,29578
31595,28970
32245,29097
33415,29076
33755,29458
34027,29599
33817,29694
23026,19466
30682,28702
30828,29187
31838,29170
32982,29300
33126,29329
33450,29290
34185,29472
33869,29833
24202,21117
33921,28987
30123,28526
31651,29121
32815,29397
33931,29057
33952,29707
33875,29147
7764,7079
30791,31843
30934,29358
31755,29064
32136,29333
33689,29603
34308,29659
34477,29813
33243,29488
22347,19599
30391,28984
30738,29051
31995,29341
32902,29156
32971,29515
33716,29194
33882,29572
33876,29743
24305,21140
31016,28772
30615,28753
32394,29323
32884,29327
33945,28820
33547,29593
33694,29490
7583,6851
30590,29300
30679,29413
31823,29014
32286,29182
33225,29500
34179,29442
33882,29403
33907,29583
22542,19541
30942,28849
30939,28890
32451,29207
32678,29011
33151,29516
33662,29575
33608,29246
33821,29550
24293,21210
31039,29018
30604,28906
31834,29178
32825,29517
33863,28862
33280,29345
33851,29367
7858,6963
30779,28746
34195,29565
31620,28896
31960,29071
33457,29060
33667,29474
34313,29821
33361,29570
22757,19597
30383,28907
30619,28913
31944,29294
32271,29283
32909,29436
33657,29395
33822,29399
33961,29425
24481,21412
30752,28805
30358,28816
31760,29311
32785,29359
33874,28932
33380,29301
34109,29398
7617,7053
30589,28936
30818,29515
31557,29048
32331,28882
33762,29302
34350,29176
34076,29764
33810,29387
22635,19645
30574,28656
30878,28771
31848,29031
32632,29251
33295,29418
33358,29280
33466,29160
34139,29414
24178,21071
30559,28915
30427,28704
32136,29243
32773,29284
33471,29007
33331,29103
33725,29316
7719,7043
30294,28898
30843,29467
31534,32237
32411,29242
33646,29514
33621,29299
33980,29688
33659,29374
22615,19925
30462,28723
30551,29038
31720,28961
32655,29269
32977,29425
33887,29567
33638,28927
33978,29414
24342,20943
30677,28634
30385,28494
31833,29251
32485,29300
33770,29147
33668,29453
33783,29195
7900,7078
30679,28914
30805,29472
31427,29226
32364,29321
33298,29496
34028,29387
34001,29548
33565,29465
22869,19554
30864,28874
30953,29204
32124,29430
32882,29070
33722,29289
33981,29441
33680,29250
33756,29522
24100,21233
30552,28695
30587,28596
32094,29164
35797,29601
33570,29395
33505,29486
33696,29513
7810,7150
30595,28785
30643,29352
31363,28928
32325,29088
33747,29207
33927,29629
33839,29478
33828,29523
22712,19579
30528,28836
31007,29036
32251,29335
32261,29469
32944,29711
33970,29286
33714,29174
34099,29435
24156,21049
30288,28696
30578,28954
31617,29389
32759,29362
33497,28991
33951,29191
33971,29521
7732,7163
30273,29116
30619,29357
31377,28883
32241,29479
33659,29060
34319,29542
34106,29602
34087,29672
22548,19881
30608,28738
30632,28816
32264,29416
32782,29261
33053,29356
34319,29351
33683,29492
33611,29686
24117,21030
30846,28681
30352,28387
32196,29260
32878,29478
37137,28995
33284,29477
33774,29378
7763,7110
30756,28960
30759,29466
31859,28949
32381,29508
32971,29477
34003,29530
33918,29692
33632,29318
22471,19688
30766,28882
30655,29178
32099,29162
32558,29187
33419,29520
33724,29564
33541,29146
33620,29321
24214,21228
30421,29257
30503,28772
31919,29477
33140,29698
33988,29125
33634,29360
33501,29304
7611,7158
30790,29150
31207,29278
31903,29030
32526,28984
33550,29289
33948,29120
33715,29333
33586,29256
22311,19472
30371,29115
30462,28802
32102,29166
32646,29667
33295,29795
33784,29119
33517,29301
34200,29532
24178,21214
30722,28661
30641,28841
31652,29163
33141,29431
33807,29063
36673,29404
33769,29131
7644,7084
30875,28892
30982,29392
31634,29255
32079,29220
33313,29224
34095,29583
34047,30018
33901,29255
22546,19528
30423,28774
30750,28843
32179,29272
32782,29063
33426,29413
34099,29146
34401,29211
34054,29608
24125,21322
30716,29078
30272,28339
31876,29274
32807,29773
33663,28988
33158,29170
33598,29488
7506,6961
30663,28718
30676,29554
31632,29017
32145,28800
33329,29577
33984,29239
33792,29743
33272,29135
22657,19678
30530,28941
30653,28578
31973,29211
32365,29283
33310,29450
33442,29260
33388,29582
34195,29735
24508,21244
30624,28959
30604,28957
32002,29331
32743,29259
33894,29062
33668,29526
33919,29726
7661,7004
30655,28907
30737,29421
31720,29119
32406,29030
33983,29408
34383,29535
34421,33107
33896,29390
22559,19711
30401,28723
30923,28847
32017,29329
32412,29515
32860,29577
33693,29056
33659,29301
34325,29706
24338,21150
30667,28555
30004,28644
31811,29087
32743,29710
33833,29016
33410,29193
34001,29461
7500,7078
30384,28904
30818,29394
31702,28919
32108,28915
33276,29482
33967,29744
34253,29617
34090,29391
22732,19789
30375,28693
31092,28624
32048,29090
32697,29274
33040,29330
33676,29233
33658,29041
34002,29823
24544,21369
30508,28768
30348,28712
31713,29176
32983,29603
33624,28762
33639,29603
33717,29249
7871,6962
30609,28476
31120,29027
31477,28953
32228,29055
33442,29776
33975,29398
33784,29555
33326,29453
22576,19797
30413,28403
30593,28719
31979,29136
32750,28927
33368,29423
33566,29345
33478,29232
34061,29401
24188,21017
30882,28788
30213,28650
32086,28939
32912,29401
33772,29265
33696,29188
33547,29228
7580,6911
30707,28931
30937,29260
31505,28895
32458,28946
33377,29380
34052,29404
34351,29513
33597,29148
22941,19328
30861,28507
30634,29091
31914,28984
32648,29222
33466,29515
33885,29130
34141,29311
34257,29535
24301,21224
33955,29012
30320,28420
31669,29013
33123,28945
34124,28913
33737,29592
33794,29564
7535,7147
30758,28747
30851,29302
31662,28966
32530,29096
33453,29461
34170,29259
33720,29651
33811,29493
22656,19626
30694,28746
30845,28596
31545,29169
32413,29311
32964,29339
33722,29568
33633,29374
33970,29632
24205,21171
30857,28719
30756,28702
32089,29290
33358,29225
33431,28911
33658,29508
34087,29354
7801,7045
30407,29255
30734,29257
31571,28926
32349,29268
33126,29465
34294,29442
34184,29438
33919,29458
22686,19792
30515,28755
30823,28910
32249,28953
32731,29210
33141,29327
33587,29133
33521,29295
34246,29535
24110,21168
30799,28345
33705,28790
31909,29334
32834,29626
33225,28955
33754,29475
33542,29483
7706,7027
30619,28853
30744,29801
31918,29184
32155,29445
33458,29527
33680,29343
34211,29668
33241,29696
22991,19285
30724,28756
30527,29152
31765,29283
32618,29097
33458,29746
33720,29396
33573,28985
34311,29545
24029,21339
30413,28472
30477,28785
31852,29623
32741,29609
33823,28748
33720,29344
33715,29434
7694,7170
30646,29116
31055,29675
31674,29294
32257,29459
33333,29513
33957,29448
34553,29717
33521,29310
22837,19628
30458,28711
30737,29060
31748,29196
32578,29474
33700,29397
33889,28878
33472,29277
34321,29579
24190,21112
30773,28789
30381,28459
32023,29238
32807,29448
33732,28831
33698,29262
33464,29155
7628,6951
30479,28892
30926,29441
31270,32045
31994,29066
33351,29481
33779,29415
34115,29749
33914,29387
22637,19731
30524,28808
30734,28664
31643,29010
32399,29236
32821,29208
33805,29248
33831,29806
33712,29412
24445,20932
31007,28879
30485,28777
31781,29379
32916,29311
33587,29142
33531,29650
33716,29419
7503,6946
30645,28454
30701,29159
31502,28849
32362,28941
32982,29250
33878,29552
34386,29604
33670,29398
22598,19492
30759,28842
30575,28581
31952,29172
32775,29385
33638,29826
33674,28962
33405,29396
34473,29646
24406,21147
30807,28904
30465,28534
31775,29053
36263,29670
33731,28801
33638,29490
33662,29342
7728,7154
30541,28947
30702,29348
31578,29221
32334,29307
33390,29377
34157,29462
34081,29645
33563,29292
22738,19843
30711,28914
30593,28777
31769,29219
32295,29293
33250,29768
33641,29476
33676,29418
34358,29581
24314,21382
30778,28926
30263,28546
31791,29533
33116,29376
33591,29141
33280,29464
33791,29268
7839,7122
30163,28928
30810,29223
31761,29103
32199,29276
33099,29155
33730,29467
34167,29850
33762,29406
22681,19711
30591,28494
30298,28984
31767,29354
32619,29199
33379,29301
33809,29363
33572,29307
34226,29835
24500,21494
30927,28721
30483,28488
31830,29424
32480,29392
33495,29011
33288,29484
33646,29225
7471,7069
30178,28837
30766,29520
31402,29081
32230,29381
33699,29592
34292,29530
34414,29827
33400,29282
22601,19864
30575,28766
30571,28829
31709,29550
32773,29182
33166,29419
33903,29447
33534,29403
33987,29615
24331,21402
30684,28853
30908,28517
32168,29423
33227,29421
33696,28917
33618,29573
33877,29428
7563,7363
30412,28793
31044,29527
31407,28866
32688,29113
33742,28930
34056,29233
34195,29565
33845,29323
22608,19440
30673,28705
30618,28925
31794,29113
32540,29174
33142,29414
33631,29448
33657,29022
34067,29380
24128,21458
30537,28940
30357,28498
32145,29480
32850,29065
33716,28614
33436,29483
34048,29903
7588,7012
30473,28842
30693,29387
31989,28930
32038,28916
33051,29440
34066,29443
33665,29628
33725,29357
22549,19429
30684,28404
30723,28962
32118,29161
32455,29139
33395,29253
33619,29356
33422,29180
34159,29720
24487,21169
30729,28605
30139,28493
31942,29159
32795,29450
33590,28793
33835,29586
33991,29458
7826,7129
30454,28891
30716,29168
31973,29107
32290,29108
33484,29089
34337,29498
34081,29500
33799,29480
22813,19982
30637,29057
30640,28837
31607,29040
32382,29229
32919,29657
33626,29332
33676,29460
37087,29720
24162,21304
30543,28450
30286,28675
31761,29329
33141,29421
33352,29123
33530,29295
33856,29311
7669,7091
30559,28840
30789,29454
31552,29307
32384,29293
33212,29541
33928,29444
33965,29859
33496,29654
22654,19595
30721,28884
30631,28820
31714,29202
32945,29314
33173,29590
33764,29417
34145,29458
34569,29609
24205,21324
30778,28692
30657,28557
32103,29074
32897,29464
33447,28730
33531,29423
34045,29652
7530,7059
30352,28906
31137,29348
31582,29308
32093,29290
33121,29199
33758,29612
33727,29725
33550,29533
22902,19747
33672,28769
30789,29131
32102,29297
32958,29490
33650,29419
33597,29552
33423,29435
33884,29563
24352,21147
30874,28769
30616,28848
31724,29173
33198,29212
33710,29038
33449,29835
33375,29349
7478,7073
30557,28861
30636,29417
31402,29118
32493,29507
33499,29343
34004,29460
34203,29985
34131,29271
22717,19853
30665,28878
30560,28811
31700,29338
32286,29158
33298,29406
33636,29630
33619,29037
33900,29840
24090,21161
30669,28775
30496,28824
31934,29325
32515,29549
33457,29068
33786,29284
33513,29537
7672,7105
30103,28624
31099,29302
32268,29189
31959,29106
33243,29509
33480,29538
34166,29899
34147,29589
22731,19450
30515,28601
30760,29121
32141,29300
32647,29133
32950,29521
33598,29047
33577,29137
34130,29802
24332,21279
30822,28590
30762,28473
31965,29334
33218,29568
33602,28964
33389,29400
33897,29421
7871,7017
30547,28901
30867,29195
31701,28971
32347,28900
33401,29189
34012,29507
33974,29777
33863,29702
22604,19884
30485,28428
30538,28956
31941,29573
32774,29741
33027,29623
33970,29504
33423,29576
33779,29634
24260,21114
30636,28535
30612,28638
31672,29024
33068,29237
33883,28782
33665,29279
34003,29442
7805,7061
30381,28849
30763,29478
31718,29031
32630,29500
33257,29675
33829,29179
33673,29687
33244,29655
22532,19447
30306,28800
30455,28979
31729,29023
32698,29357
33553,29478
33843,29208
33531,29268
33968,29472
24267,21312
30700,28817
30372,28747
31743,29013
32608,29274
33856,29051
33635,29620
33589,29595
7594,7154
30278,29105
30373,29017
31353,28989
32330,29369
33513,29485
34007,29238
34431,29857
33671,29019
22728,19864
30288,28687
30774,29039
31998,29228
32041,29258
33024,29294
34020,29555
33846,29334
33940,29450
24280,21049
30742,29022
30345,28814
31985,28982
32819,29413
33450,29128
33646,29178
33933,29336
7622,6935
30606,28546
30798,29315
31305,29142
32111,29470
33371,32860
33375,29402
33889,29792
33556,29345
22864,19641
30738,28547
30987,28816
31653,29452
32681,28844
32950,29321
33251,29242
33667,29113
34120,29581
24288,21252
30625,28786
30212,28737
31956,29275
32643,29449
33574,28934
33381,29623
33785,29380
7704,7213
30553,28823
30990,29114
31706,28901
31863,29108
33494,29461
33907,29255
34085,29583
33960,29196
22569,19758
30886,28970
30542,28982
32025,29372
32597,29042
32943,29177
34039,29580
33894,29379
34154,29462
24675,21102
30805,28974
30791,28502
32093,29465
33013,29789
33748,29037
33783,29320
33845,29364
7759,6763
30355,29320
31143,29371
31402,28942
31990,29220
33023,29501
34005,29603
34487,29520
33689,29267
22391,19482
30160,28737
30487,29136
31709,29409
32500,28964
36660,29666
33925,29322
33718,29690
34159,29681
24485,21250
31114,28759
30439,28785
32024,29140
33089,29393
33322,28810
32996,29321
33445,29864
7675,7030
30496,29065
30802,29407
31666,29079
32101,29127
33608,29391
33848,29494
33678,29530
33591,29463
22752,19755
30552,28626
30659,28518
31836,29159
32552,29164
33241,29503
33611,29296
33514,29439
33820,29544
24174,21307
30836,28552
30367,28782
31702,29441
33110,29507
33433,28745
33341,29412
34102,29219
7494,7099
30525,28814
30812,29140
31677,28858
32118,29230
33212,29259
33939,29164
34712,29370
33928,29217
22853,19694
30470,28814
30513,28631
31897,29270
32521,29395
32764,29239
33927,29244
33317,29243
33802,30009
24531,21137
30750,28785
30138,28478
31681,29349
33292,29413
33922,28952
33698,29213
33829,29390
7767,6980
30782,28948
30973,29126
31468,29047
32211,29368
33677,29198
34090,29243
34044,29334
33497,29484
22884,19680
30441,28700
30807,28967
31912,29081
32496,28980
33171,29450
34171,29650
33764,29397
34007,29771
24412,20951
30837,28449
30752,28730
32094,29111
32842,29037
33569,28909
33606,29380
33581,29367
7685,6986
30517,29158
30575,29431
31653,28704
32630,28910
33335,29349
34007,29383
34253,29940
33872,29557
22760,19495
30712,28641
30907,29048
31668,29292
32353,29485
33212,29278
33397,29179
33722,29048
34199,29337
24108,21162
30559,28659
30378,28736
32038,29170
32899,29510
33398,29045
33519,29643
33623,29508
7830,7229
30907,28914
31002,29556
31698,29282
32068,28998
33461,29431
36939,29474
34032,29568
33411,29681
22631,19973
30485,28660
30384,28966
31859,28899
32685,29327
32989,32318
33827,29354
33886,29445
33836,29553
24434,21365
30996,28770
30466,28726
31831,29094
32774,29184
33684,29089
33821,29520
33869,29163
7721,7105
30445,28804
30471,29364
31834,28900
31848,29481
33500,29117
33851,29346
34105,29578
33967,29194
22821,19691
30303,28700
30690,29149
31838,29177
32607,28940
33163,29186
33967,29117
33418,29420
34154,29563
24233,21326
30547,28666
30607,28473
31998,29466
32522,29485
33694,28802
33550,29501
33821,29209
7731,6991
30493,28912
30813,29394
31503,29197
32373,29247
33602,29424
34059,29653
34448,29805
33574,29430
22674,19802
30793,28849
30575,28989
31997,28997
32696,28750
33326,29293
36641,29289
33678,29218
33939,29451
24310,21363
30515,28717
30427,28672
31798,29357
32946,29390
33743,28884
33187,29246
33878,29208
7647,6826
30501,28797
7565,6097
