event_type,time_ns
mark,1619492
sweep,6079
sweep,5870
sweep,7428
sweep,6498
sweep,6734
sweep,7022
sweep,6158
sweep,5381
mark,4136067
sweep,5286
sweep,3988
sweep,4005
sweep,4256
sweep,4399
sweep,4632
sweep,4460
sweep,4690
sweep,4077
sweep,4010
sweep,4022
sweep,718
sweep,3473
sweep,3597
sweep,3024
sweep,930
mark,3673193
sweep,4679
sweep,3878
sweep,3735
sweep,3714
sweep,3640
sweep,3751
sweep,3718
sweep,3716
sweep,3830
sweep,7324
sweep,6444
sweep,1146
sweep,2976
sweep,2715
sweep,2828
sweep,2802
sweep,2235
sweep,2751
sweep,2677
sweep,3037
sweep,3936
sweep,3397
sweep,3052
sweep,3352
sweep,3061
sweep,2290
sweep,4580
sweep,2448
sweep,3745
sweep,2184
sweep,3710
sweep,976
mark,2932975
sweep,5615
sweep,4190
sweep,4348
sweep,4025
sweep,3700
sweep,3873
sweep,3771
sweep,3869
sweep,4066
sweep,4237
sweep,3717
sweep,986
sweep,3776
sweep,3949
sweep,2914
sweep,3057
sweep,3171
sweep,2656
sweep,3290
sweep,2929
sweep,2731
sweep,2560
sweep,2350
sweep,2240
sweep,2038
sweep,1794
sweep,2384
sweep,2247
sweep,2418
sweep,1282
sweep,3090
sweep,3147
sweep,3283
sweep,3899
sweep,2960
sweep,2595
sweep,2790
sweep,5743
sweep,9631
sweep,10165
sweep,9055
sweep,9500
sweep,9211
sweep,8870
sweep,9648
sweep,9691
sweep,9380
sweep,9229
sweep,5192
sweep,4392
sweep,3856
sweep,3406
sweep,3133
sweep,3066
sweep,4981
sweep,3530
sweep,2883
sweep,3616
sweep,3311
sweep,3290
sweep,3380
sweep,1261
mark,5225211
sweep,4162
sweep,2925
sweep,2433
sweep,2500
sweep,3239
sweep,2575
sweep,2875
sweep,3134
sweep,2861
sweep,3558
sweep,4028
sweep,4554
sweep,3316
sweep,3466
sweep,3080
sweep,3115
sweep,3083
sweep,3010
sweep,3407
sweep,2892
sweep,3157
sweep,2712
sweep,2704
sweep,2752
sweep,3053
sweep,2544
sweep,3256
sweep,2609
sweep,2817
sweep,3052
sweep,3034
sweep,3186
sweep,8973
sweep,9728
sweep,9129
sweep,8625
sweep,8639
sweep,8506
sweep,7496
sweep,5879
sweep,5752
sweep,6450
sweep,6542
sweep,5741
sweep,5489
sweep,6700
sweep,6238
sweep,6911
sweep,6246
sweep,1940
sweep,8473
sweep,8932
sweep,9227
sweep,10319
sweep,2451
sweep,3756
sweep,2789
sweep,2415
sweep,3104
sweep,2909
sweep,3665
sweep,2800
sweep,899
mark,1843101
sweep,4849
sweep,4517
sweep,3995
sweep,2957
sweep,3443
sweep,3669
sweep,3521
sweep,2627
sweep,3162
sweep,2287
sweep,1894
sweep,3453
sweep,2580
sweep,3342
sweep,1821
sweep,3464
sweep,4009
sweep,3933
sweep,3322
sweep,2986
sweep,3435
sweep,2952
sweep,2982
sweep,2924
sweep,2881
sweep,2670
sweep,3328
sweep,3179
sweep,2667
sweep,3559
sweep,2682
sweep,4289
sweep,3784
sweep,3880
sweep,3868
sweep,4718
sweep,3929
sweep,4059
sweep,4184
sweep,4050
sweep,3906
sweep,4260
sweep,7508
sweep,8871
sweep,8656
sweep,9264
sweep,9255
sweep,9628
sweep,1304
sweep,4242
sweep,6192
sweep,6703
sweep,6261
sweep,5681
sweep,1380
sweep,7123
sweep,8901
sweep,8132
sweep,6726
sweep,6849
sweep,5656
sweep,1887
mark,1041640
sweep,5223
sweep,3785
sweep,3178
sweep,3294
sweep,4395
sweep,3817
sweep,2977
sweep,2391
sweep,3022
sweep,3141
sweep,2846
sweep,3283
sweep,3136
sweep,2932
sweep,3325
sweep,2105
sweep,2173
sweep,4026
sweep,2514
sweep,3218
sweep,1802
sweep,3460
sweep,3924
sweep,4014
sweep,3369
sweep,3057
sweep,3272
sweep,3475
sweep,2964
sweep,3065
sweep,3012
sweep,2925
sweep,3579
sweep,2432
sweep,2901
sweep,3578
sweep,2787
sweep,3295
sweep,2929
sweep,3514
sweep,3533
sweep,3330
sweep,3650
sweep,4035
sweep,4196
sweep,4314
sweep,3895
sweep,2281
sweep,3822
sweep,6028
sweep,8871
sweep,8700
sweep,5978
sweep,8161
sweep,9209
sweep,5993
sweep,3730
sweep,4181
sweep,5202
sweep,5479
sweep,6276
sweep,2759
mark,1049619
sweep,4741
sweep,3733
sweep,4227
sweep,4268
sweep,4057
sweep,4036
sweep,3615
sweep,3180
sweep,3170
sweep,3218
sweep,3359
sweep,3078
sweep,2939
sweep,3180
sweep,2457
sweep,2854
sweep,3495
sweep,3307
sweep,3072
sweep,3484
sweep,2383
sweep,2361
sweep,3934
sweep,2751
sweep,3125
sweep,2109
sweep,3302
sweep,3652
sweep,3879
sweep,3806
sweep,3085
sweep,2689
sweep,3062
sweep,3084
sweep,3445
sweep,3137
sweep,2764
sweep,3589
sweep,2967
sweep,2798
sweep,3361
sweep,3011
sweep,2802
sweep,3014
sweep,3016
sweep,3500
sweep,2653
sweep,2628
sweep,2496
sweep,7027
sweep,5672
sweep,6510
sweep,7088
sweep,6727
sweep,4569
sweep,5714
sweep,9070
sweep,8667
sweep,7932
sweep,7630
sweep,6988
sweep,6521
mark,1025294
sweep,4872
sweep,4128
sweep,4067
sweep,4289
sweep,3881
sweep,6210
sweep,3208
sweep,3480
sweep,3034
sweep,3013
sweep,3030
sweep,3212
sweep,2527
sweep,2858
sweep,2927
sweep,3812
sweep,3938
sweep,2798
sweep,3615
sweep,2616
sweep,2755
sweep,2756
sweep,2691
sweep,3117
sweep,3069
sweep,2874
sweep,3278
sweep,4036
sweep,3477
sweep,3959
sweep,3213
sweep,2876
sweep,2834
sweep,3485
sweep,3285
sweep,3424
sweep,2414
sweep,3381
sweep,2939
sweep,2942
sweep,3092
sweep,3131
sweep,2778
sweep,3079
sweep,2779
sweep,2899
sweep,3162
sweep,3394
sweep,2864
sweep,5886
sweep,9190
sweep,8377
sweep,7188
sweep,8561
sweep,8326
sweep,6042
sweep,4171
sweep,4653
sweep,5453
sweep,5573
sweep,6295
sweep,2762
mark,1046534
sweep,4872
sweep,4035
sweep,4433
sweep,4015
sweep,3670
sweep,4299
sweep,3511
sweep,3574
sweep,2874
sweep,3367
sweep,2975
sweep,3057
sweep,2750
sweep,3011
sweep,2587
sweep,3163
sweep,3484
sweep,3025
sweep,2811
sweep,3336
sweep,2364
sweep,2401
sweep,3636
sweep,2714
sweep,3884
sweep,1965
sweep,3323
sweep,3648
sweep,4409
sweep,3480
sweep,3379
sweep,2918
sweep,3120
sweep,3341
sweep,3092
sweep,3158
sweep,2500
sweep,3640
sweep,3080
sweep,2812
sweep,3244
sweep,3072
sweep,2632
sweep,3130
sweep,2816
sweep,3179
sweep,2691
sweep,2794
sweep,2547
sweep,6317
sweep,5835
sweep,6207
sweep,6779
sweep,6646
sweep,4528
sweep,5602
sweep,8402
sweep,8465
sweep,7922
sweep,8234
sweep,7669
sweep,6811
mark,1040881
sweep,4652
sweep,3794
sweep,3951
sweep,3959
sweep,3769
sweep,4047
sweep,3603
sweep,3359
sweep,3041
sweep,3697
sweep,3390
sweep,2986
sweep,3044
sweep,3522
sweep,2805
sweep,2727
sweep,3415
sweep,3425
sweep,3089
sweep,3758
sweep,2494
sweep,2424
sweep,3566
sweep,2776
sweep,3643
sweep,1962
sweep,3315
sweep,4032
sweep,4477
sweep,3499
sweep,3140
sweep,3230
sweep,2636
sweep,3257
sweep,2870
sweep,3314
sweep,2623
sweep,3428
sweep,2797
sweep,2574
sweep,3519
sweep,2948
sweep,2571
sweep,2953
sweep,2655
sweep,3466
sweep,2780
sweep,3195
sweep,2380
sweep,4924
sweep,9285
sweep,8428
sweep,9214
sweep,6366
sweep,8637
sweep,7267
sweep,4295
sweep,4613
sweep,4712
sweep,5288
sweep,5724
sweep,5581
mark,1037351
sweep,4585
sweep,3722
sweep,3926
sweep,4197
sweep,4120
sweep,4259
sweep,3585
sweep,3468
sweep,3017
sweep,3397
sweep,3026
sweep,3022
sweep,2696
sweep,3051
sweep,2814
sweep,2686
sweep,3575
sweep,3098
sweep,3453
sweep,3979
sweep,2384
sweep,2504
sweep,3682
sweep,2548
sweep,3004
sweep,2031
sweep,3392
sweep,4042
sweep,4257
sweep,3623
sweep,3041
sweep,3190
sweep,2799
sweep,3069
sweep,2922
sweep,3514
sweep,3169
sweep,3156
sweep,2527
sweep,2790
sweep,3577
sweep,2608
sweep,2641
sweep,3110
sweep,2939
sweep,3441
sweep,2646
sweep,2776
sweep,2494
sweep,5049
sweep,6270
sweep,6647
sweep,6805
sweep,8096
sweep,4544
sweep,4570
sweep,8629
sweep,8867
sweep,8772
sweep,7885
sweep,7307
sweep,6947
sweep,831
mark,1028777
sweep,4933
sweep,4085
sweep,4052
sweep,3928
sweep,3903
sweep,6618
sweep,2976
sweep,3283
sweep,2737
sweep,3300
sweep,3222
sweep,2886
sweep,2381
sweep,2583
sweep,2970
sweep,3260
sweep,4333
sweep,2898
sweep,3264
sweep,2744
sweep,2896
sweep,2809
sweep,2623
sweep,3273
sweep,2749
sweep,2793
sweep,3555
sweep,4164
sweep,4073
sweep,3241
sweep,3137
sweep,2946
sweep,2956
sweep,2876
sweep,3304
sweep,3397
sweep,2715
sweep,3132
sweep,2994
sweep,2799
sweep,3328
sweep,3447
sweep,2784
sweep,3148
sweep,2806
sweep,2743
sweep,3120
sweep,2913
sweep,2864
sweep,6541
sweep,9096
sweep,8973
sweep,7232
sweep,7546
sweep,8598
sweep,6069
sweep,3742
sweep,4135
sweep,5232
sweep,5502
sweep,6321
sweep,3478
mark,1035136
sweep,5061
sweep,4246
sweep,3987
sweep,4021
sweep,3721
sweep,3891
sweep,3601
sweep,3437
sweep,3088
sweep,3452
sweep,3185
sweep,2878
sweep,2936
sweep,2810
sweep,2756
sweep,2886
sweep,3792
sweep,3379
sweep,2683
sweep,3038
sweep,2468
sweep,2377
sweep,3913
sweep,3075
sweep,3244
sweep,1952
sweep,3623
sweep,3653
sweep,4188
sweep,3854
sweep,3273
sweep,2837
sweep,3334
sweep,2789
sweep,3444
sweep,3053
sweep,2586
sweep,3594
sweep,3110
sweep,2859
sweep,3310
sweep,2973
sweep,2859
sweep,3220
sweep,2827
sweep,3256
sweep,2721
sweep,2827
sweep,2428
sweep,5988
sweep,6043
sweep,5879
sweep,7395
sweep,6772
sweep,4462
sweep,6032
sweep,8889
sweep,8449
sweep,8505
sweep,7887
sweep,6934
sweep,6011
mark,1033393
sweep,5096
sweep,4100
sweep,4122
sweep,3927
sweep,3723
sweep,4440
sweep,3646
sweep,3185
sweep,2943
sweep,3188
sweep,3363
sweep,3038
sweep,2602
sweep,3114
sweep,2588
sweep,2868
sweep,3522
sweep,2896
sweep,2858
sweep,3334
sweep,2502
sweep,2744
sweep,3972
sweep,2452
sweep,3109
sweep,2173
sweep,3313
sweep,3702
sweep,4581
sweep,3842
sweep,3246
sweep,3113
sweep,3276
sweep,3166
sweep,2756
sweep,3282
sweep,2745
sweep,3044
sweep,2522
sweep,2753
sweep,3851
sweep,2630
sweep,2615
sweep,3137
sweep,2860
sweep,3693
sweep,3092
sweep,2854
sweep,2557
sweep,4451
sweep,8420
sweep,9132
sweep,8901
sweep,5732
sweep,8626
sweep,9007
sweep,4740
sweep,4738
sweep,5293
sweep,5341
sweep,5810
sweep,6123
sweep,246
mark,1033918
sweep,4496
sweep,3860
sweep,4042
sweep,3987
sweep,3682
sweep,3819
sweep,3499
sweep,3509
sweep,2907
sweep,3352
sweep,3210
sweep,2687
sweep,2840
sweep,2747
sweep,2699
sweep,2749
sweep,3423
sweep,2939
sweep,2972
sweep,3946
sweep,2334
sweep,2543
sweep,3630
sweep,2802
sweep,3359
sweep,2154
sweep,3273
sweep,4301
sweep,3994
sweep,3704
sweep,3172
sweep,3029
sweep,2791
sweep,3019
sweep,3110
sweep,3286
sweep,2616
sweep,3290
sweep,3184
sweep,2499
sweep,3263
sweep,3044
sweep,2611
sweep,3547
sweep,2754
sweep,3826
sweep,2679
sweep,2942
sweep,2664
sweep,6943
sweep,5686
sweep,6822
sweep,6280
sweep,6812
sweep,4625
sweep,5853
sweep,8791
sweep,8017
sweep,8775
sweep,8244
sweep,7677
sweep,6440
mark,1035303
sweep,4681
sweep,4056
sweep,3889
sweep,4333
sweep,3528
sweep,4152
sweep,3468
sweep,3321
sweep,2830
sweep,3160
sweep,3432
sweep,3248
sweep,3060
sweep,3125
sweep,2644
sweep,3269
sweep,3468
sweep,3271
sweep,3119
sweep,3913
sweep,2457
sweep,2485
sweep,3930
sweep,2931
sweep,3196
sweep,1938
sweep,3385
sweep,3927
sweep,4860
sweep,3645
sweep,3141
sweep,2988
sweep,2520
sweep,3474
sweep,3097
sweep,3242
sweep,2390
sweep,3622
sweep,2972
sweep,2485
sweep,3851
sweep,2752
sweep,3074
sweep,3302
sweep,2826
sweep,3695
sweep,2510
sweep,3134
sweep,2455
sweep,4598
sweep,8703
sweep,8463
sweep,9133
sweep,6056
sweep,9126
sweep,7871
sweep,4033
sweep,4312
sweep,4749
sweep,5134
sweep,5600
sweep,6854
mark,1040401
sweep,4743
sweep,3939
sweep,3994
sweep,4046
sweep,3869
sweep,4082
sweep,3622
sweep,3216
sweep,2809
sweep,3598
sweep,3079
sweep,2779
sweep,2718
sweep,3091
sweep,2746
sweep,3048
sweep,3290
sweep,2897
sweep,3212
sweep,3405
sweep,2385
sweep,2878
sweep,3542
sweep,2593
sweep,2950
sweep,1937
sweep,3350
sweep,3791
sweep,4336
sweep,3512
sweep,3167
sweep,3074
sweep,2868
sweep,3013
sweep,3067
sweep,3232
sweep,2577
sweep,3605
sweep,2857
sweep,2700
sweep,3595
sweep,2916
sweep,2679
sweep,3054
sweep,2626
sweep,3483
sweep,2782
sweep,3000
sweep,2607
sweep,6821
sweep,6406
sweep,6066
sweep,6656
sweep,7293
sweep,4461
sweep,5504
sweep,8487
sweep,7974
sweep,8880
sweep,7389
sweep,6990
sweep,6809
mark,1023526
sweep,4843
sweep,4319
sweep,4186
sweep,4274
sweep,3826
sweep,6287
sweep,3049
sweep,3670
sweep,2801
sweep,3269
sweep,2975
sweep,3069
sweep,2442
sweep,2958
sweep,2850
sweep,3249
sweep,3638
sweep,3064
sweep,3621
sweep,2489
sweep,2657
sweep,2810
sweep,2574
sweep,3266
sweep,2900
sweep,2794
sweep,3267
sweep,4576
sweep,4200
sweep,3753
sweep,3005
sweep,2861
sweep,3201
sweep,3152
sweep,3373
sweep,3288
sweep,2438
sweep,3056
sweep,2815
sweep,3132
sweep,3334
sweep,3607
sweep,2814
sweep,3360
sweep,3025
sweep,2865
sweep,3280
sweep,2925
sweep,3068
sweep,7237
sweep,9186
sweep,9084
sweep,6998
sweep,7903
sweep,8067
sweep,5934
sweep,4215
sweep,4356
sweep,5546
sweep,5670
sweep,6003
sweep,3006
mark,1062296
sweep,5118
sweep,3807
sweep,4224
sweep,4160
sweep,4065
sweep,4107
sweep,3983
sweep,3360
sweep,2895
sweep,3129
sweep,3385
sweep,2977
sweep,2677
sweep,3080
sweep,2579
sweep,2854
sweep,3617
sweep,3142
sweep,2702
sweep,3534
sweep,2463
sweep,2515
sweep,3599
sweep,2636
sweep,3326
sweep,1994
sweep,3423
sweep,3784
sweep,4368
sweep,3632
sweep,3239
sweep,3060
sweep,2752
sweep,3042
sweep,3573
sweep,3104
sweep,2841
sweep,3583
sweep,2977
sweep,2600
sweep,3746
sweep,2609
sweep,3005
sweep,3013
sweep,2624
sweep,3743
sweep,2651
sweep,2766
sweep,2444
sweep,5514
sweep,5902
sweep,6282
sweep,6820
sweep,7455
sweep,4391
sweep,5603
sweep,8942
sweep,8254
sweep,8186
sweep,7554
sweep,6984
sweep,7602
mark,1047120
sweep,4633
sweep,4210
sweep,4340
sweep,4381
sweep,4077
sweep,4215
sweep,3556
sweep,3181
sweep,2698
sweep,3201
sweep,3307
sweep,3092
sweep,3173
sweep,3193
sweep,2505
sweep,3133
sweep,3598
sweep,3102
sweep,2759
sweep,3548
sweep,2567
sweep,2374
sweep,3732
sweep,2614
sweep,3084
sweep,2061
sweep,3269
sweep,3974
sweep,3793
sweep,4150
sweep,3194
sweep,2903
sweep,2837
sweep,3229
sweep,3279
sweep,3418
sweep,3062
sweep,3611
sweep,2941
sweep,2458
sweep,3865
sweep,2585
sweep,2896
sweep,3227
sweep,3074
sweep,3287
sweep,2278
sweep,2834
sweep,2469
sweep,4708
sweep,9055
sweep,9125
sweep,8808
sweep,5347
sweep,8195
sweep,7721
sweep,4478
sweep,4269
sweep,4852
sweep,5731
sweep,6152
sweep,5667
mark,1042576
sweep,4592
sweep,4078
sweep,3830
sweep,4191
sweep,3802
sweep,4122
sweep,3310
sweep,3246
sweep,2770
sweep,3595
sweep,3097
sweep,3066
sweep,2587
sweep,2918
sweep,2453
sweep,3013
sweep,3558
sweep,3388
sweep,3057
sweep,3069
sweep,2656
sweep,2629
sweep,3953
sweep,2744
sweep,3366
sweep,2033
sweep,3608
sweep,4111
sweep,3945
sweep,3813
sweep,3156
sweep,3037
sweep,3145
sweep,2805
sweep,3055
sweep,3281
sweep,2653
sweep,3346
sweep,2783
sweep,2545
sweep,3355
sweep,3036
sweep,2673
sweep,3168
sweep,2817
sweep,3562
sweep,2534
sweep,2975
sweep,2422
sweep,6052
sweep,6112
sweep,6310
sweep,6868
sweep,7645
sweep,4306
sweep,5704
sweep,8753
sweep,8446
sweep,9009
sweep,7415
sweep,7349
sweep,6066
mark,1046429
sweep,4732
sweep,4206
sweep,4134
sweep,4239
sweep,3592
sweep,6120
sweep,3390
sweep,3594
sweep,2937
sweep,2863
sweep,3037
sweep,3057
sweep,2389
sweep,2741
sweep,2694
sweep,3536
sweep,3317
sweep,3463
sweep,3510
sweep,2699
sweep,2954
sweep,2408
sweep,3360
sweep,2751
sweep,2957
sweep,2586
sweep,3161
sweep,4250
sweep,3724
sweep,3296
sweep,3474
sweep,3623
sweep,3051
sweep,3044
sweep,3504
sweep,2892
sweep,2782
sweep,3712
sweep,3036
sweep,2757
sweep,4225
sweep,2671
sweep,2636
sweep,3388
sweep,2821
sweep,3205
sweep,2761
sweep,3658
sweep,2406
sweep,6067
sweep,9351
sweep,9010
sweep,7685
sweep,5974
sweep,8493
sweep,6529
sweep,3831
sweep,4426
sweep,5418
sweep,5947
sweep,5406
sweep,4295
mark,1034837
sweep,5264
sweep,4251
sweep,4228
sweep,4323
sweep,4215
sweep,3849
sweep,3489
sweep,3531
sweep,2747
sweep,3066
sweep,3390
sweep,2897
sweep,2596
sweep,2748
sweep,2855
sweep,2987
sweep,3314
sweep,3046
sweep,2657
sweep,3595
sweep,2413
sweep,2398
sweep,4308
sweep,2874
sweep,3172
sweep,2202
sweep,3610
sweep,4455
sweep,4342
sweep,3678
sweep,2959
sweep,2659
sweep,2961
sweep,3146
sweep,3011
sweep,3276
sweep,3214
sweep,3241
sweep,2950
sweep,2853
sweep,3531
sweep,2793
sweep,2615
sweep,3237
sweep,2635
sweep,3600
sweep,2530
sweep,2819
sweep,2428
sweep,5520
sweep,5722
sweep,6936
sweep,7276
sweep,8440
sweep,4345
sweep,5664
sweep,8680
sweep,8193
sweep,8811
sweep,7256
sweep,7344
sweep,7043
mark,1030667
sweep,4891
sweep,4215
sweep,4179
sweep,4376
sweep,3798
sweep,4231
sweep,3487
sweep,3629
sweep,2839
sweep,2949
sweep,3127
sweep,2959
sweep,2759
sweep,2790
sweep,3171
sweep,3113
sweep,3560
sweep,3073
sweep,3009
sweep,3397
sweep,2305
sweep,2688
sweep,3904
sweep,2608
sweep,3011
sweep,1914
sweep,3309
sweep,4018
sweep,4348
sweep,4013
sweep,3200
sweep,3164
sweep,2993
sweep,3443
sweep,3280
sweep,3276
sweep,2778
sweep,3323
sweep,2409
sweep,2887
sweep,3817
sweep,3228
sweep,2617
sweep,2849
sweep,2952
sweep,3623
sweep,2979
sweep,2386
sweep,2604
sweep,5131
sweep,8124
sweep,8840
sweep,8882
sweep,6136
sweep,8721
sweep,8737
sweep,4134
sweep,4444
sweep,5398
sweep,5260
sweep,5693
sweep,6299
sweep,279
mark,1034518
sweep,4967
sweep,3976
sweep,4083
sweep,4323
sweep,3539
sweep,3928
sweep,3524
sweep,3073
sweep,2880
sweep,3179
sweep,3329
sweep,2948
sweep,2620
sweep,2715
sweep,2719
sweep,2677
sweep,3259
sweep,3319
sweep,3015
sweep,2952
sweep,2219
sweep,2646
sweep,3251
sweep,2745
sweep,2764
sweep,2928
sweep,2960
sweep,3753
sweep,4490
sweep,3663
sweep,3195
sweep,3335
sweep,2803
sweep,2924
sweep,3474
sweep,3035
sweep,3277
sweep,2781
sweep,3190
sweep,2738
sweep,2844
sweep,2892
sweep,3396
sweep,2810
sweep,3256
sweep,2565
sweep,3205
sweep,3093
sweep,2727
sweep,2997
sweep,5433
sweep,6719
sweep,6225
sweep,7214
sweep,6522
sweep,4891
sweep,6844
sweep,8631
sweep,8676
sweep,7812
sweep,7558
sweep,6788
sweep,4232
mark,1038718
sweep,4768
sweep,3991
sweep,4379
sweep,4365
sweep,3555
sweep,4095
sweep,3580
sweep,3188
sweep,2960
sweep,3117
sweep,3227
sweep,3030
sweep,2985
sweep,2814
sweep,2534
sweep,2747
sweep,3330
sweep,2850
sweep,3185
sweep,2842
sweep,2505
sweep,2785
sweep,3101
sweep,2726
sweep,2411
sweep,3591
sweep,2764
sweep,3261
sweep,3856
sweep,4245
sweep,3080
sweep,3086
sweep,3195
sweep,2720
sweep,3165
sweep,3364
sweep,3115
sweep,2806
sweep,3152
sweep,2836
sweep,2756
sweep,2820
sweep,3757
sweep,2951
sweep,3304
sweep,2708
sweep,3068
sweep,3115
sweep,2627
sweep,3031
sweep,7540
sweep,9768
sweep,8990
sweep,7044
sweep,6707
sweep,8667
sweep,6064
sweep,3937
sweep,4583
sweep,5549
sweep,5775
sweep,6281
sweep,2759
mark,1030669
sweep,4683
sweep,4059
sweep,4025
sweep,4148
sweep,3512
sweep,6442
sweep,3033
sweep,3528
sweep,3164
sweep,3293
sweep,2983
sweep,3283
sweep,2658
sweep,2743
sweep,2658
sweep,3107
sweep,3925
sweep,2873
sweep,3149
sweep,2587
sweep,2783
sweep,3026
sweep,2724
sweep,3533
sweep,2689
sweep,2722
sweep,3424
sweep,4276
sweep,3540
sweep,3436
sweep,2862
sweep,2959
sweep,2767
sweep,2964
sweep,3048
sweep,3288
sweep,2690
sweep,2899
sweep,2895
sweep,2766
sweep,3412
sweep,3491
sweep,2630
sweep,3124
sweep,2953
sweep,3091
sweep,3095
sweep,3016
sweep,2848
sweep,5776
sweep,6147
sweep,6925
sweep,7422
sweep,6637
sweep,5152
sweep,6633
sweep,8755
sweep,8528
sweep,7835
sweep,7716
sweep,6612
sweep,4155
mark,1027270
sweep,4733
sweep,4240
sweep,4086
sweep,4293
sweep,3742
sweep,3952
sweep,3664
sweep,3261
sweep,2994
sweep,3501
sweep,3166
sweep,2935
sweep,2718
sweep,2943
sweep,2450
sweep,2875
sweep,3546
sweep,3172
sweep,2895
sweep,3322
sweep,2365
sweep,2625
sweep,3669
sweep,2606
sweep,3094
sweep,1989
sweep,3394
sweep,3880
sweep,3690
sweep,4019
sweep,3106
sweep,3129
sweep,2895
sweep,3085
sweep,3767
sweep,3073
sweep,2521
sweep,3434
sweep,2929
sweep,2795
sweep,4202
sweep,2618
sweep,2796
sweep,3038
sweep,2926
sweep,3439
sweep,2617
sweep,2771
sweep,2665
sweep,5205
sweep,8533
sweep,9270
sweep,8802
sweep,5770
sweep,8302
sweep,8037
sweep,4342
sweep,4580
sweep,4657
sweep,5439
sweep,5853
sweep,5401
mark,1036376
sweep,5032
sweep,3755
sweep,4138
sweep,4123
sweep,3846
sweep,3994
sweep,3512
sweep,3430
sweep,3013
sweep,3232
sweep,3146
sweep,2962
sweep,2847
sweep,2780
sweep,2658
sweep,2857
sweep,3374
sweep,3400
sweep,2905
sweep,3106
sweep,2661
sweep,2449
sweep,4210
sweep,2715
sweep,3213
sweep,1947
sweep,3373
sweep,3993
sweep,4152
sweep,4178
sweep,3468
sweep,2798
sweep,3054
sweep,3011
sweep,3030
sweep,3265
sweep,2892
sweep,3300
sweep,3075
sweep,2971
sweep,3332
sweep,2853
sweep,2722
sweep,3213
sweep,3185
sweep,3545
sweep,2652
sweep,2922
sweep,2456
sweep,5665
sweep,5795
sweep,6439
sweep,6893
sweep,7848
sweep,4658
sweep,5588
sweep,8914
sweep,8159
sweep,8482
sweep,7355
sweep,7329
sweep,6440
mark,1056444
sweep,4467
sweep,4351
sweep,3915
sweep,3991
sweep,3495
sweep,4044
sweep,3531
sweep,3134
sweep,2828
sweep,3237
sweep,3121
sweep,2787
sweep,2810
sweep,2754
sweep,2651
sweep,2753
sweep,3375
sweep,2960
sweep,3508
sweep,3364
sweep,2501
sweep,2422
sweep,3759
sweep,2478
sweep,3344
sweep,2150
sweep,3450
sweep,3957
sweep,4213
sweep,3690
sweep,3300
sweep,3163
sweep,2809
sweep,3234
sweep,3039
sweep,3547
sweep,2645
sweep,4360
sweep,2711
sweep,2797
sweep,3666
sweep,2546
sweep,2507
sweep,3255
sweep,3172
sweep,3347
sweep,2547
sweep,2427
sweep,2677
sweep,5251
sweep,7973
sweep,8677
sweep,8496
sweep,6471
sweep,8358
sweep,8412
sweep,4152
sweep,4373
sweep,4698
sweep,5297
sweep,5917
sweep,6499
sweep,233
mark,1040065
sweep,4656
sweep,4236
sweep,3942
sweep,4131
sweep,3518
sweep,3988
sweep,3404
sweep,3569
sweep,2969
sweep,3312
sweep,3172
sweep,3125
sweep,3032
sweep,3248
sweep,2994
sweep,2916
sweep,3237
sweep,2911
sweep,2632
sweep,3543
sweep,2346
sweep,2394
sweep,3643
sweep,2938
sweep,3252
sweep,1879
sweep,3666
sweep,3803
sweep,4421
sweep,3436
sweep,3340
sweep,3268
sweep,2874
sweep,2989
sweep,3057
sweep,3600
sweep,2323
sweep,3515
sweep,2667
sweep,2662
sweep,3493
sweep,2978
sweep,2760
sweep,2967
sweep,2768
sweep,3711
sweep,3058
sweep,2585
sweep,2421
sweep,3951
sweep,6374
sweep,6273
sweep,6531
sweep,8001
sweep,5703
sweep,4779
sweep,8684
sweep,9124
sweep,7898
sweep,8216
sweep,7277
sweep,6841
sweep,845
mark,1026818
sweep,10870
sweep,3611
sweep,4030
sweep,4414
sweep,3581
sweep,6302
sweep,2963
sweep,3421
sweep,3047
sweep,3027
sweep,2994
sweep,3066
sweep,2385
sweep,2813
sweep,2776
sweep,3364
sweep,3948
sweep,2912
sweep,3402
sweep,2453
sweep,2662
sweep,2966
sweep,2549
sweep,2911
sweep,3045
sweep,2826
sweep,3596
sweep,4646
sweep,3626
sweep,3285
sweep,3029
sweep,2813
sweep,2916
sweep,3235
sweep,3051
sweep,3078
sweep,2481
sweep,3107
sweep,2725
sweep,3092
sweep,3137
sweep,3234
sweep,2746
sweep,2993
sweep,2822
sweep,3028
sweep,3006
sweep,3585
sweep,2921
sweep,7453
sweep,8661
sweep,9328
sweep,7405
sweep,6976
sweep,8696
sweep,6165
sweep,3651
sweep,4418
sweep,5615
sweep,5672
sweep,5904
sweep,2881
mark,1041349
sweep,4824
sweep,3701
sweep,4226
sweep,4391
sweep,4061
sweep,4270
sweep,3401
sweep,3779
sweep,2709
sweep,3174
sweep,2980
sweep,2925
sweep,3113
sweep,2927
sweep,2484
sweep,2849
sweep,3662
sweep,3122
sweep,2982
sweep,3344
sweep,2522
sweep,2540
sweep,3633
sweep,2585
sweep,3614
sweep,1880
sweep,3182
sweep,4087
sweep,3886
sweep,4054
sweep,3117
sweep,2766
sweep,3450
sweep,2982
sweep,2998
sweep,2937
sweep,2686
sweep,3302
sweep,3042
sweep,2892
sweep,3972
sweep,2883
sweep,2921
sweep,3334
sweep,3193
sweep,3599
sweep,2687
sweep,2934
sweep,2366
sweep,5474
sweep,5865
sweep,5996
sweep,6694
sweep,8063
sweep,5251
sweep,5723
sweep,8882
sweep,8121
sweep,8479
sweep,8007
sweep,7432
sweep,5981
mark,1054988
sweep,4795
sweep,4312
sweep,3912
sweep,4375
sweep,3774
sweep,4277
sweep,3578
sweep,3314
sweep,3417
sweep,3079
sweep,3091
sweep,3399
sweep,2983
sweep,2943
sweep,2845
sweep,2902
sweep,3307
sweep,3224
sweep,3401
sweep,3099
sweep,2354
sweep,2811
sweep,3082
sweep,2837
sweep,2474
sweep,3147
sweep,2981
sweep,3310
sweep,4129
sweep,3806
sweep,3199
sweep,3220
sweep,2834
sweep,3008
sweep,3311
sweep,3282
sweep,3112
sweep,2997
sweep,3082
sweep,3278
sweep,3293
sweep,3127
sweep,2995
sweep,3129
sweep,3232
sweep,2533
sweep,2800
sweep,3148
sweep,2620
sweep,4729
sweep,8032
sweep,9557
sweep,8970
sweep,6873
sweep,7272
sweep,9197
sweep,5654
sweep,3957
sweep,4589
sweep,4848
sweep,6040
sweep,6203
sweep,1750
mark,1037097
sweep,5041
sweep,3874
sweep,4022
sweep,4165
sweep,3601
sweep,6266
sweep,3664
sweep,3635
sweep,3052
sweep,2996
sweep,3001
sweep,2954
sweep,2317
sweep,2806
sweep,2677
sweep,3257
sweep,3738
sweep,3231
sweep,3160
sweep,2627
sweep,3319
sweep,3044
sweep,2426
sweep,3194
sweep,3493
sweep,2757
sweep,3675
sweep,3797
sweep,3476
sweep,3370
sweep,3113
sweep,2630
sweep,2944
sweep,3204
sweep,3074
sweep,3149
sweep,2750
sweep,3125
sweep,2890
sweep,2751
sweep,3004
sweep,3257
sweep,2914
sweep,2937
sweep,2633
sweep,3293
sweep,3322
sweep,2729
sweep,2823
sweep,5550
sweep,6450
sweep,6471
sweep,7232
sweep,7327
sweep,4882
sweep,6600
sweep,8295
sweep,7979
sweep,7932
sweep,7120
sweep,6943
sweep,4038
mark,1029918
sweep,4802
sweep,4212
sweep,4262
sweep,4252
sweep,3916
sweep,4102
sweep,3851
sweep,3123
sweep,3048
sweep,3331
sweep,2978
sweep,2935
sweep,2596
sweep,2912
sweep,2776
sweep,2714
sweep,3336
sweep,2958
sweep,2933
sweep,3387
sweep,2412
sweep,2426
sweep,3602
sweep,2208
sweep,3010
sweep,1977
sweep,3588
sweep,4188
sweep,3854
sweep,4218
sweep,3069
sweep,3052
sweep,2936
sweep,3190
sweep,2874
sweep,3417
sweep,2927
sweep,3468
sweep,2421
sweep,2661
sweep,3584
sweep,2600
sweep,2738
sweep,2975
sweep,3342
sweep,3651
sweep,2876
sweep,2278
sweep,2881
sweep,5568
sweep,7778
sweep,8746
sweep,9175
sweep,5983
sweep,7203
sweep,8429
sweep,4071
sweep,4134
sweep,4763
sweep,5162
sweep,5800
sweep,6099
mark,1034371
sweep,4744
sweep,4144
sweep,3902
sweep,3909
sweep,3855
sweep,3993
sweep,3669
sweep,3171
sweep,3032
sweep,3261
sweep,3026
sweep,2956
sweep,2621
sweep,3099
sweep,2709
sweep,2955
sweep,3282
sweep,3033
sweep,2946
sweep,3110
sweep,2305
sweep,2274
sweep,3800
sweep,2712
sweep,3654
sweep,2026
sweep,3561
sweep,3679
sweep,4079
sweep,3715
sweep,3286
sweep,3188
sweep,3316
sweep,2831
sweep,3047
sweep,3301
sweep,2615
sweep,3237
sweep,2907
sweep,2664
sweep,3623
sweep,2656
sweep,2608
sweep,3161
sweep,3107
sweep,3259
sweep,2599
sweep,2806
sweep,2503
sweep,5530
sweep,4945
sweep,6290
sweep,6921
sweep,8343
sweep,4879
sweep,6051
sweep,8620
sweep,8371
sweep,8419
sweep,7208
sweep,7443
sweep,6189
mark,1034535
sweep,4875
sweep,4396
sweep,4385
sweep,4246
sweep,3523
sweep,4147
sweep,3799
sweep,3256
sweep,2839
sweep,3215
sweep,3099
sweep,2727
sweep,2675
sweep,2916
sweep,2580
sweep,2885
sweep,3694
sweep,3323
sweep,3161
sweep,3590
sweep,2338
sweep,5688
sweep,3711
sweep,2802
sweep,3366
sweep,1850
sweep,3636
sweep,3650
sweep,4336
sweep,3929
sweep,3147
sweep,3046
sweep,2824
sweep,2887
sweep,2905
sweep,3195
sweep,2791
sweep,3427
sweep,3072
sweep,2525
sweep,3719
sweep,2902
sweep,2767
sweep,3145
sweep,2809
sweep,3313
sweep,2717
sweep,2655
sweep,2678
sweep,6695
sweep,8311
sweep,9114
sweep,8870
sweep,5525
sweep,8479
sweep,7646
sweep,4035
sweep,4642
sweep,4797
sweep,5811
sweep,5815
sweep,5496
mark,1029734
sweep,4579
sweep,3801
sweep,4109
sweep,4237
sweep,3724
sweep,4217
sweep,3818
sweep,3128
sweep,3107
sweep,3127
sweep,3389
sweep,2722
sweep,2646
sweep,2770
sweep,2645
sweep,2623
sweep,3243
sweep,3007
sweep,2956
sweep,3338
sweep,2690
sweep,2477
sweep,3450
sweep,2940
sweep,3822
sweep,2032
sweep,3303
sweep,3971
sweep,4509
sweep,3527
sweep,3158
sweep,2880
sweep,2913
sweep,2980
sweep,3223
sweep,3006
sweep,2690
sweep,3263
sweep,3046
sweep,2497
sweep,3457
sweep,2577
sweep,2400
sweep,3084
sweep,2960
sweep,3666
sweep,2543
sweep,3003
sweep,2442
sweep,3653
sweep,5355
sweep,6892
sweep,6854
sweep,8178
sweep,6079
sweep,5414
sweep,8636
sweep,8163
sweep,8393
sweep,7442
sweep,7321
sweep,7499
mark,1035650
sweep,4938
sweep,3889
sweep,3979
sweep,4058
sweep,3532
sweep,4105
sweep,3717
sweep,3099
sweep,3118
sweep,3284
sweep,3424
sweep,3127
sweep,2803
sweep,2890
sweep,2547
sweep,2761
sweep,3231
sweep,2855
sweep,3472
sweep,3236
sweep,2641
sweep,2448
sweep,3120
sweep,2871
sweep,3063
sweep,2973
sweep,3575
sweep,3610
sweep,3921
sweep,3871
sweep,3015
sweep,2922
sweep,3441
sweep,2914
sweep,2759
sweep,3242
sweep,2890
sweep,3198
sweep,2808
sweep,2849
sweep,3583
sweep,2747
sweep,2453
sweep,3554
sweep,2675
sweep,3400
sweep,2559
sweep,2605
sweep,2364
sweep,5400
sweep,8362
sweep,9448
sweep,8851
sweep,6175
sweep,12041
sweep,8616
sweep,4471
sweep,4241
sweep,5089
sweep,5749
sweep,5806
sweep,6168
sweep,254
mark,1032808
sweep,4846
sweep,3765
sweep,4272
sweep,4370
sweep,3734
sweep,4200
sweep,3397
sweep,3345
sweep,2927
sweep,3200
sweep,3163
sweep,3056
sweep,3011
sweep,2784
sweep,2431
sweep,3140
sweep,3327
sweep,3104
sweep,2873
sweep,3790
sweep,2328
sweep,2461
sweep,3772
sweep,3155
sweep,3129
sweep,1821
sweep,3613
sweep,4113
sweep,4191
sweep,3922
sweep,3355
sweep,3064
sweep,3056
sweep,3046
sweep,2928
sweep,3059
sweep,2887
sweep,3342
sweep,3323
sweep,2691
sweep,3651
sweep,2856
sweep,2849
sweep,3011
sweep,2902
sweep,3535
sweep,2544
sweep,2674
sweep,2440
sweep,4874
sweep,4994
sweep,6514
sweep,6948
sweep,8111
sweep,5677
sweep,5846
sweep,8818
sweep,8406
sweep,8398
sweep,7275
sweep,7323
sweep,6535
mark,1021261
sweep,4564
sweep,3849
sweep,3978
sweep,4051
sweep,3602
sweep,6253
sweep,2998
sweep,3808
sweep,2932
sweep,2822
sweep,2980
sweep,2994
sweep,2434
sweep,2670
sweep,2962
sweep,3251
sweep,3675
sweep,2897
sweep,3373
sweep,2734
sweep,3075
sweep,2771
sweep,2725
sweep,2951
sweep,2986
sweep,3002
sweep,3262
sweep,4377
sweep,4350
sweep,3950
sweep,3151
sweep,2876
sweep,2857
sweep,3267
sweep,3329
sweep,3196
sweep,2399
sweep,3127
sweep,2932
sweep,2754
sweep,2972
sweep,3116
sweep,2663
sweep,3142
sweep,2916
sweep,2873
sweep,2974
sweep,2668
sweep,2925
sweep,7853
sweep,8932
sweep,8479
sweep,7086
sweep,5665
sweep,8963
sweep,5730
sweep,3695
sweep,4290
sweep,5308
sweep,6042
sweep,6375
sweep,2703
mark,1027059
sweep,4605
sweep,4125
sweep,4026
sweep,3936
sweep,4126
sweep,3913
sweep,3542
sweep,3521
sweep,2707
sweep,3292
sweep,3133
sweep,2922
sweep,2663
sweep,3082
sweep,2538
sweep,2677
sweep,3399
sweep,3182
sweep,3037
sweep,3390
sweep,2797
sweep,2612
sweep,3806
sweep,2882
sweep,3188
sweep,2033
sweep,3529
sweep,3646
sweep,4917
sweep,3490
sweep,3457
sweep,3022
sweep,2895
sweep,3178
sweep,3424
sweep,3286
sweep,2884
sweep,3271
sweep,3158
sweep,2763
sweep,3362
sweep,2765
sweep,2706
sweep,2958
sweep,2994
sweep,3497
sweep,2594
sweep,2705
sweep,2396
sweep,3517
sweep,5163
sweep,6497
sweep,6672
sweep,7301
sweep,5569
sweep,5636
sweep,8903
sweep,8092
sweep,8142
sweep,6996
sweep,7385
sweep,6568
mark,1029640
sweep,4753
sweep,4227
sweep,4080
sweep,4303
sweep,3847
sweep,6226
sweep,3597
sweep,3628
sweep,2748
sweep,2987
sweep,3209
sweep,3180
sweep,2644
sweep,2830
sweep,2756
sweep,3472
sweep,3755
sweep,3143
sweep,3440
sweep,2646
sweep,3001
sweep,2678
sweep,3007
sweep,3176
sweep,3020
sweep,2768
sweep,3485
sweep,4440
sweep,3755
sweep,3440
sweep,2972
sweep,2997
sweep,2805
sweep,3085
sweep,2920
sweep,2977
sweep,2434
sweep,3227
sweep,2699
sweep,2739
sweep,3471
sweep,3288
sweep,2795
sweep,3224
sweep,3226
sweep,2658
sweep,3038
sweep,3279
sweep,2957
sweep,8281
sweep,9699
sweep,9364
sweep,7633
sweep,6069
sweep,8429
sweep,6410
sweep,4021
sweep,4508
sweep,4941
sweep,5917
sweep,6398
sweep,3103
mark,1029337
sweep,4674
sweep,4164
sweep,3815
sweep,4254
sweep,3730
sweep,4024
sweep,3812
sweep,3172
sweep,2701
sweep,3210
sweep,3264
sweep,2905
sweep,2565
sweep,2764
sweep,2779
sweep,3009
sweep,3728
sweep,3157
sweep,2589
sweep,3310
sweep,2230
sweep,2325
sweep,3715
sweep,2608
sweep,3199
sweep,1905
sweep,3478
sweep,4090
sweep,3789
sweep,3625
sweep,3594
sweep,3440
sweep,2703
sweep,2856
sweep,2988
sweep,3168
sweep,2568
sweep,3552
sweep,3122
sweep,2362
sweep,3564
sweep,2878
sweep,2706
sweep,3253
sweep,2781
sweep,3502
sweep,2709
sweep,2901
sweep,2220
sweep,4514
sweep,5091
sweep,6221
sweep,7079
sweep,7386
sweep,5852
sweep,5868
sweep,8316
sweep,8729
sweep,8336
sweep,7197
sweep,7429
sweep,6714
mark,1037281
sweep,4993
sweep,4004
sweep,4102
sweep,4086
sweep,3837
sweep,3811
sweep,3613
sweep,3377
sweep,3079
sweep,3141
sweep,3337
sweep,2948
sweep,2689
sweep,3035
sweep,2723
sweep,3046
sweep,3439
sweep,3072
sweep,2928
sweep,3154
sweep,2360
sweep,2482
sweep,3942
sweep,2751
sweep,3042
sweep,2141
sweep,3773
sweep,3710
sweep,4194
sweep,3585
sweep,3029
sweep,3186
sweep,2793
sweep,2998
sweep,3151
sweep,3339
sweep,2352
sweep,3382
sweep,2837
sweep,2590
sweep,3745
sweep,2719
sweep,2988
sweep,3058
sweep,2730
sweep,3277
sweep,2459
sweep,2898
sweep,2452
sweep,6125
sweep,8900
sweep,9171
sweep,8739
sweep,6162
sweep,7518
sweep,7935
sweep,3996
sweep,4577
sweep,4590
sweep,5835
sweep,5959
sweep,5398
mark,1036750
sweep,4646
sweep,3793
sweep,3975
sweep,4180
sweep,3895
sweep,4435
sweep,4029
sweep,3227
sweep,2818
sweep,3427
sweep,3156
sweep,2979
sweep,2783
sweep,2868
sweep,2493
sweep,2953
sweep,3396
sweep,2918
sweep,2740
sweep,3428
sweep,2441
sweep,2625
sweep,3582
sweep,2959
sweep,2992
sweep,2085
sweep,3617
sweep,4364
sweep,4857
sweep,3646
sweep,3230
sweep,3240
sweep,2677
sweep,2919
sweep,2981
sweep,3157
sweep,2652
sweep,3613
sweep,2956
sweep,2664
sweep,3229
sweep,2717
sweep,2867
sweep,2986
sweep,2520
sweep,3473
sweep,2544
sweep,2791
sweep,2587
sweep,4775
sweep,4657
sweep,6720
sweep,7145
sweep,7441
sweep,5935
sweep,5589
sweep,8955
sweep,7919
sweep,8535
sweep,7106
sweep,7707
sweep,6995
mark,1037179
sweep,5173
sweep,4179
sweep,4150
sweep,4041
sweep,3534
sweep,4077
sweep,3712
sweep,3375
sweep,3066
sweep,3251
sweep,2989
sweep,2896
sweep,2970
sweep,2874
sweep,2817
sweep,2769
sweep,3328
sweep,2874
sweep,3188
sweep,3467
sweep,2518
sweep,2474
sweep,3592
sweep,2616
sweep,3121
sweep,1995
sweep,3296
sweep,4015
sweep,4409
sweep,3391
sweep,3428
sweep,3080
sweep,5727
sweep,3075
sweep,2990
sweep,3044
sweep,2622
sweep,3521
sweep,3112
sweep,2587
sweep,3320
sweep,2843
sweep,2655
sweep,3323
sweep,2906
sweep,3332
sweep,2619
sweep,2955
sweep,2509
sweep,7035
sweep,9050
sweep,9113
sweep,8969
sweep,5409
sweep,7493
sweep,7396
sweep,4076
sweep,4959
sweep,4757
sweep,5549
sweep,5822
sweep,5478
mark,1038532
sweep,4850
sweep,3740
sweep,4055
sweep,3879
sweep,3739
sweep,4098
sweep,3640
sweep,3253
sweep,2837
sweep,3203
sweep,3345
sweep,2957
sweep,2653
sweep,2916
sweep,2905
sweep,2886
sweep,3336
sweep,3002
sweep,2855
sweep,3680
sweep,2440
sweep,2473
sweep,3630
sweep,2771
sweep,3045
sweep,1956
sweep,3343
sweep,3970
sweep,4754
sweep,3611
sweep,3159
sweep,3416
sweep,2916
sweep,3094
sweep,2999
sweep,3107
sweep,3071
sweep,3528
sweep,2934
sweep,2841
sweep,3384
sweep,2678
sweep,2680
sweep,3366
sweep,3021
sweep,3381
sweep,2786
sweep,2940
sweep,2528
sweep,4755
sweep,4612
sweep,6504
sweep,6921
sweep,7215
sweep,5846
sweep,5372
sweep,9052
sweep,8030
sweep,8590
sweep,7542
sweep,7722
sweep,6695
mark,1038814
sweep,5052
sweep,4084
sweep,4189
sweep,4029
sweep,3508
sweep,4101
sweep,3936
sweep,3077
sweep,3085
sweep,3430
sweep,3036
sweep,3028
sweep,2886
sweep,2731
sweep,2634
sweep,2691
sweep,3405
sweep,2916
sweep,3241
sweep,3742
sweep,2315
sweep,2648
sweep,3845
sweep,2717
sweep,3143
sweep,1879
sweep,3693
sweep,4113
sweep,4497
sweep,3889
sweep,3142
sweep,2983
sweep,2770
sweep,3146
sweep,3319
sweep,3397
sweep,2610
sweep,3612
sweep,3166
sweep,2881
sweep,3635
sweep,3063
sweep,2740
sweep,2948
sweep,2690
sweep,3391
sweep,2609
sweep,2905
sweep,2624
sweep,7418
sweep,8857
sweep,9010
sweep,9134
sweep,6221
sweep,7631
sweep,7678
sweep,4143
sweep,4859
sweep,4905
sweep,5593
sweep,5478
sweep,5147
mark,1042201
sweep,4563
sweep,3954
sweep,3905
sweep,4105
sweep,3742
sweep,4261
sweep,3647
sweep,3075
sweep,2710
sweep,3192
sweep,3029
sweep,2738
sweep,2826
sweep,2963
sweep,2395
sweep,3046
sweep,3471
sweep,3222
sweep,2954
sweep,3379
sweep,2394
sweep,2422
sweep,3955
sweep,2683
sweep,3163
sweep,1858
sweep,3526
sweep,3817
sweep,4542
sweep,3393
sweep,3081
sweep,3461
sweep,2769
sweep,3075
sweep,2967
sweep,3391
sweep,2669
sweep,3363
sweep,3146
sweep,2639
sweep,3640
sweep,2725
sweep,2685
sweep,2974
sweep,2700
sweep,3398
sweep,2639
sweep,2939
sweep,2874
sweep,4927
sweep,5164
sweep,6248
sweep,7145
sweep,7723
sweep,6306
sweep,5420
sweep,8711
sweep,8092
sweep,8271
sweep,6963
sweep,7452
sweep,6640
mark,1031200
sweep,4642
sweep,4022
sweep,3878
sweep,4076
sweep,3566
sweep,4101
sweep,3846
sweep,3419
sweep,2793
sweep,3191
sweep,3058
sweep,3005
sweep,2810
sweep,2776
sweep,2517
sweep,2753
sweep,3359
sweep,2950
sweep,3124
sweep,3425
sweep,2375
sweep,2474
sweep,4152
sweep,2776
sweep,3105
sweep,2150
sweep,3304
sweep,3999
sweep,4340
sweep,3533
sweep,3083
sweep,3084
sweep,2840
sweep,3044
sweep,2963
sweep,3328
sweep,2339
sweep,3443
sweep,2991
sweep,2575
sweep,3554
sweep,2835
sweep,2369
sweep,3033
sweep,2956
sweep,3590
sweep,2597
sweep,2815
sweep,2797
sweep,5805
sweep,8754
sweep,9223
sweep,9188
sweep,5981
sweep,6769
sweep,8102
sweep,4061
sweep,4518
sweep,4627
sweep,5596
sweep,5416
sweep,5958
mark,1035167
sweep,4586
sweep,4047
sweep,4143
sweep,4293
sweep,3489
sweep,6105
sweep,2985
sweep,3637
sweep,3000
sweep,3260
sweep,3459
sweep,3146
sweep,2371
sweep,3108
sweep,2670
sweep,3055
sweep,3575
sweep,2930
sweep,3503
sweep,2599
sweep,2941
sweep,2793
sweep,2797
sweep,2911
sweep,3497
sweep,2990
sweep,3323
sweep,4448
sweep,3498
sweep,3443
sweep,2979
sweep,2864
sweep,2781
sweep,3031
sweep,3712
sweep,3100
sweep,2699
sweep,3085
sweep,2879
sweep,2898
sweep,3160
sweep,3340
sweep,2517
sweep,3087
sweep,2767
sweep,2883
sweep,3127
sweep,2860
sweep,3031
sweep,4927
sweep,5394
sweep,6501
sweep,7015
sweep,7964
sweep,5248
sweep,7199
sweep,8153
sweep,8134
sweep,8075
sweep,7370
sweep,7098
sweep,4408
mark,1035341
sweep,5209
sweep,3978
sweep,3982
sweep,4362
sweep,3864
sweep,4203
sweep,3612
sweep,3192
sweep,3022
sweep,3205
sweep,3387
sweep,2820
sweep,2774
sweep,2958
sweep,2372
sweep,3398
sweep,3651
sweep,3358
sweep,2786
sweep,3193
sweep,2215
sweep,2453
sweep,3731
sweep,2598
sweep,3282
sweep,1937
sweep,3589
sweep,3880
sweep,4650
sweep,3610
sweep,3500
sweep,3092
sweep,2847
sweep,3062
sweep,3194
sweep,3258
sweep,2378
sweep,3638
sweep,3188
sweep,2791
sweep,3603
sweep,2592
sweep,2660
sweep,3140
sweep,3248
sweep,3690
sweep,2576
sweep,3123
sweep,2539
sweep,5699
sweep,8680
sweep,8548
sweep,8993
sweep,6383
sweep,7613
sweep,7783
sweep,4137
sweep,4539
sweep,4385
sweep,5559
sweep,6015
sweep,5343
mark,1032079
sweep,4536
sweep,4091
sweep,4088
sweep,4041
sweep,3774
sweep,5938
sweep,2924
sweep,3215
sweep,3053
sweep,3136
sweep,2993
sweep,3140
sweep,2252
sweep,3053
sweep,2972
sweep,3396
sweep,3526
sweep,2994
sweep,2923
sweep,2847
sweep,2869
sweep,3565
sweep,2536
sweep,2431
sweep,3233
sweep,2687
sweep,3231
sweep,4634
sweep,3466
sweep,3195
sweep,3156
sweep,2886
sweep,2910
sweep,3267
sweep,3077
sweep,3165
sweep,2557
sweep,3566
sweep,2680
sweep,2765
sweep,3000
sweep,3161
sweep,2602
sweep,3060
sweep,3214
sweep,2724
sweep,2920
sweep,3386
sweep,2991
sweep,5167
sweep,5276
sweep,6812
sweep,6559
sweep,7414
sweep,5413
sweep,7314
sweep,8210
sweep,8790
sweep,8224
sweep,7125
sweep,7094
sweep,3935
mark,1035521
sweep,4677
sweep,4231
sweep,4194
sweep,4369
sweep,3735
sweep,4154
sweep,3862
sweep,3451
sweep,2848
sweep,3232
sweep,3410
sweep,3311
sweep,3096
sweep,2731
sweep,2440
sweep,2614
sweep,3440
sweep,3008
sweep,3032
sweep,3087
sweep,2618
sweep,2629
sweep,3769
sweep,2645
sweep,3248
sweep,1971
sweep,3355
sweep,3975
sweep,3880
sweep,4303
sweep,3203
sweep,2993
sweep,3036
sweep,2826
sweep,3175
sweep,2973
sweep,2554
sweep,3305
sweep,3151
sweep,2827
sweep,3539
sweep,2877
sweep,2625
sweep,3195
sweep,2724
sweep,3245
sweep,2640
sweep,2910
sweep,2489
sweep,6725
sweep,8722
sweep,9014
sweep,8957
sweep,5924
sweep,7853
sweep,7505
sweep,4039
sweep,4441
sweep,5004
sweep,5737
sweep,5656
sweep,5561
mark,1048184
sweep,4824
sweep,3800
sweep,4492
sweep,4263
sweep,3883
sweep,4167
sweep,3467
sweep,3461
sweep,2899
sweep,3602
sweep,3146
sweep,2952
sweep,2724
sweep,2941
sweep,2557
sweep,3031
sweep,3589
sweep,2999
sweep,2918
sweep,3312
sweep,2472
sweep,2523
sweep,3879
sweep,2488
sweep,3106
sweep,1895
sweep,3485
sweep,3640
sweep,4449
sweep,4239
sweep,3219
sweep,2817
sweep,3042
sweep,2949
sweep,3146
sweep,3204
sweep,2800
sweep,3272
sweep,2911
sweep,2716
sweep,3714
sweep,2853
sweep,2481
sweep,3167
sweep,3203
sweep,3414
sweep,2703
sweep,2542
sweep,2687
sweep,4418
sweep,4483
sweep,6444
sweep,6573
sweep,7487
sweep,6823
sweep,4911
sweep,8987
sweep,8217
sweep,8719
sweep,7877
sweep,7566
sweep,7015
sweep,793
mark,1053834
sweep,5071
sweep,4045
sweep,4063
sweep,4323
sweep,3784
sweep,6319
sweep,3178
sweep,3783
sweep,3001
sweep,2938
sweep,3042
sweep,3309
sweep,2539
sweep,3106
sweep,3242
sweep,3562
sweep,3339
sweep,3178
sweep,3573
sweep,2637
sweep,2443
sweep,2589
sweep,2952
sweep,2698
sweep,2684
sweep,2577
sweep,3434
sweep,3728
sweep,4630
sweep,3147
sweep,3347
sweep,3180
sweep,2995
sweep,2864
sweep,3417
sweep,3036
sweep,2995
sweep,2721
sweep,3117
sweep,2713
sweep,3412
sweep,2775
sweep,2635
sweep,3196
sweep,3359
sweep,3616
sweep,2674
sweep,2770
sweep,2460
sweep,6407
sweep,8965
sweep,8987
sweep,9000
sweep,6407
sweep,6767
sweep,8159
sweep,4082
sweep,4779
sweep,4402
sweep,5451
sweep,5944
sweep,5513
mark,1063778
sweep,4586
sweep,4481
sweep,3988
sweep,3860
sweep,4062
sweep,3793
sweep,3539
sweep,3191
sweep,2997
sweep,2964
sweep,3232
sweep,2812
sweep,2882
sweep,2957
sweep,2418
sweep,2825
sweep,3344
sweep,3037
sweep,3013
sweep,3148
sweep,2474
sweep,2476
sweep,3722
sweep,2855
sweep,3099
sweep,2219
sweep,3523
sweep,3678
sweep,4311
sweep,3416
sweep,3330
sweep,2913
sweep,2836
sweep,2930
sweep,3308
sweep,3190
sweep,2484
sweep,3355
sweep,3017
sweep,2685
sweep,3593
sweep,2663
sweep,3170
sweep,3132
sweep,2675
sweep,3574
sweep,2500
sweep,2863
sweep,2787
sweep,4492
sweep,4536
sweep,7072
sweep,11867
sweep,7286
sweep,7001
sweep,5569
sweep,8966
sweep,7992
sweep,9174
sweep,8063
sweep,7266
sweep,7200
mark,1041737
sweep,4810
sweep,3875
sweep,3919
sweep,3944
sweep,3499
sweep,4307
sweep,3615
sweep,3239
sweep,2889
sweep,3435
sweep,3113
sweep,2868
sweep,2893
sweep,3008
sweep,2503
sweep,2897
sweep,3336
sweep,3027
sweep,3059
sweep,3363
sweep,2623
sweep,2463
sweep,3538
sweep,2628
sweep,3131
sweep,2189
sweep,3432
sweep,3799
sweep,4954
sweep,3498
sweep,3455
sweep,3541
sweep,2733
sweep,2961
sweep,3028
sweep,3569
sweep,2597
sweep,3590
sweep,3016
sweep,2581
sweep,3645
sweep,3026
sweep,2726
sweep,3064
sweep,2680
sweep,3624
sweep,2651
sweep,3209
sweep,2941
sweep,5423
sweep,8837
sweep,8788
sweep,9270
sweep,6817
sweep,7043
sweep,8022
sweep,4327
sweep,4606
sweep,4715
sweep,5271
sweep,6292
sweep,5546
mark,1034586
sweep,4414
sweep,3830
sweep,4293
sweep,3864
sweep,3518
sweep,4144
sweep,3463
sweep,3331
sweep,2782
sweep,3194
sweep,3270
sweep,3108
sweep,2752
sweep,2684
sweep,2461
sweep,3158
sweep,3410
sweep,3006
sweep,2760
sweep,3731
sweep,2488
sweep,2607
sweep,3571
sweep,2602
sweep,3094
sweep,1987
sweep,3347
sweep,3829
sweep,4243
sweep,4125
sweep,3571
sweep,3092
sweep,3298
sweep,3370
sweep,3131
sweep,3205
sweep,2613
sweep,3309
sweep,3040
sweep,2708
sweep,3239
sweep,2889
sweep,2535
sweep,3291
sweep,2539
sweep,3299
sweep,2556
sweep,2900
sweep,2562
sweep,4632
sweep,4439
sweep,6461
sweep,6531
sweep,7590
sweep,6428
sweep,5209
sweep,8880
sweep,7889
sweep,8644
sweep,7293
sweep,7113
sweep,7527
mark,1022283
sweep,4922
sweep,4196
sweep,4012
sweep,4220
sweep,3976
sweep,6303
sweep,3238
sweep,3495
sweep,2652
sweep,3329
sweep,3366
sweep,3272
sweep,2381
sweep,2839
sweep,2608
sweep,3306
sweep,3928
sweep,3062
sweep,3631
sweep,2594
sweep,2596
sweep,2786
sweep,2632
sweep,3120
sweep,2777
sweep,2898
sweep,3339
sweep,4354
sweep,4024
sweep,3478
sweep,3058
sweep,3017
sweep,2718
sweep,3529
sweep,2906
sweep,3334
sweep,2491
sweep,3183
sweep,2756
sweep,2796
sweep,3171
sweep,3382
sweep,2664
sweep,3233
sweep,2476
sweep,3350
sweep,3541
sweep,2910
sweep,3523
sweep,7559
sweep,9739
sweep,9184
sweep,8269
sweep,5403
sweep,7814
sweep,6048
sweep,3938
sweep,4229
sweep,4932
sweep,6153
sweep,5807
sweep,3897
mark,1026854
sweep,5090
sweep,4031
sweep,4033
sweep,3977
sweep,3940
sweep,3893
sweep,3772
sweep,3123
sweep,2678
sweep,3366
sweep,3173
sweep,3007
sweep,2582
sweep,2998
sweep,2503
sweep,3083
sweep,3532
sweep,3416
sweep,3040
sweep,3890
sweep,2256
sweep,2450
sweep,3537
sweep,2919
sweep,3512
sweep,2217
sweep,3488
sweep,3805
sweep,3838
sweep,3789
sweep,3341
sweep,3196
sweep,2638
sweep,3168
sweep,2909
sweep,3236
sweep,2576
sweep,3387
sweep,3189
sweep,2642
sweep,3559
sweep,2811
sweep,2829
sweep,3333
sweep,2590
sweep,3670
sweep,2971
sweep,2694
sweep,2436
sweep,5006
sweep,4599
sweep,6590
sweep,6724
sweep,7371
sweep,6638
sweep,5256
sweep,9366
sweep,7947
sweep,8565
sweep,7955
sweep,7110
sweep,7063
mark,1044277
sweep,4851
sweep,4159
sweep,3737
sweep,3834
sweep,3852
sweep,3857
sweep,3700
sweep,3275
sweep,2687
sweep,3254
sweep,3094
sweep,2914
sweep,2729
sweep,3385
sweep,2404
sweep,2849
sweep,3560
sweep,3081
sweep,2665
sweep,3417
sweep,2431
sweep,2381
sweep,3578
sweep,2565
sweep,3290
sweep,2102
sweep,3479
sweep,3887
sweep,3910
sweep,4040
sweep,3103
sweep,2924
sweep,2802
sweep,2902
sweep,3159
sweep,3051
sweep,2444
sweep,3377
sweep,3180
sweep,2863
sweep,3455
sweep,2398
sweep,3275
sweep,3156
sweep,2864
sweep,3422
sweep,2691
sweep,2904
sweep,2470
sweep,5957
sweep,9163
sweep,8662
sweep,9442
sweep,6532
sweep,7169
sweep,7938
sweep,4121
sweep,4693
sweep,4630
sweep,5301
sweep,6467
sweep,5590
mark,1033760
sweep,4356
sweep,4264
sweep,4512
sweep,3879
sweep,3766
sweep,4182
sweep,3649
sweep,3289
sweep,2711
sweep,3572
sweep,3029
sweep,2889
sweep,2903
sweep,2688
sweep,2763
sweep,2939
sweep,3463
sweep,3006
sweep,2714
sweep,3779
sweep,2338
sweep,2578
sweep,3726
sweep,2801
sweep,3059
sweep,2087
sweep,3353
sweep,3698
sweep,4471
sweep,3630
sweep,3176
sweep,2972
sweep,3136
sweep,3053
sweep,2938
sweep,3383
sweep,2766
sweep,3529
sweep,3045
sweep,2646
sweep,3509
sweep,3045
sweep,2742
sweep,3462
sweep,2771
sweep,3711
sweep,2577
sweep,2858
sweep,2606
sweep,5305
sweep,5294
sweep,6612
sweep,6435
sweep,6856
sweep,6067
sweep,5546
sweep,8451
sweep,8270
sweep,8102
sweep,7447
sweep,7206
sweep,6596
mark,1039666
sweep,4637
sweep,3819
sweep,3880
sweep,4180
sweep,3584
sweep,4791
sweep,3859
sweep,3551
sweep,3083
sweep,3428
sweep,3173
sweep,2912
sweep,2676
sweep,3020
sweep,2414
sweep,3335
sweep,3378
sweep,3135
sweep,2765
sweep,3529
sweep,2660
sweep,2488
sweep,3669
sweep,2614
sweep,3196
sweep,1818
sweep,3598
sweep,3992
sweep,4539
sweep,3434
sweep,3025
sweep,2909
sweep,3032
sweep,3300
sweep,2994
sweep,2949
sweep,2301
sweep,3449
sweep,2976
sweep,2666
sweep,3450
sweep,3121
sweep,2405
sweep,3035
sweep,2961
sweep,3507
sweep,2894
sweep,3037
sweep,2342
sweep,5209
sweep,8713
sweep,8750
sweep,8831
sweep,6963
sweep,6598
sweep,9143
sweep,4118
sweep,4383
sweep,4643
sweep,5713
sweep,6245
sweep,5983
mark,1035910
sweep,4665
sweep,3909
sweep,4023
sweep,4154
sweep,3887
sweep,6122
sweep,3174
sweep,3648
sweep,2713
sweep,3216
sweep,3127
sweep,3098
sweep,2468
sweep,2594
sweep,2927
sweep,3270
sweep,3728
sweep,3436
sweep,3584
sweep,2530
sweep,2581
sweep,2687
sweep,2688
sweep,2974
sweep,2794
sweep,3163
sweep,3338
sweep,4192
sweep,3618
sweep,3657
sweep,3012
sweep,2761
sweep,2848
sweep,3359
sweep,3055
sweep,3047
sweep,2408
sweep,3188
sweep,2691
sweep,2867
sweep,3432
sweep,3299
sweep,2660
sweep,3183
sweep,2913
sweep,3156
sweep,2902
sweep,2882
sweep,2924
sweep,5070
sweep,5373
sweep,6583
sweep,6684
sweep,7594
sweep,5298
sweep,6816
sweep,8606
sweep,8022
sweep,8259
sweep,7012
sweep,7132
sweep,4461
mark,1039630
sweep,4872
sweep,3899
sweep,4038
sweep,4216
sweep,3851
sweep,3868
sweep,3624
sweep,3726
sweep,2753
sweep,3290
sweep,6537
sweep,2982
sweep,3042
sweep,2873
sweep,2439
sweep,3086
sweep,3415
sweep,2935
sweep,3128
sweep,3305
sweep,2388
sweep,2777
sweep,3642
sweep,2943
sweep,3780
sweep,1906
sweep,3454
sweep,4159
sweep,4009
sweep,3457
sweep,4053
sweep,2998
sweep,3127
sweep,2856
sweep,3173
sweep,3304
sweep,2890
sweep,3299
sweep,3105
sweep,3236
sweep,3406
sweep,2890
sweep,2631
sweep,3199
sweep,3097
sweep,3531
sweep,2573
sweep,2886
sweep,2365
sweep,6746
sweep,8506
sweep,8374
sweep,9282
sweep,6834
sweep,7588
sweep,6670
sweep,4000
sweep,4754
sweep,4486
sweep,6774
sweep,6107
sweep,4746
mark,1130809
sweep,5183
sweep,3897
sweep,4010
sweep,4108
sweep,3658
sweep,4153
sweep,3780
sweep,3420
sweep,2811
sweep,3424
sweep,3194
sweep,2798
sweep,2667
sweep,3195
sweep,2816
sweep,2692
sweep,3329
sweep,3066
sweep,3170
sweep,3580
sweep,2329
sweep,2478
sweep,3690
sweep,2701
sweep,3464
sweep,1866
sweep,3367
sweep,3671
sweep,4180
sweep,3553
sweep,3414
sweep,3334
sweep,2913
sweep,3152
sweep,3028
sweep,3138
sweep,2328
sweep,3734
sweep,2578
sweep,2505
sweep,3668
sweep,2690
sweep,3001
sweep,2924
sweep,2891
sweep,3543
sweep,2820
sweep,2971
sweep,2571
sweep,4790
sweep,4786
sweep,6064
sweep,6890
sweep,6873
sweep,6640
sweep,5062
sweep,8592
sweep,8126
sweep,8668
sweep,7724
sweep,6962
sweep,7390
mark,1031338
sweep,4695
sweep,4446
sweep,3831
sweep,3970
sweep,3691
sweep,4303
sweep,3529
sweep,3262
sweep,3239
sweep,3553
sweep,3503
sweep,3303
sweep,2645
sweep,2927
sweep,2636
sweep,2681
sweep,3538
sweep,2914
sweep,3310
sweep,3056
sweep,2450
sweep,2689
sweep,3078
sweep,2532
sweep,2407
sweep,3196
sweep,2855
sweep,3578
sweep,3893
sweep,3460
sweep,3377
sweep,3350
sweep,2931
sweep,3399
sweep,3495
sweep,3191
sweep,3158
sweep,2581
sweep,2988
sweep,2648
sweep,3436
sweep,2549
sweep,3567
sweep,2619
sweep,3285
sweep,2613
sweep,2814
sweep,3191
sweep,3111
sweep,3605
sweep,8996
sweep,9293
sweep,9510
sweep,7965
sweep,6745
sweep,8650
sweep,5119
sweep,3988
sweep,4812
sweep,4804
sweep,6689
sweep,6567
sweep,1732
mark,1030429
sweep,5031
sweep,4249
sweep,4167
sweep,4362
sweep,3907
sweep,6070
sweep,3098
sweep,3344
sweep,2968
sweep,3037
sweep,3349
sweep,2927
sweep,2672
sweep,2963
sweep,2906
sweep,3625
sweep,3969
sweep,2829
sweep,3191
sweep,2963
sweep,2622
sweep,2849
sweep,2597
sweep,3247
sweep,3307
sweep,2787
sweep,3618
sweep,4120
sweep,3582
sweep,3055
sweep,3357
sweep,2888
sweep,2888
sweep,3494
sweep,3142
sweep,3088
sweep,2815
sweep,3160
sweep,2782
sweep,2693
sweep,2997
sweep,3539
sweep,2592
sweep,2950
sweep,2798
sweep,2866
sweep,3148
sweep,2724
sweep,2915
sweep,5748
sweep,4917
sweep,6393
sweep,6494
sweep,7300
sweep,5537
sweep,6687
sweep,9041
sweep,8278
sweep,8334
sweep,7034
sweep,7330
sweep,4112
mark,1028264
sweep,4729
sweep,3838
sweep,4089
sweep,4073
sweep,3855
sweep,4086
sweep,3726
sweep,3267
sweep,2905
sweep,3057
sweep,3056
sweep,3171
sweep,2722
sweep,3021
sweep,2598
sweep,2837
sweep,3681
sweep,3071
sweep,3233
sweep,3408
sweep,2742
sweep,2447
sweep,3574
sweep,2691
sweep,3062
sweep,2368
sweep,3560
sweep,3754
sweep,4462
sweep,3581
sweep,3084
sweep,3047
sweep,2862
sweep,2874
sweep,3008
sweep,3101
sweep,2722
sweep,3390
sweep,2966
sweep,2766
sweep,4080
sweep,2639
sweep,2355
sweep,2893
sweep,3328
sweep,3722
sweep,2857
sweep,2915
sweep,2783
sweep,5505
sweep,8576
sweep,8982
sweep,9642
sweep,7225
sweep,6355
sweep,8405
sweep,4063
sweep,4222
sweep,4879
sweep,5749
sweep,6376
sweep,5432
mark,1039505
sweep,4592
sweep,4014
sweep,3906
sweep,4300
sweep,4119
sweep,4237
sweep,3448
sweep,3134
sweep,2710
sweep,3308
sweep,3379
sweep,3088
sweep,3094
sweep,2807
sweep,2625
sweep,2720
sweep,3164
sweep,3224
sweep,3302
sweep,3111
sweep,2374
sweep,2377
sweep,4111
sweep,2872
sweep,3869
sweep,2022
sweep,3500
sweep,3757
sweep,3819
sweep,3855
sweep,3214
sweep,2809
sweep,3241
sweep,2942
sweep,3618
sweep,3416
sweep,2587
sweep,3437
sweep,2651
sweep,2676
sweep,3620
sweep,2655
sweep,2753
sweep,2877
sweep,3567
sweep,3244
sweep,2526
sweep,2656
sweep,2669
sweep,4801
sweep,4626
sweep,6402
sweep,6627
sweep,7383
sweep,6754
sweep,5409
sweep,8662
sweep,9014
sweep,8772
sweep,7399
sweep,6811
sweep,7125
mark,1027893
sweep,4647
sweep,4324
sweep,4308
sweep,4585
sweep,3582
sweep,6156
sweep,3152
sweep,3464
sweep,3047
sweep,2910
sweep,2974
sweep,3076
sweep,2557
sweep,2643
sweep,2804
sweep,3297
sweep,3932
sweep,2920
sweep,3228
sweep,2584
sweep,3008
sweep,2756
sweep,3014
sweep,3048
sweep,2808
sweep,3103
sweep,3772
sweep,3850
sweep,3953
sweep,3379
sweep,3161
sweep,2857
sweep,2935
sweep,2960
sweep,3137
sweep,3088
sweep,2664
sweep,3070
sweep,2659
sweep,2941
sweep,3426
sweep,2999
sweep,2611
sweep,3109
sweep,3136
sweep,2802
sweep,2419
sweep,3532
sweep,3035
sweep,6809
sweep,8466
sweep,8775
sweep,8602
sweep,6473
sweep,7410
sweep,6743
sweep,3869
sweep,4479
sweep,4948
sweep,6680
sweep,5409
sweep,4289
mark,1096120
sweep,5099
sweep,3745
sweep,4066
sweep,3912
sweep,3957
sweep,3961
sweep,3524
sweep,3180
sweep,3124
sweep,3057
sweep,3250
sweep,3164
sweep,2964
sweep,2768
sweep,2477
sweep,3009
sweep,3696
sweep,3158
sweep,2873
sweep,3113
sweep,2420
sweep,2330
sweep,3936
sweep,2743
sweep,3262
sweep,1947
sweep,3397
sweep,4227
sweep,4754
sweep,3687
sweep,3020
sweep,3358
sweep,2949
sweep,3096
sweep,3001
sweep,3087
sweep,2759
sweep,3300
sweep,3067
sweep,2687
sweep,3512
sweep,3087
sweep,2731
sweep,3117
sweep,2686
sweep,3283
sweep,2669
sweep,2894
sweep,2808
sweep,4842
sweep,4907
sweep,6291
sweep,7399
sweep,7413
sweep,6961
sweep,5760
sweep,9101
sweep,8096
sweep,9145
sweep,7939
sweep,7197
sweep,6678
mark,1048802
sweep,4651
sweep,4089
sweep,9725
sweep,4345
sweep,3674
sweep,4141
sweep,3853
sweep,3759
sweep,2820
sweep,3476
sweep,3444
sweep,2872
sweep,2652
sweep,2941
sweep,2821
sweep,3017
sweep,3577
sweep,3316
sweep,2670
sweep,3396
sweep,2324
sweep,2879
sweep,3849
sweep,2750
sweep,3545
sweep,2186
sweep,3726
sweep,3963
sweep,4475
sweep,4262
sweep,3146
sweep,3306
sweep,2988
sweep,3051
sweep,3050
sweep,3149
sweep,2945
sweep,3746
sweep,2872
sweep,2520
sweep,3553
sweep,2587
sweep,2756
sweep,3082
sweep,2529
sweep,3379
sweep,2646
sweep,2932
sweep,2375
sweep,7067
sweep,9172
sweep,8456
sweep,9083
sweep,7012
sweep,6580
sweep,7648
sweep,3927
sweep,4619
sweep,4696
sweep,6301
sweep,6049
sweep,5556
mark,1037351
sweep,4546
sweep,3888
sweep,4017
sweep,4017
sweep,3965
sweep,4152
sweep,3542
sweep,3620
sweep,3158
sweep,3558
sweep,3045
sweep,2864
sweep,2777
sweep,2812
sweep,2902
sweep,3285
sweep,3553
sweep,3446
sweep,2703
sweep,3480
sweep,2236
sweep,2586
sweep,4150
sweep,3010
sweep,3876
sweep,2207
sweep,3387
sweep,3763
sweep,5033
sweep,3960
sweep,3356
sweep,2858
sweep,3298
sweep,3190
sweep,3034
sweep,3110
sweep,3018
sweep,3256
sweep,2950
sweep,2554
sweep,3372
sweep,3063
sweep,2603
sweep,3260
sweep,2779
sweep,3320
sweep,2729
sweep,2874
sweep,2571
sweep,4817
sweep,4689
sweep,6763
sweep,6861
sweep,6674
sweep,6716
sweep,5756
sweep,8834
sweep,8816
sweep,8742
sweep,6960
sweep,7775
sweep,6880
mark,1028727
sweep,4682
sweep,3886
sweep,4491
sweep,4135
sweep,3603
sweep,6506
sweep,3148
sweep,3262
sweep,2832
sweep,3288
sweep,3080
sweep,3157
sweep,2353
sweep,2684
sweep,2925
sweep,3514
sweep,3818
sweep,3008
sweep,3595
sweep,2544
sweep,2798
sweep,3014
sweep,2905
sweep,3085
sweep,2857
sweep,2811
sweep,3311
sweep,4176
sweep,4170
sweep,3241
sweep,3052
sweep,3024
sweep,2761
sweep,3141
sweep,3110
sweep,3275
sweep,2481
sweep,3264
sweep,2620
sweep,2781
sweep,3268
sweep,3436
sweep,2641
sweep,3163
sweep,2805
sweep,2846
sweep,3238
sweep,2880
sweep,3230
sweep,8138
sweep,8997
sweep,9191
sweep,8361
sweep,5685
sweep,7189
sweep,5682
sweep,3757
sweep,4656
sweep,4941
sweep,6452
sweep,6757
sweep,2726
mark,1031734
sweep,4588
sweep,3892
sweep,3943
sweep,4123
sweep,3926
sweep,3999
sweep,3577
sweep,3239
sweep,2700
sweep,3224
sweep,3604
sweep,2880
sweep,2687
sweep,3258
sweep,2613
sweep,2960
sweep,3483
sweep,3450
sweep,2912
sweep,3288
sweep,2759
sweep,2610
sweep,3915
sweep,2565
sweep,3106
sweep,2017
sweep,3654
sweep,3923
sweep,4166
sweep,3455
sweep,3354
sweep,2946
sweep,3241
sweep,2827
sweep,3014
sweep,3309
sweep,2718
sweep,3477
sweep,2880
sweep,2826
sweep,3423
sweep,2885
sweep,2767
sweep,3017
sweep,3316
sweep,3560
sweep,2655
sweep,2896
sweep,2757
sweep,4574
sweep,4820
sweep,6941
sweep,7081
sweep,7192
sweep,7352
sweep,5690
sweep,9159
sweep,7892
sweep,8376
sweep,7681
sweep,7086
sweep,6192
mark,1029294
sweep,4579
sweep,4311
sweep,4178
sweep,4416
sweep,3796
sweep,6207
sweep,3484
sweep,3285
sweep,2809
sweep,3212
sweep,3047
sweep,3367
sweep,2540
sweep,2943
sweep,2716
sweep,3597
sweep,3714
sweep,3022
sweep,3571
sweep,2540
sweep,2892
sweep,2793
sweep,2808
sweep,3318
sweep,2814
sweep,2750
sweep,3278
sweep,4098
sweep,3873
sweep,3333
sweep,3113
sweep,2840
sweep,2926
sweep,3189
sweep,3267
sweep,3129
sweep,2556
sweep,3181
sweep,2606
sweep,2612
sweep,3327
sweep,3403
sweep,2827
sweep,3389
sweep,2793
sweep,2819
sweep,2860
sweep,6708
sweep,2896
sweep,8423
sweep,9021
sweep,8684
sweep,8131
sweep,5432
sweep,7811
sweep,5893
sweep,3657
sweep,4219
sweep,4968
sweep,6209
sweep,6116
sweep,3321
mark,1026006
sweep,4812
sweep,4122
sweep,4268
sweep,4329
sweep,4298
sweep,3937
sweep,3600
sweep,3402
sweep,2816
sweep,3342
sweep,2994
sweep,3072
sweep,2819
sweep,2810
sweep,3128
sweep,2962
sweep,3474
sweep,3327
sweep,2814
sweep,2978
sweep,2369
sweep,2585
sweep,4083
sweep,2829
sweep,3653
sweep,2342
sweep,3513
sweep,3652
sweep,4251
sweep,4276
sweep,3230
sweep,3022
sweep,2857
sweep,3041
sweep,3557
sweep,3312
sweep,2878
sweep,3416
sweep,2926
sweep,2552
sweep,3321
sweep,2756
sweep,2856
sweep,3501
sweep,2967
sweep,3138
sweep,2596
sweep,2777
sweep,2468
sweep,3941
sweep,4922
sweep,6800
sweep,7020
sweep,6926
sweep,7436
sweep,5831
sweep,8907
sweep,8417
sweep,8348
sweep,7539
sweep,7136
sweep,5992
mark,1029348
sweep,4577
sweep,4412
sweep,4299
sweep,4019
sweep,3622
sweep,6027
sweep,3009
sweep,3498
sweep,2875
sweep,3047
sweep,3069
sweep,3026
sweep,2482
sweep,2621
sweep,2687
sweep,3697
sweep,3967
sweep,3102
sweep,3757
sweep,2583
sweep,3024
sweep,3066
sweep,2928
sweep,2971
sweep,2944
sweep,2681
sweep,3438
sweep,4006
sweep,3396
sweep,3894
sweep,2977
sweep,3142
sweep,3076
sweep,3268
sweep,3409
sweep,3099
sweep,2373
sweep,3414
sweep,3077
sweep,2939
sweep,3445
sweep,3224
sweep,2682
sweep,3068
sweep,2455
sweep,3180
sweep,3268
sweep,2913
sweep,2865
sweep,8554
sweep,8720
sweep,9319
sweep,8624
sweep,5805
sweep,7601
sweep,5919
sweep,3973
sweep,4257
sweep,4919
sweep,6476
sweep,6273
sweep,2818
mark,1033115
sweep,4534
sweep,4256
sweep,3940
sweep,4332
sweep,3745
sweep,3933
sweep,3358
sweep,3372
sweep,2698
sweep,3182
sweep,3073
sweep,3014
sweep,2811
sweep,2792
sweep,2834
sweep,2998
sweep,3535
sweep,3174
sweep,2801
sweep,3044
sweep,2243
sweep,2524
sweep,3709
sweep,2496
sweep,3137
sweep,2104
sweep,3366
sweep,4249
sweep,4094
sweep,3524
sweep,3133
sweep,3092
sweep,2815
sweep,3099
sweep,3247
sweep,3235
sweep,2588
sweep,3518
sweep,3114
sweep,2915
sweep,3590
sweep,2655
sweep,2664
sweep,3188
sweep,2614
sweep,3502
sweep,2649
sweep,2777
sweep,2788
sweep,3715
sweep,3739
sweep,5876
sweep,7210
sweep,6750
sweep,7436
sweep,5787
sweep,9031
sweep,8705
sweep,8318
sweep,7167
sweep,7401
sweep,6607
mark,1031962
sweep,4903
sweep,3893
sweep,3901
sweep,4131
sweep,3770
sweep,4185
sweep,3543
sweep,3436
sweep,3172
sweep,3235
sweep,3187
sweep,2990
sweep,2694
sweep,2800
sweep,2556
sweep,2845
sweep,3393
sweep,2918
sweep,3259
sweep,3495
sweep,2535
sweep,2713
sweep,3070
sweep,2515
sweep,2827
sweep,2812
sweep,3300
sweep,3750
sweep,3812
sweep,3477
sweep,3067
sweep,2936
sweep,2836
sweep,3608
sweep,2904
sweep,3204
sweep,2649
sweep,3140
sweep,2960
sweep,3029
sweep,3636
sweep,2846
sweep,2892
sweep,2916
sweep,3215
sweep,3832
sweep,2521
sweep,2997
sweep,2654
sweep,5898
sweep,9366
sweep,8807
sweep,8934
sweep,7464
sweep,5822
sweep,7505
sweep,4052
sweep,4366
sweep,4404
sweep,6219
sweep,6099
sweep,5945
mark,1036299
sweep,4575
sweep,4084
sweep,3989
sweep,4317
sweep,3759
sweep,6493
sweep,3094
sweep,3256
sweep,2705
sweep,3074
sweep,3127
sweep,2937
sweep,2611
sweep,2615
sweep,2729
sweep,3216
sweep,3759
sweep,3261
sweep,3391
sweep,2760
sweep,2614
sweep,2983
sweep,2686
sweep,2958
sweep,2999
sweep,2933
sweep,3470
sweep,4527
sweep,3748
sweep,3164
sweep,3262
sweep,3014
sweep,2879
sweep,3516
sweep,3094
sweep,3225
sweep,2964
sweep,2997
sweep,2866
sweep,2562
sweep,3371
sweep,3397
sweep,2599
sweep,3031
sweep,2488
sweep,2858
sweep,3144
sweep,2916
sweep,3018
sweep,4205
sweep,4839
sweep,6023
sweep,6290
sweep,7364
sweep,6530
sweep,7159
sweep,8765
sweep,8142
sweep,8428
sweep,12677
sweep,6681
sweep,4512
mark,1042081
sweep,5021
sweep,4060
sweep,4028
sweep,4219
sweep,3926
sweep,4161
sweep,3569
sweep,3327
sweep,2664
sweep,3560
sweep,3291
sweep,2901
sweep,2660
sweep,3020
sweep,2979
sweep,3101
sweep,3315
sweep,2994
sweep,2968
sweep,3166
sweep,2382
sweep,2372
sweep,3648
sweep,2770
sweep,3185
sweep,2038
sweep,3314
sweep,3784
sweep,4300
sweep,3993
sweep,3037
sweep,2869
sweep,3500
sweep,3313
sweep,3393
sweep,3260
sweep,2368
sweep,3478
sweep,2998
sweep,2875
sweep,3396
sweep,2805
sweep,2516
sweep,3061
sweep,3147
sweep,3498
sweep,2522
sweep,2889
sweep,2517
sweep,6124
sweep,8874
sweep,8597
sweep,9054
sweep,7391
sweep,5907
sweep,7599
sweep,4464
sweep,4460
sweep,4272
sweep,5781
sweep,6258
sweep,5960
mark,1053674
sweep,5006
sweep,4093
sweep,3919
sweep,3943
sweep,3727
sweep,6432
sweep,3221
sweep,3244
sweep,2816
sweep,2908
sweep,2971
sweep,2993
sweep,2378
sweep,2645
sweep,2732
sweep,3111
sweep,4061
sweep,3135
sweep,3401
sweep,2879
sweep,2601
sweep,2871
sweep,2669
sweep,3198
sweep,2789
sweep,2847
sweep,3585
sweep,4731
sweep,3741
sweep,3447
sweep,3128
sweep,2743
sweep,2693
sweep,3111
sweep,3196
sweep,3120
sweep,2566
sweep,2939
sweep,2886
sweep,2777
sweep,3069
sweep,3545
sweep,3170
sweep,3270
sweep,2735
sweep,2873
sweep,3276
sweep,2844
sweep,2684
sweep,4319
sweep,4939
sweep,6810
sweep,5894
sweep,7204
sweep,6552
sweep,6757
sweep,8684
sweep,8223
sweep,8977
sweep,7040
sweep,6996
sweep,4223
mark,1036960
sweep,4622
sweep,3856
sweep,4107
sweep,4365
sweep,3791
sweep,3896
sweep,3557
sweep,3124
sweep,2793
sweep,3091
sweep,3195
sweep,2897
sweep,2932
sweep,2914
sweep,2647
sweep,3159
sweep,3372
sweep,3304
sweep,2865
sweep,3225
sweep,2413
sweep,2320
sweep,3648
sweep,2895
sweep,3430
sweep,1991
sweep,3578
sweep,3880
sweep,4344
sweep,3563
sweep,3101
sweep,2793
sweep,2911
sweep,3181
sweep,3398
sweep,3306
sweep,2653
sweep,3489
sweep,2948
sweep,2696
sweep,3628
sweep,2514
sweep,2909
sweep,3061
sweep,2788
sweep,3791
sweep,2400
sweep,2941
sweep,2931
sweep,6194
sweep,8771
sweep,8947
sweep,8974
sweep,7279
sweep,5648
sweep,7784
sweep,4139
sweep,4528
sweep,4136
sweep,5868
sweep,6499
sweep,5937
mark,1023877
sweep,4657
sweep,3969
sweep,4210
sweep,4201
sweep,3550
sweep,6224
sweep,3006
sweep,3132
sweep,2969
sweep,3190
sweep,3086
sweep,3023
sweep,2270
sweep,2860
sweep,3016
sweep,3644
sweep,3529
sweep,3317
sweep,3149
sweep,2858
sweep,2774
sweep,3340
sweep,2557
sweep,2382
sweep,3234
sweep,2787
sweep,3610
sweep,4050
sweep,3545
sweep,3243
sweep,3114
sweep,2811
sweep,3452
sweep,3110
sweep,3010
sweep,3395
sweep,2431
sweep,3213
sweep,3034
sweep,2810
sweep,2929
sweep,3796
sweep,2807
sweep,3131
sweep,2432
sweep,3083
sweep,3153
sweep,2953
sweep,2770
sweep,5075
sweep,4762
sweep,6188
sweep,6535
sweep,6752
sweep,7345
sweep,6745
sweep,8760
sweep,8266
sweep,8895
sweep,6967
sweep,6862
sweep,4097
mark,1027661
sweep,4883
sweep,3754
sweep,3874
sweep,4080
sweep,4019
sweep,4133
sweep,3892
sweep,3754
sweep,2973
sweep,3430
sweep,3491
sweep,2856
sweep,2704
sweep,2934
sweep,2406
sweep,3192
sweep,3674
sweep,3484
sweep,2758
sweep,3218
sweep,2717
sweep,2415
sweep,3638
sweep,2773
sweep,3103
sweep,2239
sweep,3443
sweep,3924
sweep,4029
sweep,3629
sweep,3094
sweep,2894
sweep,2991
sweep,3012
sweep,2998
sweep,3296
sweep,2710
sweep,3673
sweep,2875
sweep,2687
sweep,3676
sweep,2678
sweep,3147
sweep,2966
sweep,2659
sweep,3376
sweep,2500
sweep,2848
sweep,2581
sweep,5728
sweep,9046
sweep,8448
sweep,8980
sweep,7349
sweep,6269
sweep,7856
sweep,4543
sweep,8783
sweep,4650
sweep,6182
sweep,6247
sweep,5408
mark,1029414
sweep,4541
sweep,3894
sweep,3971
sweep,4028
sweep,3521
sweep,6225
sweep,2897
sweep,3546
sweep,3072
sweep,2952
sweep,3162
sweep,3083
sweep,2406
sweep,2925
sweep,2686
sweep,3472
sweep,3862
sweep,3025
sweep,3268
sweep,2390
sweep,2765
sweep,2992
sweep,2852
sweep,2777
sweep,2859
sweep,2983
sweep,3343
sweep,4665
sweep,3599
sweep,3466
sweep,2985
sweep,2740
sweep,2934
sweep,3225
sweep,3211
sweep,3084
sweep,2493
sweep,3005
sweep,3015
sweep,2755
sweep,3300
sweep,3217
sweep,2576
sweep,3080
sweep,2948
sweep,2930
sweep,3124
sweep,2834
sweep,2773
sweep,4909
sweep,4821
sweep,6338
sweep,6172
sweep,7042
sweep,7037
sweep,6670
sweep,8444
sweep,8017
sweep,8229
sweep,6599
sweep,6791
sweep,3990
mark,1035638
sweep,4843
sweep,4234
sweep,4109
sweep,4214
sweep,3715
sweep,3966
sweep,3587
sweep,3187
sweep,2827
sweep,3427
sweep,3029
sweep,2942
sweep,2603
sweep,2893
sweep,2872
sweep,2852
sweep,3819
sweep,3203
sweep,3051
sweep,3318
sweep,2256
sweep,2736
sweep,4180
sweep,2603
sweep,3165
sweep,1993
sweep,3533
sweep,4053
sweep,3620
sweep,3914
sweep,3105
sweep,3356
sweep,2928
sweep,2974
sweep,3272
sweep,3123
sweep,2432
sweep,3333
sweep,2929
sweep,2598
sweep,3613
sweep,2774
sweep,2922
sweep,3466
sweep,2765
sweep,3444
sweep,2728
sweep,2892
sweep,2361
sweep,6471
sweep,9279
sweep,8272
sweep,8684
sweep,7464
sweep,6044
sweep,7809
sweep,4216
sweep,4302
sweep,4803
sweep,6238
sweep,6330
sweep,5365
mark,1035913
sweep,4887
sweep,4036
sweep,4287
sweep,4376
sweep,3626
sweep,4019
sweep,3469
sweep,3225
sweep,3331
sweep,3274
sweep,2986
sweep,2921
sweep,2895
sweep,2855
sweep,2886
sweep,3295
sweep,3567
sweep,3384
sweep,3132
sweep,3043
sweep,2195
sweep,2847
sweep,3122
sweep,2694
sweep,2588
sweep,3189
sweep,2899
sweep,3186
sweep,4108
sweep,3548
sweep,3091
sweep,3025
sweep,3045
sweep,2659
sweep,2985
sweep,3611
sweep,3601
sweep,2675
sweep,2995
sweep,2957
sweep,2985
sweep,2631
sweep,3122
sweep,2582
sweep,3409
sweep,2945
sweep,2984
sweep,3236
sweep,2614
sweep,4278
sweep,4520
sweep,5437
sweep,6559
sweep,5602
sweep,7294
sweep,6200
sweep,8004
sweep,8871
sweep,8573
sweep,8340
sweep,6535
sweep,7361
sweep,2541
mark,1040850
sweep,4824
sweep,3845
sweep,4179
sweep,4371
sweep,3605
sweep,4244
sweep,3556
sweep,3303
sweep,2944
sweep,3717
sweep,3465
sweep,2977
sweep,2768
sweep,2826
sweep,2666
sweep,2665
sweep,3459
sweep,2986
sweep,3213
sweep,3548
sweep,2361
sweep,2717
sweep,4031
sweep,2370
sweep,3607
sweep,2107
sweep,3620
sweep,3620
sweep,4125
sweep,4303
sweep,3015
sweep,2967
sweep,2929
sweep,3355
sweep,2843
sweep,3517
sweep,2751
sweep,3242
sweep,2465
sweep,2623
sweep,3919
sweep,2831
sweep,2569
sweep,2916
sweep,2822
sweep,3438
sweep,2840
sweep,2614
sweep,2856
sweep,5166
sweep,9722
sweep,10035
sweep,10092
sweep,9047
sweep,15281
sweep,8362
sweep,4135
sweep,4494
sweep,4809
sweep,6019
sweep,6284
sweep,6681
sweep,294
mark,1065204
sweep,4638
sweep,3980
sweep,4195
sweep,4348
sweep,3729
sweep,4043
sweep,3704
sweep,3158
sweep,3029
sweep,3417
sweep,3069
sweep,3006
sweep,3085
sweep,2757
sweep,2678
sweep,2915
sweep,3645
sweep,3090
sweep,2937
sweep,3458
sweep,2340
sweep,2439
sweep,3576
sweep,2687
sweep,3218
sweep,1885
sweep,3284
sweep,3878
sweep,4367
sweep,3743
sweep,3323
sweep,3241
sweep,2831
sweep,3143
sweep,3509
sweep,3327
sweep,2656
sweep,3253
sweep,3015
sweep,2579
sweep,3292
sweep,3035
sweep,2733
sweep,3119
sweep,2539
sweep,3411
sweep,2602
sweep,2868
sweep,2442
sweep,5106
sweep,4729
sweep,6085
sweep,6856
sweep,6295
sweep,8215
sweep,5366
sweep,9385
sweep,8116
sweep,8568
sweep,7432
sweep,7013
sweep,6576
mark,1025687
sweep,4898
sweep,3885
sweep,4246
sweep,4119
sweep,3482
sweep,6252
sweep,2909
sweep,3453
sweep,3308
sweep,3041
sweep,3152
sweep,3263
sweep,2155
sweep,2845
sweep,2992
sweep,3597
sweep,3715
sweep,3133
sweep,3422
sweep,2898
sweep,2967
sweep,3039
sweep,2517
sweep,2454
sweep,3228
sweep,2644
sweep,3787
sweep,4604
sweep,3485
sweep,3429
sweep,3090
sweep,2932
sweep,2882
sweep,3204
sweep,3307
sweep,3026
sweep,2544
sweep,3270
sweep,2738
sweep,2974
sweep,3415
sweep,3589
sweep,2655
sweep,3047
sweep,2481
sweep,2940
sweep,2993
sweep,3014
sweep,2796
sweep,8551
sweep,8630
sweep,8857
sweep,8449
sweep,6163
sweep,7569
sweep,6431
sweep,3852
sweep,4205
sweep,5039
sweep,6134
sweep,6178
sweep,3457
mark,1032060
sweep,4955
sweep,4164
sweep,3863
sweep,4533
sweep,4065
sweep,4059
sweep,3468
sweep,3198
sweep,2857
sweep,3096
sweep,3148
sweep,2921
sweep,2655
sweep,2881
sweep,2437
sweep,3245
sweep,3363
sweep,3108
sweep,2550
sweep,3684
sweep,2736
sweep,2474
sweep,4055
sweep,2901
sweep,3059
sweep,1992
sweep,3680
sweep,3915
sweep,4183
sweep,3877
sweep,3206
sweep,2745
sweep,3315
sweep,2742
sweep,3284
sweep,3180
sweep,2679
sweep,3596
sweep,2881
sweep,2663
sweep,3349
sweep,2799
sweep,2867
sweep,2934
sweep,2671
sweep,3227
sweep,2424
sweep,2652
sweep,2394
sweep,4443
sweep,5103
sweep,5954
sweep,6512
sweep,6658
sweep,8187
sweep,6012
sweep,9323
sweep,8347
sweep,8592
sweep,7664
sweep,7356
sweep,5925
mark,1041130
sweep,4835
sweep,3919
sweep,4480
sweep,4092
sweep,3701
sweep,4012
sweep,3573
sweep,3208
sweep,3155
sweep,3071
sweep,3182
sweep,3067
sweep,2858
sweep,2769
sweep,2585
sweep,2972
sweep,3440
sweep,2859
sweep,3191
sweep,3370
sweep,2291
sweep,2496
sweep,3069
sweep,2722
sweep,2539
sweep,2897
sweep,3546
sweep,4041
sweep,3852
sweep,3499
sweep,3123
sweep,2806
sweep,3293
sweep,3187
sweep,2814
sweep,3233
sweep,2836
sweep,3340
sweep,2778
sweep,2666
sweep,3558
sweep,2985
sweep,2451
sweep,3248
sweep,2971
sweep,3419
sweep,2839
sweep,2671
sweep,2367
sweep,5283
sweep,8801
sweep,8720
sweep,9022
sweep,7298
sweep,5760
sweep,7685
sweep,4286
sweep,4769
sweep,4510
sweep,6292
sweep,5924
sweep,6006
sweep,242
mark,1037870
sweep,5032
sweep,3783
sweep,3767
sweep,4053
sweep,3580
sweep,4260
sweep,3489
sweep,3277
sweep,2967
sweep,3201
sweep,3089
sweep,3070
sweep,2787
sweep,3005
sweep,2711
sweep,2723
sweep,3257
sweep,3316
sweep,3067
sweep,3272
sweep,2472
sweep,2484
sweep,3575
sweep,2918
sweep,3811
sweep,1817
sweep,3722
sweep,4001
sweep,4323
sweep,3793
sweep,3243
sweep,3432
sweep,2845
sweep,3210
sweep,3046
sweep,3179
sweep,2633
sweep,3624
sweep,2813
sweep,2742
sweep,3337
sweep,3053
sweep,2842
sweep,3414
sweep,2876
sweep,3428
sweep,2634
sweep,3004
sweep,2503
sweep,4309
sweep,4143
sweep,6067
sweep,6849
sweep,6344
sweep,7521
sweep,5548
sweep,8645
sweep,8768
sweep,8199
sweep,7246
sweep,7351
sweep,6957
mark,1032186
sweep,5052
sweep,4066
sweep,4012
sweep,4070
sweep,3527
sweep,6032
sweep,3211
sweep,3549
sweep,3223
sweep,2953
sweep,3107
sweep,3214
sweep,2367
sweep,2842
sweep,2908
sweep,3538
sweep,3908
sweep,2988
sweep,3612
sweep,2606
sweep,2881
sweep,2801
sweep,2594
sweep,2937
sweep,3145
sweep,2656
sweep,3265
sweep,5080
sweep,3721
sweep,3430
sweep,3051
sweep,3168
sweep,2869
sweep,3288
sweep,3117
sweep,3462
sweep,2522
sweep,3280
sweep,2991
sweep,2840
sweep,3409
sweep,3566
sweep,2624
sweep,2985
sweep,2697
sweep,3065
sweep,2973
sweep,3082
sweep,3242
sweep,8628
sweep,8449
sweep,9576
sweep,8997
sweep,6053
sweep,6564
sweep,6408
sweep,3778
sweep,4369
sweep,4901
sweep,6039
sweep,6073
sweep,2756
mark,1037562
sweep,4640
sweep,3999
sweep,4151
sweep,4175
sweep,4006
sweep,3934
sweep,3683
sweep,3479
sweep,2735
sweep,3008
sweep,2932
sweep,3180
sweep,2685
sweep,2853
sweep,2542
sweep,2847
sweep,3439
sweep,3197
sweep,3097
sweep,3127
sweep,2414
sweep,2272
sweep,3997
sweep,2532
sweep,3721
sweep,2021
sweep,3618
sweep,3689
sweep,4034
sweep,3665
sweep,3246
sweep,2735
sweep,3025
sweep,2893
sweep,3429
sweep,2992
sweep,2715
sweep,3328
sweep,2993
sweep,3096
sweep,3773
sweep,3010
sweep,2698
sweep,3036
sweep,3204
sweep,3455
sweep,2463
sweep,2757
sweep,2473
sweep,3963
sweep,4704
sweep,6370
sweep,6788
sweep,6391
sweep,7515
sweep,5744
sweep,9571
sweep,7918
sweep,8555
sweep,7616
sweep,7317
sweep,6310
mark,1033748
sweep,4986
sweep,4033
sweep,4022
sweep,4084
sweep,3632
sweep,6121
sweep,3206
sweep,3370
sweep,2896
sweep,3091
sweep,3274
sweep,2968
sweep,2381
sweep,2941
sweep,2777
sweep,3557
sweep,3802
sweep,3124
sweep,3487
sweep,2505
sweep,2833
sweep,2892
sweep,2474
sweep,2923
sweep,3265
sweep,2744
sweep,3452
sweep,4534
sweep,3801
sweep,3560
sweep,3296
sweep,2737
sweep,3083
sweep,3536
sweep,3166
sweep,3236
sweep,2690
sweep,2943
sweep,2629
sweep,2809
sweep,3101
sweep,3292
sweep,2809
sweep,3131
sweep,2708
sweep,2682
sweep,3091
sweep,3074
sweep,3057
sweep,8765
sweep,8888
sweep,9388
sweep,9084
sweep,6324
sweep,6736
sweep,6233
sweep,3882
sweep,4257
sweep,4961
sweep,5986
sweep,6004
sweep,3317
mark,1036437
sweep,4981
sweep,3889
sweep,3875
sweep,4114
sweep,3924
sweep,4330
sweep,3642
sweep,3132
sweep,3265
sweep,3338
sweep,2970
sweep,3379
sweep,2748
sweep,2877
sweep,2917
sweep,2987
sweep,3573
sweep,3041
sweep,2967
sweep,3387
sweep,2448
sweep,2360
sweep,3634
sweep,2666
sweep,3607
sweep,2164
sweep,3317
sweep,4175
sweep,4860
sweep,3828
sweep,3405
sweep,2788
sweep,2861
sweep,3004
sweep,3275
sweep,3122
sweep,2470
sweep,3235
sweep,3183
sweep,2558
sweep,3450
sweep,2965
sweep,2427
sweep,3078
sweep,3296
sweep,3768
sweep,2572
sweep,3103
sweep,2754
sweep,3761
sweep,3993
sweep,6299
sweep,6777
sweep,7391
sweep,7778
sweep,5705
sweep,8562
sweep,8286
sweep,8042
sweep,7944
sweep,6858
sweep,7531
mark,1025655
sweep,4595
sweep,4143
sweep,4166
sweep,3977
sweep,3627
sweep,6389
sweep,3082
sweep,3785
sweep,2967
sweep,3043
sweep,3032
sweep,3050
sweep,2547
sweep,3056
sweep,2870
sweep,3605
sweep,3916
sweep,3498
sweep,3407
sweep,2777
sweep,2631
sweep,3104
sweep,2593
sweep,3030
sweep,3031
sweep,3019
sweep,3485
sweep,4239
sweep,4049
sweep,3512
sweep,3189
sweep,2919
sweep,2801
sweep,3215
sweep,2996
sweep,3329
sweep,2444
sweep,3106
sweep,2693
sweep,2986
sweep,3582
sweep,3303
sweep,2843
sweep,3056
sweep,2994
sweep,2782
sweep,2973
sweep,3019
sweep,3020
sweep,8786
sweep,8660
sweep,10340
sweep,8846
sweep,6599
sweep,6541
sweep,6555
sweep,3808
sweep,5160
sweep,5266
sweep,6616
sweep,5979
sweep,3297
mark,1038837
sweep,4936
sweep,3885
sweep,4080
sweep,4140
sweep,3886
sweep,4146
sweep,3455
sweep,3315
sweep,2821
sweep,3193
sweep,3057
sweep,3029
sweep,3140
sweep,2880
sweep,2843
sweep,2965
sweep,3258
sweep,2947
sweep,3306
sweep,3097
sweep,2526
sweep,2380
sweep,3627
sweep,2897
sweep,3047
sweep,2175
sweep,3363
sweep,4126
sweep,4440
sweep,3463
sweep,3001
sweep,3052
sweep,3227
sweep,2795
sweep,3043
sweep,3633
sweep,3156
sweep,3290
sweep,2965
sweep,2846
sweep,3256
sweep,2797
sweep,2783
sweep,3032
sweep,3048
sweep,3537
sweep,2675
sweep,3399
sweep,2371
sweep,3849
sweep,4105
sweep,3911
sweep,5519
sweep,6681
sweep,8277
sweep,6459
sweep,8942
sweep,8026
sweep,8985
sweep,7706
sweep,7239
sweep,5873
mark,1036477
sweep,5080
sweep,3891
sweep,4389
sweep,4218
sweep,3550
sweep,4365
sweep,3507
sweep,3429
sweep,2831
sweep,3324
sweep,3241
sweep,2958
sweep,3083
sweep,2814
sweep,2520
sweep,3068
sweep,3351
sweep,2913
sweep,3179
sweep,3377
sweep,2321
sweep,2482
sweep,3550
sweep,2865
sweep,3157
sweep,1820
sweep,3352
sweep,3871
sweep,4645
sweep,3542
sweep,3176
sweep,3077
sweep,2655
sweep,3058
sweep,3024
sweep,3302
sweep,3116
sweep,3551
sweep,3052
sweep,2639
sweep,3444
sweep,2839
sweep,2688
sweep,3097
sweep,2686
sweep,3722
sweep,2566
sweep,3068
sweep,2250
sweep,7017
sweep,8832
sweep,8659
sweep,8557
sweep,6977
sweep,5930
sweep,7018
sweep,3933
sweep,4712
sweep,4291
sweep,6165
sweep,6106
sweep,8160
mark,1075195
sweep,4899
sweep,3883
sweep,4041
sweep,4223
sweep,3601
sweep,4010
sweep,3562
sweep,3359
sweep,2825
sweep,3497
sweep,2997
sweep,3402
sweep,2730
sweep,3050
sweep,2756
sweep,3161
sweep,3359
sweep,2981
sweep,3008
sweep,3682
sweep,2397
sweep,2525
sweep,3869
sweep,3067
sweep,3241
sweep,1839
sweep,3731
sweep,4022
sweep,4394
sweep,3441
sweep,3329
sweep,3186
sweep,2743
sweep,3126
sweep,3482
sweep,3439
sweep,2907
sweep,3252
sweep,3068
sweep,2794
sweep,3662
sweep,2639
sweep,2849
sweep,3356
sweep,2633
sweep,3540
sweep,2547
sweep,2853
sweep,2399
sweep,4313
sweep,3710
sweep,3921
sweep,5805
sweep,6512
sweep,7752
sweep,6344
sweep,9161
sweep,8018
sweep,8413
sweep,7547
sweep,7449
sweep,6468
mark,1036924
sweep,4781
sweep,4148
sweep,3921
sweep,4183
sweep,3697
sweep,4092
sweep,3757
sweep,3421
sweep,2909
sweep,3216
sweep,3165
sweep,2812
sweep,2835
sweep,3120
sweep,2598
sweep,2689
sweep,3291
sweep,2877
sweep,3063
sweep,3586
sweep,2274
sweep,2392
sweep,4043
sweep,2385
sweep,3112
sweep,1933
sweep,3550
sweep,3698
sweep,4385
sweep,3941
sweep,2925
sweep,3254
sweep,2906
sweep,3029
sweep,3016
sweep,3589
sweep,2912
sweep,3265
sweep,2561
sweep,2590
sweep,3870
sweep,2792
sweep,2845
sweep,2811
sweep,2770
sweep,3435
sweep,3144
sweep,2864
sweep,2636
sweep,5460
sweep,9215
sweep,8719
sweep,9025
sweep,7696
sweep,6091
sweep,7231
sweep,3944
sweep,4637
sweep,4790
sweep,6365
sweep,5833
sweep,6599
sweep,233
mark,1039847
sweep,4745
sweep,4027
sweep,3907
sweep,4098
sweep,3582
sweep,4151
sweep,3461
sweep,3202
sweep,2849
sweep,3370
sweep,3039
sweep,3131
sweep,2618
sweep,2847
sweep,2593
sweep,2642
sweep,3528
sweep,3279
sweep,3578
sweep,3459
sweep,2362
sweep,2564
sweep,3669
sweep,2875
sweep,3139
sweep,1914
sweep,3418
sweep,3863
sweep,4342
sweep,3866
sweep,3691
sweep,3091
sweep,2678
sweep,3032
sweep,3100
sweep,3168
sweep,2583
sweep,3834
sweep,2878
sweep,2534
sweep,3538
sweep,2990
sweep,2819
sweep,3324
sweep,3063
sweep,3746
sweep,2875
sweep,2779
sweep,2387
sweep,4514
sweep,3873
sweep,4017
sweep,5730
sweep,6540
sweep,7802
sweep,6861
sweep,8975
sweep,7949
sweep,9127
sweep,6758
sweep,7566
sweep,6675
mark,1027192
sweep,4615
sweep,4009
sweep,4120
sweep,4060
sweep,3599
sweep,6300
sweep,2985
sweep,3450
sweep,2915
sweep,3358
sweep,3394
sweep,3039
sweep,2352
sweep,2550
sweep,2787
sweep,3339
sweep,3870
sweep,3054
sweep,3244
sweep,2622
sweep,2988
sweep,2819
sweep,2671
sweep,3335
sweep,2885
sweep,2792
sweep,3610
sweep,4629
sweep,3646
sweep,3572
sweep,3234
sweep,3137
sweep,2791
sweep,3179
sweep,3212
sweep,3005
sweep,2804
sweep,2944
sweep,2623
sweep,2894
sweep,3392
sweep,3243
sweep,2613
sweep,3160
sweep,2499
sweep,3134
sweep,3147
sweep,2985
sweep,2918
sweep,8806
sweep,8714
sweep,9168
sweep,8609
sweep,7045
sweep,6181
sweep,6110
sweep,3762
sweep,4150
sweep,4983
sweep,6038
sweep,5987
sweep,3008
mark,1034851
sweep,4725
sweep,3992
sweep,3860
sweep,4329
sweep,4064
sweep,4179
sweep,3906
sweep,3096
sweep,2832
sweep,3140
sweep,3181
sweep,3188
sweep,2887
sweep,2958
sweep,2484
sweep,3183
sweep,3428
sweep,3147
sweep,3027
sweep,3105
sweep,2608
sweep,2387
sweep,3758
sweep,2781
sweep,3169
sweep,2262
sweep,3525
sweep,3812
sweep,4064
sweep,3693
sweep,3050
sweep,2853
sweep,3109
sweep,3005
sweep,3578
sweep,3214
sweep,2415
sweep,3383
sweep,2970
sweep,2927
sweep,3521
sweep,2649
sweep,2569
sweep,3385
sweep,3462
sweep,3556
sweep,2997
sweep,2900
sweep,2511
sweep,3735
sweep,4274
sweep,3930
sweep,4596
sweep,6969
sweep,8084
sweep,6386
sweep,9068
sweep,8195
sweep,8385
sweep,7412
sweep,6964
sweep,7527
mark,1038143
sweep,5142
sweep,3992
sweep,4011
sweep,4527
sweep,3663
sweep,4243
sweep,3633
sweep,3262
sweep,3099
sweep,3143
sweep,3022
sweep,2899
sweep,2677
sweep,3189
sweep,3105
sweep,2841
sweep,3415
sweep,2821
sweep,3479
sweep,3665
sweep,2341
sweep,2478
sweep,3760
sweep,2980
sweep,3037
sweep,2075
sweep,3333
sweep,3860
sweep,4182
sweep,3908
sweep,3275
sweep,3070
sweep,2756
sweep,3377
sweep,3010
sweep,3074
sweep,2799
sweep,3398
sweep,2834
sweep,2636
sweep,3354
sweep,2682
sweep,2615
sweep,3418
sweep,2812
sweep,3469
sweep,2928
sweep,2901
sweep,2536
sweep,7281
sweep,9041
sweep,8771
sweep,8444
sweep,6994
sweep,6048
sweep,6598
sweep,3865
sweep,4692
sweep,4440
sweep,6234
sweep,5801
sweep,5610
mark,1029636
sweep,4836
sweep,3864
sweep,4155
sweep,4464
sweep,3597
sweep,4106
sweep,3604
sweep,3136
sweep,3391
sweep,3204
sweep,3124
sweep,2743
sweep,2667
sweep,2676
sweep,2658
sweep,2632
sweep,3177
sweep,2934
sweep,3166
sweep,3449
sweep,2659
sweep,2544
sweep,3715
sweep,2664
sweep,3081
sweep,1996
sweep,3425
sweep,3789
sweep,4563
sweep,3490
sweep,2948
sweep,3229
sweep,2889
sweep,3398
sweep,3070
sweep,3142
sweep,2508
sweep,3382
sweep,3182
sweep,2767
sweep,3508
sweep,3166
sweep,2669
sweep,3059
sweep,2933
sweep,3601
sweep,2526
sweep,3220
sweep,2660
sweep,4034
sweep,3956
sweep,4262
sweep,4485
sweep,6227
sweep,7661
sweep,6227
sweep,8859
sweep,8199
sweep,8756
sweep,7518
sweep,7135
sweep,7448
mark,1034456
sweep,4924
sweep,4548
sweep,4217
sweep,4482
sweep,3845
sweep,4210
sweep,3522
sweep,3253
sweep,2813
sweep,3269
sweep,3190
sweep,3005
sweep,2929
sweep,2853
sweep,2475
sweep,2908
sweep,3487
sweep,2888
sweep,2607
sweep,3355
sweep,2415
sweep,2597
sweep,3636
sweep,2686
sweep,3497
sweep,1979
sweep,3449
sweep,3926
sweep,4175
sweep,3646
sweep,3095
sweep,3297
sweep,2983
sweep,3286
sweep,3142
sweep,3267
sweep,2444
sweep,3334
sweep,2927
sweep,2626
sweep,3574
sweep,2819
sweep,2893
sweep,3320
sweep,2905
sweep,3740
sweep,2287
sweep,2818
sweep,2526
sweep,6023
sweep,8929
sweep,8745
sweep,8529
sweep,7713
sweep,5658
sweep,7218
sweep,3879
sweep,4401
sweep,5106
sweep,6242
sweep,6034
sweep,5998
mark,1027491
sweep,4565
sweep,4134
sweep,3940
sweep,3966
sweep,3545
sweep,4051
sweep,3545
sweep,3167
sweep,3009
sweep,3078
sweep,3037
sweep,2759
sweep,2961
sweep,3396
sweep,2501
sweep,2954
sweep,3333
sweep,3033
sweep,3122
sweep,3486
sweep,2417
sweep,2621
sweep,3602
sweep,3028
sweep,3281
sweep,1849
sweep,3278
sweep,4013
sweep,4437
sweep,3288
sweep,3070
sweep,2905
sweep,2901
sweep,2928
sweep,3469
sweep,3289
sweep,2481
sweep,3344
sweep,3121
sweep,2954
sweep,3866
sweep,2940
sweep,2569
sweep,2985
sweep,3303
sweep,3811
sweep,2828
sweep,3188
sweep,2761
sweep,3734
sweep,4104
sweep,3950
sweep,4142
sweep,6619
sweep,7903
sweep,6505
sweep,8881
sweep,8349
sweep,8591
sweep,7481
sweep,7489
sweep,7986
mark,1034308
sweep,4828
sweep,4194
sweep,4424
sweep,4390
sweep,3714
sweep,3987
sweep,3616
sweep,3138
sweep,3107
sweep,3677
sweep,3130
sweep,2762
sweep,2716
sweep,2914
sweep,2793
sweep,2831
sweep,3595
sweep,2994
sweep,3571
sweep,3808
sweep,2483
sweep,2739
sweep,3867
sweep,2371
sweep,3417
sweep,1967
sweep,3401
sweep,3782
sweep,4762
sweep,3545
sweep,3266
sweep,2994
sweep,2909
sweep,3068
sweep,2892
sweep,3065
sweep,3155
sweep,3029
sweep,2529
sweep,2884
sweep,3812
sweep,2975
sweep,2747
sweep,3018
sweep,2867
sweep,3574
sweep,2688
sweep,2487
sweep,2439
sweep,5928
sweep,9027
sweep,8445
sweep,8895
sweep,8102
sweep,6259
sweep,6931
sweep,4416
sweep,4136
sweep,5091
sweep,6227
sweep,5778
sweep,6008
sweep,234
mark,1027243
sweep,5263
sweep,4080
sweep,4289
sweep,4212
sweep,3632
sweep,4325
sweep,3630
sweep,3336
sweep,2736
sweep,3064
sweep,2972
sweep,2987
sweep,2677
sweep,2785
sweep,2582
sweep,2730
sweep,3170
sweep,2869
sweep,3017
sweep,3409
sweep,2586
sweep,2490
sweep,4103
sweep,2655
sweep,3068
sweep,1848
sweep,3425
sweep,3915
sweep,4253
sweep,3645
sweep,3192
sweep,3012
sweep,3178
sweep,3006
sweep,2763
sweep,3125
sweep,3002
sweep,3036
sweep,2720
sweep,2670
sweep,3764
sweep,3007
sweep,2668
sweep,3427
sweep,2766
sweep,3497
sweep,2865
sweep,2845
sweep,2488
sweep,3539
sweep,3919
sweep,4021
sweep,4155
sweep,5795
sweep,7758
sweep,6002
sweep,8488
sweep,8605
sweep,8368
sweep,7530
sweep,7039
sweep,7352
sweep,839
mark,1025592
sweep,5017
sweep,4020
sweep,4494
sweep,3942
sweep,3821
sweep,4414
sweep,3689
sweep,3049
sweep,3007
sweep,3720
sweep,3079
sweep,2926
sweep,2721
sweep,3068
sweep,2887
sweep,2886
sweep,3297
sweep,3069
sweep,3304
sweep,3516
sweep,2332
sweep,2497
sweep,3757
sweep,2500
sweep,3209
sweep,1918
sweep,3426
sweep,3663
sweep,4387
sweep,3523
sweep,3512
sweep,3102
sweep,2902
sweep,3239
sweep,3383
sweep,3191
sweep,2972
sweep,3131
sweep,2526
sweep,2627
sweep,3875
sweep,2696
sweep,2669
sweep,2947
sweep,2821
sweep,3703
sweep,2776
sweep,2527
sweep,2616
sweep,5509
sweep,9596
sweep,8633
sweep,8820
sweep,8002
sweep,5830
sweep,7521
sweep,3986
sweep,6219
sweep,5288
sweep,6101
sweep,5995
sweep,6061
sweep,223
mark,1043385
sweep,4675
sweep,3800
sweep,3872
sweep,4103
sweep,3804
sweep,4079
sweep,3762
sweep,3028
sweep,2741
sweep,3247
sweep,3031
sweep,2786
sweep,2604
sweep,3150
sweep,2606
sweep,2608
sweep,3466
sweep,2823
sweep,3131
sweep,3488
sweep,2247
sweep,2825
sweep,3766
sweep,2539
sweep,3021
sweep,2129
sweep,3688
sweep,3686
sweep,4142
sweep,3175
sweep,3105
sweep,3208
sweep,3108
sweep,3073
sweep,3249
sweep,3170
sweep,2767
sweep,3086
sweep,2737
sweep,2602
sweep,3733
sweep,2546
sweep,2571
sweep,3253
sweep,2820
sweep,3630
sweep,2765
sweep,2689
sweep,2746
sweep,3600
sweep,4152
sweep,4159
sweep,4082
sweep,5797
sweep,7586
sweep,5967
sweep,8906
sweep,8198
sweep,8387
sweep,7027
sweep,7004
sweep,7487
sweep,831
mark,1028884
sweep,4581
sweep,3925
sweep,4320
sweep,4132
sweep,3649
sweep,4205
sweep,3661
sweep,3167
sweep,2982
sweep,3257
sweep,2997
sweep,2814
sweep,2544
sweep,3282
sweep,3014
sweep,2848
sweep,3237
sweep,2906
sweep,3053
sweep,3822
sweep,2370
sweep,2510
sweep,3822
sweep,2626
sweep,3155
sweep,1892
sweep,3454
sweep,3760
sweep,4245
sweep,3381
sweep,3132
sweep,3003
sweep,3097
sweep,3278
sweep,2795
sweep,3171
sweep,2824
sweep,3332
sweep,2602
sweep,2633
sweep,4059
sweep,2688
sweep,2616
sweep,2858
sweep,2904
sweep,3624
sweep,2796
sweep,2482
sweep,2678
sweep,5862
sweep,8747
sweep,8523
sweep,8559
sweep,8332
sweep,6490
sweep,6970
sweep,3955
sweep,4498
sweep,4957
sweep,6178
sweep,6102
sweep,5879
sweep,222
mark,1028710
sweep,4877
sweep,4181
sweep,4324
sweep,4250
sweep,3513
sweep,4333
sweep,3613
sweep,3566
sweep,3127
sweep,3269
sweep,3148
sweep,3434
sweep,2765
sweep,2936
sweep,2619
sweep,3048
sweep,3319
sweep,3139
sweep,3044
sweep,3463
sweep,2396
sweep,2446
sweep,3792
sweep,2532
sweep,3038
sweep,1866
sweep,3291
sweep,4016
sweep,4347
sweep,3553
sweep,3248
sweep,3343
sweep,2954
sweep,3054
sweep,2753
sweep,3243
sweep,2790
sweep,3033
sweep,2700
sweep,2656
sweep,3650
sweep,2991
sweep,2684
sweep,2930
sweep,2823
sweep,3433
sweep,2782
sweep,2560
sweep,2652
sweep,3994
sweep,3914
sweep,4062
sweep,4068
sweep,6048
sweep,7782
sweep,6061
sweep,8742
sweep,8672
sweep,8949
sweep,7106
sweep,7653
sweep,7033
sweep,837
mark,1031971
sweep,4895
sweep,3953
sweep,3911
sweep,4173
sweep,3727
sweep,4277
sweep,3613
sweep,3268
sweep,3011
sweep,3148
sweep,3308
sweep,2722
sweep,2599
sweep,2800
sweep,3170
sweep,2622
sweep,3437
sweep,2885
sweep,3210
sweep,3416
sweep,2624
sweep,2604
sweep,3769
sweep,2357
sweep,3140
sweep,1899
sweep,3394
sweep,3957
sweep,4550
sweep,3687
sweep,3136
sweep,3218
sweep,2896
sweep,3056
sweep,3160
sweep,3156
sweep,2756
sweep,3054
sweep,2464
sweep,2674
sweep,3796
sweep,2743
sweep,2676
sweep,2993
sweep,3213
sweep,3624
sweep,2734
sweep,2588
sweep,2462
sweep,5875
sweep,9034
sweep,8401
sweep,8652
sweep,7821
sweep,6538
sweep,6899
sweep,4166
sweep,4287
sweep,4808
sweep,6066
sweep,5596
sweep,5797
sweep,228
mark,1037613
sweep,4575
sweep,3970
sweep,4078
sweep,4045
sweep,3979
sweep,4386
sweep,3734
sweep,3096
sweep,2769
sweep,3076
sweep,3311
sweep,2740
sweep,2927
sweep,3032
sweep,2602
sweep,2709
sweep,3412
sweep,3267
sweep,3189
sweep,3880
sweep,2464
sweep,2434
sweep,3828
sweep,2731
sweep,3795
sweep,2114
sweep,3382
sweep,3606
sweep,3964
sweep,3707
sweep,3337
sweep,3162
sweep,2885
sweep,3083
sweep,3061
sweep,3203
sweep,2790
sweep,3030
sweep,2544
sweep,3108
sweep,3824
sweep,2690
sweep,2709
sweep,2940
sweep,2766
sweep,3395
sweep,2892
sweep,2559
sweep,2731
sweep,3687
sweep,4379
sweep,4196
sweep,4146
sweep,5862
sweep,7899
sweep,6390
sweep,8349
sweep,8096
sweep,8857
sweep,7418
sweep,7768
sweep,7146
sweep,807
mark,1032969
sweep,4700
sweep,4069
sweep,3945
sweep,4210
sweep,3816
sweep,4319
sweep,3613
sweep,3321
sweep,2836
sweep,3248
sweep,3104
sweep,2679
sweep,2739
sweep,3024
sweep,2884
sweep,2740
sweep,3287
sweep,3040
sweep,3237
sweep,3465
sweep,2370
sweep,2478
sweep,3993
sweep,2636
sweep,3739
sweep,1962
sweep,3432
sweep,3624
sweep,4105
sweep,3952
sweep,3039
sweep,2920
sweep,3026
sweep,3235
sweep,3246
sweep,3159
sweep,2749
sweep,3021
sweep,2802
sweep,2710
sweep,3968
sweep,3124
sweep,2688
sweep,2849
sweep,2951
sweep,3353
sweep,2755
sweep,2565
sweep,2565
sweep,5648
sweep,8697
sweep,8507
sweep,8735
sweep,8199
sweep,6334
sweep,7174
sweep,4197
sweep,4706
sweep,4185
sweep,5660
sweep,5974
sweep,6114
sweep,242
mark,1042961
sweep,4852
sweep,3796
sweep,4285
sweep,4233
sweep,3800
sweep,4361
sweep,7396
sweep,3024
sweep,2994
sweep,3060
sweep,3020
sweep,2994
sweep,2688
sweep,3227
sweep,2802
sweep,2686
sweep,3154
sweep,3139
sweep,2951
sweep,3679
sweep,2319
sweep,2774
sweep,3843
sweep,2305
sweep,3062
sweep,2340
sweep,3316
sweep,3690
sweep,4229
sweep,3599
sweep,3422
sweep,2913
sweep,2927
sweep,3047
sweep,3051
sweep,3304
sweep,2806
sweep,3038
sweep,2599
sweep,2779
sweep,4269
sweep,3076
sweep,2925
sweep,3461
sweep,3154
sweep,3621
sweep,2902
sweep,2535
sweep,2529
sweep,3694
sweep,3967
sweep,4222
sweep,4139
sweep,6075
sweep,8000
sweep,6062
sweep,9345
sweep,8118
sweep,8176
sweep,8370
sweep,7365
sweep,7561
sweep,885
mark,1042011
sweep,4898
sweep,4189
sweep,3984
sweep,4196
sweep,3857
sweep,4288
sweep,3939
sweep,3207
sweep,3280
sweep,3388
sweep,3299
sweep,2722
sweep,2703
sweep,2807
sweep,2714
sweep,2743
sweep,3287
sweep,3060
sweep,3443
sweep,3833
sweep,2366
sweep,2610
sweep,3664
sweep,2678
sweep,3714
sweep,1913
sweep,3780
sweep,3609
sweep,4604
sweep,3597
sweep,3018
sweep,2842
sweep,3417
sweep,3014
sweep,3145
sweep,3078
sweep,2756
sweep,3047
sweep,2582
sweep,2673
sweep,3800
sweep,2889
sweep,2709
sweep,3194
sweep,3116
sweep,3381
sweep,2773
sweep,2463
sweep,2421
sweep,5784
sweep,8895
sweep,9149
sweep,8435
sweep,7973
sweep,6108
sweep,7094
sweep,3980
sweep,4260
sweep,4310
sweep,5893
sweep,5527
sweep,6011
sweep,223
mark,1031019
sweep,4892
sweep,4552
sweep,4240
sweep,4460
sweep,3667
sweep,3899
sweep,3682
sweep,3393
sweep,3109
sweep,3001
sweep,3157
sweep,3163
sweep,2876
sweep,2917
sweep,2593
sweep,2661
sweep,3669
sweep,3266
sweep,3068
sweep,3419
sweep,2466
sweep,2469
sweep,3740
sweep,2669
sweep,3137
sweep,2193
sweep,3451
sweep,3839
sweep,4309
sweep,3626
sweep,3547
sweep,3068
sweep,3190
sweep,3133
sweep,2871
sweep,3414
sweep,3058
sweep,3320
sweep,2889
sweep,2613
sweep,4061
sweep,3038
sweep,2831
sweep,3148
sweep,2968
sweep,3426
sweep,2874
sweep,2556
sweep,2690
sweep,3443
sweep,4049
sweep,4034
sweep,4492
sweep,6051
sweep,7918
sweep,6144
sweep,9061
sweep,8058
sweep,8132
sweep,8136
sweep,7692
sweep,7559
sweep,831
mark,1039182
sweep,5107
sweep,3990
sweep,4307
sweep,4200
sweep,3529
sweep,4473
sweep,3774
sweep,3198
sweep,2965
sweep,3912
sweep,3223
sweep,2741
sweep,2746
sweep,2878
sweep,2572
sweep,3141
sweep,3255
sweep,3055
sweep,3107
sweep,3446
sweep,2637
sweep,2635
sweep,3936
sweep,2478
sweep,3664
sweep,1947
sweep,3344
sweep,3891
sweep,4421
sweep,3922
sweep,3307
sweep,3119
sweep,3392
sweep,2986
sweep,2755
sweep,3403
sweep,2928
sweep,3159
sweep,2524
sweep,2599
sweep,3718
sweep,2814
sweep,2963
sweep,3317
sweep,3125
sweep,3438
sweep,2799
sweep,2447
sweep,2716
sweep,5503
sweep,9137
sweep,8860
sweep,8626
sweep,8080
sweep,6111
sweep,7211
sweep,4097
sweep,4310
sweep,4938
sweep,6161
sweep,5863
sweep,5862
sweep,225
mark,1029800
sweep,4865
sweep,3865
sweep,4353
sweep,3874
sweep,3628
sweep,4068
sweep,3489
sweep,3232
sweep,2794
sweep,3195
sweep,3071
sweep,2987
sweep,2851
sweep,2837
sweep,2484
sweep,2703
sweep,3183
sweep,2867
sweep,3081
sweep,3538
sweep,2405
sweep,2535
sweep,3830
sweep,2382
sweep,3146
sweep,1869
sweep,3320
sweep,3895
sweep,4111
sweep,3849
sweep,3177
sweep,2982
sweep,2821
sweep,3087
sweep,2807
sweep,3239
sweep,2808
sweep,3094
sweep,2507
sweep,2806
sweep,3836
sweep,2798
sweep,2970
sweep,3347
sweep,2924
sweep,3778
sweep,3160
sweep,2588
sweep,2472
sweep,3784
sweep,4017
sweep,3851
sweep,4134
sweep,5779
sweep,8158
sweep,6558
sweep,8438
sweep,8442
sweep,8523
sweep,8548
sweep,7421
sweep,7386
sweep,828
mark,1030289
sweep,4558
sweep,3794
sweep,3977
sweep,4027
sweep,3573
sweep,4178
sweep,3794
sweep,3115
sweep,3105
sweep,3649
sweep,2951
sweep,2921
sweep,2760
sweep,2991
sweep,2985
sweep,2679
sweep,3463
sweep,3196
sweep,2955
sweep,3633
sweep,2545
sweep,2336
sweep,4190
sweep,2456
sweep,3759
sweep,1947
sweep,3630
sweep,3643
sweep,4836
sweep,3474
sweep,3092
sweep,2951
sweep,2936
sweep,3174
sweep,2753
sweep,3090
sweep,3241
sweep,3003
sweep,2561
sweep,2670
sweep,3770
sweep,2626
sweep,2966
sweep,2984
sweep,2894
sweep,3570
sweep,2827
sweep,2715
sweep,2443
sweep,5627
sweep,8899
sweep,8414
sweep,8664
sweep,8008
sweep,6234
sweep,6935
sweep,4317
sweep,4227
sweep,4876
sweep,6265
sweep,5982
sweep,5903
sweep,225
mark,1026881
sweep,4901
sweep,4296
sweep,4454
sweep,4309
sweep,3536
sweep,3954
sweep,3682
sweep,3222
sweep,2902
sweep,3146
sweep,3111
sweep,2743
sweep,2810
sweep,3081
sweep,2771
sweep,2740
sweep,3200
sweep,3121
sweep,3251
sweep,3705
sweep,2669
sweep,2471
sweep,3661
sweep,2395
sweep,3451
sweep,1971
sweep,3452
sweep,3578
sweep,4203
sweep,3275
sweep,3126
sweep,3256
sweep,2999
sweep,3031
sweep,2835
sweep,3351
sweep,2980
sweep,3077
sweep,2813
sweep,2684
sweep,3978
sweep,2707
sweep,2723
sweep,3036
sweep,2816
sweep,3544
sweep,2718
sweep,2505
sweep,2698
sweep,3533
sweep,4132
sweep,4050
sweep,3991
sweep,5760
sweep,7968
sweep,6572
sweep,8524
sweep,8336
sweep,8527
sweep,7471
sweep,7426
sweep,7293
sweep,833
mark,1026157
sweep,4625
sweep,3700
sweep,4276
sweep,3969
sweep,3708
sweep,4381
sweep,3574
sweep,3144
sweep,2983
sweep,3449
sweep,3084
sweep,2734
sweep,2891
sweep,2958
sweep,2582
sweep,2778
sweep,3461
sweep,3104
sweep,3022
sweep,3302
sweep,2588
sweep,2660
sweep,4199
sweep,2366
sweep,3166
sweep,1959
sweep,3601
sweep,3750
sweep,4230
sweep,3365
sweep,2933
sweep,3020
sweep,2831
sweep,2915
sweep,2741
sweep,3171
sweep,2940
sweep,3195
sweep,2545
sweep,2832
sweep,3769
sweep,2725
sweep,2637
sweep,3241
sweep,3137
sweep,3377
sweep,2851
sweep,2597
sweep,2556
sweep,5988
sweep,9088
sweep,8684
sweep,8799
sweep,7951
sweep,6511
sweep,7592
sweep,4081
sweep,4911
sweep,4267
sweep,5740
sweep,5610
sweep,5713
sweep,245
mark,1026263
sweep,5205
sweep,3810
sweep,3849
sweep,4270
sweep,3792
sweep,4322
sweep,3584
sweep,3178
sweep,2889
sweep,3176
sweep,3152
sweep,2772
sweep,2976
sweep,2915
sweep,2672
sweep,3028
sweep,3189
sweep,3120
sweep,3196
sweep,3279
sweep,2556
sweep,2816
sweep,3742
sweep,2834
sweep,3350
sweep,1979
sweep,3491
sweep,3766
sweep,4424
sweep,3645
sweep,3146
sweep,3168
sweep,2906
sweep,3111
sweep,2790
sweep,3341
sweep,2708
sweep,3297
sweep,2547
sweep,2584
sweep,3790
sweep,2678
sweep,2650
sweep,3211
sweep,2896
sweep,3374
sweep,2858
sweep,2498
sweep,2821
sweep,3622
sweep,3890
sweep,4485
sweep,4445
sweep,5748
sweep,7780
sweep,6213
sweep,8551
sweep,8335
sweep,8776
sweep,7823
sweep,7651
sweep,7780
sweep,928
mark,1066911
sweep,4598
sweep,3853
sweep,4567
sweep,4092
sweep,3682
sweep,4122
sweep,3704
sweep,3402
sweep,3160
sweep,3540
sweep,2995
sweep,3018
sweep,2775
sweep,3045
sweep,2695
sweep,3081
sweep,3491
sweep,2924
sweep,3012
sweep,3486
sweep,2360
sweep,2430
sweep,3811
sweep,2390
sweep,3215
sweep,1915
sweep,3742
sweep,3902
sweep,4536
sweep,3455
sweep,3130
sweep,2833
sweep,3000
sweep,2978
sweep,3224
sweep,3353
sweep,3048
sweep,3344
sweep,2800
sweep,2723
sweep,4058
sweep,2957
sweep,2671
sweep,2963
sweep,3050
sweep,3652
sweep,3001
sweep,2696
sweep,2744
sweep,5388
sweep,8950
sweep,8611
sweep,8924
sweep,7923
sweep,5946
sweep,7263
sweep,4244
sweep,4694
sweep,4280
sweep,5782
sweep,5524
sweep,6657
sweep,224
mark,1047203
sweep,4820
sweep,3805
sweep,4528
sweep,4235
sweep,3870
sweep,4464
sweep,3847
sweep,3621
sweep,2719
sweep,3030
sweep,3108
sweep,2868
sweep,2929
sweep,2823
sweep,2600
sweep,2616
sweep,3348
sweep,3238
sweep,3137
sweep,3694
sweep,2495
sweep,2565
sweep,3889
sweep,2407
sweep,3729
sweep,2040
sweep,3390
sweep,4112
sweep,4501
sweep,3391
sweep,3308
sweep,2890
sweep,3134
sweep,3051
sweep,2775
sweep,3254
sweep,3010
sweep,3091
sweep,2651
sweep,2649
sweep,3892
sweep,3204
sweep,2683
sweep,3404
sweep,3041
sweep,3765
sweep,2961
sweep,2667
sweep,2566
sweep,3609
sweep,4030
sweep,4004
sweep,4645
sweep,6132
sweep,8304
sweep,6055
sweep,9354
sweep,8067
sweep,8636
sweep,7426
sweep,9020
sweep,15702
sweep,784
mark,1038673
sweep,4622
sweep,3929
sweep,3946
sweep,4144
sweep,3781
sweep,4346
sweep,3664
sweep,3267
sweep,2775
sweep,3197
sweep,2970
sweep,2757
sweep,2938
sweep,2802
sweep,2686
sweep,2656
sweep,3357
sweep,2889
sweep,2942
sweep,3634
sweep,2387
sweep,2597
sweep,3749
sweep,2381
sweep,3211
sweep,2243
sweep,3541
sweep,3870
sweep,4440
sweep,3643
sweep,3046
sweep,2889
sweep,2878
sweep,3112
sweep,2776
sweep,3019
sweep,2761
sweep,3317
sweep,2732
sweep,2801
sweep,3652
sweep,2707
sweep,2920
sweep,3181
sweep,2900
sweep,3488
sweep,2674
sweep,2559
sweep,2663
sweep,5545
sweep,8750
sweep,8265
sweep,8459
sweep,7828
sweep,6548
sweep,7027
sweep,4100
sweep,4459
sweep,4850
sweep,6272
sweep,5604
sweep,5883
sweep,220
mark,1046779
sweep,4906
sweep,4189
sweep,4143
sweep,4145
sweep,3842
sweep,4392
sweep,3906
sweep,3182
sweep,2873
sweep,3514
sweep,3371
sweep,3271
sweep,2682
sweep,3002
sweep,2646
sweep,2975
sweep,3187
sweep,3023
sweep,3074
sweep,3521
sweep,2645
sweep,2541
sweep,3757
sweep,2477
sweep,3057
sweep,1896
sweep,3298
sweep,3912
sweep,4568
sweep,3428
sweep,3406
sweep,3374
sweep,3042
sweep,3153
sweep,3169
sweep,3406
sweep,2829
sweep,3000
sweep,2692
sweep,2686
sweep,3650
sweep,2735
sweep,2744
sweep,3418
sweep,2860
sweep,3648
sweep,2774
sweep,2778
sweep,2468
sweep,3569
sweep,4401
sweep,3973
sweep,4135
sweep,5434
sweep,8380
sweep,6521
sweep,9167
sweep,8072
sweep,9003
sweep,7480
sweep,7570
sweep,7607
sweep,928
mark,1044651
sweep,4889
sweep,3839
sweep,3989
sweep,4190
sweep,3787
sweep,4405
sweep,3746
sweep,3260
sweep,2778
sweep,3543
sweep,3252
sweep,2844
sweep,2829
sweep,2959
sweep,3166
sweep,2704
sweep,3270
sweep,3008
sweep,3221
sweep,3608
sweep,2278
sweep,2391
sweep,3985
sweep,2291
sweep,3168
sweep,1913
sweep,3686
sweep,3583
sweep,4365
sweep,3584
sweep,3533
sweep,2901
sweep,2927
sweep,2966
sweep,3243
sweep,3128
sweep,2710
sweep,3105
sweep,2700
sweep,2612
sweep,4082
sweep,2563
sweep,2724
sweep,2983
sweep,2938
sweep,3881
sweep,2952
sweep,2408
sweep,2465
sweep,5983
sweep,9065
sweep,8352
sweep,8103
sweep,7886
sweep,5735
sweep,7486
sweep,4128
sweep,4457
sweep,4799
sweep,6170
sweep,5861
sweep,6179
sweep,224
mark,1025553
sweep,4611
sweep,4123
sweep,4203
sweep,3968
sweep,3891
sweep,4210
sweep,3712
sweep,3274
sweep,2756
sweep,2922
sweep,3098
sweep,3009
sweep,2852
sweep,2717
sweep,2654
sweep,2650
sweep,3240
sweep,3394
sweep,3083
sweep,3577
sweep,2387
sweep,2480
sweep,3938
sweep,2396
sweep,3311
sweep,1919
sweep,3364
sweep,3646
sweep,4627
sweep,3718
sweep,3055
sweep,2976
sweep,3169
sweep,3029
sweep,2861
sweep,3346
sweep,2888
sweep,3079
sweep,2507
sweep,3298
sweep,3718
sweep,2657
sweep,2888
sweep,3017
sweep,3100
sweep,3690
sweep,3303
sweep,2444
sweep,2440
sweep,3513
sweep,3997
sweep,4197
sweep,4233
sweep,6069
sweep,8020
sweep,6152
sweep,9190
sweep,8185
sweep,8857
sweep,7583
sweep,7639
sweep,7249
sweep,826
mark,1027184
sweep,4941
sweep,4473
sweep,4191
sweep,4126
sweep,3794
sweep,4393
sweep,3618
sweep,2944
sweep,3191
sweep,3227
sweep,3029
sweep,3254
sweep,2978
sweep,2920
sweep,2791
sweep,2761
sweep,3510
sweep,2908
sweep,3322
sweep,3570
sweep,2356
sweep,2580
sweep,4084
sweep,2606
sweep,3012
sweep,1925
sweep,3714
sweep,3591
sweep,4331
sweep,3829
sweep,3586
sweep,3375
sweep,2986
sweep,3325
sweep,3188
sweep,3159
sweep,3134
sweep,3220
sweep,2458
sweep,2817
sweep,3712
sweep,2843
sweep,2709
sweep,2902
sweep,2765
sweep,3738
sweep,2671
sweep,2644
sweep,2517
sweep,5663
sweep,8682
sweep,8338
sweep,8744
sweep,8025
sweep,6429
sweep,7324
sweep,4027
sweep,4437
sweep,4669
sweep,6162
sweep,5879
sweep,5739
sweep,225
mark,1032459
sweep,4786
sweep,4079
sweep,4240
sweep,3955
sweep,3583
sweep,3958
sweep,3739
sweep,3065
sweep,2883
sweep,3066
sweep,3236
sweep,3047
sweep,3018
sweep,2912
sweep,2562
sweep,3116
sweep,3518
sweep,3168
sweep,3284
sweep,3489
sweep,2381
sweep,2563
sweep,3977
sweep,2366
sweep,3247
sweep,1884
sweep,3408
sweep,3976
sweep,4092
sweep,3352
sweep,3131
sweep,3069
sweep,2890
sweep,3099
sweep,2758
sweep,3805
sweep,2745
sweep,3303
sweep,2444
sweep,2727
sweep,3813
sweep,3238
sweep,2971
sweep,3461
sweep,3089
sweep,3627
sweep,2667
sweep,2517
sweep,2400
sweep,3386
sweep,4073
sweep,3975
sweep,4219
sweep,6052
sweep,7768
sweep,6083
sweep,9203
sweep,8132
sweep,8538
sweep,8387
sweep,7543
sweep,7512
sweep,743
mark,1037192
sweep,4870
sweep,4033
sweep,4089
sweep,4064
sweep,3915
sweep,4344
sweep,3884
sweep,3618
sweep,3108
sweep,3177
sweep,3045
sweep,2737
sweep,2640
sweep,3102
sweep,2849
sweep,2736
sweep,3347
sweep,3071
sweep,2935
sweep,3572
sweep,2407
sweep,2892
sweep,3806
sweep,2638
sweep,3057
sweep,1919
sweep,3413
sweep,3688
sweep,4160
sweep,3875
sweep,3107
sweep,2967
sweep,2869
sweep,3142
sweep,2774
sweep,3423
sweep,3070
sweep,3077
sweep,2761
sweep,2662
sweep,3760
sweep,2996
sweep,3025
sweep,3217
sweep,3057
sweep,3500
sweep,2801
sweep,2568
sweep,2624
sweep,5510
sweep,8679
sweep,8276
sweep,8619
sweep,8156
sweep,6430
sweep,7545
sweep,4092
sweep,4337
sweep,4791
sweep,6409
sweep,6342
sweep,5976
sweep,222
mark,1061087
sweep,4679
sweep,4045
sweep,4579
sweep,4075
sweep,3736
sweep,4020
sweep,3708
sweep,3051
sweep,3036
sweep,3146
sweep,3069
sweep,3336
sweep,2651
sweep,3021
sweep,2639
sweep,2664
sweep,3729
sweep,3246
sweep,2847
sweep,3477
sweep,2328
sweep,2567
sweep,3755
sweep,2472
sweep,3117
sweep,1850
sweep,3289
sweep,3868
sweep,4103
sweep,3465
sweep,3413
sweep,3096
sweep,2962
sweep,3000
sweep,2804
sweep,3592
sweep,2656
sweep,3254
sweep,2656
sweep,2886
sweep,3720
sweep,2952
sweep,2771
sweep,2910
sweep,2867
sweep,3523
sweep,2861
sweep,2507
sweep,2773
sweep,3393
sweep,4295
sweep,4240
sweep,4458
sweep,5502
sweep,7607
sweep,5874
sweep,8570
sweep,8707
sweep,8430
sweep,7236
sweep,7121
sweep,7539
sweep,826
mark,1036241
sweep,4893
sweep,4057
sweep,3794
sweep,4120
sweep,3692
sweep,4044
sweep,3711
sweep,3015
sweep,3052
sweep,3465
sweep,3021
sweep,2766
sweep,2658
sweep,2938
sweep,2611
sweep,2739
sweep,3578
sweep,2879
sweep,3074
sweep,3476
sweep,2550
sweep,2589
sweep,3754
sweep,2428
sweep,3628
sweep,1899
sweep,3367
sweep,3695
sweep,4381
sweep,3851
sweep,3075
sweep,3056
sweep,2804
sweep,3475
sweep,2786
sweep,3336
sweep,2956
sweep,3223
sweep,2563
sweep,2806
sweep,3798
sweep,2681
sweep,2866
sweep,3440
sweep,3206
sweep,3700
sweep,2828
sweep,2837
sweep,2466
sweep,5412
sweep,8840
sweep,8555
sweep,8627
sweep,8326
sweep,6351
sweep,7328
sweep,4325
sweep,4231
sweep,4796
sweep,6143
sweep,5583
sweep,5833
sweep,223
mark,1031666
sweep,5249
sweep,3982
sweep,3934
sweep,4172
sweep,3497
sweep,4096
sweep,3619
sweep,3400
sweep,2736
sweep,3172
sweep,3659
sweep,2708
sweep,2917
sweep,2749
sweep,2628
sweep,2838
sweep,3407
sweep,3122
sweep,2924
sweep,3619
sweep,2371
sweep,2548
sweep,4032
sweep,2593
sweep,3596
sweep,1882
sweep,3384
sweep,3899
sweep,4429
sweep,3469
sweep,3241
sweep,2942
sweep,3016
sweep,2996
sweep,3093
sweep,3139
sweep,2968
sweep,2962
sweep,2852
sweep,3028
sweep,3846
sweep,2947
sweep,2886
sweep,2995
sweep,3253
sweep,3730
sweep,2994
sweep,2480
sweep,2648
sweep,3814
sweep,3995
sweep,3955
sweep,4183
sweep,5561
sweep,8344
sweep,6046
sweep,8990
sweep,8216
sweep,8411
sweep,7136
sweep,7696
sweep,7092
sweep,833
mark,1034511
sweep,4840
sweep,4127
sweep,3917
sweep,4033
sweep,3823
sweep,4058
sweep,3759
sweep,3380
sweep,3140
sweep,3422
sweep,2919
sweep,3060
sweep,2735
sweep,2930
sweep,2649
sweep,3092
sweep,3275
sweep,3418
sweep,3084
sweep,3630
sweep,2337
sweep,2378
sweep,3736
sweep,2660
sweep,3116
sweep,2140
sweep,3484
sweep,3972
sweep,4540
sweep,3495
sweep,3126
sweep,3216
sweep,2859
sweep,2997
sweep,2845
sweep,3178
sweep,3050
sweep,3061
sweep,2552
sweep,2884
sweep,3692
sweep,2894
sweep,2729
sweep,3088
sweep,2877
sweep,3946
sweep,2698
sweep,2626
sweep,2416
sweep,5298
sweep,9111
sweep,8440
sweep,8241
sweep,8129
sweep,5786
sweep,7548
sweep,4412
sweep,4738
sweep,5118
sweep,6216
sweep,5910
sweep,5943
sweep,219
mark,1031202
sweep,4690
sweep,3751
sweep,4240
sweep,4260
sweep,3554
sweep,3949
sweep,3708
sweep,3396
sweep,2759
sweep,3496
sweep,3105
sweep,2832
sweep,2636
sweep,2801
sweep,2585
sweep,2863
sweep,3872
sweep,2966
sweep,3008
sweep,3371
sweep,2330
sweep,2528
sweep,3965
sweep,2742
sweep,3080
sweep,2129
sweep,3609
sweep,3648
sweep,4270
sweep,3373
sweep,3289
sweep,3196
sweep,3231
sweep,3433
sweep,3154
sweep,3248
sweep,2977
sweep,3362
sweep,2721
sweep,3089
sweep,3963
sweep,2959
sweep,2970
sweep,2979
sweep,2836
sweep,3415
sweep,3166
sweep,2496
sweep,2692
sweep,3593
sweep,4378
sweep,4045
sweep,4162
sweep,6306
sweep,7987
sweep,6213
sweep,8298
sweep,8444
sweep,8544
sweep,7498
sweep,7239
sweep,7049
sweep,828
mark,1030907
sweep,4743
sweep,4394
sweep,3920
sweep,4029
sweep,3524
sweep,4082
sweep,3611
sweep,3148
sweep,2797
sweep,3166
sweep,2917
sweep,3168
sweep,2646
sweep,2977
sweep,2645
sweep,2831
sweep,3649
sweep,3152
sweep,3291
sweep,3773
sweep,2304
sweep,2577
sweep,3909
sweep,2307
sweep,3513
sweep,2214
sweep,3368
sweep,3681
sweep,4472
sweep,3341
sweep,3115
sweep,2975
sweep,3182
sweep,3147
sweep,3267
sweep,3495
sweep,2988
sweep,3165
sweep,2815
sweep,2648
sweep,3762
sweep,3185
sweep,2692
sweep,2913
sweep,2858
sweep,3508
sweep,2810
sweep,2568
sweep,2717
sweep,5372
sweep,9094
sweep,9121
sweep,8675
sweep,8079
sweep,6152
sweep,7095
sweep,3984
sweep,4762
sweep,4508
sweep,5763
sweep,6073
sweep,6121
sweep,229
mark,1045778
sweep,5011
sweep,4227
sweep,8848
sweep,4321
sweep,3907
sweep,3920
sweep,3813
sweep,3598
sweep,3016
sweep,3471
sweep,3030
sweep,2653
sweep,2777
sweep,2690
sweep,2936
sweep,2699
sweep,3608
sweep,3211
sweep,3174
sweep,3659
sweep,2345
sweep,2499
sweep,3799
sweep,2375
sweep,3224
sweep,2179
sweep,3320
sweep,3898
sweep,4109
sweep,3177
sweep,3293
sweep,3133
sweep,3330
sweep,2997
sweep,2911
sweep,3470
sweep,2783
sweep,3096
sweep,2527
sweep,2737
sweep,3776
sweep,2689
sweep,2674
sweep,3145
sweep,3057
sweep,3431
sweep,2779
sweep,2518
sweep,2659
sweep,3583
sweep,4164
sweep,4031
sweep,4260
sweep,5987
sweep,7788
sweep,5865
sweep,8365
sweep,8352
sweep,8383
sweep,7589
sweep,7073
sweep,7154
sweep,832
mark,1036266
sweep,4942
sweep,4171
sweep,4424
sweep,4124
sweep,3869
sweep,4100
sweep,3722
sweep,3103
sweep,2825
sweep,3709
sweep,3187
sweep,2773
sweep,2757
sweep,3004
sweep,2581
sweep,2832
sweep,3242
sweep,3162
sweep,3196
sweep,3425
sweep,2395
sweep,2373
sweep,3960
sweep,2583
sweep,3078
sweep,2244
sweep,3563
sweep,3561
sweep,4104
sweep,4005
sweep,3304
sweep,2839
sweep,2829
sweep,2975
sweep,3209
sweep,3430
sweep,2673
sweep,3353
sweep,2489
sweep,3028
sweep,3724
sweep,2610
sweep,2819
sweep,2954
sweep,2764
sweep,3826
sweep,2725
sweep,2765
sweep,2502
sweep,5630
sweep,8875
sweep,8286
sweep,9188
sweep,8347
sweep,6080
sweep,7078
sweep,4080
sweep,4402
sweep,4698
sweep,6120
sweep,5502
sweep,5827
sweep,230
mark,1033824
sweep,4366
sweep,3937
sweep,3829
sweep,3998
sweep,3522
sweep,4065
sweep,3583
sweep,3140
sweep,2728
sweep,3122
sweep,3099
sweep,3065
sweep,2805
sweep,2932
sweep,2519
sweep,2656
sweep,3294
sweep,2950
sweep,3039
sweep,3699
sweep,2298
sweep,2532
sweep,4039
sweep,2678
sweep,3032
sweep,2154
sweep,3601
sweep,3566
sweep,4449
sweep,3311
sweep,3568
sweep,3114
sweep,2793
sweep,3270
sweep,2800
sweep,3567
sweep,2864
sweep,3073
sweep,2459
sweep,2978
sweep,3751
sweep,2665
sweep,2601
sweep,2918
sweep,2876
sweep,3385
sweep,2793
sweep,2749
sweep,2746
sweep,3469
sweep,3928
sweep,4044
sweep,4140
sweep,5779
sweep,8472
sweep,6654
sweep,9124
sweep,8110
sweep,8921
sweep,7473
sweep,7700
sweep,7072
sweep,872
mark,1031599
sweep,4734
sweep,4318
sweep,4048
sweep,4118
sweep,3652
sweep,4089
sweep,3898
sweep,3227
sweep,2900
sweep,3613
sweep,3260
sweep,2837
sweep,2904
sweep,2862
sweep,2567
sweep,2607
sweep,3525
sweep,3286
sweep,2968
sweep,3524
sweep,2357
sweep,2445
sweep,3684
sweep,2707
sweep,3412
sweep,2000
sweep,3570
sweep,3827
sweep,4660
sweep,3453
sweep,3572
sweep,3282
sweep,2894
sweep,3151
sweep,2846
sweep,3459
sweep,2766
sweep,3094
sweep,2795
sweep,2838
sweep,3615
sweep,2592
sweep,2583
sweep,2851
sweep,3056
sweep,3468
sweep,2848
sweep,2523
sweep,2670
sweep,5745
sweep,9454
sweep,8365
sweep,8660
sweep,8037
sweep,6098
sweep,7567
sweep,3989
sweep,4294
sweep,4605
sweep,5948
sweep,5501
sweep,5815
sweep,224
mark,1029505
sweep,4674
sweep,3899
sweep,4050
sweep,4064
sweep,3582
sweep,4021
sweep,3526
sweep,3160
sweep,3125
sweep,3113
sweep,3042
sweep,2717
sweep,2953
sweep,3124
sweep,2921
sweep,2769
sweep,3218
sweep,3218
sweep,3108
sweep,3513
sweep,2274
sweep,2497
sweep,4007
sweep,2532
sweep,3058
sweep,1956
sweep,3380
sweep,3573
sweep,4160
sweep,3437
sweep,3202
sweep,3080
sweep,2885
sweep,3335
sweep,2954
sweep,3352
sweep,2735
sweep,3331
sweep,2788
sweep,2853
sweep,4059
sweep,2774
sweep,2879
sweep,3001
sweep,2880
sweep,3760
sweep,2781
sweep,2457
sweep,2678
sweep,3695
sweep,4023
sweep,4127
sweep,4179
sweep,6043
sweep,7929
sweep,6630
sweep,8387
sweep,8294
sweep,8468
sweep,7444
sweep,7018
sweep,6943
sweep,839
mark,1028529
sweep,4629
sweep,3938
sweep,3894
sweep,3940
sweep,3756
sweep,4332
sweep,3585
sweep,3416
sweep,3151
sweep,3233
sweep,3085
sweep,2847
sweep,2710
sweep,3108
sweep,2792
sweep,2747
sweep,3662
sweep,3196
sweep,2986
sweep,3484
sweep,2525
sweep,2555
sweep,3889
sweep,2400
sweep,3343
sweep,2047
sweep,3546
sweep,3638
sweep,4588
sweep,3635
sweep,2975
sweep,3054
sweep,2815
sweep,3098
sweep,2827
sweep,3091
sweep,2775
sweep,3058
sweep,2742
sweep,2654
sweep,3838
sweep,2642
sweep,2726
sweep,2905
sweep,2930
sweep,3498
sweep,2624
sweep,2397
sweep,2578
sweep,5775
sweep,8639
sweep,8347
sweep,8287
sweep,7623
sweep,6113
sweep,6895
sweep,3920
sweep,4396
sweep,4786
sweep,6301
sweep,5421
sweep,5763
sweep,223
mark,1022868
sweep,4842
sweep,4293
sweep,3909
sweep,4040
sweep,3963
sweep,4218
sweep,3751
sweep,2994
sweep,2797
sweep,3166
sweep,3168
sweep,3019
sweep,2932
sweep,2882
sweep,2669
sweep,2737
sweep,3108
sweep,2963
sweep,3161
sweep,3390
sweep,2262
sweep,2756
sweep,3899
sweep,2507
sweep,3061
sweep,1935
sweep,3516
sweep,4063
sweep,4219
sweep,3509
sweep,3107
sweep,3019
sweep,3012
sweep,3347
sweep,3119
sweep,3286
sweep,3031
sweep,3069
sweep,2672
sweep,3172
sweep,3768
sweep,2940
sweep,2796
sweep,3107
sweep,2928
sweep,3840
sweep,2822
sweep,2632
sweep,2700
sweep,3535
sweep,4230
sweep,4020
sweep,4285
sweep,5960
sweep,7605
sweep,5926
sweep,8915
sweep,8074
sweep,8547
sweep,7117
sweep,7062
sweep,7467
sweep,829
mark,1027467
sweep,4697
sweep,3866
sweep,3887
sweep,3960
sweep,4093
sweep,4053
sweep,3600
sweep,3282
sweep,3166
sweep,3239
sweep,3279
sweep,2684
sweep,2997
sweep,2938
sweep,2627
sweep,2655
sweep,3510
sweep,3348
sweep,3063
sweep,3532
sweep,2499
sweep,2422
sweep,4037
sweep,2482
sweep,3024
sweep,2235
sweep,3789
sweep,3661
sweep,4701
sweep,3790
sweep,2981
sweep,3026
sweep,2864
sweep,2911
sweep,2885
sweep,3331
sweep,2799
sweep,3312
sweep,2463
sweep,2608
sweep,3683
sweep,2929
sweep,2606
sweep,2933
sweep,2824
sweep,3678
sweep,2740
sweep,2468
sweep,2825
sweep,5436
sweep,8905
sweep,8460
sweep,8665
sweep,8351
sweep,5916
sweep,7421
sweep,4025
sweep,4444
sweep,4448
sweep,5741
sweep,5819
sweep,5765
sweep,226
mark,1026658
sweep,4867
sweep,4150
sweep,4527
sweep,4204
sweep,4028
sweep,3980
sweep,3589
sweep,3210
sweep,3041
sweep,3242
sweep,3297
sweep,2818
sweep,2681
sweep,2710
sweep,2570
sweep,3025
sweep,3343
sweep,2985
sweep,3248
sweep,3689
sweep,2341
sweep,2697
sweep,3981
sweep,2439
sweep,3016
sweep,2348
sweep,3530
sweep,3796
sweep,4545
sweep,3528
sweep,3833
sweep,3217
sweep,2973
sweep,2989
sweep,2715
sweep,3422
sweep,2707
sweep,3266
sweep,2711
sweep,3029
sweep,3766
sweep,2783
sweep,2741
sweep,2894
sweep,2820
sweep,3478
sweep,2794
sweep,2441
sweep,2470
sweep,3621
sweep,3781
sweep,4196
sweep,4256
sweep,6104
sweep,8560
sweep,6935
sweep,8331
sweep,8113
sweep,8461
sweep,7370
sweep,7471
sweep,7012
sweep,837
mark,1028072
sweep,5082
sweep,4161
sweep,4368
sweep,4129
sweep,3684
sweep,4049
sweep,3528
sweep,3025
sweep,3071
sweep,3396
sweep,3017
sweep,2672
sweep,2905
sweep,2823
sweep,2651
sweep,2781
sweep,3507
sweep,2987
sweep,3047
sweep,3744
sweep,2368
sweep,2761
sweep,3950
sweep,2365
sweep,3029
sweep,2245
sweep,3261
sweep,3895
sweep,4438
sweep,3472
sweep,2982
sweep,3244
sweep,2871
sweep,3048
sweep,2775
sweep,3134
sweep,2929
sweep,2986
sweep,2445
sweep,2778
sweep,4137
sweep,2785
sweep,2950
sweep,3029
sweep,3167
sweep,3278
sweep,2946
sweep,2592
sweep,2544
sweep,5570
sweep,8976
sweep,8275
sweep,8548
sweep,7887
sweep,6213
sweep,7422
sweep,4304
sweep,4327
sweep,4501
sweep,5799
sweep,5614
sweep,5902
sweep,251
mark,1023145
sweep,4801
sweep,4068
sweep,4200
sweep,4283
sweep,3594
sweep,4225
sweep,3536
sweep,3107
sweep,3043
sweep,3119
sweep,3112
sweep,2816
sweep,2625
sweep,3126
sweep,2567
sweep,2861
sweep,3274
sweep,2904
sweep,2958
sweep,4006
sweep,2340
sweep,2409
sweep,3959
sweep,2512
sweep,3086
sweep,1929
sweep,3354
sweep,3866
sweep,4421
sweep,3323
sweep,3096
sweep,3156
sweep,2937
sweep,3025
sweep,2765
sweep,3157
sweep,2836
sweep,3319
sweep,2480
sweep,3135
sweep,3978
sweep,2846
sweep,3026
sweep,3284
sweep,2828
sweep,3376
sweep,2949
sweep,2480
sweep,2448
sweep,3632
sweep,3912
sweep,4056
sweep,4125
sweep,5925
sweep,8118
sweep,6425
sweep,8823
sweep,8363
sweep,8560
sweep,8485
sweep,7561
sweep,7855
sweep,804
mark,1031689
sweep,4576
sweep,3804
sweep,4366
sweep,4053
sweep,3597
sweep,4091
sweep,3913
sweep,3078
sweep,2881
sweep,3221
sweep,3027
sweep,2743
sweep,2735
sweep,2666
sweep,2571
sweep,2709
sweep,3606
sweep,3131
sweep,3218
sweep,3630
sweep,2338
sweep,2300
sweep,4070
sweep,2329
sweep,3102
sweep,2155
sweep,3501
sweep,3912
sweep,4392
sweep,3772
sweep,3053
sweep,2945
sweep,3301
sweep,3255
sweep,2867
sweep,3106
sweep,3145
sweep,2990
sweep,2562
sweep,2701
sweep,3735
sweep,3002
sweep,2678
sweep,3103
sweep,2888
sweep,3720
sweep,2737
sweep,2503
sweep,2442
sweep,5481
sweep,8878
sweep,8878
sweep,8771
sweep,8411
sweep,5790
sweep,7109
sweep,4005
sweep,4322
sweep,4959
sweep,6185
sweep,6066
sweep,6105
sweep,220
mark,1034686
sweep,5005
sweep,4229
sweep,4455
sweep,4136
sweep,4115
sweep,4307
sweep,3489
sweep,3364
sweep,2885
sweep,3530
sweep,3314
sweep,2749
sweep,2789
sweep,2831
sweep,2645
sweep,2740
sweep,3284
sweep,3166
sweep,3040
sweep,3838
sweep,2456
sweep,2722
sweep,3807
sweep,2502
sweep,3508
sweep,2078
sweep,3447
sweep,3912
sweep,4450
sweep,3513
sweep,3080
sweep,3194
sweep,3021
sweep,3308
sweep,2909
sweep,3362
sweep,2764
sweep,3029
sweep,2659
sweep,2650
sweep,3835
sweep,2890
sweep,2653
sweep,3024
sweep,2858
sweep,3395
sweep,2960
sweep,2658
sweep,2457
sweep,3517
sweep,3946
sweep,4334
sweep,4080
sweep,5604
sweep,8358
sweep,6179
sweep,8856
sweep,8435
sweep,8623
sweep,7105
sweep,7390
sweep,7232
sweep,926
mark,1034403
sweep,4719
sweep,4210
sweep,4037
sweep,3982
sweep,3634
sweep,4195
sweep,3733
sweep,3773
sweep,3169
sweep,3217
sweep,3055
sweep,2724
sweep,2664
sweep,3068
sweep,2873
sweep,3033
sweep,3305
sweep,2932
sweep,3345
sweep,3572
sweep,2618
sweep,2466
sweep,3970
sweep,2744
sweep,3069
sweep,1929
sweep,3539
sweep,3742
sweep,4469
sweep,3381
sweep,3036
sweep,3036
sweep,2987
sweep,3025
sweep,3170
sweep,3083
sweep,2779
sweep,3336
sweep,2658
sweep,2835
sweep,3868
sweep,2640
sweep,2889
sweep,2914
sweep,2940
sweep,3356
sweep,2891
sweep,2552
sweep,2645
sweep,5786
sweep,8999
sweep,8484
sweep,8820
sweep,8242
sweep,6179
sweep,7697
sweep,4071
sweep,5124
sweep,4512
sweep,5648
sweep,5838
sweep,6410
sweep,223
mark,1044319
sweep,4636
sweep,3862
sweep,3984
sweep,4120
sweep,3727
sweep,3922
sweep,3536
sweep,3267
sweep,2837
sweep,3296
sweep,3085
sweep,2723
sweep,2841
sweep,2973
sweep,2601
sweep,2729
sweep,3262
sweep,3275
sweep,3258
sweep,3472
sweep,2360
sweep,2540
sweep,3813
sweep,2418
sweep,3679
sweep,1956
sweep,3516
sweep,3711
sweep,4282
sweep,3454
sweep,3080
sweep,3441
sweep,3235
sweep,3090
sweep,2795
sweep,3372
sweep,3016
sweep,3312
sweep,2504
sweep,2677
sweep,4085
sweep,2586
sweep,2924
sweep,3547
sweep,2823
sweep,3519
sweep,2681
sweep,2678
sweep,2629
sweep,3505
sweep,3954
sweep,3956
sweep,4448
sweep,5826
sweep,7708
sweep,6176
sweep,8672
sweep,8621
sweep,8267
sweep,7996
sweep,7652
sweep,7892
sweep,839
mark,1044881
sweep,4709
sweep,4374
sweep,4350
sweep,4017
sweep,3879
sweep,4313
sweep,3924
sweep,3145
sweep,2925
sweep,3324
sweep,3019
sweep,2951
sweep,2840
sweep,3040
sweep,2688
sweep,2724
sweep,3466
sweep,2925
sweep,3002
sweep,3474
sweep,2376
sweep,2537
sweep,4002
sweep,2553
sweep,3547
sweep,1918
sweep,3434
sweep,3717
sweep,4734
sweep,3486
sweep,3174
sweep,3068
sweep,2933
sweep,3033
sweep,2827
sweep,3435
sweep,2750
sweep,2989
sweep,2534
sweep,2688
sweep,3914
sweep,2674
sweep,2753
sweep,3099
sweep,3135
sweep,3706
sweep,2767
sweep,2539
sweep,2605
sweep,5415
sweep,9049
sweep,8343
sweep,8839
sweep,8276
sweep,6171
sweep,7737
sweep,4086
sweep,4430
sweep,4593
sweep,5757
sweep,5805
sweep,6626
sweep,237
mark,1051923
sweep,4735
sweep,4013
sweep,3890
sweep,4064
sweep,3869
sweep,4081
sweep,3846
sweep,3545
sweep,2906
sweep,3134
sweep,3524
sweep,3004
sweep,2982
sweep,2887
sweep,2593
sweep,2734
sweep,3479
sweep,2997
sweep,3103
sweep,3530
sweep,2454
sweep,2539
sweep,4152
sweep,2664
sweep,3940
sweep,2211
sweep,3345
sweep,4218
sweep,4463
sweep,4018
sweep,3549
sweep,3135
sweep,2800
sweep,3332
sweep,2638
sweep,3119
sweep,3330
sweep,3308
sweep,2570
sweep,3012
sweep,3730
sweep,2777
sweep,2622
sweep,2906
sweep,3066
sweep,3584
sweep,2735
sweep,2465
sweep,2574
sweep,3488
sweep,3888
sweep,3948
sweep,4072
sweep,5823
sweep,7982
sweep,6511
sweep,9170
sweep,8052
sweep,8799
sweep,7100
sweep,7468
sweep,7201
sweep,836
mark,1031782
sweep,4779
sweep,4094
sweep,4285
sweep,4187
sweep,3996
sweep,4306
sweep,3999
sweep,3068
sweep,3035
sweep,3178
sweep,3038
sweep,3046
sweep,2761
sweep,3369
sweep,2729
sweep,2859
sweep,3513
sweep,2887
sweep,2963
sweep,3428
sweep,2350
sweep,2415
sweep,3930
sweep,2417
sweep,3162
sweep,1854
sweep,3421
sweep,3748
sweep,4422
sweep,3362
sweep,3090
sweep,2921
sweep,3128
sweep,3306
sweep,3057
sweep,3142
sweep,2698
sweep,3558
sweep,2416
sweep,2898
sweep,3748
sweep,2715
sweep,2733
sweep,2923
sweep,2974
sweep,3388
sweep,2620
sweep,2470
sweep,2656
sweep,5316
sweep,8789
sweep,8365
sweep,8197
sweep,7941
sweep,6524
sweep,7611
sweep,4136
sweep,4283
sweep,4899
sweep,6136
sweep,5959
sweep,6077
sweep,226
mark,1029089
sweep,4771
sweep,3997
sweep,4381
sweep,4613
sweep,3523
sweep,4323
sweep,3543
sweep,3026
sweep,2884
sweep,3018
sweep,3269
sweep,3083
sweep,2943
sweep,3040
sweep,2642
sweep,2930
sweep,3438
sweep,3218
sweep,2900
sweep,3255
sweep,2276
sweep,2493
sweep,3822
sweep,2665
sweep,3032
sweep,2081
sweep,3275
sweep,3674
sweep,4481
sweep,3830
sweep,3425
sweep,3212
sweep,3390
sweep,3144
sweep,2789
sweep,3343
sweep,2873
sweep,3279
sweep,2538
sweep,2876
sweep,3710
sweep,3006
sweep,2731
sweep,3022
sweep,2837
sweep,3502
sweep,2719
sweep,2671
sweep,2471
sweep,3851
sweep,3799
sweep,3998
sweep,4245
sweep,5912
sweep,8443
sweep,6466
sweep,9067
sweep,8209
sweep,8737
sweep,7278
sweep,7006
sweep,7109
sweep,852
mark,1031900
sweep,5083
sweep,4068
sweep,4202
sweep,4163
sweep,3827
sweep,4191
sweep,3839
sweep,3132
sweep,2950
sweep,3243
sweep,3286
sweep,3033
sweep,2864
sweep,2771
sweep,2713
sweep,2917
sweep,3464
sweep,2916
sweep,3259
sweep,3367
sweep,2350
sweep,2569
sweep,3746
sweep,2307
sweep,3354
sweep,1864
sweep,3574
sweep,3951
sweep,10172
sweep,3439
sweep,3616
sweep,3079
sweep,2867
sweep,3267
sweep,2816
sweep,3497
sweep,2979
sweep,3331
sweep,2413
sweep,2921
sweep,3680
sweep,2666
sweep,2728
sweep,3017
sweep,2985
sweep,3376
sweep,2784
sweep,2566
sweep,2673
sweep,5595
sweep,8921
sweep,8318
sweep,8549
sweep,7943
sweep,6604
sweep,7169
sweep,4293
sweep,4179
sweep,4951
sweep,6211
sweep,5818
sweep,5815
sweep,225
mark,1034537
sweep,4575
sweep,4038
sweep,4444
sweep,4338
sweep,3862
sweep,3995
sweep,3608
sweep,3467
sweep,2711
sweep,3374
sweep,3095
sweep,2763
sweep,2848
sweep,3098
sweep,2689
sweep,2771
sweep,3317
sweep,3357
sweep,3185
sweep,3481
sweep,2680
sweep,2500
sweep,3645
sweep,2679
sweep,3054
sweep,1827
sweep,3540
sweep,3709
sweep,4120
sweep,3580
sweep,3175
sweep,2901
sweep,2952
sweep,3021
sweep,2975
sweep,3434
sweep,2998
sweep,2992
sweep,2547
sweep,2753
sweep,3881
sweep,2704
sweep,3362
sweep,3156
sweep,3143
sweep,3840
sweep,2970
sweep,2455
sweep,2446
sweep,3751
sweep,4115
sweep,3935
sweep,4409
sweep,6000
sweep,7707
sweep,6064
sweep,9284
sweep,8062
sweep,8241
sweep,7961
sweep,7351
sweep,7610
sweep,823
mark,1036682
sweep,4510
sweep,4001
sweep,4046
sweep,4093
sweep,3920
sweep,4299
sweep,3573
sweep,3324
sweep,2941
sweep,3354
sweep,3472
sweep,2683
sweep,2989
sweep,2854
sweep,2644
sweep,2804
sweep,3143
sweep,3052
sweep,3110
sweep,3349
sweep,2340
sweep,2371
sweep,3838
sweep,2262
sweep,3190
sweep,2029
sweep,3507
sweep,3576
sweep,4678
sweep,3458
sweep,3049
sweep,3226
sweep,3088
sweep,3171
sweep,2800
sweep,3387
sweep,2931
sweep,3160
sweep,2549
sweep,2567
sweep,4086
sweep,2994
sweep,2850
sweep,3157
sweep,3149
sweep,3404
sweep,2742
sweep,2677
sweep,2567
sweep,5430
sweep,8791
sweep,8457
sweep,8714
sweep,8176
sweep,6366
sweep,7026
sweep,4443
sweep,4309
sweep,4856
sweep,6178
sweep,6026
sweep,5973
sweep,237
mark,1030688
sweep,4601
sweep,3735
sweep,3808
sweep,4462
sweep,3685
sweep,4021
sweep,3987
sweep,3128
sweep,3064
sweep,3331
sweep,3105
sweep,3064
sweep,2740
sweep,3182
sweep,2550
sweep,2851
sweep,3140
sweep,2967
sweep,3196
sweep,3482
sweep,2212
sweep,2627
sweep,3950
sweep,2304
sweep,3021
sweep,2215
sweep,3298
sweep,4068
sweep,4098
sweep,3606
sweep,3314
sweep,3013
sweep,3494
sweep,3193
sweep,3197
sweep,3280
sweep,2809
sweep,3033
sweep,2826
sweep,2947
sweep,3804
sweep,2892
sweep,3212
sweep,3115
sweep,2778
sweep,3748
sweep,2788
sweep,2453
sweep,2560
sweep,3447
sweep,3900
sweep,3982
sweep,4438
sweep,5733
sweep,7894
sweep,6501
sweep,8431
sweep,8514
sweep,8350
sweep,7683
sweep,7055
sweep,6973
sweep,833
mark,1034848
sweep,5344
sweep,4148
sweep,3943
sweep,4248
sweep,3983
sweep,4165
sweep,3542
sweep,3073
sweep,3013
sweep,3328
sweep,2866
sweep,2739
sweep,2670
sweep,2897
sweep,2901
sweep,2793
sweep,3511
sweep,2975
sweep,3064
sweep,3476
sweep,2330
sweep,2579
sweep,3665
sweep,2628
sweep,3189
sweep,1956
sweep,3534
sweep,3938
sweep,4373
sweep,3591
sweep,3056
sweep,2919
sweep,2966
sweep,3290
sweep,3119
sweep,3363
sweep,2762
sweep,3012
sweep,2884
sweep,2685
sweep,3896
sweep,2667
sweep,3052
sweep,3123
sweep,2997
sweep,3692
sweep,2785
sweep,2465
sweep,2466
sweep,5316
sweep,9111
sweep,8665
sweep,8758
sweep,8260
sweep,5789
sweep,7540
sweep,4219
sweep,4447
sweep,4258
sweep,5699
sweep,6185
sweep,6449
sweep,233
mark,1031655
sweep,4850
sweep,4269
sweep,3844
sweep,4045
sweep,3834
sweep,4205
sweep,4013
sweep,3185
sweep,2822
sweep,3093
sweep,3206
sweep,2744
sweep,2747
sweep,3131
sweep,2650
sweep,2805
sweep,3396
sweep,2981
sweep,3052
sweep,3382
sweep,2376
sweep,2623
sweep,3829
sweep,2510
sweep,3148
sweep,1918
sweep,3539
sweep,3575
sweep,4354
sweep,3382
sweep,3443
sweep,3221
sweep,3075
sweep,3109
sweep,2814
sweep,3166
sweep,2966
sweep,3141
sweep,2479
sweep,2761
sweep,3614
sweep,2646
sweep,2845
sweep,2946
sweep,2777
sweep,3690
sweep,2852
sweep,2627
sweep,2402
sweep,3427
sweep,4184
sweep,4004
sweep,4135
sweep,6068
sweep,7930
sweep,6329
sweep,8528
sweep,8421
sweep,8626
sweep,8230
sweep,7387
sweep,7570
sweep,800
mark,1037203
sweep,4837
sweep,3992
sweep,4037
sweep,4013
sweep,3893
sweep,4245
sweep,3723
sweep,3593
sweep,3155
sweep,3125
sweep,3012
sweep,3063
sweep,2934
sweep,2796
sweep,2591
sweep,2658
sweep,3341
sweep,3260
sweep,3020
sweep,3446
sweep,2395
sweep,2408
sweep,3748
sweep,2446
sweep,3274
sweep,1937
sweep,3468
sweep,3665
sweep,4190
sweep,3422
sweep,3300
sweep,3047
sweep,2888
sweep,2972
sweep,2941
sweep,3502
sweep,2900
sweep,3055
sweep,2566
sweep,2723
sweep,3863
sweep,2651
sweep,3085
sweep,3433
sweep,3115
sweep,3513
sweep,2890
sweep,2445
sweep,2737
sweep,5678
sweep,9463
sweep,8508
sweep,8620
sweep,8030
sweep,5763
sweep,6928
sweep,3934
sweep,4560
sweep,4809
sweep,6068
sweep,5994
sweep,5814
sweep,237
mark,1027498
sweep,4590
sweep,4169
sweep,3959
sweep,4233
sweep,3852
sweep,4234
sweep,3641
sweep,3158
sweep,2768
sweep,3072
sweep,3106
sweep,2953
sweep,2901
sweep,2810
sweep,2574
sweep,2804
sweep,3444
sweep,2915
sweep,2985
sweep,3480
sweep,2642
sweep,2760
sweep,3718
sweep,2650
sweep,3148
sweep,2062
sweep,3470
sweep,3828
sweep,4125
sweep,3708
sweep,3169
sweep,3289
sweep,3222
sweep,2998
sweep,2750
sweep,3385
sweep,2791
sweep,3115
sweep,2903
sweep,2635
sweep,3933
sweep,3415
sweep,2704
sweep,3016
sweep,2911
sweep,3859
sweep,2829
sweep,2555
sweep,2414
sweep,3925
sweep,4119
sweep,3940
sweep,4132
sweep,6050
sweep,7892
sweep,6275
sweep,8543
sweep,8495
sweep,8553
sweep,8396
sweep,7428
sweep,7495
sweep,831
mark,1031897
sweep,4790
sweep,4018
sweep,4117
sweep,4240
sweep,3786
sweep,4161
sweep,3854
sweep,3424
sweep,2870
sweep,3321
sweep,2985
sweep,2676
sweep,2729
sweep,3298
sweep,2853
sweep,2634
sweep,3412
sweep,3151
sweep,3128
sweep,3383
sweep,2398
sweep,2938
sweep,3845
sweep,2300
sweep,3421
sweep,1857
sweep,3451
sweep,3589
sweep,4447
sweep,3430
sweep,3045
sweep,2978
sweep,2851
sweep,2997
sweep,3308
sweep,3136
sweep,2882
sweep,3445
sweep,2485
sweep,2809
sweep,3858
sweep,2712
sweep,2599
sweep,2957
sweep,2812
sweep,3301
sweep,2895
sweep,2685
sweep,2669
sweep,5705
sweep,8817
sweep,8196
sweep,8357
sweep,7980
sweep,5899
sweep,7524
sweep,4127
sweep,4635
sweep,4703
sweep,6303
sweep,5567
sweep,5964
sweep,223
mark,1021892
sweep,4466
sweep,4441
sweep,3987
sweep,4184
sweep,3809
sweep,3812
sweep,3523
sweep,3388
sweep,3082
sweep,3063
sweep,3153
sweep,2768
sweep,2685
sweep,2709
sweep,2976
sweep,2685
sweep,3536
sweep,2968
sweep,3050
sweep,3588
sweep,2501
sweep,2520
sweep,3689
sweep,2366
sweep,3645
sweep,1954
sweep,3306
sweep,3827
sweep,4177
sweep,3424
sweep,3211
sweep,3153
sweep,2960
sweep,3006
sweep,2845
sweep,3287
sweep,2713
sweep,3046
sweep,2590
sweep,3065
sweep,3684
sweep,3014
sweep,2691
sweep,2929
sweep,2755
sweep,3630
sweep,2678
sweep,2515
sweep,2510
sweep,3406
sweep,3967
sweep,4018
sweep,4449
sweep,5842
sweep,8015
sweep,6448
sweep,8384
sweep,8417
sweep,8732
sweep,8495
sweep,7274
sweep,7514
sweep,838
mark,1037558
sweep,4453
sweep,3860
sweep,4676
sweep,4234
sweep,3730
sweep,3979
sweep,3560
sweep,3611
sweep,3115
sweep,3360
sweep,3008
sweep,2976
sweep,2925
sweep,2836
sweep,2859
sweep,2699
sweep,3320
sweep,2968
sweep,3079
sweep,3453
sweep,2445
sweep,2929
sweep,3861
sweep,2404
sweep,3096
sweep,1994
sweep,3518
sweep,3719
sweep,4314
sweep,3373
sweep,3366
sweep,3051
sweep,3025
sweep,3236
sweep,3015
sweep,3217
sweep,2692
sweep,3227
sweep,6640
sweep,2850
sweep,4425
sweep,2568
sweep,2655
sweep,3330
sweep,2766
sweep,4038
sweep,2775
sweep,2701
sweep,2492
sweep,5556
sweep,8893
sweep,8580
sweep,8405
sweep,8054
sweep,5517
sweep,6870
sweep,3958
sweep,4351
sweep,4860
sweep,6074
sweep,5794
sweep,5793
sweep,221
mark,1027723
sweep,4518
sweep,3881
sweep,3962
sweep,4089
sweep,3566
sweep,4265
sweep,3911
sweep,3204
sweep,2786
sweep,3137
sweep,3388
sweep,2785
sweep,2909
sweep,3117
sweep,2592
sweep,3062
sweep,3144
sweep,2942
sweep,3206
sweep,3540
sweep,2605
sweep,2538
sweep,3696
sweep,2306
sweep,3620
sweep,1867
sweep,3289
sweep,3821
sweep,4705
sweep,3435
sweep,3125
sweep,2951
sweep,2909
sweep,3048
sweep,2841
sweep,3427
sweep,3035
sweep,2994
sweep,2494
sweep,3070
sweep,3787
sweep,3003
sweep,2802
sweep,2996
sweep,2810
sweep,3920
sweep,2773
sweep,2669
sweep,2533
sweep,3502
sweep,4160
sweep,4479
sweep,4119
sweep,5585
sweep,8700
sweep,6542
sweep,9047
sweep,8169
sweep,8948
sweep,7448
sweep,7734
sweep,7210
sweep,836
mark,1030773
sweep,4563
sweep,3635
sweep,3978
sweep,4066
sweep,3732
sweep,4050
sweep,3636
sweep,3166
sweep,3209
sweep,3313
sweep,2974
sweep,2954
sweep,2873
sweep,2849
sweep,2632
sweep,2872
sweep,3602
sweep,2937
sweep,2984
sweep,3413
sweep,2700
sweep,2469
sweep,3749
sweep,2524
sweep,3816
sweep,2176
sweep,3679
sweep,3596
sweep,4577
sweep,3356
sweep,3147
sweep,2942
sweep,2939
sweep,3043
sweep,2739
sweep,3559
sweep,3073
sweep,2979
sweep,2440
sweep,2898
sweep,3645
sweep,2822
sweep,2846
sweep,2926
sweep,3111
sweep,3481
sweep,2914
sweep,2517
sweep,2721
sweep,5498
sweep,9060
sweep,8618
sweep,8514
sweep,8113
sweep,6743
sweep,7521
sweep,4120
sweep,4378
sweep,5128
sweep,6144
sweep,5903
sweep,5913
sweep,225
mark,1029492
sweep,4653
sweep,4009
sweep,4649
sweep,3987
sweep,3628
sweep,4238
sweep,3851
sweep,3200
sweep,2764
sweep,3174
sweep,3304
sweep,2705
sweep,2733
sweep,3342
sweep,2918
sweep,2863
sweep,3271
sweep,2907
sweep,3260
sweep,3908
sweep,2388
sweep,2660
sweep,3723
sweep,2341
sweep,3229
sweep,1947
sweep,3730
sweep,3851
sweep,5337
sweep,3581
sweep,3321
sweep,3129
sweep,3007
sweep,3258
sweep,2869
sweep,3376
sweep,2937
sweep,3125
sweep,2570
sweep,2693
sweep,4133
sweep,2791
sweep,2657
sweep,2886
sweep,2786
sweep,3720
sweep,2973
sweep,2536
sweep,2593
sweep,3707
sweep,4226
sweep,4420
sweep,4350
sweep,5662
sweep,7808
sweep,5856
sweep,8499
sweep,8434
sweep,8664
sweep,8024
sweep,7648
sweep,7839
sweep,885
mark,1048336
sweep,5019
sweep,3939
sweep,4252
sweep,4326
sweep,3656
sweep,4025
sweep,3670
sweep,3509
sweep,3133
sweep,3340
sweep,3161
sweep,3055
sweep,2970
sweep,2930
sweep,2751
sweep,2826
sweep,3506
sweep,3188
sweep,3101
sweep,3703
sweep,2451
sweep,2476
sweep,4104
sweep,2442
sweep,3236
sweep,1912
sweep,3724
sweep,3777
sweep,4208
sweep,3415
sweep,3030
sweep,3025
sweep,3400
sweep,3661
sweep,2811
sweep,3209
sweep,2794
sweep,3161
sweep,2744
sweep,2648
sweep,3672
sweep,2627
sweep,2995
sweep,3092
sweep,3140
sweep,3651
sweep,2808
sweep,2464
sweep,2499
sweep,5888
sweep,9115
sweep,8661
sweep,8710
sweep,7494
sweep,6107
sweep,6738
sweep,3907
sweep,4495
sweep,4889
sweep,6147
sweep,5934
sweep,5717
sweep,233
mark,1053256
sweep,4563
sweep,4147
sweep,4398
sweep,4344
sweep,3962
sweep,4006
sweep,3602
sweep,3211
sweep,2727
sweep,3557
sweep,3098
sweep,2736
sweep,2821
sweep,2804
sweep,2542
sweep,2633
sweep,3408
sweep,3495
sweep,3257
sweep,3510
sweep,2298
sweep,2512
sweep,3773
sweep,2453
sweep,3243
sweep,1900
sweep,3453
sweep,3932
sweep,4078
sweep,3770
sweep,3123
sweep,3125
sweep,3169
sweep,3060
sweep,2842
sweep,3604
sweep,2724
sweep,3039
sweep,2837
sweep,3010
sweep,3769
sweep,2938
sweep,2750
sweep,3039
sweep,2954
sweep,3455
sweep,3119
sweep,2531
sweep,2761
sweep,3783
sweep,3995
sweep,4007
sweep,4562
sweep,5653
sweep,8023
sweep,6427
sweep,8564
sweep,8394
sweep,8586
sweep,7419
sweep,7701
sweep,7236
sweep,928
mark,1091638
sweep,4721
sweep,4009
sweep,3965
sweep,4011
sweep,3734
sweep,4215
sweep,3718
sweep,3226
sweep,3057
sweep,3113
sweep,3147
sweep,2705
sweep,2655
sweep,3061
sweep,2547
sweep,2829
sweep,3571
sweep,3076
sweep,2957
sweep,3585
sweep,2316
sweep,2456
sweep,4259
sweep,2438
sweep,3417
sweep,2092
sweep,3500
sweep,3626
sweep,4547
sweep,3325
sweep,3463
sweep,3350
sweep,3047
sweep,3106
sweep,2817
sweep,3104
sweep,2691
sweep,3405
sweep,2519
sweep,2713
sweep,3901
sweep,2823
sweep,3440
sweep,2975
sweep,3111
sweep,3976
sweep,2759
sweep,2554
sweep,2692
sweep,5540
sweep,8993
sweep,9020
sweep,8803
sweep,8092
sweep,6348
sweep,7566
sweep,4199
sweep,4251
sweep,4965
sweep,6341
sweep,5908
sweep,5801
sweep,226
mark,1064438
sweep,4689
sweep,4016
sweep,4199
sweep,4115
sweep,3675
sweep,4125
sweep,3543
sweep,3289
sweep,2790
sweep,3170
sweep,3074
sweep,3030
sweep,2711
sweep,2829
sweep,2775
sweep,2743
sweep,3178
sweep,2882
sweep,2951
sweep,3577
sweep,2313
sweep,2604
sweep,3748
sweep,2296
sweep,5894
sweep,1905
sweep,3318
sweep,3943
sweep,4575
sweep,3435
sweep,3711
sweep,3164
sweep,2882
sweep,3038
sweep,3054
sweep,3273
sweep,3031
sweep,3239
sweep,2586
sweep,2673
sweep,3616
sweep,2797
sweep,2832
sweep,3008
sweep,2774
sweep,3427
sweep,3008
sweep,2494
sweep,2727
sweep,3436
sweep,3845
sweep,4064
sweep,4208
sweep,5977
sweep,7912
sweep,6222
sweep,8528
sweep,8153
sweep,8593
sweep,7082
sweep,7047
sweep,7038
sweep,833
mark,1035302
sweep,4991
sweep,3814
sweep,4009
sweep,4304
sweep,3575
sweep,4381
sweep,3668
sweep,3208
sweep,3045
sweep,3681
sweep,3178
sweep,3104
sweep,2728
sweep,3185
sweep,3069
sweep,3063
sweep,3401
sweep,3128
sweep,3195
sweep,3366
sweep,2332
sweep,2468
sweep,4279
sweep,2427
sweep,3184
sweep,2403
sweep,3737
sweep,4132
sweep,4501
sweep,3782
sweep,3075
sweep,2983
sweep,2837
sweep,3030
sweep,3327
sweep,3502
sweep,2670
sweep,3138
sweep,2752
sweep,2797
sweep,3675
sweep,2696
sweep,3007
sweep,2941
sweep,2947
sweep,3906
sweep,2783
sweep,2497
sweep,2413
sweep,5320
sweep,8717
sweep,8868
sweep,8762
sweep,7885
sweep,5892
sweep,6732
sweep,4026
sweep,4518
sweep,4859
sweep,6230
sweep,5678
sweep,5903
sweep,231
mark,1028968
sweep,4811
sweep,4209
sweep,4474
sweep,4009
sweep,3486
sweep,3991
sweep,3850
sweep,3170
sweep,2935
sweep,3118
sweep,3131
sweep,2902
sweep,2679
sweep,2851
sweep,2773
sweep,2658
sweep,3348
sweep,3179
sweep,3223
sweep,3388
sweep,2424
sweep,2690
sweep,3960
sweep,2467
sweep,3075
sweep,1886
sweep,3366
sweep,3681
sweep,4306
sweep,3352
sweep,3237
sweep,3391
sweep,2862
sweep,3179
sweep,2824
sweep,3457
sweep,2883
sweep,3055
sweep,2668
sweep,2747
sweep,3768
sweep,2610
sweep,2700
sweep,3068
sweep,2813
sweep,3458
sweep,2716
sweep,2703
sweep,2575
sweep,3581
sweep,4233
sweep,3955
sweep,4461
sweep,5973
sweep,7369
sweep,6025
sweep,8423
sweep,8630
sweep,8510
sweep,8269
sweep,7700
sweep,7579
sweep,840
mark,1035509
sweep,4608
sweep,3872
sweep,3879
sweep,4059
sweep,3601
sweep,4187
sweep,3587
sweep,3316
sweep,3165
sweep,3360
sweep,3021
sweep,2777
sweep,3053
sweep,2773
sweep,2813
sweep,2742
sweep,3344
sweep,2881
sweep,3135
sweep,3677
sweep,2377
sweep,2412
sweep,4000
sweep,2444
sweep,3115
sweep,1919
sweep,3533
sweep,3818
sweep,4293
sweep,3678
sweep,3152
sweep,3125
sweep,3162
sweep,3030
sweep,2777
sweep,3221
sweep,2804
sweep,2996
sweep,2430
sweep,2742
sweep,3869
sweep,2906
sweep,2656
sweep,3173
sweep,3053
sweep,3759
sweep,2683
sweep,2452
sweep,2740
sweep,5630
sweep,8921
sweep,8490
sweep,8666
sweep,7953
sweep,6185
sweep,7683
sweep,4196
sweep,4260
sweep,5060
sweep,5900
sweep,5816
sweep,5856
sweep,224
mark,1027572
sweep,4579
sweep,4049
sweep,4338
sweep,4190
sweep,3700
sweep,4059
sweep,3533
sweep,3178
sweep,3130
sweep,3225
sweep,3095
sweep,2768
sweep,2815
sweep,2894
sweep,2925
sweep,2699
sweep,3651
sweep,3264
sweep,2977
sweep,3747
sweep,2536
sweep,2583
sweep,3696
sweep,2410
sweep,3075
sweep,1911
sweep,3459
sweep,3896
sweep,4179
sweep,3447
sweep,3140
sweep,3254
sweep,2914
sweep,3334
sweep,2807
sweep,3314
sweep,2769
sweep,3320
sweep,2818
sweep,2679
sweep,3902
sweep,3097
sweep,2623
sweep,3369
sweep,3254
sweep,3503
sweep,2686
sweep,2586
sweep,2773
sweep,3541
sweep,4112
sweep,3899
sweep,4375
sweep,5836
sweep,7734
sweep,6044
sweep,8504
sweep,8169
sweep,8537
sweep,7422
sweep,7000
sweep,7275
sweep,830
mark,1028882
sweep,4707
sweep,4344
sweep,4018
sweep,4078
sweep,3695
sweep,4027
sweep,3873
sweep,3044
sweep,2891
sweep,3123
sweep,3057
sweep,2679
sweep,2780
sweep,2862
sweep,3008
sweep,2712
sweep,3463
sweep,2916
sweep,2999
sweep,3468
sweep,2445
sweep,2488
sweep,4191
sweep,2327
sweep,3075
sweep,2159
sweep,3391
sweep,3595
sweep,4410
sweep,3349
sweep,3124
sweep,3059
sweep,2873
sweep,3267
sweep,2799
sweep,3117
sweep,2761
sweep,3049
sweep,2970
sweep,2786
sweep,3627
sweep,2618
sweep,2724
sweep,3215
sweep,2863
sweep,3447
sweep,2654
sweep,2427
sweep,2907
sweep,5746
sweep,8671
sweep,8828
sweep,8758
sweep,8010
sweep,5988
sweep,6983
sweep,4119
sweep,4615
sweep,4662
sweep,6193
sweep,5829
sweep,5650
sweep,235
mark,1028573
sweep,5073
sweep,3915
sweep,4260
sweep,4350
sweep,3982
sweep,3969
sweep,3931
sweep,3005
sweep,2811
sweep,3124
sweep,3774
sweep,3483
sweep,2949
sweep,2959
sweep,2664
sweep,2700
sweep,3587
sweep,3007
sweep,3077
sweep,3526
sweep,2677
sweep,2606
sweep,3882
sweep,2494
sweep,3563
sweep,2098
sweep,3461
sweep,3787
sweep,4464
sweep,3594
sweep,3371
sweep,3156
sweep,3044
sweep,3023
sweep,2934
sweep,3294
sweep,2837
sweep,3141
sweep,2841
sweep,2979
sweep,4123
sweep,2684
sweep,2679
sweep,3288
sweep,2882
sweep,3447
sweep,2718
sweep,2496
sweep,2646
sweep,3547
sweep,4074
sweep,4489
sweep,4535
sweep,5695
sweep,7785
sweep,6099
sweep,8561
sweep,8443
sweep,8815
sweep,7851
sweep,7846
sweep,7743
sweep,878
mark,1048497
sweep,4724
sweep,3887
sweep,4294
sweep,4062
sweep,3986
sweep,4069
sweep,3878
sweep,3172
sweep,2897
sweep,3238
sweep,3109
sweep,2791
sweep,2739
sweep,2915
sweep,2629
sweep,2811
sweep,3482
sweep,2956
sweep,3070
sweep,3613
sweep,2564
sweep,2749
sweep,3791
sweep,2342
sweep,3250
sweep,1861
sweep,3336
sweep,3714
sweep,4639
sweep,3581
sweep,3473
sweep,3045
sweep,2993
sweep,3249
sweep,2831
sweep,3228
sweep,2767
sweep,3104
sweep,2470
sweep,2806
sweep,3570
sweep,2781
sweep,2882
sweep,3001
sweep,2747
sweep,3786
sweep,2733
sweep,2581
sweep,2505
sweep,5667
sweep,8848
sweep,8610
sweep,8980
sweep,8473
sweep,6174
sweep,6929
sweep,3959
sweep,4568
sweep,4484
sweep,5671
sweep,5675
sweep,5943
sweep,229
mark,1044239
sweep,4781
sweep,3891
sweep,3986
sweep,4365
sweep,3634
sweep,3899
sweep,3703
sweep,3309
sweep,2755
sweep,3131
sweep,3119
sweep,2747
sweep,2793
sweep,3162
sweep,2899
sweep,2943
sweep,3395
sweep,3078
sweep,3085
sweep,3422
sweep,2339
sweep,2944
sweep,4253
sweep,2348
sweep,3134
sweep,1946
sweep,3397
sweep,3879
sweep,4235
sweep,3831
sweep,3532
sweep,3373
sweep,3163
sweep,3072
sweep,3290
sweep,3207
sweep,2850
sweep,3003
sweep,2823
sweep,2997
sweep,4022
sweep,2945
sweep,2698
sweep,3089
sweep,2742
sweep,3428
sweep,3015
sweep,2493
sweep,2907
sweep,3753
sweep,4010
sweep,4040
sweep,4602
sweep,6020
sweep,8381
sweep,5985
sweep,8804
sweep,8737
sweep,9238
sweep,7386
sweep,7320
sweep,7105
sweep,1109
mark,1048901
sweep,4604
sweep,4400
sweep,3830
sweep,4434
sweep,3467
sweep,4438
sweep,3677
sweep,3253
sweep,3156
sweep,3495
sweep,3341
sweep,2701
sweep,3225
sweep,3014
sweep,2713
sweep,2741
sweep,3496
sweep,3118
sweep,3028
sweep,3393
sweep,2433
sweep,2542
sweep,3935
sweep,2535
sweep,3513
sweep,1851
sweep,3385
sweep,3656
sweep,4444
sweep,3808
sweep,3096
sweep,3012
sweep,2925
sweep,3267
sweep,3268
sweep,3151
sweep,2894
sweep,3083
sweep,3134
sweep,2710
sweep,3706
sweep,2982
sweep,2831
sweep,2921
sweep,2865
sweep,3320
sweep,2800
sweep,2553
sweep,2615
sweep,5610
sweep,9188
sweep,8523
sweep,8459
sweep,7974
sweep,6405
sweep,7185
sweep,4526
sweep,4434
sweep,4374
sweep,5756
sweep,5651
sweep,6399
sweep,228
mark,1051908
sweep,4713
sweep,4214
sweep,4419
sweep,4126
sweep,3860
sweep,4148
sweep,3876
sweep,3387
sweep,2954
sweep,3212
sweep,3462
sweep,3342
sweep,2947
sweep,3136
sweep,2712
sweep,2688
sweep,3446
sweep,2989
sweep,3239
sweep,3397
sweep,2333
sweep,2745
sweep,3919
sweep,2876
sweep,3424
sweep,1899
sweep,3561
sweep,3835
sweep,4689
sweep,3446
sweep,3208
sweep,3404
sweep,2829
sweep,3017
sweep,2772
sweep,3159
sweep,2793
sweep,3164
sweep,2670
sweep,2732
sweep,3691
sweep,3001
sweep,3271
sweep,3213
sweep,3126
sweep,3306
sweep,2817
sweep,2491
sweep,2739
sweep,3812
sweep,3741
sweep,4056
sweep,4072
sweep,5941
sweep,7759
sweep,6479
sweep,8299
sweep,8411
sweep,8456
sweep,7125
sweep,7249
sweep,7154
sweep,831
mark,1059995
sweep,4451
sweep,3734
sweep,4451
sweep,4307
sweep,3722
sweep,4160
sweep,3687
sweep,3148
sweep,2973
sweep,3139
sweep,3233
sweep,2939
sweep,2940
sweep,2891
sweep,2670
sweep,2656
sweep,3357
sweep,3105
sweep,3198
sweep,3273
sweep,2333
sweep,2416
sweep,3679
sweep,2396
sweep,3213
sweep,2020
sweep,3560
sweep,3641
sweep,4319
sweep,3557
sweep,3227
sweep,2925
sweep,2846
sweep,3056
sweep,2666
sweep,3371
sweep,2698
sweep,3386
sweep,2676
sweep,2760
sweep,3656
sweep,2756
sweep,2617
sweep,3420
sweep,2828
sweep,3384
sweep,3274
sweep,2835
sweep,2396
sweep,5342
sweep,8627
sweep,8464
sweep,8630
sweep,7782
sweep,6351
sweep,7286
sweep,4226
sweep,4228
sweep,5039
sweep,6181
sweep,5756
sweep,5729
sweep,226
mark,1032954
sweep,4872
sweep,4150
sweep,4338
sweep,4023
sweep,3789
sweep,3931
sweep,3662
sweep,3492
sweep,2737
sweep,3300
sweep,3146
sweep,2750
sweep,2682
sweep,2754
sweep,2537
sweep,2986
sweep,3216
sweep,2931
sweep,3054
sweep,3478
sweep,2352
sweep,2638
sweep,3946
sweep,2429
sweep,3508
sweep,1938
sweep,3348
sweep,3811
sweep,4238
sweep,3328
sweep,3103
sweep,3208
sweep,3228
sweep,3002
sweep,2742
sweep,3526
sweep,2781
sweep,3011
sweep,2892
sweep,2670
sweep,3689
sweep,2803
sweep,2950
sweep,3281
sweep,3162
sweep,3575
sweep,2653
sweep,2425
sweep,2750
sweep,3525
sweep,4236
sweep,3910
sweep,4242
sweep,6142
sweep,7904
sweep,5807
sweep,9025
sweep,8237
sweep,8542
sweep,7277
sweep,8011
sweep,7314
sweep,825
mark,1041657
sweep,4992
sweep,3872
sweep,3892
sweep,4108
sweep,3977
sweep,4265
sweep,3648
sweep,3119
sweep,2795
sweep,3416
sweep,3048
sweep,2805
sweep,2557
sweep,2807
sweep,2619
sweep,2767
sweep,3358
sweep,2936
sweep,3035
sweep,3294
sweep,2336
sweep,2673
sweep,3664
sweep,2411
sweep,3133
sweep,1886
sweep,3502
sweep,4117
sweep,4141
sweep,3823
sweep,3363
sweep,3071
sweep,2924
sweep,3105
sweep,2771
sweep,3207
sweep,2991
sweep,3082
sweep,2497
sweep,2849
sweep,3884
sweep,2601
sweep,2814
sweep,2920
sweep,2812
sweep,3621
sweep,2672
sweep,2750
sweep,2520
sweep,5776
sweep,8644
sweep,9060
sweep,8823
sweep,8383
sweep,5763
sweep,7009
sweep,4020
sweep,4368
sweep,4902
sweep,6231
sweep,5883
sweep,5916
sweep,229
mark,1029348
sweep,4981
sweep,3945
sweep,4030
sweep,4412
sweep,3846
sweep,4202
sweep,3588
sweep,3105
sweep,2876
sweep,3014
sweep,3173
sweep,2828
sweep,2696
sweep,2871
sweep,2569
sweep,2772
sweep,3634
sweep,3107
sweep,2880
sweep,3482
sweep,2355
sweep,2468
sweep,3880
sweep,2336
sweep,3625
sweep,1876
sweep,3381
sweep,3626
sweep,4280
sweep,3755
sweep,3312
sweep,3013
sweep,2906
sweep,3030
sweep,2827
sweep,3150
sweep,2684
sweep,3381
sweep,2524
sweep,2681
sweep,3868
sweep,2622
sweep,3128
sweep,3121
sweep,2825
sweep,3701
sweep,2832
sweep,2410
sweep,2478
sweep,3965
sweep,4324
sweep,3876
sweep,4183
sweep,5854
sweep,8236
sweep,6484
sweep,8449
sweep,8353
sweep,8303
sweep,7056
sweep,7110
sweep,7111
sweep,830
mark,1036879
sweep,5003
sweep,4383
sweep,4034
sweep,4098
sweep,3540
sweep,4490
sweep,3588
sweep,3473
sweep,3234
sweep,3687
sweep,3231
sweep,3098
sweep,2898
sweep,2873
sweep,2606
sweep,2815
sweep,3531
sweep,2915
sweep,3038
sweep,3617
sweep,2647
sweep,2708
sweep,3971
sweep,2410
sweep,3364
sweep,1928
sweep,3588
sweep,4148
sweep,4539
sweep,3662
sweep,3148
sweep,2931
sweep,2925
sweep,3257
sweep,2943
sweep,3112
sweep,3411
sweep,3111
sweep,2585
sweep,2711
sweep,3715
sweep,3056
sweep,2964
sweep,3069
sweep,3098
sweep,3719
sweep,2797
sweep,2501
sweep,2378
sweep,5271
sweep,8623
sweep,8172
sweep,8473
sweep,8073
sweep,6569
sweep,7079
sweep,4133
sweep,4220
sweep,4700
sweep,6329
sweep,5880
sweep,6248
sweep,241
mark,1030292
sweep,4908
sweep,3889
sweep,4223
sweep,4354
sweep,3774
sweep,4204
sweep,3619
sweep,3078
sweep,3093
sweep,3172
sweep,3288
sweep,2765
sweep,2665
sweep,2790
sweep,2642
sweep,2952
sweep,3435
sweep,2867
sweep,2948
sweep,3404
sweep,2390
sweep,2693
sweep,3769
sweep,2772
sweep,3063
sweep,2161
sweep,3408
sweep,3549
sweep,4346
sweep,3308
sweep,3123
sweep,3010
sweep,2936
sweep,3237
sweep,2895
sweep,3165
sweep,2697
sweep,3099
sweep,2723
sweep,2695
sweep,4009
sweep,2833
sweep,2839
sweep,3378
sweep,2860
sweep,3437
sweep,2813
sweep,2475
sweep,2725
sweep,3447
sweep,3909
sweep,4113
sweep,4265
sweep,6128
sweep,7869
sweep,6241
sweep,8513
sweep,8355
sweep,8197
sweep,7497
sweep,7451
sweep,6956
sweep,790
mark,1034388
sweep,4875
sweep,4319
sweep,3846
sweep,4141
sweep,3852
sweep,4310
sweep,3591
sweep,3403
sweep,3176
sweep,3554
sweep,3251
sweep,3031
sweep,2666
sweep,2856
sweep,2640
sweep,2967
sweep,3541
sweep,3127
sweep,3277
sweep,3625
sweep,2529
sweep,2412
sweep,3703
sweep,2299
sweep,3661
sweep,1937
sweep,3347
sweep,3593
sweep,4258
sweep,3352
sweep,3045
sweep,3076
sweep,2848
sweep,3051
sweep,2920
sweep,3366
sweep,2725
sweep,3056
sweep,2680
sweep,2623
sweep,3913
sweep,2633
sweep,2611
sweep,3004
sweep,2806
sweep,3686
sweep,2787
sweep,2828
sweep,2765
sweep,5508
sweep,9022
sweep,8474
sweep,8672
sweep,8114
sweep,6169
sweep,7570
sweep,3988
sweep,4243
sweep,4815
sweep,6321
sweep,5758
sweep,5687
sweep,220
mark,1032057
sweep,4927
sweep,4270
sweep,4510
sweep,4294
sweep,3667
sweep,4489
sweep,3622
sweep,3113
sweep,3079
sweep,3435
sweep,3320
sweep,2757
sweep,2924
sweep,3169
sweep,2770
sweep,2899
sweep,3278
sweep,3214
sweep,2928
sweep,3659
sweep,2440
sweep,2556
sweep,3938
sweep,2405
sweep,3074
sweep,2133
sweep,3309
sweep,3788
sweep,4420
sweep,3404
sweep,3437
sweep,3332
sweep,2920
sweep,3046
sweep,2838
sweep,3490
sweep,2799
sweep,3128
sweep,2763
sweep,2715
sweep,3853
sweep,2711
sweep,2814
sweep,3366
sweep,2820
sweep,3654
sweep,2626
sweep,2536
sweep,2661
sweep,3683
sweep,3817
sweep,4166
sweep,4187
sweep,6011
sweep,7797
sweep,6099
sweep,8408
sweep,8200
sweep,8415
sweep,7105
sweep,7035
sweep,7113
sweep,837
mark,1028458
sweep,4649
sweep,3849
sweep,4225
sweep,4383
sweep,3966
sweep,4074
sweep,3554
sweep,3169
sweep,3140
sweep,3358
sweep,3001
sweep,2712
sweep,2738
sweep,3199
sweep,2777
sweep,2875
sweep,3551
sweep,3135
sweep,2991
sweep,3617
sweep,2426
sweep,2440
sweep,3728
sweep,2682
sweep,3155
sweep,2131
sweep,3405
sweep,3871
sweep,4262
sweep,3680
sweep,3602
sweep,3469
sweep,3044
sweep,3023
sweep,2957
sweep,3212
sweep,2674
sweep,3113
sweep,2475
sweep,3128
sweep,3784
sweep,2717
sweep,2716
sweep,3299
sweep,3198
sweep,3815
sweep,3170
sweep,2497
sweep,2587
sweep,5432
sweep,9203
sweep,8554
sweep,8587
sweep,8296
sweep,5756
sweep,7423
sweep,4126
sweep,4211
sweep,4771
sweep,6052
sweep,5853
sweep,5635
sweep,227
mark,1022278
sweep,4795
sweep,3828
sweep,4235
sweep,4146
sweep,3500
sweep,4211
sweep,3582
sweep,3208
sweep,2796
sweep,3474
sweep,3017
sweep,2797
sweep,2718
sweep,2726
sweep,2920
sweep,2680
sweep,3227
sweep,3209
sweep,3266
sweep,3533
sweep,2367
sweep,2452
sweep,3848
sweep,2534
sweep,3654
sweep,2076
sweep,3422
sweep,3684
sweep,4241
sweep,3621
sweep,3198
sweep,3396
sweep,2896
sweep,3266
sweep,2730
sweep,3248
sweep,2863
sweep,3180
sweep,2764
sweep,2723
sweep,3854
sweep,3127
sweep,2866
sweep,3426
sweep,2801
sweep,3696
sweep,2696
sweep,2493
sweep,2446
sweep,3377
sweep,3985
sweep,4140
sweep,4029
sweep,5959
sweep,7894
sweep,6218
sweep,8693
sweep,8437
sweep,8862
sweep,8148
sweep,7683
sweep,7497
sweep,838
mark,1031061
sweep,4816
sweep,3943
sweep,4405
sweep,3826
sweep,3864
sweep,4329
sweep,3595
sweep,3199
sweep,2925
sweep,3647
sweep,2958
sweep,3026
sweep,3019
sweep,3102
sweep,2787
sweep,3101
sweep,3463
sweep,2878
sweep,3009
sweep,3484
sweep,2487
sweep,2488
sweep,3913
sweep,2424
sweep,3098
sweep,2202
sweep,3559
sweep,3917
sweep,4561
sweep,3383
sweep,2970
sweep,3178
sweep,2937
sweep,2960
sweep,2947
sweep,3379
sweep,2734
sweep,3320
sweep,2768
sweep,2672
sweep,3957
sweep,3160
sweep,2586
sweep,2862
sweep,3210
sweep,3536
sweep,2726
sweep,2467
sweep,2550
sweep,5733
sweep,9117
sweep,8479
sweep,8579
sweep,8219
sweep,6061
sweep,7261
sweep,4185
sweep,4411
sweep,5011
sweep,6217
sweep,5857
sweep,5789
sweep,240
mark,1030092
sweep,4668
sweep,3968
sweep,3900
sweep,4578
sweep,3464
sweep,4083
sweep,3660
sweep,3288
sweep,2679
sweep,3409
sweep,3429
sweep,3073
sweep,2645
sweep,2887
sweep,2892
sweep,2709
sweep,3433
sweep,3400
sweep,3106
sweep,3716
sweep,2291
sweep,2638
sweep,3789
sweep,2365
sweep,3062
sweep,1933
sweep,3283
sweep,3946
sweep,4407
sweep,3362
sweep,3270
sweep,3210
sweep,2842
sweep,2951
sweep,2946
sweep,3179
sweep,2962
sweep,3267
sweep,2755
sweep,2652
sweep,3677
sweep,2731
sweep,2786
sweep,3182
sweep,3191
sweep,3484
sweep,2852
sweep,2534
sweep,2547
sweep,3445
sweep,4340
sweep,4507
sweep,4310
sweep,5613
sweep,8485
sweep,6204
sweep,8641
sweep,8574
sweep,8802
sweep,7199
sweep,7185
sweep,6970
sweep,837
mark,1033539
sweep,4771
sweep,3952
sweep,3913
sweep,3982
sweep,3505
sweep,4116
sweep,3610
sweep,3283
sweep,2916
sweep,3146
sweep,2935
sweep,2726
sweep,2672
sweep,3392
sweep,2877
sweep,2633
sweep,3352
sweep,3004
sweep,3175
sweep,3486
sweep,2371
sweep,2727
sweep,3661
sweep,2477
sweep,3012
sweep,2155
sweep,3553
sweep,3550
sweep,4284
sweep,3590
sweep,3297
sweep,2905
sweep,2910
sweep,3023
sweep,2764
sweep,3058
sweep,2768
sweep,3281
sweep,2383
sweep,2614
sweep,4065
sweep,2678
sweep,2670
sweep,3509
sweep,2973
sweep,3733
sweep,2803
sweep,2890
sweep,2442
sweep,5639
sweep,8632
sweep,8915
sweep,8636
sweep,7836
sweep,6283
sweep,6901
sweep,4005
sweep,4325
sweep,4862
sweep,6022
sweep,6099
sweep,6136
sweep,232
mark,1023770
sweep,4509
sweep,3799
sweep,4045
sweep,4274
sweep,3684
sweep,4072
sweep,3540
sweep,3341
sweep,3069
sweep,3377
sweep,3087
sweep,2993
sweep,2722
sweep,2940
sweep,2595
sweep,2904
sweep,3225
sweep,2972
sweep,3223
sweep,3763
sweep,2418
sweep,2524
sweep,4005
sweep,2576
sweep,3210
sweep,1866
sweep,3345
sweep,3894
sweep,4505
sweep,3785
sweep,3085
sweep,3053
sweep,3415
sweep,2978
sweep,2907
sweep,3267
sweep,2875
sweep,2973
sweep,2522
sweep,2706
sweep,3559
sweep,2792
sweep,2745
sweep,3136
sweep,2830
sweep,3632
sweep,3083
sweep,2742
sweep,2606
sweep,3562
sweep,4173
sweep,3968
sweep,4423
sweep,5763
sweep,7607
sweep,6082
sweep,9057
sweep,8079
sweep,8368
sweep,7156
sweep,7177
sweep,7432
sweep,822
mark,1035035
sweep,4621
sweep,4296
sweep,4024
sweep,4256
sweep,3527
sweep,4343
sweep,3872
sweep,3147
sweep,3050
sweep,3739
sweep,3225
sweep,2706
sweep,2872
sweep,2742
sweep,2566
sweep,2931
sweep,3419
sweep,2863
sweep,3348
sweep,3617
sweep,2502
sweep,2538
sweep,4181
sweep,2380
sweep,3189
sweep,1857
sweep,3391
sweep,3633
sweep,4490
sweep,3399
sweep,3067
sweep,2866
sweep,2943
sweep,3408
sweep,2869
sweep,3076
sweep,2754
sweep,3074
sweep,2499
sweep,2679
sweep,3952
sweep,2575
sweep,2639
sweep,2937
sweep,3051
sweep,3674
sweep,2639
sweep,2555
sweep,2714
sweep,5856
sweep,8819
sweep,8462
sweep,8370
sweep,7891
sweep,6014
sweep,7141
sweep,3946
sweep,4158
sweep,5110
sweep,6323
sweep,6075
sweep,5822
sweep,233
mark,1024501
sweep,5020
sweep,3685
sweep,3945
sweep,4403
sweep,3818
sweep,4159
sweep,3754
sweep,3026
sweep,3050
sweep,3062
sweep,3059
sweep,2738
sweep,2916
sweep,2945
sweep,2686
sweep,2742
sweep,3639
sweep,3224
sweep,3265
sweep,3614
sweep,2575
sweep,2488
sweep,3769
sweep,2382
sweep,3308
sweep,2129
sweep,3739
sweep,3729
sweep,4639
sweep,3983
sweep,3140
sweep,3299
sweep,2869
sweep,3132
sweep,2848
sweep,3588
sweep,3027
sweep,3046
sweep,2502
sweep,2903
sweep,3903
sweep,3028
sweep,2940
sweep,3056
sweep,3017
sweep,3467
sweep,2699
sweep,2436
sweep,2680
sweep,3648
sweep,3978
sweep,3945
sweep,4305
sweep,6069
sweep,7810
sweep,6204
sweep,8705
sweep,8324
sweep,8799
sweep,7432
sweep,7750
sweep,7149
sweep,783
mark,1029201
sweep,4952
sweep,4424
sweep,4047
sweep,4035
sweep,3626
sweep,4296
sweep,3535
sweep,3125
sweep,2754
sweep,3410
sweep,3115
sweep,2974
sweep,2630
sweep,2934
sweep,2674
sweep,2605
sweep,3221
sweep,2900
sweep,2901
sweep,3330
sweep,2417
sweep,2392
sweep,3892
sweep,2434
sweep,3114
sweep,2022
sweep,3498
sweep,4014
sweep,4335
sweep,3416
sweep,3317
sweep,3210
sweep,3106
sweep,3370
sweep,2801
sweep,3436
sweep,2858
sweep,3263
sweep,2432
sweep,2772
sweep,3926
sweep,2764
sweep,2882
sweep,2829
sweep,2840
sweep,3445
sweep,2956
sweep,2456
sweep,2722
sweep,5744
sweep,9200
sweep,8562
sweep,8799
sweep,8067
sweep,5682
sweep,6890
sweep,4012
sweep,4288
sweep,4773
sweep,6353
sweep,5846
sweep,6606
sweep,219
mark,1041160
sweep,4612
sweep,4304
sweep,4395
sweep,4381
sweep,3580
sweep,3940
sweep,3563
sweep,3089
sweep,3113
sweep,3471
sweep,3037
sweep,3203
sweep,2701
sweep,2808
sweep,2786
sweep,2824
sweep,3235
sweep,2902
sweep,3151
sweep,3372
sweep,2295
sweep,2601
sweep,3676
sweep,2427
sweep,3360
sweep,1806
sweep,3460
sweep,3577
sweep,4512
sweep,3525
sweep,3233
sweep,3020
sweep,2934
sweep,3047
sweep,2722
sweep,3392
sweep,2802
sweep,3608
sweep,2901
sweep,2640
sweep,3812
sweep,2796
sweep,2904
sweep,3010
sweep,2764
sweep,3867
sweep,2895
sweep,2754
sweep,2503
sweep,3733
sweep,4024
sweep,4153
sweep,4024
sweep,6018
sweep,7614
sweep,6089
sweep,9192
sweep,8058
sweep,8182
sweep,8463
sweep,7385
sweep,7491
sweep,786
mark,1035945
sweep,4786
sweep,3988
sweep,3965
sweep,3961
sweep,3854
sweep,4090
sweep,3612
sweep,3458
sweep,3051
sweep,3298
sweep,2985
sweep,2778
sweep,2726
sweep,3137
sweep,2560
sweep,3362
sweep,3249
sweep,3431
sweep,2979
sweep,3373
sweep,2567
sweep,2606
sweep,3988
sweep,2526
sweep,3201
sweep,2070
sweep,3427
sweep,3629
sweep,4341
sweep,3420
sweep,3058
sweep,3177
sweep,2813
sweep,3141
sweep,3046
sweep,3540
sweep,2833
sweep,3276
sweep,2539
sweep,3266
sweep,3996
sweep,2588
sweep,2703
sweep,2861
sweep,2842
sweep,3632
sweep,2969
sweep,2583
sweep,2451
sweep,5554
sweep,8989
sweep,8455
sweep,8577
sweep,7897
sweep,5647
sweep,7280
sweep,4015
sweep,4759
sweep,4459
sweep,5711
sweep,5516
sweep,5681
sweep,240
mark,1030714
sweep,5296
sweep,4343
sweep,4413
sweep,4501
sweep,3451
sweep,3945
sweep,3874
sweep,3519
sweep,3420
sweep,3324
sweep,3639
sweep,3005
sweep,3053
sweep,2838
sweep,2659
sweep,2791
sweep,3149
sweep,3229
sweep,3071
sweep,3435
sweep,2321
sweep,2483
sweep,3720
sweep,2612
sweep,3632
sweep,1843
sweep,3336
sweep,4021
sweep,4731
sweep,3743
sweep,3162
sweep,3090
sweep,3340
sweep,3008
sweep,2668
sweep,3114
sweep,3396
sweep,3240
sweep,2682
sweep,2556
sweep,3893
sweep,2824
sweep,2690
sweep,2963
sweep,3315
sweep,3614
sweep,2626
sweep,2467
sweep,2425
sweep,3859
sweep,4208
sweep,3971
sweep,4481
sweep,5715
sweep,8471
sweep,6542
sweep,8507
sweep,8503
sweep,8927
sweep,8369
sweep,7340
sweep,7643
sweep,831
mark,1040714
sweep,4640
sweep,3852
sweep,4735
sweep,4264
sweep,3986
sweep,4234
sweep,4017
sweep,3092
sweep,2819
sweep,3585
sweep,3046
sweep,2941
sweep,2729
sweep,2832
sweep,2939
sweep,2690
sweep,3462
sweep,3376
sweep,3178
sweep,3551
sweep,2320
sweep,2535
sweep,4267
sweep,2559
sweep,3647
sweep,2107
sweep,3396
sweep,3681
sweep,4603
sweep,3401
sweep,3530
sweep,2879
sweep,2857
sweep,2979
sweep,2831
sweep,3420
sweep,2997
sweep,3115
sweep,2607
sweep,3161
sweep,3849
sweep,2555
sweep,2898
sweep,3269
sweep,2720
sweep,3592
sweep,2751
sweep,2662
sweep,2482
sweep,5819
sweep,8710
sweep,8788
sweep,8606
sweep,7676
sweep,6313
sweep,6830
sweep,3988
sweep,4335
sweep,4849
sweep,6337
sweep,5909
sweep,5867
sweep,235
mark,1069217
sweep,4478
sweep,4211
sweep,3867
sweep,4236
sweep,3946
sweep,3924
sweep,3662
sweep,3094
sweep,2830
sweep,3554
sweep,3126
sweep,3325
sweep,2708
sweep,2843
sweep,2596
sweep,2731
sweep,3581
sweep,2852
sweep,3114
sweep,3386
sweep,2400
sweep,2491
sweep,3745
sweep,2469
sweep,3137
sweep,2061
sweep,3321
sweep,4072
sweep,4646
sweep,3292
sweep,3181
sweep,3190
sweep,2898
sweep,3094
sweep,2829
sweep,3426
sweep,2816
sweep,3127
sweep,2926
sweep,2715
sweep,3897
sweep,2913
sweep,2674
sweep,3017
sweep,2790
sweep,3751
sweep,2775
sweep,2499
sweep,2498
sweep,3684
sweep,4146
sweep,3921
sweep,4044
sweep,6085
sweep,7859
sweep,6165
sweep,9364
sweep,8040
sweep,8140
sweep,8210
sweep,7277
sweep,7492
sweep,825
mark,1032910
sweep,4902
sweep,3937
sweep,3924
sweep,3928
sweep,3651
sweep,4119
sweep,3613
sweep,3392
sweep,2981
sweep,3286
sweep,3085
sweep,2990
sweep,2860
sweep,3079
sweep,2666
sweep,2755
sweep,3336
sweep,2903
sweep,3017
sweep,3353
sweep,2347
sweep,2552
sweep,4028
sweep,2777
sweep,3091
sweep,1953
sweep,3654
sweep,3652
sweep,4628
sweep,3357
sweep,3224
sweep,3078
sweep,2944
sweep,3019
sweep,2867
sweep,3170
sweep,2995
sweep,3028
sweep,2559
sweep,2896
sweep,3749
sweep,3013
sweep,2944
sweep,2874
sweep,2902
sweep,3721
sweep,2741
sweep,2515
sweep,2470
sweep,5508
sweep,8653
sweep,8499
sweep,8600
sweep,8380
sweep,6579
sweep,6897
sweep,4311
sweep,4245
sweep,5026
sweep,6186
sweep,5542
sweep,5836
sweep,222
mark,1032445
sweep,5069
sweep,4165
sweep,4162
sweep,3957
sweep,3803
sweep,4073
sweep,3731
sweep,3112
sweep,2755
sweep,3092
sweep,2952
sweep,2738
sweep,2829
sweep,2866
sweep,2609
sweep,2829
sweep,3494
sweep,3009
sweep,3041
sweep,3568
sweep,2311
sweep,2785
sweep,3705
sweep,2586
sweep,3058
sweep,1879
sweep,3502
sweep,3938
sweep,4128
sweep,3534
sweep,3298
sweep,3047
sweep,2937
sweep,3053
sweep,2746
sweep,3197
sweep,2971
sweep,3177
sweep,2521
sweep,2886
sweep,3699
sweep,3277
sweep,3088
sweep,3120
sweep,2949
sweep,3676
sweep,2813
sweep,2442
sweep,2413
sweep,3539
sweep,4231
sweep,4399
sweep,4129
sweep,5921
sweep,8630
sweep,6522
sweep,9220
sweep,8499
sweep,8418
sweep,7039
sweep,7335
sweep,7097
sweep,862
mark,1217515
sweep,4874
sweep,4328
sweep,3972
sweep,4332
sweep,3883
sweep,4493
sweep,3765
sweep,3076
sweep,3198
sweep,3465
sweep,3208
sweep,3310
sweep,2994
sweep,2893
sweep,3117
sweep,2648
sweep,3352
sweep,2903
sweep,3113
sweep,3470
sweep,2506
sweep,2511
sweep,3746
sweep,2579
sweep,3165
sweep,2161
sweep,3618
sweep,3789
sweep,4310
sweep,3628
sweep,3243
sweep,3200
sweep,2973
sweep,3128
sweep,2851
sweep,3200
sweep,3180
sweep,3170
sweep,2484
sweep,2847
sweep,4121
sweep,2621
sweep,2674
sweep,2967
sweep,2937
sweep,3976
sweep,2676
sweep,2855
sweep,2482
sweep,5728
sweep,8639
sweep,8368
sweep,8927
sweep,8187
sweep,6012
sweep,7576
sweep,4393
sweep,4224
sweep,4577
sweep,6320
sweep,5930
sweep,5796
sweep,289
mark,1029549
sweep,4547
sweep,4222
sweep,4344
sweep,4004
sweep,3678
sweep,4260
sweep,3980
sweep,3236
sweep,2849
sweep,3166
sweep,3159
sweep,3117
sweep,3005
sweep,3070
sweep,2846
sweep,2717
sweep,3227
sweep,2952
sweep,2995
sweep,3468
sweep,2345
sweep,2554
sweep,3760
sweep,2265
sweep,3086
sweep,1882
sweep,3310
sweep,3622
sweep,4290
sweep,3756
sweep,3362
sweep,3176
sweep,3328
sweep,3101
sweep,2787
sweep,3214
sweep,2853
sweep,3162
sweep,2919
sweep,3002
sweep,3754
sweep,2909
sweep,2845
sweep,3040
sweep,3042
sweep,3383
sweep,2688
sweep,2698
sweep,2388
sweep,4046
sweep,4221
sweep,3976
sweep,4338
sweep,5862
sweep,8236
sweep,6518
sweep,8541
sweep,8553
sweep,8915
sweep,8249
sweep,7511
sweep,7063
sweep,879
mark,1030530
sweep,5089
sweep,4102
sweep,3971
sweep,4063
sweep,3712
sweep,3993
sweep,3814
sweep,3219
sweep,2864
sweep,3248
sweep,3282
sweep,2710
sweep,2877
sweep,2783
sweep,2723
sweep,2686
sweep,3375
sweep,2912
sweep,3067
sweep,3696
sweep,2364
sweep,2822
sweep,3717
sweep,2642
sweep,3514
sweep,2116
sweep,3654
sweep,3855
sweep,4188
sweep,3449
sweep,3110
sweep,3036
sweep,3097
sweep,3127
sweep,2863
sweep,3210
sweep,2929
sweep,3028
sweep,2414
sweep,2594
sweep,3922
sweep,2961
sweep,2975
sweep,2917
sweep,2869
sweep,3658
sweep,2860
sweep,2564
sweep,2390
sweep,5476
sweep,9149
sweep,8486
sweep,8393
sweep,7930
sweep,5736
sweep,7176
sweep,3950
sweep,4410
sweep,4363
sweep,5686
sweep,6001
sweep,6209
sweep,223
mark,1032943
sweep,4991
sweep,4064
sweep,4338
sweep,4480
sweep,3847
sweep,4122
sweep,3536
sweep,3140
sweep,2901
sweep,3024
sweep,3506
sweep,2832
sweep,2816
sweep,2849
sweep,2688
sweep,3009
sweep,3192
sweep,2929
sweep,3239
sweep,3506
sweep,2202
sweep,2770
sweep,3950
sweep,2536
sweep,3579
sweep,2413
sweep,3502
sweep,3633
sweep,4169
sweep,3553
sweep,3325
sweep,3254
sweep,2939
sweep,3484
sweep,2775
sweep,3507
sweep,2728
sweep,3139
sweep,2713
sweep,2638
sweep,3700
sweep,2838
sweep,2826
sweep,3084
sweep,2912
sweep,3547
sweep,3040
sweep,2750
sweep,2562
sweep,3676
sweep,3981
sweep,4083
sweep,4239
sweep,5996
sweep,7823
sweep,6473
sweep,8729
sweep,8085
sweep,8798
sweep,8274
sweep,7236
sweep,7388
sweep,831
mark,1036911
sweep,4998
sweep,4118
sweep,3957
sweep,4111
sweep,3810
sweep,4078
sweep,4029
sweep,3440
sweep,3034
sweep,3381
sweep,3331
sweep,2752
sweep,2833
sweep,2926
sweep,2767
sweep,3061
sweep,3271
sweep,2852
sweep,3034
sweep,3704
sweep,2610
sweep,2609
sweep,4049
sweep,2612
sweep,3157
sweep,1865
sweep,3566
sweep,3950
sweep,4483
sweep,3755
sweep,2990
sweep,3170
sweep,2885
sweep,3042
sweep,2790
sweep,3467
sweep,3128
sweep,3216
sweep,2724
sweep,2858
sweep,3749
sweep,2584
sweep,2738
sweep,2858
sweep,2861
sweep,3415
sweep,2880
sweep,2616
sweep,2537
sweep,5235
sweep,9032
sweep,8453
sweep,8678
sweep,8218
sweep,6158
sweep,7014
sweep,4198
sweep,4351
sweep,4840
sweep,6215
sweep,5923
sweep,5802
sweep,219
mark,1040184
sweep,4754
sweep,4310
sweep,4129
sweep,4028
sweep,3806
sweep,4161
sweep,3509
sweep,3111
sweep,3078
sweep,3183
sweep,3153
sweep,2753
sweep,2941
sweep,2817
sweep,2874
sweep,2675
sweep,3387
sweep,2976
sweep,2956
sweep,3350
sweep,2395
sweep,2962
sweep,4108
sweep,2414
sweep,3645
sweep,2019
sweep,3571
sweep,3683
sweep,4423
sweep,3756
sweep,3390
sweep,3088
sweep,2897
sweep,2989
sweep,2908
sweep,3175
sweep,2754
sweep,3246
sweep,2587
sweep,2851
sweep,3645
sweep,2698
sweep,2782
sweep,2967
sweep,2807
sweep,3454
sweep,2754
sweep,2529
sweep,2427
sweep,3475
sweep,4520
sweep,4004
sweep,4159
sweep,5760
sweep,7994
sweep,6578
sweep,8423
sweep,8488
sweep,8499
sweep,7546
sweep,7402
sweep,7190
sweep,827
mark,1077929
sweep,5026
sweep,3887
sweep,4503
sweep,4095
sweep,3618
sweep,4068
sweep,3697
sweep,3128
sweep,3076
sweep,3811
sweep,3063
sweep,2810
sweep,2873
sweep,3063
sweep,2704
sweep,2777
sweep,3351
sweep,2990
sweep,3182
sweep,3391
sweep,2371
sweep,2551
sweep,3746
sweep,2265
sweep,3413
sweep,1998
sweep,3664
sweep,3777
sweep,4429
sweep,3996
sweep,3126
sweep,3030
sweep,2966
sweep,3445
sweep,2934
sweep,3300
sweep,3006
sweep,3143
sweep,2525
sweep,2727
sweep,3794
sweep,2875
sweep,3025
sweep,3527
sweep,2931
sweep,3485
sweep,2832
sweep,2505
sweep,2845
sweep,5738
sweep,8543
sweep,8999
sweep,8701
sweep,7878
sweep,6144
sweep,6965
sweep,4358
sweep,4233
sweep,4874
sweep,6133
sweep,5859
sweep,5856
sweep,230
mark,1026823
sweep,4563
sweep,4361
sweep,4410
sweep,4171
sweep,3975
sweep,4036
sweep,3731
sweep,3221
sweep,2869
sweep,3074
sweep,3062
sweep,3098
sweep,2981
sweep,2750
sweep,2776
sweep,2679
sweep,3175
sweep,2924
sweep,3113
sweep,3328
sweep,2371
sweep,2427
sweep,4299
sweep,2333
sweep,3230
sweep,1837
sweep,3560
sweep,3825
sweep,4787
sweep,3685
sweep,3227
sweep,3044
sweep,3384
sweep,2989
sweep,2895
sweep,3234
sweep,2719
sweep,3104
sweep,2497
sweep,2892
sweep,3650
sweep,2642
sweep,2656
sweep,3061
sweep,2804
sweep,3350
sweep,2808
sweep,2440
sweep,2500
sweep,3447
sweep,3933
sweep,3986
sweep,4105
sweep,6087
sweep,7593
sweep,6248
sweep,8808
sweep,8603
sweep,8631
sweep,8246
sweep,7325
sweep,7357
sweep,930
mark,1029007
sweep,4911
sweep,3760
sweep,4502
sweep,4081
sweep,3559
sweep,4181
sweep,3577
sweep,3130
sweep,2754
sweep,3147
sweep,3114
sweep,2787
sweep,2847
sweep,2761
sweep,2763
sweep,2793
sweep,3342
sweep,2983
sweep,3338
sweep,3417
sweep,2632
sweep,2388
sweep,4037
sweep,2654
sweep,3485
sweep,1882
sweep,3459
sweep,3901
sweep,4440
sweep,3379
sweep,3431
sweep,2879
sweep,2933
sweep,2997
sweep,2709
sweep,3525
sweep,2775
sweep,3155
sweep,2495
sweep,2822
sweep,3774
sweep,2616
sweep,2575
sweep,3271
sweep,2983
sweep,3837
sweep,2779
sweep,2687
sweep,2398
sweep,5700
sweep,9019
sweep,8745
sweep,8686
sweep,7929
sweep,5803
sweep,7242
sweep,4037
sweep,4396
sweep,4263
sweep,5547
sweep,5873
sweep,6160
sweep,233
mark,1027453
sweep,5064
sweep,4043
sweep,4179
sweep,4353
sweep,3869
sweep,4230
sweep,3738
sweep,3321
sweep,3104
sweep,3365
sweep,3012
sweep,3294
sweep,2903
sweep,3222
sweep,2669
sweep,2649
sweep,3288
sweep,2946
sweep,3221
sweep,3632
sweep,2371
sweep,2985
sweep,3753
sweep,2366
sweep,3109
sweep,1915
sweep,3483
sweep,3878
sweep,4213
sweep,3822
sweep,3476
sweep,3065
sweep,2915
sweep,3051
sweep,2813
sweep,3376
sweep,3046
sweep,3129
sweep,3061
sweep,2948
sweep,3980
sweep,2923
sweep,2641
sweep,3003
sweep,2829
sweep,3631
sweep,2958
sweep,2505
sweep,2437
sweep,3478
sweep,4219
sweep,3939
sweep,4238
sweep,5609
sweep,8542
sweep,6486
sweep,8852
sweep,8921
sweep,9093
sweep,7202
sweep,7390
sweep,6995
sweep,887
mark,1051264
sweep,5326
sweep,3743
sweep,4158
sweep,4417
sweep,3734
sweep,4053
sweep,3869
sweep,3241
sweep,3133
sweep,3361
sweep,3182
sweep,2787
sweep,2722
sweep,2774
sweep,2648
sweep,2696
sweep,3365
sweep,3073
sweep,2941
sweep,3748
sweep,2362
sweep,2671
sweep,4043
sweep,2378
sweep,3302
sweep,2172
sweep,3873
sweep,3899
sweep,4292
sweep,3804
sweep,3020
sweep,3051
sweep,3278
sweep,3216
sweep,3041
sweep,3179
sweep,2986
sweep,2988
sweep,2817
sweep,2700
sweep,3684
sweep,2911
sweep,2978
sweep,2957
sweep,2824
sweep,3537
sweep,2614
sweep,2747
sweep,2454
sweep,5729
sweep,8892
sweep,8545
sweep,8403
sweep,8219
sweep,6047
sweep,7753
sweep,4230
sweep,4240
sweep,4741
sweep,6214
sweep,5822
sweep,5901
sweep,223
mark,1027868
sweep,4690
sweep,4062
sweep,4470
sweep,4255
sweep,3451
sweep,4074
sweep,3548
sweep,3271
sweep,2969
sweep,3263
sweep,3064
sweep,2746
sweep,2697
sweep,2981
sweep,2836
sweep,2644
sweep,3316
sweep,3229
sweep,2983
sweep,3499
sweep,2595
sweep,2974
sweep,3995
sweep,2342
sweep,3068
sweep,1891
sweep,3422
sweep,3795
sweep,4252
sweep,3272
sweep,3136
sweep,3031
sweep,3416
sweep,2944
sweep,2778
sweep,3261
sweep,2788
sweep,3026
sweep,2498
sweep,2901
sweep,3744
sweep,2903
sweep,2843
sweep,3073
sweep,2805
sweep,3716
sweep,2857
sweep,2814
sweep,2520
sweep,3495
sweep,4144
sweep,3961
sweep,4269
sweep,5505
sweep,8035
sweep,6377
sweep,8481
sweep,8386
sweep,8316
sweep,7218
sweep,7520
sweep,7086
sweep,837
mark,1044049
sweep,4990
sweep,4128
sweep,4266
sweep,3972
sweep,3834
sweep,4272
sweep,3854
sweep,3064
sweep,2852
sweep,3669
sweep,2955
sweep,2761
sweep,2736
sweep,2802
sweep,2587
sweep,2861
sweep,3430
sweep,2932
sweep,3138
sweep,3589
sweep,2346
sweep,2598
sweep,4008
sweep,2597
sweep,3055
sweep,2463
sweep,3567
sweep,3848
sweep,4238
sweep,3927
sweep,3307
sweep,3027
sweep,3178
sweep,3180
sweep,2852
sweep,3315
sweep,2677
sweep,3121
sweep,2647
sweep,3160
sweep,3886
sweep,2803
sweep,2743
sweep,3359
sweep,2890
sweep,3508
sweep,2721
sweep,2493
sweep,2560
sweep,5510
sweep,8784
sweep,8365
sweep,8506
sweep,8103
sweep,6283
sweep,7425
sweep,4135
sweep,4355
sweep,4963
sweep,6375
sweep,5874
sweep,5805
sweep,219
mark,1025490
sweep,4738
sweep,4317
sweep,4008
sweep,4317
sweep,3777
sweep,4246
sweep,3780
sweep,3425
sweep,2913
sweep,3235
sweep,3082
sweep,2733
sweep,2997
sweep,2815
sweep,2592
sweep,2800
sweep,3626
sweep,3090
sweep,2888
sweep,3446
sweep,2462
sweep,2458
sweep,3709
sweep,2354
sweep,3411
sweep,2225
sweep,3496
sweep,3783
sweep,4390
sweep,3280
sweep,3268
sweep,3037
sweep,2882
sweep,3094
sweep,2795
sweep,3355
sweep,2738
sweep,3346
sweep,2637
sweep,3054
sweep,3798
sweep,2829
sweep,2613
sweep,3047
sweep,2794
sweep,3358
sweep,2623
sweep,2568
sweep,2672
sweep,3604
sweep,3794
sweep,3922
sweep,4209
sweep,6088
sweep,7822
sweep,5999
sweep,8742
sweep,8299
sweep,8342
sweep,7455
sweep,7329
sweep,7067
sweep,841
mark,1034055
sweep,4800
sweep,4112
sweep,3825
sweep,4061
sweep,3843
sweep,4028
sweep,3571
sweep,3219
sweep,3011
sweep,3294
sweep,3192
sweep,2984
sweep,2784
sweep,2776
sweep,2585
sweep,3034
sweep,3575
sweep,3177
sweep,3228
sweep,3495
sweep,2469
sweep,2401
sweep,4148
sweep,2496
sweep,3470
sweep,1914
sweep,3461
sweep,3792
sweep,4549
sweep,3562
sweep,3591
sweep,2965
sweep,3382
sweep,3238
sweep,2836
sweep,2914
sweep,2694
sweep,3270
sweep,2784
sweep,2718
sweep,3802
sweep,2524
sweep,2576
sweep,3163
sweep,2753
sweep,3590
sweep,2642
sweep,2662
sweep,2471
sweep,5733
sweep,9033
sweep,8137
sweep,8379
sweep,7907
sweep,5630
sweep,7450
sweep,4231
sweep,4353
sweep,4986
sweep,6278
sweep,5771
sweep,5940
sweep,222
mark,1028222
sweep,4565
sweep,4306
sweep,4590
sweep,4279
sweep,3946
sweep,4333
sweep,3560
sweep,3455
sweep,2781
sweep,3257
sweep,3280
sweep,3056
sweep,2669
sweep,2832
sweep,2501
sweep,2737
sweep,3170
sweep,2940
sweep,3030
sweep,3381
sweep,2298
sweep,2452
sweep,4042
sweep,2399
sweep,3229
sweep,2143
sweep,3440
sweep,3933
sweep,4209
sweep,3454
sweep,3210
sweep,3344
sweep,2936
sweep,2980
sweep,3136
sweep,3438
sweep,2728
sweep,3345
sweep,2553
sweep,3186
sweep,3852
sweep,2703
sweep,5878
sweep,3098
sweep,2742
sweep,3678
sweep,2746
sweep,2471
sweep,2677
sweep,3573
sweep,4005
sweep,4186
sweep,4193
sweep,5468
sweep,7744
sweep,6059
sweep,9033
sweep,8261
sweep,8421
sweep,7157
sweep,7274
sweep,7086
sweep,836
mark,1034529
sweep,4776
sweep,3855
sweep,4050
sweep,4156
sweep,3597
sweep,4158
sweep,3601
sweep,3242
sweep,2863
sweep,3324
sweep,3130
sweep,3027
sweep,2664
sweep,3139
sweep,2749
sweep,2648
sweep,3526
sweep,2960
sweep,3386
sweep,3368
sweep,2531
sweep,2458
sweep,3948
sweep,2445
sweep,3269
sweep,2195
sweep,3387
sweep,4004
sweep,4337
sweep,3918
sweep,3131
sweep,3083
sweep,2895
sweep,2907
sweep,3134
sweep,3297
sweep,3011
sweep,3282
sweep,2515
sweep,2731
sweep,3811
sweep,2835
sweep,2935
sweep,2864
sweep,2829
sweep,3384
sweep,2747
sweep,2494
sweep,2510
sweep,5557
sweep,9340
sweep,8223
sweep,8740
sweep,8187
sweep,5635
sweep,6899
sweep,4052
sweep,4251
sweep,4672
sweep,6197
sweep,5743
sweep,5709
sweep,236
mark,1030916
sweep,5302
sweep,4288
sweep,4075
sweep,4349
sweep,3834
sweep,4276
sweep,3663
sweep,3381
sweep,2869
sweep,3248
sweep,3192
sweep,2686
sweep,2718
sweep,2829
sweep,2587
sweep,2838
sweep,3322
sweep,2899
sweep,2987
sweep,3383
sweep,2402
sweep,2793
sweep,4207
sweep,2308
sweep,3066
sweep,1882
sweep,3284
sweep,3783
sweep,4470
sweep,3760
sweep,3366
sweep,3333
sweep,2889
sweep,3372
sweep,2825
sweep,3306
sweep,2968
sweep,2997
sweep,2672
sweep,2993
sweep,3759
sweep,2969
sweep,2815
sweep,3518
sweep,2904
sweep,3706
sweep,2736
sweep,2464
sweep,2522
sweep,3840
sweep,4155
sweep,3959
sweep,4166
sweep,6235
sweep,7930
sweep,5927
sweep,8845
sweep,8356
sweep,8731
sweep,8251
sweep,7573
sweep,7114
sweep,927
mark,1036228
sweep,4990
sweep,4192
sweep,3986
sweep,3965
sweep,3629
sweep,4155
sweep,3807
sweep,3173
sweep,2875
sweep,3302
sweep,2907
sweep,2993
sweep,2730
sweep,2851
sweep,2870
sweep,2722
sweep,3496
sweep,3185
sweep,3002
sweep,3363
sweep,2377
sweep,2500
sweep,3754
sweep,2569
sweep,3189
sweep,1908
sweep,3517
sweep,4223
sweep,4536
sweep,3450
sweep,3069
sweep,2942
sweep,2787
sweep,3226
sweep,2773
sweep,3106
sweep,2969
sweep,3125
sweep,2525
sweep,2685
sweep,3851
sweep,2640
sweep,2709
sweep,2907
sweep,2773
sweep,3457
sweep,2748
sweep,2536
sweep,2471
sweep,5355
sweep,9562
sweep,8818
sweep,8428
sweep,8160
sweep,5750
sweep,6761
sweep,4032
sweep,4376
sweep,4691
sweep,6133
sweep,5717
sweep,5872
sweep,239
mark,1029393
sweep,5029
sweep,3784
sweep,3901
sweep,4323
sweep,3430
sweep,4320
sweep,3894
sweep,3100
sweep,2870
sweep,3215
sweep,3354
sweep,2745
sweep,2713
sweep,2901
sweep,2583
sweep,2978
sweep,3649
sweep,3726
sweep,2976
sweep,3481
sweep,2513
sweep,2394
sweep,3880
sweep,2585
sweep,3060
sweep,1968
sweep,3486
sweep,3696
sweep,4444
sweep,3407
sweep,3079
sweep,3031
sweep,3335
sweep,3018
sweep,3004
sweep,3338
sweep,2747
sweep,2965
sweep,2591
sweep,2716
sweep,3924
sweep,2785
sweep,2718
sweep,3278
sweep,2848
sweep,3463
sweep,3283
sweep,2445
sweep,2721
sweep,3512
sweep,3967
sweep,4030
sweep,4454
sweep,6100
sweep,8295
sweep,6084
sweep,9315
sweep,8069
sweep,8571
sweep,7454
sweep,7254
sweep,7064
sweep,938
mark,1039587
sweep,4639
sweep,3834
sweep,4082
sweep,4198
sweep,3573
sweep,4426
sweep,3591
sweep,3209
sweep,2864
sweep,3251
sweep,3246
sweep,2869
sweep,2968
sweep,2825
sweep,2972
sweep,2848
sweep,3284
sweep,2922
sweep,3213
sweep,3794
sweep,2324
sweep,2682
sweep,3770
sweep,2436
sweep,3221
sweep,1939
sweep,3353
sweep,3766
sweep,4316
sweep,3919
sweep,3163
sweep,2926
sweep,3282
sweep,3097
sweep,2959
sweep,3138
sweep,2670
sweep,3158
sweep,2996
sweep,2688
sweep,4023
sweep,2821
sweep,2806
sweep,2995
sweep,3121
sweep,3401
sweep,2759
sweep,3155
sweep,2495
sweep,5510
sweep,8792
sweep,8391
sweep,8643
sweep,8146
sweep,6629
sweep,7719
sweep,4419
sweep,4180
sweep,4860
sweep,6283
sweep,5903
sweep,5839
sweep,224
mark,1024606
sweep,4644
sweep,4173
sweep,3917
sweep,4162
sweep,3627
sweep,4271
sweep,3608
sweep,3160
sweep,3170
sweep,3020
sweep,3093
sweep,3066
sweep,2716
sweep,2791
sweep,2479
sweep,2708
sweep,3328
sweep,3110
sweep,3219
sweep,3732
sweep,2436
sweep,2777
sweep,3861
sweep,2435
sweep,3181
sweep,1822
sweep,3307
sweep,3660
sweep,4433
sweep,3450
sweep,3141
sweep,3061
sweep,2891
sweep,3092
sweep,2747
sweep,3646
sweep,2945
sweep,3110
sweep,2649
sweep,2676
sweep,3939
sweep,2784
sweep,2612
sweep,2879
sweep,2811
sweep,3421
sweep,3030
sweep,2671
sweep,2674
sweep,3556
sweep,4249
sweep,3944
sweep,4322
sweep,5892
sweep,7567
sweep,5937
sweep,8837
sweep,8238
sweep,8778
sweep,8257
sweep,7619
sweep,7441
sweep,841
mark,1075603
sweep,4566
sweep,4104
sweep,4369
sweep,4329
sweep,3487
sweep,4040
sweep,3627
sweep,3587
sweep,2818
sweep,3367
sweep,2961
sweep,2723
sweep,3010
sweep,2958
sweep,2557
sweep,2733
sweep,3295
sweep,3249
sweep,3151
sweep,3537
sweep,2645
sweep,2476
sweep,3728
sweep,2340
sweep,3702
sweep,2030
sweep,3404
sweep,3623
sweep,4414
sweep,3413
sweep,3069
sweep,3000
sweep,2940
sweep,3212
sweep,2993
sweep,3188
sweep,2692
sweep,3281
sweep,2840
sweep,2690
sweep,3805
sweep,2891
sweep,2991
sweep,3044
sweep,2730
sweep,3387
sweep,2790
sweep,2561
sweep,2474
sweep,5595
sweep,9315
sweep,8588
sweep,8472
sweep,8202
sweep,5770
sweep,7421
sweep,4449
sweep,4151
sweep,4602
sweep,5899
sweep,5849
sweep,5940
sweep,220
mark,1030440
sweep,4516
sweep,4111
sweep,4006
sweep,3950
sweep,3624
sweep,4202
sweep,3540
sweep,3319
sweep,3175
sweep,3138
sweep,3103
sweep,2932
sweep,2969
sweep,3079
sweep,2628
sweep,2702
sweep,3464
sweep,3214
sweep,3198
sweep,3476
sweep,2413
sweep,2630
sweep,4009
sweep,2370
sweep,3054
sweep,2161
sweep,3603
sweep,4037
sweep,4682
sweep,3512
sweep,3068
sweep,3044
sweep,2917
sweep,3006
sweep,2712
sweep,3444
sweep,2774
sweep,3049
sweep,2469
sweep,2777
sweep,3617
sweep,3233
sweep,3022
sweep,3026
sweep,2868
sweep,3795
sweep,2788
sweep,2472
sweep,2410
sweep,3819
sweep,4057
sweep,4245
sweep,4165
sweep,5767
sweep,8024
sweep,6265
sweep,8565
sweep,8298
sweep,8641
sweep,8276
sweep,7400
sweep,7635
sweep,837
mark,1035894
sweep,4601
sweep,3897
sweep,4168
sweep,3900
sweep,3648
sweep,4139
sweep,3978
sweep,3200
sweep,3041
sweep,3137
sweep,3106
sweep,2699
sweep,2818
sweep,3465
sweep,2662
sweep,2729
sweep,3556
sweep,2908
sweep,3217
sweep,3191
sweep,2394
sweep,2448
sweep,3651
sweep,2377
sweep,3090
sweep,2232
sweep,3546
sweep,3927
sweep,4417
sweep,3916
sweep,3035
sweep,3084
sweep,2951
sweep,3041
sweep,2782
sweep,3286
sweep,2947
sweep,3196
sweep,2452
sweep,2703
sweep,3771
sweep,2646
sweep,2891
sweep,3341
sweep,2866
sweep,3769
sweep,2879
sweep,2848
sweep,2522
sweep,5412
sweep,9401
sweep,8867
sweep,8772
sweep,8075
sweep,6325
sweep,7446
sweep,4205
sweep,4695
sweep,4225
sweep,6023
sweep,5579
sweep,6179
sweep,239
mark,1028053
sweep,4374
sweep,4028
sweep,3904
sweep,3954
sweep,3956
sweep,4036
sweep,3697
sweep,3106
sweep,2892
sweep,3078
sweep,3098
sweep,2692
sweep,2886
sweep,3366
sweep,2864
sweep,2736
sweep,3229
sweep,3023
sweep,2966
sweep,3278
sweep,2385
sweep,2564
sweep,4072
sweep,2650
sweep,3017
sweep,2003
sweep,3308
sweep,4049
sweep,4396
sweep,3308
sweep,3018
sweep,3154
sweep,3330
sweep,3065
sweep,2891
sweep,3444
sweep,2769
sweep,3156
sweep,2662
sweep,2937
sweep,3673
sweep,2605
sweep,2799
sweep,3420
sweep,3173
sweep,3605
sweep,2808
sweep,2550
sweep,2520
sweep,3671
sweep,4388
sweep,3919
sweep,4335
sweep,5862
sweep,7557
sweep,5900
sweep,8687
sweep,8964
sweep,8519
sweep,7583
sweep,7078
sweep,7595
sweep,833
mark,1030798
sweep,4763
sweep,3875
sweep,4520
sweep,4012
sweep,3630
sweep,3909
sweep,3777
sweep,3166
sweep,2819
sweep,3580
sweep,2957
sweep,2774
sweep,2760
sweep,2840
sweep,2606
sweep,2740
sweep,3559
sweep,3110
sweep,3288
sweep,3320
sweep,2536
sweep,2782
sweep,3956
sweep,2643
sweep,3225
sweep,1920
sweep,3468
sweep,3977
sweep,4495
sweep,3544
sweep,3065
sweep,2974
sweep,3069
sweep,3003
sweep,2803
sweep,3341
sweep,2776
sweep,3269
sweep,2506
sweep,2775
sweep,3820
sweep,2872
sweep,2612
sweep,3204
sweep,3441
sweep,3397
sweep,2649
sweep,2706
sweep,2454
sweep,5341
sweep,8773
sweep,8299
sweep,8563
sweep,8215
sweep,6729
sweep,7638
sweep,4113
sweep,4411
sweep,4878
sweep,5990
sweep,5592
sweep,5879
sweep,222
mark,1023567
sweep,4617
sweep,3859
sweep,4431
sweep,4091
sweep,3498
sweep,4189
sweep,3779
sweep,3128
sweep,3004
sweep,3299
sweep,3017
sweep,2715
sweep,2813
sweep,2906
sweep,2592
sweep,2712
sweep,3477
sweep,3088
sweep,2930
sweep,3536
sweep,2471
sweep,2619
sweep,3699
sweep,2635
sweep,3670
sweep,2112
sweep,3746
sweep,3683
sweep,4168
sweep,3364
sweep,3335
sweep,2964
sweep,3257
sweep,3024
sweep,2774
sweep,3627
sweep,3058
sweep,3081
sweep,2769
sweep,2815
sweep,3844
sweep,2742
sweep,2652
sweep,3302
sweep,3377
sweep,3453
sweep,2779
sweep,2466
sweep,2490
sweep,3805
sweep,4017
sweep,4182
sweep,4111
sweep,6066
sweep,8124
sweep,6468
sweep,8845
sweep,8194
sweep,8537
sweep,8125
sweep,7396
sweep,7563
sweep,930
mark,1029662
sweep,4642
sweep,4026
sweep,3930
sweep,3949
sweep,3944
sweep,4334
sweep,3598
sweep,3087
sweep,3060
sweep,3609
sweep,3017
sweep,2923
sweep,2925
sweep,2760
sweep,2913
sweep,2919
sweep,3393
sweep,3157
sweep,3330
sweep,3378
sweep,2326
sweep,2423
sweep,3909
sweep,2418
sweep,3070
sweep,1891
sweep,3730
sweep,3737
sweep,4294
sweep,3393
sweep,3481
sweep,2888
sweep,2846
sweep,3260
sweep,2682
sweep,3142
sweep,2984
sweep,3390
sweep,2634
sweep,2773
sweep,3773
sweep,3036
sweep,2707
sweep,3291
sweep,3114
sweep,3840
sweep,2850
sweep,2461
sweep,2722
sweep,5727
sweep,8544
sweep,8831
sweep,8551
sweep,7658
sweep,5627
sweep,7154
sweep,4197
sweep,4860
sweep,4544
sweep,6099
sweep,5849
sweep,6373
sweep,239
mark,1044667
sweep,4617
sweep,3791
sweep,4402
sweep,4096
sweep,3621
sweep,3893
sweep,3617
sweep,3105
sweep,3136
sweep,3378
sweep,3534
sweep,2737
sweep,2705
sweep,2735
sweep,2796
sweep,2835
sweep,3204
sweep,3087
sweep,3185
sweep,3355
sweep,2323
sweep,2442
sweep,3621
sweep,2597
sweep,3084
sweep,1898
sweep,3607
sweep,3628
sweep,4379
sweep,3364
sweep,3146
sweep,2896
sweep,2799
sweep,3357
sweep,2829
sweep,3258
sweep,2842
sweep,3272
sweep,2535
sweep,2630
sweep,3618
sweep,2925
sweep,2652
sweep,2885
sweep,2857
sweep,3471
sweep,3126
sweep,2694
sweep,2590
sweep,3504
sweep,4063
sweep,3963
sweep,4180
sweep,6103
sweep,7829
sweep,6108
sweep,8803
sweep,8191
sweep,8800
sweep,7537
sweep,7224
sweep,7197
sweep,824
mark,1029766
sweep,5132
sweep,3974
sweep,3928
sweep,4242
sweep,3892
sweep,4120
sweep,3788
sweep,3353
sweep,2874
sweep,3183
sweep,2936
sweep,3187
sweep,2721
sweep,2851
sweep,2885
sweep,2805
sweep,3284
sweep,3079
sweep,3172
sweep,3449
sweep,2493
sweep,2442
sweep,4000
sweep,2401
sweep,3252
sweep,2089
sweep,3597
sweep,3889
sweep,4448
sweep,3699
sweep,3560
sweep,3150
sweep,2826
sweep,2978
sweep,2898
sweep,3118
sweep,2657
sweep,3054
sweep,2575
sweep,2819
sweep,12545
sweep,2902
sweep,2620
sweep,3348
sweep,2916
sweep,3718
sweep,2835
sweep,2726
sweep,2487
sweep,5582
sweep,8823
sweep,8712
sweep,8762
sweep,7930
sweep,6119
sweep,7118
sweep,4095
sweep,4581
sweep,4733
sweep,6176
sweep,5926
sweep,5860
sweep,226
mark,1036687
sweep,4981
sweep,3705
sweep,3876
sweep,4653
sweep,3954
sweep,4365
sweep,3682
sweep,3228
sweep,3004
sweep,3257
sweep,3382
sweep,2892
sweep,2950
sweep,2902
sweep,2840
sweep,2673
sweep,3309
sweep,3188
sweep,3322
sweep,3432
sweep,2582
sweep,2570
sweep,3899
sweep,2569
sweep,3078
sweep,2182
sweep,3467
sweep,3687
sweep,4116
sweep,3919
sweep,3690
sweep,3014
sweep,2926
sweep,3112
sweep,2768
sweep,3267
sweep,2957
sweep,3086
sweep,2490
sweep,2679
sweep,3591
sweep,3026
sweep,2750
sweep,3005
sweep,3007
sweep,3518
sweep,2716
sweep,2559
sweep,2560
sweep,3675
sweep,4151
sweep,4559
sweep,4203
sweep,5862
sweep,8366
sweep,6553
sweep,9077
sweep,8612
sweep,8394
sweep,7769
sweep,7310
sweep,7056
sweep,839
mark,1038043
sweep,4943
sweep,4458
sweep,4307
sweep,4081
sweep,3929
sweep,4058
sweep,3936
sweep,3223
sweep,3125
sweep,3206
sweep,3096
sweep,2719
sweep,2787
sweep,3171
sweep,2611
sweep,2708
sweep,3299
sweep,3242
sweep,3242
sweep,3414
sweep,2337
sweep,2428
sweep,4168
sweep,2440
sweep,3136
sweep,1893
sweep,3371
sweep,3650
sweep,4684
sweep,3476
sweep,3146
sweep,3120
sweep,2896
sweep,3264
sweep,2777
sweep,3125
sweep,3030
sweep,2962
sweep,2585
sweep,2745
sweep,3970
sweep,2873
sweep,2839
sweep,2951
sweep,3018
sweep,3861
sweep,2730
sweep,2496
sweep,2427
sweep,5403
sweep,8996
sweep,9238
sweep,8850
sweep,7731
sweep,6037
sweep,7346
sweep,4079
sweep,4179
sweep,4924
sweep,6178
sweep,6021
sweep,5787
sweep,225
mark,1034723
sweep,4510
sweep,3786
sweep,4415
sweep,4400
sweep,3597
sweep,4138
sweep,3544
sweep,3419
sweep,2782
sweep,3123
sweep,3384
sweep,2698
sweep,2665
sweep,3009
sweep,2737
sweep,2769
sweep,3493
sweep,2954
sweep,2930
sweep,3940
sweep,2627
sweep,2523
sweep,3694
sweep,2463
sweep,3045
sweep,1828
sweep,3500
sweep,3571
sweep,4695
sweep,3782
sweep,3196
sweep,3010
sweep,3024
sweep,3873
sweep,2881
sweep,3226
sweep,2912
sweep,3551
sweep,2766
sweep,2847
sweep,4130
sweep,2635
sweep,3028
sweep,3338
sweep,2889
sweep,3650
sweep,2664
sweep,2594
sweep,2455
sweep,3934
sweep,3741
sweep,3993
sweep,4400
sweep,5841
sweep,8188
sweep,6705
sweep,8728
sweep,8543
sweep,8676
sweep,8058
sweep,7584
sweep,7579
sweep,923
mark,1032173
sweep,4820
sweep,3816
sweep,4037
sweep,3924
sweep,3519
sweep,3885
sweep,3788
sweep,3193
sweep,2880
sweep,3105
sweep,3095
sweep,3071
sweep,2808
sweep,3286
sweep,2954
sweep,2702
sweep,3308
sweep,2841
sweep,3026
sweep,3654
sweep,2384
sweep,2509
sweep,3872
sweep,2377
sweep,3155
sweep,1956
sweep,3386
sweep,3804
sweep,4381
sweep,3644
sweep,3389
sweep,2937
sweep,2899
sweep,3181
sweep,3416
sweep,2976
sweep,2845
sweep,3250
sweep,2477
sweep,2752
sweep,3684
sweep,2576
sweep,3062
sweep,3163
sweep,2751
sweep,3379
sweep,2822
sweep,2477
sweep,2643
sweep,5296
sweep,9039
sweep,8549
sweep,8467
sweep,8162
sweep,5957
sweep,7476
sweep,4076
sweep,4487
sweep,4224
sweep,5740
sweep,5963
sweep,6159
sweep,225
mark,1030722
sweep,4823
sweep,4037
sweep,4238
sweep,4235
sweep,3872
sweep,4365
sweep,3582
sweep,3153
sweep,2855
sweep,3776
sweep,3191
sweep,2764
sweep,2686
sweep,2746
sweep,2682
sweep,2719
sweep,3186
sweep,2959
sweep,3096
sweep,3315
sweep,2281
sweep,2610
sweep,3893
sweep,2537
sweep,3122
sweep,1961
sweep,3734
sweep,3887
sweep,4153
sweep,3655
sweep,3128
sweep,2993
sweep,3287
sweep,2994
sweep,2756
sweep,3279
sweep,2829
sweep,2996
sweep,2941
sweep,3162
sweep,3624
sweep,2613
sweep,2931
sweep,3051
sweep,2791
sweep,3422
sweep,3090
sweep,2509
sweep,2582
sweep,3791
sweep,4159
sweep,3937
sweep,4400
sweep,5757
sweep,8388
sweep,6482
sweep,8405
sweep,8395
sweep,8537
sweep,7650
sweep,7013
sweep,7042
sweep,831
mark,1037340
sweep,4855
sweep,4100
sweep,3908
sweep,4171
sweep,3928
sweep,3960
sweep,3608
sweep,3536
sweep,2947
sweep,3187
sweep,3127
sweep,2732
sweep,2792
sweep,3035
sweep,2602
sweep,2665
sweep,3404
sweep,2918
sweep,3187
sweep,3366
sweep,2351
sweep,2350
sweep,4088
sweep,2319
sweep,3294
sweep,1886
sweep,3441
sweep,3942
sweep,4188
sweep,3407
sweep,3106
sweep,3110
sweep,2874
sweep,3157
sweep,2848
sweep,3441
sweep,2647
sweep,3072
sweep,2772
sweep,2816
sweep,3740
sweep,2827
sweep,2988
sweep,2964
sweep,2811
sweep,3989
sweep,2949
sweep,2674
sweep,2436
sweep,5396
sweep,9001
sweep,8508
sweep,8406
sweep,8199
sweep,6390
sweep,7309
sweep,4348
sweep,4492
sweep,5079
sweep,6288
sweep,5904
sweep,6130
sweep,223
mark,1027711
sweep,4613
sweep,4348
sweep,4243
sweep,3855
sweep,3966
sweep,3933
sweep,3767
sweep,3038
sweep,2800
sweep,3178
sweep,3300
sweep,2838
sweep,2612
sweep,3076
sweep,2611
sweep,2667
sweep,3273
sweep,3371
sweep,3624
sweep,3520
sweep,2277
sweep,2745
sweep,3737
sweep,2340
sweep,3567
sweep,2111
sweep,3353
sweep,3554
sweep,4184
sweep,3551
sweep,3016
sweep,3439
sweep,2900
sweep,2930
sweep,2802
sweep,3494
sweep,2732
sweep,2966
sweep,2540
sweep,2915
sweep,3724
sweep,2780
sweep,2812
sweep,2992
sweep,2776
sweep,3504
sweep,2721
sweep,2426
sweep,2524
sweep,3695
sweep,4050
sweep,4183
sweep,4201
sweep,6128
sweep,7872
sweep,6463
sweep,8289
sweep,8296
sweep,8359
sweep,7216
sweep,7086
sweep,7125
sweep,897
mark,1030690
sweep,4528
sweep,4335
sweep,4067
sweep,4183
sweep,4076
sweep,4225
sweep,3576
sweep,3113
sweep,2769
sweep,3434
sweep,3192
sweep,2893
sweep,2780
sweep,3125
sweep,2568
sweep,2963
sweep,3556
sweep,3119
sweep,2964
sweep,3514
sweep,2611
sweep,2532
sweep,3948
sweep,2678
sweep,3804
sweep,2206
sweep,3313
sweep,3777
sweep,4465
sweep,3580
sweep,3297
sweep,3082
sweep,3348
sweep,3039
sweep,3022
sweep,3122
sweep,3060
sweep,3097
sweep,2723
sweep,2820
sweep,4059
sweep,2841
sweep,2845
sweep,2856
sweep,3116
sweep,3641
sweep,2936
sweep,2534
sweep,2689
sweep,5519
sweep,8781
sweep,9174
sweep,8899
sweep,7922
sweep,5868
sweep,6985
sweep,3897
sweep,4749
sweep,4792
sweep,6003
sweep,5543
sweep,6364
sweep,239
mark,1052341
sweep,4580
sweep,4061
sweep,3956
sweep,4099
sweep,3857
sweep,3954
sweep,3705
sweep,3597
sweep,3055
sweep,3492
sweep,3402
sweep,2935
sweep,2683
sweep,2954
sweep,2569
sweep,2673
sweep,3551
sweep,3107
sweep,3402
sweep,3998
sweep,2334
sweep,2510
sweep,4026
sweep,2844
sweep,3659
sweep,2079
sweep,3752
sweep,3773
sweep,4123
sweep,3467
sweep,3133
sweep,3039
sweep,2985
sweep,3282
sweep,3090
sweep,3367
sweep,2973
sweep,3283
sweep,2563
sweep,2726
sweep,3690
sweep,2991
sweep,2640
sweep,2899
sweep,3369
sweep,3560
sweep,2841
sweep,2650
sweep,2738
sweep,3877
sweep,3981
sweep,3961
sweep,4606
sweep,6023
sweep,7749
sweep,6129
sweep,9106
sweep,9577
sweep,8426
sweep,7447
sweep,7605
sweep,7392
sweep,1103
mark,1049723
sweep,4804
sweep,4031
sweep,4114
sweep,4417
sweep,3942
sweep,4107
sweep,3753
sweep,3115
sweep,2956
sweep,3413
sweep,3081
sweep,3248
sweep,2763
sweep,3153
sweep,2658
sweep,2821
sweep,3388
sweep,2920
sweep,3016
sweep,3428
sweep,2369
sweep,2685
sweep,3722
sweep,2506
sweep,3119
sweep,1897
sweep,3755
sweep,3904
sweep,4784
sweep,3318
sweep,3059
sweep,2859
sweep,2904
sweep,3163
sweep,2781
sweep,3524
sweep,2701
sweep,3075
sweep,2517
sweep,2691
sweep,3981
sweep,3015
sweep,3113
sweep,2833
sweep,3272
sweep,3632
sweep,3048
sweep,2610
sweep,2688
sweep,6165
sweep,9178
sweep,8749
sweep,8588
sweep,7981
sweep,6220
sweep,7334
sweep,4180
sweep,4650
sweep,4904
sweep,6097
sweep,5661
sweep,6024
sweep,222
mark,1030667
sweep,4869
sweep,4226
sweep,4368
sweep,4201
sweep,3937
sweep,3978
sweep,4159
sweep,3187
sweep,3159
sweep,3167
sweep,3186
sweep,2735
sweep,2693
sweep,3056
sweep,2938
sweep,2609
sweep,3194
sweep,2967
sweep,2948
sweep,3496
sweep,2317
sweep,2616
sweep,3746
sweep,2431
sweep,3009
sweep,2049
sweep,3743
sweep,3692
sweep,4272
sweep,3351
sweep,3405
sweep,2995
sweep,2870
sweep,3094
sweep,2731
sweep,3387
sweep,2859
sweep,3035
sweep,2539
sweep,2643
sweep,3737
sweep,2652
sweep,2739
sweep,3096
sweep,2904
sweep,3527
sweep,3016
sweep,2551
sweep,2511
sweep,3531
sweep,4151
sweep,3976
sweep,4256
sweep,5780
sweep,8356
sweep,6415
sweep,16693
sweep,10111
sweep,9513
sweep,7149
sweep,7465
sweep,7215
sweep,916
mark,1041560
sweep,5038
sweep,3964
sweep,3883
sweep,4207
sweep,3596
sweep,4057
sweep,3797
sweep,3137
sweep,2987
sweep,3438
sweep,3344
sweep,2950
sweep,2814
sweep,2821
sweep,2648
sweep,3061
sweep,3394
sweep,2897
sweep,3101
sweep,3556
sweep,2324
sweep,2332
sweep,3734
sweep,2347
sweep,3518
sweep,1870
sweep,3587
sweep,3624
sweep,4245
sweep,3747
sweep,3345
sweep,3135
sweep,2857
sweep,3088
sweep,3330
sweep,3188
sweep,2707
sweep,3297
sweep,2476
sweep,2724
sweep,4284
sweep,2906
sweep,2954
sweep,2900
sweep,2905
sweep,3497
sweep,2683
sweep,2498
sweep,2554
sweep,5585
sweep,8767
sweep,8780
sweep,8906
sweep,8352
sweep,5726
sweep,6886
sweep,3976
sweep,4543
sweep,4932
sweep,6202
sweep,5837
sweep,5881
sweep,288
mark,1024782
sweep,4773
sweep,4148
sweep,4131
sweep,4131
sweep,3617
sweep,3934
sweep,3561
sweep,3080
sweep,2795
sweep,3105
sweep,3187
sweep,2761
sweep,2720
sweep,2735
sweep,2816
sweep,2826
sweep,3675
sweep,3161
sweep,3314
sweep,3767
sweep,2493
sweep,2438
sweep,3700
sweep,2525
sweep,3211
sweep,1943
sweep,3539
sweep,3631
sweep,4381
sweep,3487
sweep,3167
sweep,3087
sweep,2881
sweep,3072
sweep,2766
sweep,3244
sweep,2742
sweep,3203
sweep,2645
sweep,2828
sweep,3718
sweep,2654
sweep,2698
sweep,2923
sweep,3035
sweep,3528
sweep,3011
sweep,2687
sweep,2420
sweep,3624
sweep,4185
sweep,4227
sweep,4224
sweep,6066
sweep,8028
sweep,6017
sweep,8343
sweep,8433
sweep,8336
sweep,7393
sweep,7538
sweep,7013
sweep,853
mark,1031023
sweep,4696
sweep,4184
sweep,3896
sweep,4440
sweep,3700
sweep,4236
sweep,3798
sweep,3174
sweep,2937
sweep,3414
sweep,3274
sweep,2728
sweep,3001
sweep,3009
sweep,2706
sweep,2806
sweep,3203
sweep,3308
sweep,2928
sweep,3369
sweep,2648
sweep,2297
sweep,3722
sweep,2454
sweep,3606
sweep,2054
sweep,3717
sweep,3741
sweep,4264
sweep,3390
sweep,3006
sweep,3308
sweep,2983
sweep,3385
sweep,2940
sweep,3180
sweep,2721
sweep,3221
sweep,2686
sweep,2570
sweep,3763
sweep,2858
sweep,2955
sweep,2855
sweep,2817
sweep,3972
sweep,2707
sweep,2486
sweep,2609
sweep,5672
sweep,9050
sweep,8380
sweep,8491
sweep,7648
sweep,6334
sweep,7406
sweep,4412
sweep,4360
sweep,4975
sweep,6150
sweep,5872
sweep,5679
sweep,232
mark,1034839
sweep,4612
sweep,4187
sweep,4391
sweep,4349
sweep,4050
sweep,4006
sweep,7941
sweep,3387
sweep,2774
sweep,3144
sweep,3428
sweep,2723
sweep,2783
sweep,3356
sweep,2854
sweep,2816
sweep,3293
sweep,3245
sweep,3119
sweep,3757
sweep,2327
sweep,2449
sweep,3792
sweep,2347
sweep,3164
sweep,1861
sweep,3440
sweep,3711
sweep,4699
sweep,3671
sweep,3366
sweep,3147
sweep,2934
sweep,3023
sweep,3044
sweep,3338
sweep,2971
sweep,3370
sweep,2608
sweep,2684
sweep,3764
sweep,2766
sweep,2740
sweep,3028
sweep,2785
sweep,3330
sweep,2778
sweep,2664
sweep,2537
sweep,3714
sweep,4404
sweep,4155
sweep,4095
sweep,5964
sweep,8194
sweep,6637
sweep,8983
sweep,8516
sweep,8464
sweep,8028
sweep,7416
sweep,7689
sweep,831
mark,1037344
sweep,4614
sweep,3809
sweep,4371
sweep,4387
sweep,3538
sweep,4267
sweep,3668
sweep,3119
sweep,2940
sweep,3176
sweep,3362
sweep,2775
sweep,2739
sweep,2799
sweep,2730
sweep,2807
sweep,3385
sweep,2941
sweep,3018
sweep,3479
sweep,2436
sweep,2491
sweep,3751
sweep,2386
sweep,3680
sweep,2138
sweep,3604
sweep,3941
sweep,4453
sweep,3437
sweep,3473
sweep,2997
sweep,2831
sweep,3056
sweep,2821
sweep,3166
sweep,2890
sweep,3071
sweep,2797
sweep,2760
sweep,3660
sweep,3069
sweep,2833
sweep,3250
sweep,2849
sweep,3319
sweep,2836
sweep,2526
sweep,2465
sweep,5560
sweep,8701
sweep,8349
sweep,8627
sweep,8260
sweep,6179
sweep,7541
sweep,4108
sweep,4311
sweep,4912
sweep,6225
sweep,5510
sweep,5992
sweep,245
mark,1027289
sweep,5369
sweep,4177
sweep,4504
sweep,4320
sweep,3894
sweep,4291
sweep,3714
sweep,3255
sweep,2723
sweep,3240
sweep,3132
sweep,3197
sweep,3042
sweep,3229
sweep,3098
sweep,2887
sweep,3268
sweep,2935
sweep,2972
sweep,3453
sweep,2384
sweep,2426
sweep,3699
sweep,2653
sweep,3112
sweep,2065
sweep,3462
sweep,3679
sweep,4402
sweep,3659
sweep,3237
sweep,3264
sweep,2845
sweep,2985
sweep,3113
sweep,3166
sweep,2978
sweep,3291
sweep,2898
sweep,2729
sweep,3978
sweep,2912
sweep,3108
sweep,2926
sweep,2816
sweep,3633
sweep,2697
sweep,2563
sweep,2490
sweep,3488
sweep,4057
sweep,3911
sweep,4503
sweep,5537
sweep,8478
sweep,6555
sweep,9276
sweep,8136
sweep,8964
sweep,7105
sweep,7657
sweep,7097
sweep,831
mark,1037079
sweep,4669
sweep,4238
sweep,3947
sweep,4249
sweep,3853
sweep,4440
sweep,3732
sweep,3435
sweep,3142
sweep,3806
sweep,3373
sweep,3034
sweep,2597
sweep,2885
sweep,2899
sweep,2700
sweep,3372
sweep,2973
sweep,3132
sweep,3457
sweep,2441
sweep,2567
sweep,3806
sweep,2448
sweep,3792
sweep,1944
sweep,3508
sweep,3730
sweep,4445
sweep,3955
sweep,3566
sweep,2963
sweep,2947
sweep,3063
sweep,2892
sweep,3165
sweep,2724
sweep,3279
sweep,2885
sweep,2600
sweep,3847
sweep,2646
sweep,2660
sweep,3409
sweep,3097
sweep,3663
sweep,3088
sweep,2443
sweep,2522
sweep,6009
sweep,9050
sweep,8718
sweep,8587
sweep,8116
sweep,6216
sweep,7485
sweep,4182
sweep,4455
sweep,4273
sweep,5732
sweep,5814
sweep,5778
sweep,289
mark,1028159
sweep,4555
sweep,4183
sweep,3869
sweep,4198
sweep,3578
sweep,4088
sweep,3802
sweep,3171
sweep,2750
sweep,3770
sweep,3077
sweep,3025
sweep,2849
sweep,3183
sweep,2897
sweep,3058
sweep,3240
sweep,3120
sweep,3108
sweep,3498
sweep,2671
sweep,2703
sweep,3969
sweep,2394
sweep,3052
sweep,1908
sweep,3305
sweep,3628
sweep,4182
sweep,3250
sweep,3328
sweep,3232
sweep,2935
sweep,3043
sweep,3149
sweep,3519
sweep,3303
sweep,3351
sweep,2468
sweep,2779
sweep,3929
sweep,2687
sweep,2669
sweep,3168
sweep,3053
sweep,3525
sweep,2677
sweep,2501
sweep,2435
sweep,3542
sweep,4059
sweep,3975
sweep,4376
sweep,6086
sweep,7825
sweep,6235
sweep,8556
sweep,8432
sweep,8421
sweep,8222
sweep,7597
sweep,7628
sweep,853
mark,1029454
sweep,4583
sweep,4328
sweep,3966
sweep,4032
sweep,3583
sweep,4321
sweep,3928
sweep,3183
sweep,3171
sweep,3383
sweep,3551
sweep,2716
sweep,2713
sweep,2904
sweep,2677
sweep,2745
sweep,3612
sweep,3101
sweep,3099
sweep,3531
sweep,2335
sweep,2347
sweep,3835
sweep,2735
sweep,3086
sweep,1921
sweep,3739
sweep,3622
sweep,4397
sweep,3927
sweep,3112
sweep,3149
sweep,3182
sweep,3363
sweep,2997
sweep,3153
sweep,2870
sweep,3378
sweep,2555
sweep,2898
sweep,3645
sweep,2691
sweep,2620
sweep,3261
sweep,2931
sweep,3732
sweep,2692
sweep,2406
sweep,2502
sweep,5404
sweep,8790
sweep,8487
sweep,8944
sweep,8370
sweep,6113
sweep,7039
sweep,4285
sweep,4532
sweep,4837
sweep,6194
sweep,5756
sweep,6152
sweep,236
mark,1030427
sweep,4522
sweep,3872
sweep,4156
sweep,4078
sweep,3831
sweep,4191
sweep,3509
sweep,3312
sweep,2743
sweep,2934
sweep,2957
sweep,2809
sweep,2728
sweep,3074
sweep,2658
sweep,2854
sweep,3301
sweep,3298
sweep,3231
sweep,3471
sweep,2395
sweep,2508
sweep,3731
sweep,2626
sweep,3098
sweep,2165
sweep,3612
sweep,3709
sweep,4536
sweep,3852
sweep,3074
sweep,3127
sweep,2890
sweep,3134
sweep,2724
sweep,3286
sweep,2903
sweep,3270
sweep,2512
sweep,3157
sweep,3782
sweep,2571
sweep,2777
sweep,3383
sweep,2697
sweep,3408
sweep,3010
sweep,2888
sweep,2425
sweep,3518
sweep,4072
sweep,4217
sweep,4337
sweep,5780
sweep,8014
sweep,6705
sweep,8365
sweep,8741
sweep,8287
sweep,8147
sweep,7408
sweep,7508
sweep,829
mark,1037646
sweep,4762
sweep,3770
sweep,3870
sweep,4302
sweep,3930
sweep,3957
sweep,4136
sweep,3299
sweep,3164
sweep,3256
sweep,3340
sweep,3209
sweep,2946
sweep,3025
sweep,2616
sweep,2719
sweep,3255
sweep,3346
sweep,2835
sweep,3502
sweep,2354
sweep,3004
sweep,3969
sweep,2322
sweep,3679
sweep,1921
sweep,3395
sweep,3704
sweep,4336
sweep,3321
sweep,3081
sweep,2942
sweep,2878
sweep,3323
sweep,3190
sweep,3214
sweep,2747
sweep,2993
sweep,2453
sweep,2801
sweep,3709
sweep,2892
sweep,2794
sweep,2986
sweep,2927
sweep,3538
sweep,2779
sweep,2466
sweep,2566
sweep,5265
sweep,8951
sweep,8431
sweep,8358
sweep,8012
sweep,6064
sweep,7538
sweep,12340
sweep,4308
sweep,4318
sweep,5663
sweep,5566
sweep,6125
sweep,229
mark,1050259
sweep,4699
sweep,4104
sweep,3882
sweep,3808
sweep,3836
sweep,4095
sweep,3452
sweep,3152
sweep,2919
sweep,3709
sweep,3344
sweep,2988
sweep,2628
sweep,2796
sweep,2569
sweep,2756
sweep,3242
sweep,2851
sweep,3031
sweep,3357
sweep,2559
sweep,2580
sweep,3953
sweep,2641
sweep,3049
sweep,1844
sweep,3509
sweep,3675
sweep,4027
sweep,3718
sweep,3220
sweep,2960
sweep,2938
sweep,3133
sweep,2797
sweep,3189
sweep,2726
sweep,3048
sweep,2516
sweep,2942
sweep,4028
sweep,2593
sweep,3082
sweep,2931
sweep,2877
sweep,3363
sweep,2724
sweep,2517
sweep,2737
sweep,3720
sweep,3848
sweep,4114
sweep,4123
sweep,6111
sweep,7829
sweep,6496
sweep,8493
sweep,8428
sweep,8411
sweep,8282
sweep,7308
sweep,7684
sweep,836
mark,1039673
sweep,4871
sweep,3736
sweep,4054
sweep,4530
sweep,3800
sweep,3925
sweep,3614
sweep,3296
sweep,2858
sweep,3375
sweep,3127
sweep,2737
sweep,2763
sweep,2821
sweep,2567
sweep,2795
sweep,3578
sweep,3225
sweep,2984
sweep,3843
sweep,2431
sweep,2380
sweep,3697
sweep,2545
sweep,3266
sweep,1976
sweep,3431
sweep,3810
sweep,4762
sweep,3385
sweep,3307
sweep,3174
sweep,2793
sweep,2883
sweep,2863
sweep,3536
sweep,2932
sweep,3217
sweep,2492
sweep,2829
sweep,4059
sweep,2736
sweep,2715
sweep,3043
sweep,3459
sweep,3808
sweep,3051
sweep,2723
sweep,2466
sweep,5896
sweep,8748
sweep,8951
sweep,8677
sweep,7607
sweep,6108
sweep,7250
sweep,4050
sweep,4255
sweep,5021
sweep,6270
sweep,5883
sweep,5792
sweep,234
mark,1034252
sweep,5420
sweep,4027
sweep,4413
sweep,3990
sweep,3828
sweep,3958
sweep,3474
sweep,3068
sweep,3046
sweep,3308
sweep,3027
sweep,3016
sweep,2627
sweep,2757
sweep,2916
sweep,2776
sweep,3466
sweep,2950
sweep,3038
sweep,3546
sweep,2366
sweep,2696
sweep,3959
sweep,2733
sweep,3038
sweep,1920
sweep,3321
sweep,3688
sweep,4134
sweep,3488
sweep,3179
sweep,2871
sweep,2831
sweep,3027
sweep,3152
sweep,3439
sweep,2697
sweep,3310
sweep,2510
sweep,2651
sweep,3767
sweep,2740
sweep,2983
sweep,2953
sweep,2930
sweep,3517
sweep,2755
sweep,2456
sweep,2663
sweep,3505
sweep,4027
sweep,4050
sweep,4203
sweep,6082
sweep,7872
sweep,5984
sweep,8762
sweep,8382
sweep,8742
sweep,8180
sweep,7457
sweep,7709
sweep,821
mark,1035405
sweep,4687
sweep,3918
sweep,4076
sweep,4357
sweep,3869
sweep,4311
sweep,3469
sweep,3291
sweep,2828
sweep,3189
sweep,2988
sweep,2837
sweep,2656
sweep,2793
sweep,2596
sweep,2954
sweep,3530
sweep,2876
sweep,3118
sweep,3696
sweep,2457
sweep,2440
sweep,4067
sweep,2547
sweep,3104
sweep,1970
sweep,3351
sweep,3579
sweep,4407
sweep,3494
sweep,3433
sweep,3128
sweep,2827
sweep,3385
sweep,2855
sweep,3153
sweep,2703
sweep,2973
sweep,2607
sweep,2618
sweep,3716
sweep,2759
sweep,2735
sweep,2982
sweep,2721
sweep,3443
sweep,2739
sweep,2710
sweep,2388
sweep,5472
sweep,9621
sweep,8890
sweep,8455
sweep,8337
sweep,5889
sweep,6875
sweep,3976
sweep,4226
sweep,4627
sweep,6280
sweep,6000
sweep,5795
sweep,242
mark,1030447
sweep,4551
sweep,4630
sweep,4125
sweep,4069
sweep,3683
sweep,4169
sweep,3741
sweep,3146
sweep,2787
sweep,3168
sweep,3028
sweep,2984
sweep,2782
sweep,2695
sweep,2615
sweep,2869
sweep,3196
sweep,3184
sweep,3174
sweep,3542
sweep,2415
sweep,2575
sweep,3755
sweep,2421
sweep,3637
sweep,1934
sweep,3644
sweep,3738
sweep,4178
sweep,3364
sweep,3416
sweep,2943
sweep,2903
sweep,3207
sweep,2845
sweep,3264
sweep,2716
sweep,3149
sweep,2588
sweep,2678
sweep,3623
sweep,2762
sweep,2728
sweep,3115
sweep,2807
sweep,3661
sweep,2914
sweep,2437
sweep,2515
sweep,3559
sweep,3870
sweep,4045
sweep,4000
sweep,6254
sweep,7806
sweep,6155
sweep,9101
sweep,8204
sweep,8292
sweep,8068
sweep,7605
sweep,7623
sweep,825
mark,1035452
sweep,4808
sweep,4114
sweep,4012
sweep,4083
sweep,3747
sweep,4213
sweep,3604
sweep,3472
sweep,3151
sweep,3216
sweep,2926
sweep,3070
sweep,2691
sweep,2841
sweep,2664
sweep,2662
sweep,3489
sweep,3081
sweep,3098
sweep,3369
sweep,2523
sweep,2363
sweep,4021
sweep,2582
sweep,3114
sweep,1924
sweep,3518
sweep,3696
sweep,4313
sweep,3530
sweep,3127
sweep,3163
sweep,3318
sweep,2939
sweep,2889
sweep,3027
sweep,3281
sweep,3304
sweep,2549
sweep,2831
sweep,4082
sweep,2662
sweep,2873
sweep,2963
sweep,2911
sweep,3644
sweep,3002
sweep,2484
sweep,2559
sweep,5871
sweep,8737
sweep,8914
sweep,8658
sweep,8090
sweep,6149
sweep,6991
sweep,3961
sweep,4253
sweep,5079
sweep,6327
sweep,5754
sweep,5705
sweep,240
mark,1029675
sweep,4888
sweep,3934
sweep,4050
sweep,4257
sweep,3580
sweep,4195
sweep,3576
sweep,3018
sweep,3108
sweep,3162
sweep,3406
sweep,2727
sweep,2864
sweep,2835
sweep,2760
sweep,2737
sweep,3495
sweep,2879
sweep,3039
sweep,3449
sweep,2454
sweep,2540
sweep,3741
sweep,2340
sweep,3112
sweep,1907
sweep,3552
sweep,3700
sweep,4615
sweep,3563
sweep,3427
sweep,2939
sweep,2912
sweep,3163
sweep,2855
sweep,3326
sweep,2802
sweep,3059
sweep,2798
sweep,2720
sweep,3773
sweep,2609
sweep,2738
sweep,3508
sweep,2821
sweep,3647
sweep,2753
sweep,2480
sweep,2524
sweep,3502
sweep,3941
sweep,4065
sweep,4168
sweep,6223
sweep,7510
sweep,5947
sweep,8918
sweep,8355
sweep,8599
sweep,8521
sweep,7367
sweep,7568
sweep,873
mark,1031951
sweep,4869
sweep,3904
sweep,4328
sweep,4044
sweep,3737
sweep,4073
sweep,3531
sweep,3237
sweep,3066
sweep,3657
sweep,3277
sweep,2728
sweep,2930
sweep,3073
sweep,2615
sweep,3034
sweep,3271
sweep,2867
sweep,2961
sweep,3766
sweep,2604
sweep,2383
sweep,3818
sweep,2394
sweep,3115
sweep,2168
sweep,3624
sweep,3723
sweep,4448
sweep,3377
sweep,2958
sweep,3209
sweep,3418
sweep,3015
sweep,2805
sweep,3714
sweep,2753
sweep,3078
sweep,2770
sweep,2605
sweep,3632
sweep,2613
sweep,3211
sweep,3019
sweep,2874
sweep,3591
sweep,3071
sweep,2502
sweep,2403
sweep,5628
sweep,8808
sweep,9071
sweep,8559
sweep,7741
sweep,5984
sweep,6899
sweep,4055
sweep,4602
sweep,4719
sweep,6295
sweep,6003
sweep,5857
sweep,222
mark,1031255
sweep,4875
sweep,3828
sweep,4071
sweep,4339
sweep,3441
sweep,3997
sweep,3644
sweep,3425
sweep,2961
sweep,3334
sweep,3077
sweep,3340
sweep,2791
sweep,3075
sweep,2926
sweep,2689
sweep,3430
sweep,2950
sweep,3023
sweep,3312
sweep,2439
sweep,2580
sweep,3753
sweep,2391
sweep,3608
sweep,1871
sweep,3602
sweep,3628
sweep,4253
sweep,3443
sweep,3385
sweep,3182
sweep,2936
sweep,3130
sweep,2899
sweep,3318
sweep,2748
sweep,3012
sweep,2745
sweep,2962
sweep,3704
sweep,2594
sweep,2879
sweep,3145
sweep,2837
sweep,3649
sweep,3311
sweep,2531
sweep,2683
sweep,3696
sweep,3821
sweep,4130
sweep,4443
sweep,5990
sweep,8204
sweep,6530
sweep,8884
sweep,8364
sweep,8733
sweep,8181
sweep,7466
sweep,7836
sweep,835
mark,1029770
sweep,4712
sweep,4192
sweep,3921
sweep,3910
sweep,3615
sweep,4044
sweep,3925
sweep,3198
sweep,2960
sweep,3604
sweep,3405
sweep,2714
sweep,2788
sweep,2805
sweep,2614
sweep,2902
sweep,3290
sweep,3059
sweep,3070
sweep,3435
sweep,2452
sweep,2629
sweep,3793
sweep,2431
sweep,3031
sweep,1944
sweep,3512
sweep,3609
sweep,4431
sweep,3407
sweep,3314
sweep,3390
sweep,2824
sweep,3036
sweep,2988
sweep,3393
sweep,2772
sweep,3080
sweep,2787
sweep,2728
sweep,3676
sweep,2662
sweep,2645
sweep,2827
sweep,2885
sweep,3408
sweep,2957
sweep,2448
sweep,2429
sweep,5447
sweep,8818
sweep,8554
sweep,8579
sweep,7909
sweep,5896
sweep,7549
sweep,4170
sweep,4607
sweep,4798
sweep,6235
sweep,5586
sweep,5792
sweep,242
mark,1031081
sweep,4487
sweep,4045
sweep,4453
sweep,4540
sweep,3901
sweep,4131
sweep,3590
sweep,3022
sweep,2737
sweep,3161
sweep,3185
sweep,3161
sweep,2937
sweep,2848
sweep,2603
sweep,3053
sweep,3320
sweep,3480
sweep,3272
sweep,3349
sweep,2427
sweep,2419
sweep,3805
sweep,2360
sweep,3065
sweep,1961
sweep,3355
sweep,3572
sweep,4367
sweep,3620
sweep,3138
sweep,3029
sweep,2947
sweep,3009
sweep,2777
sweep,3274
sweep,2938
sweep,3103
sweep,2575
sweep,2604
sweep,3824
sweep,2700
sweep,2887
sweep,3112
sweep,2913
sweep,3405
sweep,2857
sweep,2582
sweep,2434
sweep,3553
sweep,4024
sweep,4083
sweep,4269
sweep,6019
sweep,8478
sweep,6486
sweep,8758
sweep,8535
sweep,8676
sweep,8358
sweep,7556
sweep,7626
sweep,839
mark,1028401
sweep,4640
sweep,3879
sweep,3891
sweep,4198
sweep,3922
sweep,4023
sweep,3692
sweep,3192
sweep,3086
sweep,3348
sweep,3026
sweep,2701
sweep,2638
sweep,2812
sweep,3099
sweep,2973
sweep,3272
sweep,2983
sweep,3427
sweep,3432
sweep,2374
sweep,2806
sweep,4128
sweep,2342
sweep,3207
sweep,1938
sweep,3372
sweep,3711
sweep,4272
sweep,3653
sweep,3427
sweep,3147
sweep,2886
sweep,2970
sweep,2847
sweep,3107
sweep,2941
sweep,3026
sweep,2721
sweep,2608
sweep,3744
sweep,2711
sweep,2870
sweep,2987
sweep,2836
sweep,3735
sweep,2725
sweep,2829
sweep,2423
sweep,6017
sweep,9007
sweep,8376
sweep,8684
sweep,8489
sweep,6209
sweep,7076
sweep,4387
sweep,4426
sweep,4635
sweep,6784
sweep,5920
sweep,5826
sweep,223
mark,1024301
sweep,4930
sweep,4188
sweep,4244
sweep,4223
sweep,3982
sweep,4079
sweep,3513
sweep,3334
sweep,2752
sweep,3163
sweep,3223
sweep,2808
sweep,2833
sweep,2734
sweep,2684
sweep,2950
sweep,3281
sweep,3062
sweep,3154
sweep,3352
sweep,2570
sweep,2634
sweep,3800
sweep,2319
sweep,3461
sweep,2185
sweep,3558
sweep,3606
sweep,4529
sweep,3770
sweep,3361
sweep,3327
sweep,3360
sweep,3044
sweep,2774
sweep,3138
sweep,3057
sweep,3017
sweep,3183
sweep,3194
sweep,4103
sweep,2807
sweep,2663
sweep,3055
sweep,2766
sweep,3470
sweep,2798
sweep,2518
sweep,2404
sweep,3782
sweep,4215
sweep,4029
sweep,4092
sweep,6134
sweep,7954
sweep,6593
sweep,9131
sweep,8202
sweep,9160
sweep,7176
sweep,7588
sweep,7068
sweep,832
mark,1030076
sweep,4866
sweep,3805
sweep,3963
sweep,4066
sweep,3813
sweep,3991
sweep,3702
sweep,3248
sweep,2877
sweep,3278
sweep,3058
sweep,2739
sweep,2831
sweep,2856
sweep,2918
sweep,2635
sweep,3667
sweep,3261
sweep,3638
sweep,3648
sweep,2285
sweep,2608
sweep,4041
sweep,2418
sweep,3692
sweep,2019
sweep,3849
sweep,3788
sweep,4601
sweep,3756
sweep,3064
sweep,2921
sweep,2965
sweep,3280
sweep,2899
sweep,3221
sweep,3098
sweep,3129
sweep,2392
sweep,2841
sweep,3955
sweep,2903
sweep,2645
sweep,2943
sweep,2778
sweep,3729
sweep,2774
sweep,2514
sweep,2506
sweep,5377
sweep,8644
sweep,8702
sweep,8988
sweep,8039
sweep,6098
sweep,7378
sweep,4178
sweep,4176
sweep,4488
sweep,6151
sweep,5868
sweep,5914
sweep,241
mark,1039555
sweep,4687
sweep,3828
sweep,4232
sweep,4138
sweep,3672
sweep,4235
sweep,3797
sweep,3330
sweep,2878
sweep,3457
sweep,3171
sweep,2770
sweep,2730
sweep,3009
sweep,2580
sweep,2606
sweep,3474
sweep,3158
sweep,3046
sweep,3360
sweep,2342
sweep,2495
sweep,3875
sweep,2609
sweep,3115
sweep,1853
sweep,3597
sweep,3667
sweep,13241
sweep,3462
sweep,3171
sweep,3027
sweep,3383
sweep,3455
sweep,3108
sweep,3589
sweep,2713
sweep,3140
sweep,2456
sweep,2660
sweep,3801
sweep,2626
sweep,2719
sweep,2907
sweep,2835
sweep,3773
sweep,2696
sweep,2517
sweep,2466
sweep,3799
sweep,3869
sweep,4116
sweep,4120
sweep,6146
sweep,7878
sweep,6024
sweep,8705
sweep,8195
sweep,8771
sweep,8212
sweep,7045
sweep,7261
sweep,840
mark,1033863
sweep,4735
sweep,3939
sweep,4219
sweep,3982
sweep,3702
sweep,4248
sweep,3726
sweep,3348
sweep,3032
sweep,3182
sweep,3045
sweep,2762
sweep,2781
sweep,2872
sweep,2712
sweep,3193
sweep,3291
sweep,2972
sweep,3048
sweep,3683
sweep,2360
sweep,2435
sweep,3768
sweep,2615
sweep,3672
sweep,2270
sweep,3584
sweep,3970
sweep,4195
sweep,3623
sweep,3049
sweep,3251
sweep,2929
sweep,3097
sweep,3167
sweep,3082
sweep,3164
sweep,3276
sweep,2505
sweep,2754
sweep,3724
sweep,2972
sweep,2775
sweep,3028
sweep,2852
sweep,3430
sweep,2787
sweep,2456
sweep,2525
sweep,5674
sweep,9107
sweep,8564
sweep,8841
sweep,7888
sweep,6341
sweep,7126
sweep,4408
sweep,4433
sweep,4199
sweep,5680
sweep,5759
sweep,5803
sweep,231
mark,1044949
sweep,4714
sweep,3839
sweep,4100
sweep,4420
sweep,4091
sweep,4205
sweep,3632
sweep,3099
sweep,2890
sweep,2954
sweep,3175
sweep,2782
sweep,2617
sweep,2818
sweep,2879
sweep,2900
sweep,3360
sweep,2960
sweep,3435
sweep,3384
sweep,2522
sweep,2561
sweep,3741
sweep,2489
sweep,3064
sweep,2044
sweep,3745
sweep,3771
sweep,4030
sweep,3750
sweep,3541
sweep,3062
sweep,3032
sweep,3134
sweep,2850
sweep,3342
sweep,2806
sweep,3323
sweep,2577
sweep,2820
sweep,3736
sweep,2581
sweep,2694
sweep,3384
sweep,2904
sweep,3756
sweep,3084
sweep,2524
sweep,2465
sweep,3779
sweep,4233
sweep,3951
sweep,4634
sweep,5939
sweep,8303
sweep,5952
sweep,8761
sweep,8796
sweep,9069
sweep,7261
sweep,7316
sweep,7161
sweep,894
mark,1046776
sweep,5097
sweep,4123
sweep,4164
sweep,4456
sweep,3559
sweep,4433
sweep,3644
sweep,3086
sweep,2932
sweep,3208
sweep,3030
sweep,2969
sweep,3056
sweep,3033
sweep,2663
sweep,2779
sweep,3536
sweep,2955
sweep,3441
sweep,3445
sweep,2467
sweep,2671
sweep,4013
sweep,2368
sweep,3400
sweep,1847
sweep,3779
sweep,3713
sweep,4158
sweep,3865
sweep,3281
sweep,3229
sweep,2840
sweep,3109
sweep,3091
sweep,3401
sweep,2730
sweep,3541
sweep,2487
sweep,3019
sweep,3955
sweep,2911
sweep,3292
sweep,3001
sweep,3193
sweep,3498
sweep,2810
sweep,2631
sweep,2488
sweep,5371
sweep,9258
sweep,9297
sweep,8669
sweep,7983
sweep,5921
sweep,7263
sweep,4048
sweep,4383
sweep,4323
sweep,5850
sweep,5598
sweep,6630
sweep,235
mark,1044429
sweep,4717
sweep,3795
sweep,4124
sweep,4223
sweep,3704
sweep,4135
sweep,3837
sweep,3334
sweep,2819
sweep,3586
sweep,3365
sweep,2863
sweep,2739
sweep,2886
sweep,2690
sweep,2760
sweep,3558
sweep,3025
sweep,2959
sweep,3326
sweep,2328
sweep,2440
sweep,3717
sweep,2381
sweep,3357
sweep,1977
sweep,3431
sweep,3932
sweep,4342
sweep,3516
sweep,3326
sweep,3071
sweep,2962
sweep,2977
sweep,2909
sweep,3215
sweep,2815
sweep,3173
sweep,2847
sweep,3008
sweep,3901
sweep,2961
sweep,2917
sweep,3378
sweep,2789
sweep,3446
sweep,2885
sweep,2793
sweep,2542
sweep,3783
sweep,3834
sweep,3918
sweep,4141
sweep,6077
sweep,7757
sweep,5900
sweep,8868
sweep,8332
sweep,8781
sweep,8333
sweep,7316
sweep,7679
sweep,826
mark,1037435
sweep,4641
sweep,4069
sweep,3812
sweep,4124
sweep,3750
sweep,4003
sweep,3653
sweep,3166
sweep,2972
sweep,3362
sweep,3023
sweep,2844
sweep,2730
sweep,3127
sweep,2925
sweep,2708
sweep,3486
sweep,2874
sweep,3110
sweep,3756
sweep,2312
sweep,2442
sweep,3672
sweep,2266
sweep,3142
sweep,1945
sweep,3309
sweep,3660
sweep,4250
sweep,3504
sweep,3115
sweep,2994
sweep,2840
sweep,3207
sweep,3274
sweep,3400
sweep,2885
sweep,3374
sweep,2795
sweep,2719
sweep,3764
sweep,2923
sweep,2924
sweep,2962
sweep,2878
sweep,3528
sweep,2743
sweep,2754
sweep,2776
sweep,5633
sweep,9100
sweep,8875
sweep,8404
sweep,7889
sweep,5813
sweep,7612
sweep,3938
sweep,4324
sweep,4850
sweep,6133
sweep,5943
sweep,5831
sweep,223
mark,1035205
sweep,4868
sweep,3752
sweep,3963
sweep,4360
sweep,4038
sweep,4434
sweep,3558
sweep,3329
sweep,2772
sweep,3128
sweep,3075
sweep,2709
sweep,2685
sweep,2797
sweep,2992
sweep,2688
sweep,3134
sweep,3237
sweep,3141
sweep,3775
sweep,2235
sweep,2577
sweep,3982
sweep,2299
sweep,3680
sweep,1808
sweep,3524
sweep,3931
sweep,4512
sweep,3616
sweep,3099
sweep,3246
sweep,2867
sweep,3079
sweep,2721
sweep,3164
sweep,2978
sweep,3305
sweep,2542
sweep,2633
sweep,3910
sweep,2712
sweep,2729
sweep,2983
sweep,2788
sweep,3417
sweep,3034
sweep,2471
sweep,2420
sweep,3466
sweep,3781
sweep,3979
sweep,4107
sweep,6032
sweep,7726
sweep,6176
sweep,8703
sweep,8261
sweep,8448
sweep,7510
sweep,7395
sweep,7063
sweep,832
mark,1038594
sweep,4633
sweep,3763
sweep,4371
sweep,3990
sweep,3727
sweep,4339
sweep,3554
sweep,3191
sweep,2862
sweep,3306
sweep,2963
sweep,3063
sweep,2684
sweep,3427
sweep,2677
sweep,3145
sweep,3270
sweep,3241
sweep,3170
sweep,3405
sweep,2338
sweep,2697
sweep,3720
sweep,2493
sweep,3638
sweep,2245
sweep,3487
sweep,3945
sweep,4153
sweep,3266
sweep,3384
sweep,3270
sweep,2993
sweep,3052
sweep,2878
sweep,3457
sweep,2630
sweep,3392
sweep,2699
sweep,2718
sweep,4371
sweep,2786
sweep,2764
sweep,2994
sweep,2893
sweep,3351
sweep,2807
sweep,2452
sweep,2456
sweep,5542
sweep,9470
sweep,8568
sweep,8620
sweep,8144
sweep,5902
sweep,6809
sweep,4075
sweep,4493
sweep,4788
sweep,6300
sweep,5784
sweep,5768
sweep,234
mark,1028148
sweep,4569
sweep,3875
sweep,3850
sweep,4120
sweep,3646
sweep,4089
sweep,3429
sweep,3506
sweep,2756
sweep,3650
sweep,3027
sweep,2839
sweep,2966
sweep,2737
sweep,2519
sweep,2966
sweep,3247
sweep,3154
sweep,3159
sweep,3752
sweep,2397
sweep,2455
sweep,3827
sweep,2370
sweep,3028
sweep,1915
sweep,3444
sweep,3747
sweep,4214
sweep,3267
sweep,3060
sweep,2851
sweep,2939
sweep,2926
sweep,2886
sweep,3427
sweep,2786
sweep,3013
sweep,2528
sweep,3129
sweep,3851
sweep,2919
sweep,2717
sweep,3432
sweep,2997
sweep,3488
sweep,3031
sweep,2904
sweep,2497
sweep,3681
sweep,4162
sweep,4079
sweep,4020
sweep,5568
sweep,7722
sweep,5931
sweep,9069
sweep,8293
sweep,8346
sweep,7407
sweep,7462
sweep,7154
sweep,827
mark,1030830
sweep,4952
sweep,3896
sweep,3912
sweep,4110
sweep,3928
sweep,4125
sweep,3577
sweep,3437
sweep,2924
sweep,3565
sweep,2914
sweep,2746
sweep,2633
sweep,2891
sweep,2643
sweep,3029
sweep,3508
sweep,2856
sweep,3265
sweep,3601
sweep,2486
sweep,2424
sweep,3665
sweep,2375
sweep,3198
sweep,1962
sweep,3342
sweep,3714
sweep,4158
sweep,3927
sweep,3221
sweep,3009
sweep,2919
sweep,3050
sweep,2911
sweep,3278
sweep,2753
sweep,3028
sweep,2706
sweep,2789
sweep,3778
sweep,2785
sweep,2847
sweep,2939
sweep,2926
sweep,3870
sweep,3016
sweep,2430
sweep,2693
sweep,5299
sweep,9749
sweep,8716
sweep,8598
sweep,8185
sweep,5714
sweep,6903
sweep,3971
sweep,4256
sweep,4902
sweep,6256
sweep,5864
sweep,5857
sweep,223
mark,1076538
sweep,4877
sweep,4014
sweep,4126
sweep,4083
sweep,3708
sweep,4246
sweep,3629
sweep,3028
sweep,2933
sweep,3392
sweep,3549
sweep,2772
sweep,2837
sweep,2767
sweep,2559
sweep,2701
sweep,3301
sweep,3470
sweep,2885
sweep,3867
sweep,2354
sweep,2504
sweep,3688
sweep,2519
sweep,3663
sweep,2123
sweep,3531
sweep,3958
sweep,4445
sweep,3387
sweep,3087
sweep,3122
sweep,2923
sweep,3001
sweep,2782
sweep,3342
sweep,3000
sweep,3027
sweep,2640
sweep,3048
sweep,3944
sweep,2660
sweep,2803
sweep,3116
sweep,2783
sweep,3887
sweep,2654
sweep,2545
sweep,2604
sweep,3363
sweep,4025
sweep,3982
sweep,4199
sweep,6035
sweep,7762
sweep,6128
sweep,8547
sweep,8380
sweep,8691
sweep,8231
sweep,7426
sweep,7465
sweep,830
mark,1029577
sweep,4557
sweep,3834
sweep,4251
sweep,3935
sweep,3639
sweep,4218
sweep,3695
sweep,3538
sweep,3146
sweep,3491
sweep,3302
sweep,2730
sweep,2998
sweep,3041
sweep,2838
sweep,2794
sweep,3590
sweep,2899
sweep,3245
sweep,3387
sweep,2576
sweep,2529
sweep,4124
sweep,2396
sweep,3144
sweep,1963
sweep,3383
sweep,3884
sweep,4330
sweep,3611
sweep,3399
sweep,3359
sweep,2852
sweep,2987
sweep,2963
sweep,3123
sweep,3033
sweep,3195
sweep,2464
sweep,2908
sweep,3748
sweep,2612
sweep,2679
sweep,3314
sweep,3038
sweep,3528
sweep,2791
sweep,2589
sweep,2661
sweep,5751
sweep,8615
sweep,9060
sweep,8633
sweep,7756
sweep,6295
sweep,6842
sweep,4029
sweep,4417
sweep,4606
sweep,6124
sweep,5526
sweep,5862
sweep,225
mark,1029549
sweep,4874
sweep,3763
sweep,3873
sweep,4094
sweep,3768
sweep,4069
sweep,3979
sweep,3108
sweep,3014
sweep,3487
sweep,3194
sweep,2838
sweep,2708
sweep,2783
sweep,2594
sweep,2895
sweep,3186
sweep,3040
sweep,3149
sweep,3481
sweep,2490
sweep,2787
sweep,3970
sweep,2734
sweep,3071
sweep,1930
sweep,3595
sweep,3618
sweep,4456
sweep,3634
sweep,3138
sweep,3272
sweep,2948
sweep,3006
sweep,2746
sweep,3162
sweep,2776
sweep,3253
sweep,2490
sweep,2875
sweep,3770
sweep,2728
sweep,2972
sweep,3172
sweep,2888
sweep,3911
sweep,2763
sweep,2566
sweep,2515
sweep,3957
sweep,3879
sweep,4034
sweep,4267
sweep,5852
sweep,7577
sweep,6135
sweep,9261
sweep,7959
sweep,8148
sweep,8350
sweep,7360
sweep,7512
sweep,827
mark,1032933
sweep,4722
sweep,3780
sweep,4530
sweep,4039
sweep,3984
sweep,4364
sweep,3817
sweep,3386
sweep,3064
sweep,3126
sweep,2994
sweep,2700
sweep,2762
sweep,2931
sweep,2773
sweep,2837
sweep,3532
sweep,3192
sweep,3313
sweep,3880
sweep,2359
sweep,2524
sweep,3704
sweep,2502
sweep,3140
sweep,2251
sweep,3587
sweep,3710
sweep,4118
sweep,3532
sweep,3468
sweep,2976
sweep,3049
sweep,3284
sweep,2741
sweep,3292
sweep,3019
sweep,3067
sweep,2575
sweep,2779
sweep,3750
sweep,2636
sweep,2630
sweep,3111
sweep,3109
sweep,3456
sweep,2933
sweep,2565
sweep,2475
sweep,5393
sweep,8851
sweep,8952
sweep,8908
sweep,8567
sweep,5842
sweep,7497
sweep,4035
sweep,4495
sweep,4214
sweep,5600
sweep,5693
sweep,5966
sweep,224
mark,1024611
sweep,4552
sweep,4297
sweep,4346
sweep,4024
sweep,3780
sweep,3999
sweep,3797
sweep,3372
sweep,3185
sweep,3012
sweep,3212
sweep,2797
sweep,2727
sweep,2766
sweep,2787
sweep,3139
sweep,3239
sweep,2960
sweep,3257
sweep,3668
sweep,2681
sweep,2500
sweep,3717
sweep,2328
sweep,3741
sweep,2049
sweep,3596
sweep,4034
sweep,4471
sweep,3358
sweep,3096
sweep,3076
sweep,3188
sweep,3149
sweep,2790
sweep,3217
sweep,2756
sweep,3371
sweep,2762
sweep,2640
sweep,3789
sweep,2635
sweep,2902
sweep,3153
sweep,2893
sweep,3429
sweep,2756
sweep,2484
sweep,2561
sweep,3801
sweep,4158
sweep,4073
sweep,4256
sweep,6246
sweep,7574
sweep,6119
sweep,9172
sweep,8466
sweep,8171
sweep,8220
sweep,7575
sweep,7618
sweep,827
mark,1026671
sweep,4681
sweep,4226
sweep,4019
sweep,4033
sweep,3708
sweep,4088
sweep,3847
sweep,3054
sweep,3099
sweep,3205
sweep,2902
sweep,2716
sweep,2762
sweep,2945
sweep,2543
sweep,2858
sweep,3285
sweep,2923
sweep,3105
sweep,3482
sweep,2361
sweep,2460
sweep,3703
sweep,2355
sweep,3157
sweep,2114
sweep,3445
sweep,3752
sweep,4371
sweep,3792
sweep,2985
sweep,3157
sweep,2897
sweep,3251
sweep,2889
sweep,3526
sweep,2907
sweep,2959
sweep,2499
sweep,2642
sweep,3850
sweep,2708
sweep,2772
sweep,3119
sweep,2895
sweep,3908
sweep,2977
sweep,2564
sweep,2477
sweep,5335
sweep,9006
sweep,8397
sweep,8626
sweep,8162
sweep,6476
sweep,7594
sweep,3925
sweep,4573
sweep,4364
sweep,5718
sweep,5975
sweep,6048
sweep,252
mark,1031668
sweep,4847
sweep,4089
sweep,3918
sweep,4078
sweep,3415
sweep,4228
sweep,3526
sweep,3063
sweep,2887
sweep,3235
sweep,3110
sweep,3089
sweep,2704
sweep,2976
sweep,2633
sweep,2691
sweep,3225
sweep,3229
sweep,3295
sweep,3362
sweep,2319
sweep,2455
sweep,3701
sweep,2390
sweep,3299
sweep,1941
sweep,3574
sweep,3604
sweep,4174
sweep,3601
sweep,3099
sweep,3255
sweep,3152
sweep,3177
sweep,2755
sweep,3479
sweep,3013
sweep,3179
sweep,2507
sweep,2673
sweep,3896
sweep,2890
sweep,2893
sweep,3162
sweep,2906
sweep,3672
sweep,3025
sweep,2556
sweep,2658
sweep,3931
sweep,3776
sweep,4376
sweep,4176
sweep,5682
sweep,7864
sweep,5902
sweep,8891
sweep,8738
sweep,8465
sweep,7215
sweep,7177
sweep,7226
sweep,822
mark,1033466
sweep,5034
sweep,4070
sweep,3887
sweep,4016
sweep,3751
sweep,4165
sweep,3734
sweep,3140
sweep,2971
sweep,3345
sweep,3236
sweep,3191
sweep,2725
sweep,2888
sweep,2763
sweep,2981
sweep,3493
sweep,3039
sweep,3028
sweep,3369
sweep,2342
sweep,2810
sweep,3924
sweep,2312
sweep,3104
sweep,2102
sweep,3380
sweep,4027
sweep,4419
sweep,3874
sweep,3192
sweep,3040
sweep,2966
sweep,3379
sweep,2765
sweep,3212
sweep,2846
sweep,3329
sweep,2631
sweep,2866
sweep,4164
sweep,2632
sweep,3067
sweep,2958
sweep,2909
sweep,3715
sweep,2784
sweep,2475
sweep,2501
sweep,5555
sweep,8963
sweep,8845
sweep,8736
sweep,8241
sweep,5787
sweep,7021
sweep,3965
sweep,4381
sweep,4654
sweep,5878
sweep,5583
sweep,5774
sweep,220
mark,1029983
sweep,4861
sweep,3903
sweep,3843
sweep,4203
sweep,3810
sweep,8572
sweep,3513
sweep,3087
sweep,3083
sweep,3222
sweep,3136
sweep,2760
sweep,2699
sweep,2744
sweep,2595
sweep,2691
sweep,3189
sweep,3085
sweep,3051
sweep,3905
sweep,2505
sweep,2566
sweep,4222
sweep,2436
sweep,3694
sweep,2175
sweep,3467
sweep,4018
sweep,4248
sweep,3460
sweep,3220
sweep,3199
sweep,2920
sweep,2878
sweep,2816
sweep,3437
sweep,2857
sweep,3053
sweep,2796
sweep,3098
sweep,3666
sweep,3027
sweep,2666
sweep,2979
sweep,2825
sweep,3528
sweep,2825
sweep,2472
sweep,2457
sweep,3564
sweep,4061
sweep,4076
sweep,4462
sweep,5989
sweep,8430
sweep,6974
sweep,8798
sweep,8264
sweep,8742
sweep,8241
sweep,7549
sweep,7636
sweep,824
mark,1028165
sweep,4881
sweep,3912
sweep,4049
sweep,4317
sweep,3617
sweep,4089
sweep,3607
sweep,3195
sweep,2889
sweep,3441
sweep,3220
sweep,3128
sweep,3113
sweep,2881
sweep,2883
sweep,2660
sweep,3276
sweep,2893
sweep,2979
sweep,3403
sweep,2341
sweep,2790
sweep,4107
sweep,2415
sweep,3117
sweep,2163
sweep,3462
sweep,3890
sweep,4539
sweep,3333
sweep,3708
sweep,3241
sweep,2903
sweep,3073
sweep,3041
sweep,3157
sweep,2681
sweep,3303
sweep,2453
sweep,2615
sweep,3788
sweep,2989
sweep,2829
sweep,2922
sweep,2911
sweep,3960
sweep,2782
sweep,2553
sweep,2459
sweep,5807
sweep,8707
sweep,8521
sweep,8634
sweep,7912
sweep,6208
sweep,7772
sweep,3988
sweep,4592
sweep,4719
sweep,6308
sweep,5855
sweep,6172
sweep,229
mark,1047363
sweep,4747
sweep,3716
sweep,4402
sweep,4230
sweep,3760
sweep,3981
sweep,3857
sweep,3495
sweep,2809
sweep,3466
sweep,3101
sweep,2862
sweep,2669
sweep,3113
sweep,2640
sweep,2910
sweep,3564
sweep,3099
sweep,3002
sweep,3504
sweep,2595
sweep,2542
sweep,4013
sweep,2851
sweep,3164
sweep,2008
sweep,3245
sweep,3643
sweep,4537
sweep,3529
sweep,3165
sweep,2961
sweep,3190
sweep,3282
sweep,3033
sweep,3606
sweep,3125
sweep,3075
sweep,2453
sweep,3056
sweep,3976
sweep,2748
sweep,3005
sweep,2940
sweep,3192
sweep,3471
sweep,2856
sweep,2531
sweep,2455
sweep,3881
sweep,4080
sweep,3952
sweep,4389
sweep,5654
sweep,8603
sweep,6371
sweep,8843
sweep,8653
sweep,8970
sweep,7227
sweep,7329
sweep,7213
sweep,935
mark,1045719
sweep,5155
sweep,3843
sweep,4126
sweep,3997
sweep,3917
sweep,4228
sweep,3707
sweep,3140
sweep,3099
sweep,3561
sweep,3327
sweep,2727
sweep,2920
sweep,2927
sweep,2972
sweep,2660
sweep,3536
sweep,3283
sweep,3158
sweep,3567
sweep,2438
sweep,2421
sweep,3746
sweep,2311
sweep,3156
sweep,1846
sweep,3665
sweep,3622
sweep,4143
sweep,3710
sweep,3105
sweep,3014
sweep,2812
sweep,3194
sweep,2848
sweep,3439
sweep,2776
sweep,2967
sweep,2525
sweep,2914
sweep,4004
sweep,2919
sweep,2951
sweep,2878
sweep,2762
sweep,3806
sweep,2766
sweep,2554
sweep,2428
sweep,5593
sweep,9215
sweep,8854
sweep,8685
sweep,8111
sweep,6306
sweep,7477
sweep,4088
sweep,4259
sweep,4478
sweep,5889
sweep,6128
sweep,5971
sweep,235
mark,1025610
sweep,4445
sweep,4234
sweep,4051
sweep,4161
sweep,3946
sweep,4312
sweep,3663
sweep,3437
sweep,2970
sweep,3095
sweep,3103
sweep,3064
sweep,2872
sweep,2726
sweep,2572
sweep,2608
sweep,3165
sweep,2957
sweep,2968
sweep,3346
sweep,2706
sweep,2757
sweep,3772
sweep,2593
sweep,3374
sweep,1958
sweep,3223
sweep,3643
sweep,4544
sweep,3415
sweep,3213
sweep,3287
sweep,2813
sweep,3151
sweep,2804
sweep,3179
sweep,3032
sweep,3304
sweep,2661
sweep,2913
sweep,3756
sweep,2618
sweep,2845
sweep,2971
sweep,2743
sweep,3758
sweep,2769
sweep,2547
sweep,2455
sweep,3551
sweep,4083
sweep,3868
sweep,4217
sweep,6071
sweep,8534
sweep,6483
sweep,9148
sweep,8136
sweep,9016
sweep,7397
sweep,7748
sweep,7183
sweep,791
mark,1026070
sweep,4591
sweep,4168
sweep,4509
sweep,3991
sweep,3545
sweep,4303
sweep,3850
sweep,3233
sweep,2965
sweep,3348
sweep,3209
sweep,2791
sweep,2794
sweep,2850
sweep,2791
sweep,3029
sweep,3313
sweep,3037
sweep,2952
sweep,3537
sweep,2410
sweep,2393
sweep,4001
sweep,2495
sweep,3611
sweep,1961
sweep,3435
sweep,3706
sweep,4203
sweep,3460
sweep,3048
sweep,3068
sweep,2885
sweep,3490
sweep,2732
sweep,3211
sweep,3239
sweep,3361
sweep,2721
sweep,2672
sweep,3598
sweep,2912
sweep,2768
sweep,2854
sweep,2894
sweep,3763
sweep,2723
sweep,2766
sweep,2454
sweep,5798
sweep,9024
sweep,8790
sweep,8519
sweep,7618
sweep,5843
sweep,7464
sweep,4208
sweep,4466
sweep,4812
sweep,6049
sweep,5718
sweep,5785
sweep,251
mark,1049695
sweep,5005
sweep,4018
sweep,4149
sweep,3952
sweep,3593
sweep,4086
sweep,3752
sweep,3555
sweep,3037
sweep,3286
sweep,3074
sweep,2760
sweep,2690
sweep,3091
sweep,3043
sweep,2680
sweep,3151
sweep,3186
sweep,3130
sweep,3537
sweep,2431
sweep,2745
sweep,4138
sweep,2746
sweep,3389
sweep,2443
sweep,3418
sweep,3717
sweep,4488
sweep,3756
sweep,3239
sweep,2871
sweep,2873
sweep,3245
sweep,2923
sweep,3276
sweep,2995
sweep,3215
sweep,2483
sweep,2857
sweep,3825
sweep,3158
sweep,2753
sweep,3045
sweep,2841
sweep,3346
sweep,3063
sweep,2539
sweep,2448
sweep,3544
sweep,3981
sweep,3949
sweep,4412
sweep,5890
sweep,8187
sweep,6628
sweep,8746
sweep,8599
sweep,8689
sweep,8354
sweep,7536
sweep,7471
sweep,796
mark,1028113
sweep,4711
sweep,4045
sweep,4156
sweep,4289
sweep,3922
sweep,4170
sweep,3745
sweep,3491
sweep,3146
sweep,3289
sweep,2971
sweep,3135
sweep,2870
sweep,2788
sweep,3083
sweep,2763
sweep,3401
sweep,2881
sweep,2940
sweep,3502
sweep,2594
sweep,2447
sweep,3815
sweep,2378
sweep,3693
sweep,1891
sweep,3661
sweep,4133
sweep,4430
sweep,3329
sweep,3367
sweep,3298
sweep,3411
sweep,2979
sweep,3115
sweep,3327
sweep,2959
sweep,3120
sweep,2475
sweep,2784
sweep,3939
sweep,2671
sweep,2638
sweep,3168
sweep,2831
sweep,3329
sweep,2740
sweep,2654
sweep,2472
sweep,5726
sweep,8685
sweep,8588
sweep,8883
sweep,8131
sweep,5902
sweep,7394
sweep,4408
sweep,4658
sweep,4907
sweep,6325
sweep,5790
sweep,6007
sweep,224
mark,1026202
sweep,4989
sweep,4176
sweep,4382
sweep,4107
sweep,3749
sweep,4012
sweep,3822
sweep,3586
sweep,2938
sweep,3218
sweep,3127
sweep,2794
sweep,2798
sweep,2879
sweep,2554
sweep,3074
sweep,3377
sweep,3220
sweep,3007
sweep,3371
sweep,2525
sweep,2488
sweep,3951
sweep,2394
sweep,3642
sweep,1866
sweep,3491
sweep,3652
sweep,4376
sweep,3581
sweep,3155
sweep,2961
sweep,3348
sweep,2884
sweep,2918
sweep,3402
sweep,2837
sweep,3161
sweep,2439
sweep,2707
sweep,3722
sweep,2597
sweep,2796
sweep,3208
sweep,2928
sweep,3336
sweep,2813
sweep,2570
sweep,2453
sweep,3481
sweep,4146
sweep,4072
sweep,4103
sweep,6180
sweep,7822
sweep,6307
sweep,9058
sweep,8318
sweep,8683
sweep,8359
sweep,7494
sweep,7606
sweep,838
mark,1028739
sweep,5203
sweep,4048
sweep,4049
sweep,4179
sweep,3965
sweep,4334
sweep,3860
sweep,3422
sweep,2792
sweep,3568
sweep,3347
sweep,2769
sweep,2994
sweep,3026
sweep,2555
sweep,2718
sweep,3290
sweep,3119
sweep,3008
sweep,3881
sweep,2316
sweep,2591
sweep,3884
sweep,2558
sweep,3163
sweep,1965
sweep,3584
sweep,3615
sweep,4264
sweep,3814
sweep,3070
sweep,3273
sweep,2886
sweep,3205
sweep,2838
sweep,3471
sweep,2685
sweep,3390
sweep,2388
sweep,2676
sweep,3831
sweep,2897
sweep,2915
sweep,2953
sweep,2817
sweep,3413
sweep,3008
sweep,2520
sweep,2477
sweep,5373
sweep,8692
sweep,8341
sweep,8609
sweep,7831
sweep,6673
sweep,7247
sweep,4123
sweep,4234
sweep,5038
sweep,6136
sweep,5703
sweep,5819
sweep,222
mark,1022349
sweep,4867
sweep,4273
sweep,3946
sweep,4077
sweep,3653
sweep,4162
sweep,3557
sweep,3214
sweep,2826
sweep,3090
sweep,3082
sweep,2726
sweep,2858
sweep,2790
sweep,2764
sweep,2740
sweep,3480
sweep,2952
sweep,3075
sweep,3195
sweep,2413
sweep,2596
sweep,3869
sweep,2656
sweep,3010
sweep,1909
sweep,3321
sweep,3593
sweep,4297
sweep,3370
sweep,3139
sweep,3143
sweep,2919
sweep,2945
sweep,2985
sweep,3505
sweep,3036
sweep,3174
sweep,2471
sweep,2734
sweep,3554
sweep,2817
sweep,2810
sweep,3212
sweep,2809
sweep,3436
sweep,2665
sweep,2527
sweep,2594
sweep,3582
sweep,4164
sweep,3938
sweep,4106
sweep,5840
sweep,8326
sweep,6449
sweep,8271
sweep,8117
sweep,8401
sweep,7560
sweep,7000
sweep,7103
sweep,893
mark,1028448
sweep,4689
sweep,3970
sweep,3946
sweep,4169
sweep,3638
sweep,4201
sweep,3945
sweep,3183
sweep,2951
sweep,3278
sweep,3057
sweep,2827
sweep,2758
sweep,2877
sweep,2612
sweep,2714
sweep,3277
sweep,2995
sweep,3059
sweep,4028
sweep,2461
sweep,2428
sweep,4293
sweep,2309
sweep,3134
sweep,1921
sweep,3511
sweep,4265
sweep,4189
sweep,3275
sweep,3083
sweep,3307
sweep,2880
sweep,3030
sweep,3255
sweep,3253
sweep,2726
sweep,3036
sweep,2637
sweep,2747
sweep,3974
sweep,2846
sweep,2768
sweep,2965
sweep,2954
sweep,3588
sweep,2752
sweep,2521
sweep,2531
sweep,5423
sweep,8922
sweep,12678
sweep,8560
sweep,8342
sweep,5579
sweep,7099
sweep,3904
sweep,4295
sweep,4813
sweep,6219
sweep,5884
sweep,5745
sweep,236
mark,1025787
sweep,4508
sweep,3951
sweep,3983
sweep,3939
sweep,3533
sweep,4093
sweep,3525
sweep,3070
sweep,2808
sweep,3082
sweep,3322
sweep,2738
sweep,2823
sweep,2722
sweep,3062
sweep,2720
sweep,3399
sweep,2978
sweep,2906
sweep,3470
sweep,2340
sweep,2466
sweep,3876
sweep,2416
sweep,3021
sweep,1916
sweep,3345
sweep,3572
sweep,4309
sweep,3200
sweep,3077
sweep,3383
sweep,2893
sweep,3187
sweep,2758
sweep,3468
sweep,2811
sweep,3279
sweep,2649
sweep,2556
sweep,3699
sweep,2995
sweep,2953
sweep,3145
sweep,2949
sweep,3475
sweep,2815
sweep,2646
sweep,2562
sweep,3385
sweep,3939
sweep,3994
sweep,4195
sweep,6403
sweep,7557
sweep,6186
sweep,8542
sweep,8387
sweep,8350
sweep,8300
sweep,7668
sweep,7021
sweep,837
mark,1028507
sweep,4703
sweep,4249
sweep,3962
sweep,3948
sweep,3619
sweep,4209
sweep,3689
sweep,3331
sweep,3148
sweep,3562
sweep,2914
sweep,2982
sweep,2795
sweep,2996
sweep,2760
sweep,2944
sweep,3316
sweep,3176
sweep,3243
sweep,3469
sweep,2426
sweep,2360
sweep,3730
sweep,2407
sweep,3237
sweep,1937
sweep,3470
sweep,3722
sweep,4168
sweep,3451
sweep,3170
sweep,3009
sweep,2898
sweep,2953
sweep,2884
sweep,3170
sweep,2974
sweep,3049
sweep,2528
sweep,2881
sweep,3808
sweep,2873
sweep,2677
sweep,2937
sweep,3204
sweep,3785
sweep,2857
sweep,2566
sweep,2742
sweep,5781
sweep,9188
sweep,8449
sweep,8497
sweep,7931
sweep,6145
sweep,7021
sweep,3925
sweep,4597
sweep,4488
sweep,5895
sweep,5770
sweep,5931
sweep,236
mark,1025826
sweep,4820
sweep,4285
sweep,4499
sweep,4246
sweep,3849
sweep,4196
sweep,3571
sweep,3115
sweep,2715
sweep,3356
sweep,3049
sweep,3015
sweep,2670
sweep,2952
sweep,2656
sweep,2657
sweep,3256
sweep,2936
sweep,3221
sweep,3671
sweep,2576
sweep,2690
sweep,3699
sweep,2327
sweep,3255
sweep,1987
sweep,3467
sweep,3879
sweep,4193
sweep,3327
sweep,3087
sweep,2999
sweep,3096
sweep,3124
sweep,2704
sweep,3470
sweep,2839
sweep,3036
sweep,2555
sweep,2952
sweep,3710
sweep,3025
sweep,2858
sweep,3040
sweep,3176
sweep,3415
sweep,2837
sweep,2725
sweep,2497
sweep,3716
sweep,4304
sweep,4539
sweep,4468
sweep,5489
sweep,7946
sweep,5905
sweep,9024
sweep,8250
sweep,8423
sweep,7139
sweep,7259
sweep,7086
sweep,828
mark,1026978
sweep,4564
sweep,4096
sweep,3998
sweep,4164
sweep,3916
sweep,4033
sweep,3519
sweep,3171
sweep,3053
sweep,3125
sweep,3251
sweep,2873
sweep,2732
sweep,2810
sweep,2933
sweep,2658
sweep,3440
sweep,3019
sweep,2934
sweep,3698
sweep,2326
sweep,2494
sweep,3769
sweep,2726
sweep,3530
sweep,2005
sweep,3703
sweep,3864
sweep,4351
sweep,3751
sweep,3036
sweep,3213
sweep,3008
sweep,3347
sweep,2768
sweep,3257
sweep,2734
sweep,3333
sweep,2611
sweep,2655
sweep,3942
sweep,2860
sweep,2872
sweep,2927
sweep,3047
sweep,3690
sweep,2962
sweep,2437
sweep,2572
sweep,5791
sweep,9064
sweep,8675
sweep,8469
sweep,7888
sweep,5893
sweep,7422
sweep,4150
sweep,4354
sweep,4874
sweep,6094
sweep,5649
sweep,5960
sweep,256
mark,1029641
sweep,4977
sweep,3903
sweep,4143
sweep,4344
sweep,3793
sweep,4494
sweep,3441
sweep,3429
sweep,3134
sweep,3326
sweep,3519
sweep,2751
sweep,2654
sweep,2828
sweep,2716
sweep,2613
sweep,3434
sweep,2931
sweep,2878
sweep,3313
sweep,2429
sweep,2379
sweep,4190
sweep,2641
sweep,2971
sweep,2127
sweep,3415
sweep,3717
sweep,4594
sweep,3665
sweep,3422
sweep,2841
sweep,3146
sweep,3066
sweep,3201
sweep,3321
sweep,2816
sweep,3026
sweep,2477
sweep,2707
sweep,3739
sweep,2752
sweep,2708
sweep,2838
sweep,2921
sweep,3725
sweep,3096
sweep,2732
sweep,2444
sweep,3605
sweep,3917
sweep,3976
sweep,4480
sweep,6363
sweep,8509
sweep,6563
sweep,8552
sweep,8494
sweep,8404
sweep,7474
sweep,7548
sweep,7145
sweep,808
mark,1029249
sweep,4805
sweep,3802
sweep,3881
sweep,4176
sweep,3476
sweep,4309
sweep,3611
sweep,3702
sweep,3080
sweep,3776
sweep,3220
sweep,2756
sweep,2662
sweep,3073
sweep,2821
sweep,2811
sweep,3338
sweep,3129
sweep,2889
sweep,3490
sweep,2358
sweep,2493
sweep,4205
sweep,2500
sweep,3221
sweep,2122
sweep,3788
sweep,3742
sweep,4501
sweep,3775
sweep,3169
sweep,2903
sweep,2975
sweep,3184
sweep,3056
sweep,3498
sweep,2982
sweep,3091
sweep,2562
sweep,2641
sweep,3834
sweep,2647
sweep,2888
sweep,3287
sweep,2787
sweep,3439
sweep,2962
sweep,2452
sweep,2479
sweep,5902
sweep,8872
sweep,8573
sweep,9142
sweep,8341
sweep,6069
sweep,6932
sweep,4397
sweep,4293
sweep,5169
sweep,6324
sweep,5978
sweep,6162
sweep,224
mark,1023266
sweep,4767
sweep,3765
sweep,4080
sweep,3974
sweep,3758
sweep,4008
sweep,3924
sweep,3374
sweep,2839
sweep,3116
sweep,3277
sweep,2775
sweep,2863
sweep,2805
sweep,2681
sweep,2643
sweep,3095
sweep,2949
sweep,3095
sweep,3352
sweep,2583
sweep,2494
sweep,4095
sweep,2330
sweep,3595
sweep,1900
sweep,3211
sweep,3675
sweep,4261
sweep,3362
sweep,3431
sweep,3040
sweep,2863
sweep,3399
sweep,2934
sweep,3219
sweep,2756
sweep,3215
sweep,2519
sweep,2687
sweep,3782
sweep,2826
sweep,2865
sweep,3017
sweep,2827
sweep,3352
sweep,2930
sweep,2540
sweep,2707
sweep,3448
sweep,4086
sweep,4058
sweep,4102
sweep,5987
sweep,7785
sweep,6199
sweep,9180
sweep,9082
sweep,8479
sweep,7392
sweep,7658
sweep,7735
sweep,826
mark,1034495
sweep,5031
sweep,4119
sweep,4038
sweep,3950
sweep,3804
sweep,4006
sweep,3705
sweep,3457
sweep,3173
sweep,3721
sweep,3395
sweep,2728
sweep,2825
sweep,2922
sweep,2800
sweep,2958
sweep,3646
sweep,2889
sweep,2981
sweep,3549
sweep,2304
sweep,2423
sweep,3990
sweep,2396
sweep,3147
sweep,1899
sweep,3387
sweep,3691
sweep,4319
sweep,3448
sweep,3276
sweep,2947
sweep,3194
sweep,3031
sweep,3392
sweep,3276
sweep,2982
sweep,3452
sweep,2930
sweep,2664
sweep,3766
sweep,2649
sweep,2695
sweep,2893
sweep,3408
sweep,3329
sweep,3232
sweep,2525
sweep,2435
sweep,5392
sweep,9433
sweep,8738
sweep,8633
sweep,8033
sweep,6294
sweep,7577
sweep,4019
sweep,4248
sweep,4952
sweep,6311
sweep,5875
sweep,6043
sweep,227
mark,1030524
sweep,4761
sweep,3775
sweep,3805
sweep,4294
sweep,3792
sweep,4262
sweep,3642
sweep,3374
sweep,2816
sweep,2965
sweep,3076
sweep,2827
sweep,2924
sweep,2825
sweep,2518
sweep,2735
sweep,3293
sweep,2931
sweep,2959
sweep,3586
sweep,2334
sweep,2487
sweep,3944
sweep,2314
sweep,3606
sweep,1864
sweep,3551
sweep,3861
sweep,4456
sweep,3909
sweep,3126
sweep,3208
sweep,2982
sweep,2993
sweep,2774
sweep,3135
sweep,2885
sweep,2977
sweep,2517
sweep,3080
sweep,3803
sweep,2650
sweep,2707
sweep,2881
sweep,2869
sweep,3698
sweep,2732
sweep,2634
sweep,2403
sweep,3481
sweep,4111
sweep,4133
sweep,4115
sweep,6170
sweep,7821
sweep,6330
sweep,8367
sweep,8560
sweep,8194
sweep,7425
sweep,7167
sweep,7421
sweep,836
mark,1036855
sweep,4661
sweep,4196
sweep,3930
sweep,4054
sweep,3955
sweep,4238
sweep,3685
sweep,3459
sweep,3170
sweep,3266
sweep,3060
sweep,2959
sweep,2945
sweep,2901
sweep,2905
sweep,2845
sweep,3382
sweep,2975
sweep,3005
sweep,3752
sweep,2331
sweep,2411
sweep,3896
sweep,2746
sweep,3189
sweep,1887
sweep,3766
sweep,4029
sweep,4349
sweep,3427
sweep,3661
sweep,3179
sweep,3293
sweep,3400
sweep,2934
sweep,3475
sweep,2753
sweep,3426
sweep,2566
sweep,11010
sweep,3794
sweep,2630
sweep,2741
sweep,2973
sweep,3005
sweep,3965
sweep,2721
sweep,2670
sweep,2497
sweep,5527
sweep,8802
sweep,8501
sweep,8657
sweep,7854
sweep,5901
sweep,7381
sweep,3879
sweep,4262
sweep,4268
sweep,5664
sweep,6049
sweep,6693
sweep,224
mark,1030599
sweep,5050
sweep,4327
sweep,4214
sweep,4317
sweep,3725
sweep,4254
sweep,3777
sweep,3098
sweep,3090
sweep,3391
sweep,3161
sweep,2785
sweep,2815
sweep,3058
sweep,2610
sweep,2717
sweep,3220
sweep,2966
sweep,3097
sweep,3351
sweep,2263
sweep,2744
sweep,4456
sweep,2532
sweep,3081
sweep,1821
sweep,3372
sweep,3580
sweep,4209
sweep,3337
sweep,3413
sweep,3239
sweep,2883
sweep,3045
sweep,2756
sweep,3436
sweep,2765
sweep,3052
sweep,2590
sweep,2695
sweep,4055
sweep,2866
sweep,2638
sweep,3038
sweep,2982
sweep,3361
sweep,2778
sweep,2591
sweep,2424
sweep,3624
sweep,4090
sweep,4036
sweep,4099
sweep,5776
sweep,7838
sweep,5835
sweep,8858
sweep,8405
sweep,8693
sweep,8058
sweep,7282
sweep,7096
sweep,837
mark,1036930
sweep,4786
sweep,4099
sweep,4234
sweep,4337
sweep,3575
sweep,4159
sweep,3887
sweep,3373
sweep,3168
sweep,3384
sweep,3621
sweep,2784
sweep,2861
sweep,3084
sweep,2733
sweep,2892
sweep,3500
sweep,3007
sweep,3087
sweep,3529
sweep,2501
sweep,2403
sweep,3759
sweep,2283
sweep,3626
sweep,1895
sweep,3293
sweep,3623
sweep,4781
sweep,3627
sweep,3026
sweep,3133
sweep,2861
sweep,3007
sweep,2828
sweep,3113
sweep,2752
sweep,3190
sweep,2549
sweep,2756
sweep,3896
sweep,2745
sweep,2617
sweep,2990
sweep,3070
sweep,3446
sweep,2825
sweep,2429
sweep,2417
sweep,5467
sweep,8975
sweep,8568
sweep,8377
sweep,7777
sweep,5812
sweep,7474
sweep,4098
sweep,4350
sweep,4311
sweep,5944
sweep,5506
sweep,5810
sweep,224
mark,1035091
sweep,4503
sweep,3975
sweep,4544
sweep,4142
sweep,3603
sweep,4012
sweep,3642
sweep,3113
sweep,2708
sweep,3160
sweep,3420
sweep,3080
sweep,2815
sweep,2848
sweep,2538
sweep,2772
sweep,3251
sweep,2956
sweep,3281
sweep,3349
sweep,2378
sweep,2454
sweep,3759
sweep,2694
sweep,3192
sweep,1836
sweep,3290
sweep,3857
sweep,4429
sweep,3502
sweep,3158
sweep,3027
sweep,2929
sweep,3055
sweep,2721
sweep,3140
sweep,2776
sweep,3087
sweep,2538
sweep,2863
sweep,4259
sweep,2753
sweep,2854
sweep,3246
sweep,2840
sweep,3989
sweep,2736
sweep,2648
sweep,2473
sweep,3726
sweep,4381
sweep,4095
sweep,4479
sweep,5524
sweep,8384
sweep,6531
sweep,8710
sweep,8261
sweep,8410
sweep,7568
sweep,7639
sweep,6958
sweep,831
mark,1038717
sweep,4906
sweep,4129
sweep,4078
sweep,4268
sweep,3857
sweep,4255
sweep,3708
sweep,3503
sweep,2928
sweep,3347
sweep,3015
sweep,2758
sweep,2930
sweep,2946
sweep,2635
sweep,2846
sweep,3488
sweep,2857
sweep,3198
sweep,3462
sweep,2394
sweep,2590
sweep,3985
sweep,2251
sweep,3247
sweep,1947
sweep,3710
sweep,3932
sweep,4195
sweep,3765
sweep,3098
sweep,3116
sweep,3180
sweep,3294
sweep,2916
sweep,3265
sweep,2866
sweep,2973
sweep,2839
sweep,2868
sweep,3784
sweep,2890
sweep,3012
sweep,2907
sweep,2812
sweep,3371
sweep,2607
sweep,2735
sweep,2483
sweep,5239
sweep,8591
sweep,8414
sweep,8530
sweep,7740
sweep,5700
sweep,7006
sweep,3961
sweep,4233
sweep,5044
sweep,6026
sweep,6070
sweep,6625
sweep,223
mark,1049663
sweep,4681
sweep,3712
sweep,4070
sweep,4372
sweep,3837
sweep,4186
sweep,3876
sweep,3405
sweep,2730
sweep,3084
sweep,3168
sweep,2856
sweep,2841
sweep,3010
sweep,2719
sweep,2643
sweep,3452
sweep,2862
sweep,2861
sweep,3531
sweep,2369
sweep,2377
sweep,3993
sweep,2507
sweep,3034
sweep,2026
sweep,3693
sweep,3598
sweep,4680
sweep,3482
sweep,3391
sweep,2983
sweep,3465
sweep,3047
sweep,2891
sweep,3197
sweep,2727
sweep,3038
sweep,2546
sweep,3052
sweep,3624
sweep,2751
sweep,2655
sweep,3013
sweep,3114
sweep,3646
sweep,3022
sweep,2463
sweep,2555
sweep,3499
sweep,3777
sweep,4000
sweep,4152
sweep,6051
sweep,7673
sweep,5946
sweep,8792
sweep,8148
sweep,8759
sweep,8202
sweep,7589
sweep,7469
sweep,836
mark,1028111
sweep,5027
sweep,4090
sweep,3968
sweep,4275
sweep,3922
sweep,4064
sweep,3691
sweep,3138
sweep,2880
sweep,3193
sweep,2982
sweep,2692
sweep,2713
sweep,2780
sweep,2616
sweep,2727
sweep,3562
sweep,3176
sweep,3115
sweep,3546
sweep,2350
sweep,2383
sweep,4199
sweep,2360
sweep,3224
sweep,1921
sweep,3279
sweep,3605
sweep,4295
sweep,3487
sweep,3293
sweep,3555
sweep,2849
sweep,2953
sweep,3109
sweep,3565
sweep,2790
sweep,3060
sweep,2481
sweep,2894
sweep,3814
sweep,2873
sweep,2736
sweep,3168
sweep,3167
sweep,3529
sweep,2878
sweep,2758
sweep,2572
sweep,5468
sweep,8681
sweep,8404
sweep,8717
sweep,8359
sweep,6089
sweep,6997
sweep,4008
sweep,4282
sweep,5044
sweep,6275
sweep,5774
sweep,5751
sweep,217
mark,1033678
sweep,4852
sweep,3799
sweep,4357
sweep,4309
sweep,3669
sweep,4024
sweep,3636
sweep,3476
sweep,2748
sweep,3080
sweep,3044
sweep,2756
sweep,2709
sweep,2809
sweep,2901
sweep,2651
sweep,3251
sweep,3128
sweep,3109
sweep,3595
sweep,2347
sweep,2731
sweep,3931
sweep,2585
sweep,3101
sweep,1870
sweep,3413
sweep,3587
sweep,4437
sweep,3391
sweep,3307
sweep,3067
sweep,3474
sweep,3247
sweep,3220
sweep,3218
sweep,2745
sweep,3264
sweep,2803
sweep,2759
sweep,3865
sweep,2597
sweep,2645
sweep,3070
sweep,2818
sweep,3413
sweep,3027
sweep,2433
sweep,2725
sweep,3777
sweep,4157
sweep,3972
sweep,4127
sweep,6051
sweep,7801
sweep,6452
sweep,8528
sweep,8264
sweep,8455
sweep,7549
sweep,7239
sweep,6979
sweep,833
mark,1037618
sweep,4999
sweep,4094
sweep,4017
sweep,4067
sweep,3887
sweep,4031
sweep,3710
sweep,3163
sweep,2889
sweep,3426
sweep,3419
sweep,2785
sweep,2926
sweep,2897
sweep,2602
sweep,3018
sweep,3364
sweep,3033
sweep,2987
sweep,3524
sweep,2401
sweep,2420
sweep,3982
sweep,2723
sweep,3703
sweep,1984
sweep,3432
sweep,4066
sweep,4206
sweep,3536
sweep,3136
sweep,3084
sweep,2851
sweep,3158
sweep,3087
sweep,3181
sweep,2696
sweep,3109
sweep,2447
sweep,3201
sweep,3789
sweep,2614
sweep,2713
sweep,3198
sweep,3041
sweep,3889
sweep,3050
sweep,2556
sweep,2676
sweep,5380
sweep,9065
sweep,8596
sweep,8391
sweep,8273
sweep,6640
sweep,7108
sweep,4040
sweep,4389
sweep,4592
sweep,6261
sweep,5896
sweep,5886
sweep,216
mark,1029361
sweep,4913
sweep,3973
sweep,4057
sweep,4317
sweep,3554
sweep,4368
sweep,3564
sweep,3373
sweep,2830
sweep,3141
sweep,3083
sweep,2781
sweep,2641
sweep,2801
sweep,2548
sweep,2726
sweep,3504
sweep,2969
sweep,3175
sweep,3694
sweep,2583
sweep,2529
sweep,3843
sweep,2536
sweep,3175
sweep,1854
sweep,3360
sweep,4071
sweep,4387
sweep,3327
sweep,3241
sweep,3532
sweep,2932
sweep,3036
sweep,2806
sweep,3377
sweep,3486
sweep,3643
sweep,2919
sweep,2700
sweep,3829
sweep,2644
sweep,2778
sweep,3205
sweep,2806
sweep,3430
sweep,3048
sweep,2443
sweep,2718
sweep,3811
sweep,4529
sweep,3960
sweep,4376
sweep,5745
sweep,8463
sweep,6137
sweep,8809
sweep,8028
sweep,8965
sweep,7225
sweep,7148
sweep,7663
sweep,832
mark,1050125
sweep,4846
sweep,3989
sweep,4100
sweep,4112
sweep,3918
sweep,3953
sweep,3721
sweep,3314
sweep,2847
sweep,3286
sweep,3409
sweep,2821
sweep,2976
sweep,2890
sweep,2967
sweep,2930
sweep,3601
sweep,2970
sweep,2959
sweep,3509
sweep,2318
sweep,2518
sweep,3722
sweep,2450
sweep,3637
sweep,1919
sweep,3662
sweep,3736
sweep,4167
sweep,3496
sweep,3089
sweep,2936
sweep,2998
sweep,3289
sweep,2809
sweep,2987
sweep,3365
sweep,3361
sweep,2578
sweep,2797
sweep,3725
sweep,2649
sweep,2664
sweep,2857
sweep,3142
sweep,3386
sweep,2824
sweep,2576
sweep,2595
sweep,5896
sweep,9561
sweep,8543
sweep,8323
sweep,7737
sweep,5733
sweep,7169
sweep,3971
sweep,4600
sweep,4445
sweep,5698
sweep,5742
sweep,6135
sweep,226
mark,1060687
sweep,5162
sweep,3799
sweep,3886
sweep,4231
sweep,3533
sweep,4084
sweep,3576
sweep,3210
sweep,3117
sweep,3274
sweep,3154
sweep,3058
sweep,2735
sweep,2762
sweep,2870
sweep,2943
sweep,3150
sweep,3070
sweep,3130
sweep,3448
sweep,2359
sweep,2564
sweep,3787
sweep,2615
sweep,3094
sweep,2004
sweep,3395
sweep,3859
sweep,4095
sweep,3675
sweep,3107
sweep,3028
sweep,3288
sweep,3057
sweep,2758
sweep,3336
sweep,2840
sweep,3098
sweep,2514
sweep,2578
sweep,3634
sweep,3175
sweep,2698
sweep,3213
sweep,2908
sweep,3425
sweep,2689
sweep,2489
sweep,2674
sweep,4201
sweep,4037
sweep,3974
sweep,4298
sweep,6167
sweep,7863
sweep,5980
sweep,8520
sweep,8320
sweep,8227
sweep,7126
sweep,7376
sweep,7057
sweep,825
mark,1039431
sweep,4660
sweep,3873
sweep,4033
sweep,4103
sweep,3782
sweep,4180
sweep,3912
sweep,3416
sweep,2947
sweep,3455
sweep,3102
sweep,2994
sweep,2928
sweep,2746
sweep,2853
sweep,2944
sweep,3294
sweep,3207
sweep,3170
sweep,3380
sweep,2497
sweep,2436
sweep,3715
sweep,2623
sweep,3107
sweep,2020
sweep,3663
sweep,3668
sweep,4362
sweep,3401
sweep,3190
sweep,3148
sweep,2972
sweep,3375
sweep,2806
sweep,3193
sweep,3024
sweep,3265
sweep,2769
sweep,3165
sweep,3651
sweep,2549
sweep,2867
sweep,2849
sweep,2891
sweep,3427
sweep,2680
sweep,2737
sweep,2475
sweep,5517
sweep,9266
sweep,8674
sweep,8458
sweep,7859
sweep,5529
sweep,7444
sweep,4079
sweep,4476
sweep,4869
sweep,6294
sweep,5943
sweep,5883
sweep,240
mark,1032871
sweep,4707
sweep,4209
sweep,3868
sweep,4047
sweep,3525
sweep,4139
sweep,3958
sweep,3489
sweep,2772
sweep,3120
sweep,3131
sweep,2841
sweep,2738
sweep,2786
sweep,2817
sweep,2698
sweep,3425
sweep,3065
sweep,2977
sweep,3447
sweep,2641
sweep,2464
sweep,3780
sweep,2425
sweep,3172
sweep,1852
sweep,3461
sweep,4242
sweep,4446
sweep,3468
sweep,3340
sweep,3047
sweep,2870
sweep,3054
sweep,2855
sweep,3300
sweep,2994
sweep,3096
sweep,2927
sweep,2727
sweep,3812
sweep,3106
sweep,2706
sweep,3009
sweep,2915
sweep,3716
sweep,2804
sweep,2514
sweep,2498
sweep,4029
sweep,3952
sweep,4252
sweep,4144
sweep,5660
sweep,8280
sweep,6638
sweep,8720
sweep,8215
sweep,8613
sweep,8232
sweep,7350
sweep,7349
sweep,872
mark,1033584
sweep,4872
sweep,4115
sweep,3862
sweep,4263
sweep,3782
sweep,4233
sweep,3609
sweep,3493
sweep,2850
sweep,3103
sweep,3142
sweep,2802
sweep,2901
sweep,3256
sweep,2676
sweep,3239
sweep,3398
sweep,3023
sweep,2924
sweep,3665
sweep,2656
sweep,2647
sweep,3759
sweep,2347
sweep,3138
sweep,1914
sweep,3414
sweep,3937
sweep,4340
sweep,3763
sweep,3117
sweep,3231
sweep,2847
sweep,2972
sweep,3122
sweep,3221
sweep,2763
sweep,3153
sweep,2859
sweep,2786
sweep,3867
sweep,2652
sweep,2832
sweep,2943
sweep,3275
sweep,3342
sweep,2799
sweep,2701
sweep,2700
sweep,5374
sweep,8756
sweep,8143
sweep,8369
sweep,10548
sweep,6382
sweep,6904
sweep,4138
sweep,4351
sweep,4707
sweep,6259
sweep,5808
sweep,5745
sweep,224
mark,1033996
sweep,5181
sweep,4267
sweep,4478
sweep,4242
sweep,3743
sweep,3931
sweep,3567
sweep,3213
sweep,3038
sweep,3579
sweep,3102
sweep,2777
sweep,2782
sweep,2735
sweep,2980
sweep,2810
sweep,3549
sweep,2929
sweep,3298
sweep,3514
sweep,2375
sweep,2550
sweep,3674
sweep,2731
sweep,3128
sweep,1889
sweep,3333
sweep,3618
sweep,4348
sweep,3782
sweep,3268
sweep,2997
sweep,3103
sweep,3170
sweep,2735
sweep,3355
sweep,3031
sweep,3297
sweep,2644
sweep,2767
sweep,3996
sweep,3037
sweep,3145
sweep,2860
sweep,2886
sweep,3580
sweep,2790
sweep,2546
sweep,2732
sweep,3859
sweep,4664
sweep,4009
sweep,4198
sweep,5696
sweep,8401
sweep,6459
sweep,8410
sweep,8233
sweep,8526
sweep,7522
sweep,7254
sweep,7280
sweep,823
mark,1035850
sweep,4676
sweep,4287
sweep,4166
sweep,3933
sweep,3747
sweep,4065
sweep,3897
sweep,3560
sweep,2952
sweep,3191
sweep,3028
sweep,2730
sweep,2727
sweep,3026
sweep,10949
sweep,2900
sweep,3187
sweep,3291
sweep,3537
sweep,3449
sweep,2289
sweep,2760
sweep,3781
sweep,2379
sweep,3718
sweep,2155
sweep,3342
sweep,3954
sweep,4725
sweep,3521
sweep,3507
sweep,3006
sweep,2853
sweep,3145
sweep,2857
sweep,3062
sweep,2731
sweep,3183
sweep,2447
sweep,2960
sweep,3842
sweep,2789
sweep,3109
sweep,3249
sweep,2830
sweep,3602
sweep,2745
sweep,2765
sweep,2791
sweep,5341
sweep,9286
sweep,8491
sweep,8638
sweep,8340
sweep,5780
sweep,7338
sweep,3990
sweep,4211
sweep,4940
sweep,6114
sweep,5650
sweep,5890
sweep,235
mark,1028303
sweep,4637
sweep,4150
sweep,3951
sweep,4111
sweep,3895
sweep,4061
sweep,3683
sweep,3097
sweep,3029
sweep,3231
sweep,3471
sweep,2948
sweep,2701
sweep,2862
sweep,2906
sweep,2673
sweep,3406
sweep,2925
sweep,3065
sweep,3717
sweep,2524
sweep,2504
sweep,3957
sweep,2386
sweep,3120
sweep,1855
sweep,3527
sweep,3873
sweep,4305
sweep,3802
sweep,3379
sweep,2926
sweep,3290
sweep,3121
sweep,3479
sweep,3229
sweep,2856
sweep,2985
sweep,2583
sweep,2980
sweep,3963
sweep,2999
sweep,2794
sweep,3086
sweep,2869
sweep,3659
sweep,6119
sweep,2611
sweep,2563
sweep,3473
sweep,3919
sweep,4052
sweep,4149
sweep,6054
sweep,7991
sweep,6484
sweep,8298
sweep,8290
sweep,8462
sweep,7607
sweep,7090
sweep,6967
sweep,832
mark,1029838
sweep,4664
sweep,4029
sweep,4139
sweep,4296
sweep,3888
sweep,4270
sweep,3886
sweep,3128
sweep,2981
sweep,3282
sweep,2978
sweep,2860
sweep,3024
sweep,3530
sweep,2631
sweep,2637
sweep,3357
sweep,2987
sweep,3076
sweep,3441
sweep,2490
sweep,2484
sweep,3931
sweep,2664
sweep,3091
sweep,2366
sweep,3647
sweep,3837
sweep,4199
sweep,3385
sweep,3618
sweep,2953
sweep,2847
sweep,2970
sweep,3231
sweep,3363
sweep,2744
sweep,2978
sweep,2595
sweep,3045
sweep,3793
sweep,2645
sweep,2679
sweep,3058
sweep,2847
sweep,3660
sweep,2664
sweep,2812
sweep,2451
sweep,5967
sweep,9407
sweep,8688
sweep,8561
sweep,7973
sweep,6494
sweep,7165
sweep,4356
sweep,4379
sweep,4690
sweep,6119
sweep,5839
sweep,6278
sweep,239
mark,1029724
sweep,4529
sweep,3808
sweep,3926
sweep,4065
sweep,3596
sweep,4091
sweep,3654
sweep,3114
sweep,3132
sweep,3230
sweep,3151
sweep,2932
sweep,2918
sweep,2823
sweep,2674
sweep,2697
sweep,3247
sweep,2898
sweep,3004
sweep,3687
sweep,2432
sweep,2781
sweep,3748
sweep,2690
sweep,3607
sweep,2086
sweep,3451
sweep,4142
sweep,4297
sweep,3806
sweep,3247
sweep,2960
sweep,2948
sweep,3093
sweep,2859
sweep,3232
sweep,2816
sweep,3054
sweep,2784
sweep,2784
sweep,3769
sweep,2927
sweep,5639
sweep,3424
sweep,3250
sweep,3597
sweep,2664
sweep,2459
sweep,2438
sweep,3837
sweep,4024
sweep,4280
sweep,4197
sweep,5775
sweep,8238
sweep,6625
sweep,8774
sweep,8479
sweep,16931
sweep,7983
sweep,15880
sweep,7274
sweep,937
mark,1032233
sweep,4577
sweep,3971
sweep,4194
sweep,3870
sweep,3791
sweep,4330
sweep,3683
sweep,3169
sweep,3033
sweep,3384
sweep,2985
sweep,3073
sweep,2712
sweep,3068
sweep,2531
sweep,2969
sweep,3530
sweep,2950
sweep,3186
sweep,3423
sweep,2523
sweep,2588
sweep,3988
sweep,2424
sweep,3128
sweep,1890
sweep,3394
sweep,3710
sweep,4502
sweep,3471
sweep,3115
sweep,2933
sweep,2870
sweep,3172
sweep,2886
sweep,3197
sweep,2682
sweep,3154
sweep,2626
sweep,3174
sweep,3936
sweep,2782
sweep,2660
sweep,3007
sweep,3197
sweep,3656
sweep,2817
sweep,2508
sweep,2817
sweep,5195
sweep,8864
sweep,8309
sweep,9261
sweep,8329
sweep,5947
sweep,6945
sweep,3989
sweep,4512
sweep,4878
sweep,6263
sweep,6142
sweep,5835
sweep,238
mark,1025349
sweep,4890
sweep,4255
sweep,4300
sweep,4135
sweep,3919
sweep,4272
sweep,3628
sweep,3196
sweep,3113
sweep,3283
sweep,3210
sweep,2706
sweep,3141
sweep,2797
sweep,2797
sweep,2692
sweep,3448
sweep,3115
sweep,3008
sweep,3492
sweep,2726
sweep,2563
sweep,3950
sweep,2486
sweep,3376
sweep,1916
sweep,3345
sweep,3901
sweep,4421
sweep,3578
sweep,3199
sweep,2994
sweep,3004
sweep,3051
sweep,2807
sweep,3266
sweep,2774
sweep,3341
sweep,2485
sweep,2726
sweep,3933
sweep,3012
sweep,2889
sweep,3033
sweep,3285
sweep,3451
sweep,2610
sweep,2636
sweep,2586
sweep,3483
sweep,3967
sweep,4056
sweep,4122
sweep,6156
sweep,7385
sweep,5830
sweep,8613
sweep,8285
sweep,8459
sweep,8198
sweep,7540
sweep,7484
sweep,830
mark,1034621
sweep,4452
sweep,4409
sweep,3971
sweep,3928
sweep,3494
sweep,4304
sweep,3943
sweep,3114
sweep,2873
sweep,3333
sweep,2960
sweep,3025
sweep,2792
sweep,2824
sweep,2922
sweep,2696
sweep,3432
sweep,3184
sweep,3125
sweep,3486
sweep,2360
sweep,2483
sweep,3902
sweep,2777
sweep,3210
sweep,1882
sweep,3544
sweep,3666
sweep,4420
sweep,3577
sweep,3009
sweep,2999
sweep,2895
sweep,3245
sweep,2772
sweep,3385
sweep,2832
sweep,3183
sweep,2470
sweep,2764
sweep,3612
sweep,2571
sweep,2986
sweep,3042
sweep,2759
sweep,3330
sweep,2826
sweep,2526
sweep,2432
sweep,5410
sweep,8964
sweep,8510
sweep,8429
sweep,7852
sweep,6279
sweep,6854
sweep,4003
sweep,4680
sweep,4776
sweep,6171
sweep,5937
sweep,5898
sweep,222
mark,1021437
sweep,5068
sweep,3857
sweep,3876
sweep,4275
sweep,3748
sweep,4275
sweep,3764
sweep,3189
sweep,2919
sweep,3561
sweep,3140
sweep,2787
sweep,2749
sweep,3318
sweep,2960
sweep,2694
sweep,3172
sweep,3297
sweep,3027
sweep,3835
sweep,2397
sweep,2517
sweep,3755
sweep,2338
sweep,3588
sweep,1863
sweep,3360
sweep,3900
sweep,4471
sweep,3485
sweep,3048
sweep,3121
sweep,2898
sweep,3002
sweep,2814
sweep,3648
sweep,2928
sweep,3067
sweep,2621
sweep,2787
sweep,3718
sweep,2678
sweep,2798
sweep,3097
sweep,2896
sweep,3479
sweep,2902
sweep,2644
sweep,2723
sweep,3999
sweep,3956
sweep,3891
sweep,4136
sweep,6027
sweep,7621
sweep,6119
sweep,9209
sweep,8073
sweep,8349
sweep,8318
sweep,7714
sweep,8537
sweep,853
mark,1094037
sweep,5123
sweep,3841
sweep,4199
sweep,4269
sweep,3625
sweep,3940
sweep,3426
sweep,3284
sweep,2801
sweep,3426
sweep,3261
sweep,2709
sweep,2765
sweep,3312
sweep,3034
sweep,2613
sweep,3386
sweep,3025
sweep,3066
sweep,3231
sweep,2549
sweep,2440
sweep,3982
sweep,2368
sweep,3160
sweep,1869
sweep,3629
sweep,3892
sweep,4225
sweep,3789
sweep,3159
sweep,3082
sweep,2900
sweep,3032
sweep,2781
sweep,3138
sweep,2721
sweep,3304
sweep,2506
sweep,2739
sweep,4202
sweep,2705
sweep,2672
sweep,2935
sweep,3056
sweep,3409
sweep,2954
sweep,2547
sweep,2442
sweep,5643
sweep,8846
sweep,8714
sweep,8056
sweep,8130
sweep,5877
sweep,7358
sweep,4167
sweep,4390
sweep,4207
sweep,5652
sweep,5763
sweep,6214
sweep,240
mark,1027575
sweep,4975
sweep,3697
sweep,4459
sweep,4322
sweep,3656
sweep,4105
sweep,3481
sweep,3002
sweep,3117
sweep,3426
sweep,3697
sweep,2722
sweep,2746
sweep,2727
sweep,2613
sweep,2670
sweep,3252
sweep,2888
sweep,3166
sweep,3365
sweep,2224
sweep,2636
sweep,3684
sweep,2359
sweep,3341
sweep,1984
sweep,3470
sweep,3894
sweep,4083
sweep,3435
sweep,3311
sweep,3061
sweep,3257
sweep,2988
sweep,2705
sweep,3383
sweep,2897
sweep,2958
sweep,2481
sweep,2886
sweep,3643
sweep,2627
sweep,2930
sweep,2963
sweep,2859
sweep,3502
sweep,2653
sweep,2613
sweep,2517
sweep,3521
sweep,4082
sweep,3915
sweep,4376
sweep,6091
sweep,7820
sweep,5975
sweep,8768
sweep,8423
sweep,8658
sweep,8282
sweep,7513
sweep,7569
sweep,928
mark,1028088
sweep,4919
sweep,3901
sweep,4589
sweep,4042
sweep,3872
sweep,4252
sweep,3624
sweep,3055
sweep,2885
sweep,3339
sweep,2936
sweep,2967
sweep,2887
sweep,2844
sweep,2606
sweep,2684
sweep,3551
sweep,2972
sweep,3216
sweep,3463
sweep,2278
sweep,2390
sweep,4158
sweep,2494
sweep,3647
sweep,2015
sweep,3683
sweep,3613
sweep,4568
sweep,3272
sweep,3341
sweep,3026
sweep,2939
sweep,3238
sweep,2754
sweep,3128
sweep,2729
sweep,3300
sweep,2538
sweep,2638
sweep,3950
sweep,2593
sweep,2952
sweep,3465
sweep,2911
sweep,3410
sweep,2837
sweep,2597
sweep,2761
sweep,5556
sweep,8481
sweep,8863
sweep,8893
sweep,7503
sweep,5576
sweep,7248
sweep,4300
sweep,4409
sweep,4988
sweep,6160
sweep,5858
sweep,5879
sweep,216
mark,1028586
sweep,4441
sweep,3870
sweep,4012
sweep,4435
sweep,3576
sweep,3868
sweep,3551
sweep,3329
sweep,3103
sweep,3290
sweep,3097
sweep,2687
sweep,2618
sweep,3135
sweep,2608
sweep,2671
sweep,3161
sweep,3450
sweep,3294
sweep,3836
sweep,2293
sweep,2573
sweep,3839
sweep,2634
sweep,3019
sweep,1920
sweep,3297
sweep,3711
sweep,3993
sweep,3316
sweep,3012
sweep,3062
sweep,2864
sweep,3179
sweep,3018
sweep,3513
sweep,2697
sweep,3105
sweep,2594
sweep,2756
sweep,3633
sweep,2735
sweep,2840
sweep,3158
sweep,2917
sweep,3822
sweep,2793
sweep,2461
sweep,2731
sweep,3409
sweep,4083
sweep,4050
sweep,4027
sweep,5664
sweep,8448
sweep,6741
sweep,8807
sweep,8446
sweep,8590
sweep,8372
sweep,7412
sweep,7707
sweep,839
mark,1027237
sweep,4649
sweep,4049
sweep,3952
sweep,4098
sweep,3961
sweep,3939
sweep,4087
sweep,3118
sweep,2890
sweep,3256
sweep,3229
sweep,3005
sweep,2719
sweep,2849
sweep,2564
sweep,2655
sweep,3501
sweep,3270
sweep,3159
sweep,3746
sweep,2448
sweep,2503
sweep,3754
sweep,2407
sweep,3648
sweep,1897
sweep,3416
sweep,3633
sweep,4414
sweep,3875
sweep,3353
sweep,3119
sweep,2899
sweep,2985
sweep,2875
sweep,3087
sweep,2839
sweep,3043
sweep,2521
sweep,2608
sweep,3735
sweep,2641
sweep,2713
sweep,3002
sweep,3069
sweep,3754
sweep,2715
sweep,2474
sweep,2473
sweep,5312
sweep,8729
sweep,8352
sweep,8400
sweep,8155
sweep,6236
sweep,8536
sweep,4793
sweep,10387
sweep,4375
sweep,5982
sweep,5791
sweep,5749
sweep,242
mark,1049780
sweep,4729
sweep,4389
sweep,4001
sweep,4179
sweep,3914
sweep,4129
sweep,3538
sweep,3310
sweep,2936
sweep,3157
sweep,3071
sweep,2958
sweep,2909
sweep,2811
sweep,2590
sweep,2636
sweep,3295
sweep,3026
sweep,2941
sweep,3650
sweep,2536
sweep,2641
sweep,3720
sweep,2245
sweep,3076
sweep,2041
sweep,3347
sweep,3738
sweep,4399
sweep,3477
sweep,3017
sweep,2969
sweep,2960
sweep,3097
sweep,2789
sweep,3210
sweep,2792
sweep,2985
sweep,2827
sweep,3098
sweep,3801
sweep,2825
sweep,2873
sweep,2995
sweep,3202
sweep,3344
sweep,2780
sweep,2520
sweep,2614
sweep,3396
sweep,4493
sweep,4293
sweep,4518
sweep,5436
sweep,7562
sweep,5949
sweep,8647
sweep,8663
sweep,8339
sweep,7611
sweep,7052
sweep,7552
sweep,831
mark,1033585
sweep,4927
sweep,3923
sweep,4410
sweep,4372
sweep,3599
sweep,4216
sweep,3621
sweep,3274
sweep,3117
sweep,3087
sweep,2978
sweep,2749
sweep,2649
sweep,2902
sweep,2597
sweep,2706
sweep,3528
sweep,2932
sweep,3058
sweep,3516
sweep,2594
sweep,2485
sweep,3750
sweep,2752
sweep,3798
sweep,2458
sweep,3465
sweep,3570
sweep,4337
sweep,3507
sweep,3191
sweep,3363
sweep,3265
sweep,3286
sweep,2879
sweep,3399
sweep,2779
sweep,3329
sweep,2486
sweep,2900
sweep,3688
sweep,2952
sweep,2898
sweep,2998
sweep,3125
sweep,3596
sweep,2770
sweep,3066
sweep,2725
sweep,5352
sweep,9028
sweep,8869
sweep,8591
sweep,8290
sweep,5661
sweep,7532
sweep,4062
sweep,4196
sweep,4716
sweep,6033
sweep,5571
sweep,5807
sweep,235
mark,1026983
sweep,4578
sweep,3957
sweep,4128
sweep,4260
sweep,3677
sweep,4295
sweep,3589
sweep,3290
sweep,2816
sweep,3176
sweep,3063
sweep,3249
sweep,2947
sweep,2764
sweep,2630
sweep,2690
sweep,3271
sweep,2922
sweep,3027
sweep,3321
sweep,2289
sweep,2494
sweep,3805
sweep,2669
sweep,3126
sweep,2219
sweep,3503
sweep,3618
sweep,4520
sweep,3783
sweep,3406
sweep,3490
sweep,3267
sweep,3221
sweep,2803
sweep,3281
sweep,2822
sweep,3003
sweep,2724
sweep,2622
sweep,3964
sweep,2711
sweep,2928
sweep,2976
sweep,3142
sweep,3421
sweep,2984
sweep,2863
sweep,2555
sweep,3680
sweep,3833
sweep,3964
sweep,4156
sweep,5917
sweep,7695
sweep,6208
sweep,8655
sweep,8178
sweep,8722
sweep,8347
sweep,7474
sweep,7736
sweep,831
mark,1027365
sweep,4646
sweep,4020
sweep,4244
sweep,4376
sweep,3805
sweep,4411
sweep,3642
sweep,3093
sweep,2989
sweep,3570
sweep,3220
sweep,2859
sweep,2852
sweep,3021
sweep,2780
sweep,2691
sweep,3325
sweep,3098
sweep,3034
sweep,3396
sweep,2492
sweep,2698
sweep,3788
sweep,2504
sweep,3667
sweep,1992
sweep,3606
sweep,3681
sweep,4240
sweep,3538
sweep,3204
sweep,3004
sweep,2898
sweep,3050
sweep,2781
sweep,3153
sweep,2777
sweep,3187
sweep,2439
sweep,2700
sweep,3687
sweep,2735
sweep,2701
sweep,2885
sweep,3181
sweep,3468
sweep,2701
sweep,2505
sweep,2528
sweep,5272
sweep,8996
sweep,8458
sweep,8619
sweep,8048
sweep,6388
sweep,7540
sweep,4356
sweep,4440
sweep,5188
sweep,6231
sweep,5934
sweep,5798
sweep,218
mark,1021896
sweep,4788
sweep,3856
sweep,4243
sweep,4441
sweep,3741
sweep,4012
sweep,3708
sweep,3050
sweep,3042
sweep,3020
sweep,3068
sweep,2749
sweep,3017
sweep,3070
sweep,3237
sweep,2707
sweep,3207
sweep,3030
sweep,3202
sweep,3296
sweep,2293
sweep,2856
sweep,3718
sweep,2355
sweep,3457
sweep,2028
sweep,3362
sweep,3595
sweep,4943
sweep,3545
sweep,3036
sweep,2946
sweep,2961
sweep,2994
sweep,3020
sweep,3484
sweep,2804
sweep,3388
sweep,2631
sweep,3017
sweep,3963
sweep,2959
sweep,2631
sweep,2907
sweep,2857
sweep,3427
sweep,2714
sweep,2689
sweep,2776
sweep,3434
sweep,4257
sweep,3922
sweep,4418
sweep,6035
sweep,8563
sweep,6492
sweep,9258
sweep,7970
sweep,8907
sweep,7535
sweep,7565
sweep,7192
sweep,879
mark,1030351
sweep,4555
sweep,4037
sweep,3995
sweep,4081
sweep,3809
sweep,4184
sweep,3726
sweep,3420
sweep,2888
sweep,3318
sweep,2996
sweep,2760
sweep,2788
sweep,2878
sweep,2720
sweep,2696
sweep,3239
sweep,3172
sweep,3342
sweep,3315
sweep,2354
sweep,2762
sweep,3992
sweep,2427
sweep,3293
sweep,2205
sweep,3572
sweep,3585
sweep,4430
sweep,3692
sweep,3126
sweep,3002
sweep,3082
sweep,3255
sweep,3075
sweep,3135
sweep,2756
sweep,3085
sweep,2727
sweep,2698
sweep,3875
sweep,2592
sweep,2969
sweep,3001
sweep,2908
sweep,3479
sweep,2881
sweep,2695
sweep,2478
sweep,5403
sweep,8707
sweep,8653
sweep,8723
sweep,8399
sweep,6144
sweep,7478
sweep,4084
sweep,4374
sweep,5062
sweep,6232
sweep,5942
sweep,6386
sweep,223
mark,1050867
sweep,4642
sweep,4164
sweep,4534
sweep,4036
sweep,3703
sweep,3989
sweep,3850
sweep,3180
sweep,2712
sweep,3442
sweep,3602
sweep,3094
sweep,2687
sweep,2777
sweep,2719
sweep,2982
sweep,3289
sweep,3105
sweep,2896
sweep,3382
sweep,2286
sweep,2492
sweep,3708
sweep,2651
sweep,3289
sweep,1980
sweep,3711
sweep,3599
sweep,4387
sweep,3605
sweep,3223
sweep,3023
sweep,3029
sweep,2962
sweep,2834
sweep,3273
sweep,2756
sweep,3080
sweep,2689
sweep,2928
sweep,3786
sweep,2666
sweep,3021
sweep,3267
sweep,3160
sweep,3674
sweep,2805
sweep,2564
sweep,2750
sweep,3672
sweep,3940
sweep,4149
sweep,4191
sweep,5769
sweep,8087
sweep,6420
sweep,9131
sweep,8168
sweep,8844
sweep,7616
sweep,7655
sweep,7123
sweep,830
mark,1030113
sweep,4722
sweep,3911
sweep,3816
sweep,4311
sweep,3861
sweep,4323
sweep,3528
sweep,3045
sweep,2994
sweep,3664
sweep,2982
sweep,3042
sweep,2780
sweep,2886
sweep,2984
sweep,2691
sweep,3519
sweep,2902
sweep,3245
sweep,3628
sweep,2373
sweep,2446
sweep,3662
sweep,2618
sweep,3350
sweep,2036
sweep,3563
sweep,3871
sweep,4292
sweep,3402
sweep,2996
sweep,3017
sweep,2854
sweep,3212
sweep,3053
sweep,3177
sweep,2912
sweep,3049
sweep,2764
sweep,2678
sweep,3589
sweep,2792
sweep,2786
sweep,2850
sweep,2811
sweep,3626
sweep,2761
sweep,2672
sweep,2430
sweep,5723
sweep,8764
sweep,8762
sweep,8790
sweep,7562
sweep,6110
sweep,6884
sweep,4217
sweep,4451
sweep,4700
sweep,6146
sweep,5650
sweep,6045
sweep,224
mark,1037052
sweep,4889
sweep,3949
sweep,4122
sweep,4175
sweep,3654
sweep,4062
sweep,3829
sweep,3102
sweep,2817
sweep,3257
sweep,3103
sweep,2698
sweep,2802
sweep,2958
sweep,2833
sweep,2986
sweep,3201
sweep,2914
sweep,3248
sweep,3701
sweep,2346
sweep,2597
sweep,4067
sweep,2367
sweep,3619
sweep,1898
sweep,3375
sweep,3908
sweep,4417
sweep,3567
sweep,3259
sweep,3040
sweep,2813
sweep,3111
sweep,2914
sweep,3096
sweep,2918
sweep,3311
sweep,2540
sweep,2958
sweep,3827
sweep,2996
sweep,2931
sweep,3000
sweep,2886
sweep,6916
sweep,2726
sweep,2468
sweep,2540
sweep,3510
sweep,3922
sweep,4146
sweep,4116
sweep,6112
sweep,7747
sweep,5939
sweep,8514
sweep,8322
sweep,8675
sweep,7408
sweep,7710
sweep,7341
sweep,827
mark,1043876
sweep,4715
sweep,4004
sweep,4002
sweep,4319
sweep,3910
sweep,4346
sweep,3665
sweep,3327
sweep,3180
sweep,3244
sweep,3093
sweep,3271
sweep,2626
sweep,2865
sweep,2683
sweep,2622
sweep,3838
sweep,3127
sweep,3086
sweep,3420
sweep,2588
sweep,2350
sweep,3740
sweep,2402
sweep,3161
sweep,1893
sweep,3631
sweep,3682
sweep,4312
sweep,3341
sweep,3470
sweep,2973
sweep,3167
sweep,3487
sweep,2965
sweep,3283
sweep,2754
sweep,3321
sweep,2462
sweep,2706
sweep,3919
sweep,3048
sweep,2676
sweep,3357
sweep,2813
sweep,3427
sweep,2853
sweep,2468
sweep,2454
sweep,5700
sweep,8845
sweep,8823
sweep,8613
sweep,8105
sweep,5723
sweep,7115
sweep,4140
sweep,4547
sweep,4384
sweep,5661
sweep,5642
sweep,6254
sweep,309
mark,1041975
sweep,4741
sweep,3835
sweep,4495
sweep,3997
sweep,3918
sweep,3946
sweep,3781
sweep,3063
sweep,3002
sweep,3479
sweep,3183
sweep,2826
sweep,2689
sweep,3004
sweep,2682
sweep,2629
sweep,3440
sweep,3100
sweep,3139
sweep,3796
sweep,2577
sweep,2768
sweep,3679
sweep,2476
sweep,3161
sweep,2058
sweep,3399
sweep,3612
sweep,4254
sweep,3571
sweep,3101
sweep,3121
sweep,3384
sweep,2955
sweep,3098
sweep,3518
sweep,2865
sweep,3270
sweep,2764
sweep,2649
sweep,4295
sweep,2878
sweep,2977
sweep,3129
sweep,3334
sweep,3422
sweep,2918
sweep,2732
sweep,2868
sweep,3702
sweep,4206
sweep,4305
sweep,4493
sweep,5821
sweep,7817
sweep,5963
sweep,9320
sweep,9215
sweep,8443
sweep,7263
sweep,7902
sweep,7458
sweep,838
mark,1042084
sweep,4799
sweep,4473
sweep,4523
sweep,4395
sweep,4087
sweep,3917
sweep,3597
sweep,3187
sweep,2940
sweep,3138
sweep,3343
sweep,2745
sweep,2729
sweep,3065
sweep,3029
sweep,2928
sweep,3289
sweep,3211
sweep,3229
sweep,3750
sweep,2568
sweep,2542
sweep,3697
sweep,2429
sweep,3158
sweep,2115
sweep,3522
sweep,3559
sweep,4378
sweep,3627
sweep,2960
sweep,3245
sweep,3327
sweep,2974
sweep,3271
sweep,3273
sweep,2784
sweep,3214
sweep,2387
sweep,2645
sweep,3837
sweep,2823
sweep,2618
sweep,3077
sweep,2929
sweep,3477
sweep,2626
sweep,2581
sweep,2702
sweep,5432
sweep,8633
sweep,8732
sweep,8657
sweep,8118
sweep,6369
sweep,7270
sweep,4316
sweep,4426
sweep,4539
sweep,6009
sweep,6164
sweep,6118
sweep,260
mark,1030441
sweep,4551
sweep,3980
sweep,4040
sweep,4233
sweep,3796
sweep,4420
sweep,3436
sweep,2929
sweep,3011
sweep,3387
sweep,3040
sweep,2886
sweep,2996
sweep,3104
sweep,2797
sweep,2691
sweep,3218
sweep,2909
sweep,3257
sweep,3348
sweep,2396
sweep,2556
sweep,3829
sweep,2310
sweep,3127
sweep,1969
sweep,3455
sweep,4018
sweep,4210
sweep,3717
sweep,3001
sweep,3052
sweep,2860
sweep,3145
sweep,2882
sweep,3356
sweep,2846
sweep,3046
sweep,2500
sweep,2694
sweep,3692
sweep,2993
sweep,2702
sweep,3002
sweep,3221
sweep,3491
sweep,2781
sweep,2571
sweep,2516
sweep,3713
sweep,4368
sweep,4597
sweep,4542
sweep,6118
sweep,7705
sweep,5999
sweep,8693
sweep,8344
sweep,8575
sweep,8279
sweep,7561
sweep,7469
sweep,886
mark,1032600
sweep,4783
sweep,3828
sweep,4346
sweep,3902
sweep,3915
sweep,4215
sweep,3888
sweep,3226
sweep,2944
sweep,3232
sweep,3088
sweep,3071
sweep,2794
sweep,3003
sweep,2627
sweep,2773
sweep,3220
sweep,3211
sweep,3111
sweep,3746
sweep,2304
sweep,2372
sweep,3942
sweep,2358
sweep,2999
sweep,2139
sweep,3335
sweep,3585
sweep,4556
sweep,3512
sweep,3067
sweep,3055
sweep,3133
sweep,2982
sweep,2693
sweep,3163
sweep,2908
sweep,3341
sweep,2632
sweep,2815
sweep,4052
sweep,2641
sweep,2756
sweep,2913
sweep,3083
sweep,3413
sweep,2774
sweep,2580
sweep,2780
sweep,5656
sweep,8744
sweep,8782
sweep,8346
sweep,7905
sweep,6171
sweep,7356
sweep,4391
sweep,4435
sweep,4305
sweep,6232
sweep,5717
sweep,5821
sweep,252
mark,1026646
sweep,4802
sweep,4193
sweep,3799
sweep,3951
sweep,3512
sweep,4110
sweep,3658
sweep,3071
sweep,3662
sweep,3198
sweep,3465
sweep,3413
sweep,2882
sweep,2907
sweep,2988
sweep,2702
sweep,3229
sweep,2887
sweep,3326
sweep,3226
sweep,2301
sweep,2725
sweep,3959
sweep,2508
sweep,3266
sweep,2176
sweep,3388
sweep,3902
sweep,4561
sweep,3491
sweep,3297
sweep,2792
sweep,2816
sweep,3000
sweep,2583
sweep,3260
sweep,3049
sweep,3397
sweep,2559
sweep,2564
sweep,3886
sweep,2832
sweep,2723
sweep,3214
sweep,2912
sweep,3338
sweep,2996
sweep,2563
sweep,2593
sweep,3814
sweep,4181
sweep,4384
sweep,4316
sweep,5548
sweep,8305
sweep,6559
sweep,8446
sweep,8454
sweep,8345
sweep,7648
sweep,7492
sweep,6987
sweep,808
mark,1034429
sweep,4768
sweep,3954
sweep,4106
sweep,4423
sweep,3661
sweep,4090
sweep,3588
sweep,3062
sweep,2785
sweep,3239
sweep,3098
sweep,2709
sweep,2787
sweep,3278
sweep,2884
sweep,2751
sweep,3375
sweep,3341
sweep,2874
sweep,3357
sweep,2432
sweep,2581
sweep,4072
sweep,2509
sweep,3371
sweep,1964
sweep,3344
sweep,3914
sweep,4293
sweep,3221
sweep,2974
sweep,2998
sweep,2923
sweep,3051
sweep,2705
sweep,3112
sweep,2771
sweep,3054
sweep,2512
sweep,2745
sweep,3847
sweep,2845
sweep,2666
sweep,3011
sweep,2855
sweep,3970
sweep,2662
sweep,2784
sweep,2780
sweep,5758
sweep,8805
sweep,8210
sweep,8555
sweep,7949
sweep,6031
sweep,7379
sweep,4140
sweep,4426
sweep,5032
sweep,6210
sweep,5638
sweep,5878
sweep,254
mark,1025876
sweep,4749
sweep,4303
sweep,4263
sweep,4176
sweep,4022
sweep,4026
sweep,3603
sweep,3183
sweep,2777
sweep,3178
sweep,3411
sweep,3046
sweep,3012
sweep,3040
sweep,2568
sweep,2910
sweep,3194
sweep,3013
sweep,2889
sweep,3446
sweep,2307
sweep,2501
sweep,3803
sweep,2402
sweep,2987
sweep,2146
sweep,3528
sweep,3597
sweep,4220
sweep,3506
sweep,3041
sweep,3309
sweep,2834
sweep,3072
sweep,2776
sweep,3278
sweep,3130
sweep,3064
sweep,2804
sweep,2647
sweep,3671
sweep,2993
sweep,2714
sweep,2865
sweep,3208
sweep,3457
sweep,2737
sweep,2440
sweep,2710
sweep,3438
sweep,4149
sweep,4155
sweep,4266
sweep,5498
sweep,8258
sweep,5957
sweep,8780
sweep,8860
sweep,8819
sweep,7096
sweep,7495
sweep,7105
sweep,839
mark,1030886
sweep,5133
sweep,4253
sweep,4052
sweep,4051
sweep,3800
sweep,4426
sweep,4062
sweep,3324
sweep,3030
sweep,3396
sweep,3237
sweep,2686
sweep,2636
sweep,2843
sweep,2644
sweep,2803
sweep,3295
sweep,3184
sweep,3241
sweep,3403
sweep,2410
sweep,2609
sweep,3901
sweep,2500
sweep,3102
sweep,2018
sweep,3414
sweep,3845
sweep,4240
sweep,3337
sweep,3006
sweep,3570
sweep,2900
sweep,3122
sweep,2701
sweep,3138
sweep,2848
sweep,3297
sweep,2417
sweep,2865
sweep,3876
sweep,2888
sweep,2674
sweep,2890
sweep,2935
sweep,3357
sweep,2792
sweep,2585
sweep,2540
sweep,5429
sweep,8952
sweep,8668
sweep,8720
sweep,7779
sweep,5899
sweep,6980
sweep,3961
sweep,4398
sweep,4682
sweep,5978
sweep,6090
sweep,5758
sweep,227
mark,1025090
sweep,4827
sweep,3978
sweep,3818
sweep,4104
sweep,3824
sweep,4336
sweep,3822
sweep,3659
sweep,3086
sweep,3485
sweep,3069
sweep,2738
sweep,2900
sweep,2863
sweep,2786
sweep,2830
sweep,3380
sweep,2925
sweep,2922
sweep,3436
sweep,2464
sweep,2527
sweep,3925
sweep,2463
sweep,3066
sweep,2005
sweep,3312
sweep,3693
sweep,4252
sweep,3294
sweep,3317
sweep,3231
sweep,2960
sweep,3096
sweep,2839
sweep,3219
sweep,3070
sweep,3079
sweep,2500
sweep,2878
sweep,3827
sweep,2976
sweep,3068
sweep,2940
sweep,3133
sweep,3394
sweep,2765
sweep,2458
sweep,2497
sweep,3828
sweep,4147
sweep,4472
sweep,4207
sweep,6208
sweep,7561
sweep,6133
sweep,8621
sweep,8230
sweep,8227
sweep,7913
sweep,7233
sweep,7523
sweep,834
mark,1029949
sweep,4557
sweep,3988
sweep,4121
sweep,4162
sweep,3595
sweep,4056
sweep,3796
sweep,3046
sweep,2920
sweep,3432
sweep,3329
sweep,3022
sweep,3027
sweep,2748
sweep,2842
sweep,2978
sweep,3320
sweep,3218
sweep,3173
sweep,3734
sweep,2496
sweep,2790
sweep,4148
sweep,2872
sweep,3167
sweep,2232
sweep,3333
sweep,3914
sweep,4741
sweep,3726
sweep,3243
sweep,3239
sweep,3197
sweep,3056
sweep,2904
sweep,3038
sweep,2862
sweep,3069
sweep,2723
sweep,2628
sweep,3948
sweep,2907
sweep,2652
sweep,2926
sweep,2936
sweep,3375
sweep,2913
sweep,2483
sweep,2495
sweep,5627
sweep,8618
sweep,8545
sweep,8646
sweep,7723
sweep,6076
sweep,6824
sweep,4120
sweep,4409
sweep,4601
sweep,5801
sweep,6008
sweep,5986
sweep,224
mark,1023789
sweep,4534
sweep,3999
sweep,4601
sweep,4158
sweep,3483
sweep,4300
sweep,3529
sweep,3262
sweep,2729
sweep,3155
sweep,3232
sweep,2771
sweep,2753
sweep,2960
sweep,2558
sweep,2752
sweep,3188
sweep,2885
sweep,3032
sweep,3634
sweep,2237
sweep,2375
sweep,3956
sweep,2400
sweep,3019
sweep,2162
sweep,3411
sweep,3650
sweep,4221
sweep,3338
sweep,3306
sweep,3198
sweep,2914
sweep,3277
sweep,3027
sweep,3422
sweep,2826
sweep,2995
sweep,2471
sweep,2698
sweep,3775
sweep,2663
sweep,2685
sweep,3217
sweep,3229
sweep,3657
sweep,2735
sweep,2748
sweep,2440
sweep,3741
sweep,4129
sweep,4096
sweep,4231
sweep,5708
sweep,8498
sweep,6972
sweep,8769
sweep,8237
sweep,8694
sweep,7998
sweep,7307
sweep,7629
sweep,935
mark,1029931
sweep,4545
sweep,3744
sweep,3884
sweep,4005
sweep,3841
sweep,4258
sweep,3993
sweep,3071
sweep,2901
sweep,3308
sweep,3183
sweep,2808
sweep,2603
sweep,2906
sweep,2618
sweep,2905
sweep,3372
sweep,2925
sweep,3581
sweep,3460
sweep,2570
sweep,2708
sweep,3801
sweep,2593
sweep,3590
sweep,2150
sweep,3537
sweep,4012
sweep,4321
sweep,3525
sweep,3270
sweep,3097
sweep,3248
sweep,3063
sweep,2886
sweep,3146
sweep,2706
sweep,3296
sweep,2491
sweep,2711
sweep,3915
sweep,2719
sweep,2616
sweep,2939
sweep,2991
sweep,3524
sweep,2682
sweep,2437
sweep,2513
sweep,5921
sweep,8824
sweep,8981
sweep,8470
sweep,8205
sweep,6625
sweep,7100
sweep,3984
sweep,4321
sweep,5172
sweep,6131
sweep,5624
sweep,5857
sweep,238
mark,1024506
sweep,4860
sweep,4601
sweep,3934
sweep,4292
sweep,3583
sweep,4113
sweep,3848
sweep,3086
sweep,2926
sweep,3150
sweep,3527
sweep,3222
sweep,2747
sweep,3156
sweep,2592
sweep,2704
sweep,3310
sweep,2881
sweep,3032
sweep,3552
sweep,2244
sweep,2649
sweep,3880
sweep,2774
sweep,3705
sweep,1886
sweep,3400
sweep,3959
sweep,4364
sweep,3791
sweep,3311
sweep,2994
sweep,2870
sweep,3105
sweep,3071
sweep,3194
sweep,2758
sweep,3115
sweep,2538
sweep,2752
sweep,3941
sweep,2676
sweep,3079
sweep,3080
sweep,2969
sweep,3416
sweep,2656
sweep,2682
sweep,2655
sweep,3699
sweep,4042
sweep,4048
sweep,4314
sweep,6034
sweep,7820
sweep,5856
sweep,9546
sweep,8105
sweep,8740
sweep,7446
sweep,7745
sweep,7144
sweep,839
mark,1036287
sweep,4788
sweep,4052
sweep,3935
sweep,4090
sweep,3818
sweep,4123
sweep,3878
sweep,3330
sweep,2872
sweep,3291
sweep,3022
sweep,2713
sweep,2770
sweep,2896
sweep,2612
sweep,2748
sweep,3399
sweep,2900
sweep,3103
sweep,3548
sweep,2324
sweep,2557
sweep,3769
sweep,2438
sweep,3142
sweep,1973
sweep,3398
sweep,3742
sweep,4253
sweep,3969
sweep,2991
sweep,3234
sweep,3371
sweep,3320
sweep,2777
sweep,3425
sweep,2829
sweep,3457
sweep,2527
sweep,2944
sweep,3746
sweep,2857
sweep,2730
sweep,3032
sweep,3084
sweep,3370
sweep,2958
sweep,2518
sweep,2707
sweep,5929
sweep,8726
sweep,8756
sweep,8439
sweep,8073
sweep,6236
sweep,7459
sweep,4034
sweep,4206
sweep,5022
sweep,6196
sweep,5561
sweep,5893
sweep,280
mark,1029857
sweep,4551
sweep,4010
sweep,4061
sweep,4164
sweep,3921
sweep,4280
sweep,3652
sweep,3320
sweep,3070
sweep,3493
sweep,3253
sweep,2813
sweep,2720
sweep,2975
sweep,2665
sweep,2916
sweep,3232
sweep,2879
sweep,3089
sweep,3611
sweep,2451
sweep,2485
sweep,4022
sweep,2415
sweep,3436
sweep,1867
sweep,3458
sweep,3849
sweep,4579
sweep,3578
sweep,3454
sweep,3297
sweep,2887
sweep,3037
sweep,2803
sweep,3594
sweep,2874
sweep,3011
sweep,2845
sweep,3095
sweep,3809
sweep,2801
sweep,3014
sweep,3163
sweep,3034
sweep,3500
sweep,2996
sweep,2533
sweep,11028
sweep,3508
sweep,4230
sweep,3895
sweep,4368
sweep,5946
sweep,8164
sweep,6358
sweep,8556
sweep,8191
sweep,8540
sweep,7438
sweep,7123
sweep,7440
sweep,832
mark,1034044
sweep,4950
sweep,3888
sweep,3924
sweep,4074
sweep,3914
sweep,4365
sweep,3601
sweep,3144
sweep,2971
sweep,3277
sweep,3082
sweep,3039
sweep,2984
sweep,2879
sweep,2868
sweep,2750
sweep,3280
sweep,3217
sweep,2901
sweep,3699
sweep,2415
sweep,2421
sweep,3944
sweep,2490
sweep,3236
sweep,1894
sweep,3478
sweep,3824
sweep,4187
sweep,3728
sweep,3267
sweep,3075
sweep,2877
sweep,3382
sweep,3117
sweep,3088
sweep,2724
sweep,3355
sweep,2544
sweep,2731
sweep,3772
sweep,2878
sweep,2694
sweep,2928
sweep,2819
sweep,3471
sweep,2723
sweep,2491
sweep,2610
sweep,5368
sweep,8495
sweep,9111
sweep,8902
sweep,7743
sweep,5585
sweep,6896
sweep,3912
sweep,4309
sweep,4824
sweep,6221
sweep,5851
sweep,5603
sweep,242
mark,1037602
sweep,4704
sweep,4024
sweep,4397
sweep,4039
sweep,3929
sweep,4167
sweep,3462
sweep,3397
sweep,2968
sweep,3664
sweep,3408
sweep,3069
sweep,2741
sweep,3321
sweep,3180
sweep,2695
sweep,3210
sweep,3392
sweep,3025
sweep,3406
sweep,2322
sweep,2509
sweep,3782
sweep,2396
sweep,3130
sweep,1833
sweep,3650
sweep,3961
sweep,4138
sweep,3784
sweep,3013
sweep,3103
sweep,3184
sweep,3128
sweep,2783
sweep,3624
sweep,2688
sweep,2960
sweep,2613
sweep,2730
sweep,3999
sweep,2678
sweep,3012
sweep,3468
sweep,3260
sweep,3591
sweep,2921
sweep,2629
sweep,2466
sweep,3787
sweep,3891
sweep,4173
sweep,4179
sweep,6042
sweep,7700
sweep,5933
sweep,8728
sweep,8488
sweep,8537
sweep,8090
sweep,7486
sweep,7675
sweep,838
mark,1036877
sweep,4700
sweep,4097
sweep,4019
sweep,4169
sweep,3686
sweep,4473
sweep,7586
sweep,3193
sweep,2862
sweep,3576
sweep,2989
sweep,2754
sweep,2816
sweep,2889
sweep,2857
sweep,2664
sweep,3464
sweep,2866
sweep,3276
sweep,3735
sweep,2393
sweep,2401
sweep,3920
sweep,2379
sweep,3166
sweep,1853
sweep,3445
sweep,3645
sweep,4480
sweep,3853
sweep,3368
sweep,3022
sweep,2864
sweep,3146
sweep,3283
sweep,3348
sweep,2692
sweep,3076
sweep,2571
sweep,2622
sweep,3864
sweep,2871
sweep,2702
sweep,2810
sweep,2813
sweep,3799
sweep,2552
sweep,2696
sweep,2669
sweep,5204
sweep,9489
sweep,8672
sweep,8588
sweep,8200
sweep,5785
sweep,6856
sweep,4130
sweep,4328
sweep,4966
sweep,6175
sweep,5927
sweep,6203
sweep,218
mark,1030560
sweep,4569
sweep,3889
sweep,4691
sweep,4056
sweep,3567
sweep,4171
sweep,3598
sweep,3083
sweep,3155
sweep,3526
sweep,3304
sweep,3077
sweep,3013
sweep,2894
sweep,2827
sweep,2636
sweep,3387
sweep,3143
sweep,3199
sweep,3583
sweep,2536
sweep,2418
sweep,4000
sweep,2413
sweep,3116
sweep,1997
sweep,3429
sweep,3591
sweep,4199
sweep,3793
sweep,3197
sweep,3032
sweep,2857
sweep,3049
sweep,2789
sweep,3390
sweep,3020
sweep,3004
sweep,2711
sweep,3076
sweep,3903
sweep,2915
sweep,2857
sweep,3228
sweep,2788
sweep,3373
sweep,2692
sweep,2490
sweep,2924
sweep,3918
sweep,4148
sweep,4467
sweep,4362
sweep,6331
sweep,7960
sweep,6180
sweep,8630
sweep,9011
sweep,9092
sweep,7215
sweep,7390
sweep,7074
sweep,833
mark,1070533
sweep,4879
sweep,4058
sweep,3942
sweep,4090
sweep,3596
sweep,4126
sweep,3945
sweep,3190
sweep,3080
sweep,3417
sweep,3354
sweep,2881
sweep,2773
sweep,3010
sweep,2593
sweep,2767
sweep,3512
sweep,3044
sweep,3113
sweep,3458
sweep,2352
sweep,2640
sweep,3766
sweep,2616
sweep,3239
sweep,2155
sweep,3669
sweep,3778
sweep,4562
sweep,3628
sweep,3225
sweep,3005
sweep,2923
sweep,3356
sweep,3325
sweep,3251
sweep,2720
sweep,3064
sweep,2542
sweep,3208
sweep,3937
sweep,3248
sweep,2618
sweep,3092
sweep,2785
sweep,3476
sweep,2704
sweep,2525
sweep,2478
sweep,5864
sweep,9240
sweep,8441
sweep,8655
sweep,8325
sweep,6267
sweep,6821
sweep,4039
sweep,4593
sweep,4669
sweep,6239
sweep,5823
sweep,5783
sweep,219
mark,1031779
sweep,4786
sweep,3896
sweep,3837
sweep,4055
sweep,3537
sweep,4122
sweep,3603
sweep,3279
sweep,2761
sweep,3144
sweep,3308
sweep,2832
sweep,2820
sweep,2749
sweep,2640
sweep,2706
sweep,3209
sweep,3302
sweep,3011
sweep,3447
sweep,2321
sweep,2770
sweep,3747
sweep,2517
sweep,3128
sweep,1898
sweep,3308
sweep,3654
sweep,4247
sweep,3799
sweep,3261
sweep,2983
sweep,2858
sweep,3066
sweep,2912
sweep,3318
sweep,2772
sweep,3080
sweep,2816
sweep,3134
sweep,3660
sweep,5950
sweep,2688
sweep,3073
sweep,2896
sweep,3925
sweep,2739
sweep,2699
sweep,2403
sweep,3428
sweep,4092
sweep,3947
sweep,4404
sweep,6078
sweep,8003
sweep,6266
sweep,8684
sweep,8434
sweep,8454
sweep,7325
sweep,7353
sweep,7034
sweep,918
mark,1039242
sweep,4602
sweep,4170
sweep,4230
sweep,4077
sweep,3821
sweep,4219
sweep,3722
sweep,3249
sweep,3041
sweep,3617
sweep,3291
sweep,2781
sweep,2673
sweep,2831
sweep,2883
sweep,2703
sweep,3369
sweep,2858
sweep,2900
sweep,3601
sweep,2518
sweep,2388
sweep,3915
sweep,2445
sweep,3165
sweep,2080
sweep,3399
sweep,3924
sweep,4137
sweep,3291
sweep,3317
sweep,3002
sweep,2937
sweep,3073
sweep,2960
sweep,3122
sweep,2966
sweep,3003
sweep,2514
sweep,2826
sweep,3652
sweep,2614
sweep,2872
sweep,2905
sweep,2876
sweep,3395
sweep,2825
sweep,2528
sweep,2709
sweep,5350
sweep,9078
sweep,8839
sweep,8529
sweep,7911
sweep,6443
sweep,7495
sweep,4002
sweep,4463
sweep,4678
sweep,6094
sweep,5807
sweep,5783
sweep,224
mark,1050664
sweep,4922
sweep,4257
sweep,4453
sweep,4088
sweep,3589
sweep,4252
sweep,3596
sweep,3350
sweep,2890
sweep,3181
sweep,3238
sweep,3201
sweep,2700
sweep,2714
sweep,2586
sweep,2783
sweep,3529
sweep,2931
sweep,2868
sweep,3468
sweep,2298
sweep,2510
sweep,4103
sweep,2381
sweep,3407
sweep,2079
sweep,3314
sweep,3775
sweep,4338
sweep,3750
sweep,3296
sweep,3040
sweep,2857
sweep,3011
sweep,2854
sweep,3165
sweep,2925
sweep,2981
sweep,2512
sweep,3154
sweep,3921
sweep,3291
sweep,2827
sweep,3127
sweep,2830
sweep,3566
sweep,2802
sweep,2448
sweep,2429
sweep,3899
sweep,4023
sweep,4094
sweep,4291
sweep,6147
sweep,7764
sweep,5923
sweep,8888
sweep,8244
sweep,8484
sweep,8081
sweep,7423
sweep,7640
sweep,815
mark,1040222
sweep,4790
sweep,4010
sweep,3919
sweep,4159
sweep,3501
sweep,4241
sweep,3938
sweep,3149
sweep,3079
sweep,3231
sweep,2894
sweep,2994
sweep,2817
sweep,2919
sweep,2687
sweep,2996
sweep,3504
sweep,2866
sweep,2920
sweep,3351
sweep,2365
sweep,2521
sweep,3813
sweep,2490
sweep,3312
sweep,1964
sweep,3460
sweep,4245
sweep,4274
sweep,3483
sweep,2970
sweep,3375
sweep,2777
sweep,3112
sweep,2818
sweep,3098
sweep,2703
sweep,3267
sweep,2747
sweep,2994
sweep,3897
sweep,2706
sweep,2646
sweep,3027
sweep,2914
sweep,3573
sweep,2773
sweep,2597
sweep,2462
sweep,5331
sweep,8558
sweep,8413
sweep,8373
sweep,7787
sweep,6244
sweep,6922
sweep,4063
sweep,4299
sweep,4811
sweep,6222
sweep,5764
sweep,5931
sweep,225
mark,1030112
sweep,4639
sweep,3758
sweep,3974
sweep,3875
sweep,3801
sweep,4251
sweep,3583
sweep,3012
sweep,2833
sweep,3293
sweep,3038
sweep,3240
sweep,2913
sweep,2858
sweep,2609
sweep,2950
sweep,3538
sweep,3057
sweep,3313
sweep,3408
sweep,2549
sweep,2529
sweep,3949
sweep,2274
sweep,3074
sweep,2124
sweep,3602
sweep,3770
sweep,5000
sweep,4012
sweep,3091
sweep,2979
sweep,2891
sweep,3109
sweep,2878
sweep,3132
sweep,2670
sweep,3037
sweep,2617
sweep,2926
sweep,3991
sweep,2756
sweep,2650
sweep,2971
sweep,2832
sweep,3473
sweep,2873
sweep,2401
sweep,2409
sweep,3444
sweep,4022
sweep,4024
sweep,4149
sweep,6063
sweep,7766
sweep,6388
sweep,9062
sweep,7988
sweep,8625
sweep,8224
sweep,7418
sweep,7664
sweep,827
mark,1035748
sweep,4738
sweep,4114
sweep,3949
sweep,3978
sweep,3818
sweep,4306
sweep,3758
sweep,3131
sweep,3243
sweep,3341
sweep,2958
sweep,2895
sweep,3039
sweep,2802
sweep,2599
sweep,2822
sweep,3276
sweep,2875
sweep,3037
sweep,3453
sweep,2360
sweep,2620
sweep,4034
sweep,2657
sweep,3152
sweep,1928
sweep,3468
sweep,3691
sweep,4481
sweep,3312
sweep,3082
sweep,2861
sweep,2824
sweep,2964
sweep,2904
sweep,3332
sweep,2630
sweep,3142
sweep,2480
sweep,2818
sweep,3981
sweep,2889
sweep,2892
sweep,2820
sweep,2719
sweep,3327
sweep,2662
sweep,2566
sweep,2642
sweep,5879
sweep,8716
sweep,8584
sweep,8708
sweep,8402
sweep,6329
sweep,7209
sweep,4311
sweep,4488
sweep,5082
sweep,6123
sweep,5959
sweep,5761
sweep,217
mark,1026601
sweep,4947
sweep,4167
sweep,3926
sweep,4091
sweep,3503
sweep,3997
sweep,3613
sweep,3197
sweep,2806
sweep,3056
sweep,3075
sweep,3162
sweep,2691
sweep,2991
sweep,2549
sweep,2708
sweep,3282
sweep,2959
sweep,3173
sweep,3509
sweep,2360
sweep,2432
sweep,3756
sweep,2837
sweep,3027
sweep,1881
sweep,3707
sweep,3592
sweep,4282
sweep,3294
sweep,3138
sweep,3389
sweep,2858
sweep,3086
sweep,2983
sweep,3174
sweep,3006
sweep,3302
sweep,2543
sweep,3175
sweep,3824
sweep,2611
sweep,2733
sweep,3018
sweep,2739
sweep,3551
sweep,2705
sweep,2393
sweep,2606
sweep,3394
sweep,4049
sweep,3893
sweep,4194
sweep,5970
sweep,8404
sweep,6558
sweep,8358
sweep,8268
sweep,8509
sweep,7568
sweep,7264
sweep,6936
sweep,795
mark,1030332
sweep,4932
sweep,4206
sweep,3941
sweep,4067
sweep,3779
sweep,4109
sweep,3858
sweep,3347
sweep,2919
sweep,3394
sweep,2989
sweep,2814
sweep,2889
sweep,2725
sweep,2689
sweep,2697
sweep,3380
sweep,3049
sweep,2910
sweep,3415
sweep,2352
sweep,2511
sweep,3772
sweep,2504
sweep,3586
sweep,1842
sweep,3441
sweep,3678
sweep,4513
sweep,3471
sweep,3322
sweep,3227
sweep,2850
sweep,3055
sweep,2816
sweep,3064
sweep,3307
sweep,3003
sweep,2767
sweep,2709
sweep,3771
sweep,3020
sweep,2958
sweep,2933
sweep,3040
sweep,3773
sweep,2686
sweep,2451
sweep,2643
sweep,5616
sweep,8961
sweep,8449
sweep,8626
sweep,8430
sweep,5981
sweep,7454
sweep,4007
sweep,4257
sweep,4266
sweep,5738
sweep,5471
sweep,6093
sweep,221
mark,1029142
sweep,4668
sweep,4073
sweep,4121
sweep,4479
sweep,3517
sweep,4131
sweep,3827
sweep,3093
sweep,2710
sweep,3347
sweep,3071
sweep,3238
sweep,2786
sweep,2888
sweep,2886
sweep,2702
sweep,3395
sweep,3218
sweep,3254
sweep,3594
sweep,2417
sweep,2836
sweep,3906
sweep,2428
sweep,3629
sweep,1990
sweep,3608
sweep,3625
sweep,4607
sweep,3468
sweep,3647
sweep,3403
sweep,3019
sweep,3030
sweep,3065
sweep,3395
sweep,2784
sweep,3352
sweep,2820
sweep,2720
sweep,4012
sweep,2765
sweep,2803
sweep,3061
sweep,2844
sweep,3587
sweep,2700
sweep,2444
sweep,2476
sweep,3445
sweep,4107
sweep,3932
sweep,4284
sweep,6638
sweep,7644
sweep,6100
sweep,8921
sweep,8565
sweep,8229
sweep,7903
sweep,7849
sweep,7643
sweep,832
mark,1052026
sweep,4756
sweep,3821
sweep,4250
sweep,4367
sweep,3677
sweep,4293
sweep,3596
sweep,3150
sweep,2890
sweep,3341
sweep,3131
sweep,2985
sweep,2898
sweep,3010
sweep,2657
sweep,2791
sweep,3234
sweep,3162
sweep,2936
sweep,3528
sweep,2358
sweep,2528
sweep,3865
sweep,2631
sweep,3538
sweep,1863
sweep,3406
sweep,3820
sweep,4165
sweep,3831
sweep,3283
sweep,3026
sweep,3175
sweep,3037
sweep,2888
sweep,3150
sweep,2997
sweep,3095
sweep,2600
sweep,3171
sweep,3865
sweep,2927
sweep,2870
sweep,2899
sweep,2839
sweep,3749
sweep,2901
sweep,2461
sweep,2524
sweep,5963
sweep,8369
sweep,8880
sweep,8778
sweep,7887
sweep,5741
sweep,7207
sweep,4110
sweep,4353
sweep,4794
sweep,6246
sweep,5954
sweep,5814
sweep,219
mark,1029806
sweep,4827
sweep,3833
sweep,4024
sweep,4213
sweep,3674
sweep,4066
sweep,3463
sweep,3447
sweep,2805
sweep,3174
sweep,3103
sweep,2702
sweep,2606
sweep,2814
sweep,2586
sweep,2964
sweep,3227
sweep,2929
sweep,3177
sweep,3612
sweep,2592
sweep,2714
sweep,3794
sweep,2491
sweep,3109
sweep,1875
sweep,3351
sweep,3891
sweep,4253
sweep,3298
sweep,3140
sweep,2959
sweep,2831
sweep,3094
sweep,2989
sweep,3252
sweep,2773
sweep,3645
sweep,2813
sweep,3020
sweep,3976
sweep,3304
sweep,3080
sweep,3107
sweep,2827
sweep,3840
sweep,3103
sweep,2498
sweep,2539
sweep,3510
sweep,4206
sweep,4287
sweep,4103
sweep,5994
sweep,7933
sweep,6131
sweep,8464
sweep,8463
sweep,8274
sweep,7404
sweep,7124
sweep,7189
sweep,864
mark,1032162
sweep,4694
sweep,3841
sweep,4009
sweep,3840
sweep,3633
sweep,4170
sweep,3963
sweep,3051
sweep,3211
sweep,3253
sweep,2988
sweep,2959
sweep,2704
sweep,2979
sweep,2966
sweep,2927
sweep,3316
sweep,2912
sweep,2988
sweep,3515
sweep,2338
sweep,2399
sweep,3999
sweep,2541
sweep,3259
sweep,1848
sweep,3664
sweep,3832
sweep,4260
sweep,3379
sweep,2999
sweep,3062
sweep,2925
sweep,2953
sweep,2751
sweep,3116
sweep,2649
sweep,3364
sweep,2718
sweep,2915
sweep,3759
sweep,2738
sweep,2985
sweep,3057
sweep,2829
sweep,3650
sweep,2603
sweep,2531
sweep,2455
sweep,5380
sweep,8901
sweep,8397
sweep,8955
sweep,7990
sweep,6133
sweep,7192
sweep,4063
sweep,4221
sweep,4918
sweep,6109
sweep,5676
sweep,6077
sweep,226
mark,1044339
sweep,4701
sweep,3679
sweep,3894
sweep,4269
sweep,3852
sweep,4262
sweep,3777
sweep,3220
sweep,3159
sweep,3122
sweep,3078
sweep,3066
sweep,2602
sweep,3025
sweep,2600
sweep,2693
sweep,3167
sweep,3262
sweep,3181
sweep,3356
sweep,2190
sweep,2592
sweep,3712
sweep,2625
sweep,3607
sweep,1894
sweep,3345
sweep,3772
sweep,4303
sweep,3435
sweep,3104
sweep,3010
sweep,2893
sweep,2999
sweep,2752
sweep,3431
sweep,2940
sweep,3021
sweep,2693
sweep,2753
sweep,3708
sweep,2873
sweep,2871
sweep,3092
sweep,3092
sweep,3398
sweep,2894
sweep,2508
sweep,2553
sweep,3719
sweep,3941
sweep,4204
sweep,4051
sweep,6018
sweep,7794
sweep,6128
sweep,8869
sweep,8330
sweep,8792
sweep,8153
sweep,7418
sweep,7610
sweep,835
mark,1035587
sweep,4904
sweep,3878
sweep,3845
sweep,4140
sweep,3615
sweep,4026
sweep,3561
sweep,3375
sweep,3214
sweep,3537
sweep,3011
sweep,2772
sweep,2665
sweep,3049
sweep,2736
sweep,2722
sweep,3264
sweep,2981
sweep,3095
sweep,3535
sweep,2464
sweep,2909
sweep,3964
sweep,2719
sweep,3071
sweep,2152
sweep,3686
sweep,3863
sweep,4250
sweep,3399
sweep,3537
sweep,2920
sweep,2897
sweep,3220
sweep,2854
sweep,3355
sweep,2778
sweep,3288
sweep,2736
sweep,2657
sweep,3932
sweep,2675
sweep,2766
sweep,3146
sweep,2761
sweep,3446
sweep,2946
sweep,2678
sweep,2460
sweep,5450
sweep,8629
sweep,8376
sweep,8446
sweep,8318
sweep,6114
sweep,7580
sweep,4441
sweep,4549
sweep,4571
sweep,6027
sweep,5629
sweep,5784
sweep,221
mark,1024501
sweep,4951
sweep,4345
sweep,4239
sweep,4172
sweep,3537
sweep,4117
sweep,3528
sweep,3433
sweep,2881
sweep,3055
sweep,3115
sweep,2954
sweep,2943
sweep,2739
sweep,2568
sweep,2780
sweep,3656
sweep,2881
sweep,3316
sweep,3277
sweep,2377
sweep,2547
sweep,3999
sweep,2589
sweep,3083
sweep,2075
sweep,3345
sweep,3632
sweep,4365
sweep,3371
sweep,3394
sweep,3355
sweep,2848
sweep,3050
sweep,2724
sweep,3118
sweep,3014
sweep,3124
sweep,2651
sweep,2703
sweep,3799
sweep,2718
sweep,2777
sweep,3167
sweep,2916
sweep,3409
sweep,3001
sweep,2576
sweep,2674
sweep,3534
sweep,4117
sweep,3991
sweep,4094
sweep,5632
sweep,7674
sweep,5789
sweep,9522
sweep,8021
sweep,8246
sweep,8168
sweep,7385
sweep,7456
sweep,832
mark,1027386
sweep,5193
sweep,3862
sweep,4135
sweep,3990
sweep,3610
sweep,4468
sweep,3603
sweep,3255
sweep,3110
sweep,3247
sweep,3090
sweep,2833
sweep,2696
sweep,2874
sweep,2539
sweep,2745
sweep,3191
sweep,2887
sweep,3030
sweep,3560
sweep,2588
sweep,2585
sweep,3759
sweep,2507
sweep,3248
sweep,1879
sweep,3765
sweep,3752
sweep,4303
sweep,3621
sweep,3350
sweep,2962
sweep,2818
sweep,3137
sweep,3331
sweep,3196
sweep,2999
sweep,3008
sweep,2497
sweep,3026
sweep,3903
sweep,2877
sweep,2628
sweep,2904
sweep,2817
sweep,3717
sweep,2833
sweep,2512
sweep,2487
sweep,5588
sweep,8914
sweep,9036
sweep,8742
sweep,8072
sweep,6264
sweep,7394
sweep,3943
sweep,4321
sweep,4787
sweep,6347
sweep,5764
sweep,5643
sweep,227
mark,1026831
sweep,4719
sweep,4275
sweep,4274
sweep,4251
sweep,3794
sweep,4038
sweep,4056
sweep,3061
sweep,2769
sweep,3199
sweep,3401
sweep,3289
sweep,2812
sweep,2720
sweep,3041
sweep,2651
sweep,3250
sweep,2894
sweep,2999
sweep,3736
sweep,2420
sweep,2527
sweep,4001
sweep,2476
sweep,3558
sweep,2182
sweep,3282
sweep,3626
sweep,4425
sweep,3574
sweep,3438
sweep,3156
sweep,2875
sweep,3411
sweep,2725
sweep,3411
sweep,2929
sweep,3124
sweep,2995
sweep,2680
sweep,3909
sweep,2602
sweep,2629
sweep,3043
sweep,2834
sweep,3337
sweep,2792
sweep,2600
sweep,2421
sweep,3495
sweep,4188
sweep,4047
sweep,4106
sweep,5944
sweep,7810
sweep,6256
sweep,8421
sweep,8345
sweep,8432
sweep,7229
sweep,7057
sweep,7244
sweep,840
mark,1028581
sweep,4619
sweep,4410
sweep,3920
sweep,4063
sweep,3656
sweep,4193
sweep,3612
sweep,3244
sweep,2845
sweep,3378
sweep,3165
sweep,2659
sweep,2906
sweep,3140
sweep,2641
sweep,2826
sweep,3619
sweep,2930
sweep,3056
sweep,3534
sweep,2424
sweep,2454
sweep,4299
sweep,2847
sweep,3004
sweep,1938
sweep,3373
sweep,3599
sweep,4421
sweep,3471
sweep,3086
sweep,3132
sweep,3036
sweep,3203
sweep,2893
sweep,3263
sweep,2930
sweep,3129
sweep,2475
sweep,2769
sweep,3827
sweep,3045
sweep,3025
sweep,3134
sweep,2848
sweep,3451
sweep,3026
sweep,2462
sweep,2736
sweep,5613
sweep,9046
sweep,8776
sweep,8615
sweep,8054
sweep,5693
sweep,6876
sweep,3919
sweep,4473
sweep,4744
sweep,6213
sweep,5548
sweep,5858
sweep,223
mark,1027561
sweep,4471
sweep,3915
sweep,4355
sweep,4311
sweep,3721
sweep,4222
sweep,3825
sweep,3017
sweep,3049
sweep,3284
sweep,3045
sweep,3590
sweep,2911
sweep,2826
sweep,2621
sweep,2639
sweep,3366
sweep,2922
sweep,3103
sweep,3468
sweep,2699
sweep,2536
sweep,3897
sweep,2240
sweep,3090
sweep,1898
sweep,3380
sweep,3761
sweep,4421
sweep,3567
sweep,3690
sweep,3237
sweep,3009
sweep,3277
sweep,2775
sweep,3324
sweep,2842
sweep,3376
sweep,2819
sweep,2726
sweep,3767
sweep,2967
sweep,2785
sweep,3398
sweep,2737
sweep,3396
sweep,2808
sweep,2584
sweep,2540
sweep,3805
sweep,3951
sweep,4189
sweep,4260
sweep,5707
sweep,8476
sweep,6309
sweep,8990
sweep,8220
sweep,9022
sweep,7076
sweep,7735
sweep,7421
sweep,1064
mark,1047483
sweep,4722
sweep,4112
sweep,4343
sweep,3933
sweep,3970
sweep,4084
sweep,3852
sweep,3403
sweep,3069
sweep,3187
sweep,2959
sweep,2764
sweep,3012
sweep,2754
sweep,2547
sweep,2777
sweep,3262
sweep,2839
sweep,3056
sweep,3496
sweep,2388
sweep,2392
sweep,3989
sweep,2675
sweep,3365
sweep,1949
sweep,3587
sweep,3624
sweep,4266
sweep,3448
sweep,3154
sweep,2971
sweep,2896
sweep,3029
sweep,2877
sweep,3230
sweep,2722
sweep,3333
sweep,2928
sweep,2805
sweep,3672
sweep,2547
sweep,2687
sweep,3374
sweep,3102
sweep,3547
sweep,3169
sweep,2494
sweep,2545
sweep,5697
sweep,9057
sweep,8606
sweep,8529
sweep,8186
sweep,6273
sweep,7521
sweep,3996
sweep,4442
sweep,5223
sweep,6075
sweep,5820
sweep,5995
sweep,225
mark,1025715
sweep,4693
sweep,3722
sweep,4568
sweep,4255
sweep,3922
sweep,4300
sweep,3513
sweep,3037
sweep,2831
sweep,3336
sweep,3139
sweep,2706
sweep,2908
sweep,2845
sweep,2625
sweep,2836
sweep,3495
sweep,2875
sweep,3268
sweep,3229
sweep,2660
sweep,2654
sweep,3825
sweep,2328
sweep,3098
sweep,2194
sweep,3625
sweep,3734
sweep,4547
sweep,3398
sweep,3161
sweep,3236
sweep,3424
sweep,2911
sweep,3039
sweep,3652
sweep,2833
sweep,3008
sweep,2700
sweep,2728
sweep,3810
sweep,3064
sweep,2856
sweep,3640
sweep,2801
sweep,3473
sweep,2767
sweep,2472
sweep,2420
sweep,3668
sweep,4031
sweep,3942
sweep,4069
sweep,6142
sweep,8043
sweep,6551
sweep,8401
sweep,8342
sweep,8490
sweep,7097
sweep,6983
sweep,7100
sweep,821
mark,1032005
sweep,4963
sweep,3980
sweep,4481
sweep,4212
sweep,3866
sweep,4274
sweep,3851
sweep,3373
sweep,3079
sweep,3553
sweep,3056
sweep,2705
sweep,2981
sweep,2916
sweep,2634
sweep,2726
sweep,3422
sweep,2881
sweep,2995
sweep,3758
sweep,2324
sweep,2395
sweep,4151
sweep,2685
sweep,3098
sweep,2127
sweep,3811
sweep,3610
sweep,4573
sweep,3612
sweep,3578
sweep,2973
sweep,2886
sweep,3197
sweep,2846
sweep,3383
sweep,2751
sweep,3014
sweep,2722
sweep,2817
sweep,3629
sweep,2678
sweep,2634
sweep,2940
sweep,2797
sweep,4031
sweep,2665
sweep,2698
sweep,2419
sweep,5577
sweep,8849
sweep,8318
sweep,8747
sweep,8024
sweep,6695
sweep,7457
sweep,4357
sweep,4485
sweep,4791
sweep,6267
sweep,5898
sweep,5825
sweep,222
mark,1025939
sweep,4895
sweep,4168
sweep,4241
sweep,4235
sweep,3811
sweep,4047
sweep,3499
sweep,3115
sweep,3149
sweep,3087
sweep,3059
sweep,2667
sweep,2965
sweep,2816
sweep,2550
sweep,2822
sweep,3219
sweep,3031
sweep,3255
sweep,3668
sweep,2464
sweep,2448
sweep,3923
sweep,2540
sweep,3063
sweep,1962
sweep,3677
sweep,3731
sweep,4469
sweep,3481
sweep,3123
sweep,3259
sweep,3018
sweep,3152
sweep,3105
sweep,3657
sweep,2967
sweep,3355
sweep,3002
sweep,2780
sweep,3690
sweep,2729
sweep,2735
sweep,3243
sweep,2848
sweep,3290
sweep,2828
sweep,2520
sweep,2442
sweep,3677
sweep,3660
sweep,3897
sweep,4057
sweep,5841
sweep,8284
sweep,6354
sweep,8525
sweep,8239
sweep,8394
sweep,8252
sweep,7375
sweep,7568
sweep,836
mark,1019442
sweep,4650
sweep,3748
sweep,4462
sweep,3847
sweep,3734
sweep,4199
sweep,3639
sweep,3340
sweep,2833
sweep,3774
sweep,3110
sweep,3262
sweep,2680
sweep,2977
sweep,2727
sweep,2693
sweep,3404
sweep,3488
sweep,3077
sweep,3312
sweep,2441
sweep,2499
sweep,4006
sweep,2349
sweep,3236
sweep,1887
sweep,3393
sweep,3593
sweep,4424
sweep,3295
sweep,3123
sweep,3097
sweep,2789
sweep,2991
sweep,3049
sweep,3438
sweep,2717
sweep,3046
sweep,2377
sweep,2625
sweep,3849
sweep,2857
sweep,2922
sweep,3016
sweep,2941
sweep,3385
sweep,2743
sweep,2477
sweep,2489
sweep,5652
sweep,9242
sweep,8456
sweep,8906
sweep,8141
sweep,6073
sweep,7349
sweep,3870
sweep,4596
sweep,4618
sweep,6182
sweep,5648
sweep,5810
sweep,233
mark,1063719
sweep,4716
sweep,4108
sweep,4461
sweep,4140
sweep,4098
sweep,4290
sweep,3523
sweep,3615
sweep,2819
sweep,3094
sweep,3101
sweep,3297
sweep,2957
sweep,3056
sweep,2614
sweep,3138
sweep,3178
sweep,3157
sweep,3055
sweep,3480
sweep,2338
sweep,2638
sweep,3836
sweep,2343
sweep,3080
sweep,1972
sweep,3362
sweep,3577
sweep,4169
sweep,3661
sweep,3458
sweep,2906
sweep,2943
sweep,3185
sweep,2745
sweep,3417
sweep,2826
sweep,3005
sweep,2545
sweep,2590
sweep,3618
sweep,2674
sweep,2648
sweep,2913
sweep,2785
sweep,3535
sweep,2719
sweep,2763
sweep,2523
sweep,3801
sweep,4291
sweep,3941
sweep,4473
sweep,6239
sweep,7772
sweep,6066
sweep,8990
sweep,8216
sweep,8749
sweep,8331
sweep,7612
sweep,7480
sweep,836
mark,1030137
sweep,4652
sweep,4098
sweep,4185
sweep,4226
sweep,3825
sweep,4354
sweep,3611
sweep,3306
sweep,3122
sweep,3206
sweep,3019
sweep,3041
sweep,2651
sweep,3049
sweep,3076
sweep,3092
sweep,3522
sweep,2955
sweep,3129
sweep,3611
sweep,2351
sweep,2455
sweep,3973
sweep,2367
sweep,3669
sweep,2107
sweep,3565
sweep,3803
sweep,4313
sweep,3519
sweep,3551
sweep,2867
sweep,2863
sweep,3455
sweep,2745
sweep,3471
sweep,2751
sweep,3195
sweep,2531
sweep,3100
sweep,3914
sweep,2692
sweep,2648
sweep,3230
sweep,2881
sweep,3452
sweep,2805
sweep,2576
sweep,2695
sweep,5376
sweep,9184
sweep,8545
sweep,8663
sweep,8167
sweep,5814
sweep,7232
sweep,4146
sweep,4394
sweep,4997
sweep,6248
sweep,5839
sweep,5690
sweep,278
mark,1030250
sweep,4578
sweep,3908
sweep,4368
sweep,4070
sweep,3518
sweep,4084
sweep,3518
sweep,3292
sweep,3081
sweep,3211
sweep,3270
sweep,2716
sweep,2723
sweep,2882
sweep,2578
sweep,2698
sweep,3537
sweep,2890
sweep,2962
sweep,3571
sweep,2401
sweep,2503
sweep,3900
sweep,2438
sweep,3084
sweep,2122
sweep,3625
sweep,3877
sweep,4382
sweep,3739
sweep,3066
sweep,3082
sweep,2927
sweep,3127
sweep,2761
sweep,3267
sweep,2904
sweep,3017
sweep,2734
sweep,2631
sweep,3713
sweep,3220
sweep,2626
sweep,3029
sweep,3347
sweep,3447
sweep,2879
sweep,2559
sweep,2689
sweep,3467
sweep,4080
sweep,4059
sweep,4270
sweep,5935
sweep,8503
sweep,6832
sweep,8662
sweep,8262
sweep,8862
sweep,8129
sweep,7505
sweep,7582
sweep,830
mark,1032762
sweep,4573
sweep,3867
sweep,4536
sweep,4095
sweep,3448
sweep,4360
sweep,3671
sweep,3012
sweep,2790
sweep,3227
sweep,3455
sweep,2737
sweep,2678
sweep,2970
sweep,2668
sweep,2907
sweep,3370
sweep,2947
sweep,2978
sweep,3396
sweep,2282
sweep,2439
sweep,3955
sweep,2420
sweep,3614
sweep,2027
sweep,3555
sweep,3794
sweep,4321
sweep,3720
sweep,3175
sweep,3107
sweep,2871
sweep,3322
sweep,2807
sweep,3369
sweep,2804
sweep,3270
sweep,2548
sweep,2702
sweep,3713
sweep,2728
sweep,2817
sweep,3580
sweep,3045
sweep,3384
sweep,2905
sweep,2529
sweep,2435
sweep,5516
sweep,9027
sweep,8378
sweep,8504
sweep,8143
sweep,6179
sweep,7313
sweep,4079
sweep,4379
sweep,4349
sweep,6205
sweep,5668
sweep,6567
sweep,215
mark,1030652
sweep,4722
sweep,4368
sweep,3937
sweep,4113
sweep,3889
sweep,4213
sweep,3719
sweep,3428
sweep,2777
sweep,3011
sweep,3127
sweep,2848
sweep,2711
sweep,2896
sweep,2618
sweep,2988
sweep,3310
sweep,3005
sweep,3234
sweep,3645
sweep,2268
sweep,2542
sweep,4143
sweep,2355
sweep,3062
sweep,2287
sweep,3542
sweep,3600
sweep,4477
sweep,3688
sweep,3305
sweep,3011
sweep,3069
sweep,2953
sweep,3479
sweep,3455
sweep,2858
sweep,3002
sweep,2756
sweep,2987
sweep,3700
sweep,2738
sweep,2791
sweep,2972
sweep,2922
sweep,3401
sweep,3012
sweep,2599
sweep,2814
sweep,3437
sweep,4013
sweep,3954
sweep,4451
sweep,6178
sweep,7617
sweep,5999
sweep,8439
sweep,8456
sweep,8400
sweep,8408
sweep,7397
sweep,7728
sweep,824
mark,1034475
sweep,5023
sweep,4372
sweep,3969
sweep,4009
sweep,3830
sweep,4397
sweep,3601
sweep,3234
sweep,3175
sweep,3217
sweep,3271
sweep,2791
sweep,2668
sweep,3138
sweep,2654
sweep,2869
sweep,3482
sweep,2975
sweep,3233
sweep,3409
sweep,2287
sweep,2392
sweep,4137
sweep,2751
sweep,3025
sweep,2138
sweep,3598
sweep,3508
sweep,4341
sweep,3422
sweep,3156
sweep,3055
sweep,3080
sweep,3030
sweep,3061
sweep,3212
sweep,2897
sweep,3490
sweep,2823
sweep,2768
sweep,3964
sweep,2854
sweep,2576
sweep,3013
sweep,3109
sweep,3756
sweep,2603
sweep,2734
sweep,2575
sweep,5532
sweep,8958
sweep,8606
sweep,8933
sweep,7929
sweep,6140
sweep,6996
sweep,4415
sweep,4315
sweep,5101
sweep,6064
sweep,5688
sweep,6030
sweep,249
mark,1046426
sweep,4706
sweep,3756
sweep,4343
sweep,4043
sweep,3793
sweep,4235
sweep,3654
sweep,3230
sweep,2812
sweep,3076
sweep,3414
sweep,2721
sweep,3006
sweep,2835
sweep,2961
sweep,2683
sweep,3235
sweep,6402
sweep,2972
sweep,3735
sweep,2308
sweep,2777
sweep,4030
sweep,2522
sweep,3615
sweep,1912
sweep,3391
sweep,3607
sweep,4448
sweep,3345
sweep,3171
sweep,3362
sweep,2976
sweep,3008
sweep,2872
sweep,3081
sweep,3375
sweep,3267
sweep,2551
sweep,3132
sweep,3904
sweep,2900
sweep,2781
sweep,3066
sweep,3134
sweep,3482
sweep,2713
sweep,2637
sweep,2832
sweep,3614
sweep,4004
sweep,4103
sweep,4082
sweep,5739
sweep,8007
sweep,6575
sweep,8518
sweep,8366
sweep,8383
sweep,7503
sweep,7438
sweep,7023
sweep,840
mark,1029163
sweep,4868
sweep,3964
sweep,3960
sweep,4310
sweep,3856
sweep,4065
sweep,3547
sweep,3359
sweep,3132
sweep,3239
sweep,3336
sweep,2762
sweep,2848
sweep,2864
sweep,2550
sweep,2782
sweep,3284
sweep,2922
sweep,2928
sweep,3298
sweep,2327
sweep,2423
sweep,3789
sweep,2427
sweep,3140
sweep,1976
sweep,3404
sweep,3687
sweep,4244
sweep,3459
sweep,3281
sweep,2953
sweep,2877
sweep,3205
sweep,2687
sweep,3255
sweep,2836
sweep,3090
sweep,2490
sweep,3103
sweep,3770
sweep,2757
sweep,2673
sweep,3349
sweep,3221
sweep,3460
sweep,2744
sweep,2521
sweep,2401
sweep,5534
sweep,9405
sweep,8666
sweep,8433
sweep,8190
sweep,5798
sweep,7456
sweep,4018
sweep,4292
sweep,4360
sweep,5724
sweep,6064
sweep,5826
sweep,221
mark,1029526
sweep,4883
sweep,4176
sweep,4101
sweep,4111
sweep,3659
sweep,4261
sweep,3638
sweep,3410
sweep,3207
sweep,3148
sweep,3403
sweep,2743
sweep,2837
sweep,3067
sweep,2853
sweep,2750
sweep,3556
sweep,2872
sweep,3391
sweep,3329
sweep,2328
sweep,2561
sweep,3711
sweep,2411
sweep,3560
sweep,2179
sweep,3320
sweep,3906
sweep,4503
sweep,3603
sweep,3193
sweep,3142
sweep,2962
sweep,3090
sweep,2756
sweep,3163
sweep,2757
sweep,3079
sweep,2627
sweep,3031
sweep,3851
sweep,2771
sweep,2785
sweep,3434
sweep,2823
sweep,3695
sweep,2813
sweep,2653
sweep,2515
sweep,3878
sweep,4126
sweep,4051
sweep,4143
sweep,5669
sweep,7788
sweep,5993
sweep,9273
sweep,8279
sweep,8403
sweep,7318
sweep,7140
sweep,7377
sweep,833
mark,1046663
sweep,4836
sweep,3899
sweep,4431
sweep,4197
sweep,3632
sweep,4366
sweep,3649
sweep,3145
sweep,2787
sweep,3222
sweep,3359
sweep,3024
sweep,3085
sweep,2799
sweep,2989
sweep,2705
sweep,3434
sweep,2989
sweep,3095
sweep,3784
sweep,2373
sweep,2399
sweep,3750
sweep,2355
sweep,3663
sweep,1977
sweep,3361
sweep,3854
sweep,4483
sweep,3754
sweep,3100
sweep,2943
sweep,3078
sweep,3178
sweep,2853
sweep,3030
sweep,2694
sweep,3315
sweep,2582
sweep,2636
sweep,4012
sweep,2934
sweep,2603
sweep,2968
sweep,2851
sweep,3761
sweep,2793
sweep,2604
sweep,2774
sweep,5397
sweep,8926
sweep,8711
sweep,8035
sweep,8124
sweep,5753
sweep,7051
sweep,4080
sweep,4303
sweep,4219
sweep,5682
sweep,6052
sweep,5744
sweep,240
mark,1030225
sweep,4419
sweep,3954
sweep,3985
sweep,4327
sweep,3977
sweep,4017
sweep,3625
sweep,3365
sweep,3105
sweep,3158
sweep,3464
sweep,2769
sweep,2528
sweep,2908
sweep,2692
sweep,2711
sweep,3356
sweep,2997
sweep,3211
sweep,3833
sweep,2242
sweep,2639
sweep,3942
sweep,2317
sweep,3411
sweep,2209
sweep,3417
sweep,4375
sweep,4213
sweep,3580
sweep,3216
sweep,2924
sweep,3078
sweep,2955
sweep,2775
sweep,3286
sweep,2919
sweep,3165
sweep,2535
sweep,2772
sweep,3806
sweep,2974
sweep,2669
sweep,2905
sweep,2804
sweep,3431
sweep,2884
sweep,2666
sweep,2509
sweep,3658
sweep,4040
sweep,3923
sweep,4044
sweep,6020
sweep,7823
sweep,6142
sweep,8638
sweep,8198
sweep,8521
sweep,7362
sweep,7305
sweep,7023
sweep,841
mark,1029092
sweep,4910
sweep,4035
sweep,3871
sweep,4123
sweep,3620
sweep,3906
sweep,3698
sweep,3229
sweep,2858
sweep,3696
sweep,3128
sweep,2734
sweep,2989
sweep,2923
sweep,2874
sweep,2681
sweep,3551
sweep,2991
sweep,2911
sweep,3759
sweep,2427
sweep,2523
sweep,3725
sweep,2305
sweep,3208
sweep,1901
sweep,3562
sweep,4105
sweep,4958
sweep,3807
sweep,3347
sweep,3201
sweep,3374
sweep,3073
sweep,3034
sweep,3535
sweep,2766
sweep,3104
sweep,2662
sweep,2677
sweep,3820
sweep,2583
sweep,2694
sweep,3086
sweep,2888
sweep,3366
sweep,2642
sweep,2582
sweep,2402
sweep,5662
sweep,8677
sweep,8670
sweep,8526
sweep,8229
sweep,6428
sweep,7326
sweep,4248
sweep,4215
sweep,5023
sweep,6224
sweep,5502
sweep,5791
sweep,242
mark,1029599
sweep,5076
sweep,4037
sweep,4460
sweep,4098
sweep,3823
sweep,4038
sweep,3486
sweep,3116
sweep,3071
sweep,3177
sweep,3555
sweep,3024
sweep,2708
sweep,2706
sweep,2701
sweep,2727
sweep,3212
sweep,3430
sweep,2957
sweep,3438
sweep,2628
sweep,2797
sweep,3886
sweep,2368
sweep,3136
sweep,1877
sweep,3373
sweep,3869
sweep,4848
sweep,3559
sweep,3315
sweep,3406
sweep,2908
sweep,2968
sweep,2764
sweep,3285
sweep,2769
sweep,3342
sweep,2488
sweep,2774
sweep,3538
sweep,2805
sweep,2670
sweep,3315
sweep,2885
sweep,3439
sweep,2602
sweep,2689
sweep,2478
sweep,3407
sweep,3976
sweep,4150
sweep,4173
sweep,5980
sweep,7589
sweep,5960
sweep,8501
sweep,8321
sweep,8508
sweep,8184
sweep,7371
sweep,7516
sweep,831
mark,1035157
sweep,4660
sweep,4109
sweep,3960
sweep,4237
sweep,3640
sweep,4596
sweep,3792
sweep,3404
sweep,3168
sweep,3609
sweep,3098
sweep,2754
sweep,2685
sweep,2764
sweep,2642
sweep,2745
sweep,3237
sweep,2873
sweep,2804
sweep,3485
sweep,2266
sweep,2547
sweep,3800
sweep,2375
sweep,3467
sweep,1913
sweep,3425
sweep,4368
sweep,4397
sweep,3792
sweep,3072
sweep,2972
sweep,3175
sweep,3034
sweep,2751
sweep,3365
sweep,2977
sweep,3041
sweep,2605
sweep,2618
sweep,3739
sweep,2639
sweep,2694
sweep,2934
sweep,2993
sweep,3877
sweep,2748
sweep,2646
sweep,2634
sweep,5895
sweep,8737
sweep,8614
sweep,8819
sweep,8369
sweep,5677
sweep,7035
sweep,3962
sweep,4169
sweep,4660
sweep,6138
sweep,5636
sweep,6287
sweep,272
mark,1044720
sweep,4953
sweep,3849
sweep,4357
sweep,4360
sweep,3706
sweep,4464
sweep,3568
sweep,3186
sweep,2874
sweep,3448
sweep,3385
sweep,2794
sweep,3014
sweep,2937
sweep,2613
sweep,2631
sweep,3478
sweep,2920
sweep,3006
sweep,3457
sweep,2287
sweep,2468
sweep,4201
sweep,2711
sweep,3209
sweep,1870
sweep,3582
sweep,3616
sweep,4520
sweep,3432
sweep,3524
sweep,3006
sweep,2834
sweep,3087
sweep,2716
sweep,3436
sweep,3005
sweep,3055
sweep,2764
sweep,2656
sweep,3704
sweep,3229
sweep,2633
sweep,3076
sweep,3012
sweep,3419
sweep,3004
sweep,2549
sweep,2496
sweep,3771
sweep,4272
sweep,4020
sweep,4506
sweep,5814
sweep,8498
sweep,6397
sweep,8583
sweep,8629
sweep,8486
sweep,8920
sweep,7817
sweep,7137
sweep,791
mark,1037358
sweep,4857
sweep,3862
sweep,3818
sweep,3864
sweep,3794
sweep,4171
sweep,3646
sweep,3498
sweep,2840
sweep,3463
sweep,2935
sweep,2726
sweep,2892
sweep,2863
sweep,3064
sweep,2798
sweep,3552
sweep,3170
sweep,3121
sweep,4005
sweep,2466
sweep,2602
sweep,3798
sweep,2289
sweep,3106
sweep,2017
sweep,3603
sweep,3637
sweep,4714
sweep,3671
sweep,3608
sweep,2956
sweep,2851
sweep,3077
sweep,2849
sweep,3164
sweep,2792
sweep,3016
sweep,2476
sweep,2623
sweep,3717
sweep,2679
sweep,2943
sweep,3056
sweep,3038
sweep,3545
sweep,2967
sweep,2530
sweep,2518
sweep,5465
sweep,9266
sweep,8927
sweep,9156
sweep,8577
sweep,6516
sweep,7015
sweep,3870
sweep,4322
sweep,4851
sweep,6265
sweep,5510
sweep,6260
sweep,270
mark,1031164
sweep,4711
sweep,3858
sweep,4134
sweep,4115
sweep,3947
sweep,4065
sweep,3822
sweep,3281
sweep,3028
sweep,3205
sweep,3098
sweep,2770
sweep,2808
sweep,3101
sweep,2775
sweep,2993
sweep,3776
sweep,2891
sweep,3158
sweep,3545
sweep,2271
sweep,2524
sweep,3722
sweep,2366
sweep,3036
sweep,2025
sweep,3528
sweep,3696
sweep,4253
sweep,3580
sweep,3191
sweep,3068
sweep,2969
sweep,3101
sweep,2750
sweep,3248
sweep,2861
sweep,3063
sweep,2758
sweep,2979
sweep,3789
sweep,3003
sweep,2677
sweep,3171
sweep,3124
sweep,3883
sweep,2705
sweep,2443
sweep,2447
sweep,3622
sweep,3868
sweep,4117
sweep,4132
sweep,5624
sweep,8569
sweep,6413
sweep,9115
sweep,8049
sweep,8890
sweep,7457
sweep,7602
sweep,7216
sweep,836
mark,1030280
sweep,4796
sweep,4031
sweep,4203
sweep,4152
sweep,3890
sweep,4537
sweep,3737
sweep,3301
sweep,3075
sweep,3207
sweep,3288
sweep,2733
sweep,3077
sweep,2999
sweep,2712
sweep,3006
sweep,3335
sweep,3026
sweep,3129
sweep,3475
sweep,2366
sweep,2427
sweep,3827
sweep,2613
sweep,3073
sweep,1922
sweep,3375
sweep,4068
sweep,4140
sweep,3343
sweep,3549
sweep,3027
sweep,2824
sweep,3291
sweep,2766
sweep,3258
sweep,2713
sweep,3175
sweep,2702
sweep,2899
sweep,3744
sweep,2910
sweep,2734
sweep,2921
sweep,2846
sweep,3666
sweep,2635
sweep,2488
sweep,2485
sweep,5638
sweep,9338
sweep,9031
sweep,8982
sweep,8182
sweep,5815
sweep,7485
sweep,4228
sweep,4340
sweep,4636
sweep,6043
sweep,6228
sweep,5846
sweep,227
mark,1087730
sweep,4629
sweep,4188
sweep,4664
sweep,4403
sweep,3805
sweep,3865
sweep,3646
sweep,3123
sweep,2788
sweep,3126
sweep,3175
sweep,2998
sweep,2748
sweep,3000
sweep,2535
sweep,2676
sweep,3252
sweep,2832
sweep,3033
sweep,3561
sweep,2556
sweep,2730
sweep,3787
sweep,2471
sweep,3032
sweep,1882
sweep,3533
sweep,3776
sweep,4751
sweep,3610
sweep,2998
sweep,3440
sweep,7265
sweep,2953
sweep,2684
sweep,3314
sweep,2737
sweep,3299
sweep,2525
sweep,2674
sweep,3859
sweep,2980
sweep,2729
sweep,3025
sweep,2774
sweep,3651
sweep,2713
sweep,2630
sweep,2417
sweep,3802
sweep,4110
sweep,4233
sweep,4037
sweep,5936
sweep,7692
sweep,5853
sweep,9084
sweep,7888
sweep,9065
sweep,7156
sweep,7631
sweep,7335
sweep,832
mark,1032200
sweep,4477
sweep,3772
sweep,4427
sweep,4722
sweep,3838
sweep,4368
sweep,3823
sweep,3523
sweep,3346
sweep,3582
sweep,3047
sweep,2743
sweep,2941
sweep,2778
sweep,2573
sweep,3115
sweep,3205
sweep,2976
sweep,2968
sweep,3834
sweep,2308
sweep,2451
sweep,3720
sweep,2442
sweep,3086
sweep,1901
sweep,3456
sweep,3592
sweep,4425
sweep,3720
sweep,3273
sweep,2982
sweep,3452
sweep,3118
sweep,2764
sweep,3181
sweep,2758
sweep,3256
sweep,2744
sweep,3003
sweep,3776
sweep,2650
sweep,2635
sweep,3103
sweep,2856
sweep,3444
sweep,2771
sweep,2510
sweep,2803
sweep,5707
sweep,8945
sweep,8170
sweep,8422
sweep,8062
sweep,6533
sweep,7210
sweep,3906
sweep,4406
sweep,4992
sweep,6327
sweep,5618
sweep,6001
sweep,352
mark,1039499
sweep,4631
sweep,3765
sweep,4434
sweep,4281
sweep,3623
sweep,4079
sweep,3578
sweep,3095
sweep,3062
sweep,3397
sweep,3249
sweep,2989
sweep,2722
sweep,2831
sweep,2672
sweep,2791
sweep,3474
sweep,2959
sweep,2939
sweep,3464
sweep,2454
sweep,2467
sweep,3856
sweep,2371
sweep,3540
sweep,1853
sweep,3476
sweep,4083
sweep,4132
sweep,3445
sweep,3530
sweep,3180
sweep,2918
sweep,3033
sweep,2816
sweep,3439
sweep,2797
sweep,3056
sweep,2775
sweep,2793
sweep,3913
sweep,2676
sweep,2683
sweep,3137
sweep,2804
sweep,3454
sweep,3011
sweep,2533
sweep,2633
sweep,3611
sweep,4014
sweep,4052
sweep,4155
sweep,5904
sweep,8674
sweep,6409
sweep,9058
sweep,8136
sweep,8978
sweep,7409
sweep,7675
sweep,7121
sweep,994
mark,1030099
sweep,4832
sweep,3878
sweep,4364
sweep,4092
sweep,3706
sweep,3954
sweep,3570
sweep,3137
sweep,3198
sweep,3368
sweep,2957
sweep,3043
sweep,2962
sweep,2798
sweep,2720
sweep,2986
sweep,3206
sweep,3062
sweep,3089
sweep,3690
sweep,2365
sweep,2405
sweep,4102
sweep,2407
sweep,3162
sweep,2107
sweep,3460
sweep,3676
sweep,4473
sweep,3330
sweep,3196
sweep,2960
sweep,3076
sweep,3325
sweep,2737
sweep,3283
sweep,2752
sweep,3252
sweep,2464
sweep,3064
sweep,3672
sweep,2655
sweep,2634
sweep,3368
sweep,2808
sweep,3624
sweep,2944
sweep,2474
sweep,2485
sweep,5411
sweep,9235
sweep,8483
sweep,8577
sweep,7831
sweep,6077
sweep,7047
sweep,4019
sweep,4262
sweep,4898
sweep,6114
sweep,5988
sweep,5802
sweep,223
mark,1033413
sweep,4684
sweep,4233
sweep,3924
sweep,4056
sweep,3580
sweep,4001
sweep,3538
sweep,3447
sweep,2762
sweep,3119
sweep,3114
sweep,3327
sweep,2824
sweep,2926
sweep,2673
sweep,2686
sweep,3119
sweep,2904
sweep,3195
sweep,3729
sweep,2419
sweep,2660
sweep,3817
sweep,2422
sweep,3146
sweep,1980
sweep,3294
sweep,3859
sweep,4920
sweep,3417
sweep,3251
sweep,2919
sweep,3095
sweep,3062
sweep,2822
sweep,3578
sweep,2967
sweep,3090
sweep,2610
sweep,3069
sweep,4073
sweep,2793
sweep,2651
sweep,3138
sweep,2841
sweep,3824
sweep,2946
sweep,2737
sweep,2478
sweep,3528
sweep,3881
sweep,4159
sweep,4451
sweep,6109
sweep,7772
sweep,6156
sweep,8769
sweep,8135
sweep,8886
sweep,8318
sweep,7198
sweep,7642
sweep,830
mark,1036726
sweep,4966
sweep,3986
sweep,4031
sweep,4240
sweep,3807
sweep,4098
sweep,3630
sweep,3675
sweep,2979
sweep,3253
sweep,2951
sweep,2818
sweep,2708
sweep,3186
sweep,2908
sweep,2687
sweep,3647
sweep,2967
sweep,3091
sweep,3374
sweep,2659
sweep,2404
sweep,3782
sweep,2592
sweep,3098
sweep,1861
sweep,3333
sweep,3810
sweep,4570
sweep,3726
sweep,3306
sweep,2971
sweep,2851
sweep,3002
sweep,2789
sweep,3415
sweep,2718
sweep,3339
sweep,2802
sweep,2829
sweep,3943
sweep,2610
sweep,2907
sweep,3083
sweep,2916
sweep,3488
sweep,2831
sweep,2446
sweep,2473
sweep,5493
sweep,9008
sweep,8200
sweep,8693
sweep,7743
sweep,6544
sweep,7293
sweep,4458
sweep,4299
sweep,4277
sweep,5691
sweep,5675
sweep,5851
sweep,222
mark,1038961
sweep,5405
sweep,4175
sweep,4520
sweep,4165
sweep,3636
sweep,4149
sweep,3653
sweep,3040
sweep,2805
sweep,3045
sweep,3574
sweep,2750
sweep,2819
sweep,2952
sweep,2900
sweep,2893
sweep,3267
sweep,3156
sweep,3200
sweep,3293
sweep,2348
sweep,2484
sweep,3762
sweep,2312
sweep,3081
sweep,1902
sweep,3354
sweep,3824
sweep,4129
sweep,3330
sweep,3171
sweep,3120
sweep,2872
sweep,3150
sweep,2807
sweep,3209
sweep,3045
sweep,3129
sweep,2471
sweep,2783
sweep,3785
sweep,2924
sweep,3092
sweep,3287
sweep,2808
sweep,3663
sweep,2878
sweep,2742
sweep,2489
sweep,3850
sweep,4011
sweep,4041
sweep,4140
sweep,5953
sweep,8078
sweep,6169
sweep,9292
sweep,7932
sweep,8633
sweep,8179
sweep,7451
sweep,7694
sweep,825
mark,1042288
sweep,5166
sweep,4259
sweep,3866
sweep,4058
sweep,3869
sweep,4080
sweep,3609
sweep,3447
sweep,3194
sweep,3543
sweep,3005
sweep,2708
sweep,2765
sweep,2997
sweep,2797
sweep,2618
sweep,3320
sweep,2980
sweep,3009
sweep,3541
sweep,2364
sweep,2380
sweep,3694
sweep,2431
sweep,3816
sweep,2149
sweep,3456
sweep,4061
sweep,4595
sweep,3867
sweep,3274
sweep,3198
sweep,3006
sweep,3439
sweep,2796
sweep,3295
sweep,2729
sweep,3202
sweep,2449
sweep,2627
sweep,3930
sweep,2872
sweep,3076
sweep,2929
sweep,2994
sweep,3406
sweep,2798
sweep,2851
sweep,2557
sweep,5617
sweep,9081
sweep,8467
sweep,8239
sweep,7776
sweep,6117
sweep,7065
sweep,4001
sweep,4424
sweep,4167
sweep,5677
sweep,6138
sweep,6521
sweep,237
mark,1032645
sweep,4852
sweep,4298
sweep,4504
sweep,4119
sweep,3989
sweep,3977
sweep,3811
sweep,3164
sweep,2791
sweep,3181
sweep,3098
sweep,3061
sweep,2804
sweep,3128
sweep,2596
sweep,2803
sweep,3186
sweep,3064
sweep,3286
sweep,3466
sweep,2332
sweep,2460
sweep,3739
sweep,2737
sweep,3663
sweep,1923
sweep,3415
sweep,3859
sweep,4547
sweep,3316
sweep,3400
sweep,3119
sweep,2845
sweep,3130
sweep,2783
sweep,3276
sweep,2720
sweep,3120
sweep,2710
sweep,2757
sweep,3675
sweep,3164
sweep,3039
sweep,3248
sweep,2905
sweep,3809
sweep,2895
sweep,2484
sweep,2670
sweep,3417
sweep,4557
sweep,4127
sweep,4122
sweep,5793
sweep,8212
sweep,6447
sweep,8282
sweep,8321
sweep,8530
sweep,7555
sweep,7180
sweep,7251
sweep,789
mark,1038318
sweep,4758
sweep,3844
sweep,4070
sweep,4046
sweep,3929
sweep,4330
sweep,3742
sweep,3562
sweep,3202
sweep,3159
sweep,3003
sweep,2759
sweep,2814
sweep,3031
sweep,2801
sweep,2982
sweep,3290
sweep,3194
sweep,3058
sweep,3477
sweep,2306
sweep,2452
sweep,4055
sweep,2501
sweep,3129
sweep,1914
sweep,3527
sweep,3756
sweep,4305
sweep,3841
sweep,2992
sweep,3034
sweep,2849
sweep,3179
sweep,2951
sweep,3193
sweep,3287
sweep,3080
sweep,2479
sweep,2590
sweep,3767
sweep,2612
sweep,3030
sweep,3046
sweep,3143
sweep,3446
sweep,2768
sweep,2474
sweep,2418
sweep,5711
sweep,8666
sweep,8555
sweep,8695
sweep,8081
sweep,6193
sweep,7469
sweep,4426
sweep,4509
sweep,4976
sweep,6224
sweep,5903
sweep,5742
sweep,215
mark,1026427
sweep,5072
sweep,4383
sweep,3925
sweep,4575
sweep,3898
sweep,4071
sweep,3483
sweep,3113
sweep,2821
sweep,3149
sweep,3388
sweep,2797
sweep,2836
sweep,2886
sweep,2934
sweep,2919
sweep,3285
sweep,3116
sweep,2874
sweep,3720
sweep,2381
sweep,2555
sweep,3834
sweep,2492
sweep,3267
sweep,2160
sweep,3294
sweep,4035
sweep,4475
sweep,3345
sweep,3153
sweep,3067
sweep,2862
sweep,3152
sweep,2795
sweep,3316
sweep,2806
sweep,3143
sweep,2570
sweep,2933
sweep,3653
sweep,2691
sweep,2912
sweep,3159
sweep,2809
sweep,3511
sweep,2660
sweep,2592
sweep,2615
sweep,3795
sweep,4273
sweep,3960
sweep,4221
sweep,6197
sweep,7437
sweep,6006
sweep,8451
sweep,8584
sweep,8440
sweep,8349
sweep,7512
sweep,7168
sweep,825
mark,1034927
sweep,4726
sweep,3858
sweep,3802
sweep,3859
sweep,3542
sweep,4417
sweep,3593
sweep,3487
sweep,3100
sweep,3313
sweep,2966
sweep,3035
sweep,2773
sweep,2927
sweep,2786
sweep,2622
sweep,3205
sweep,3110
sweep,3289
sweep,3403
sweep,2426
sweep,2584
sweep,3909
sweep,2412
sweep,3817
sweep,2184
sweep,3345
sweep,3791
sweep,4276
sweep,3350
sweep,3120
sweep,2973
sweep,2895
sweep,3416
sweep,2804
sweep,3201
sweep,2672
sweep,2996
sweep,2497
sweep,2808
sweep,3737
sweep,2560
sweep,2980
sweep,2908
sweep,2805
sweep,3488
sweep,2851
sweep,2836
sweep,2709
sweep,5340
sweep,8900
sweep,8327
sweep,8548
sweep,7956
sweep,6510
sweep,7322
sweep,4019
sweep,4238
sweep,5035
sweep,6310
sweep,5916
sweep,5862
sweep,219
mark,1030400
sweep,4544
sweep,4120
sweep,4065
sweep,4004
sweep,3849
sweep,4115
sweep,3502
sweep,3014
sweep,3112
sweep,3447
sweep,3173
sweep,2724
sweep,2593
sweep,2793
sweep,3116
sweep,2732
sweep,3369
sweep,2896
sweep,3174
sweep,3459
sweep,2593
sweep,2978
sweep,3739
sweep,2614
sweep,3577
sweep,1933
sweep,3541
sweep,3980
sweep,4455
sweep,3357
sweep,3106
sweep,3304
sweep,2834
sweep,3117
sweep,3109
sweep,3497
sweep,3081
sweep,3264
sweep,2723
sweep,2779
sweep,3838
sweep,2765
sweep,3092
sweep,3099
sweep,2834
sweep,3618
sweep,3057
sweep,2518
sweep,2448
sweep,3429
sweep,3963
sweep,3968
sweep,4161
sweep,5539
sweep,7959
sweep,6547
sweep,8546
sweep,8724
sweep,8684
sweep,8309
sweep,7482
sweep,7579
sweep,836
mark,1028660
sweep,4933
sweep,4170
sweep,4026
sweep,4164
sweep,3516
sweep,4068
sweep,3710
sweep,3417
sweep,3160
sweep,3268
sweep,3091
sweep,2952
sweep,2724
sweep,2965
sweep,2869
sweep,2980
sweep,3597
sweep,2906
sweep,3171
sweep,3364
sweep,2318
sweep,2278
sweep,3793
sweep,2475
sweep,3350
sweep,1889
sweep,3419
sweep,3885
sweep,4309
sweep,3806
sweep,3138
sweep,3287
sweep,3062
sweep,3219
sweep,3026
sweep,3612
sweep,2839
sweep,3098
sweep,2507
sweep,3067
sweep,3809
sweep,2663
sweep,2631
sweep,2988
sweep,3062
sweep,3382
sweep,2672
sweep,2527
sweep,2876
sweep,5448
sweep,8879
sweep,8953
sweep,8602
sweep,8382
sweep,5905
sweep,7232
sweep,4074
sweep,4192
sweep,4518
sweep,6254
sweep,5724
sweep,5790
sweep,218
mark,1030056
sweep,4465
sweep,4032
sweep,3849
sweep,4290
sweep,3846
sweep,4208
sweep,3534
sweep,3037
sweep,2791
sweep,3397
sweep,3400
sweep,2717
sweep,2670
sweep,3301
sweep,2480
sweep,2884
sweep,3257
sweep,2936
sweep,2872
sweep,3407
sweep,2307
sweep,2737
sweep,3944
sweep,2563
sweep,3085
sweep,2223
sweep,3417
sweep,3659
sweep,4602
sweep,3425
sweep,3030
sweep,3380
sweep,2894
sweep,2830
sweep,2753
sweep,3168
sweep,2860
sweep,3159
sweep,2721
sweep,2652
sweep,3662
sweep,2968
sweep,2725
sweep,3201
sweep,2981
sweep,3540
sweep,2877
sweep,2759
sweep,2513
sweep,3580
sweep,4306
sweep,4452
sweep,4557
sweep,6241
sweep,8168
sweep,6191
sweep,8978
sweep,9066
sweep,8748
sweep,7354
sweep,7387
sweep,7586
sweep,832
mark,1059940
sweep,5234
sweep,4303
sweep,4272
sweep,4396
sweep,3884
sweep,4411
sweep,3796
sweep,3323
sweep,2859
sweep,3288
sweep,3046
sweep,2900
sweep,2793
sweep,2804
sweep,2733
sweep,2700
sweep,3345
sweep,2944
sweep,3157
sweep,3964
sweep,2549
sweep,2420
sweep,4064
sweep,2567
sweep,3309
sweep,2047
sweep,3409
sweep,4212
sweep,4692
sweep,3856
sweep,3158
sweep,3357
sweep,2990
sweep,3120
sweep,2963
sweep,3222
sweep,2701
sweep,3219
sweep,2820
sweep,3242
sweep,4048
sweep,2985
sweep,2861
sweep,3161
sweep,2872
sweep,3487
sweep,2738
sweep,2568
sweep,2650
sweep,5876
sweep,8861
sweep,8733
sweep,8992
sweep,8452
sweep,6157
sweep,6874
sweep,3962
sweep,4480
sweep,4401
sweep,6050
sweep,5498
sweep,6429
sweep,263
mark,1043418
sweep,4728
sweep,4026
sweep,4576
sweep,4028
sweep,3855
sweep,4244
sweep,3885
sweep,3322
sweep,3192
sweep,3432
sweep,3437
sweep,2722
sweep,3011
sweep,2744
sweep,2724
sweep,2694
sweep,3635
sweep,2968
sweep,3365
sweep,3596
sweep,2318
sweep,2599
sweep,3704
sweep,2407
sweep,3074
sweep,1877
sweep,3362
sweep,3923
sweep,4736
sweep,3594
sweep,3126
sweep,3002
sweep,3103
sweep,3085
sweep,3082
sweep,3425
sweep,2887
sweep,3212
sweep,2485
sweep,2657
sweep,3893
sweep,2761
sweep,2661
sweep,3129
sweep,2976
sweep,3990
sweep,2739
sweep,2768
sweep,2588
sweep,3681
sweep,4067
sweep,4064
sweep,4355
sweep,5999
sweep,8260
sweep,6041
sweep,9443
sweep,8163
sweep,8525
sweep,7615
sweep,7185
sweep,7163
sweep,836
mark,1048767
sweep,5047
sweep,3868
sweep,4008
sweep,4339
sweep,3592
sweep,4524
sweep,4162
sweep,3145
sweep,2906
sweep,3599
sweep,3073
sweep,3058
sweep,3073
sweep,2926
sweep,2922
sweep,2804
sweep,3314
sweep,3068
sweep,2927
sweep,3813
sweep,2373
sweep,2693
sweep,3754
sweep,2485
sweep,3372
sweep,1885
sweep,3457
sweep,3712
sweep,4244
sweep,3359
sweep,3046
sweep,3451
sweep,2976
sweep,3021
sweep,2850
sweep,3240
sweep,2783
sweep,3130
sweep,2709
sweep,3080
sweep,3691
sweep,2907
sweep,2753
sweep,3006
sweep,2890
sweep,3389
sweep,2730
sweep,2476
sweep,2475
sweep,5585
sweep,9229
sweep,8432
sweep,8748
sweep,8123
sweep,6121
sweep,7597
sweep,4480
sweep,4566
sweep,4381
sweep,5832
sweep,5621
sweep,6546
sweep,238
mark,1039469
sweep,4527
sweep,4245
sweep,4536
sweep,3953
sweep,3783
sweep,4060
sweep,3544
sweep,3045
sweep,3050
sweep,3570
sweep,3315
sweep,3044
sweep,2747
sweep,2833
sweep,2872
sweep,2788
sweep,3227
sweep,2904
sweep,3118
sweep,3488
sweep,2449
sweep,2511
sweep,3829
sweep,2428
sweep,3661
sweep,1885
sweep,3516
sweep,3753
sweep,4233
sweep,3805
sweep,3295
sweep,3240
sweep,3493
sweep,3137
sweep,3306
sweep,3316
sweep,2766
sweep,3295
sweep,2584
sweep,2699
sweep,3937
sweep,2625
sweep,3067
sweep,3153
sweep,2837
sweep,3375
sweep,3182
sweep,2646
sweep,2474
sweep,3635
sweep,3979
sweep,3969
sweep,4423
sweep,6078
sweep,8277
sweep,6135
sweep,9395
sweep,8246
sweep,8552
sweep,7722
sweep,7413
sweep,7791
sweep,821
mark,1049963
sweep,4991
sweep,3996
sweep,4000
sweep,3947
sweep,3634
sweep,4210
sweep,3647
sweep,3551
sweep,3272
sweep,3320
sweep,3562
sweep,2755
sweep,3179
sweep,3106
sweep,2955
sweep,2800
sweep,3366
sweep,3177
sweep,3076
sweep,3497
sweep,2296
sweep,2859
sweep,3668
sweep,2277
sweep,3660
sweep,1921
sweep,3544
sweep,3926
sweep,4728
sweep,3533
sweep,3026
sweep,2849
sweep,2919
sweep,3036
sweep,2931
sweep,3169
sweep,2969
sweep,3140
sweep,2640
sweep,2895
sweep,3829
sweep,2897
sweep,2920
sweep,2833
sweep,3092
sweep,3392
sweep,2791
sweep,2440
sweep,2477
sweep,5549
sweep,9055
sweep,8958
sweep,8349
sweep,7789
sweep,5665
sweep,7005
sweep,3996
sweep,4319
sweep,4840
sweep,6195
sweep,5918
sweep,6017
sweep,227
mark,1035423
sweep,4526
sweep,3880
sweep,3888
sweep,4483
sweep,3612
sweep,4451
sweep,3638
sweep,3148
sweep,2815
sweep,3406
sweep,3175
sweep,2753
sweep,2678
sweep,2764
sweep,2907
sweep,2683
sweep,3345
sweep,2981
sweep,3019
sweep,3564
sweep,2506
sweep,2758
sweep,3744
sweep,2359
sweep,3070
sweep,1820
sweep,3297
sweep,3733
sweep,4317
sweep,3561
sweep,3094
sweep,3051
sweep,2967
sweep,3347
sweep,2853
sweep,3601
sweep,2740
sweep,3011
sweep,2900
sweep,2832
sweep,3780
sweep,2755
sweep,2674
sweep,2979
sweep,2743
sweep,3372
sweep,2833
sweep,2485
sweep,2414
sweep,3539
sweep,4045
sweep,4067
sweep,4060
sweep,6234
sweep,7751
sweep,6255
sweep,8922
sweep,8556
sweep,8614
sweep,8169
sweep,7372
sweep,7848
sweep,865
mark,1036013
sweep,4566
sweep,3859
sweep,3948
sweep,4118
sweep,3829
sweep,4093
sweep,3818
sweep,3257
sweep,3201
sweep,3479
sweep,3358
sweep,3019
sweep,2924
sweep,2782
sweep,2805
sweep,2767
sweep,3340
sweep,3212
sweep,3014
sweep,3399
sweep,2626
sweep,2617
sweep,3760
sweep,2420
sweep,3087
sweep,2001
sweep,3410
sweep,3948
sweep,4490
sweep,3541
sweep,3247
sweep,3094
sweep,2848
sweep,3005
sweep,2823
sweep,3312
sweep,2947
sweep,3123
sweep,2606
sweep,2645
sweep,4180
sweep,2700
sweep,2612
sweep,2898
sweep,2816
sweep,3353
sweep,2680
sweep,2721
sweep,2466
sweep,5688
sweep,9196
sweep,8893
sweep,8389
sweep,7927
sweep,5716
sweep,7029
sweep,4120
sweep,4500
sweep,4240
sweep,5712
sweep,6163
sweep,6113
sweep,212
mark,1035303
sweep,4900
sweep,3954
sweep,4089
sweep,4331
sweep,3531
sweep,4088
sweep,3961
sweep,3451
sweep,2913
sweep,3090
sweep,3056
sweep,2774
sweep,2755
sweep,2973
sweep,2605
sweep,2701
sweep,3215
sweep,3030
sweep,3062
sweep,3445
sweep,2280
sweep,2529
sweep,3761
sweep,2622
sweep,3086
sweep,2265
sweep,3513
sweep,3718
sweep,4585
sweep,3407
sweep,3210
sweep,2969
sweep,3177
sweep,3243
sweep,2798
sweep,3681
sweep,2742
sweep,3157
sweep,2590
sweep,2600
sweep,3895
sweep,2720
sweep,2768
sweep,3134
sweep,2993
sweep,3473
sweep,3117
sweep,2483
sweep,2463
sweep,3404
sweep,3850
sweep,4032
sweep,4237
sweep,5806
sweep,8083
sweep,6520
sweep,8477
sweep,8678
sweep,8422
sweep,8395
sweep,7615
sweep,7645
sweep,829
mark,1037123
sweep,4966
sweep,3924
sweep,4265
sweep,4085
sweep,3751
sweep,4240
sweep,3641
sweep,3521
sweep,3050
sweep,3326
sweep,3519
sweep,2736
sweep,3105
sweep,2918
sweep,2656
sweep,2667
sweep,3324
sweep,2931
sweep,3115
sweep,3481
sweep,2376
sweep,2376
sweep,3817
sweep,2417
sweep,3215
sweep,1974
sweep,3660
sweep,3889
sweep,4417
sweep,3620
sweep,3059
sweep,3181
sweep,3435
sweep,3138
sweep,3130
sweep,3339
sweep,2984
sweep,3059
sweep,2853
sweep,2627
sweep,3980
sweep,3001
sweep,2848
sweep,2935
sweep,2834
sweep,3469
sweep,3038
sweep,2794
sweep,2513
sweep,5663
sweep,8720
sweep,8776
sweep,8804
sweep,8000
sweep,6368
sweep,7315
sweep,4314
sweep,4415
sweep,4866
sweep,6392
sweep,5678
sweep,5773
sweep,220
mark,1030465
sweep,4738
sweep,3903
sweep,4058
sweep,4344
sweep,3812
sweep,3989
sweep,3540
sweep,3193
sweep,3094
sweep,3122
sweep,3037
sweep,3201
sweep,3030
sweep,3318
sweep,2753
sweep,2768
sweep,3430
sweep,3454
sweep,3539
sweep,3762
sweep,2515
sweep,2763
sweep,3772
sweep,2535
sweep,3154
sweep,1969
sweep,3380
sweep,3907
sweep,4202
sweep,3616
sweep,3229
sweep,3015
sweep,2895
sweep,2962
sweep,2885
sweep,3550
sweep,2666
sweep,3176
sweep,2765
sweep,2979
sweep,3798
sweep,2668
sweep,2795
sweep,2978
sweep,2933
sweep,3527
sweep,2865
sweep,2717
sweep,2405
sweep,3783
sweep,4073
sweep,3897
sweep,4393
sweep,5734
sweep,8221
sweep,6542
sweep,8526
sweep,8232
sweep,8418
sweep,7314
sweep,7173
sweep,7226
sweep,771
mark,1037954
sweep,5512
sweep,4393
sweep,4606
sweep,3963
sweep,3659
sweep,4234
sweep,3933
sweep,3382
sweep,3223
sweep,3152
sweep,3266
sweep,2786
sweep,2651
sweep,2808
sweep,2588
sweep,2773
sweep,3488
sweep,3255
sweep,3428
sweep,3388
sweep,2356
sweep,2495
sweep,4085
sweep,2499
sweep,3221
sweep,1886
sweep,3614
sweep,3823
sweep,4355
sweep,3641
sweep,3063
sweep,3026
sweep,3005
sweep,2977
sweep,2983
sweep,3359
sweep,2740
sweep,3039
sweep,2794
sweep,2737
sweep,3760
sweep,2640
sweep,2842
sweep,3255
sweep,2827
sweep,3427
sweep,2887
sweep,2504
sweep,2420
sweep,5496
sweep,8879
sweep,8553
sweep,8884
sweep,7878
sweep,6097
sweep,7253
sweep,3994
sweep,4166
sweep,5207
sweep,6184
sweep,5862
sweep,5829
sweep,214
mark,1031613
sweep,5200
sweep,4009
sweep,3963
sweep,4000
sweep,3814
sweep,4035
sweep,3581
sweep,3018
sweep,2822
sweep,3252
sweep,3392
sweep,2919
sweep,2922
sweep,2829
sweep,3000
sweep,3048
sweep,3417
sweep,2944
sweep,2914
sweep,3598
sweep,2322
sweep,2495
sweep,3781
sweep,2447
sweep,3728
sweep,1923
sweep,3382
sweep,3610
sweep,4444
sweep,3342
sweep,3262
sweep,3017
sweep,2932
sweep,3065
sweep,2883
sweep,3367
sweep,3049
sweep,3293
sweep,2525
sweep,2692
sweep,3810
sweep,2834
sweep,2735
sweep,3174
sweep,3075
sweep,3657
sweep,3043
sweep,2710
sweep,2602
sweep,3389
sweep,4069
sweep,3936
sweep,4093
sweep,5984
sweep,7811
sweep,6550
sweep,8453
sweep,8208
sweep,8329
sweep,7234
sweep,7046
sweep,6905
sweep,866
mark,1038677
sweep,4600
sweep,4121
sweep,3926
sweep,4190
sweep,3867
sweep,4315
sweep,3669
sweep,3239
sweep,3197
sweep,3356
sweep,3029
sweep,3331
sweep,2605
sweep,2679
sweep,2576
sweep,2745
sweep,3496
sweep,2882
sweep,2950
sweep,3472
sweep,2631
sweep,2451
sweep,3783
sweep,2285
sweep,3276
sweep,2085
sweep,3640
sweep,3637
sweep,4509
sweep,3507
sweep,3242
sweep,2997
sweep,2916
sweep,3276
sweep,2957
sweep,3260
sweep,2848
sweep,3106
sweep,2778
sweep,3132
sweep,3795
sweep,2618
sweep,3066
sweep,3029
sweep,2911
sweep,3438
sweep,2956
sweep,2512
sweep,2718
sweep,5294
sweep,8929
sweep,8472
sweep,8652
sweep,8038
sweep,6075
sweep,6964
sweep,4137
sweep,4258
sweep,5054
sweep,6177
sweep,5556
sweep,5868
sweep,214
mark,1026586
sweep,4759
sweep,4262
sweep,4111
sweep,4286
sweep,3694
sweep,4195
sweep,3785
sweep,3173
sweep,2904
sweep,3196
sweep,3068
sweep,2722
sweep,2648
sweep,2803
sweep,3098
sweep,2979
sweep,3434
sweep,2902
sweep,2957
sweep,3732
sweep,2283
sweep,2425
sweep,3987
sweep,2370
sweep,3078
sweep,1912
sweep,3439
sweep,3872
sweep,4459
sweep,3261
sweep,3196
sweep,3318
sweep,2852
sweep,2977
sweep,2809
sweep,3468
sweep,2881
sweep,3185
sweep,2565
sweep,2747
sweep,4309
sweep,2936
sweep,2612
sweep,3298
sweep,2835
sweep,4073
sweep,2710
sweep,2483
sweep,2466
sweep,3448
sweep,4266
sweep,3941
sweep,4136
sweep,5917
sweep,8168
sweep,6421
sweep,8479
sweep,8314
sweep,8325
sweep,7458
sweep,7148
sweep,7182
sweep,838
mark,1037299
sweep,4950
sweep,4043
sweep,3942
sweep,4153
sweep,3890
sweep,4342
sweep,3889
sweep,3044
sweep,2840
sweep,3794
sweep,3307
sweep,2865
sweep,2716
sweep,2827
sweep,2655
sweep,2698
sweep,3266
sweep,2966
sweep,3074
sweep,3594
sweep,2486
sweep,2373
sweep,4237
sweep,2578
sweep,3228
sweep,2017
sweep,3482
sweep,3916
sweep,4219
sweep,3719
sweep,3186
sweep,3015
sweep,2886
sweep,3139
sweep,2889
sweep,3372
sweep,2832
sweep,3110
sweep,2568
sweep,3070
sweep,4059
sweep,2630
sweep,2871
sweep,2957
sweep,2844
sweep,3645
sweep,3068
sweep,2471
sweep,2434
sweep,5944
sweep,8540
sweep,8387
sweep,8356
sweep,8137
sweep,6289
sweep,6883
sweep,4002
sweep,4478
sweep,4873
sweep,6174
sweep,5594
sweep,5923
sweep,239
mark,1028702
sweep,4613
sweep,3980
sweep,4367
sweep,4171
sweep,3814
sweep,3977
sweep,3716
sweep,3098
sweep,2767
sweep,2966
sweep,3368
sweep,2869
sweep,3019
sweep,2812
sweep,2840
sweep,2882
sweep,3310
sweep,3225
sweep,2986
sweep,3536
sweep,2501
sweep,2715
sweep,4201
sweep,2652
sweep,3662
sweep,2038
sweep,3415
sweep,3556
sweep,4200
sweep,3700
sweep,3372
sweep,3343
sweep,3367
sweep,3324
sweep,2782
sweep,3288
sweep,3408
sweep,2954
sweep,2683
sweep,2989
sweep,4057
sweep,2662
sweep,2743
sweep,2995
sweep,2950
sweep,3503
sweep,2681
sweep,2702
sweep,2493
sweep,3392
sweep,4107
sweep,4048
sweep,4086
sweep,5503
sweep,7823
sweep,5998
sweep,9050
sweep,7940
sweep,8226
sweep,7332
sweep,7301
sweep,7137
sweep,833
mark,1032743
sweep,5116
sweep,3843
sweep,4083
sweep,4242
sweep,3742
sweep,3885
sweep,3786
sweep,3422
sweep,3187
sweep,3260
sweep,3439
sweep,2754
sweep,2924
sweep,2943
sweep,2820
sweep,2629
sweep,3349
sweep,3081
sweep,2996
sweep,3850
sweep,2260
sweep,2388
sweep,4022
sweep,2318
sweep,3030
sweep,1909
sweep,3460
sweep,3870
sweep,4460
sweep,3328
sweep,2984
sweep,3124
sweep,2988
sweep,2975
sweep,2796
sweep,3087
sweep,2763
sweep,3255
sweep,2490
sweep,2896
sweep,3686
sweep,2641
sweep,2674
sweep,3501
sweep,3034
sweep,3464
sweep,2769
sweep,2526
sweep,2433
sweep,5436
sweep,9290
sweep,8500
sweep,8708
sweep,7849
sweep,6271
sweep,7583
sweep,4038
sweep,4277
sweep,4960
sweep,6197
sweep,5959
sweep,5828
sweep,220
mark,1025974
sweep,4830
sweep,4259
sweep,3984
sweep,4504
sweep,3659
sweep,4357
sweep,3957
sweep,3580
sweep,2806
sweep,2979
sweep,3334
sweep,2710
sweep,2791
sweep,2811
sweep,2775
sweep,2753
sweep,3267
sweep,3062
sweep,2997
sweep,3701
sweep,2359
sweep,2419
sweep,4049
sweep,2568
sweep,3076
sweep,2284
sweep,3606
sweep,3594
sweep,4377
sweep,3365
sweep,3115
sweep,3009
sweep,3053
sweep,3039
sweep,2757
sweep,3206
sweep,2866
sweep,3119
sweep,2543
sweep,2806
sweep,3752
sweep,2919
sweep,2901
sweep,3006
sweep,3493
sweep,3591
sweep,2810
sweep,2502
sweep,2758
sweep,3491
sweep,4277
sweep,4207
sweep,4162
sweep,6202
sweep,7838
sweep,6183
sweep,8517
sweep,8249
sweep,8430
sweep,7578
sweep,7177
sweep,6908
sweep,835
mark,1031372
sweep,4743
sweep,4037
sweep,3901
sweep,4167
sweep,3930
sweep,4273
sweep,3711
sweep,3440
sweep,3179
sweep,3583
sweep,2980
sweep,2788
sweep,3056
sweep,2949
sweep,2619
sweep,2717
sweep,3216
sweep,3239
sweep,2966
sweep,3438
sweep,2351
sweep,2540
sweep,3990
sweep,2645
sweep,3326
sweep,1984
sweep,3521
sweep,3633
sweep,4323
sweep,3797
sweep,2926
sweep,3041
sweep,2886
sweep,3337
sweep,2754
sweep,3118
sweep,3010
sweep,3376
sweep,2711
sweep,2686
sweep,3778
sweep,2821
sweep,2970
sweep,3020
sweep,2907
sweep,3426
sweep,2742
sweep,2434
sweep,2598
sweep,5266
sweep,8656
sweep,8498
sweep,8576
sweep,7554
sweep,5712
sweep,6700
sweep,4231
sweep,4371
sweep,4365
sweep,5915
sweep,5724
sweep,5981
sweep,253
mark,1044265
sweep,4731
sweep,3787
sweep,4441
sweep,4495
sweep,3692
sweep,4432
sweep,3550
sweep,3025
sweep,2783
sweep,3137
sweep,3544
sweep,2881
sweep,2676
sweep,2934
sweep,2634
sweep,2747
sweep,3636
sweep,3138
sweep,3070
sweep,3358
sweep,2411
sweep,2459
sweep,3814
sweep,2473
sweep,3078
sweep,2102
sweep,3605
sweep,3785
sweep,4114
sweep,3353
sweep,3046
sweep,3256
sweep,3091
sweep,3179
sweep,2804
sweep,3286
sweep,2867
sweep,3156
sweep,2505
sweep,2902
sweep,3794
sweep,2772
sweep,2682
sweep,3409
sweep,2794
sweep,3511
sweep,2751
sweep,2622
sweep,2426
sweep,3484
sweep,3974
sweep,4026
sweep,4158
sweep,5946
sweep,8506
sweep,6472
sweep,8336
sweep,8320
sweep,8288
sweep,7253
sweep,7101
sweep,6965
sweep,839
mark,1029973
sweep,4795
sweep,4137
sweep,4011
sweep,4369
sweep,3577
sweep,3996
sweep,3725
sweep,3345
sweep,3109
sweep,3317
sweep,3408
sweep,2834
sweep,2791
sweep,2760
sweep,2620
sweep,3180
sweep,3367
sweep,2933
sweep,3313
sweep,3615
sweep,2547
sweep,2298
sweep,3727
sweep,2330
sweep,3108
sweep,1922
sweep,3409
sweep,3973
sweep,4148
sweep,3349
sweep,3016
sweep,3095
sweep,3180
sweep,3129
sweep,2815
sweep,3155
sweep,3086
sweep,3310
sweep,2491
sweep,2776
sweep,3965
sweep,2994
sweep,2656
sweep,2989
sweep,2984
sweep,3679
sweep,2712
sweep,2552
sweep,2545
sweep,5642
sweep,8825
sweep,8850
sweep,8558
sweep,7676
sweep,6058
sweep,7176
sweep,4323
sweep,4309
sweep,4878
sweep,6229
sweep,5548
sweep,6208
sweep,230
mark,1032786
sweep,4609
sweep,4194
sweep,4434
sweep,4409
sweep,3541
sweep,4256
sweep,3530
sweep,3076
sweep,2787
sweep,3054
sweep,3111
sweep,3135
sweep,2977
sweep,2776
sweep,2702
sweep,2647
sweep,3450
sweep,3115
sweep,3042
sweep,3314
sweep,2391
sweep,2632
sweep,3779
sweep,2290
sweep,3023
sweep,1905
sweep,3313
sweep,3967
sweep,4484
sweep,3362
sweep,3151
sweep,3305
sweep,2956
sweep,2965
sweep,2726
sweep,3346
sweep,2780
sweep,3078
sweep,2645
sweep,2886
sweep,3762
sweep,2715
sweep,2604
sweep,2975
sweep,2913
sweep,3606
sweep,2764
sweep,2635
sweep,2900
sweep,3407
sweep,4562
sweep,4015
sweep,4333
sweep,6071
sweep,7839
sweep,6210
sweep,8363
sweep,8354
sweep,8414
sweep,7517
sweep,7026
sweep,7039
sweep,828
mark,1029271
sweep,4794
sweep,4028
sweep,3924
sweep,4396
sweep,3876
sweep,4201
sweep,3625
sweep,3268
sweep,3307
sweep,3148
sweep,3217
sweep,2774
sweep,2656
sweep,2809
sweep,2584
sweep,2691
sweep,3185
sweep,2916
sweep,3164
sweep,3522
sweep,2610
sweep,2433
sweep,3735
sweep,2826
sweep,3701
sweep,1945
sweep,3399
sweep,3631
sweep,4669
sweep,3882
sweep,3054
sweep,3059
sweep,2838
sweep,3130
sweep,2803
sweep,3133
sweep,3127
sweep,3063
sweep,2450
sweep,2758
sweep,3977
sweep,2782
sweep,2877
sweep,2887
sweep,2947
sweep,4061
sweep,2959
sweep,2566
sweep,2633
sweep,5423
sweep,9205
sweep,8538
sweep,8801
sweep,8387
sweep,6347
sweep,7417
sweep,3993
sweep,4458
sweep,4744
sweep,6229
sweep,5881
sweep,5923
sweep,225
mark,1049968
sweep,4655
sweep,3933
sweep,4189
sweep,4000
sweep,3598
sweep,4353
sweep,3621
sweep,3173
sweep,3058
sweep,3290
sweep,3124
sweep,2835
sweep,2639
sweep,2838
sweep,2524
sweep,2712
sweep,3119
sweep,3308
sweep,3234
sweep,3674
sweep,2313
sweep,2763
sweep,4114
sweep,2675
sweep,3413
sweep,2131
sweep,4001
sweep,4365
sweep,4307
sweep,3886
sweep,3263
sweep,3111
sweep,2782
sweep,2900
sweep,2775
sweep,3200
sweep,3246
sweep,3471
sweep,2845
sweep,2806
sweep,4077
sweep,2699
sweep,2742
sweep,3104
sweep,3054
sweep,3449
sweep,2842
sweep,2486
sweep,2516
sweep,3402
sweep,4129
sweep,3980
sweep,4473
sweep,5666
sweep,8639
sweep,6656
sweep,9450
sweep,7908
sweep,8839
sweep,7176
sweep,7607
sweep,7083
sweep,927
mark,1031135
sweep,4729
sweep,3741
sweep,4632
sweep,4313
sweep,3695
sweep,4254
sweep,3753
sweep,3186
sweep,2802
sweep,3138
sweep,3352
sweep,2829
sweep,2795
sweep,3271
sweep,2646
sweep,2777
sweep,3360
sweep,3285
sweep,3095
sweep,3507
sweep,2545
sweep,2524
sweep,4267
sweep,2622
sweep,3819
sweep,2163
sweep,3736
sweep,3934
sweep,4628
sweep,3701
sweep,3197
sweep,3183
sweep,3108
sweep,3064
sweep,2992
sweep,3414
sweep,2955
sweep,3165
sweep,2439
sweep,2658
sweep,3697
sweep,2996
sweep,2606
sweep,3180
sweep,2887
sweep,3415
sweep,2787
sweep,3026
sweep,2783
sweep,5277
sweep,9195
sweep,8730
sweep,8667
sweep,7609
sweep,6529
sweep,7237
sweep,4020
sweep,4372
sweep,5010
sweep,6108
sweep,5700
sweep,6092
sweep,229
mark,1025433
sweep,4709
sweep,4143
sweep,4416
sweep,4447
sweep,3816
sweep,4049
sweep,3907
sweep,3073
sweep,3109
sweep,3167
sweep,3147
sweep,3098
sweep,2711
sweep,2939
sweep,2525
sweep,2835
sweep,3251
sweep,3137
sweep,3042
sweep,3373
sweep,2427
sweep,2532
sweep,3828
sweep,2562
sweep,3044
sweep,1976
sweep,3546
sweep,3823
sweep,4537
sweep,3497
sweep,3156
sweep,3013
sweep,2909
sweep,2975
sweep,2807
sweep,3203
sweep,2928
sweep,2987
sweep,2594
sweep,2993
sweep,3654
sweep,3072
sweep,2758
sweep,2965
sweep,2984
sweep,3433
sweep,3047
sweep,2527
sweep,2565
sweep,3608
sweep,4100
sweep,4070
sweep,4160
sweep,5873
sweep,7505
sweep,5915
sweep,8332
sweep,8439
sweep,8327
sweep,7094
sweep,7122
sweep,6929
sweep,930
mark,1029375
sweep,4728
sweep,4158
sweep,4238
sweep,4114
sweep,4020
sweep,4162
sweep,3809
sweep,3371
sweep,3218
sweep,3227
sweep,3316
sweep,2705
sweep,3007
sweep,3137
sweep,2662
sweep,2862
sweep,3642
sweep,3136
sweep,3185
sweep,3817
sweep,2382
sweep,2650
sweep,3822
sweep,2467
sweep,3699
sweep,2074
sweep,3753
sweep,3876
sweep,4365
sweep,3457
sweep,2943
sweep,3153
sweep,3302
sweep,2949
sweep,2792
sweep,3043
sweep,2779
sweep,3060
sweep,2525
sweep,2924
sweep,3858
sweep,2687
sweep,2682
sweep,3401
sweep,2971
sweep,3558
sweep,2819
sweep,2482
sweep,2733
sweep,5440
sweep,8684
sweep,8386
sweep,8643
sweep,7825
sweep,6172
sweep,7490
sweep,4045
sweep,4813
sweep,5031
sweep,5859
sweep,5930
sweep,5763
sweep,223
mark,1025133
sweep,4443
sweep,4384
sweep,4015
sweep,4213
sweep,4075
sweep,4047
sweep,3489
sweep,3060
sweep,3155
sweep,3470
sweep,3023
sweep,2796
sweep,2724
sweep,3185
sweep,2785
sweep,2728
sweep,3292
sweep,2983
sweep,2971
sweep,3348
sweep,2326
sweep,2477
sweep,3765
sweep,2378
sweep,3213
sweep,1900
sweep,3256
sweep,3744
sweep,4538
sweep,3339
sweep,3399
sweep,3117
sweep,2862
sweep,3135
sweep,2836
sweep,3341
sweep,2739
sweep,3257
sweep,2652
sweep,2691
sweep,3820
sweep,2696
sweep,2956
sweep,2934
sweep,3312
sweep,3579
sweep,3060
sweep,2517
sweep,2716
sweep,3666
sweep,4274
sweep,3947
sweep,4315
sweep,5802
sweep,8288
sweep,6429
sweep,8831
sweep,8260
sweep,8641
sweep,8068
sweep,7682
sweep,7436
sweep,793
mark,1028967
sweep,5035
sweep,4054
sweep,4102
sweep,4103
sweep,4031
sweep,4237
sweep,3606
sweep,3166
sweep,2897
sweep,3401
sweep,3006
sweep,2693
sweep,2989
sweep,2870
sweep,2929
sweep,3208
sweep,3267
sweep,2989
sweep,3083
sweep,3584
sweep,2525
sweep,2540
sweep,3996
sweep,2385
sweep,3740
sweep,1927
sweep,3431
sweep,3637
sweep,4324
sweep,3415
sweep,3315
sweep,3091
sweep,3006
sweep,3252
sweep,2923
sweep,2997
sweep,2778
sweep,3007
sweep,2566
sweep,2675
sweep,3763
sweep,2616
sweep,2709
sweep,2804
sweep,2926
sweep,3712
sweep,3063
sweep,2505
sweep,2651
sweep,5598
sweep,8702
sweep,8341
sweep,8657
sweep,8193
sweep,6081
sweep,7303
sweep,4105
sweep,4498
sweep,4899
sweep,6118
sweep,5581
sweep,6066
sweep,226
mark,1026223
sweep,4478
sweep,4173
sweep,4302
sweep,4392
sweep,3861
sweep,4320
sweep,3612
sweep,3169
sweep,3087
sweep,3238
sweep,3384
sweep,2844
sweep,2701
sweep,2794
sweep,2616
sweep,2833
sweep,3217
sweep,3171
sweep,3018
sweep,3451
sweep,2589
sweep,2578
sweep,4052
sweep,2490
sweep,3445
sweep,1914
sweep,3340
sweep,3587
sweep,4508
sweep,3404
sweep,3166
sweep,3331
sweep,2962
sweep,3321
sweep,2756
sweep,3505
sweep,2801
sweep,3303
sweep,2553
sweep,3115
sweep,3999
sweep,2767
sweep,2702
sweep,3237
sweep,2868
sweep,3409
sweep,2810
sweep,2653
sweep,2687
sweep,3574
sweep,3807
sweep,3895
sweep,4231
sweep,6049
sweep,7747
sweep,5760
sweep,8735
sweep,8360
sweep,8614
sweep,8280
sweep,7561
sweep,7744
sweep,825
mark,1025238
sweep,4707
sweep,3769
sweep,4304
sweep,4067
sweep,3912
sweep,4398
sweep,3590
sweep,3341
sweep,2901
sweep,3404
sweep,3034
sweep,3117
sweep,3022
sweep,3093
sweep,2626
sweep,2656
sweep,3454
sweep,2985
sweep,2992
sweep,3471
sweep,2443
sweep,2788
sweep,3943
sweep,2642
sweep,3048
sweep,2217
sweep,3491
sweep,3755
sweep,4386
sweep,3603
sweep,3450
sweep,3478
sweep,2857
sweep,3057
sweep,2919
sweep,3103
sweep,3186
sweep,3067
sweep,2637
sweep,2848
sweep,3867
sweep,2654
sweep,2993
sweep,2928
sweep,2891
sweep,3435
sweep,2831
sweep,2722
sweep,2558
sweep,5231
sweep,8811
sweep,8377
sweep,8604
sweep,8214
sweep,6241
sweep,7406
sweep,3977
sweep,4268
sweep,4540
sweep,5881
sweep,5669
sweep,5792
sweep,247
mark,1028744
sweep,4711
sweep,3577
sweep,4008
sweep,4003
sweep,3763
sweep,4022
sweep,3544
sweep,3315
sweep,2806
sweep,3362
sweep,3078
sweep,2826
sweep,2672
sweep,3367
sweep,2572
sweep,2762
sweep,3274
sweep,3208
sweep,2963
sweep,3634
sweep,2380
sweep,2463
sweep,3721
sweep,2873
sweep,3628
sweep,1764
sweep,3556
sweep,3869
sweep,4426
sweep,3138
sweep,3026
sweep,2785
sweep,3030
sweep,3309
sweep,2716
sweep,3312
sweep,2802
sweep,3077
sweep,2804
sweep,3047
sweep,3823
sweep,2775
sweep,2884
sweep,2958
sweep,3025
sweep,3716
sweep,2788
sweep,2570
sweep,2528
sweep,3548
sweep,4258
sweep,4344
sweep,4276
sweep,6119
sweep,8554
sweep,6116
sweep,8982
sweep,8441
sweep,8974
sweep,7438
sweep,7607
sweep,7261
sweep,800
mark,1036161
sweep,5035
sweep,4326
sweep,3965
sweep,4218
sweep,3892
sweep,4465
sweep,3612
sweep,3048
sweep,2772
sweep,3222
sweep,3208
sweep,2743
sweep,2667
sweep,2952
sweep,2634
sweep,2927
sweep,3300
sweep,3406
sweep,2886
sweep,3187
sweep,2352
sweep,2463
sweep,3885
sweep,2441
sweep,3132
sweep,1946
sweep,3328
sweep,3665
sweep,4271
sweep,3992
sweep,3453
sweep,3167
sweep,2964
sweep,3354
sweep,2733
sweep,3325
sweep,3033
sweep,3056
sweep,2709
sweep,2632
sweep,3842
sweep,2731
sweep,2847
sweep,3217
sweep,3104
sweep,3615
sweep,3098
sweep,2411
sweep,2428
sweep,5564
sweep,9289
sweep,8694
sweep,8730
sweep,8284
sweep,6172
sweep,7410
sweep,4338
sweep,4294
sweep,4947
sweep,6138
sweep,5940
sweep,6140
sweep,252
mark,1028583
sweep,4457
sweep,4256
sweep,4197
sweep,4328
sweep,3588
sweep,4335
sweep,3748
sweep,3559
sweep,2791
sweep,3324
sweep,3231
sweep,2924
sweep,2706
sweep,2717
sweep,2539
sweep,2801
sweep,3395
sweep,3097
sweep,3102
sweep,3575
sweep,2335
sweep,2418
sweep,3846
sweep,2440
sweep,3056
sweep,1845
sweep,3328
sweep,3921
sweep,4152
sweep,3874
sweep,3249
sweep,3172
sweep,3017
sweep,3033
sweep,2840
sweep,3390
sweep,2943
sweep,3071
sweep,2944
sweep,2955
sweep,3708
sweep,3129
sweep,2692
sweep,2977
sweep,2956
sweep,3483
sweep,2745
sweep,2680
sweep,2439
sweep,3588
sweep,3931
sweep,4171
sweep,4418
sweep,6088
sweep,7585
sweep,6160
sweep,8893
sweep,8421
sweep,8605
sweep,8253
sweep,7315
sweep,7014
sweep,827
mark,1028440
sweep,4746
sweep,3810
sweep,3827
sweep,4065
sweep,3789
sweep,3900
sweep,3903
sweep,3084
sweep,3068
sweep,3499
sweep,3110
sweep,2746
sweep,2758
sweep,2748
sweep,2655
sweep,2988
sweep,3638
sweep,2941
sweep,3183
sweep,3578
sweep,2409
sweep,2422
sweep,4162
sweep,2651
sweep,3828
sweep,1931
sweep,3486
sweep,3707
sweep,4426
sweep,3729
sweep,3218
sweep,3010
sweep,2936
sweep,3267
sweep,3296
sweep,3081
sweep,2921
sweep,3090
sweep,2670
sweep,2766
sweep,4403
sweep,2876
sweep,2681
sweep,3118
sweep,2784
sweep,3393
sweep,2848
sweep,2735
sweep,2492
sweep,5465
sweep,8687
sweep,8444
sweep,8641
sweep,8089
sweep,6533
sweep,7167
sweep,4298
sweep,4433
sweep,5130
sweep,6042
sweep,5605
sweep,6069
sweep,240
mark,1038026
sweep,4755
sweep,4263
sweep,3809
sweep,4197
sweep,3586
sweep,4061
sweep,3824
sweep,3100
sweep,2999
sweep,3076
sweep,3083
sweep,3042
sweep,3123
sweep,2824
sweep,2618
sweep,2764
sweep,3288
sweep,2896
sweep,3247
sweep,3494
sweep,2191
sweep,2475
sweep,3750
sweep,2465
sweep,3171
sweep,1921
sweep,3529
sweep,3863
sweep,4589
sweep,3793
sweep,3376
sweep,3278
sweep,2929
sweep,2989
sweep,2768
sweep,3477
sweep,2993
sweep,3247
sweep,2513
sweep,2927
sweep,3643
sweep,2608
sweep,2676
sweep,3362
sweep,2865
sweep,3457
sweep,2906
sweep,2676
sweep,2472
sweep,3426
sweep,3908
sweep,4122
sweep,4141
sweep,5604
sweep,8009
sweep,6492
sweep,8520
sweep,8216
sweep,8576
sweep,7552
sweep,7194
sweep,7096
sweep,827
mark,1035458
sweep,4920
sweep,4214
sweep,4339
sweep,4121
sweep,3630
sweep,4445
sweep,3837
sweep,3061
sweep,2851
sweep,3274
sweep,2954
sweep,2895
sweep,2757
sweep,2871
sweep,2869
sweep,2713
sweep,3445
sweep,2906
sweep,3006
sweep,3397
sweep,2321
sweep,2401
sweep,4223
sweep,2291
sweep,3709
sweep,2155
sweep,3607
sweep,3908
sweep,4293
sweep,3711
sweep,3149
sweep,3217
sweep,2963
sweep,3191
sweep,2831
sweep,3157
sweep,2927
sweep,3240
sweep,2565
sweep,2950
sweep,3716
sweep,2619
sweep,2778
sweep,3188
sweep,3020
sweep,3452
sweep,2873
sweep,2396
sweep,2422
sweep,5614
sweep,8840
sweep,8639
sweep,8624
sweep,8181
sweep,5655
sweep,7607
sweep,4179
sweep,4266
sweep,5040
sweep,6114
sweep,5894
sweep,6080
sweep,237
mark,1033421
sweep,4844
sweep,3962
sweep,4088
sweep,4056
sweep,3695
sweep,3970
sweep,3790
sweep,3110
sweep,2834
sweep,3394
sweep,2939
sweep,3013
sweep,2880
sweep,2813
sweep,2922
sweep,2763
sweep,3226
sweep,3191
sweep,3184
sweep,3525
sweep,2308
sweep,2527
sweep,3964
sweep,2360
sweep,3086
sweep,2020
sweep,3524
sweep,3783
sweep,4331
sweep,3276
sweep,3160
sweep,3014
sweep,3424
sweep,2974
sweep,2853
sweep,3168
sweep,2735
sweep,2994
sweep,2610
sweep,2670
sweep,3821
sweep,2743
sweep,2825
sweep,3065
sweep,2862
sweep,3403
sweep,3026
sweep,2461
sweep,2581
sweep,3617
sweep,3941
sweep,4164
sweep,4045
sweep,6205
sweep,7805
sweep,6409
sweep,8543
sweep,8300
sweep,8517
sweep,7556
sweep,7493
sweep,7068
sweep,927
mark,1034665
sweep,5562
sweep,3859
sweep,4013
sweep,3960
sweep,3994
sweep,4066
sweep,3586
sweep,3411
sweep,3013
sweep,3452
sweep,3074
sweep,2771
sweep,2754
sweep,2844
sweep,2661
sweep,3398
sweep,3433
sweep,2892
sweep,3164
sweep,3530
sweep,2432
sweep,2575
sweep,3939
sweep,2454
sweep,3478
sweep,1988
sweep,3469
sweep,4155
sweep,4541
sweep,3522
sweep,3527
sweep,3211
sweep,2880
sweep,3008
sweep,2775
sweep,3314
sweep,3044
sweep,3143
sweep,2533
sweep,2925
sweep,3724
sweep,3237
sweep,2900
sweep,2903
sweep,3011
sweep,3499
sweep,2653
sweep,2653
sweep,2681
sweep,5333
sweep,8851
sweep,8695
sweep,8495
sweep,7664
sweep,5723
sweep,6712
sweep,3952
sweep,4233
sweep,4671
sweep,6156
sweep,5867
sweep,5878
sweep,225
mark,1034778
sweep,4553
sweep,4302
sweep,3834
sweep,4351
sweep,3974
sweep,4122
sweep,3781
sweep,3113
sweep,3051
sweep,3380
sweep,3201
sweep,3165
sweep,2903
sweep,3092
sweep,2849
sweep,3000
sweep,3251
sweep,2907
sweep,2945
sweep,3414
sweep,2355
sweep,2579
sweep,3696
sweep,2576
sweep,3098
sweep,1857
sweep,3325
sweep,3907
sweep,4226
sweep,3682
sweep,3335
sweep,3001
sweep,3009
sweep,2946
sweep,3314
sweep,3294
sweep,2801
sweep,3190
sweep,2533
sweep,2590
sweep,3639
sweep,3158
sweep,2701
sweep,3089
sweep,2950
sweep,3462
sweep,2869
sweep,2567
sweep,2685
sweep,3812
sweep,3898
sweep,3999
sweep,4065
sweep,5608
sweep,8925
sweep,6453
sweep,8694
sweep,8077
sweep,8977
sweep,7158
sweep,7810
sweep,7018
sweep,821
mark,1031115
sweep,5138
sweep,4132
sweep,4283
sweep,4092
sweep,3686
sweep,4126
sweep,3941
sweep,3209
sweep,2880
sweep,3445
sweep,3241
sweep,2732
sweep,2853
sweep,2756
sweep,2660
sweep,2780
sweep,3476
sweep,2954
sweep,3091
sweep,3469
sweep,2381
sweep,2366
sweep,4084
sweep,2648
sweep,3177
sweep,2110
sweep,3538
sweep,3703
sweep,4340
sweep,3411
sweep,3239
sweep,3064
sweep,3167
sweep,3026
sweep,2832
sweep,3222
sweep,2932
sweep,3343
sweep,2517
sweep,2693
sweep,3850
sweep,3007
sweep,2733
sweep,3359
sweep,3087
sweep,4006
sweep,2803
sweep,2475
sweep,2446
sweep,5689
sweep,9297
sweep,8709
sweep,8669
sweep,8190
sweep,5790
sweep,6898
sweep,4148
sweep,4287
sweep,4779
sweep,6224
sweep,5621
sweep,6013
sweep,236
mark,1051040
sweep,4543
sweep,3986
sweep,4109
sweep,3994
sweep,3794
sweep,4038
sweep,3713
sweep,3064
sweep,2784
sweep,3274
sweep,3123
sweep,2858
sweep,2722
sweep,3106
sweep,2553
sweep,2682
sweep,3213
sweep,2960
sweep,2968
sweep,3729
sweep,2367
sweep,2583
sweep,4011
sweep,2352
sweep,3056
sweep,1981
sweep,3341
sweep,3643
sweep,4651
sweep,3456
sweep,3469
sweep,3313
sweep,2895
sweep,3223
sweep,3363
sweep,3356
sweep,2738
sweep,3394
sweep,2589
sweep,2622
sweep,3740
sweep,2945
sweep,3047
sweep,3034
sweep,2796
sweep,3392
sweep,2696
sweep,2575
sweep,2412
sweep,3693
sweep,4220
sweep,3949
sweep,4172
sweep,5865
sweep,8530
sweep,6931
sweep,8438
sweep,8448
sweep,8558
sweep,7610
sweep,7466
sweep,7070
sweep,783
mark,1038642
sweep,4418
sweep,3671
sweep,3982
sweep,4069
sweep,3892
sweep,4370
sweep,3567
sweep,3197
sweep,2902
sweep,3622
sweep,3267
sweep,3074
sweep,3040
sweep,2815
sweep,2631
sweep,2669
sweep,3639
sweep,3248
sweep,3271
sweep,3467
sweep,2508
sweep,2556
sweep,3748
sweep,2546
sweep,3274
sweep,2074
sweep,3479
sweep,3661
sweep,4787
sweep,3415
sweep,3085
sweep,2988
sweep,3171
sweep,3811
sweep,3120
sweep,3255
sweep,3055
sweep,3784
sweep,2851
sweep,3055
sweep,3862
sweep,2630
sweep,3192
sweep,2851
sweep,2796
sweep,3475
sweep,2765
sweep,2450
sweep,2595
sweep,6053
sweep,9015
sweep,8465
sweep,8520
sweep,7453
sweep,5883
sweep,6897
sweep,3888
sweep,4283
sweep,4761
sweep,6136
sweep,5620
sweep,5841
sweep,223
mark,1025773
sweep,4918
sweep,4048
sweep,4350
sweep,3851
sweep,3921
sweep,4259
sweep,3460
sweep,3118
sweep,2778
sweep,3408
sweep,3170
sweep,2798
sweep,2635
sweep,2736
sweep,2787
sweep,2727
sweep,3269
sweep,2879
sweep,3323
sweep,3428
sweep,2585
sweep,2405
sweep,3698
sweep,2298
sweep,3260
sweep,1901
sweep,3498
sweep,3750
sweep,4611
sweep,3678
sweep,3247
sweep,3043
sweep,2995
sweep,3026
sweep,2799
sweep,3245
sweep,2725
sweep,2981
sweep,2795
sweep,2926
sweep,4025
sweep,2843
sweep,3345
sweep,3063
sweep,2709
sweep,3432
sweep,2846
sweep,2408
sweep,2474
sweep,3729
sweep,3776
sweep,4211
sweep,4173
sweep,5522
sweep,7926
sweep,6364
sweep,8626
sweep,8752
sweep,8640
sweep,7276
sweep,7084
sweep,7063
sweep,828
mark,1040466
sweep,4641
sweep,3830
sweep,4505
sweep,4342
sweep,3521
sweep,3996
sweep,4050
sweep,3117
sweep,3191
sweep,3524
sweep,3305
sweep,2815
sweep,2737
sweep,2819
sweep,2617
sweep,2763
sweep,3349
sweep,2964
sweep,3095
sweep,3476
sweep,2551
sweep,2317
sweep,3727
sweep,2313
sweep,3021
sweep,1935
sweep,3331
sweep,3839
sweep,4520
sweep,3571
sweep,3083
sweep,3255
sweep,2988
sweep,3059
sweep,2790
sweep,3484
sweep,2878
sweep,3054
sweep,2471
sweep,3013
sweep,4068
sweep,2764
sweep,2909
sweep,3009
sweep,2713
sweep,3730
sweep,2712
sweep,2447
sweep,2643
sweep,5580
sweep,8739
sweep,8729
sweep,8512
sweep,7677
sweep,5910
sweep,7654
sweep,4169
sweep,4252
sweep,4884
sweep,6324
sweep,5672
sweep,5661
sweep,225
mark,1024614
sweep,9602
sweep,3971
sweep,4147
sweep,4327
sweep,3811
sweep,4204
sweep,3495
sweep,3384
sweep,2843
sweep,3366
sweep,3027
sweep,3273
sweep,2924
sweep,2895
sweep,2659
sweep,2636
sweep,3315
sweep,2936
sweep,3308
sweep,4085
sweep,2465
sweep,2547
sweep,4076
sweep,2663
sweep,3121
sweep,1952
sweep,3305
sweep,3590
sweep,4449
sweep,3902
sweep,3339
sweep,2955
sweep,2905
sweep,3046
sweep,2918
sweep,3775
sweep,2814
sweep,3160
sweep,2639
sweep,3049
sweep,4023
sweep,3113
sweep,3012
sweep,2963
sweep,3084
sweep,3343
sweep,2695
sweep,2750
sweep,2388
sweep,3636
sweep,4019
sweep,3886
sweep,4187
sweep,5661
sweep,8541
sweep,6113
sweep,8788
sweep,8664
sweep,8573
sweep,7163
sweep,7125
sweep,7225
sweep,839
mark,1043740
sweep,4728
sweep,3926
sweep,4204
sweep,4457
sweep,3568
sweep,4087
sweep,3666
sweep,3156
sweep,2998
sweep,3426
sweep,3187
sweep,2840
sweep,2991
sweep,2807
sweep,2960
sweep,3003
sweep,3624
sweep,3235
sweep,3033
sweep,3366
sweep,2374
sweep,2549
sweep,3768
sweep,2276
sweep,3069
sweep,2118
sweep,3485
sweep,3687
sweep,4292
sweep,3908
sweep,3182
sweep,3098
sweep,3432
sweep,3006
sweep,2819
sweep,3102
sweep,2748
sweep,3042
sweep,2816
sweep,2669
sweep,3857
sweep,2707
sweep,2917
sweep,3240
sweep,2846
sweep,3353
sweep,2688
sweep,2936
sweep,2382
sweep,5540
sweep,8815
sweep,8850
sweep,8550
sweep,7599
sweep,6049
sweep,6927
sweep,4022
sweep,4135
sweep,4853
sweep,6434
sweep,5548
sweep,5829
sweep,232
mark,1022574
sweep,4626
sweep,4053
sweep,4218
sweep,4561
sweep,3832
sweep,3948
sweep,3740
sweep,3138
sweep,3072
sweep,3293
sweep,3131
sweep,2796
sweep,2606
sweep,2725
sweep,2787
sweep,2867
sweep,3672
sweep,3156
sweep,3021
sweep,3675
sweep,2397
sweep,2543
sweep,3757
sweep,2447
sweep,3127
sweep,1880
sweep,3412
sweep,3911
sweep,4599
sweep,3744
sweep,3412
sweep,2815
sweep,2801
sweep,3141
sweep,3059
sweep,3390
sweep,2743
sweep,3048
sweep,2736
sweep,2888
sweep,3998
sweep,2941
sweep,2743
sweep,3265
sweep,2708
sweep,3382
sweep,11575
sweep,2879
sweep,2772
sweep,3593
sweep,4098
sweep,4118
sweep,4377
sweep,6107
sweep,7990
sweep,6298
sweep,8924
sweep,8580
sweep,8340
sweep,7331
sweep,8024
sweep,7223
sweep,837
mark,1066562
sweep,4769
sweep,3846
sweep,4223
sweep,4253
sweep,3566
sweep,4611
sweep,3726
sweep,3142
sweep,3173
sweep,3685
sweep,3294
sweep,2818
sweep,2769
sweep,3181
sweep,2854
sweep,3260
sweep,3400
sweep,3209
sweep,3025
sweep,3449
sweep,2534
sweep,2429
sweep,4057
sweep,2593
sweep,3205
sweep,2230
sweep,3457
sweep,3967
sweep,4692
sweep,3487
sweep,3134
sweep,3100
sweep,3224
sweep,3327
sweep,3126
sweep,3147
sweep,2815
sweep,3306
sweep,2882
sweep,2969
sweep,3834
sweep,2628
sweep,2666
sweep,2895
sweep,2772
sweep,3749
sweep,2796
sweep,2536
sweep,2610
sweep,5854
sweep,8742
sweep,8783
sweep,8777
sweep,7820
sweep,5779
sweep,7314
sweep,4231
sweep,4540
sweep,4226
sweep,5717
sweep,5832
sweep,6079
sweep,230
mark,1049256
sweep,4574
sweep,4023
sweep,4567
sweep,3966
sweep,3656
sweep,4053
sweep,3629
sweep,3095
sweep,3086
sweep,3354
sweep,3472
sweep,3271
sweep,2713
sweep,2820
sweep,2576
sweep,2697
sweep,3227
sweep,2951
sweep,3025
sweep,3377
sweep,2603
sweep,2530
sweep,3847
sweep,2383
sweep,3688
sweep,2247
sweep,3392
sweep,4090
sweep,4118
sweep,3807
sweep,3446
sweep,3385
sweep,2946
sweep,3074
sweep,3295
sweep,3247
sweep,2808
sweep,3188
sweep,2497
sweep,2680
sweep,3792
sweep,3079
sweep,2732
sweep,3066
sweep,2880
sweep,3403
sweep,2833
sweep,2883
sweep,2807
sweep,12398
sweep,4020
sweep,3894
sweep,4600
sweep,5714
sweep,8048
sweep,6475
sweep,8348
sweep,8378
sweep,8493
sweep,7371
sweep,7052
sweep,7063
sweep,833
mark,1030002
sweep,4808
sweep,3898
sweep,4003
sweep,4167
sweep,3842
sweep,4362
sweep,3599
sweep,3107
sweep,2938
sweep,3471
sweep,3227
sweep,3230
sweep,2809
sweep,2843
sweep,2978
sweep,2747
sweep,3293
sweep,2939
sweep,2996
sweep,3593
sweep,2396
sweep,2461
sweep,3691
sweep,2488
sweep,3147
sweep,1979
sweep,3312
sweep,4012
sweep,4618
sweep,3407
sweep,3189
sweep,2937
sweep,2891
sweep,3234
sweep,2830
sweep,3337
sweep,2738
sweep,2997
sweep,2493
sweep,2737
sweep,3910
sweep,2804
sweep,2636
sweep,3389
sweep,3027
sweep,3645
sweep,2641
sweep,2513
sweep,2878
sweep,5722
sweep,8640
sweep,8568
sweep,8736
sweep,8282
sweep,6278
sweep,7479
sweep,4609
sweep,4430
sweep,4981
sweep,6256
sweep,5913
sweep,5745
sweep,244
mark,1027963
sweep,4687
sweep,3827
sweep,4334
sweep,4169
sweep,3848
sweep,4006
sweep,3575
sweep,3364
sweep,3074
sweep,3399
sweep,3169
sweep,2726
sweep,2665
sweep,2819
sweep,2680
sweep,2801
sweep,3314
sweep,3336
sweep,3083
sweep,3358
sweep,2656
sweep,2710
sweep,3770
sweep,2878
sweep,3091
sweep,1920
sweep,3275
sweep,3591
sweep,4161
sweep,3297
sweep,3127
sweep,2974
sweep,3053
sweep,2958
sweep,2844
sweep,3498
sweep,2843
sweep,3048
sweep,2520
sweep,2636
sweep,3651
sweep,2801
sweep,2730
sweep,3126
sweep,2958
sweep,3356
sweep,2709
sweep,2666
sweep,2516
sweep,3453
sweep,4075
sweep,3923
sweep,4320
sweep,5625
sweep,7756
sweep,5884
sweep,8729
sweep,8222
sweep,8380
sweep,7146
sweep,7845
sweep,7230
sweep,836
mark,1031093
sweep,4553
sweep,3984
sweep,4065
sweep,4323
sweep,3683
sweep,3996
sweep,3854
sweep,3212
sweep,2969
sweep,3260
sweep,2929
sweep,2667
sweep,2657
sweep,3036
sweep,3108
sweep,2816
sweep,3571
sweep,3014
sweep,3080
sweep,3537
sweep,2374
sweep,2396
sweep,3997
sweep,2333
sweep,3720
sweep,2025
sweep,3395
sweep,3948
sweep,4387
sweep,3821
sweep,2976
sweep,3050
sweep,3394
sweep,2995
sweep,2757
sweep,3186
sweep,3057
sweep,3375
sweep,2490
sweep,2656
sweep,3906
sweep,2729
sweep,2825
sweep,3080
sweep,2757
sweep,3406
sweep,2763
sweep,2557
sweep,2479
sweep,5598
sweep,8834
sweep,8498
sweep,8621
sweep,8211
sweep,6169
sweep,6794
sweep,3880
sweep,4274
sweep,5007
sweep,6158
sweep,5621
sweep,5997
sweep,222
mark,1027038
sweep,4897
sweep,4389
sweep,4042
sweep,4181
sweep,3611
sweep,4261
sweep,3636
sweep,3376
sweep,3116
sweep,3535
sweep,3331
sweep,3208
sweep,2609
sweep,3094
sweep,2575
sweep,3083
sweep,3176
sweep,2914
sweep,3056
sweep,3522
sweep,2370
sweep,2640
sweep,3931
sweep,2649
sweep,2990
sweep,1874
sweep,3552
sweep,3637
sweep,4706
sweep,3322
sweep,3151
sweep,3399
sweep,2858
sweep,3242
sweep,2758
sweep,3340
sweep,2772
sweep,3165
sweep,2870
sweep,3171
sweep,3742
sweep,2727
sweep,2969
sweep,2942
sweep,2785
sweep,3582
sweep,2685
sweep,2750
sweep,2843
sweep,3618
sweep,3907
sweep,4033
sweep,4145
sweep,5986
sweep,7546
sweep,5944
sweep,8712
sweep,8458
sweep,8586
sweep,8188
sweep,7486
sweep,7683
sweep,841
mark,1032832
sweep,4608
sweep,3861
sweep,4559
sweep,4238
sweep,3725
sweep,3909
sweep,3603
sweep,3170
sweep,2862
sweep,3664
sweep,2965
sweep,3237
sweep,2680
sweep,2936
sweep,2650
sweep,2959
sweep,3422
sweep,3274
sweep,3273
sweep,3550
sweep,2332
sweep,2690
sweep,3989
sweep,2486
sweep,3739
sweep,2041
sweep,3403
sweep,3588
sweep,4429
sweep,3282
sweep,3193
sweep,3061
sweep,2937
sweep,3269
sweep,2786
sweep,3506
sweep,2921
sweep,3153
sweep,2681
sweep,2629
sweep,3936
sweep,2702
sweep,2986
sweep,2837
sweep,2804
sweep,3721
sweep,2647
sweep,2747
sweep,2680
sweep,5647
sweep,8901
sweep,9019
sweep,8633
sweep,8366
sweep,6332
sweep,7351
sweep,4185
sweep,4236
sweep,4815
sweep,6291
sweep,5642
sweep,5736
sweep,220
mark,1028676
sweep,4781
sweep,4017
sweep,4025
sweep,4316
sweep,3572
sweep,4333
sweep,4149
sweep,3018
sweep,2888
sweep,3146
sweep,3354
sweep,3288
sweep,2971
sweep,2832
sweep,2818
sweep,2637
sweep,3167
sweep,2925
sweep,3031
sweep,3348
sweep,2521
sweep,2680
sweep,3830
sweep,2289
sweep,3033
sweep,1889
sweep,3304
sweep,3805
sweep,4257
sweep,3502
sweep,3116
sweep,3050
sweep,2945
sweep,3032
sweep,2731
sweep,3172
sweep,3210
sweep,3184
sweep,2532
sweep,2697
sweep,3822
sweep,3073
sweep,2661
sweep,2858
sweep,2908
sweep,3563
sweep,2737
sweep,2650
sweep,2484
sweep,3575
sweep,3953
sweep,4112
sweep,4166
sweep,5658
sweep,8073
sweep,6342
sweep,8716
sweep,8865
sweep,8463
sweep,7095
sweep,7521
sweep,7034
sweep,830
mark,1029726
sweep,4736
sweep,3911
sweep,4413
sweep,4307
sweep,3892
sweep,4360
sweep,3867
sweep,3102
sweep,3128
sweep,3335
sweep,3290
sweep,2741
sweep,2838
sweep,2747
sweep,2566
sweep,2785
sweep,3250
sweep,3181
sweep,3047
sweep,3337
sweep,2299
sweep,2463
sweep,4092
sweep,2945
sweep,3521
sweep,1994
sweep,3763
sweep,3629
sweep,4505
sweep,3603
sweep,3341
sweep,2897
sweep,3415
sweep,3093
sweep,2739
sweep,3213
sweep,3328
sweep,3093
sweep,2567
sweep,3097
sweep,3835
sweep,2711
sweep,2975
sweep,2799
sweep,2836
sweep,3705
sweep,2780
sweep,2441
sweep,2457
sweep,5733
sweep,8696
sweep,8258
sweep,8708
sweep,7900
sweep,6320
sweep,7540
sweep,4155
sweep,4487
sweep,4972
sweep,5662
sweep,5981
sweep,5804
sweep,237
mark,1040724
sweep,4964
sweep,3913
sweep,4207
sweep,3968
sweep,3676
sweep,4129
sweep,3698
sweep,3398
sweep,2922
sweep,3284
sweep,3124
sweep,2788
sweep,2752
sweep,2875
sweep,2649
sweep,2650
sweep,3486
sweep,3212
sweep,2946
sweep,3510
sweep,2298
sweep,2564
sweep,4013
sweep,2448
sweep,3625
sweep,2125
sweep,3609
sweep,4124
sweep,4423
sweep,3738
sweep,3388
sweep,3377
sweep,3158
sweep,2991
sweep,2807
sweep,3247
sweep,2719
sweep,3403
sweep,2567
sweep,2822
sweep,3683
sweep,2555
sweep,2676
sweep,3010
sweep,3069
sweep,3393
sweep,2805
sweep,2561
sweep,2460
sweep,3562
sweep,4040
sweep,4139
sweep,4129
sweep,6105
sweep,8024
sweep,6173
sweep,8340
sweep,8545
sweep,8476
sweep,7433
sweep,7054
sweep,7636
sweep,836
mark,1035771
sweep,4895
sweep,3760
sweep,4566
sweep,4328
sweep,3618
sweep,4229
sweep,3688
sweep,3040
sweep,2895
sweep,3262
sweep,3103
sweep,2877
sweep,2765
sweep,2909
sweep,2685
sweep,2925
sweep,3263
sweep,3054
sweep,2972
sweep,3438
sweep,2370
sweep,2378
sweep,3971
sweep,2520
sweep,3107
sweep,1894
sweep,3359
sweep,4019
sweep,4317
sweep,3486
sweep,2979
sweep,3083
sweep,2880
sweep,3083
sweep,2742
sweep,3207
sweep,3002
sweep,3308
sweep,2866
sweep,2621
sweep,3701
sweep,2809
sweep,2964
sweep,2999
sweep,3305
sweep,3398
sweep,2748
sweep,2484
sweep,2421
sweep,5738
sweep,8571
sweep,9146
sweep,8522
sweep,7488
sweep,5975
sweep,6777
sweep,4067
sweep,4325
sweep,4897
sweep,6174
sweep,5957
sweep,5848
sweep,225
mark,1037071
sweep,4932
sweep,3798
sweep,3844
sweep,4381
sweep,3901
sweep,4120
sweep,3707
sweep,3456
sweep,3066
sweep,3126
sweep,3096
sweep,3027
sweep,2721
sweep,2739
sweep,2792
sweep,2904
sweep,3370
sweep,2954
sweep,3230
sweep,3476
sweep,2658
sweep,2698
sweep,4295
sweep,2310
sweep,3584
sweep,1891
sweep,3354
sweep,3643
sweep,4119
sweep,3529
sweep,3036
sweep,3252
sweep,3165
sweep,3047
sweep,2796
sweep,3234
sweep,2808
sweep,3205
sweep,2778
sweep,2618
sweep,3699
sweep,2757
sweep,2714
sweep,3661
sweep,2873
sweep,3397
sweep,2623
sweep,2520
sweep,2546
sweep,3584
sweep,4070
sweep,4031
sweep,4175
sweep,5938
sweep,7990
sweep,6126
sweep,8720
sweep,8272
sweep,8627
sweep,8016
sweep,7352
sweep,7709
sweep,918
mark,1036140
sweep,4752
sweep,4331
sweep,3853
sweep,4027
sweep,3955
sweep,4257
sweep,3819
sweep,3186
sweep,3076
sweep,3342
sweep,2932
sweep,2994
sweep,3015
sweep,3031
sweep,2627
sweep,2742
sweep,3591
sweep,3349
sweep,3112
sweep,3767
sweep,2338
sweep,2458
sweep,3744
sweep,2707
sweep,3101
sweep,1882
sweep,3470
sweep,3821
sweep,4382
sweep,3644
sweep,3162
sweep,3230
sweep,3000
sweep,2910
sweep,2849
sweep,3194
sweep,2734
sweep,3588
sweep,2935
sweep,2927
sweep,3948
sweep,2569
sweep,2980
sweep,2802
sweep,2804
sweep,3612
sweep,2950
sweep,2558
sweep,2460
sweep,6052
sweep,9032
sweep,8806
sweep,8529
sweep,8263
sweep,5673
sweep,6868
sweep,3870
sweep,4287
sweep,4898
sweep,6195
sweep,5637
sweep,5774
sweep,226
mark,1036079
sweep,4707
sweep,4044
sweep,3939
sweep,4025
sweep,3953
sweep,4013
sweep,3494
sweep,3178
sweep,2990
sweep,3051
sweep,3110
sweep,3138
sweep,2712
sweep,2750
sweep,2588
sweep,3138
sweep,3260
sweep,2789
sweep,2918
sweep,3441
sweep,2458
sweep,2556
sweep,3965
sweep,2293
sweep,3535
sweep,1939
sweep,3432
sweep,3570
sweep,4316
sweep,3721
sweep,3433
sweep,3561
sweep,2888
sweep,2942
sweep,3006
sweep,3562
sweep,2746
sweep,3237
sweep,2609
sweep,3008
sweep,3695
sweep,2658
sweep,2658
sweep,3130
sweep,2813
sweep,3685
sweep,3119
sweep,2351
sweep,2556
sweep,3641
sweep,3765
sweep,4251
sweep,4276
sweep,5859
sweep,7671
sweep,6142
sweep,9188
sweep,8039
sweep,8205
sweep,8177
sweep,7396
sweep,7698
sweep,823
mark,1059403
sweep,5216
sweep,3806
sweep,4106
sweep,4227
sweep,3675
sweep,3891
sweep,3636
sweep,3129
sweep,2849
sweep,3363
sweep,2943
sweep,3060
sweep,2682
sweep,2736
sweep,2580
sweep,2662
sweep,3362
sweep,2829
sweep,2985
sweep,3309
sweep,2290
sweep,2402
sweep,3689
sweep,2295
sweep,3223
sweep,1899
sweep,3425
sweep,3970
sweep,4316
sweep,3553
sweep,3286
sweep,3079
sweep,3246
sweep,3032
sweep,2759
sweep,3122
sweep,2714
sweep,2989
sweep,2590
sweep,2781
sweep,3702
sweep,2586
sweep,3055
sweep,2997
sweep,2805
sweep,3372
sweep,2705
sweep,2752
sweep,2681
sweep,5464
sweep,8547
sweep,8950
sweep,8574
sweep,7887
sweep,5880
sweep,6946
sweep,3960
sweep,4381
sweep,4946
sweep,6182
sweep,5914
sweep,5855
sweep,237
mark,1034792
sweep,4608
sweep,3868
sweep,4049
sweep,4271
sweep,3741
sweep,3972
sweep,3662
sweep,3430
sweep,2830
sweep,3611
sweep,3027
sweep,2816
sweep,2654
sweep,3071
sweep,2624
sweep,2814
sweep,3238
sweep,3344
sweep,2933
sweep,3572
sweep,2331
sweep,2547
sweep,3715
sweep,2389
sweep,3034
sweep,2134
sweep,3385
sweep,3976
sweep,4167
sweep,3335
sweep,3413
sweep,2957
sweep,2867
sweep,3186
sweep,2772
sweep,3375
sweep,2785
sweep,2978
sweep,2570
sweep,2999
sweep,3971
sweep,3030
sweep,2853
sweep,3305
sweep,2800
sweep,3388
sweep,2768
sweep,2544
sweep,2494
sweep,3458
sweep,4336
sweep,4020
sweep,4370
sweep,5845
sweep,8336
sweep,6575
sweep,8412
sweep,8498
sweep,8351
sweep,7204
sweep,7136
sweep,7054
sweep,831
mark,1035436
sweep,5138
sweep,4010
sweep,3997
sweep,4117
sweep,3736
sweep,4261
sweep,3624
sweep,3151
sweep,3137
sweep,3339
sweep,3010
sweep,3274
sweep,2981
sweep,3391
sweep,2895
sweep,2695
sweep,3508
sweep,3138
sweep,3060
sweep,3608
sweep,2431
sweep,2417
sweep,3906
sweep,2344
sweep,3133
sweep,1956
sweep,3370
sweep,3714
sweep,4846
sweep,3786
sweep,3087
sweep,3080
sweep,2839
sweep,3122
sweep,2850
sweep,3118
sweep,3249
sweep,3068
sweep,2794
sweep,3029
sweep,3783
sweep,2677
sweep,2829
sweep,3348
sweep,2901
sweep,3488
sweep,2915
sweep,2573
sweep,2506
sweep,5506
sweep,9194
sweep,8545
sweep,8417
sweep,7834
sweep,6015
sweep,7090
sweep,4010
sweep,4289
sweep,4967
sweep,6366
sweep,5814
sweep,5958
sweep,240
mark,1027209
sweep,4755
sweep,3822
sweep,4064
sweep,4233
sweep,3483
sweep,4003
sweep,3835
sweep,3308
sweep,3024
sweep,3099
sweep,3087
sweep,3368
sweep,2932
sweep,2731
sweep,2553
sweep,2800
sweep,3366
sweep,3221
sweep,3063
sweep,3485
sweep,2390
sweep,2510
sweep,3811
sweep,2334
sweep,3151
sweep,1865
sweep,3423
sweep,3608
sweep,4628
sweep,3470
sweep,3551
sweep,3124
sweep,2865
sweep,3088
sweep,2881
sweep,3195
sweep,2745
sweep,3057
sweep,2760
sweep,2967
sweep,3732
sweep,3180
sweep,3017
sweep,3215
sweep,3249
sweep,3399
sweep,3035
sweep,2732
sweep,2502
sweep,3713
sweep,3990
sweep,4057
sweep,4053
sweep,5654
sweep,8271
sweep,5832
sweep,8539
sweep,8216
sweep,8485
sweep,7327
sweep,7847
sweep,7091
sweep,829
mark,1036011
sweep,4560
sweep,4165
sweep,4289
sweep,3970
sweep,3886
sweep,4355
sweep,3460
sweep,3409
sweep,2798
sweep,3723
sweep,2987
sweep,2973
sweep,2754
sweep,2874
sweep,2674
sweep,2940
sweep,3152
sweep,3009
sweep,2981
sweep,3579
sweep,2380
sweep,2648
sweep,3674
sweep,2612
sweep,3165
sweep,1869
sweep,3410
sweep,3582
sweep,4468
sweep,3610
sweep,3218
sweep,3729
sweep,3051
sweep,3048
sweep,2789
sweep,3207
sweep,2756
sweep,3352
sweep,2759
sweep,2633
sweep,4067
sweep,2960
sweep,2656
sweep,3340
sweep,3179
sweep,3368
sweep,2953
sweep,2558
sweep,2489
sweep,5299
sweep,9071
sweep,8631
sweep,8393
sweep,7926
sweep,5752
sweep,7133
sweep,4064
sweep,4493
sweep,4922
sweep,6265
sweep,5895
sweep,5760
sweep,224
mark,1029856
sweep,4659
sweep,3927
sweep,4051
sweep,4487
sweep,3840
sweep,4340
sweep,3434
sweep,3321
sweep,3127
sweep,3371
sweep,3076
sweep,3128
sweep,2818
sweep,3145
sweep,2612
sweep,2647
sweep,3416
sweep,2915
sweep,3053
sweep,3492
sweep,2653
sweep,2840
sweep,3771
sweep,2583
sweep,3578
sweep,1977
sweep,3609
sweep,3946
sweep,4601
sweep,3334
sweep,3086
sweep,2973
sweep,3112
sweep,3073
sweep,2774
sweep,3492
sweep,2902
sweep,3100
sweep,2692
sweep,2669
sweep,3949
sweep,2586
sweep,2944
sweep,3318
sweep,2926
sweep,3500
sweep,3064
sweep,2522
sweep,2734
sweep,3672
sweep,3806
sweep,4028
sweep,4180
sweep,6233
sweep,7673
sweep,6052
sweep,8420
sweep,9096
sweep,8275
sweep,7427
sweep,7249
sweep,7570
sweep,827
mark,1036447
sweep,4654
sweep,3912
sweep,3989
sweep,3989
sweep,3860
sweep,4129
sweep,3710
sweep,3526
sweep,2811
sweep,3197
sweep,3239
sweep,2947
sweep,2886
sweep,2718
sweep,2687
sweep,2698
sweep,3478
sweep,3148
sweep,3033
sweep,3579
sweep,2407
sweep,2668
sweep,4016
sweep,2362
sweep,3753
sweep,2093
sweep,3379
sweep,3690
sweep,4226
sweep,3507
sweep,3484
sweep,3133
sweep,2849
sweep,3084
sweep,2838
sweep,3161
sweep,2725
sweep,3025
sweep,2379
sweep,2730
sweep,3823
sweep,2869
sweep,2939
sweep,3331
sweep,2865
sweep,3788
sweep,2679
sweep,2533
sweep,2421
sweep,5625
sweep,8785
sweep,8940
sweep,8922
sweep,8043
sweep,5871
sweep,6954
sweep,3964
sweep,4482
sweep,4746
sweep,6242
sweep,5507
sweep,5786
sweep,245
mark,1027654
sweep,4730
sweep,4044
sweep,4540
sweep,4743
sweep,3609
sweep,4278
sweep,3611
sweep,3295
sweep,2896
sweep,3336
sweep,3321
sweep,3075
sweep,2699
sweep,2906
sweep,2742
sweep,3047
sweep,3165
sweep,3183
sweep,3220
sweep,3481
sweep,2334
sweep,2545
sweep,3868
sweep,2426
sweep,3529
sweep,2092
sweep,3392
sweep,3882
sweep,4046
sweep,3383
sweep,3275
sweep,2873
sweep,2896
sweep,2966
sweep,3316
sweep,3257
sweep,2782
sweep,3099
sweep,2793
sweep,2722
sweep,3746
sweep,2723
sweep,2658
sweep,3011
sweep,3357
sweep,3699
sweep,2861
sweep,2444
sweep,2420
sweep,3610
sweep,4219
sweep,4109
sweep,4158
sweep,5927
sweep,7825
sweep,6310
sweep,8410
sweep,8621
sweep,8857
sweep,8410
sweep,7454
sweep,7601
sweep,795
mark,1027718
sweep,4502
sweep,3975
sweep,3949
sweep,4103
sweep,3560
sweep,4390
sweep,3612
sweep,3425
sweep,3239
sweep,3299
sweep,3175
sweep,3122
sweep,2864
sweep,2858
sweep,3122
sweep,3035
sweep,3513
sweep,2989
sweep,2873
sweep,3434
sweep,2449
sweep,2619
sweep,3797
sweep,2498
sweep,3141
sweep,1953
sweep,3353
sweep,3598
sweep,4308
sweep,3839
sweep,3464
sweep,2937
sweep,2999
sweep,2985
sweep,2767
sweep,3278
sweep,2878
sweep,3266
sweep,2454
sweep,2691
sweep,4119
sweep,2722
sweep,2652
sweep,3517
sweep,2771
sweep,3555
sweep,3053
sweep,2723
sweep,2786
sweep,5590
sweep,9216
sweep,8600
sweep,8769
sweep,8214
sweep,6134
sweep,7126
sweep,4097
sweep,4319
sweep,4925
sweep,6153
sweep,5906
sweep,5813
sweep,231
mark,1026285
sweep,4788
sweep,4179
sweep,4094
sweep,4180
sweep,3614
sweep,4294
sweep,3653
sweep,3063
sweep,2798
sweep,3070
sweep,3345
sweep,2775
sweep,2671
sweep,2747
sweep,2623
sweep,3084
sweep,3213
sweep,3551
sweep,3011
sweep,3424
sweep,2311
sweep,2793
sweep,3876
sweep,2736
sweep,3338
sweep,1942
sweep,3413
sweep,3918
sweep,4493
sweep,3422
sweep,3128
sweep,3306
sweep,2886
sweep,3327
sweep,2831
sweep,3092
sweep,2800
sweep,3388
sweep,2484
sweep,2578
sweep,3861
sweep,2755
sweep,2791
sweep,3010
sweep,3067
sweep,3582
sweep,2620
sweep,2449
sweep,2634
sweep,3571
sweep,4237
sweep,4028
sweep,4182
sweep,5753
sweep,8037
sweep,6193
sweep,8545
sweep,8466
sweep,8223
sweep,8395
sweep,7503
sweep,7667
sweep,867
mark,1032816
sweep,4679
sweep,3797
sweep,4476
sweep,4117
sweep,3802
sweep,4189
sweep,3891
sweep,3023
sweep,2963
sweep,3217
sweep,2999
sweep,2780
sweep,2716
sweep,2906
sweep,2689
sweep,2821
sweep,3566
sweep,3272
sweep,3154
sweep,3646
sweep,2305
sweep,2508
sweep,3776
sweep,2317
sweep,3262
sweep,1922
sweep,3586
sweep,3558
sweep,4175
sweep,3463
sweep,3335
sweep,2986
sweep,2849
sweep,3170
sweep,2861
sweep,3132
sweep,2730
sweep,3097
sweep,2492
sweep,2648
sweep,4020
sweep,2680
sweep,2756
sweep,3479
sweep,2896
sweep,3424
sweep,2621
sweep,2422
sweep,2543
sweep,5858
sweep,9192
sweep,8902
sweep,9067
sweep,8199
sweep,5789
sweep,6770
sweep,4041
sweep,4496
sweep,4963
sweep,6234
sweep,5794
sweep,5715
sweep,288
mark,1029695
sweep,4654
sweep,3924
sweep,3864
sweep,4124
sweep,3533
sweep,3998
sweep,3532
sweep,3337
sweep,2818
sweep,3445
sweep,3297
sweep,3321
sweep,2925
sweep,2702
sweep,2598
sweep,2837
sweep,3505
sweep,3006
sweep,2939
sweep,3366
sweep,2337
sweep,2593
sweep,3955
sweep,2337
sweep,3235
sweep,1941
sweep,3426
sweep,4037
sweep,4251
sweep,3355
sweep,3186
sweep,3078
sweep,2896
sweep,3224
sweep,2743
sweep,3119
sweep,2907
sweep,3186
sweep,2523
sweep,3043
sweep,3750
sweep,2680
sweep,2977
sweep,3000
sweep,2923
sweep,3597
sweep,2865
sweep,2723
sweep,2488
sweep,3624
sweep,4029
sweep,4164
sweep,4107
sweep,5897
sweep,8159
sweep,6358
sweep,8358
sweep,8411
sweep,8447
sweep,7133
sweep,7081
sweep,7054
sweep,834
mark,1029463
sweep,4658
sweep,4127
sweep,3946
sweep,4045
sweep,3844
sweep,4243
sweep,3883
sweep,3527
sweep,2784
sweep,3188
sweep,3098
sweep,2703
sweep,2707
sweep,3024
sweep,3066
sweep,2712
sweep,3418
sweep,3109
sweep,3259
sweep,3465
sweep,2341
sweep,2463
sweep,3896
sweep,2681
sweep,3712
sweep,1995
sweep,3648
sweep,3857
sweep,4484
sweep,3676
sweep,3422
sweep,3036
sweep,2971
sweep,3361
sweep,3075
sweep,3175
sweep,3020
sweep,3437
sweep,2746
sweep,2704
sweep,3627
sweep,2921
sweep,2787
sweep,3433
sweep,2793
sweep,3471
sweep,2646
sweep,2482
sweep,2612
sweep,5369
sweep,8643
sweep,8642
sweep,8562
sweep,7548
sweep,6372
sweep,7113
sweep,4121
sweep,4326
sweep,4732
sweep,6160
sweep,5693
sweep,5764
sweep,255
mark,1023080
sweep,4982
sweep,4257
sweep,4117
sweep,3968
sweep,3799
sweep,4141
sweep,3537
sweep,3088
sweep,2781
sweep,3296
sweep,3495
sweep,2949
sweep,2638
sweep,2845
sweep,3148
sweep,3173
sweep,3329
sweep,2856
sweep,3206
sweep,3276
sweep,2315
sweep,2894
sweep,3751
sweep,2522
sweep,3061
sweep,1874
sweep,3552
sweep,4023
sweep,4593
sweep,3411
sweep,3114
sweep,3048
sweep,3351
sweep,3101
sweep,2722
sweep,3618
sweep,2894
sweep,3172
sweep,2599
sweep,2700
sweep,3720
sweep,2862
sweep,2992
sweep,3069
sweep,2868
sweep,3739
sweep,2769
sweep,2561
sweep,2545
sweep,3565
sweep,3858
sweep,4145
sweep,4175
sweep,5871
sweep,8149
sweep,5939
sweep,9129
sweep,8114
sweep,8859
sweep,7436
sweep,7768
sweep,7021
sweep,830
mark,1028608
sweep,4901
sweep,4253
sweep,4104
sweep,4233
sweep,3560
sweep,4330
sweep,3887
sweep,3206
sweep,2963
sweep,3102
sweep,2998
sweep,2739
sweep,3043
sweep,2824
sweep,2618
sweep,2745
sweep,3492
sweep,3184
sweep,3220
sweep,3359
sweep,2383
sweep,2429
sweep,4048
sweep,2610
sweep,3783
sweep,2194
sweep,3443
sweep,3942
sweep,4125
sweep,3569
sweep,3333
sweep,2966
sweep,2902
sweep,3039
sweep,2792
sweep,3359
sweep,2944
sweep,3241
sweep,2687
sweep,2591
sweep,3809
sweep,2856
sweep,2927
sweep,3043
sweep,3239
sweep,3869
sweep,2986
sweep,2577
sweep,2446
sweep,5518
sweep,9572
sweep,8602
sweep,8661
sweep,8452
sweep,6468
sweep,7116
sweep,4137
sweep,4388
sweep,4802
sweep,6290
sweep,5622
sweep,5934
sweep,247
mark,1025957
sweep,4758
sweep,3894
sweep,3968
sweep,4221
sweep,3676
sweep,4061
sweep,3597
sweep,3282
sweep,2808
sweep,3152
sweep,3115
sweep,2743
sweep,2650
sweep,2815
sweep,2787
sweep,2917
sweep,3222
sweep,2926
sweep,3106
sweep,3437
sweep,2360
sweep,2517
sweep,3799
sweep,2337
sweep,3312
sweep,1831
sweep,3472
sweep,3614
sweep,4195
sweep,3457
sweep,3028
sweep,3071
sweep,3470
sweep,3078
sweep,2798
sweep,3326
sweep,2772
sweep,3025
sweep,2506
sweep,2653
sweep,3936
sweep,3008
sweep,2921
sweep,2945
sweep,2974
sweep,3765
sweep,2998
sweep,2471
sweep,2681
sweep,3919
sweep,4048
sweep,4007
sweep,4184
sweep,6024
sweep,7906
sweep,5832
sweep,8863
sweep,8248
sweep,8661
sweep,8032
sweep,7304
sweep,7768
sweep,849
mark,1027828
sweep,5382
sweep,4149
sweep,3951
sweep,4089
sweep,3682
sweep,4280
sweep,3924
sweep,3128
sweep,2817
sweep,3453
sweep,3008
sweep,3017
sweep,2839
sweep,3245
sweep,2694
sweep,2838
sweep,3453
sweep,2946
sweep,3119
sweep,3551
sweep,2519
sweep,2418
sweep,4218
sweep,2502
sweep,3098
sweep,2133
sweep,3457
sweep,3688
sweep,4522
sweep,3456
sweep,3239
sweep,2834
sweep,2863
sweep,2949
sweep,2736
sweep,3309
sweep,2694
sweep,3033
sweep,2843
sweep,2631
sweep,3906
sweep,2914
sweep,2627
sweep,3371
sweep,2776
sweep,3664
sweep,2712
sweep,2561
sweep,2661
sweep,5571
sweep,8828
sweep,8472
sweep,8636
sweep,8267
sweep,6534
sweep,7221
sweep,4312
sweep,4471
sweep,5110
sweep,6333
sweep,5765
sweep,6125
sweep,252
mark,1034243
sweep,4672
sweep,3976
sweep,3862
sweep,4042
sweep,3883
sweep,4213
sweep,3572
sweep,3373
sweep,2842
sweep,3096
sweep,3116
sweep,3024
sweep,2694
sweep,2976
sweep,2546
sweep,2941
sweep,3097
sweep,2877
sweep,3212
sweep,3768
sweep,2378
sweep,2525
sweep,3711
sweep,2343
sweep,3087
sweep,2110
sweep,3645
sweep,4038
sweep,4282
sweep,3744
sweep,3127
sweep,3016
sweep,2893
sweep,3242
sweep,2781
sweep,3339
sweep,2949
sweep,3062
sweep,2597
sweep,2880
sweep,3776
sweep,3231
sweep,2709
sweep,3334
sweep,2876
sweep,3441
sweep,2632
sweep,2415
sweep,2435
sweep,3770
sweep,3920
sweep,4109
sweep,4021
sweep,5961
sweep,7651
sweep,6060
sweep,8698
sweep,8471
sweep,8771
sweep,8286
sweep,7599
sweep,7493
sweep,839
mark,1037556
sweep,4727
sweep,4122
sweep,3943
sweep,4044
sweep,4066
sweep,4087
sweep,3661
sweep,3184
sweep,3023
sweep,3177
sweep,3194
sweep,2886
sweep,3052
sweep,3125
sweep,2622
sweep,2843
sweep,3233
sweep,2894
sweep,3033
sweep,3459
sweep,2588
sweep,2606
sweep,3921
sweep,2400
sweep,3257
sweep,1859
sweep,3440
sweep,3816
sweep,4387
sweep,3536
sweep,3103
sweep,3229
sweep,3045
sweep,2968
sweep,3026
sweep,3206
sweep,2735
sweep,3020
sweep,2658
sweep,2755
sweep,3702
sweep,2631
sweep,3259
sweep,2971
sweep,2809
sweep,3709
sweep,2905
sweep,2665
sweep,2722
sweep,5559
sweep,9055
sweep,8720
sweep,8748
sweep,7853
sweep,6734
sweep,6899
sweep,4025
sweep,4345
sweep,4825
sweep,6184
sweep,5909
sweep,5926
sweep,223
mark,1024863
sweep,4458
sweep,3887
sweep,4223
sweep,4491
sweep,3435
sweep,4072
sweep,3621
sweep,3329
sweep,2824
sweep,3597
sweep,3548
sweep,3023
sweep,2955
sweep,3137
sweep,3000
sweep,3573
sweep,3754
sweep,3405
sweep,3219
sweep,4131
sweep,2124
sweep,2336
sweep,3824
sweep,2262
sweep,3725
sweep,1777
sweep,3733
sweep,3997
sweep,4653
sweep,3689
sweep,3072
sweep,2763
sweep,2834
sweep,3063
sweep,2574
sweep,3206
sweep,2962
sweep,3254
sweep,2776
sweep,3069
sweep,3921
sweep,3107
sweep,2812
sweep,3031
sweep,2932
sweep,3430
sweep,2738
sweep,2610
sweep,2542
sweep,3498
sweep,4186
sweep,4096
sweep,4358
sweep,5389
sweep,8136
sweep,6474
sweep,8654
sweep,8362
sweep,8007
sweep,8446
sweep,7370
sweep,7787
sweep,814
mark,1023133
sweep,5156
sweep,4520
sweep,4309
sweep,4310
sweep,4066
sweep,4271
sweep,3579
sweep,3289
sweep,2793
sweep,3399
sweep,3632
sweep,3163
sweep,2710
sweep,3074
sweep,2792
sweep,2548
sweep,3678
sweep,3426
sweep,3197
sweep,3142
sweep,2344
sweep,2530
sweep,3944
sweep,2483
sweep,3481
sweep,2230
sweep,3644
sweep,3975
sweep,4291
sweep,3527
sweep,3198
sweep,2776
sweep,2881
sweep,3293
sweep,2663
sweep,3489
sweep,3271
sweep,3344
sweep,2531
sweep,3010
sweep,4042
sweep,2852
sweep,2669
sweep,2883
sweep,3179
sweep,3587
sweep,2894
sweep,2523
sweep,2466
sweep,5950
sweep,9080
sweep,8634
sweep,8323
sweep,8337
sweep,5695
sweep,7550
sweep,3973
sweep,4268
sweep,4650
sweep,6194
sweep,5904
sweep,5763
sweep,228
mark,1032536
sweep,5066
sweep,4262
sweep,4379
sweep,4260
sweep,3782
sweep,4102
sweep,3850
sweep,3438
sweep,2821
sweep,3476
sweep,3095
sweep,2846
sweep,2683
sweep,3036
sweep,2529
sweep,2706
sweep,3439
sweep,2940
sweep,2949
sweep,3841
sweep,2299
sweep,2729
sweep,3977
sweep,2478
sweep,3211
sweep,1902
sweep,3519
sweep,3976
sweep,4613
sweep,3493
sweep,3420
sweep,2919
sweep,3017
sweep,3127
sweep,2826
sweep,3135
sweep,2922
sweep,3055
sweep,2817
sweep,3080
sweep,3529
sweep,2711
sweep,2823
sweep,2948
sweep,2772
sweep,3343
sweep,3104
sweep,2554
sweep,2500
sweep,3758
sweep,4184
sweep,3856
sweep,4329
sweep,5952
sweep,7746
sweep,6040
sweep,8351
sweep,8566
sweep,8224
sweep,7161
sweep,7355
sweep,7105
sweep,837
mark,1037071
sweep,4825
sweep,3967
sweep,4480
sweep,4461
sweep,3640
sweep,4147
sweep,7887
sweep,3487
sweep,3146
sweep,3200
sweep,3008
sweep,2759
sweep,2742
sweep,2803
sweep,3102
sweep,2819
sweep,3540
sweep,2796
sweep,2906
sweep,3777
sweep,2318
sweep,2397
sweep,4018
sweep,2559
sweep,3144
sweep,2111
sweep,3561
sweep,3647
sweep,4161
sweep,3423
sweep,3230
sweep,2980
sweep,2827
sweep,3150
sweep,2835
sweep,3488
sweep,2801
sweep,3158
sweep,2546
sweep,2699
sweep,3849
sweep,2908
sweep,2652
sweep,3049
sweep,2802
sweep,3616
sweep,2612
sweep,2718
sweep,2458
sweep,5563
sweep,8916
sweep,8537
sweep,8541
sweep,8018
sweep,5789
sweep,7166
sweep,4049
sweep,4413
sweep,4601
sweep,5674
sweep,5512
sweep,6022
sweep,218
mark,1031195
sweep,4779
sweep,4036
sweep,3974
sweep,4293
sweep,3960
sweep,4227
sweep,3736
sweep,3080
sweep,3137
sweep,3226
sweep,2973
sweep,2899
sweep,2897
sweep,3115
sweep,2647
sweep,2748
sweep,3208
sweep,3205
sweep,3030
sweep,3658
sweep,2668
sweep,2428
sweep,3868
sweep,2568
sweep,3055
sweep,1949
sweep,3705
sweep,3910
sweep,4354
sweep,3319
sweep,3066
sweep,3207
sweep,3167
sweep,3056
sweep,2780
sweep,3338
sweep,2825
sweep,3417
sweep,2693
sweep,2669
sweep,3679
sweep,2498
sweep,2843
sweep,3056
sweep,3134
sweep,3372
sweep,2775
sweep,2634
sweep,2441
sweep,3419
sweep,4200
sweep,3954
sweep,4225
sweep,5766
sweep,8249
sweep,6322
sweep,8657
sweep,8563
sweep,8609
sweep,8198
sweep,7496
sweep,7532
sweep,771
mark,1035601
sweep,4693
sweep,4177
sweep,4136
sweep,4056
sweep,3716
sweep,4199
sweep,3599
sweep,3329
sweep,2853
sweep,3265
sweep,3250
sweep,2949
sweep,2964
sweep,2836
sweep,2896
sweep,2702
sweep,3219
sweep,3237
sweep,2896
sweep,4029
sweep,2575
sweep,2528
sweep,3733
sweep,2360
sweep,3310
sweep,2020
sweep,3474
sweep,3792
sweep,4325
sweep,3825
sweep,3090
sweep,2844
sweep,2977
sweep,3075
sweep,2844
sweep,3144
sweep,2755
sweep,3125
sweep,2804
sweep,2615
sweep,3724
sweep,3055
sweep,2754
sweep,2901
sweep,3030
sweep,3395
sweep,2862
sweep,2632
sweep,2713
sweep,5879
sweep,9016
sweep,8437
sweep,8756
sweep,7976
sweep,6181
sweep,7474
sweep,3976
sweep,4595
sweep,4902
sweep,6293
sweep,5674
sweep,5845
sweep,229
mark,1052728
sweep,4612
sweep,3762
sweep,4161
sweep,4517
sweep,3546
sweep,4185
sweep,3761
sweep,3300
sweep,2816
sweep,3288
sweep,3770
sweep,2953
sweep,2989
sweep,2887
sweep,3038
sweep,2931
sweep,3449
sweep,3146
sweep,3326
sweep,3557
sweep,2310
sweep,2517
sweep,4061
sweep,2596
sweep,3111
sweep,1855
sweep,3430
sweep,3695
sweep,4294
sweep,3424
sweep,2990
sweep,3010
sweep,2945
sweep,3344
sweep,2808
sweep,3335
sweep,2959
sweep,3147
sweep,2532
sweep,2685
sweep,3757
sweep,2682
sweep,2750
sweep,3219
sweep,2925
sweep,3604
sweep,2843
sweep,2502
sweep,2586
sweep,3434
sweep,4195
sweep,4128
sweep,4207
sweep,6032
sweep,7659
sweep,5899
sweep,8911
sweep,8353
sweep,8424
sweep,7934
sweep,7596
sweep,7712
sweep,835
mark,1045141
sweep,4865
sweep,4065
sweep,4056
sweep,4204
sweep,3767
sweep,4383
sweep,3678
sweep,3099
sweep,3156
sweep,3584
sweep,3499
sweep,3050
sweep,2704
sweep,3100
sweep,2741
sweep,2780
sweep,3332
sweep,3072
sweep,2919
sweep,3853
sweep,2605
sweep,2413
sweep,3721
sweep,2520
sweep,3199
sweep,1988
sweep,3552
sweep,3785
sweep,4546
sweep,3364
sweep,3289
sweep,3343
sweep,2817
sweep,3044
sweep,2829
sweep,3237
sweep,2831
sweep,3356
sweep,2463
sweep,3043
sweep,3727
sweep,2568
sweep,2893
sweep,3163
sweep,3304
sweep,3533
sweep,2762
sweep,2634
sweep,2594
sweep,5803
sweep,8911
sweep,9139
sweep,8572
sweep,7964
sweep,6248
sweep,7131
sweep,4279
sweep,4339
sweep,4504
sweep,5836
sweep,5909
sweep,5731
sweep,228
mark,1027812
sweep,4497
sweep,4000
sweep,4245
sweep,4454
sweep,3930
sweep,4128
sweep,3526
sweep,3279
sweep,2807
sweep,3114
sweep,3056
sweep,2751
sweep,2689
sweep,2712
sweep,2751
sweep,2905
sweep,3436
sweep,2998
sweep,2858
sweep,3489
sweep,2427
sweep,2446
sweep,3725
sweep,2575
sweep,3403
sweep,2023
sweep,3474
sweep,3981
sweep,4111
sweep,3630
sweep,3053
sweep,3378
sweep,2993
sweep,3004
sweep,2789
sweep,3477
sweep,2885
sweep,3327
sweep,2454
sweep,2884
sweep,3638
sweep,3186
sweep,2604
sweep,3661
sweep,3253
sweep,3790
sweep,2764
sweep,2626
sweep,2520
sweep,3555
sweep,4104
sweep,3944
sweep,4188
sweep,6101
sweep,7607
sweep,6091
sweep,8743
sweep,8152
sweep,8594
sweep,7545
sweep,7670
sweep,7130
sweep,915
mark,1030745
sweep,4613
sweep,3803
sweep,4018
sweep,4128
sweep,3660
sweep,4339
sweep,3919
sweep,3076
sweep,3057
sweep,3698
sweep,2986
sweep,2725
sweep,2728
sweep,2747
sweep,2594
sweep,2686
sweep,3830
sweep,3179
sweep,3668
sweep,3590
sweep,2341
sweep,2626
sweep,3811
sweep,2469
sweep,3093
sweep,1870
sweep,3649
sweep,3648
sweep,4455
sweep,3599
sweep,3016
sweep,3360
sweep,2873
sweep,2988
sweep,2759
sweep,3503
sweep,2959
sweep,3386
sweep,2489
sweep,2845
sweep,3930
sweep,2825
sweep,2755
sweep,3460
sweep,3420
sweep,3513
sweep,2812
sweep,2492
sweep,2747
sweep,5719
sweep,9055
sweep,8929
sweep,8787
sweep,8317
sweep,6294
sweep,7486
sweep,3991
sweep,4574
sweep,4250
sweep,5696
sweep,5975
sweep,6429
sweep,250
mark,1025594
sweep,4677
sweep,4036
sweep,4375
sweep,4047
sweep,3671
sweep,3968
sweep,3599
sweep,3138
sweep,3020
sweep,3116
sweep,3108
sweep,2817
sweep,2681
sweep,2990
sweep,2740
sweep,2907
sweep,3204
sweep,3152
sweep,3244
sweep,3438
sweep,2624
sweep,2735
sweep,4268
sweep,2499
sweep,3217
sweep,1998
sweep,3326
sweep,3989
sweep,4300
sweep,3529
sweep,3186
sweep,3407
sweep,2888
sweep,3041
sweep,2729
sweep,3226
sweep,2973
sweep,3171
sweep,2588
sweep,2698
sweep,4059
sweep,3163
sweep,2770
sweep,2992
sweep,3023
sweep,3468
sweep,2751
sweep,2882
sweep,2472
sweep,3468
sweep,3961
sweep,4053
sweep,4222
sweep,5865
sweep,8502
sweep,6572
sweep,8857
sweep,8316
sweep,8761
sweep,8253
sweep,7367
sweep,7575
sweep,833
mark,1034454
sweep,5027
sweep,4237
sweep,4152
sweep,4369
sweep,3772
sweep,4152
sweep,3878
sweep,3231
sweep,3179
sweep,3145
sweep,3041
sweep,2743
sweep,6145
sweep,3093
sweep,2622
sweep,2857
sweep,3602
sweep,3013
sweep,3246
sweep,3417
sweep,2406
sweep,2597
sweep,3641
sweep,2289
sweep,3139
sweep,2021
sweep,3542
sweep,3962
sweep,4392
sweep,3394
sweep,3569
sweep,3275
sweep,2908
sweep,3219
sweep,2844
sweep,3385
sweep,3018
sweep,3085
sweep,2508
sweep,3172
sweep,3770
sweep,2725
sweep,2879
sweep,2862
sweep,2900
sweep,3386
sweep,3048
sweep,2633
sweep,2523
sweep,5610
sweep,8889
sweep,8348
sweep,8507
sweep,8105
sweep,6561
sweep,7385
sweep,4337
sweep,4443
sweep,4856
sweep,6213
sweep,5952
sweep,5716
sweep,239
mark,1030499
sweep,4718
sweep,3836
sweep,4057
sweep,3919
sweep,3707
sweep,3927
sweep,3511
sweep,3030
sweep,3122
sweep,3124
sweep,3148
sweep,3007
sweep,2697
sweep,2949
sweep,3096
sweep,2700
sweep,3211
sweep,2928
sweep,2974
sweep,3866
sweep,2261
sweep,2601
sweep,4045
sweep,2286
sweep,3135
sweep,1995
sweep,3348
sweep,3671
sweep,4538
sweep,3841
sweep,3103
sweep,3112
sweep,2844
sweep,3326
sweep,2992
sweep,3248
sweep,2871
sweep,3249
sweep,2825
sweep,3294
sweep,3736
sweep,2674
sweep,2771
sweep,3086
sweep,3080
sweep,3409
sweep,2699
sweep,3028
sweep,2468
sweep,3757
sweep,4619
sweep,3994
sweep,4454
sweep,5959
sweep,7711
sweep,6160
sweep,8793
sweep,8336
sweep,8652
sweep,8251
sweep,7489
sweep,7500
sweep,838
mark,1032780
sweep,4802
sweep,4183
sweep,3927
sweep,4157
sweep,3659
sweep,3985
sweep,3625
sweep,3172
sweep,3075
sweep,3240
sweep,3219
sweep,2751
sweep,2646
sweep,3151
sweep,2536
sweep,2798
sweep,3495
sweep,2942
sweep,3143
sweep,3858
sweep,2334
sweep,2561
sweep,3766
sweep,2423
sweep,3188
sweep,2136
sweep,3423
sweep,4299
sweep,4259
sweep,3442
sweep,3103
sweep,3088
sweep,2819
sweep,3671
sweep,2791
sweep,3412
sweep,3185
sweep,3066
sweep,2517
sweep,2689
sweep,3952
sweep,2777
sweep,2934
sweep,2894
sweep,2880
sweep,3652
sweep,2989
sweep,2608
sweep,2512
sweep,5568
sweep,9356
sweep,8798
sweep,8987
sweep,8295
sweep,5675
sweep,7310
sweep,4195
sweep,4299
sweep,4239
sweep,6227
sweep,5804
sweep,5880
sweep,239
mark,1025401
sweep,4957
sweep,4211
sweep,4328
sweep,4226
sweep,3564
sweep,4144
sweep,3965
sweep,3092
sweep,3041
sweep,3438
sweep,3147
sweep,2676
sweep,2933
sweep,3028
sweep,2651
sweep,2679
sweep,3223
sweep,3235
sweep,3001
sweep,3464
sweep,2312
sweep,2526
sweep,3715
sweep,2612
sweep,3152
sweep,2372
sweep,3303
sweep,3551
sweep,4384
sweep,3330
sweep,3107
sweep,2947
sweep,2956
sweep,2982
sweep,2744
sweep,3177
sweep,2863
sweep,3075
sweep,2693
sweep,2959
sweep,3972
sweep,2686
sweep,2747
sweep,3470
sweep,2846
sweep,3412
sweep,3032
sweep,2687
sweep,2505
sweep,3608
sweep,4050
sweep,3971
sweep,4235
sweep,6224
sweep,8241
sweep,6512
sweep,8512
sweep,8147
sweep,8458
sweep,7384
sweep,7165
sweep,7798
sweep,855
mark,1036930
sweep,4736
sweep,3788
sweep,3924
sweep,4372
sweep,3886
sweep,4399
sweep,3624
sweep,3469
sweep,3077
sweep,3267
sweep,3332
sweep,3260
sweep,2749
sweep,3464
sweep,2821
sweep,2723
sweep,3378
sweep,3000
sweep,3079
sweep,3326
sweep,2395
sweep,2610
sweep,4117
sweep,2622
sweep,3113
sweep,2031
sweep,3768
sweep,3799
sweep,4932
sweep,3378
sweep,3280
sweep,3244
sweep,2884
sweep,3365
sweep,2816
sweep,3175
sweep,2821
sweep,3381
sweep,2491
sweep,2946
sweep,3847
sweep,2709
sweep,2673
sweep,3421
sweep,2991
sweep,3773
sweep,2854
sweep,2802
sweep,2469
sweep,5818
sweep,8971
sweep,8744
sweep,8596
sweep,8041
sweep,6003
sweep,7175
sweep,3954
sweep,4659
sweep,4877
sweep,6355
sweep,5917
sweep,6544
sweep,220
mark,1044140
sweep,4934
sweep,4328
sweep,4353
sweep,4282
sweep,3585
sweep,4424
sweep,3664
sweep,3564
sweep,2955
sweep,3150
sweep,3391
sweep,2800
sweep,2752
sweep,2841
sweep,2750
sweep,2689
sweep,3516
sweep,3166
sweep,2992
sweep,3272
sweep,2424
sweep,2485
sweep,3703
sweep,2447
sweep,3410
sweep,2197
sweep,3458
sweep,3960
sweep,4415
sweep,3629
sweep,3179
sweep,3239
sweep,3132
sweep,3301
sweep,3094
sweep,3410
sweep,2850
sweep,3151
sweep,2492
sweep,2709
sweep,3929
sweep,3015
sweep,3058
sweep,3368
sweep,2821
sweep,3451
sweep,2842
sweep,2713
sweep,2513
sweep,3566
sweep,4152
sweep,3984
sweep,4439
sweep,5797
sweep,7629
sweep,5836
sweep,9172
sweep,8120
sweep,8187
sweep,8238
sweep,7107
sweep,7618
sweep,836
mark,1035902
sweep,4916
sweep,3990
sweep,4039
sweep,4264
sweep,3843
sweep,4111
sweep,3751
sweep,3220
sweep,3101
sweep,3303
sweep,3179
sweep,2747
sweep,2669
sweep,3114
sweep,2599
sweep,2728
sweep,3643
sweep,2972
sweep,3088
sweep,3740
sweep,2578
sweep,2465
sweep,3696
sweep,2407
sweep,3865
sweep,2195
sweep,3434
sweep,3799
sweep,4356
sweep,3516
sweep,3200
sweep,3071
sweep,3074
sweep,2988
sweep,2807
sweep,3374
sweep,2987
sweep,3235
sweep,2643
sweep,2887
sweep,4043
sweep,2983
sweep,3094
sweep,2991
sweep,3037
sweep,3750
sweep,2794
sweep,2598
sweep,2467
sweep,5378
sweep,8704
sweep,8625
sweep,8191
sweep,7718
sweep,5839
sweep,7426
sweep,4154
sweep,4351
sweep,4237
sweep,5687
sweep,5973
sweep,6712
sweep,240
mark,1051813
sweep,4584
sweep,3971
sweep,4016
sweep,4040
sweep,3978
sweep,4366
sweep,3528
sweep,3131
sweep,2800
sweep,3127
sweep,3135
sweep,2783
sweep,2622
sweep,2791
sweep,2766
sweep,2791
sweep,3577
sweep,3197
sweep,2999
sweep,3421
sweep,2597
sweep,2404
sweep,4015
sweep,2600
sweep,3273
sweep,1918
sweep,3416
sweep,3636
sweep,4286
sweep,3436
sweep,3417
sweep,2988
sweep,2980
sweep,3170
sweep,2825
sweep,3562
sweep,2987
sweep,3037
sweep,2717
sweep,2921
sweep,3829
sweep,2651
sweep,3151
sweep,3197
sweep,2698
sweep,3426
sweep,2707
sweep,2749
sweep,2515
sweep,4023
sweep,3997
sweep,4046
sweep,4462
sweep,5970
sweep,7568
sweep,5863
sweep,8740
sweep,8242
sweep,8763
sweep,8154
sweep,7493
sweep,7669
sweep,782
mark,1033084
sweep,4674
sweep,4072
sweep,3748
sweep,4239
sweep,4045
sweep,4239
sweep,4109
sweep,3719
sweep,3167
sweep,3207
sweep,2945
sweep,2857
sweep,2800
sweep,2834
sweep,2552
sweep,2693
sweep,3264
sweep,2953
sweep,2991
sweep,3699
sweep,2237
sweep,2489
sweep,4241
sweep,2605
sweep,3933
sweep,2105
sweep,3450
sweep,3694
sweep,4382
sweep,3760
sweep,3445
sweep,2945
sweep,2835
sweep,3003
sweep,2704
sweep,3087
sweep,2962
sweep,3068
sweep,2562
sweep,2647
sweep,3587
sweep,2730
sweep,3131
sweep,11616
sweep,2929
sweep,3267
sweep,2669
sweep,2843
sweep,2479
sweep,5631
sweep,8817
sweep,8752
sweep,8366
sweep,8405
sweep,6195
sweep,7326
sweep,4190
sweep,4186
sweep,4779
sweep,6314
sweep,5651
sweep,5941
sweep,224
mark,1033310
sweep,4905
sweep,3994
sweep,4016
sweep,4249
sweep,3796
sweep,3887
sweep,3670
sweep,3535
sweep,3044
sweep,3005
sweep,3102
sweep,2775
sweep,2911
sweep,2771
sweep,2759
sweep,2582
sweep,3520
sweep,3369
sweep,2955
sweep,3418
sweep,2374
sweep,2415
sweep,4081
sweep,2633
sweep,3049
sweep,2020
sweep,3320
sweep,3508
sweep,4250
sweep,3608
sweep,3402
sweep,2955
sweep,3112
sweep,3039
sweep,2758
sweep,3346
sweep,2987
sweep,3088
sweep,2556
sweep,2682
sweep,3721
sweep,2736
sweep,2874
sweep,3092
sweep,2861
sweep,3532
sweep,2739
sweep,2743
sweep,2597
sweep,3558
sweep,3780
sweep,4160
sweep,4384
sweep,6109
sweep,7548
sweep,6020
sweep,8489
sweep,8231
sweep,8247
sweep,7034
sweep,7455
sweep,7074
sweep,829
mark,1033905
sweep,4528
sweep,3830
sweep,4086
sweep,4211
sweep,4004
sweep,4221
sweep,3594
sweep,3629
sweep,2995
sweep,3145
sweep,2938
sweep,2780
sweep,2692
sweep,2900
sweep,2758
sweep,2888
sweep,3327
sweep,2955
sweep,2986
sweep,3515
sweep,2285
sweep,2404
sweep,3968
sweep,2544
sweep,3542
sweep,1931
sweep,3399
sweep,3679
sweep,4320
sweep,3673
sweep,3030
sweep,3026
sweep,3132
sweep,3131
sweep,2827
sweep,3421
sweep,2890
sweep,3226
sweep,2751
sweep,2678
sweep,3707
sweep,2882
sweep,2853
sweep,3313
sweep,2898
sweep,3632
sweep,2999
sweep,2677
sweep,2697
sweep,5622
sweep,8814
sweep,8694
sweep,8552
sweep,7702
sweep,6230
sweep,6824
sweep,4015
sweep,4277
sweep,5072
sweep,6217
sweep,5949
sweep,5987
sweep,232
mark,1027060
sweep,4686
sweep,4036
sweep,3934
sweep,4223
sweep,3668
sweep,4120
sweep,3711
sweep,3438
sweep,3053
sweep,3129
sweep,2966
sweep,3013
sweep,3070
sweep,2776
sweep,2589
sweep,2913
sweep,3206
sweep,3044
sweep,2918
sweep,3438
sweep,2307
sweep,2501
sweep,3709
sweep,2313
sweep,3150
sweep,2495
sweep,3700
sweep,3877
sweep,4256
sweep,3261
sweep,3161
sweep,3062
sweep,2980
sweep,3001
sweep,3091
sweep,3559
sweep,2876
sweep,3168
sweep,2670
sweep,3145
sweep,3642
sweep,2805
sweep,2677
sweep,3201
sweep,2843
sweep,3440
sweep,2895
sweep,2579
sweep,2775
sweep,3545
sweep,4003
sweep,3992
sweep,4164
sweep,6073
sweep,7531
sweep,5933
sweep,8773
sweep,8339
sweep,8537
sweep,8357
sweep,7457
sweep,7336
sweep,831
mark,1027080
sweep,4746
sweep,3839
sweep,4471
sweep,4118
sweep,3556
sweep,4264
sweep,3750
sweep,3300
sweep,3224
sweep,3442
sweep,3102
sweep,2932
sweep,2853
sweep,3058
sweep,2606
sweep,2992
sweep,3528
sweep,3135
sweep,2984
sweep,3440
sweep,2435
sweep,2659
sweep,3956
sweep,2329
sweep,3101
sweep,1973
sweep,3353
sweep,3551
sweep,4501
sweep,3646
sweep,3099
sweep,3081
sweep,2845
sweep,3158
sweep,2788
sweep,3203
sweep,2704
sweep,3067
sweep,2511
sweep,2668
sweep,3635
sweep,2668
sweep,3032
sweep,3040
sweep,2770
sweep,3575
sweep,3012
sweep,2521
sweep,2508
sweep,5569
sweep,8810
sweep,8168
sweep,9087
sweep,7747
sweep,6444
sweep,7282
sweep,4495
sweep,4201
sweep,4747
sweep,6221
sweep,5857
sweep,5711
sweep,241
mark,1027963
sweep,4580
sweep,3802
sweep,4299
sweep,4178
sweep,4011
sweep,4137
sweep,3487
sweep,3142
sweep,3025
sweep,3384
sweep,3105
sweep,2906
sweep,2752
sweep,2776
sweep,2932
sweep,2962
sweep,3291
sweep,2858
sweep,2977
sweep,3386
sweep,2611
sweep,2488
sweep,3996
sweep,2328
sweep,3134
sweep,1957
sweep,3342
sweep,3650
sweep,4126
sweep,3438
sweep,3428
sweep,3139
sweep,2942
sweep,3105
sweep,3051
sweep,3781
sweep,3022
sweep,2982
sweep,2696
sweep,2716
sweep,3821
sweep,2839
sweep,2686
sweep,3401
sweep,3318
sweep,3662
sweep,2732
sweep,2502
sweep,2538
sweep,3696
sweep,3794
sweep,4220
sweep,4076
sweep,6148
sweep,8229
sweep,5942
sweep,8238
sweep,8330
sweep,8423
sweep,7043
sweep,7112
sweep,7183
sweep,834
mark,1028638
sweep,4743
sweep,4264
sweep,4754
sweep,4315
sweep,3887
sweep,4159
sweep,3678
sweep,3593
sweep,2874
sweep,3285
sweep,2864
sweep,2674
sweep,2779
sweep,3168
sweep,2649
sweep,2860
sweep,3313
sweep,2918
sweep,3008
sweep,3402
sweep,2667
sweep,2614
sweep,4140
sweep,2421
sweep,3219
sweep,2450
sweep,3411
sweep,3715
sweep,4701
sweep,3431
sweep,3349
sweep,2813
sweep,2947
sweep,3191
sweep,2831
sweep,3439
sweep,2814
sweep,3024
sweep,2519
sweep,3122
sweep,3803
sweep,2614
sweep,2769
sweep,2987
sweep,2851
sweep,3444
sweep,2698
sweep,2406
sweep,2626
sweep,5655
sweep,8532
sweep,8850
sweep,8837
sweep,7929
sweep,6208
sweep,6974
sweep,3964
sweep,4615
sweep,4843
sweep,6055
sweep,5546
sweep,5706
sweep,216
mark,1027472
sweep,4857
sweep,4366
sweep,4488
sweep,4434
sweep,3795
sweep,4431
sweep,3802
sweep,3006
sweep,3195
sweep,3065
sweep,3168
sweep,2742
sweep,2622
sweep,2957
sweep,2734
sweep,2987
sweep,3182
sweep,3236
sweep,3011
sweep,3461
sweep,2378
sweep,2711
sweep,3776
sweep,2312
sweep,6652
sweep,1901
sweep,3449
sweep,3754
sweep,4135
sweep,3723
sweep,3180
sweep,3044
sweep,2931
sweep,3383
sweep,2864
sweep,3246
sweep,2995
sweep,3056
sweep,2511
sweep,2703
sweep,3628
sweep,3254
sweep,2649
sweep,3236
sweep,2981
sweep,3334
sweep,2639
sweep,2574
sweep,2712
sweep,3420
sweep,3936
sweep,4117
sweep,4448
sweep,5879
sweep,8307
sweep,6406
sweep,8576
sweep,8356
sweep,8462
sweep,7311
sweep,7736
sweep,7308
sweep,822
mark,1038746
sweep,4485
sweep,3851
sweep,4211
sweep,3907
sweep,3613
sweep,4184
sweep,3673
sweep,3234
sweep,3171
sweep,3258
sweep,3081
sweep,3001
sweep,2968
sweep,2979
sweep,2611
sweep,2613
sweep,3288
sweep,2961
sweep,3028
sweep,4043
sweep,2360
sweep,2470
sweep,4117
sweep,2353
sweep,3163
sweep,2202
sweep,3702
sweep,3676
sweep,4196
sweep,3582
sweep,3271
sweep,3282
sweep,2847
sweep,3076
sweep,2832
sweep,3374
sweep,2716
sweep,3286
sweep,2476
sweep,2583
sweep,3788
sweep,2578
sweep,2725
sweep,3056
sweep,2770
sweep,3448
sweep,2798
sweep,2659
sweep,2566
sweep,5269
sweep,8969
sweep,8640
sweep,8695
sweep,7989
sweep,5988
sweep,7446
sweep,3861
sweep,4172
sweep,4870
sweep,6290
sweep,6008
sweep,5923
sweep,225
mark,1028511
sweep,5136
sweep,4238
sweep,4309
sweep,4364
sweep,3838
sweep,3989
sweep,3485
sweep,3154
sweep,3015
sweep,3233
sweep,2935
sweep,3031
sweep,2985
sweep,2882
sweep,2708
sweep,2738
sweep,3177
sweep,2982
sweep,3074
sweep,3698
sweep,2609
sweep,2487
sweep,3774
sweep,2331
sweep,3071
sweep,2111
sweep,3621
sweep,3820
sweep,4511
sweep,3620
sweep,3199
sweep,3432
sweep,2896
sweep,3043
sweep,2941
sweep,3355
sweep,2847
sweep,3298
sweep,2951
sweep,2917
sweep,3929
sweep,2736
sweep,2626
sweep,3092
sweep,2918
sweep,3746
sweep,2797
sweep,2524
sweep,2504
sweep,3699
sweep,4426
sweep,4152
sweep,4429
sweep,5644
sweep,8307
sweep,6461
sweep,8369
sweep,8209
sweep,8551
sweep,7366
sweep,7027
sweep,6952
sweep,838
mark,1029125
sweep,4550
sweep,4336
sweep,3900
sweep,4208
sweep,3821
sweep,4364
sweep,3933
sweep,3502
sweep,2922
sweep,3659
sweep,3213
sweep,2799
sweep,2693
sweep,3041
sweep,3049
sweep,2830
sweep,3279
sweep,3018
sweep,2872
sweep,3698
sweep,2629
sweep,2637
sweep,3707
sweep,2481
sweep,3501
sweep,2061
sweep,3497
sweep,3534
sweep,4533
sweep,3825
sweep,3142
sweep,3026
sweep,3319
sweep,3089
sweep,3183
sweep,3498
sweep,3013
sweep,3348
sweep,2771
sweep,2675
sweep,3714
sweep,2907
sweep,2699
sweep,3332
sweep,3078
sweep,3515
sweep,3240
sweep,2541
sweep,2821
sweep,5748
sweep,9372
sweep,8939
sweep,8617
sweep,8009
sweep,6372
sweep,7554
sweep,4463
sweep,4458
sweep,4942
sweep,6255
sweep,5575
sweep,5770
sweep,226
mark,1026333
sweep,5023
sweep,4231
sweep,4442
sweep,4123
sweep,3573
sweep,3968
sweep,3930
sweep,3099
sweep,2788
sweep,3707
sweep,3341
sweep,2722
sweep,2778
sweep,2813
sweep,2666
sweep,2856
sweep,3213
sweep,2878
sweep,3188
sweep,3649
sweep,2327
sweep,2904
sweep,3668
sweep,2587
sweep,3255
sweep,1903
sweep,3394
sweep,3627
sweep,4556
sweep,3414
sweep,3251
sweep,3090
sweep,2842
sweep,2863
sweep,2797
sweep,3417
sweep,2993
sweep,3355
sweep,2507
sweep,2990
sweep,4073
sweep,2653
sweep,2896
sweep,3103
sweep,2809
sweep,3372
sweep,3138
sweep,2553
sweep,2529
sweep,3815
sweep,3863
sweep,4099
sweep,4069
sweep,5767
sweep,8048
sweep,6456
sweep,8957
sweep,8413
sweep,8660
sweep,8123
sweep,7434
sweep,7524
sweep,832
mark,1030065
sweep,4673
sweep,3929
sweep,4065
sweep,4313
sweep,3650
sweep,4066
sweep,3623
sweep,3178
sweep,2792
sweep,3417
sweep,2946
sweep,2726
sweep,2902
sweep,2818
sweep,3001
sweep,2894
sweep,3373
sweep,2928
sweep,3387
sweep,3415
sweep,2289
sweep,2476
sweep,3689
sweep,2456
sweep,3118
sweep,1937
sweep,3387
sweep,3984
sweep,4217
sweep,3395
sweep,3077
sweep,3149
sweep,3139
sweep,3049
sweep,2782
sweep,3337
sweep,2745
sweep,3498
sweep,2601
sweep,3205
sweep,3699
sweep,2633
sweep,2715
sweep,6356
sweep,2997
sweep,3448
sweep,2829
sweep,2616
sweep,2430
sweep,5500
sweep,13748
sweep,8691
sweep,8805
sweep,8084
sweep,6277
sweep,7387
sweep,3998
sweep,4181
sweep,4673
sweep,6097
sweep,5853
sweep,5789
sweep,223
mark,1027429
sweep,4605
sweep,4480
sweep,3967
sweep,4528
sweep,3867
sweep,3959
sweep,3465
sweep,3012
sweep,3217
sweep,3332
sweep,3048
sweep,2994
sweep,2984
sweep,2756
sweep,2637
sweep,2756
sweep,3183
sweep,3321
sweep,3100
sweep,3394
sweep,2464
sweep,2736
sweep,4035
sweep,2408
sweep,3330
sweep,2098
sweep,3411
sweep,3764
sweep,4329
sweep,3348
sweep,3037
sweep,3495
sweep,2888
sweep,3058
sweep,2918
sweep,3506
sweep,3019
sweep,3045
sweep,2649
sweep,2838
sweep,3772
sweep,2909
sweep,2677
sweep,3209
sweep,2924
sweep,3405
sweep,2736
sweep,2584
sweep,2406
sweep,3964
sweep,3931
sweep,4258
sweep,4251
sweep,6021
sweep,7815
sweep,6116
sweep,8439
sweep,8265
sweep,8511
sweep,8192
sweep,7349
sweep,7664
sweep,832
mark,1034025
sweep,5486
sweep,4302
sweep,4105
sweep,3926
sweep,3868
sweep,4210
sweep,3900
sweep,3068
sweep,2903
sweep,3260
sweep,2989
sweep,3007
sweep,2697
sweep,3043
sweep,2634
sweep,3025
sweep,3302
sweep,2975
sweep,2980
sweep,3689
sweep,2403
sweep,2634
sweep,3774
sweep,2428
sweep,3142
sweep,2055
sweep,3476
sweep,3761
sweep,4755
sweep,3657
sweep,3320
sweep,3088
sweep,2895
sweep,3022
sweep,3031
sweep,3112
sweep,2806
sweep,3197
sweep,2537
sweep,2617
sweep,3696
sweep,2934
sweep,2774
sweep,3201
sweep,2878
sweep,3715
sweep,2854
sweep,2443
sweep,2847
sweep,5314
sweep,8788
sweep,8684
sweep,8926
sweep,7812
sweep,5723
sweep,6846
sweep,4001
sweep,4493
sweep,4388
sweep,5599
sweep,5479
sweep,5811
sweep,236
mark,1026017
sweep,4990
sweep,3695
sweep,4384
sweep,4169
sweep,3871
sweep,3904
sweep,4081
sweep,3117
sweep,3070
sweep,3215
sweep,3287
sweep,2827
sweep,2700
sweep,3068
sweep,2617
sweep,2737
sweep,3494
sweep,3607
sweep,3151
sweep,3608
sweep,2464
sweep,2852
sweep,3770
sweep,2537
sweep,3216
sweep,2031
sweep,3729
sweep,3711
sweep,4487
sweep,3299
sweep,3008
sweep,3030
sweep,3161
sweep,3185
sweep,3353
sweep,3312
sweep,3099
sweep,3391
sweep,2749
sweep,2775
sweep,3659
sweep,2986
sweep,2798
sweep,3076
sweep,3049
sweep,3772
sweep,2631
sweep,2882
sweep,2752
sweep,3634
sweep,4189
sweep,4066
sweep,4247
sweep,5517
sweep,8301
sweep,6294
sweep,9035
sweep,8898
sweep,9118
sweep,8611
sweep,7456
sweep,7654
sweep,793
mark,1061688
sweep,4783
sweep,3984
sweep,4117
sweep,4163
sweep,3762
sweep,4516
sweep,3645
sweep,3543
sweep,2873
sweep,3260
sweep,3131
sweep,2879
sweep,2789
sweep,3075
sweep,2715
sweep,2732
sweep,3478
sweep,3131
sweep,3238
sweep,3431
sweep,2347
sweep,2722
sweep,3921
sweep,2553
sweep,3106
sweep,1992
sweep,3541
sweep,3669
sweep,4309
sweep,3589
sweep,3129
sweep,3003
sweep,2902
sweep,3040
sweep,2813
sweep,3426
sweep,2898
sweep,3195
sweep,2522
sweep,3070
sweep,3746
sweep,2836
sweep,2685
sweep,2821
sweep,2878
sweep,3891
sweep,2720
sweep,2502
sweep,2478
sweep,5883
sweep,8952
sweep,8524
sweep,8588
sweep,8267
sweep,6082
sweep,7377
sweep,4047
sweep,4890
sweep,4293
sweep,5779
sweep,5931
sweep,6177
sweep,262
mark,1043570
sweep,4793
sweep,4129
sweep,4134
sweep,4426
sweep,3510
sweep,4071
sweep,3784
sweep,3315
sweep,2931
sweep,3262
sweep,3182
sweep,3036
sweep,3009
sweep,2862
sweep,2601
sweep,2854
sweep,3422
sweep,2967
sweep,3075
sweep,3241
sweep,2346
sweep,2505
sweep,3719
sweep,2650
sweep,3093
sweep,1889
sweep,3467
sweep,3809
sweep,4492
sweep,3363
sweep,3425
sweep,3046
sweep,3430
sweep,3142
sweep,2986
sweep,3288
sweep,2813
sweep,3091
sweep,2520
sweep,2825
sweep,3832
sweep,2599
sweep,2657
sweep,2943
sweep,2845
sweep,3616
sweep,2956
sweep,2497
sweep,2751
sweep,3759
sweep,4255
sweep,4140
sweep,4490
sweep,6228
sweep,7747
sweep,5942
sweep,8980
sweep,8019
sweep,8278
sweep,7785
sweep,7696
sweep,7338
sweep,852
mark,1046473
sweep,4696
sweep,4261
sweep,3887
sweep,4264
sweep,3592
sweep,4383
sweep,3636
sweep,3546
sweep,2901
sweep,3299
sweep,3106
sweep,2723
sweep,2852
sweep,2871
sweep,2858
sweep,2775
sweep,3666
sweep,3261
sweep,3023
sweep,3749
sweep,2422
sweep,2628
sweep,3769
sweep,2508
sweep,3153
sweep,2213
sweep,3532
sweep,3923
sweep,4377
sweep,3371
sweep,3074
sweep,3043
sweep,3147
sweep,3073
sweep,3106
sweep,3214
sweep,3039
sweep,3133
sweep,2536
sweep,2681
sweep,3848
sweep,2720
sweep,2748
sweep,3268
sweep,2807
sweep,3748
sweep,2771
sweep,2610
sweep,2434
sweep,5477
sweep,9201
sweep,8998
sweep,8801
sweep,8202
sweep,6316
sweep,7428
sweep,3934
sweep,4452
sweep,4232
sweep,5853
sweep,5648
sweep,6616
sweep,218
mark,1040789
sweep,4890
sweep,3885
sweep,4486
sweep,4046
sweep,3898
sweep,4049
sweep,3569
sweep,3244
sweep,2800
sweep,3413
sweep,3095
sweep,3159
sweep,2996
sweep,2819
sweep,3054
sweep,2763
sweep,3336
sweep,2992
sweep,2916
sweep,3763
sweep,2450
sweep,2663
sweep,4032
sweep,2479
sweep,3849
sweep,2068
sweep,3523
sweep,3786
sweep,4723
sweep,3739
sweep,3147
sweep,3450
sweep,2934
sweep,3339
sweep,2715
sweep,3422
sweep,2710
sweep,3062
sweep,2652
sweep,2791
sweep,3651
sweep,2675
sweep,2610
sweep,2896
sweep,2688
sweep,3687
sweep,2769
sweep,2466
sweep,2536
sweep,3512
sweep,3979
sweep,3815
sweep,4164
sweep,5691
sweep,8425
sweep,6548
sweep,8445
sweep,8513
sweep,8397
sweep,8223
sweep,7484
sweep,7528
sweep,826
mark,1028165
sweep,4915
sweep,3781
sweep,4292
sweep,4173
sweep,3623
sweep,3871
sweep,3914
sweep,3394
sweep,2902
sweep,3312
sweep,3043
sweep,2926
sweep,2928
sweep,3016
sweep,2635
sweep,2790
sweep,3356
sweep,3314
sweep,3140
sweep,3442
sweep,2633
sweep,2607
sweep,3769
sweep,2569
sweep,3033
sweep,1891
sweep,3490
sweep,3838
sweep,4401
sweep,3467
sweep,3106
sweep,2936
sweep,2862
sweep,3110
sweep,2720
sweep,3095
sweep,2812
sweep,3133
sweep,2630
sweep,2994
sweep,3670
sweep,2625
sweep,2857
sweep,3202
sweep,2694
sweep,3381
sweep,2679
sweep,2468
sweep,2608
sweep,5328
sweep,9190
sweep,8690
sweep,8354
sweep,7849
sweep,5768
sweep,6949
sweep,3884
sweep,4622
sweep,4867
sweep,6288
sweep,5955
sweep,6409
sweep,226
mark,1044618
sweep,4954
sweep,3771
sweep,3838
sweep,3977
sweep,3651
sweep,4219
sweep,3562
sweep,3185
sweep,2769
sweep,3391
sweep,3375
sweep,2778
sweep,2706
sweep,3112
sweep,2538
sweep,2850
sweep,3485
sweep,2885
sweep,2834
sweep,3766
sweep,2497
sweep,2468
sweep,3654
sweep,2726
sweep,3048
sweep,1863
sweep,3585
sweep,3667
sweep,4298
sweep,3610
sweep,3316
sweep,3093
sweep,3112
sweep,2891
sweep,2813
sweep,3549
sweep,3014
sweep,3089
sweep,2502
sweep,2932
sweep,3780
sweep,2559
sweep,3105
sweep,3269
sweep,3188
sweep,3574
sweep,2843
sweep,2392
sweep,2392
sweep,3487
sweep,3938
sweep,4035
sweep,4153
sweep,6203
sweep,7731
sweep,6357
sweep,8249
sweep,8185
sweep,8692
sweep,7635
sweep,7548
sweep,6968
sweep,834
mark,1036384
sweep,4783
sweep,4188
sweep,3778
sweep,4099
sweep,3521
sweep,4273
sweep,3733
sweep,3430
sweep,3065
sweep,3316
sweep,2986
sweep,2735
sweep,2741
sweep,2902
sweep,3076
sweep,2707
sweep,3415
sweep,3063
sweep,3007
sweep,3466
sweep,2373
sweep,2461
sweep,3968
sweep,2353
sweep,3310
sweep,1948
sweep,3466
sweep,3913
sweep,4557
sweep,3514
sweep,3015
sweep,3413
sweep,2891
sweep,3183
sweep,2859
sweep,3042
sweep,2844
sweep,3333
sweep,2448
sweep,2684
sweep,4138
sweep,2615
sweep,2842
sweep,2896
sweep,2729
sweep,3348
sweep,2832
sweep,2630
sweep,2665
sweep,5482
sweep,9015
sweep,8383
sweep,8539
sweep,8036
sweep,5838
sweep,7492
sweep,4202
sweep,4504
sweep,4766
sweep,6221
sweep,5620
sweep,5795
sweep,229
mark,1027474
sweep,4540
sweep,4251
sweep,3963
sweep,3933
sweep,3531
sweep,4046
sweep,3529
sweep,3016
sweep,3093
sweep,3144
sweep,3118
sweep,2779
sweep,2699
sweep,2732
sweep,2614
sweep,2693
sweep,3360
sweep,2844
sweep,3017
sweep,3507
sweep,2568
sweep,2561
sweep,3985
sweep,2534
sweep,3262
sweep,2054
sweep,3393
sweep,3990
sweep,4393
sweep,3376
sweep,3419
sweep,3268
sweep,2872
sweep,2943
sweep,3161
sweep,3452
sweep,3099
sweep,3103
sweep,2553
sweep,2582
sweep,3771
sweep,2722
sweep,3241
sweep,3389
sweep,2777
sweep,3513
sweep,2685
sweep,2564
sweep,2420
sweep,3808
sweep,4433
sweep,4094
sweep,4143
sweep,5595
sweep,7827
sweep,5953
sweep,8885
sweep,8039
sweep,8397
sweep,7194
sweep,7727
sweep,7107
sweep,826
mark,1027418
sweep,4463
sweep,3816
sweep,4010
sweep,3945
sweep,3854
sweep,3939
sweep,3620
sweep,3192
sweep,2909
sweep,3234
sweep,2933
sweep,2723
sweep,2923
sweep,2766
sweep,2623
sweep,2741
sweep,3682
sweep,2836
sweep,3184
sweep,3497
sweep,2414
sweep,2848
sweep,3735
sweep,2488
sweep,3193
sweep,2041
sweep,3728
sweep,3669
sweep,4317
sweep,3366
sweep,3021
sweep,3370
sweep,2877
sweep,3295
sweep,6445
sweep,3073
sweep,2694
sweep,2954
sweep,2519
sweep,2813
sweep,3665
sweep,2613
sweep,2663
sweep,3162
sweep,3007
sweep,3485
sweep,2873
sweep,2547
sweep,2428
sweep,5697
sweep,9228
sweep,8635
sweep,8567
sweep,8156
sweep,5798
sweep,7347
sweep,3976
sweep,4548
sweep,4535
sweep,5732
sweep,5733
sweep,6712
sweep,246
mark,1038646
sweep,4713
sweep,4027
sweep,3912
sweep,4075
sweep,3690
sweep,4080
sweep,3529
sweep,3648
sweep,3072
sweep,3507
sweep,3083
sweep,3131
sweep,3002
sweep,2889
sweep,2600
sweep,2977
sweep,3423
sweep,2912
sweep,3085
sweep,3534
sweep,2665
sweep,2981
sweep,3652
sweep,2319
sweep,3077
sweep,2054
sweep,3617
sweep,3598
sweep,4315
sweep,3574
sweep,3134
sweep,3167
sweep,2958
sweep,3158
sweep,2784
sweep,3459
sweep,2933
sweep,3038
sweep,2762
sweep,2696
sweep,3782
sweep,3006
sweep,2870
sweep,3135
sweep,2821
sweep,3390
sweep,3082
sweep,2529
sweep,2458
sweep,3690
sweep,3970
sweep,4117
sweep,4161
sweep,6166
sweep,7889
sweep,6508
sweep,8461
sweep,8475
sweep,8434
sweep,8211
sweep,7422
sweep,7933
sweep,878
mark,1038222
sweep,4697
sweep,3749
sweep,3900
sweep,4356
sweep,3718
sweep,4368
sweep,3606
sweep,3385
sweep,3103
sweep,3509
sweep,3006
sweep,2867
sweep,2753
sweep,3002
sweep,2545
sweep,2674
sweep,3497
sweep,3130
sweep,2898
sweep,3824
sweep,2640
sweep,2481
sweep,3806
sweep,2405
sweep,3782
sweep,1957
sweep,3629
sweep,3586
sweep,4417
sweep,3387
sweep,3261
sweep,2980
sweep,2855
sweep,3511
sweep,2984
sweep,3412
sweep,2729
sweep,3079
sweep,2549
sweep,3003
sweep,3754
sweep,2844
sweep,3030
sweep,3168
sweep,3244
sweep,3693
sweep,2921
sweep,2466
sweep,2630
sweep,5237
sweep,9426
sweep,8556
sweep,8481
sweep,8058
sweep,5721
sweep,6835
sweep,4129
sweep,4596
sweep,4994
sweep,6109
sweep,5726
sweep,6273
sweep,226
mark,1026567
sweep,4904
sweep,4486
sweep,3889
sweep,4173
sweep,3813
sweep,4224
sweep,3876
sweep,3109
sweep,3140
sweep,3198
sweep,3016
sweep,2708
sweep,2717
sweep,2954
sweep,2526
sweep,2892
sweep,3314
sweep,2922
sweep,3152
sweep,3683
sweep,2327
sweep,2837
sweep,4147
sweep,2358
sweep,3643
sweep,1905
sweep,3675
sweep,3786
sweep,4474
sweep,3295
sweep,3227
sweep,2982
sweep,2970
sweep,3038
sweep,2826
sweep,3683
sweep,3009
sweep,3345
sweep,2783
sweep,3038
sweep,3774
sweep,2579
sweep,3184
sweep,3391
sweep,2775
sweep,3882
sweep,2785
sweep,2615
sweep,2453
sweep,3792
sweep,4015
sweep,3968
sweep,4137
sweep,6031
sweep,7809
sweep,6110
sweep,8788
sweep,8200
sweep,8700
sweep,8159
sweep,7348
sweep,7538
sweep,834
mark,1034137
sweep,5188
sweep,3736
sweep,4077
sweep,4236
sweep,3611
sweep,3917
sweep,3668
sweep,3194
sweep,3107
sweep,3279
sweep,3087
sweep,2677
sweep,2811
sweep,2841
sweep,2575
sweep,2901
sweep,3328
sweep,2884
sweep,3135
sweep,3495
sweep,2368
sweep,2440
sweep,4323
sweep,2588
sweep,3097
sweep,1882
sweep,3414
sweep,3741
sweep,4611
sweep,3635
sweep,3111
sweep,3022
sweep,3398
sweep,3391
sweep,3098
sweep,3532
sweep,2793
sweep,3058
sweep,2409
sweep,3017
sweep,3863
sweep,3134
sweep,3095
sweep,3458
sweep,3118
sweep,3470
sweep,2736
sweep,2522
sweep,2675
sweep,5365
sweep,8709
sweep,8499
sweep,8661
sweep,7428
sweep,6023
sweep,6907
sweep,4122
sweep,4990
sweep,4338
sweep,5761
sweep,5603
sweep,5762
sweep,232
mark,1023010
sweep,4794
sweep,4363
sweep,4043
sweep,4097
sweep,3977
sweep,4208
sweep,3642
sweep,3451
sweep,2863
sweep,3233
sweep,3050
sweep,2826
sweep,2824
sweep,2837
sweep,2650
sweep,2755
sweep,3438
sweep,2968
sweep,3200
sweep,3516
sweep,2657
sweep,2459
sweep,3790
sweep,2373
sweep,3619
sweep,2148
sweep,3653
sweep,3944
sweep,4176
sweep,3508
sweep,3391
sweep,3306
sweep,3146
sweep,3135
sweep,3278
sweep,3215
sweep,2847
sweep,3114
sweep,2498
sweep,2687
sweep,3820
sweep,2722
sweep,2672
sweep,3116
sweep,2746
sweep,3544
sweep,2762
sweep,2635
sweep,2425
sweep,3512
sweep,4344
sweep,4348
sweep,4220
sweep,5574
sweep,8324
sweep,6995
sweep,8400
sweep,8379
sweep,8426
sweep,7314
sweep,7205
sweep,7139
sweep,850
mark,1032780
sweep,5058
sweep,3878
sweep,4210
sweep,4128
sweep,3660
sweep,4389
sweep,3917
sweep,3361
sweep,3013
sweep,3600
sweep,3197
sweep,2719
sweep,2794
sweep,3148
sweep,3132
sweep,2686
sweep,3200
sweep,2906
sweep,2984
sweep,3427
sweep,2443
sweep,2966
sweep,4037
sweep,2404
sweep,3220
sweep,2095
sweep,3465
sweep,4007
sweep,4228
sweep,3729
sweep,2972
sweep,3182
sweep,2838
sweep,3049
sweep,3004
sweep,3222
sweep,2725
sweep,3182
sweep,2779
sweep,2627
sweep,3765
sweep,2773
sweep,2626
sweep,3119
sweep,2774
sweep,3504
sweep,2835
sweep,2756
sweep,2499
sweep,5489
sweep,9418
sweep,8645
sweep,8466
sweep,8092
sweep,5880
sweep,7178
sweep,4096
sweep,4453
sweep,4640
sweep,6245
sweep,5879
sweep,5937
sweep,219
mark,1084448
sweep,5026
sweep,3989
sweep,4368
sweep,4246
sweep,3951
sweep,3943
sweep,3816
sweep,3484
sweep,3083
sweep,3191
sweep,3405
sweep,2749
sweep,2895
sweep,2791
sweep,2841
sweep,2963
sweep,3488
sweep,2931
sweep,2954
sweep,3483
sweep,2360
sweep,2829
sweep,3913
sweep,2580
sweep,3291
sweep,1960
sweep,3452
sweep,3643
sweep,4549
sweep,3915
sweep,3005
sweep,3243
sweep,2915
sweep,3049
sweep,2881
sweep,3562
sweep,2740
sweep,3046
sweep,2790
sweep,2612
sweep,3844
sweep,2753
sweep,2992
sweep,2913
sweep,2985
sweep,3487
sweep,2802
sweep,2534
sweep,2538
sweep,3411
sweep,4441
sweep,4139
sweep,4104
sweep,6229
sweep,7865
sweep,6042
sweep,9244
sweep,8057
sweep,8133
sweep,8404
sweep,7380
sweep,7509
sweep,831
mark,1035991
sweep,4924
sweep,4072
sweep,4048
sweep,4004
sweep,3514
sweep,4382
sweep,3590
sweep,3437
sweep,3059
sweep,3396
sweep,2931
sweep,2889
sweep,2761
sweep,3437
sweep,2785
sweep,2868
sweep,3558
sweep,3206
sweep,3279
sweep,3510
sweep,2608
sweep,2940
sweep,3955
sweep,2647
sweep,3057
sweep,1937
sweep,3483
sweep,3645
sweep,4353
sweep,3280
sweep,3150
sweep,3022
sweep,2994
sweep,3284
sweep,2827
sweep,3579
sweep,3088
sweep,3258
sweep,2443
sweep,2924
sweep,3841
sweep,2608
sweep,2729
sweep,2926
sweep,3204
sweep,3362
sweep,2813
sweep,2480
sweep,2505
sweep,5470
sweep,8636
sweep,8687
sweep,8720
sweep,7848
sweep,5726
sweep,7532
sweep,4008
sweep,4776
sweep,4941
sweep,6132
sweep,5841
sweep,6367
sweep,232
mark,1027519
sweep,4795
sweep,3963
sweep,3894
sweep,4315
sweep,3730
sweep,4378
sweep,3432
sweep,3397
sweep,2726
sweep,3611
sweep,3093
sweep,2700
sweep,2725
sweep,2922
sweep,2618
sweep,2674
sweep,3309
sweep,3265
sweep,3278
sweep,3917
sweep,2542
sweep,2750
sweep,3832
sweep,2477
sweep,3219
sweep,2327
sweep,3314
sweep,3594
sweep,4609
sweep,3441
sweep,3358
sweep,3120
sweep,2871
sweep,3136
sweep,2842
sweep,3508
sweep,2901
sweep,3015
sweep,2801
sweep,3181
sweep,3629
sweep,2746
sweep,2673
sweep,2915
sweep,2833
sweep,3352
sweep,2719
sweep,2508
sweep,2518
sweep,3692
sweep,3938
sweep,3991
sweep,4132
sweep,5739
sweep,8521
sweep,6364
sweep,8842
sweep,8483
sweep,8708
sweep,8224
sweep,7411
sweep,7669
sweep,837
mark,1028098
sweep,4556
sweep,3965
sweep,4015
sweep,4049
sweep,3619
sweep,4339
sweep,3901
sweep,3099
sweep,2865
sweep,3650
sweep,3087
sweep,2973
sweep,2839
sweep,2898
sweep,3283
sweep,2805
sweep,3287
sweep,2919
sweep,3194
sweep,3523
sweep,2578
sweep,2571
sweep,3887
sweep,2284
sweep,3168
sweep,2144
sweep,3382
sweep,4333
sweep,4356
sweep,3479
sweep,3254
sweep,3057
sweep,2909
sweep,3078
sweep,3111
sweep,3133
sweep,2976
sweep,3028
sweep,2396
sweep,2601
sweep,3716
sweep,2708
sweep,2684
sweep,3380
sweep,2857
sweep,3694
sweep,2695
sweep,2432
sweep,2741
sweep,5565
sweep,9003
sweep,8668
sweep,8528
sweep,8017
sweep,6298
sweep,7282
sweep,4433
sweep,4503
sweep,4256
sweep,5860
sweep,5937
sweep,6252
sweep,224
mark,1022931
sweep,4492
sweep,4166
sweep,3999
sweep,4183
sweep,3546
sweep,4028
sweep,3553
sweep,3282
sweep,3087
sweep,3107
sweep,3066
sweep,2676
sweep,2651
sweep,3047
sweep,2843
sweep,2719
sweep,3232
sweep,2894
sweep,3142
sweep,4037
sweep,2324
sweep,2602
sweep,3757
sweep,2387
sweep,3043
sweep,1897
sweep,3451
sweep,3762
sweep,4744
sweep,3308
sweep,3577
sweep,2890
sweep,2988
sweep,3150
sweep,2806
sweep,3483
sweep,2843
sweep,3753
sweep,2647
sweep,2703
sweep,3788
sweep,2972
sweep,2753
sweep,3044
sweep,2914
sweep,3715
sweep,3019
sweep,2795
sweep,2556
sweep,3445
sweep,4240
sweep,4292
sweep,4208
sweep,5666
sweep,7962
sweep,6568
sweep,8739
sweep,8417
sweep,8790
sweep,8302
sweep,7332
sweep,7611
sweep,789
mark,1028330
sweep,4750
sweep,3917
sweep,3947
sweep,3854
sweep,3629
sweep,4536
sweep,3623
sweep,3095
sweep,3199
sweep,3345
sweep,3245
sweep,2704
sweep,2652
sweep,2938
sweep,2739
sweep,2792
sweep,3466
sweep,2977
sweep,3162
sweep,3474
sweep,2535
sweep,2414
sweep,3776
sweep,2407
sweep,3268
sweep,2178
sweep,3620
sweep,3644
sweep,4359
sweep,3755
sweep,3050
sweep,2926
sweep,2895
sweep,3217
sweep,2777
sweep,3146
sweep,3006
sweep,3206
sweep,2410
sweep,3121
sweep,3840
sweep,2787
sweep,2659
sweep,3244
sweep,2804
sweep,3511
sweep,2724
sweep,2627
sweep,2380
sweep,5642
sweep,8646
sweep,8501
sweep,8767
sweep,8249
sweep,6716
sweep,7416
sweep,4245
sweep,4356
sweep,4756
sweep,6274
sweep,5643
sweep,5829
sweep,237
mark,1032854
sweep,4512
sweep,4269
sweep,4424
sweep,4494
sweep,3503
sweep,4139
sweep,3523
sweep,3080
sweep,2807
sweep,3073
sweep,3066
sweep,2889
sweep,2542
sweep,2834
sweep,2715
sweep,2645
sweep,3209
sweep,3033
sweep,3035
sweep,3562
sweep,2344
sweep,2825
sweep,3733
sweep,2416
sweep,3032
sweep,1909
sweep,3577
sweep,3866
sweep,4225
sweep,3373
sweep,3059
sweep,3128
sweep,2793
sweep,3358
sweep,2776
sweep,3127
sweep,2763
sweep,3045
sweep,2602
sweep,2593
sweep,3916
sweep,2956
sweep,2646
sweep,2900
sweep,2862
sweep,3875
sweep,2729
sweep,2496
sweep,2563
sweep,3902
sweep,4140
sweep,4063
sweep,4485
sweep,5996
sweep,7662
sweep,5968
sweep,9329
sweep,8270
sweep,8264
sweep,7522
sweep,7630
sweep,7336
sweep,928
mark,1033675
sweep,4858
sweep,3762
sweep,4415
sweep,4125
sweep,3702
sweep,4121
sweep,3625
sweep,3286
sweep,2944
sweep,3257
sweep,3588
sweep,3013
sweep,2992
sweep,3081
sweep,2833
sweep,3118
sweep,3498
sweep,2943
sweep,3167
sweep,3677
sweep,2284
sweep,2706
sweep,6651
sweep,2520
sweep,3049
sweep,1962
sweep,3516
sweep,3676
sweep,4130
sweep,3398
sweep,3191
sweep,3073
sweep,2876
sweep,3214
sweep,3228
sweep,3126
sweep,2800
sweep,3167
sweep,2625
sweep,2680
sweep,3849
sweep,2880
sweep,3113
sweep,2811
sweep,3772
sweep,3435
sweep,2753
sweep,2612
sweep,2387
sweep,5363
sweep,8430
sweep,8261
sweep,8397
sweep,7688
sweep,5944
sweep,7574
sweep,4335
sweep,4358
sweep,5104
sweep,6065
sweep,5431
sweep,5986
sweep,253
mark,1022907
sweep,4673
sweep,3948
sweep,4395
sweep,4422
sweep,3494
sweep,4237
sweep,3800
sweep,3175
sweep,2817
sweep,3225
sweep,3294
sweep,2884
sweep,2907
sweep,2766
sweep,2645
sweep,2657
sweep,3132
sweep,2923
sweep,3118
sweep,3435
sweep,2310
sweep,2582
sweep,3943
sweep,2500
sweep,3284
sweep,1861
sweep,3479
sweep,3923
sweep,4107
sweep,3746
sweep,3106
sweep,3464
sweep,2863
sweep,3245
sweep,2796
sweep,3282
sweep,2804
sweep,3147
sweep,2763
sweep,2756
sweep,3671
sweep,3062
sweep,2985
sweep,2957
sweep,3190
sweep,3701
sweep,2795
sweep,2696
sweep,2711
sweep,3789
sweep,3762
sweep,4192
sweep,4202
sweep,5892
sweep,7876
sweep,6228
sweep,9103
sweep,8001
sweep,9116
sweep,7137
sweep,7767
sweep,7037
sweep,828
mark,1036953
sweep,4811
sweep,4135
sweep,4019
sweep,4238
sweep,3870
sweep,4062
sweep,3597
sweep,3409
sweep,3186
sweep,3282
sweep,3125
sweep,3176
sweep,2651
sweep,2916
sweep,2884
sweep,2784
sweep,3265
sweep,2907
sweep,3175
sweep,4110
sweep,2350
sweep,2356
sweep,3716
sweep,2297
sweep,3250
sweep,1872
sweep,3451
sweep,4069
sweep,4225
sweep,3438
sweep,3329
sweep,2981
sweep,2881
sweep,3251
sweep,2827
sweep,3149
sweep,2995
sweep,3072
sweep,2496
sweep,2821
sweep,3738
sweep,3112
sweep,2718
sweep,2843
sweep,2827
sweep,3470
sweep,2802
sweep,2414
sweep,2509
sweep,5374
sweep,8728
sweep,8308
sweep,8159
sweep,7865
sweep,5601
sweep,7227
sweep,3843
sweep,4387
sweep,4739
sweep,6169
sweep,5574
sweep,5856
sweep,242
mark,1034545
sweep,4977
sweep,3961
sweep,4339
sweep,4589
sweep,3697
sweep,4184
sweep,3584
sweep,3355
sweep,3080
sweep,3422
sweep,3203
sweep,2793
sweep,2656
sweep,3466
sweep,2801
sweep,2767
sweep,3147
sweep,3222
sweep,2884
sweep,3597
sweep,2609
sweep,2751
sweep,3729
sweep,2424
sweep,3220
sweep,1858
sweep,3337
sweep,3925
sweep,4400
sweep,3316
sweep,3179
sweep,3387
sweep,3077
sweep,3061
sweep,3283
sweep,3265
sweep,2721
sweep,3123
sweep,2783
sweep,3102
sweep,3715
sweep,2952
sweep,2616
sweep,2896
sweep,2837
sweep,3405
sweep,2917
sweep,2609
sweep,2633
sweep,3390
sweep,4539
sweep,3952
sweep,4109
sweep,5796
sweep,8304
sweep,6637
sweep,8273
sweep,8252
sweep,8399
sweep,7059
sweep,7180
sweep,7182
sweep,839
mark,1032801
sweep,4884
sweep,4029
sweep,4121
sweep,4214
sweep,3794
sweep,4180
sweep,3908
sweep,3159
sweep,3074
sweep,3222
sweep,3336
sweep,2723
sweep,2768
sweep,2961
sweep,2720
sweep,2749
sweep,3391
sweep,2989
sweep,3171
sweep,3719
sweep,2359
sweep,2485
sweep,3744
sweep,2322
sweep,3337
sweep,1943
sweep,3388
sweep,3969
sweep,4529
sweep,3477
sweep,3325
sweep,3097
sweep,2883
sweep,3153
sweep,2844
sweep,3126
sweep,2748
sweep,3111
sweep,2515
sweep,2908
sweep,4068
sweep,2753
sweep,3247
sweep,2926
sweep,3003
sweep,3669
sweep,2751
sweep,2565
sweep,2392
sweep,5510
sweep,9326
sweep,8644
sweep,8763
sweep,7891
sweep,6707
sweep,7201
sweep,4440
sweep,4640
sweep,5004
sweep,6234
sweep,5639
sweep,5821
sweep,223
mark,1034177
sweep,5407
sweep,4163
sweep,4438
sweep,4377
sweep,3563
sweep,3897
sweep,3763
sweep,3540
sweep,2977
sweep,3141
sweep,3078
sweep,2830
sweep,2907
sweep,2871
sweep,2944
sweep,2907
sweep,3378
sweep,2911
sweep,2972
sweep,3677
sweep,2533
sweep,2760
sweep,4091
sweep,2429
sweep,3023
sweep,1910
sweep,3531
sweep,3802
sweep,4590
sweep,3441
sweep,3328
sweep,3285
sweep,3211
sweep,3169
sweep,2815
sweep,3472
sweep,2808
sweep,3296
sweep,3086
sweep,2683
sweep,3754
sweep,2702
sweep,2765
sweep,3054
sweep,2826
sweep,3389
sweep,3043
sweep,2778
sweep,2456
sweep,3570
sweep,4124
sweep,3989
sweep,4137
sweep,6068
sweep,7685
sweep,5887
sweep,8727
sweep,8333
sweep,8658
sweep,8098
sweep,7681
sweep,7528
sweep,829
mark,1033615
sweep,4981
sweep,4515
sweep,4014
sweep,4240
sweep,3888
sweep,4236
sweep,4231
sweep,3107
sweep,3246
sweep,3307
sweep,3029
sweep,2812
sweep,2815
sweep,2931
sweep,2694
sweep,2746
sweep,3596
sweep,3210
sweep,3022
sweep,3646
sweep,2291
sweep,2476
sweep,3731
sweep,2605
sweep,3220
sweep,1979
sweep,3499
sweep,3830
sweep,4577
sweep,3815
sweep,3379
sweep,3324
sweep,2878
sweep,3176
sweep,3216
sweep,3188
sweep,2807
sweep,3092
sweep,2451
sweep,2915
sweep,4161
sweep,2612
sweep,2870
sweep,3253
sweep,3143
sweep,3511
sweep,2895
sweep,2649
sweep,2732
sweep,5844
sweep,9022
sweep,8868
sweep,8713
sweep,7899
sweep,5850
sweep,7215
sweep,4117
sweep,4254
sweep,4371
sweep,5666
sweep,5774
sweep,6059
sweep,224
mark,1044250
sweep,4832
sweep,3976
sweep,4256
sweep,4224
sweep,3548
sweep,4308
sweep,3853
sweep,3090
sweep,3010
sweep,3105
sweep,3123
sweep,2812
sweep,2794
sweep,2874
sweep,2615
sweep,2752
sweep,3497
sweep,3031
sweep,3032
sweep,3678
sweep,2525
sweep,2771
sweep,3891
sweep,2580
sweep,3310
sweep,1857
sweep,3620
sweep,3780
sweep,4163
sweep,3496
sweep,3173
sweep,3415
sweep,2929
sweep,3051
sweep,2783
sweep,3182
sweep,2809
sweep,3070
sweep,2526
sweep,2714
sweep,3984
sweep,2870
sweep,2700
sweep,3118
sweep,2938
sweep,3478
sweep,2787
sweep,2557
sweep,2475
sweep,3887
sweep,9720
sweep,4102
sweep,4456
sweep,6155
sweep,8358
sweep,6089
sweep,9323
sweep,8492
sweep,8456
sweep,8500
sweep,7750
sweep,7712
sweep,827
mark,1053076
sweep,4667
sweep,4002
sweep,3860
sweep,4265
sweep,3765
sweep,4089
sweep,3827
sweep,3071
sweep,3054
sweep,3649
sweep,3330
sweep,3027
sweep,2732
sweep,2755
sweep,2692
sweep,2814
sweep,3505
sweep,3126
sweep,3254
sweep,3722
sweep,2407
sweep,2419
sweep,4354
sweep,2654
sweep,3377
sweep,1951
sweep,3462
sweep,3945
sweep,4232
sweep,3518
sweep,3239
sweep,3062
sweep,2922
sweep,3088
sweep,2923
sweep,3407
sweep,2861
sweep,3299
sweep,2512
sweep,2792
sweep,3728
sweep,2660
sweep,2699
sweep,2968
sweep,3330
sweep,3472
sweep,3012
sweep,2635
sweep,2472
sweep,5574
sweep,8610
sweep,8564
sweep,8996
sweep,8148
sweep,6174
sweep,7071
sweep,4010
sweep,4418
sweep,5122
sweep,6027
sweep,5872
sweep,5802
sweep,242
mark,1026010
sweep,4657
sweep,4389
sweep,3980
sweep,4446
sweep,3539
sweep,3975
sweep,3802
sweep,3308
sweep,2857
sweep,3016
sweep,3092
sweep,3042
sweep,2873
sweep,3032
sweep,2580
sweep,2595
sweep,3305
sweep,3199
sweep,3103
sweep,3403
sweep,2547
sweep,2699
sweep,4058
sweep,2203
sweep,3000
sweep,2226
sweep,3359
sweep,3661
sweep,4631
sweep,3527
sweep,3467
sweep,3151
sweep,3021
sweep,3084
sweep,2743
sweep,3237
sweep,2897
sweep,3004
sweep,3086
sweep,3015
sweep,3667
sweep,2984
sweep,3097
sweep,3056
sweep,2860
sweep,3720
sweep,2783
sweep,2502
sweep,2585
sweep,3586
sweep,4259
sweep,3923
sweep,4488
sweep,5807
sweep,8359
sweep,6390
sweep,8438
sweep,8239
sweep,8299
sweep,8787
sweep,7971
sweep,7046
sweep,831
mark,1035044
sweep,4564
sweep,3786
sweep,3929
sweep,4101
sweep,3661
sweep,4154
sweep,3947
sweep,3381
sweep,3162
sweep,3258
sweep,3021
sweep,2724
sweep,2864
sweep,2866
sweep,2581
sweep,2724
sweep,3284
sweep,3123
sweep,3114
sweep,3360
sweep,2623
sweep,2479
sweep,3945
sweep,2318
sweep,3062
sweep,2025
sweep,3529
sweep,3914
sweep,4307
sweep,3682
sweep,2943
sweep,3047
sweep,2999
sweep,3079
sweep,2813
sweep,3064
sweep,2872
sweep,3210
sweep,2693
sweep,2671
sweep,3902
sweep,2560
sweep,2816
sweep,3106
sweep,3142
sweep,3688
sweep,2783
sweep,2498
sweep,2654
sweep,5990
sweep,8637
sweep,9097
sweep,9054
sweep,8429
sweep,5839
sweep,7230
sweep,3940
sweep,4520
sweep,4310
sweep,5919
sweep,5782
sweep,5770
sweep,222
mark,1022538
sweep,4830
sweep,4327
sweep,4064
sweep,3918
sweep,3768
sweep,4233
sweep,3597
sweep,3159
sweep,3085
sweep,3217
sweep,3365
sweep,3070
sweep,3023
sweep,3072
sweep,2559
sweep,2868
sweep,3167
sweep,3257
sweep,3237
sweep,3604
sweep,2607
sweep,2664
sweep,3863
sweep,2396
sweep,3067
sweep,2016
sweep,3564
sweep,3941
sweep,4566
sweep,3365
sweep,3175
sweep,2985
sweep,3330
sweep,3060
sweep,2686
sweep,3157
sweep,2818
sweep,3281
sweep,2462
sweep,2706
sweep,3956
sweep,3204
sweep,2688
sweep,3273
sweep,2819
sweep,3397
sweep,3093
sweep,2670
sweep,2565
sweep,3916
sweep,3748
sweep,4120
sweep,4174
sweep,5630
sweep,8523
sweep,6528
sweep,8433
sweep,8212
sweep,8469
sweep,8370
sweep,7540
sweep,7573
sweep,825
mark,1031203
sweep,4836
sweep,3968
sweep,4551
sweep,4149
sweep,3593
sweep,4198
sweep,3597
sweep,3114
sweep,3098
sweep,3311
sweep,3121
sweep,3420
sweep,2717
sweep,2804
sweep,2806
sweep,2976
sweep,3273
sweep,2956
sweep,3105
sweep,3732
sweep,2348
sweep,2402
sweep,3939
sweep,2379
sweep,3099
sweep,1973
sweep,3527
sweep,3622
sweep,4292
sweep,3728
sweep,3078
sweep,3261
sweep,3044
sweep,3015
sweep,3005
sweep,3508
sweep,2738
sweep,3316
sweep,2882
sweep,2741
sweep,4065
sweep,2965
sweep,2589
sweep,3207
sweep,2816
sweep,3416
sweep,2843
sweep,2752
sweep,2599
sweep,5527
sweep,9029
sweep,8416
sweep,8511
sweep,7945
sweep,5756
sweep,7398
sweep,4083
sweep,4366
sweep,4192
sweep,5841
sweep,5692
sweep,6809
sweep,226
mark,1027440
sweep,4997
sweep,3720
sweep,4287
sweep,4162
sweep,3495
sweep,4054
sweep,3528
sweep,3161
sweep,2719
sweep,3184
sweep,3245
sweep,2779
sweep,2712
sweep,3247
sweep,2704
sweep,2646
sweep,3517
sweep,3197
sweep,3258
sweep,3366
sweep,2350
sweep,2579
sweep,4274
sweep,2764
sweep,3094
sweep,1890
sweep,3403
sweep,3661
sweep,4146
sweep,3558
sweep,3098
sweep,3263
sweep,3001
sweep,2972
sweep,3038
sweep,3384
sweep,2767
sweep,3191
sweep,2551
sweep,2620
sweep,3732
sweep,2776
sweep,3057
sweep,3425
sweep,2795
sweep,3492
sweep,2782
sweep,2512
sweep,2554
sweep,3494
sweep,3789
sweep,4159
sweep,4185
sweep,6024
sweep,7943
sweep,6173
sweep,8627
sweep,8329
sweep,8607
sweep,8506
sweep,7588
sweep,7441
sweep,849
mark,1035507
sweep,4619
sweep,3839
sweep,4121
sweep,3819
sweep,3906
sweep,4209
sweep,3803
sweep,3249
sweep,2861
sweep,3236
sweep,2980
sweep,2937
sweep,2601
sweep,3042
sweep,3132
sweep,2686
sweep,3509
sweep,3144
sweep,3056
sweep,3392
sweep,2268
sweep,2397
sweep,3727
sweep,2345
sweep,3353
sweep,1917
sweep,3710
sweep,3825
sweep,4438
sweep,3566
sweep,3346
sweep,3020
sweep,2762
sweep,3080
sweep,2787
sweep,3395
sweep,2753
sweep,3054
sweep,2645
sweep,2703
sweep,4009
sweep,2707
sweep,2602
sweep,2995
sweep,2854
sweep,3459
sweep,2687
sweep,2760
sweep,2433
sweep,5551
sweep,8945
sweep,8176
sweep,8570
sweep,7998
sweep,6369
sweep,7577
sweep,4179
sweep,4245
sweep,5123
sweep,6268
sweep,5624
sweep,5884
sweep,221
mark,1037929
sweep,4572
sweep,3682
sweep,4124
sweep,3958
sweep,3807
sweep,4318
sweep,3618
sweep,3222
sweep,3195
sweep,3031
sweep,3351
sweep,2753
sweep,3186
sweep,2822
sweep,2842
sweep,2776
sweep,3351
sweep,2909
sweep,3162
sweep,3431
sweep,2283
sweep,2675
sweep,3966
sweep,2533
sweep,3159
sweep,2165
sweep,3376
sweep,3570
sweep,4498
sweep,3367
sweep,3070
sweep,3358
sweep,2959
sweep,3033
sweep,2785
sweep,3198
sweep,2847
sweep,3027
sweep,3019
sweep,3268
sweep,3889
sweep,2637
sweep,2969
sweep,2984
sweep,3221
sweep,3725
sweep,2659
sweep,2458
sweep,2667
sweep,3797
sweep,4093
sweep,4073
sweep,4665
sweep,5961
sweep,8408
sweep,6058
sweep,8912
sweep,8287
sweep,9095
sweep,7553
sweep,7160
sweep,7241
sweep,837
mark,1043198
sweep,4865
sweep,4104
sweep,3968
sweep,4349
sweep,3857
sweep,4142
sweep,3653
sweep,3620
sweep,3290
sweep,3288
sweep,3046
sweep,2879
sweep,2706
sweep,2950
sweep,2694
sweep,2727
sweep,3511
sweep,2958
sweep,3080
sweep,3468
sweep,2344
sweep,2385
sweep,4131
sweep,2653
sweep,3266
sweep,1977
sweep,3500
sweep,4264
sweep,4251
sweep,3609
sweep,3012
sweep,3167
sweep,3233
sweep,2961
sweep,2806
sweep,3094
sweep,2849
sweep,3076
sweep,2495
sweep,2663
sweep,3832
sweep,3197
sweep,2683
sweep,3258
sweep,3273
sweep,3457
sweep,2832
sweep,2526
sweep,2736
sweep,5575
sweep,8966
sweep,8559
sweep,8857
sweep,7969
sweep,6297
sweep,7241
sweep,4104
sweep,4647
sweep,4635
sweep,5828
sweep,5540
sweep,6405
sweep,233
mark,1042572
sweep,5117
sweep,3875
sweep,4104
sweep,4676
sweep,3714
sweep,4344
sweep,3596
sweep,3070
sweep,2886
sweep,3789
sweep,3109
sweep,2721
sweep,2954
sweep,2849
sweep,2592
sweep,2711
sweep,3525
sweep,2903
sweep,3038
sweep,3443
sweep,2744
sweep,2766
sweep,3708
sweep,2433
sweep,3038
sweep,1970
sweep,3613
sweep,3677
sweep,4480
sweep,3327
sweep,3440
sweep,3147
sweep,2895
sweep,3299
sweep,2883
sweep,3511
sweep,3095
sweep,3351
sweep,2561
sweep,2808
sweep,3850
sweep,2693
sweep,2704
sweep,2929
sweep,2758
sweep,3559
sweep,2709
sweep,2579
sweep,2677
sweep,3780
sweep,4488
sweep,4117
sweep,4847
sweep,5897
sweep,7759
sweep,6198
sweep,9006
sweep,8785
sweep,9371
sweep,7794
sweep,7374
sweep,7055
sweep,877
mark,1049476
sweep,4817
sweep,4470
sweep,3931
sweep,4576
sweep,3868
sweep,4164
sweep,3716
sweep,3252
sweep,2874
sweep,3380
sweep,3333
sweep,2901
sweep,2634
sweep,3094
sweep,2786
sweep,2805
sweep,3595
sweep,2993
sweep,3165
sweep,3647
sweep,2347
sweep,2351
sweep,3783
sweep,2410
sweep,3141
sweep,1926
sweep,3975
sweep,4048
sweep,4679
sweep,3503
sweep,3184
sweep,3284
sweep,2913
sweep,3209
sweep,3075
sweep,3259
sweep,2827
sweep,3076
sweep,2895
sweep,3131
sweep,3616
sweep,3009
sweep,2853
sweep,3350
sweep,2941
sweep,3404
sweep,2964
sweep,2509
sweep,2893
sweep,5402
sweep,9407
sweep,8587
sweep,8354
sweep,8211
sweep,5738
sweep,7898
sweep,4100
sweep,4737
sweep,4546
sweep,6024
sweep,5950
sweep,6270
sweep,244
mark,1047486
sweep,4844
sweep,4071
sweep,4325
sweep,4266
sweep,3807
sweep,4349
sweep,3708
sweep,3076
sweep,2901
sweep,3472
sweep,3206
sweep,2885
sweep,2942
sweep,2847
sweep,2585
sweep,3394
sweep,3212
sweep,3200
sweep,3321
sweep,3686
sweep,2375
sweep,2683
sweep,3785
sweep,2242
sweep,3568
sweep,2165
sweep,3458
sweep,3609
sweep,4396
sweep,3692
sweep,3309
sweep,3366
sweep,3397
sweep,2923
sweep,2681
sweep,3459
sweep,2825
sweep,3034
sweep,2630
sweep,3194
sweep,3695
sweep,2641
sweep,2672
sweep,3468
sweep,2743
sweep,3412
sweep,2649
sweep,2652
sweep,2509
sweep,3475
sweep,4075
sweep,3938
sweep,4133
sweep,6653
sweep,8468
sweep,6411
sweep,8421
sweep,8389
sweep,9146
sweep,8471
sweep,7579
sweep,7507
sweep,835
mark,1062985
sweep,4625
sweep,4402
sweep,4047
sweep,3866
sweep,3563
sweep,4055
sweep,3612
sweep,3161
sweep,2809
sweep,3596
sweep,3210
sweep,2905
sweep,2857
sweep,2933
sweep,3002
sweep,2851
sweep,3248
sweep,2839
sweep,3027
sweep,3632
sweep,2359
sweep,2328
sweep,3653
sweep,2366
sweep,3670
sweep,1920
sweep,3377
sweep,3810
sweep,4457
sweep,3752
sweep,3029
sweep,3004
sweep,3411
sweep,3055
sweep,2706
sweep,3325
sweep,3019
sweep,3160
sweep,2646
sweep,3081
sweep,3721
sweep,2907
sweep,2684
sweep,2906
sweep,2984
sweep,3820
sweep,2642
sweep,2661
sweep,2678
sweep,5552
sweep,8989
sweep,8483
sweep,8154
sweep,7896
sweep,5577
sweep,7388
sweep,4050
sweep,4397
sweep,4299
sweep,6116
sweep,6032
sweep,5880
sweep,223
mark,1036867
sweep,4844
sweep,3739
sweep,3737
sweep,4151
sweep,3702
sweep,4002
sweep,3806
sweep,3266
sweep,3225
sweep,3342
sweep,3236
sweep,3051
sweep,2675
sweep,2693
sweep,2566
sweep,2736
sweep,3170
sweep,2922
sweep,6061
sweep,3516
sweep,2538
sweep,2427
sweep,3990
sweep,2503
sweep,3039
sweep,1843
sweep,3348
sweep,4331
sweep,4159
sweep,3587
sweep,3303
sweep,3015
sweep,2908
sweep,3124
sweep,2773
sweep,3550
sweep,2775
sweep,3357
sweep,2464
sweep,2725
sweep,3656
sweep,2890
sweep,3062
sweep,3017
sweep,3065
sweep,3434
sweep,3083
sweep,2692
sweep,2406
sweep,3618
sweep,4209
sweep,4434
sweep,4144
sweep,5813
sweep,8217
sweep,6443
sweep,9696
sweep,9206
sweep,8779
sweep,7326
sweep,7314
sweep,6974
sweep,838
mark,1036466
sweep,4381
sweep,4342
sweep,4063
sweep,4231
sweep,3558
sweep,4065
sweep,3805
sweep,3068
sweep,2831
sweep,3284
sweep,3228
sweep,2994
sweep,2808
sweep,3039
sweep,2712
sweep,2782
sweep,3351
sweep,2887
sweep,3147
sweep,3497
sweep,2636
sweep,2425
sweep,4204
sweep,2442
sweep,3076
sweep,1910
sweep,3608
sweep,3619
sweep,4340
sweep,3670
sweep,3156
sweep,2923
sweep,3356
sweep,3039
sweep,3025
sweep,3479
sweep,2813
sweep,3001
sweep,2628
sweep,2820
sweep,3972
sweep,2741
sweep,2815
sweep,2970
sweep,2850
sweep,3473
sweep,2704
sweep,2500
sweep,2405
sweep,5824
sweep,9260
sweep,8921
sweep,8648
sweep,7716
sweep,6475
sweep,7372
sweep,4031
sweep,4266
sweep,4733
sweep,6286
sweep,5607
sweep,5819
sweep,237
mark,1037758
sweep,4537
sweep,3798
sweep,4137
sweep,4584
sweep,3942
sweep,4391
sweep,3917
sweep,3329
sweep,2815
sweep,3023
sweep,3361
sweep,2875
sweep,2709
sweep,2797
sweep,2615
sweep,2688
sweep,3317
sweep,3408
sweep,2965
sweep,3469
sweep,2263
sweep,2575
sweep,3768
sweep,2443
sweep,3036
sweep,1890
sweep,3466
sweep,3894
sweep,4421
sweep,3648
sweep,3382
sweep,3001
sweep,2974
sweep,3288
sweep,2794
sweep,3522
sweep,2986
sweep,3327
sweep,2982
sweep,2943
sweep,3706
sweep,2808
sweep,2772
sweep,3024
sweep,2836
sweep,3726
sweep,2823
sweep,2722
sweep,2620
sweep,3661
sweep,4281
sweep,4255
sweep,4148
sweep,5726
sweep,8573
sweep,6396
sweep,8309
sweep,8384
sweep,8368
sweep,7307
sweep,7285
sweep,7166
sweep,891
mark,1040470
sweep,4782
sweep,3632
sweep,4478
sweep,4049
sweep,3604
sweep,4241
sweep,3597
sweep,3164
sweep,2857
sweep,3130
sweep,3232
sweep,2982
sweep,2661
sweep,3062
sweep,2728
sweep,2685
sweep,3555
sweep,3089
sweep,3003
sweep,3441
sweep,2618
sweep,2446
sweep,3966
sweep,2345
sweep,3401
sweep,1952
sweep,3393
sweep,3681
sweep,4546
sweep,3411
sweep,3191
sweep,2921
sweep,2979
sweep,3343
sweep,2963
sweep,3278
sweep,2778
sweep,3140
sweep,2561
sweep,2747
sweep,3743
sweep,2907
sweep,2960
sweep,3143
sweep,3108
sweep,3648
sweep,3013
sweep,2498
sweep,2525
sweep,5631
sweep,9279
sweep,8913
sweep,8946
sweep,8092
sweep,6132
sweep,7558
sweep,4226
sweep,4378
sweep,4195
sweep,5548
sweep,5832
sweep,6103
sweep,222
mark,1025577
sweep,4607
sweep,4107
sweep,3997
sweep,4269
sweep,3644
sweep,4308
sweep,3824
sweep,3186
sweep,2779
sweep,3694
sweep,3103
sweep,3022
sweep,2825
sweep,2907
sweep,2675
sweep,3017
sweep,3213
sweep,3014
sweep,2909
sweep,3604
sweep,2331
sweep,3021
sweep,3835
sweep,2386
sweep,3188
sweep,1884
sweep,3361
sweep,3997
sweep,4908
sweep,3430
sweep,3107
sweep,3032
sweep,2958
sweep,3023
sweep,3193
sweep,3273
sweep,2818
sweep,2977
sweep,2795
sweep,2647
sweep,3719
sweep,2850
sweep,2727
sweep,2906
sweep,2760
sweep,3569
sweep,3041
sweep,2806
sweep,2615
sweep,3723
sweep,4353
sweep,3999
sweep,4558
sweep,6256
sweep,7743
sweep,6275
sweep,8726
sweep,8543
sweep,8238
sweep,7933
sweep,7925
sweep,7888
sweep,833
mark,1053192
sweep,4890
sweep,4001
sweep,4357
sweep,4213
sweep,3852
sweep,4019
sweep,3721
sweep,3422
sweep,3072
sweep,3265
sweep,3107
sweep,3112
sweep,2725
sweep,2954
sweep,2965
sweep,3014
sweep,3315
sweep,3090
sweep,3149
sweep,3462
sweep,2340
sweep,2427
sweep,3722
sweep,2313
sweep,3194
sweep,1909
sweep,3674
sweep,3779
sweep,4319
sweep,3442
sweep,3172
sweep,3083
sweep,3090
sweep,2965
sweep,2792
sweep,3325
sweep,3120
sweep,3049
sweep,2600
sweep,2808
sweep,4214
sweep,2574
sweep,2625
sweep,2899
sweep,2991
sweep,3799
sweep,2844
sweep,2621
sweep,2597
sweep,6188
sweep,8899
sweep,8590
sweep,8688
sweep,8186
sweep,6117
sweep,7543
sweep,4336
sweep,4211
sweep,4517
sweep,6029
sweep,5661
sweep,6464
sweep,239
mark,1044346
sweep,4851
sweep,3829
sweep,4270
sweep,4461
sweep,3743
sweep,4293
sweep,3620
sweep,3060
sweep,2809
sweep,3074
sweep,3422
sweep,2731
sweep,2776
sweep,2828
sweep,2809
sweep,2806
sweep,3431
sweep,2936
sweep,3042
sweep,3398
sweep,2365
sweep,2624
sweep,3963
sweep,2366
sweep,3113
sweep,1945
sweep,3622
sweep,3861
sweep,4277
sweep,3938
sweep,3035
sweep,3169
sweep,2863
sweep,3381
sweep,2783
sweep,3578
sweep,3032
sweep,2962
sweep,2981
sweep,2658
sweep,3845
sweep,2632
sweep,2973
sweep,2802
sweep,3108
sweep,3683
sweep,2749
sweep,2529
sweep,2871
sweep,3612
sweep,3943
sweep,4029
sweep,4218
sweep,6022
sweep,8244
sweep,6534
sweep,8638
sweep,8369
sweep,8627
sweep,8287
sweep,7644
sweep,7557
sweep,795
mark,1028056
sweep,4518
sweep,3874
sweep,3873
sweep,4191
sweep,3833
sweep,4430
sweep,3757
sweep,3407
sweep,2843
sweep,3257
sweep,3362
sweep,2996
sweep,3004
sweep,2930
sweep,2773
sweep,3039
sweep,3284
sweep,3147
sweep,3254
sweep,3448
sweep,2357
sweep,2431
sweep,4026
sweep,2521
sweep,3352
sweep,1856
sweep,3398
sweep,4132
sweep,4355
sweep,3770
sweep,3040
sweep,3120
sweep,2933
sweep,2976
sweep,2846
sweep,3413
sweep,2784
sweep,2970
sweep,2498
sweep,2630
sweep,3925
sweep,2624
sweep,2698
sweep,2879
sweep,3195
sweep,3450
sweep,2775
sweep,2841
sweep,2776
sweep,5470
sweep,9376
sweep,9073
sweep,8878
sweep,7884
sweep,6263
sweep,7553
sweep,4099
sweep,4782
sweep,4468
sweep,5882
sweep,5638
sweep,6036
sweep,219
mark,1026525
sweep,5069
sweep,4141
sweep,4068
sweep,3967
sweep,3638
sweep,4342
sweep,3588
sweep,3258
sweep,2729
sweep,3093
sweep,3197
sweep,3201
sweep,2691
sweep,3225
sweep,2545
sweep,2750
sweep,3387
sweep,3166
sweep,3117
sweep,3913
sweep,2325
sweep,2493
sweep,3799
sweep,2419
sweep,3100
sweep,1870
sweep,3273
sweep,3843
sweep,4291
sweep,3366
sweep,3070
sweep,2888
sweep,3114
sweep,2991
sweep,2772
sweep,3164
sweep,2799
sweep,3031
sweep,2471
sweep,2884
sweep,3826
sweep,3164
sweep,2684
sweep,3524
sweep,2938
sweep,3408
sweep,3114
sweep,2615
sweep,2618
sweep,3869
sweep,3995
sweep,3854
sweep,4101
sweep,5910
sweep,8495
sweep,6454
sweep,8558
sweep,8676
sweep,8564
sweep,7999
sweep,7374
sweep,7538
sweep,837
mark,1035446
sweep,4919
sweep,4159
sweep,3949
sweep,4198
sweep,3741
sweep,4162
sweep,3523
sweep,3040
sweep,2752
sweep,3358
sweep,3045
sweep,2863
sweep,2728
sweep,2767
sweep,3148
sweep,2751
sweep,3449
sweep,2905
sweep,3252
sweep,3347
sweep,2324
sweep,2455
sweep,3854
sweep,2648
sweep,3160
sweep,1980
sweep,3639
sweep,3921
sweep,4530
sweep,3724
sweep,2981
sweep,3095
sweep,2951
sweep,3126
sweep,3246
sweep,3126
sweep,2751
sweep,3009
sweep,2636
sweep,3256
sweep,3678
sweep,3009
sweep,2626
sweep,2955
sweep,3137
sweep,3631
sweep,2912
sweep,2639
sweep,2796
sweep,5826
sweep,8732
sweep,8654
sweep,8608
sweep,8322
sweep,6257
sweep,7517
sweep,4062
sweep,4307
sweep,4816
sweep,6177
sweep,6006
sweep,5990
sweep,221
mark,1029968
sweep,5046
sweep,3725
sweep,3755
sweep,4221
sweep,3539
sweep,3993
sweep,3644
sweep,3151
sweep,2825
sweep,3227
sweep,3206
sweep,2722
sweep,2861
sweep,2760
sweep,2901
sweep,2775
sweep,3213
sweep,2980
sweep,3176
sweep,3813
sweep,2316
sweep,2521
sweep,3625
sweep,2445
sweep,3548
sweep,2231
sweep,3680
sweep,3601
sweep,4345
sweep,3464
sweep,3375
sweep,2966
sweep,2981
sweep,2904
sweep,3031
sweep,3240
sweep,2906
sweep,3182
sweep,2692
sweep,2943
sweep,3794
sweep,2809
sweep,2982
sweep,3025
sweep,2942
sweep,3716
sweep,2820
sweep,2510
sweep,2446
sweep,3626
sweep,4175
sweep,3981
sweep,4353
sweep,5991
sweep,8772
sweep,6796
sweep,8801
sweep,8492
sweep,8583
sweep,7993
sweep,7529
sweep,7430
sweep,831
mark,1025034
sweep,4716
sweep,3721
sweep,4214
sweep,4179
sweep,3930
sweep,4156
sweep,3844
sweep,3313
sweep,2843
sweep,3583
sweep,2981
sweep,2978
sweep,2894
sweep,2887
sweep,2686
sweep,2749
sweep,3308
sweep,3288
sweep,3128
sweep,3776
sweep,2360
sweep,2376
sweep,4144
sweep,2675
sweep,3237
sweep,2156
sweep,3682
sweep,3618
sweep,4441
sweep,3397
sweep,3043
sweep,3403
sweep,2932
sweep,3271
sweep,2786
sweep,3479
sweep,2698
sweep,3166
sweep,2766
sweep,2613
sweep,3937
sweep,3012
sweep,2774
sweep,3103
sweep,3033
sweep,3570
sweep,2966
sweep,2746
sweep,2452
sweep,5570
sweep,8531
sweep,8881
sweep,8833
sweep,7582
sweep,6117
sweep,6866
sweep,3931
sweep,4280
sweep,4752
sweep,6295
sweep,5955
sweep,6371
sweep,254
mark,1030117
sweep,5021
sweep,3804
sweep,3930
sweep,4587
sweep,3596
sweep,4431
sweep,3575
sweep,3143
sweep,2958
sweep,3030
sweep,3230
sweep,2786
sweep,2757
sweep,2903
sweep,2607
sweep,2725
sweep,3162
sweep,2869
sweep,2981
sweep,3657
sweep,2323
sweep,2594
sweep,3922
sweep,2548
sweep,3074
sweep,2193
sweep,3595
sweep,3818
sweep,4487
sweep,3442
sweep,3329
sweep,2968
sweep,2995
sweep,2996
sweep,2781
sweep,3137
sweep,2884
sweep,3387
sweep,2535
sweep,3204
sweep,3700
sweep,2757
sweep,2701
sweep,3295
sweep,3378
sweep,3620
sweep,2796
sweep,2666
sweep,2510
sweep,3586
sweep,3983
sweep,3886
sweep,4380
sweep,6328
sweep,7645
sweep,5770
sweep,9385
sweep,9161
sweep,8318
sweep,7430
sweep,7721
sweep,7311
sweep,837
mark,1036840
sweep,4717
sweep,4158
sweep,3889
sweep,3987
sweep,3934
sweep,4119
sweep,4125
sweep,3751
sweep,3016
sweep,3329
sweep,3208
sweep,2766
sweep,2795
sweep,2927
sweep,2659
sweep,2765
sweep,3522
sweep,2943
sweep,3234
sweep,3579
sweep,2487
sweep,2504
sweep,4290
sweep,2529
sweep,3147
sweep,1854
sweep,3722
sweep,3817
sweep,4385
sweep,3597
sweep,3364
sweep,2991
sweep,2988
sweep,3064
sweep,3188
sweep,3219
sweep,2766
sweep,3080
sweep,2533
sweep,2984
sweep,4013
sweep,2770
sweep,2965
sweep,3491
sweep,2725
sweep,3517
sweep,2759
sweep,2503
sweep,2444
sweep,6063
sweep,9387
sweep,8767
sweep,8510
sweep,8123
sweep,6220
sweep,7676
sweep,4129
sweep,4335
sweep,4538
sweep,6122
sweep,6047
sweep,6217
sweep,276
mark,1029472
sweep,4541
sweep,4130
sweep,3908
sweep,3885
sweep,3567
sweep,3838
sweep,3605
sweep,3235
sweep,2796
sweep,2994
sweep,3124
sweep,2889
sweep,2926
sweep,3107
sweep,2855
sweep,2718
sweep,3315
sweep,3368
sweep,3182
sweep,3348
sweep,2275
sweep,2337
sweep,3755
sweep,2461
sweep,3034
sweep,1833
sweep,3235
sweep,3973
sweep,4296
sweep,3890
sweep,3161
sweep,3098
sweep,2959
sweep,3188
sweep,2802
sweep,3308
sweep,2841
sweep,3063
sweep,2488
sweep,2655
sweep,3783
sweep,2636
sweep,2654
sweep,3331
sweep,2849
sweep,3404
sweep,2923
sweep,2742
sweep,2442
sweep,3368
sweep,3858
sweep,3971
sweep,4133
sweep,6403
sweep,7805
sweep,6099
sweep,9158
sweep,7984
sweep,8725
sweep,8200
sweep,7464
sweep,7344
sweep,821
mark,1036108
sweep,4714
sweep,4193
sweep,3825
sweep,4480
sweep,3572
sweep,4262
sweep,3638
sweep,3040
sweep,3024
sweep,3466
sweep,3128
sweep,2742
sweep,2932
sweep,2943
sweep,2745
sweep,2725
sweep,3237
sweep,2878
sweep,3200
sweep,3772
sweep,2569
sweep,2385
sweep,3972
sweep,2438
sweep,3081
sweep,1948
sweep,3704
sweep,3975
sweep,4483
sweep,3634
sweep,3477
sweep,3162
sweep,3161
sweep,3219
sweep,2860
sweep,3092
sweep,2807
sweep,3276
sweep,2753
sweep,3321
sweep,4023
sweep,2972
sweep,2805
sweep,3247
sweep,2874
sweep,3717
sweep,2688
sweep,2486
sweep,2744
sweep,5805
sweep,8836
sweep,8467
sweep,8518
sweep,7993
sweep,6075
sweep,7444
sweep,4079
sweep,4164
sweep,4757
sweep,6139
sweep,5694
sweep,5847
sweep,232
mark,1035414
sweep,4534
sweep,4171
sweep,4393
sweep,4186
sweep,3771
sweep,4245
sweep,3719
sweep,3330
sweep,2923
sweep,3087
sweep,3059
sweep,3246
sweep,2608
sweep,2714
sweep,2583
sweep,2829
sweep,3564
sweep,2938
sweep,3090
sweep,3693
sweep,2343
sweep,2552
sweep,3710
sweep,2460
sweep,3437
sweep,2193
sweep,3371
sweep,3860
sweep,4384
sweep,3332
sweep,3368
sweep,3204
sweep,2930
sweep,2984
sweep,2850
sweep,3165
sweep,2883
sweep,3189
sweep,2562
sweep,2762
sweep,3736
sweep,3064
sweep,3037
sweep,3489
sweep,2882
sweep,3668
sweep,2804
sweep,2684
sweep,2431
sweep,3365
sweep,4271
sweep,3938
sweep,4513
sweep,5859
sweep,8389
sweep,6469
sweep,8733
sweep,8369
sweep,8554
sweep,8183
sweep,7642
sweep,7573
sweep,838
mark,1035366
sweep,4678
sweep,3920
sweep,4000
sweep,4183
sweep,3718
sweep,4248
sweep,3688
sweep,3240
sweep,2806
sweep,3356
sweep,3147
sweep,3016
sweep,2743
sweep,2809
sweep,2992
sweep,2966
sweep,3368
sweep,2911
sweep,3366
sweep,3503
sweep,2615
sweep,2377
sweep,3750
sweep,2386
sweep,3076
sweep,1933
sweep,3388
sweep,3665
sweep,4572
sweep,3439
sweep,3097
sweep,3001
sweep,2981
sweep,3032
sweep,3284
sweep,3444
sweep,2754
sweep,3275
sweep,2606
sweep,2654
sweep,3854
sweep,2858
sweep,3024
sweep,3460
sweep,2973
sweep,3721
sweep,2641
sweep,2586
sweep,2402
sweep,5526
sweep,8637
sweep,8980
sweep,9057
sweep,7714
sweep,5736
sweep,6704
sweep,4004
sweep,4196
sweep,5022
sweep,6135
sweep,5943
sweep,5723
sweep,224
mark,1031818
sweep,4826
sweep,3857
sweep,3923
sweep,4048
sweep,3878
sweep,4102
sweep,3739
sweep,3258
sweep,2837
sweep,3466
sweep,3579
sweep,3265
sweep,2718
sweep,2931
sweep,3025
sweep,2838
sweep,3383
sweep,2957
sweep,2998
sweep,3610
sweep,2576
sweep,2649
sweep,4037
sweep,2373
sweep,3877
sweep,1943
sweep,3634
sweep,3755
sweep,4338
sweep,3610
sweep,3098
sweep,3053
sweep,3244
sweep,2947
sweep,3181
sweep,3468
sweep,2962
sweep,3161
sweep,2680
sweep,2818
sweep,3998
sweep,2915
sweep,2741
sweep,2995
sweep,2923
sweep,3343
sweep,2661
sweep,2841
sweep,2404
sweep,3580
sweep,3810
sweep,3880
sweep,4175
sweep,5383
sweep,8398
sweep,6179
sweep,8604
sweep,9123
sweep,8631
sweep,7226
sweep,7139
sweep,7033
sweep,785
mark,1040467
sweep,4789
sweep,3805
sweep,4072
sweep,4129
sweep,3694
sweep,4245
sweep,3649
sweep,3097
sweep,2847
sweep,3742
sweep,3348
sweep,2848
sweep,3117
sweep,2958
sweep,2843
sweep,2613
sweep,3789
sweep,3539
sweep,3112
sweep,3429
sweep,2306
sweep,2584
sweep,3829
sweep,2273
sweep,3758
sweep,2420
sweep,3430
sweep,4207
sweep,4574
sweep,3570
sweep,3120
sweep,3093
sweep,2823
sweep,3014
sweep,2769
sweep,3406
sweep,2766
sweep,3119
sweep,2733
sweep,2713
sweep,4059
sweep,2575
sweep,2720
sweep,3129
sweep,2725
sweep,3524
sweep,2634
sweep,2414
sweep,2541
sweep,5819
sweep,8951
sweep,8760
sweep,8087
sweep,7813
sweep,5816
sweep,7392
sweep,4106
sweep,4440
sweep,4272
sweep,5903
sweep,5692
sweep,6141
sweep,225
mark,1031590
sweep,4940
sweep,3927
sweep,4383
sweep,4315
sweep,4007
sweep,4288
sweep,3710
sweep,3071
sweep,3098
sweep,3022
sweep,3108
sweep,2796
sweep,2778
sweep,2751
sweep,2898
sweep,2956
sweep,3214
sweep,3369
sweep,3013
sweep,3465
sweep,2520
sweep,2730
sweep,3980
sweep,2571
sweep,3025
sweep,1778
sweep,3364
sweep,3791
sweep,4360
sweep,3574
sweep,3140
sweep,3033
sweep,2941
sweep,3161
sweep,2788
sweep,3222
sweep,3012
sweep,3052
sweep,2687
sweep,2727
sweep,3911
sweep,3226
sweep,2676
sweep,3074
sweep,2833
sweep,3376
sweep,2952
sweep,2511
sweep,2617
sweep,3430
sweep,4179
sweep,3960
sweep,4406
sweep,5784
sweep,8172
sweep,6461
sweep,8692
sweep,8165
sweep,8482
sweep,8335
sweep,7370
sweep,7698
sweep,833
mark,1036918
sweep,4880
sweep,3824
sweep,4142
sweep,4060
sweep,3593
sweep,4027
sweep,3608
sweep,3517
sweep,2939
sweep,3575
sweep,2967
sweep,3101
sweep,3008
sweep,2815
sweep,2532
sweep,2728
sweep,3505
sweep,2934
sweep,3160
sweep,3617
sweep,2302
sweep,2616
sweep,3908
sweep,2504
sweep,3128
sweep,2010
sweep,3469
sweep,3761
sweep,4518
sweep,3472
sweep,3021
sweep,3154
sweep,2827
sweep,3197
sweep,3194
sweep,3158
sweep,2667
sweep,2997
sweep,2529
sweep,2607
sweep,3878
sweep,2935
sweep,2743
sweep,3218
sweep,2897
sweep,3322
sweep,2768
sweep,2408
sweep,2427
sweep,5528
sweep,8691
sweep,8769
sweep,8631
sweep,7858
sweep,6161
sweep,7109
sweep,4381
sweep,4186
sweep,5155
sweep,6212
sweep,5552
sweep,5743
sweep,241
mark,1035376
sweep,4498
sweep,4434
sweep,4383
sweep,4352
sweep,3925
sweep,4056
sweep,3567
sweep,3233
sweep,2791
sweep,3158
sweep,3038
sweep,3076
sweep,2879
sweep,3308
sweep,2829
sweep,2787
sweep,3287
sweep,2838
sweep,3248
sweep,3844
sweep,2325
sweep,2489
sweep,3747
sweep,2404
sweep,3408
sweep,2056
sweep,3442
sweep,8999
sweep,4294
sweep,3357
sweep,3290
sweep,3047
sweep,2826
sweep,2925
sweep,2873
sweep,3414
sweep,2815
sweep,3051
sweep,2527
sweep,2670
sweep,3726
sweep,2845
sweep,2755
sweep,3075
sweep,2846
sweep,3528
sweep,2925
sweep,2514
sweep,2430
sweep,3696
sweep,4039
sweep,4051
sweep,4307
sweep,6045
sweep,7831
sweep,6468
sweep,8446
sweep,8451
sweep,8366
sweep,7363
sweep,7656
sweep,7005
sweep,832
mark,1059144
sweep,4830
sweep,4177
sweep,4186
sweep,4007
sweep,3917
sweep,4179
sweep,3975
sweep,3160
sweep,2808
sweep,3368
sweep,2915
sweep,3066
sweep,3020
sweep,2902
sweep,2787
sweep,2724
sweep,3272
sweep,3078
sweep,2969
sweep,3458
sweep,2332
sweep,2517
sweep,3944
sweep,2592
sweep,3050
sweep,2145
sweep,3302
sweep,3658
sweep,4207
sweep,3478
sweep,3213
sweep,3104
sweep,2973
sweep,3390
sweep,3531
sweep,2961
sweep,2715
sweep,3016
sweep,2580
sweep,2705
sweep,3774
sweep,2683
sweep,2785
sweep,3013
sweep,3401
sweep,3865
sweep,2745
sweep,2741
sweep,2483
sweep,5354
sweep,9271
sweep,8916
sweep,8404
sweep,7899
sweep,6431
sweep,7101
sweep,4474
sweep,4441
sweep,4264
sweep,5688
sweep,5629
sweep,6449
sweep,228
mark,1047787
sweep,4493
sweep,3955
sweep,4194
sweep,4153
sweep,3902
sweep,4424
sweep,3852
sweep,3219
sweep,2929
sweep,3179
sweep,3234
sweep,3019
sweep,2685
sweep,2856
sweep,2567
sweep,2859
sweep,3570
sweep,2959
sweep,3042
sweep,3782
sweep,2328
sweep,2735
sweep,3969
sweep,2456
sweep,3568
sweep,2076
sweep,3313
sweep,3665
sweep,4248
sweep,3619
sweep,3231
sweep,3267
sweep,3317
sweep,3275
sweep,2818
sweep,3446
sweep,2683
sweep,3053
sweep,2552
sweep,2660
sweep,3715
sweep,2679
sweep,2897
sweep,3099
sweep,2896
sweep,3405
sweep,2846
sweep,2675
sweep,2523
sweep,3559
sweep,4033
sweep,3883
sweep,4390
sweep,5645
sweep,7583
sweep,6339
sweep,8868
sweep,8303
sweep,8341
sweep,7166
sweep,7239
sweep,7279
sweep,837
mark,1031891
sweep,4731
sweep,3820
sweep,4039
sweep,3934
sweep,3730
sweep,4182
sweep,3838
sweep,3207
sweep,3167
sweep,3246
sweep,3336
sweep,3037
sweep,2985
sweep,3230
sweep,2524
sweep,2690
sweep,3507
sweep,3161
sweep,3043
sweep,3540
sweep,2322
sweep,2417
sweep,4009
sweep,2631
sweep,3639
sweep,1865
sweep,3471
sweep,4014
sweep,4523
sweep,3601
sweep,3073
sweep,2978
sweep,2866
sweep,3305
sweep,3030
sweep,3299
sweep,2826
sweep,3061
sweep,2617
sweep,2933
sweep,3558
sweep,2934
sweep,2740
sweep,3115
sweep,2829
sweep,3696
sweep,3113
sweep,2568
sweep,2475
sweep,5989
sweep,8651
sweep,8580
sweep,8627
sweep,7852
sweep,6134
sweep,7117
sweep,4085
sweep,4427
sweep,4931
sweep,6288
sweep,5842
sweep,6255
sweep,237
mark,1033126
sweep,4481
sweep,3988
sweep,4392
sweep,4222
sweep,3593
sweep,4118
sweep,3754
sweep,3138
sweep,3237
sweep,3144
sweep,3073
sweep,3173
sweep,2878
sweep,2762
sweep,2805
sweep,2671
sweep,3201
sweep,3371
sweep,3208
sweep,3266
sweep,2290
sweep,2626
sweep,3873
sweep,2546
sweep,3066
sweep,1887
sweep,3410
sweep,3642
sweep,4378
sweep,3510
sweep,3294
sweep,3145
sweep,2860
sweep,3328
sweep,2812
sweep,3271
sweep,2720
sweep,3206
sweep,2510
sweep,2803
sweep,3754
sweep,2763
sweep,2638
sweep,3057
sweep,2864
sweep,3429
sweep,2866
sweep,2710
sweep,2529
sweep,3827
sweep,4292
sweep,4130
sweep,4099
sweep,5547
sweep,8367
sweep,5974
sweep,8889
sweep,8788
sweep,8698
sweep,7476
sweep,7453
sweep,7318
sweep,833
mark,1032520
sweep,4660
sweep,4010
sweep,3894
sweep,4166
sweep,3520
sweep,4162
sweep,3660
sweep,3098
sweep,3052
sweep,3400
sweep,3383
sweep,2984
sweep,2604
sweep,2776
sweep,2755
sweep,3047
sweep,3289
sweep,2928
sweep,3308
sweep,3228
sweep,2326
sweep,2384
sweep,3924
sweep,2671
sweep,3270
sweep,1901
sweep,3490
sweep,3715
sweep,4439
sweep,3879
sweep,2999
sweep,3053
sweep,2881
sweep,3046
sweep,2836
sweep,3252
sweep,2766
sweep,3046
sweep,2721
sweep,2648
sweep,3708
sweep,2680
sweep,2720
sweep,3082
sweep,2787
sweep,3658
sweep,2818
sweep,2818
sweep,2706
sweep,5583
sweep,9081
sweep,8662
sweep,9162
sweep,7889
sweep,5846
sweep,7119
sweep,4241
sweep,4170
sweep,4442
sweep,5939
sweep,5880
sweep,5929
sweep,234
mark,1032944
sweep,4732
sweep,3807
sweep,3843
sweep,4138
sweep,3627
sweep,4306
sweep,3589
sweep,3122
sweep,2923
sweep,3377
sweep,3304
sweep,2815
sweep,2747
sweep,2911
sweep,2815
sweep,2699
sweep,3206
sweep,2865
sweep,3096
sweep,3487
sweep,2419
sweep,2586
sweep,3687
sweep,2735
sweep,3032
sweep,1894
sweep,3621
sweep,3849
sweep,4433
sweep,3712
sweep,3433
sweep,3038
sweep,2879
sweep,3334
sweep,2734
sweep,3472
sweep,2934
sweep,3203
sweep,2467
sweep,3048
sweep,3734
sweep,2789
sweep,2723
sweep,3616
sweep,3297
sweep,3599
sweep,2770
sweep,2585
sweep,2707
sweep,3478
sweep,4018
sweep,4068
sweep,4537
sweep,6245
sweep,7793
sweep,6126
sweep,8554
sweep,8438
sweep,8880
sweep,8290
sweep,7485
sweep,7664
sweep,825
mark,1036251
sweep,4729
sweep,3903
sweep,4025
sweep,4126
sweep,3696
sweep,3910
sweep,3897
sweep,3544
sweep,3053
sweep,3641
sweep,3152
sweep,2870
sweep,2679
sweep,2926
sweep,2638
sweep,2793
sweep,3517
sweep,2895
sweep,2988
sweep,3577
sweep,2325
sweep,2453
sweep,4020
sweep,2442
sweep,3122
sweep,1888
sweep,3476
sweep,3594
sweep,4462
sweep,3867
sweep,3639
sweep,3280
sweep,3001
sweep,3245
sweep,2850
sweep,3437
sweep,2691
sweep,2977
sweep,3035
sweep,2720
sweep,3881
sweep,3050
sweep,2673
sweep,3365
sweep,2855
sweep,3710
sweep,2869
sweep,2523
sweep,2632
sweep,5556
sweep,8807
sweep,8735
sweep,8692
sweep,7721
sweep,6084
sweep,7585
sweep,4215
sweep,4290
sweep,4509
sweep,6373
sweep,5697
sweep,5942
sweep,227
mark,1040688
sweep,4588
sweep,4240
sweep,4300
sweep,3986
sweep,3706
sweep,4028
sweep,3614
sweep,3083
sweep,2942
sweep,3230
sweep,3064
sweep,2719
sweep,2742
sweep,2946
sweep,2779
sweep,2975
sweep,3345
sweep,2961
sweep,3277
sweep,3493
sweep,2325
sweep,2553
sweep,3696
sweep,2636
sweep,3097
sweep,2184
sweep,3667
sweep,3949
sweep,4229
sweep,3380
sweep,3704
sweep,2925
sweep,2777
sweep,3031
sweep,2969
sweep,3103
sweep,2752
sweep,3066
sweep,2784
sweep,2728
sweep,3884
sweep,2928
sweep,3029
sweep,3627
sweep,2811
sweep,3501
sweep,2955
sweep,2487
sweep,2522
sweep,3933
sweep,4203
sweep,4258
sweep,4204
sweep,5547
sweep,7646
sweep,5783
sweep,8689
sweep,8282
sweep,8835
sweep,8308
sweep,7568
sweep,7637
sweep,838
mark,1028925
sweep,10225
sweep,4260
sweep,4222
sweep,4356
sweep,3685
sweep,4106
sweep,3521
sweep,3392
sweep,2822
sweep,3568
sweep,3280
sweep,2768
sweep,2947
sweep,2820
sweep,2660
sweep,2752
sweep,3266
sweep,3102
sweep,3361
sweep,3440
sweep,2371
sweep,2458
sweep,3772
sweep,2553
sweep,3719
sweep,2197
sweep,3640
sweep,3794
sweep,4241
sweep,3353
sweep,3326
sweep,3084
sweep,2840
sweep,3226
sweep,2794
sweep,3176
sweep,2714
sweep,3407
sweep,2512
sweep,2789
sweep,3832
sweep,2808
sweep,2617
sweep,2938
sweep,2744
sweep,3745
sweep,3004
sweep,2584
sweep,2758
sweep,6028
sweep,8769
sweep,8556
sweep,8838
sweep,8084
sweep,5927
sweep,7120
sweep,4286
sweep,4280
sweep,5100
sweep,6240
sweep,5901
sweep,6326
sweep,229
mark,1021664
sweep,4595
sweep,3725
sweep,4180
sweep,4117
sweep,4004
sweep,4446
sweep,3586
sweep,3088
sweep,2858
sweep,3014
sweep,3054
sweep,2777
sweep,2766
sweep,2889
sweep,2883
sweep,2726
sweep,3241
sweep,3099
sweep,2963
sweep,3419
sweep,2472
sweep,2533
sweep,4061
sweep,2378
sweep,3173
sweep,1829
sweep,3543
sweep,3779
sweep,4486
sweep,3204
sweep,3287
sweep,2963
sweep,2924
sweep,3338
sweep,2924
sweep,3320
sweep,2761
sweep,3295
sweep,2508
sweep,3190
sweep,3712
sweep,2665
sweep,2852
sweep,3026
sweep,3391
sweep,3389
sweep,2914
sweep,2521
sweep,2423
sweep,3804
sweep,3963
sweep,4136
sweep,4091
sweep,6060
sweep,7678
sweep,6154
sweep,8895
sweep,8424
sweep,8639
sweep,8214
sweep,7457
sweep,7647
sweep,827
mark,1035095
sweep,4608
sweep,4091
sweep,3972
sweep,4182
sweep,3671
sweep,4400
sweep,3597
sweep,3063
sweep,2871
sweep,3553
sweep,2985
sweep,3313
sweep,2734
sweep,3158
sweep,2684
sweep,2654
sweep,3379
sweep,3027
sweep,3558
sweep,3520
sweep,2679
sweep,2561
sweep,3722
sweep,2368
sweep,3099
sweep,1935
sweep,3511
sweep,3683
sweep,4433
sweep,3365
sweep,3115
sweep,3050
sweep,3125
sweep,3069
sweep,2747
sweep,3505
sweep,2717
sweep,3089
sweep,2482
sweep,2783
sweep,3983
sweep,2832
sweep,2761
sweep,3380
sweep,2808
sweep,3678
sweep,2924
sweep,2718
sweep,2715
sweep,5293
sweep,9394
sweep,8762
sweep,8578
sweep,8522
sweep,6468
sweep,7471
sweep,3964
sweep,4316
sweep,5049
sweep,6101
sweep,5591
sweep,5977
sweep,229
mark,1029699
sweep,4925
sweep,4046
sweep,3861
sweep,4015
sweep,3740
sweep,4439
sweep,3788
sweep,3209
sweep,2803
sweep,3416
sweep,3146
sweep,2700
sweep,2712
sweep,2769
sweep,2514
sweep,2743
sweep,3617
sweep,2956
sweep,3238
sweep,3607
sweep,2244
sweep,2494
sweep,3773
sweep,2418
sweep,3623
sweep,1878
sweep,3281
sweep,3883
sweep,4120
sweep,3522
sweep,3005
sweep,3021
sweep,2903
sweep,3033
sweep,3070
sweep,3391
sweep,2832
sweep,3083
sweep,2839
sweep,3059
sweep,3622
sweep,3815
sweep,2978
sweep,3092
sweep,2918
sweep,3654
sweep,3196
sweep,2495
sweep,2608
sweep,3613
sweep,3970
sweep,4297
sweep,4629
sweep,5653
sweep,8576
sweep,6428
sweep,8680
sweep,8200
sweep,8567
sweep,8375
sweep,7328
sweep,7686
sweep,840
mark,1038743
sweep,5729
sweep,4152
sweep,3940
sweep,4064
sweep,3763
sweep,3980
sweep,3780
sweep,3132
sweep,2908
sweep,3234
sweep,2968
sweep,2749
sweep,2633
sweep,3090
sweep,2581
sweep,2710
sweep,3381
sweep,3097
sweep,3312
sweep,3447
sweep,2636
sweep,2366
sweep,3783
sweep,2343
sweep,3137
sweep,2026
sweep,3512
sweep,3630
sweep,4325
sweep,3872
sweep,3213
sweep,2940
sweep,3165
sweep,3057
sweep,2970
sweep,3248
sweep,2677
sweep,3331
sweep,2471
sweep,2821
sweep,3850
sweep,2639
sweep,2674
sweep,3139
sweep,3158
sweep,3416
sweep,2957
sweep,2500
sweep,2501
sweep,5665
sweep,9074
sweep,8663
sweep,8160
sweep,8102
sweep,5729
sweep,6832
sweep,4069
sweep,4426
sweep,4794
sweep,6274
sweep,5810
sweep,5924
sweep,225
mark,1029456
sweep,4713
sweep,3889
sweep,3868
sweep,3916
sweep,3554
sweep,3981
sweep,3546
sweep,3197
sweep,2843
sweep,3075
sweep,3160
sweep,2815
sweep,3086
sweep,2840
sweep,2725
sweep,2589
sweep,3277
sweep,2886
sweep,3198
sweep,3645
sweep,2415
sweep,2604
sweep,3967
sweep,2647
sweep,3395
sweep,1872
sweep,3293
sweep,3685
sweep,4340
sweep,3365
sweep,3208
sweep,3560
sweep,2872
sweep,3062
sweep,3020
sweep,3380
sweep,2811
sweep,3104
sweep,2538
sweep,2654
sweep,3692
sweep,2791
sweep,2739
sweep,3533
sweep,2804
sweep,3371
sweep,2682
sweep,2699
sweep,2644
sweep,3495
sweep,3920
sweep,3907
sweep,4158
sweep,5998
sweep,7591
sweep,6142
sweep,9264
sweep,7936
sweep,8126
sweep,8105
sweep,7317
sweep,7367
sweep,830
mark,1039828
sweep,5137
sweep,4220
sweep,3960
sweep,4165
sweep,3611
sweep,4008
sweep,3930
sweep,3511
sweep,2789
sweep,3590
sweep,3060
sweep,2726
sweep,2735
sweep,2859
sweep,2562
sweep,2742
sweep,3277
sweep,3200
sweep,3054
sweep,3694
sweep,2382
sweep,2560
sweep,4134
sweep,2482
sweep,3821
sweep,2146
sweep,3471
sweep,4296
sweep,4667
sweep,3812
sweep,3559
sweep,2917
sweep,3502
sweep,3185
sweep,3013
sweep,3102
sweep,3264
sweep,3084
sweep,2873
sweep,2884
sweep,3662
sweep,2867
sweep,2989
sweep,3060
sweep,3107
sweep,3581
sweep,2482
sweep,2676
sweep,2394
sweep,5798
sweep,9172
sweep,8435
sweep,8420
sweep,7990
sweep,5492
sweep,7050
sweep,3980
sweep,4360
sweep,4750
sweep,6276
sweep,5744
sweep,5635
sweep,218
mark,1029696
sweep,4574
sweep,4142
sweep,4106
sweep,3897
sweep,3675
sweep,4081
sweep,3746
sweep,3110
sweep,3191
sweep,3486
sweep,3501
sweep,3089
sweep,2868
sweep,2887
sweep,2845
sweep,2742
sweep,3319
sweep,3477
sweep,2792
sweep,3316
sweep,2455
sweep,2541
sweep,3900
sweep,2512
sweep,3535
sweep,1967
sweep,3478
sweep,4182
sweep,4734
sweep,3871
sweep,3545
sweep,2756
sweep,2973
sweep,2875
sweep,2541
sweep,3089
sweep,3191
sweep,3397
sweep,2575
sweep,2829
sweep,3802
sweep,2792
sweep,3061
sweep,3099
sweep,2803
sweep,3376
sweep,2584
sweep,2509
sweep,2545
sweep,3412
sweep,4028
sweep,3985
sweep,4098
sweep,5549
sweep,8462
sweep,6570
sweep,8556
sweep,8386
sweep,8568
sweep,7576
sweep,7314
sweep,7271
sweep,1161
mark,1043109
sweep,4808
sweep,4177
sweep,4080
sweep,4143
sweep,3785
sweep,4012
sweep,3772
sweep,3406
sweep,2887
sweep,3120
sweep,3142
sweep,2998
sweep,2715
sweep,3164
sweep,3034
sweep,3011
sweep,3493
sweep,2988
sweep,3082
sweep,3563
sweep,2472
sweep,2495
sweep,3864
sweep,2636
sweep,3437
sweep,1970
sweep,3522
sweep,4076
sweep,4478
sweep,3501
sweep,3322
sweep,2956
sweep,3432
sweep,3195
sweep,2938
sweep,3228
sweep,2856
sweep,3087
sweep,2473
sweep,3279
sweep,3663
sweep,2610
sweep,2589
sweep,2831
sweep,3052
sweep,3658
sweep,2828
sweep,2605
sweep,2448
sweep,5515
sweep,8806
sweep,8663
sweep,8409
sweep,7871
sweep,6216
sweep,6838
sweep,3947
sweep,4433
sweep,4723
sweep,6217
sweep,5814
sweep,5779
sweep,219
mark,1037160
sweep,4842
sweep,3768
sweep,4203
sweep,4028
sweep,3443
sweep,4392
sweep,3634
sweep,3378
sweep,2911
sweep,3088
sweep,3155
sweep,3007
sweep,2647
sweep,2806
sweep,2656
sweep,2760
sweep,3201
sweep,3243
sweep,3360
sweep,3477
sweep,2241
sweep,2712
sweep,3951
sweep,2687
sweep,3085
sweep,2008
sweep,3362
sweep,3693
sweep,4315
sweep,3374
sweep,3196
sweep,3595
sweep,2956
sweep,3196
sweep,2905
sweep,3256
sweep,2776
sweep,3114
sweep,2636
sweep,2640
sweep,3877
sweep,2859
sweep,2712
sweep,2934
sweep,3130
sweep,3606
sweep,2676
sweep,2533
sweep,2560
sweep,3565
sweep,3886
sweep,4228
sweep,4123
sweep,6054
sweep,7872
sweep,6097
sweep,8488
sweep,8476
sweep,8281
sweep,7392
sweep,7823
sweep,7582
sweep,834
mark,1030413
sweep,4541
sweep,4063
sweep,4183
sweep,4338
sweep,3720
sweep,4254
sweep,3655
sweep,3138
sweep,2828
sweep,3697
sweep,3243
sweep,2795
sweep,2696
sweep,3190
sweep,2875
sweep,2858
sweep,3251
sweep,3265
sweep,3155
sweep,3458
sweep,2379
sweep,2597
sweep,3942
sweep,2381
sweep,3192
sweep,2052
sweep,3462
sweep,3605
sweep,4335
sweep,3473
sweep,3078
sweep,3136
sweep,3001
sweep,3528
sweep,3031
sweep,3363
sweep,2668
sweep,3219
sweep,2602
sweep,2985
sweep,3851
sweep,2824
sweep,2899
sweep,3372
sweep,2938
sweep,3649
sweep,3270
sweep,2697
sweep,2575
sweep,5908
sweep,8597
sweep,8803
sweep,8695
sweep,8048
sweep,6225
sweep,7158
sweep,3978
sweep,4708
sweep,4702
sweep,6166
sweep,5815
sweep,5930
sweep,225
mark,1034689
sweep,4691
sweep,4097
sweep,4501
sweep,4309
sweep,3982
sweep,4037
sweep,3772
sweep,3069
sweep,2730
sweep,3385
sweep,3083
sweep,2795
sweep,2909
sweep,2843
sweep,2630
sweep,2760
sweep,3427
sweep,3170
sweep,3023
sweep,3411
sweep,2365
sweep,2559
sweep,3916
sweep,2372
sweep,3575
sweep,1909
sweep,3449
sweep,3681
sweep,4310
sweep,3647
sweep,3104
sweep,3405
sweep,3116
sweep,3292
sweep,2851
sweep,3324
sweep,2716
sweep,3036
sweep,2534
sweep,2864
sweep,3831
sweep,2986
sweep,2681
sweep,3213
sweep,3230
sweep,3610
sweep,2847
sweep,2483
sweep,2586
sweep,3503
sweep,4105
sweep,4258
sweep,4503
sweep,5731
sweep,8623
sweep,6441
sweep,9482
sweep,7978
sweep,8826
sweep,7421
sweep,7767
sweep,6994
sweep,831
mark,1037061
sweep,4611
sweep,3938
sweep,3967
sweep,4026
sweep,3924
sweep,4317
sweep,3752
sweep,3212
sweep,3076
sweep,3267
sweep,3057
sweep,2761
sweep,2680
sweep,3180
sweep,2692
sweep,2698
sweep,3267
sweep,2946
sweep,3082
sweep,3481
sweep,2557
sweep,2426
sweep,3770
sweep,2359
sweep,3223
sweep,1923
sweep,3393
sweep,3688
sweep,4490
sweep,3865
sweep,2963
sweep,2901
sweep,2799
sweep,3071
sweep,2782
sweep,3551
sweep,2951
sweep,3098
sweep,2417
sweep,2663
sweep,3756
sweep,3230
sweep,2646
sweep,2917
sweep,2843
sweep,3471
sweep,2668
sweep,2521
sweep,2593
sweep,5680
sweep,8901
sweep,9333
sweep,8622
sweep,7897
sweep,6171
sweep,7479
sweep,4388
sweep,4342
sweep,4970
sweep,6207
sweep,5942
sweep,5850
sweep,255
mark,1034549
sweep,4933
sweep,4531
sweep,4353
sweep,4062
sweep,3846
sweep,4159
sweep,3513
sweep,3146
sweep,2825
sweep,3093
sweep,3106
sweep,2758
sweep,2848
sweep,2968
sweep,2548
sweep,2751
sweep,3432
sweep,2937
sweep,3262
sweep,3339
sweep,2309
sweep,2420
sweep,3990
sweep,2354
sweep,3333
sweep,1995
sweep,3349
sweep,3692
sweep,4649
sweep,3434
sweep,3034
sweep,3136
sweep,3533
sweep,3013
sweep,2742
sweep,3275
sweep,2646
sweep,3247
sweep,2668
sweep,2860
sweep,3712
sweep,2824
sweep,3009
sweep,3174
sweep,2770
sweep,3846
sweep,2754
sweep,2551
sweep,2474
sweep,3909
sweep,3955
sweep,4029
sweep,4235
sweep,6143
sweep,7895
sweep,5976
sweep,9056
sweep,8284
sweep,8272
sweep,8280
sweep,7413
sweep,7368
sweep,830
mark,1043250
sweep,4581
sweep,4269
sweep,3933
sweep,4239
sweep,3662
sweep,4250
sweep,3804
sweep,3416
sweep,3186
sweep,3405
sweep,3027
sweep,2699
sweep,2720
sweep,2720
sweep,2626
sweep,2746
sweep,3471
sweep,3088
sweep,2953
sweep,3407
sweep,2299
sweep,2414
sweep,3839
sweep,2296
sweep,3085
sweep,1851
sweep,3542
sweep,3632
sweep,4335
sweep,3594
sweep,3302
sweep,3173
sweep,3379
sweep,2944
sweep,3163
sweep,3200
sweep,2765
sweep,3124
sweep,2638
sweep,2604
sweep,4169
sweep,2925
sweep,3282
sweep,2874
sweep,3035
sweep,3433
sweep,2632
sweep,2445
sweep,2702
sweep,5481
sweep,8779
sweep,8576
sweep,8923
sweep,8066
sweep,6162
sweep,7434
sweep,4210
sweep,4407
sweep,4979
sweep,6272
sweep,5931
sweep,5868
sweep,224
mark,1033645
sweep,5280
sweep,4421
sweep,4387
sweep,4293
sweep,3843
sweep,4415
sweep,3482
sweep,3132
sweep,2908
sweep,3416
sweep,3044
sweep,2792
sweep,2674
sweep,3075
sweep,2795
sweep,2688
sweep,3472
sweep,3168
sweep,3113
sweep,3490
sweep,2343
sweep,2564
sweep,4224
sweep,2847
sweep,3154
sweep,1937
sweep,3578
sweep,3615
sweep,4566
sweep,3302
sweep,3401
sweep,3506
sweep,2919
sweep,3032
sweep,2780
sweep,3159
sweep,2722
sweep,2981
sweep,2785
sweep,2914
sweep,4008
sweep,2596
sweep,3015
sweep,3299
sweep,3076
sweep,3367
sweep,2781
sweep,2541
sweep,2414
sweep,3700
sweep,3956
sweep,3990
sweep,4421
sweep,6103
sweep,7635
sweep,6143
sweep,8765
sweep,8273
sweep,8535
sweep,8124
sweep,7378
sweep,7655
sweep,819
mark,1036535
sweep,5165
sweep,4080
sweep,3989
sweep,4203
sweep,3594
sweep,4108
sweep,3624
sweep,3285
sweep,3058
sweep,3217
sweep,3247
sweep,2822
sweep,2925
sweep,2916
sweep,2533
sweep,2761
sweep,3243
sweep,3147
sweep,3050
sweep,3698
sweep,2310
sweep,2367
sweep,3808
sweep,2651
sweep,3053
sweep,2038
sweep,3364
sweep,3616
sweep,4232
sweep,3797
sweep,3291
sweep,3308
sweep,2796
sweep,2990
sweep,2806
sweep,3114
sweep,2711
sweep,3260
sweep,2764
sweep,2926
sweep,3750
sweep,3046
sweep,2829
sweep,2907
sweep,2792
sweep,3620
sweep,2716
sweep,2548
sweep,2724
sweep,5330
sweep,8995
sweep,8202
sweep,8580
sweep,7866
sweep,6574
sweep,7528
sweep,4072
sweep,4990
sweep,4863
sweep,6116
sweep,5987
sweep,5707
sweep,231
mark,1037910
sweep,4497
sweep,3782
sweep,4302
sweep,4268
sweep,3671
sweep,4361
sweep,3595
sweep,3444
sweep,2838
sweep,3295
sweep,2996
sweep,6231
sweep,2746
sweep,3094
sweep,2490
sweep,2701
sweep,3531
sweep,2949
sweep,3261
sweep,3709
sweep,2374
sweep,2670
sweep,3793
sweep,2348
sweep,3631
sweep,1907
sweep,3604
sweep,3668
sweep,4385
sweep,3359
sweep,3257
sweep,3088
sweep,2938
sweep,2991
sweep,2828
sweep,3295
sweep,2870
sweep,2997
sweep,2641
sweep,2711
sweep,3750
sweep,2825
sweep,2725
sweep,3557
sweep,2839
sweep,3587
sweep,2862
sweep,2625
sweep,2598
sweep,3428
sweep,4048
sweep,4450
sweep,4416
sweep,5560
sweep,8604
sweep,6456
sweep,9426
sweep,8552
sweep,8482
sweep,7556
sweep,7635
sweep,7791
sweep,829
mark,1087884
sweep,4780
sweep,4070
sweep,3921
sweep,4109
sweep,3879
sweep,4106
sweep,3833
sweep,3207
sweep,2901
sweep,3768
sweep,3263
sweep,2931
sweep,2837
sweep,3019
sweep,2688
sweep,2983
sweep,3411
sweep,3014
sweep,3156
sweep,3597
sweep,2328
sweep,2468
sweep,3963
sweep,2423
sweep,3159
sweep,1878
sweep,3440
sweep,3879
sweep,4436
sweep,3772
sweep,3205
sweep,3054
sweep,2921
sweep,3051
sweep,2795
sweep,2979
sweep,2692
sweep,3048
sweep,2436
sweep,3116
sweep,3874
sweep,2699
sweep,2807
sweep,2984
sweep,2813
sweep,3342
sweep,2876
sweep,2563
sweep,2889
sweep,5612
sweep,8539
sweep,8689
sweep,8741
sweep,7559
sweep,6061
sweep,6999
sweep,3965
sweep,4309
sweep,4857
sweep,6094
sweep,5663
sweep,5934
sweep,227
mark,1025482
sweep,4847
sweep,3888
sweep,4036
sweep,4088
sweep,3800
sweep,3956
sweep,3588
sweep,3120
sweep,2717
sweep,3148
sweep,3005
sweep,2718
sweep,2927
sweep,3004
sweep,2728
sweep,2792
sweep,3305
sweep,2958
sweep,3268
sweep,3422
sweep,2674
sweep,2514
sweep,3851
sweep,2606
sweep,3194
sweep,2125
sweep,3600
sweep,3626
sweep,4118
sweep,3342
sweep,3120
sweep,3275
sweep,3096
sweep,3196
sweep,2777
sweep,3388
sweep,2770
sweep,3142
sweep,2694
sweep,2600
sweep,3812
sweep,3001
sweep,2772
sweep,3452
sweep,3032
sweep,3933
sweep,2810
sweep,2387
sweep,2736
sweep,3473
sweep,4340
sweep,4466
sweep,4158
sweep,5944
sweep,8625
sweep,6359
sweep,8568
sweep,8139
sweep,8533
sweep,8143
sweep,7488
sweep,7341
sweep,839
mark,1029674
sweep,4582
sweep,4256
sweep,4407
sweep,4497
sweep,3841
sweep,4245
sweep,3591
sweep,3147
sweep,2863
sweep,3081
sweep,3193
sweep,2805
sweep,2636
sweep,2802
sweep,2626
sweep,2739
sweep,3257
sweep,2919
sweep,3187
sweep,3808
sweep,2407
sweep,2487
sweep,12712
sweep,2346
sweep,3096
sweep,2203
sweep,3427
sweep,3720
sweep,4295
sweep,3354
sweep,2945
sweep,3072
sweep,3367
sweep,3025
sweep,2884
sweep,3158
sweep,2765
sweep,3334
sweep,2746
sweep,2802
sweep,3750
sweep,2698
sweep,2927
sweep,3135
sweep,3308
sweep,3629
sweep,2708
sweep,2501
sweep,2680
sweep,5564
sweep,8658
sweep,8591
sweep,8439
sweep,8358
sweep,5911
sweep,7137
sweep,4037
sweep,4327
sweep,4276
sweep,5683
sweep,5896
sweep,6315
sweep,236
mark,1027760
sweep,4849
sweep,3995
sweep,3998
sweep,4657
sweep,3974
sweep,4081
sweep,3851
sweep,3303
sweep,2992
sweep,3191
sweep,3155
sweep,3001
sweep,2708
sweep,2804
sweep,2671
sweep,2985
sweep,3202
sweep,2885
sweep,3068
sweep,3382
sweep,2455
sweep,2543
sweep,3845
sweep,2374
sweep,3114
sweep,2106
sweep,3331
sweep,4202
sweep,4290
sweep,3496
sweep,3434
sweep,3130
sweep,2877
sweep,3277
sweep,2888
sweep,3236
sweep,3067
sweep,3129
sweep,2891
sweep,2891
sweep,3805
sweep,2903
sweep,2700
sweep,2969
sweep,2769
sweep,3391
sweep,3127
sweep,2487
sweep,2537
sweep,3670
sweep,4271
sweep,4126
sweep,4392
sweep,6026
sweep,8422
sweep,6062
sweep,9238
sweep,8306
sweep,8579
sweep,7363
sweep,7319
sweep,7184
sweep,832
mark,1055231
sweep,5030
sweep,4026
sweep,4163
sweep,4057
sweep,3659
sweep,4273
sweep,3659
sweep,3458
sweep,2903
sweep,3640
sweep,2934
sweep,2843
sweep,2838
sweep,2997
sweep,2660
sweep,2692
sweep,3266
sweep,3018
sweep,2999
sweep,3453
sweep,2610
sweep,2412
sweep,3787
sweep,2686
sweep,3117
sweep,2052
sweep,3584
sweep,3587
sweep,4420
sweep,3519
sweep,3323
sweep,3050
sweep,2961
sweep,3061
sweep,2847
sweep,3454
sweep,2701
sweep,3078
sweep,2669
sweep,2776
sweep,3771
sweep,2678
sweep,2911
sweep,2990
sweep,2970
sweep,3310
sweep,2684
sweep,2488
sweep,2747
sweep,5478
sweep,8894
sweep,8764
sweep,8351
sweep,7737
sweep,5740
sweep,6953
sweep,3937
sweep,4400
sweep,4707
sweep,6159
sweep,6041
sweep,5828
sweep,219
mark,1037347
sweep,4870
sweep,3744
sweep,4077
sweep,4262
sweep,3724
sweep,4010
sweep,3836
sweep,3485
sweep,2809
sweep,3278
sweep,3188
sweep,3109
sweep,2999
sweep,3165
sweep,2747
sweep,3075
sweep,3200
sweep,3263
sweep,3116
sweep,3545
sweep,2367
sweep,2674
sweep,3746
sweep,2359
sweep,3584
sweep,1922
sweep,3476
sweep,4055
sweep,4262
sweep,3713
sweep,3378
sweep,3199
sweep,3433
sweep,3243
sweep,2824
sweep,3495
sweep,2948
sweep,3006
sweep,2550
sweep,2829
sweep,3994
sweep,2616
sweep,2896
sweep,3130
sweep,2920
sweep,3759
sweep,3040
sweep,2662
sweep,2568
sweep,3609
sweep,4195
sweep,3992
sweep,4390
sweep,5831
sweep,8332
sweep,6140
sweep,9075
sweep,7961
sweep,8471
sweep,7349
sweep,7229
sweep,7437
sweep,826
mark,1039982
sweep,4871
sweep,3898
sweep,3953
sweep,4706
sweep,3551
sweep,4383
sweep,3642
sweep,3313
sweep,2917
sweep,3015
sweep,3001
sweep,2886
sweep,2732
sweep,2817
sweep,2619
sweep,2787
sweep,3266
sweep,2906
sweep,3081
sweep,3408
sweep,2636
sweep,2618
sweep,3902
sweep,2582
sweep,3748
sweep,1889
sweep,3496
sweep,3665
sweep,4466
sweep,3702
sweep,3425
sweep,3458
sweep,2840
sweep,3002
sweep,2945
sweep,3184
sweep,2695
sweep,3055
sweep,2932
sweep,3184
sweep,3679
sweep,2879
sweep,2759
sweep,3186
sweep,2813
sweep,3552
sweep,2938
sweep,2391
sweep,2429
sweep,5560
sweep,8792
sweep,8956
sweep,8734
sweep,7914
sweep,6212
sweep,7301
sweep,3910
sweep,4346
sweep,4817
sweep,6153
sweep,5672
sweep,6073
sweep,220
mark,1026733
sweep,4786
sweep,3807
sweep,4434
sweep,4308
sweep,3490
sweep,3992
sweep,3565
sweep,3539
sweep,2760
sweep,2968
sweep,3117
sweep,3031
sweep,2685
sweep,2937
sweep,2775
sweep,3011
sweep,3610
sweep,2875
sweep,2958
sweep,3370
sweep,2608
sweep,2628
sweep,3808
sweep,2588
sweep,3113
sweep,1942
sweep,3568
sweep,3548
sweep,4111
sweep,3382
sweep,3423
sweep,3258
sweep,2888
sweep,3208
sweep,3043
sweep,3437
sweep,2881
sweep,3099
sweep,2620
sweep,2796
sweep,4030
sweep,3141
sweep,2816
sweep,2865
sweep,3556
sweep,3673
sweep,2811
sweep,2497
sweep,2458
sweep,3315
sweep,4239
sweep,4373
sweep,4220
sweep,5851
sweep,8666
sweep,6469
sweep,9190
sweep,7919
sweep,9069
sweep,7109
sweep,7618
sweep,7064
sweep,833
mark,1051264
sweep,4951
sweep,4275
sweep,3998
sweep,4169
sweep,3959
sweep,4289
sweep,3519
sweep,3190
sweep,2833
sweep,3617
sweep,3278
sweep,3049
sweep,2697
sweep,2917
sweep,2656
sweep,2991
sweep,3528
sweep,3486
sweep,3074
sweep,3797
sweep,2278
sweep,2448
sweep,4188
sweep,2535
sweep,3090
sweep,2010
sweep,3339
sweep,3662
sweep,4232
sweep,3738
sweep,3127
sweep,2922
sweep,3287
sweep,3053
sweep,2896
sweep,3375
sweep,2996
sweep,3128
sweep,2494
sweep,2655
sweep,3759
sweep,2656
sweep,2720
sweep,2968
sweep,2825
sweep,3775
sweep,2712
sweep,2537
sweep,2460
sweep,5505
sweep,9013
sweep,8471
sweep,8882
sweep,8131
sweep,6174
sweep,7373
sweep,4075
sweep,4221
sweep,4975
sweep,6269
sweep,5481
sweep,5792
sweep,236
mark,1033509
sweep,4423
sweep,4097
sweep,4423
sweep,4266
sweep,3747
sweep,4339
sweep,3516
sweep,3027
sweep,2773
sweep,3069
sweep,3069
sweep,2759
sweep,2889
sweep,2900
sweep,2496
sweep,3112
sweep,3503
sweep,3341
sweep,2935
sweep,3627
sweep,2352
sweep,2573
sweep,3726
sweep,2384
sweep,3121
sweep,1859
sweep,3400
sweep,3564
sweep,4695
sweep,3267
sweep,3086
sweep,2975
sweep,2902
sweep,2959
sweep,2836
sweep,3510
sweep,2814
sweep,3264
sweep,2651
sweep,2902
sweep,3647
sweep,2920
sweep,2759
sweep,3118
sweep,3084
sweep,3892
sweep,2815
sweep,2484
sweep,2497
sweep,3447
sweep,3976
sweep,4166
sweep,4232
sweep,6394
sweep,7802
sweep,6010
sweep,9211
sweep,8171
sweep,8260
sweep,8244
sweep,7320
sweep,7603
sweep,834
mark,1036086
sweep,4910
sweep,4071
sweep,4011
sweep,4145
sweep,3510
sweep,4036
sweep,3539
sweep,3354
sweep,2931
sweep,3432
sweep,2968
sweep,2701
sweep,2866
sweep,3165
sweep,2945
sweep,2765
sweep,3456
sweep,2908
sweep,2930
sweep,4026
sweep,2275
sweep,2366
sweep,3727
sweep,2435
sweep,3769
sweep,2219
sweep,3398
sweep,3618
sweep,4209
sweep,3371
sweep,3413
sweep,2989
sweep,2968
sweep,2974
sweep,2765
sweep,3152
sweep,2752
sweep,3191
sweep,2662
sweep,2714
sweep,3756
sweep,2709
sweep,2964
sweep,2980
sweep,3076
sweep,3384
sweep,2866
sweep,2555
sweep,2404
sweep,5556
sweep,9256
sweep,8750
sweep,8485
sweep,8180
sweep,5871
sweep,7440
sweep,4124
sweep,4524
sweep,4526
sweep,5937
sweep,5762
sweep,5869
sweep,235
mark,1024506
sweep,4752
sweep,3855
sweep,4057
sweep,4121
sweep,3691
sweep,3938
sweep,3763
sweep,3173
sweep,2769
sweep,3104
sweep,3321
sweep,3141
sweep,2742
sweep,2972
sweep,2556
sweep,2806
sweep,3507
sweep,2998
sweep,3070
sweep,3489
sweep,2433
sweep,2954
sweep,3764
sweep,2288
sweep,3121
sweep,2182
sweep,3422
sweep,3609
sweep,4154
sweep,3246
sweep,3430
sweep,3006
sweep,3005
sweep,2944
sweep,2922
sweep,3189
sweep,2848
sweep,3183
sweep,2575
sweep,2557
sweep,3746
sweep,2691
sweep,2861
sweep,3110
sweep,2987
sweep,3428
sweep,3113
sweep,2506
sweep,2547
sweep,3524
sweep,3979
sweep,4085
sweep,4195
sweep,5710
sweep,8092
sweep,6520
sweep,8586
sweep,8310
sweep,8272
sweep,7096
sweep,7067
sweep,7240
sweep,831
mark,1029437
sweep,4759
sweep,3774
sweep,4542
sweep,4383
sweep,3573
sweep,4480
sweep,3508
sweep,3143
sweep,3130
sweep,3176
sweep,3326
sweep,2970
sweep,2721
sweep,2848
sweep,2728
sweep,2756
sweep,3273
sweep,3124
sweep,3070
sweep,3374
sweep,2653
sweep,2431
sweep,3882
sweep,2513
sweep,3270
sweep,1924
sweep,3332
sweep,3724
sweep,4554
sweep,3790
sweep,3241
sweep,2979
sweep,2886
sweep,2972
sweep,2921
sweep,3213
sweep,3015
sweep,3239
sweep,2759
sweep,2787
sweep,3731
sweep,2846
sweep,2630
sweep,3477
sweep,2842
sweep,4025
sweep,2890
sweep,2663
sweep,2495
sweep,5517
sweep,9147
sweep,8353
sweep,8563
sweep,8134
sweep,6255
sweep,7386
sweep,3919
sweep,4170
sweep,4985
sweep,6374
sweep,5972
sweep,5845
sweep,212
mark,1026431
sweep,5438
sweep,4190
sweep,4314
sweep,4155
sweep,3697
sweep,4252
sweep,3843
sweep,3320
sweep,3000
sweep,3491
sweep,3205
sweep,2835
sweep,3137
sweep,2772
sweep,2617
sweep,2792
sweep,3236
sweep,3249
sweep,3015
sweep,3424
sweep,2280
sweep,2521
sweep,3742
sweep,2789
sweep,3106
sweep,1926
sweep,3353
sweep,3627
sweep,4059
sweep,3576
sweep,3286
sweep,2962
sweep,3242
sweep,2960
sweep,2785
sweep,3630
sweep,2735
sweep,3378
sweep,2563
sweep,2790
sweep,3679
sweep,3228
sweep,2896
sweep,3188
sweep,3299
sweep,3393
sweep,2615
sweep,2543
sweep,2433
sweep,3851
sweep,4035
sweep,3984
sweep,4599
sweep,6053
sweep,7934
sweep,6390
sweep,8472
sweep,8504
sweep,8874
sweep,8372
sweep,7462
sweep,7486
sweep,827
mark,1052495
sweep,4612
sweep,3859
sweep,4228
sweep,4116
sweep,3918
sweep,4173
sweep,3616
sweep,3789
sweep,3004
sweep,3304
sweep,2946
sweep,2729
sweep,2886
sweep,2872
sweep,2866
sweep,2722
sweep,3445
sweep,2864
sweep,3177
sweep,3805
sweep,2438
sweep,2483
sweep,3702
sweep,2573
sweep,3732
sweep,2187
sweep,3717
sweep,3683
sweep,4620
sweep,3577
sweep,3467
sweep,2980
sweep,2879
sweep,3118
sweep,2774
sweep,3352
sweep,3010
sweep,2996
sweep,2637
sweep,2744
sweep,4043
sweep,2891
sweep,2639
sweep,3063
sweep,2905
sweep,3392
sweep,2820
sweep,2531
sweep,2495
sweep,5263
sweep,8765
sweep,8482
sweep,8786
sweep,7615
sweep,6165
sweep,7077
sweep,4052
sweep,4582
sweep,4683
sweep,5916
sweep,5588
sweep,6005
sweep,223
mark,1030759
sweep,4837
sweep,3874
sweep,4088
sweep,3968
sweep,3904
sweep,4374
sweep,3605
sweep,3039
sweep,3129
sweep,3548
sweep,3237
sweep,2958
sweep,3002
sweep,2776
sweep,2584
sweep,2923
sweep,3317
sweep,3228
sweep,3007
sweep,3623
sweep,2351
sweep,2563
sweep,3763
sweep,3048
sweep,3116
sweep,1887
sweep,3349
sweep,3869
sweep,4117
sweep,3309
sweep,3040
sweep,2946
sweep,2889
sweep,3252
sweep,2836
sweep,3227
sweep,3039
sweep,3287
sweep,2758
sweep,3095
sweep,3674
sweep,2614
sweep,2846
sweep,2973
sweep,3087
sweep,3408
sweep,2793
sweep,2552
sweep,2487
sweep,3446
sweep,3926
sweep,4039
sweep,4109
sweep,5927
sweep,8714
sweep,6491
sweep,8908
sweep,8459
sweep,8253
sweep,8129
sweep,7467
sweep,7743
sweep,839
mark,1031828
sweep,4904
sweep,3852
sweep,4165
sweep,3937
sweep,3730
sweep,4101
sweep,3758
sweep,3414
sweep,2934
sweep,3296
sweep,3203
sweep,2706
sweep,2807
sweep,2791
sweep,2572
sweep,2645
sweep,3564
sweep,2913
sweep,2987
sweep,3382
sweep,2681
sweep,2634
sweep,3996
sweep,2511
sweep,3700
sweep,1875
sweep,3339
sweep,3624
sweep,4614
sweep,3294
sweep,3518
sweep,3159
sweep,2967
sweep,3030
sweep,3144
sweep,3456
sweep,2728
sweep,2992
sweep,2549
sweep,2625
sweep,3816
sweep,2611
sweep,2874
sweep,2936
sweep,2918
sweep,3766
sweep,2746
sweep,2560
sweep,2586
sweep,5728
sweep,9164
sweep,8563
sweep,8636
sweep,7980
sweep,5615
sweep,7068
sweep,4133
sweep,4286
sweep,5259
sweep,6005
sweep,5688
sweep,5812
sweep,220
mark,1030165
sweep,4748
sweep,3730
sweep,4565
sweep,4310
sweep,3714
sweep,4340
sweep,3524
sweep,3219
sweep,2791
sweep,3497
sweep,3015
sweep,2743
sweep,2849
sweep,3153
sweep,2596
sweep,2774
sweep,3819
sweep,3199
sweep,2983
sweep,4049
sweep,2267
sweep,2464
sweep,3589
sweep,2570
sweep,3118
sweep,1946
sweep,3488
sweep,3811
sweep,4374
sweep,3655
sweep,3519
sweep,3087
sweep,2980
sweep,3065
sweep,2754
sweep,3301
sweep,2979
sweep,3100
sweep,2595
sweep,2666
sweep,3843
sweep,2848
sweep,2739
sweep,3106
sweep,2962
sweep,3394
sweep,2694
sweep,2616
sweep,2689
sweep,3556
sweep,3860
sweep,4040
sweep,4084
sweep,6024
sweep,7986
sweep,5801
sweep,8464
sweep,8359
sweep,8348
sweep,7493
sweep,7117
sweep,7036
sweep,828
mark,1026120
sweep,4552
sweep,3924
sweep,4120
sweep,4407
sweep,3695
sweep,4084
sweep,3616
sweep,3363
sweep,2814
sweep,3354
sweep,2965
sweep,2944
sweep,2934
sweep,2859
sweep,2658
sweep,2747
sweep,3174
sweep,2904
sweep,3008
sweep,4057
sweep,2336
sweep,2719
sweep,3729
sweep,2403
sweep,3539
sweep,1998
sweep,3435
sweep,3928
sweep,4131
sweep,3445
sweep,3110
sweep,2971
sweep,2938
sweep,3452
sweep,2821
sweep,3097
sweep,2780
sweep,3167
sweep,2712
sweep,2647
sweep,3786
sweep,2675
sweep,2605
sweep,3046
sweep,3360
sweep,3503
sweep,2717
sweep,2553
sweep,2457
sweep,5811
sweep,8794
sweep,8559
sweep,8593
sweep,7552
sweep,6046
sweep,7061
sweep,4035
sweep,4331
sweep,5181
sweep,6163
sweep,5848
sweep,5852
sweep,233
mark,1027084
sweep,4706
sweep,4143
sweep,3858
sweep,4143
sweep,3848
sweep,4313
sweep,3534
sweep,3421
sweep,2813
sweep,3377
sweep,3039
sweep,2690
sweep,3184
sweep,2797
sweep,2493
sweep,2965
sweep,3212
sweep,2956
sweep,2998
sweep,3690
sweep,2455
sweep,2858
sweep,3673
sweep,2406
sweep,3081
sweep,1934
sweep,3408
sweep,3962
sweep,4402
sweep,3595
sweep,3133
sweep,2947
sweep,2914
sweep,2974
sweep,2886
sweep,3322
sweep,3001
sweep,3043
sweep,2722
sweep,2836
sweep,3794
sweep,2627
sweep,2834
sweep,2942
sweep,2940
sweep,3622
sweep,2876
sweep,2468
sweep,2692
sweep,3615
sweep,3970
sweep,3984
sweep,4175
sweep,6003
sweep,8646
sweep,6454
sweep,9080
sweep,8016
sweep,8890
sweep,7150
sweep,7637
sweep,7008
sweep,838
mark,1030721
sweep,5321
sweep,4050
sweep,3958
sweep,3967
sweep,3616
sweep,4315
sweep,3932
sweep,3147
sweep,2779
sweep,3604
sweep,2953
sweep,3020
sweep,2878
sweep,3148
sweep,2724
sweep,3004
sweep,3291
sweep,3196
sweep,2913
sweep,3402
sweep,2424
sweep,2897
sweep,3658
sweep,2340
sweep,3107
sweep,1868
sweep,3332
sweep,3923
sweep,4425
sweep,3398
sweep,3109
sweep,3331
sweep,2990
sweep,3294
sweep,2710
sweep,3105
sweep,2710
sweep,3245
sweep,2480
sweep,2719
sweep,4007
sweep,2664
sweep,2679
sweep,2956
sweep,2837
sweep,3452
sweep,2735
sweep,2460
sweep,2377
sweep,5900
sweep,8233
sweep,9054
sweep,9301
sweep,8055
sweep,5746
sweep,6996
sweep,4000
sweep,4182
sweep,5151
sweep,6094
sweep,5903
sweep,5849
sweep,240
mark,1022772
sweep,5455
sweep,4317
sweep,4404
sweep,4042
sweep,3563
sweep,4010
sweep,3801
sweep,2991
sweep,2808
sweep,3394
sweep,3392
sweep,2827
sweep,2687
sweep,2710
sweep,2669
sweep,2754
sweep,3172
sweep,2944
sweep,3184
sweep,3509
sweep,2289
sweep,2576
sweep,4029
sweep,2806
sweep,2990
sweep,1928
sweep,3348
sweep,3888
sweep,4216
sweep,3303
sweep,3171
sweep,2901
sweep,3161
sweep,3187
sweep,2758
sweep,3189
sweep,2776
sweep,3050
sweep,2861
sweep,2816
sweep,4074
sweep,2602
sweep,2722
sweep,3125
sweep,2836
sweep,3562
sweep,3039
sweep,2534
sweep,2540
sweep,3546
sweep,4098
sweep,4109
sweep,4460
sweep,5940
sweep,7747
sweep,6060
sweep,8266
sweep,8233
sweep,14505
sweep,7328
sweep,7246
sweep,7109
sweep,810
mark,1028881
sweep,5366
sweep,4097
sweep,4236
sweep,3978
sweep,3669
sweep,4148
sweep,3619
sweep,3080
sweep,3278
sweep,3312
sweep,3272
sweep,2767
sweep,2682
sweep,2965
sweep,2688
sweep,2769
sweep,3265
sweep,2918
sweep,3116
sweep,3676
sweep,2362
sweep,2493
sweep,3730
sweep,2633
sweep,3702
sweep,1916
sweep,3329
sweep,3656
sweep,4250
sweep,3656
sweep,3008
sweep,3006
sweep,2986
sweep,2947
sweep,2903
sweep,3044
sweep,2925
sweep,3346
sweep,2404
sweep,2801
sweep,3811
sweep,2972
sweep,2946
sweep,2920
sweep,2807
sweep,3525
sweep,2825
sweep,2522
sweep,2683
sweep,5621
sweep,8504
sweep,8526
sweep,8316
sweep,7547
sweep,6151
sweep,6967
sweep,4316
sweep,4308
sweep,4226
sweep,5838
sweep,5482
sweep,6395
sweep,232
mark,1028683
sweep,4534
sweep,3918
sweep,4241
sweep,4444
sweep,3629
sweep,3928
sweep,3560
sweep,3103
sweep,3144
sweep,3147
sweep,3134
sweep,2722
sweep,2694
sweep,2793
sweep,3104
sweep,3025
sweep,3263
sweep,3130
sweep,3130
sweep,3839
sweep,2562
sweep,2725
sweep,4302
sweep,2424
sweep,3047
sweep,1888
sweep,3492
sweep,3838
sweep,4093
sweep,3721
sweep,3412
sweep,2955
sweep,3187
sweep,3067
sweep,2988
sweep,3589
sweep,2725
sweep,3412
sweep,2519
sweep,2686
sweep,3738
sweep,2679
sweep,3101
sweep,3001
sweep,3054
sweep,3380
sweep,3178
sweep,2578
sweep,2449
sweep,3684
sweep,4317
sweep,4312
sweep,4207
sweep,5570
sweep,8133
sweep,6634
sweep,8545
sweep,8539
sweep,8750
sweep,8191
sweep,7625
sweep,7052
sweep,833
mark,1036347
sweep,4750
sweep,3968
sweep,3819
sweep,4102
sweep,3635
sweep,4328
sweep,3682
sweep,3068
sweep,3170
sweep,3196
sweep,3044
sweep,3302
sweep,2599
sweep,2876
sweep,2578
sweep,2588
sweep,3343
sweep,2861
sweep,3041
sweep,3422
sweep,2494
sweep,2420
sweep,3851
sweep,2483
sweep,3092
sweep,1947
sweep,3475
sweep,3830
sweep,4423
sweep,3535
sweep,3156
sweep,3113
sweep,2829
sweep,3071
sweep,2909
sweep,3367
sweep,2772
sweep,3088
sweep,2465
sweep,2847
sweep,3876
sweep,2900
sweep,2889
sweep,2852
sweep,2767
sweep,3581
sweep,2640
sweep,2524
sweep,2395
sweep,5692
sweep,8841
sweep,8970
sweep,8344
sweep,8014
sweep,5669
sweep,7540
sweep,4225
sweep,4387
sweep,4578
sweep,6285
sweep,5913
sweep,6078
sweep,244
mark,1031947
sweep,4714
sweep,4536
sweep,3771
sweep,4352
sweep,3589
sweep,4119
sweep,3628
sweep,3516
sweep,2810
sweep,3142
sweep,3193
sweep,2745
sweep,2939
sweep,2836
sweep,2538
sweep,2681
sweep,3201
sweep,3227
sweep,3063
sweep,3387
sweep,2320
sweep,2919
sweep,3799
sweep,2431
sweep,3050
sweep,2170
sweep,3238
sweep,3827
sweep,4365
sweep,3952
sweep,3188
sweep,2910
sweep,2976
sweep,3048
sweep,3112
sweep,3193
sweep,2766
sweep,3096
sweep,2680
sweep,2762
sweep,3910
sweep,2653
sweep,2615
sweep,2959
sweep,3098
sweep,3683
sweep,2855
sweep,2581
sweep,2654
sweep,3557
sweep,4189
sweep,3985
sweep,4218
sweep,5844
sweep,8012
sweep,5959
sweep,8947
sweep,8856
sweep,8782
sweep,7429
sweep,7265
sweep,7171
sweep,825
mark,1037107
sweep,4732
sweep,4148
sweep,4139
sweep,3980
sweep,3852
sweep,4364
sweep,3751
sweep,3072
sweep,2877
sweep,3296
sweep,3377
sweep,2797
sweep,2638
sweep,2854
sweep,2859
sweep,2974
sweep,3548
sweep,2900
sweep,3133
sweep,3423
sweep,2458
sweep,2415
sweep,4285
sweep,2355
sweep,3233
sweep,1872
sweep,3606
sweep,3907
sweep,4272
sweep,3417
sweep,3595
sweep,3006
sweep,2879
sweep,3026
sweep,2733
sweep,3117
sweep,2793
sweep,2998
sweep,2576
sweep,2760
sweep,3890
sweep,2890
sweep,2898
sweep,2911
sweep,2901
sweep,3431
sweep,2651
sweep,2470
sweep,2515
sweep,5647
sweep,8890
sweep,8517
sweep,8899
sweep,7690
sweep,6105
sweep,7249
sweep,4106
sweep,4453
sweep,5362
sweep,6059
sweep,6178
sweep,5709
sweep,216
mark,1066642
sweep,5280
sweep,4306
sweep,3938
sweep,4209
sweep,3711
sweep,4081
sweep,3681
sweep,3117
sweep,2752
sweep,3095
sweep,3395
sweep,2746
sweep,2555
sweep,2987
sweep,2592
sweep,2707
sweep,3423
sweep,3158
sweep,2860
sweep,3346
sweep,2332
sweep,2462
sweep,3758
sweep,2608
sweep,3092
sweep,1926
sweep,3318
sweep,3683
sweep,4980
sweep,3558
sweep,3150
sweep,3148
sweep,2901
sweep,3043
sweep,2846
sweep,3331
sweep,2940
sweep,3120
sweep,2724
sweep,2695
sweep,3713
sweep,2937
sweep,2963
sweep,2924
sweep,2777
sweep,3621
sweep,2986
sweep,2517
sweep,2478
sweep,3347
sweep,3903
sweep,4185
sweep,4413
sweep,6054
sweep,7611
sweep,6075
sweep,9355
sweep,8025
sweep,8199
sweep,7860
sweep,7367
sweep,7357
sweep,834
mark,1042081
sweep,5101
sweep,3928
sweep,4082
sweep,3994
sweep,3930
sweep,4142
sweep,3653
sweep,3124
sweep,2849
sweep,3606
sweep,3043
sweep,2678
sweep,2723
sweep,2872
sweep,2827
sweep,2731
sweep,3495
sweep,2925
sweep,3231
sweep,3465
sweep,2320
sweep,2542
sweep,3764
sweep,2744
sweep,3178
sweep,1971
sweep,3639
sweep,3640
sweep,4269
sweep,3879
sweep,3132
sweep,2966
sweep,2973
sweep,2977
sweep,3335
sweep,3303
sweep,2963
sweep,3160
sweep,2575
sweep,2721
sweep,4051
sweep,2980
sweep,2830
sweep,2805
sweep,2790
sweep,3426
sweep,2572
sweep,2467
sweep,2409
sweep,5578
sweep,8857
sweep,8519
sweep,8699
sweep,8163
sweep,6622
sweep,7063
sweep,3908
sweep,4381
sweep,4939
sweep,6183
sweep,5676
sweep,5830
sweep,223
mark,1034493
sweep,4963
sweep,4380
sweep,4368
sweep,4202
sweep,3547
sweep,4089
sweep,3520
sweep,3155
sweep,2696
sweep,2991
sweep,3039
sweep,3085
sweep,2984
sweep,2767
sweep,2549
sweep,2946
sweep,3283
sweep,3138
sweep,2959
sweep,3397
sweep,2286
sweep,3065
sweep,4087
sweep,2355
sweep,3241
sweep,1983
sweep,3467
sweep,3678
sweep,4367
sweep,3605
sweep,3087
sweep,3049
sweep,3253
sweep,3151
sweep,2866
sweep,3351
sweep,2789
sweep,3076
sweep,2596
sweep,2915
sweep,3941
sweep,3098
sweep,3018
sweep,3075
sweep,3019
sweep,3557
sweep,3132
sweep,2505
sweep,2600
sweep,3567
sweep,4078
sweep,3989
sweep,4179
sweep,5995
sweep,7577
sweep,5959
sweep,8566
sweep,8368
sweep,8483
sweep,8267
sweep,7522
sweep,7638
sweep,833
mark,1035456
sweep,4614
sweep,4257
sweep,4129
sweep,4192
sweep,3672
sweep,4213
sweep,3635
sweep,3118
sweep,2816
sweep,3248
sweep,2958
sweep,2766
sweep,2683
sweep,2837
sweep,2627
sweep,2861
sweep,3578
sweep,2859
sweep,2999
sweep,3631
sweep,2279
sweep,2398
sweep,3825
sweep,2283
sweep,3105
sweep,1865
sweep,3639
sweep,3756
sweep,4279
sweep,3679
sweep,3304
sweep,2903
sweep,2926
sweep,3065
sweep,2919
sweep,3368
sweep,2689
sweep,3356
sweep,2757
sweep,3301
sweep,3671
sweep,2942
sweep,2854
sweep,3408
sweep,2827
sweep,3748
sweep,2968
sweep,2450
sweep,2677
sweep,5454
sweep,9261
sweep,8452
sweep,8546
sweep,7770
sweep,5908
sweep,7529
sweep,3940
sweep,4287
sweep,4274
sweep,5613
sweep,6087
sweep,6243
sweep,222
mark,1027052
sweep,4725
sweep,4162
sweep,4062
sweep,4318
sweep,3588
sweep,4030
sweep,3575
sweep,3291
sweep,2773
sweep,3460
sweep,3069
sweep,3037
sweep,2935
sweep,2839
sweep,2596
sweep,2716
sweep,3217
sweep,2897
sweep,2881
sweep,3327
sweep,2434
sweep,2705
sweep,3736
sweep,2573
sweep,3233
sweep,1958
sweep,3789
sweep,3631
sweep,4303
sweep,3362
sweep,3084
sweep,2977
sweep,3027
sweep,3146
sweep,2806
sweep,3266
sweep,2970
sweep,3193
sweep,2485
sweep,3183
sweep,3983
sweep,2631
sweep,2768
sweep,3117
sweep,3366
sweep,3578
sweep,2940
sweep,2756
sweep,2477
sweep,3531
sweep,4211
sweep,3992
sweep,4411
sweep,5568
sweep,8509
sweep,6455
sweep,8741
sweep,8356
sweep,8708
sweep,8238
sweep,7492
sweep,7576
sweep,838
mark,1033573
sweep,4695
sweep,4119
sweep,4084
sweep,4234
sweep,3808
sweep,4183
sweep,3723
sweep,3258
sweep,3090
sweep,3624
sweep,2999
sweep,2723
sweep,2905
sweep,3087
sweep,2594
sweep,2705
sweep,3655
sweep,2921
sweep,2985
sweep,3526
sweep,2772
sweep,2588
sweep,3859
sweep,3226
sweep,3421
sweep,1945
sweep,3502
sweep,3906
sweep,4398
sweep,3259
sweep,3238
sweep,3309
sweep,2890
sweep,3216
sweep,2807
sweep,3062
sweep,2910
sweep,3007
sweep,2836
sweep,2724
sweep,3971
sweep,2624
sweep,2847
sweep,3448
sweep,2894
sweep,3656
sweep,2827
sweep,2683
sweep,2551
sweep,5800
sweep,9128
sweep,9139
sweep,8658
sweep,8329
sweep,5736
sweep,6895
sweep,4102
sweep,4608
sweep,4568
sweep,5807
sweep,5823
sweep,5852
sweep,245
mark,1054012
sweep,4606
sweep,3936
sweep,3969
sweep,3908
sweep,3534
sweep,4333
sweep,3802
sweep,3098
sweep,2905
sweep,3157
sweep,3128
sweep,2920
sweep,2672
sweep,2923
sweep,2880
sweep,2682
sweep,3338
sweep,3170
sweep,3376
sweep,3393
sweep,2366
sweep,2447
sweep,4052
sweep,2362
sweep,3121
sweep,1846
sweep,3523
sweep,3688
sweep,4663
sweep,3692
sweep,3129
sweep,3058
sweep,3205
sweep,3125
sweep,2771
sweep,3513
sweep,2807
sweep,3431
sweep,2687
sweep,2640
sweep,4094
sweep,2762
sweep,2923
sweep,3079
sweep,2797
sweep,3502
sweep,2815
sweep,2513
sweep,2542
sweep,3734
sweep,4390
sweep,4393
sweep,4107
sweep,5871
sweep,7701
sweep,5806
sweep,8629
sweep,8735
sweep,8481
sweep,7475
sweep,7134
sweep,7220
sweep,802
mark,1037490
sweep,4549
sweep,4048
sweep,4087
sweep,4119
sweep,3792
sweep,4292
sweep,3615
sweep,3336
sweep,2979
sweep,3231
sweep,3217
sweep,2977
sweep,3049
sweep,3159
sweep,2639
sweep,2854
sweep,3262
sweep,3123
sweep,3039
sweep,3373
sweep,2624
sweep,2467
sweep,4047
sweep,2525
sweep,3227
sweep,1867
sweep,3476
sweep,3876
sweep,4454
sweep,3602
sweep,2976
sweep,3207
sweep,3040
sweep,3186
sweep,2892
sweep,3314
sweep,2769
sweep,3153
sweep,2537
sweep,2682
sweep,3813
sweep,3196
sweep,2802
sweep,2984
sweep,2985
sweep,3566
sweep,2769
sweep,2421
sweep,2694
sweep,6022
sweep,9129
sweep,8525
sweep,8381
sweep,8402
sweep,6410
sweep,7061
sweep,4472
sweep,4427
sweep,4287
sweep,6166
sweep,5617
sweep,5805
sweep,217
mark,1024879
sweep,4870
sweep,3803
sweep,4163
sweep,4517
sweep,3505
sweep,4153
sweep,3546
sweep,3094
sweep,2895
sweep,3096
sweep,3131
sweep,3186
sweep,2786
sweep,2694
sweep,2642
sweep,2760
sweep,3310
sweep,2900
sweep,3054
sweep,3485
sweep,2370
sweep,2527
sweep,4108
sweep,2409
sweep,3092
sweep,2454
sweep,3660
sweep,3616
sweep,4467
sweep,3434
sweep,3158
sweep,3158
sweep,2930
sweep,3027
sweep,3339
sweep,3426
sweep,2755
sweep,3026
sweep,2464
sweep,2858
sweep,3808
sweep,2702
sweep,2629
sweep,3091
sweep,2776
sweep,3389
sweep,2729
sweep,2487
sweep,2431
sweep,3832
sweep,4150
sweep,4235
sweep,4197
sweep,6037
sweep,8418
sweep,6269
sweep,8486
sweep,8671
sweep,8425
sweep,7294
sweep,7662
sweep,7114
sweep,843
mark,1031729
sweep,4610
sweep,3782
sweep,3879
sweep,4159
sweep,3625
sweep,4395
sweep,3756
sweep,3243
sweep,2900
sweep,3206
sweep,2941
sweep,2778
sweep,2680
sweep,2902
sweep,2698
sweep,2928
sweep,3456
sweep,2992
sweep,3025
sweep,3460
sweep,2276
sweep,2369
sweep,3776
sweep,2571
sweep,3149
sweep,1978
sweep,3672
sweep,3698
sweep,4390
sweep,3341
sweep,3276
sweep,3207
sweep,3192
sweep,3305
sweep,3083
sweep,3328
sweep,2822
sweep,3314
sweep,2497
sweep,2743
sweep,4233
sweep,2832
sweep,2769
sweep,3062
sweep,2851
sweep,3607
sweep,3083
sweep,2445
sweep,2451
sweep,5809
sweep,8645
sweep,8230
sweep,8447
sweep,8239
sweep,6422
sweep,7045
sweep,4356
sweep,4415
sweep,4842
sweep,6222
sweep,6006
sweep,5797
sweep,219
mark,1026713
sweep,4665
sweep,4196
sweep,4146
sweep,3962
sweep,3842
sweep,4214
sweep,3531
sweep,3215
sweep,2808
sweep,2959
sweep,3147
sweep,2762
sweep,2700
sweep,2850
sweep,2562
sweep,2742
sweep,3267
sweep,2962
sweep,3116
sweep,3671
sweep,2363
sweep,2455
sweep,3728
sweep,2527
sweep,3107
sweep,1971
sweep,3402
sweep,3675
sweep,4116
sweep,3728
sweep,3067
sweep,3198
sweep,2857
sweep,3108
sweep,2838
sweep,3377
sweep,2767
sweep,3537
sweep,2642
sweep,2869
sweep,3639
sweep,2990
sweep,3176
sweep,3061
sweep,2741
sweep,3358
sweep,2955
sweep,2650
sweep,2491
sweep,3967
sweep,4005
sweep,3918
sweep,4338
sweep,6123
sweep,7896
sweep,6257
sweep,8858
sweep,8359
sweep,8597
sweep,8410
sweep,7375
sweep,7407
sweep,838
mark,1037120
sweep,5039
sweep,4059
sweep,3914
sweep,4026
sweep,3603
sweep,4107
sweep,4088
sweep,3073
sweep,2901
sweep,3388
sweep,3087
sweep,2806
sweep,2671
sweep,3107
sweep,2590
sweep,2912
sweep,3248
sweep,3044
sweep,3060
sweep,3436
sweep,2613
sweep,2618
sweep,3801
sweep,2396
sweep,3979
sweep,2233
sweep,3441
sweep,3917
sweep,4549
sweep,3510
sweep,3247
sweep,3365
sweep,3422
sweep,3291
sweep,2833
sweep,3222
sweep,2710
sweep,3450
sweep,2542
sweep,2802
sweep,3984
sweep,2643
sweep,2814
sweep,3102
sweep,2988
sweep,3906
sweep,2790
sweep,2696
sweep,2923
sweep,5683
sweep,8961
sweep,8610
sweep,14873
sweep,8265
sweep,5950
sweep,7417
sweep,3959
sweep,4244
sweep,4282
sweep,5676
sweep,5781
sweep,6394
sweep,217
mark,1033435
sweep,4479
sweep,4269
sweep,4348
sweep,4132
sweep,3580
sweep,4300
sweep,3647
sweep,3120
sweep,3054
sweep,3034
sweep,3141
sweep,2782
sweep,2653
sweep,2971
sweep,2615
sweep,2809
sweep,3197
sweep,3145
sweep,2992
sweep,3421
sweep,2608
sweep,2812
sweep,3819
sweep,2361
sweep,3062
sweep,2117
sweep,3511
sweep,3634
sweep,4276
sweep,3617
sweep,3074
sweep,3165
sweep,2866
sweep,2996
sweep,2835
sweep,3198
sweep,2762
sweep,3137
sweep,2770
sweep,2650
sweep,3881
sweep,2797
sweep,2847
sweep,3178
sweep,2998
sweep,3677
sweep,2802
sweep,2496
sweep,2470
sweep,3791
sweep,3847
sweep,4084
sweep,4132
sweep,6067
sweep,7765
sweep,6044
sweep,8705
sweep,8243
sweep,8617
sweep,8171
sweep,7483
sweep,7775
sweep,822
mark,1036463
sweep,4947
sweep,4020
sweep,4294
sweep,4217
sweep,3588
sweep,4253
sweep,3634
sweep,3450
sweep,3133
sweep,3308
sweep,3267
sweep,2738
sweep,3071
sweep,2969
sweep,2763
sweep,2763
sweep,3629
sweep,3068
sweep,3376
sweep,3734
sweep,2357
sweep,2442
sweep,4030
sweep,2701
sweep,3208
sweep,1840
sweep,3608
sweep,3793
sweep,4355
sweep,3576
sweep,3071
sweep,3148
sweep,2868
sweep,3058
sweep,2875
sweep,3191
sweep,2745
sweep,3355
sweep,2598
sweep,2629
sweep,3793
sweep,2578
sweep,2997
sweep,3563
sweep,2776
sweep,3581
sweep,2850
sweep,2703
sweep,2432
sweep,5333
sweep,9059
sweep,8498
sweep,8351
sweep,8079
sweep,5817
sweep,7354
sweep,4203
sweep,4347
sweep,4354
sweep,5786
sweep,5641
sweep,5781
sweep,240
mark,1041597
sweep,4946
sweep,4156
sweep,3859
sweep,4255
sweep,3815
sweep,4185
sweep,3778
sweep,3366
sweep,2766
sweep,3099
sweep,2996
sweep,2767
sweep,2662
sweep,3033
sweep,2840
sweep,2743
sweep,3228
sweep,3073
sweep,3167
sweep,3504
sweep,2318
sweep,2740
sweep,4364
sweep,2371
sweep,3013
sweep,1909
sweep,3312
sweep,4227
sweep,4138
sweep,3486
sweep,3049
sweep,3026
sweep,3386
sweep,3360
sweep,2815
sweep,3318
sweep,2888
sweep,3221
sweep,2679
sweep,2629
sweep,3824
sweep,2923
sweep,3001
sweep,3008
sweep,2927
sweep,3443
sweep,3088
sweep,2546
sweep,2429
sweep,3537
sweep,3909
sweep,4038
sweep,4231
sweep,6141
sweep,8664
sweep,6387
sweep,8782
sweep,8379
sweep,8865
sweep,8315
sweep,7581
sweep,7595
sweep,925
mark,1034624
sweep,4548
sweep,4289
sweep,4537
sweep,4271
sweep,3736
sweep,4258
sweep,3773
sweep,3077
sweep,2906
sweep,3284
sweep,3321
sweep,2818
sweep,2973
sweep,2757
sweep,2559
sweep,2668
sweep,3546
sweep,3091
sweep,3076
sweep,3241
sweep,2469
sweep,2443
sweep,4129
sweep,2576
sweep,3470
sweep,1925
sweep,3561
sweep,3991
sweep,4325
sweep,3976
sweep,3102
sweep,3294
sweep,3278
sweep,3192
sweep,2997
sweep,3173
sweep,2938
sweep,3152
sweep,2628
sweep,2921
sweep,3587
sweep,3116
sweep,2719
sweep,3288
sweep,2819
sweep,3428
sweep,2728
sweep,2562
sweep,2919
sweep,5879
sweep,9051
sweep,9086
sweep,8498
sweep,7853
sweep,6110
sweep,7131
sweep,4459
sweep,4450
sweep,4314
sweep,5617
sweep,5692
sweep,6169
sweep,284
mark,1045483
sweep,5082
sweep,4291
sweep,4065
sweep,4114
sweep,3678
sweep,4361
sweep,3594
sweep,3120
sweep,2776
sweep,3355
sweep,3510
sweep,2854
sweep,2744
sweep,2769
sweep,2827
sweep,2620
sweep,3211
sweep,2937
sweep,2997
sweep,3367
sweep,2608
sweep,2725
sweep,3635
sweep,2625
sweep,3097
sweep,2144
sweep,3745
sweep,3618
sweep,4141
sweep,3684
sweep,3067
sweep,3084
sweep,2942
sweep,3133
sweep,2750
sweep,3132
sweep,3301
sweep,3166
sweep,2624
sweep,2703
sweep,3978
sweep,2735
sweep,2813
sweep,3303
sweep,2893
sweep,3850
sweep,2791
sweep,2528
sweep,2554
sweep,3892
sweep,4203
sweep,4720
sweep,4167
sweep,5742
sweep,8282
sweep,6312
sweep,8674
sweep,8849
sweep,8958
sweep,7368
sweep,7278
sweep,7136
sweep,833
mark,1047374
sweep,4928
sweep,3728
sweep,4100
sweep,4128
sweep,3610
sweep,4429
sweep,3689
sweep,3139
sweep,3184
sweep,3659
sweep,3040
sweep,2777
sweep,2914
sweep,3330
sweep,2603
sweep,3029
sweep,3519
sweep,2985
sweep,3137
sweep,3587
sweep,2417
sweep,2646
sweep,3971
sweep,2371
sweep,3430
sweep,1970
sweep,3515
sweep,3887
sweep,4289
sweep,3383
sweep,3238
sweep,3102
sweep,2874
sweep,3300
sweep,2822
sweep,3194
sweep,2738
sweep,3210
sweep,2756
sweep,2618
sweep,3875
sweep,2652
sweep,2707
sweep,2959
sweep,2818
sweep,3381
sweep,2944
sweep,2520
sweep,2561
sweep,5785
sweep,8668
sweep,8706
sweep,8502
sweep,7839
sweep,6319
sweep,6954
sweep,4011
sweep,4213
sweep,5201
sweep,6173
sweep,5817
sweep,5897
sweep,238
mark,1028601
sweep,4378
sweep,3832
sweep,4378
sweep,4108
sweep,3511
sweep,4437
sweep,3626
sweep,3347
sweep,2920
sweep,3136
sweep,3150
sweep,2807
sweep,2841
sweep,2769
sweep,2795
sweep,2582
sweep,3198
sweep,3262
sweep,2986
sweep,3739
sweep,2668
sweep,2537
sweep,3796
sweep,2299
sweep,3571
sweep,1855
sweep,3342
sweep,3638
sweep,4169
sweep,3379
sweep,3140
sweep,3188
sweep,2889
sweep,2944
sweep,2709
sweep,3463
sweep,2748
sweep,3195
sweep,2509
sweep,2829
sweep,3866
sweep,2790
sweep,3031
sweep,3344
sweep,2977
sweep,3489
sweep,2901
sweep,2575
sweep,2522
sweep,3851
sweep,4445
sweep,4051
sweep,4225
sweep,5375
sweep,7838
sweep,6028
sweep,8875
sweep,8073
sweep,8480
sweep,7332
sweep,7354
sweep,7331
sweep,833
mark,1031920
sweep,4595
sweep,4186
sweep,4609
sweep,4041
sweep,3544
sweep,4063
sweep,3928
sweep,3149
sweep,3076
sweep,3264
sweep,3452
sweep,2873
sweep,2918
sweep,3237
sweep,2680
sweep,2685
sweep,3490
sweep,2883
sweep,3180
sweep,3499
sweep,2652
sweep,2596
sweep,3619
sweep,2385
sweep,3146
sweep,1907
sweep,3537
sweep,3620
sweep,4399
sweep,3357
sweep,3463
sweep,3187
sweep,2895
sweep,3254
sweep,2767
sweep,3194
sweep,2654
sweep,3043
sweep,2655
sweep,3021
sweep,3555
sweep,2727
sweep,2829
sweep,3414
sweep,2817
sweep,3595
sweep,2705
sweep,2724
sweep,2465
sweep,6028
sweep,8919
sweep,8867
sweep,8382
sweep,7823
sweep,5569
sweep,7074
sweep,4062
sweep,4475
sweep,4285
sweep,5673
sweep,5923
sweep,6376
sweep,223
mark,1026116
sweep,4666
sweep,3995
sweep,4088
sweep,4378
sweep,3993
sweep,4077
sweep,3793
sweep,3405
sweep,2768
sweep,3067
sweep,3050
sweep,3106
sweep,3064
sweep,2717
sweep,2943
sweep,2663
sweep,3354
sweep,2879
sweep,2980
sweep,3421
sweep,2663
sweep,2715
sweep,4031
sweep,2389
sweep,3115
sweep,1931
sweep,3620
sweep,3576
sweep,3952
sweep,3416
sweep,3173
sweep,3269
sweep,2857
sweep,3346
sweep,2759
sweep,3311
sweep,2789
sweep,2991
sweep,2511
sweep,2836
sweep,3895
sweep,2670
sweep,3039
sweep,3610
sweep,2842
sweep,3636
sweep,2880
sweep,2516
sweep,2480
sweep,3661
sweep,3969
sweep,3979
sweep,4287
sweep,5788
sweep,8351
sweep,6488
sweep,9436
sweep,8331
sweep,8313
sweep,7873
sweep,7280
sweep,7819
sweep,804
mark,1043638
sweep,4662
sweep,4071
sweep,3976
sweep,4294
sweep,3586
sweep,4280
sweep,3765
sweep,3256
sweep,3114
sweep,3360
sweep,3373
sweep,3134
sweep,2726
sweep,2874
sweep,2775
sweep,2747
sweep,3410
sweep,3099
sweep,3203
sweep,3561
sweep,2331
sweep,2410
sweep,3934
sweep,2374
sweep,3152
sweep,1864
sweep,3384
sweep,3591
sweep,4401
sweep,3459
sweep,3280
sweep,3135
sweep,2907
sweep,3183
sweep,3006
sweep,3243
sweep,3013
sweep,3149
sweep,2643
sweep,2680
sweep,3561
sweep,2656
sweep,2632
sweep,3037
sweep,2798
sweep,3644
sweep,2782
sweep,2514
sweep,2543
sweep,5441
sweep,9219
sweep,8651
sweep,8733
sweep,7876
sweep,6078
sweep,6944
sweep,4038
sweep,4479
sweep,4778
sweep,6208
sweep,5865
sweep,5896
sweep,220
mark,1027108
sweep,5035
sweep,4358
sweep,3872
sweep,4293
sweep,3864
sweep,3961
sweep,3506
sweep,3322
sweep,3158
sweep,3234
sweep,3126
sweep,2740
sweep,2724
sweep,2751
sweep,2600
sweep,2750
sweep,3415
sweep,3142
sweep,2977
sweep,3525
sweep,2373
sweep,2594
sweep,3688
sweep,2812
sweep,3287
sweep,2244
sweep,3539
sweep,3733
sweep,4408
sweep,3562
sweep,3402
sweep,3296
sweep,2906
sweep,3149
sweep,2723
sweep,3404
sweep,3171
sweep,3217
sweep,2706
sweep,2869
sweep,3926
sweep,2853
sweep,2665
sweep,3015
sweep,2883
sweep,3437
sweep,2836
sweep,2489
sweep,2648
sweep,3462
sweep,4129
sweep,4545
sweep,4375
sweep,5667
sweep,8531
sweep,6786
sweep,8648
sweep,8276
sweep,8694
sweep,8184
sweep,7401
sweep,7696
sweep,867
mark,1029739
sweep,4395
sweep,3983
sweep,4026
sweep,4146
sweep,4032
sweep,4522
sweep,4315
sweep,3360
sweep,3048
sweep,3272
sweep,3298
sweep,3149
sweep,2834
sweep,3047
sweep,2922
sweep,2842
sweep,3374
sweep,2935
sweep,2906
sweep,3718
sweep,2386
sweep,2387
sweep,4073
sweep,2310
sweep,3786
sweep,2077
sweep,3739
sweep,3665
sweep,4397
sweep,3641
sweep,3111
sweep,3097
sweep,3027
sweep,3397
sweep,3015
sweep,3054
sweep,2830
sweep,3358
sweep,2857
sweep,2670
sweep,3800
sweep,2959
sweep,2552
sweep,3010
sweep,2942
sweep,3456
sweep,2614
sweep,2504
sweep,2821
sweep,5657
sweep,9001
sweep,8877
sweep,8697
sweep,7951
sweep,6426
sweep,6906
sweep,4127
sweep,4322
sweep,4576
sweep,5655
sweep,5662
sweep,5760
sweep,238
mark,1027193
sweep,4631
sweep,4052
sweep,4124
sweep,4033
sweep,3867
sweep,3996
sweep,3667
sweep,3308
sweep,2934
sweep,3441
sweep,3078
sweep,3201
sweep,2985
sweep,2986
sweep,2601
sweep,2772
sweep,3237
sweep,3056
sweep,2992
sweep,3685
sweep,2280
sweep,2751
sweep,4016
sweep,2413
sweep,3180
sweep,1975
sweep,3531
sweep,3598
sweep,4457
sweep,3612
sweep,3314
sweep,2879
sweep,2943
sweep,3089
sweep,2953
sweep,3168
sweep,2821
sweep,3425
sweep,2794
sweep,2849
sweep,3946
sweep,2783
sweep,2684
sweep,3148
sweep,3254
sweep,3618
sweep,2776
sweep,2624
sweep,2856
sweep,3403
sweep,4180
sweep,4264
sweep,4306
sweep,5598
sweep,8567
sweep,6319
sweep,8626
sweep,8164
sweep,8776
sweep,7206
sweep,7079
sweep,7723
sweep,919
mark,1043849
sweep,4611
sweep,3958
sweep,4158
sweep,4282
sweep,3634
sweep,4082
sweep,3870
sweep,3085
sweep,3013
sweep,3533
sweep,3004
sweep,3076
sweep,2989
sweep,3245
sweep,2708
sweep,2724
sweep,3551
sweep,3206
sweep,2921
sweep,3867
sweep,2327
sweep,2634
sweep,3853
sweep,2654
sweep,3117
sweep,1903
sweep,3397
sweep,3656
sweep,4362
sweep,3279
sweep,3316
sweep,11633
sweep,3355
sweep,3030
sweep,2739
sweep,3244
sweep,3028
sweep,3367
sweep,2629
sweep,2698
sweep,3789
sweep,2614
sweep,2973
sweep,3229
sweep,2749
sweep,3497
sweep,2734
sweep,2549
sweep,2564
sweep,5479
sweep,8850
sweep,8550
sweep,8856
sweep,7932
sweep,6477
sweep,7528
sweep,4314
sweep,4284
sweep,4925
sweep,6272
sweep,5878
sweep,6061
sweep,233
mark,1025624
sweep,4722
sweep,4321
sweep,4254
sweep,4265
sweep,3846
sweep,4233
sweep,3878
sweep,3081
sweep,2893
sweep,3587
sweep,3048
sweep,2766
sweep,2770
sweep,2873
sweep,2537
sweep,2810
sweep,3276
sweep,3081
sweep,3162
sweep,3715
sweep,2378
sweep,2703
sweep,4228
sweep,2687
sweep,3106
sweep,1911
sweep,3580
sweep,3829
sweep,4153
sweep,3514
sweep,3053
sweep,3363
sweep,2978
sweep,2968
sweep,2770
sweep,3411
sweep,2717
sweep,3077
sweep,2472
sweep,2775
sweep,3934
sweep,2759
sweep,2742
sweep,3395
sweep,2745
sweep,3525
sweep,2809
sweep,2523
sweep,2599
sweep,3403
sweep,3798
sweep,3984
sweep,4405
sweep,5839
sweep,8266
sweep,6742
sweep,8451
sweep,8548
sweep,8419
sweep,8150
sweep,7464
sweep,7509
sweep,832
mark,1027685
sweep,4658
sweep,4187
sweep,4043
sweep,4299
sweep,3657
sweep,4243
sweep,3625
sweep,3094
sweep,3148
sweep,3347
sweep,3472
sweep,2745
sweep,2942
sweep,2819
sweep,2657
sweep,2732
sweep,3383
sweep,2930
sweep,3150
sweep,3456
sweep,2387
sweep,2333
sweep,3727
sweep,2459
sweep,3085
sweep,2036
sweep,3461
sweep,3867
sweep,4553
sweep,3740
sweep,3167
sweep,3183
sweep,2856
sweep,3131
sweep,2850
sweep,3351
sweep,2746
sweep,3060
sweep,2515
sweep,2791
sweep,4040
sweep,2913
sweep,2903
sweep,3060
sweep,2937
sweep,3483
sweep,2756
sweep,2640
sweep,2592
sweep,5257
sweep,8802
sweep,8450
sweep,8899
sweep,8002
sweep,5896
sweep,7255
sweep,3977
sweep,4475
sweep,4492
sweep,6198
sweep,5411
sweep,5970
sweep,221
mark,1027661
sweep,4514
sweep,4263
sweep,4453
sweep,4243
sweep,3809
sweep,4269
sweep,3578
sweep,3118
sweep,2869
sweep,3344
sweep,3298
sweep,3110
sweep,2779
sweep,3230
sweep,2635
sweep,2741
sweep,3488
sweep,2933
sweep,3299
sweep,3539
sweep,2281
sweep,2668
sweep,4034
sweep,2321
sweep,3062
sweep,1897
sweep,3637
sweep,3609
sweep,4057
sweep,3224
sweep,3040
sweep,3131
sweep,2896
sweep,3004
sweep,2719
sweep,3277
sweep,3037
sweep,3347
sweep,2544
sweep,3064
sweep,3760
sweep,2701
sweep,2937
sweep,2997
sweep,2979
sweep,3425
sweep,2743
sweep,2625
sweep,2533
sweep,3716
sweep,4073
sweep,4430
sweep,4188
sweep,5528
sweep,7858
sweep,5784
sweep,8919
sweep,8210
sweep,8349
sweep,6998
sweep,7838
sweep,7019
sweep,809
mark,1028055
sweep,4999
sweep,4344
sweep,3954
sweep,4137
sweep,3684
sweep,4012
sweep,3601
sweep,3166
sweep,2874
sweep,3270
sweep,3239
sweep,2728
sweep,2909
sweep,3246
sweep,2811
sweep,2962
sweep,3309
sweep,2950
sweep,3296
sweep,3650
sweep,2302
sweep,2537
sweep,3887
sweep,2383
sweep,3182
sweep,1906
sweep,3558
sweep,3732
sweep,4243
sweep,3278
sweep,3265
sweep,3012
sweep,3000
sweep,3282
sweep,2835
sweep,3410
sweep,2793
sweep,3044
sweep,2463
sweep,2664
sweep,3817
sweep,2666
sweep,2637
sweep,2894
sweep,2840
sweep,3758
sweep,2837
sweep,2464
sweep,2527
sweep,5822
sweep,8562
sweep,8778
sweep,8711
sweep,8134
sweep,6211
sweep,7259
sweep,4005
sweep,4467
sweep,4421
sweep,5789
sweep,5795
sweep,5814
sweep,226
mark,1029818
sweep,4697
sweep,4235
sweep,3991
sweep,4045
sweep,3610
sweep,4409
sweep,3774
sweep,3020
sweep,2773
sweep,3114
sweep,3336
sweep,3192
sweep,2717
sweep,3012
sweep,2568
sweep,2710
sweep,3264
sweep,2978
sweep,3179
sweep,3901
sweep,2247
sweep,2618
sweep,3990
sweep,2412
sweep,3418
sweep,2162
sweep,3668
sweep,3758
sweep,4507
sweep,3216
sweep,3287
sweep,2948
sweep,2918
sweep,3285
sweep,2715
sweep,3280
sweep,2841
sweep,3235
sweep,2509
sweep,2763
sweep,3956
sweep,2824
sweep,2728
sweep,2985
sweep,2875
sweep,3429
sweep,2725
sweep,2471
sweep,2739
sweep,3341
sweep,4248
sweep,4499
sweep,4166
sweep,6465
sweep,7635
sweep,5960
sweep,8680
sweep,9069
sweep,8545
sweep,7575
sweep,7254
sweep,7459
sweep,839
mark,1035842
sweep,5137
sweep,3809
sweep,4090
sweep,4122
sweep,3928
sweep,4108
sweep,3839
sweep,3487
sweep,2898
sweep,3611
sweep,3006
sweep,2833
sweep,2673
sweep,3239
sweep,2582
sweep,2630
sweep,3485
sweep,3093
sweep,3101
sweep,3464
sweep,2322
sweep,2532
sweep,3971
sweep,2438
sweep,3194
sweep,1907
sweep,3500
sweep,3590
sweep,4436
sweep,3888
sweep,3162
sweep,2900
sweep,3121
sweep,3267
sweep,2808
sweep,3174
sweep,2774
sweep,3290
sweep,2631
sweep,2572
sweep,3668
sweep,2886
sweep,2906
sweep,3093
sweep,2813
sweep,3542
sweep,3008
sweep,2512
sweep,2696
sweep,5331
sweep,9051
sweep,8540
sweep,8612
sweep,7851
sweep,5971
sweep,7340
sweep,4001
sweep,4236
sweep,5053
sweep,6190
sweep,5559
sweep,5816
sweep,222
mark,1027361
sweep,4562
sweep,3688
sweep,4169
sweep,4195
sweep,3620
sweep,3961
sweep,3817
sweep,3115
sweep,3040
sweep,3077
sweep,3063
sweep,2737
sweep,2745
sweep,3032
sweep,3121
sweep,3014
sweep,3215
sweep,2857
sweep,3121
sweep,3698
sweep,2390
sweep,2552
sweep,3852
sweep,2348
sweep,3577
sweep,2130
sweep,3502
sweep,3841
sweep,4509
sweep,3388
sweep,3195
sweep,2918
sweep,3022
sweep,3190
sweep,2732
sweep,3229
sweep,3067
sweep,3326
sweep,2655
sweep,2731
sweep,3709
sweep,2703
sweep,2874
sweep,3045
sweep,2715
sweep,3461
sweep,2758
sweep,2528
sweep,2662
sweep,3612
sweep,4204
sweep,4330
sweep,4289
sweep,5891
sweep,8293
sweep,6562
sweep,9176
sweep,8156
sweep,9002
sweep,7080
sweep,7597
sweep,7178
sweep,836
mark,1038099
sweep,4634
sweep,4211
sweep,3922
sweep,4016
sweep,3718
sweep,4110
sweep,3779
sweep,3306
sweep,2850
sweep,3389
sweep,3259
sweep,2706
sweep,2766
sweep,3091
sweep,2656
sweep,2558
sweep,3549
sweep,3104
sweep,3230
sweep,3458
sweep,2409
sweep,2438
sweep,3855
sweep,2325
sweep,3179
sweep,2144
sweep,3534
sweep,3754
sweep,4544
sweep,3919
sweep,3049
sweep,3043
sweep,2866
sweep,3064
sweep,3376
sweep,3023
sweep,2657
sweep,3070
sweep,2591
sweep,2687
sweep,3853
sweep,2788
sweep,2596
sweep,3002
sweep,2822
sweep,3401
sweep,2787
sweep,2562
sweep,2476
sweep,5423
sweep,8972
sweep,8749
sweep,8744
sweep,8388
sweep,6483
sweep,7387
sweep,4112
sweep,4287
sweep,5085
sweep,6362
sweep,5909
sweep,5877
sweep,224
mark,1033579
sweep,5433
sweep,4230
sweep,4099
sweep,3980
sweep,3902
sweep,3997
sweep,3615
sweep,3054
sweep,3161
sweep,3118
sweep,3377
sweep,2665
sweep,3126
sweep,3075
sweep,2600
sweep,3012
sweep,3744
sweep,2949
sweep,3123
sweep,3809
sweep,2323
sweep,2792
sweep,3829
sweep,2640
sweep,3237
sweep,2115
sweep,3424
sweep,3771
sweep,4369
sweep,3419
sweep,3075
sweep,3308
sweep,2977
sweep,3174
sweep,2796
sweep,3501
sweep,2916
sweep,3033
sweep,2745
sweep,2946
sweep,3747
sweep,2859
sweep,2652
sweep,3040
sweep,2756
sweep,3453
sweep,2741
sweep,2537
sweep,2516
sweep,3409
sweep,3999
sweep,4182
sweep,4211
sweep,5950
sweep,7868
sweep,6462
sweep,8399
sweep,8424
sweep,8773
sweep,8203
sweep,7480
sweep,7792
sweep,833
mark,1027274
sweep,4844
sweep,4309
sweep,3950
sweep,4062
sweep,3639
sweep,4185
sweep,4030
sweep,3145
sweep,2919
sweep,3694
sweep,2949
sweep,3003
sweep,2788
sweep,2934
sweep,2645
sweep,2669
sweep,3292
sweep,2866
sweep,3187
sweep,3691
sweep,2369
sweep,2740
sweep,4153
sweep,2355
sweep,3039
sweep,1926
sweep,3469
sweep,3791
sweep,4241
sweep,3642
sweep,2974
sweep,3150
sweep,2945
sweep,3135
sweep,2819
sweep,3086
sweep,2716
sweep,3253
sweep,2405
sweep,2935
sweep,3947
sweep,2949
sweep,2689
sweep,3272
sweep,2729
sweep,3780
sweep,2747
sweep,2834
sweep,2481
sweep,5471
sweep,8745
sweep,8488
sweep,8526
sweep,7655
sweep,5769
sweep,7539
sweep,4156
sweep,4351
sweep,4264
sweep,5668
sweep,5979
sweep,6076
sweep,260
mark,1030570
sweep,4940
sweep,4273
sweep,4333
sweep,4019
sweep,3474
sweep,4259
sweep,3658
sweep,3033
sweep,2741
sweep,3302
sweep,3146
sweep,2878
sweep,2922
sweep,2867
sweep,2652
sweep,2673
sweep,3425
sweep,2889
sweep,3191
sweep,3555
sweep,2295
sweep,2470
sweep,3833
sweep,2300
sweep,3034
sweep,1998
sweep,3366
sweep,3658
sweep,4027
sweep,3496
sweep,3200
sweep,3038
sweep,3026
sweep,3171
sweep,3025
sweep,3317
sweep,2789
sweep,3231
sweep,2520
sweep,2739
sweep,3748
sweep,2722
sweep,2585
sweep,2971
sweep,2825
sweep,3509
sweep,3074
sweep,2448
sweep,2531
sweep,3592
sweep,3943
sweep,3958
sweep,4182
sweep,5719
sweep,8029
sweep,6494
sweep,9010
sweep,9281
sweep,8504
sweep,7417
sweep,7682
sweep,7383
sweep,837
mark,1031786
sweep,4773
sweep,4008
sweep,4202
sweep,3911
sweep,3572
sweep,3990
sweep,3613
sweep,3489
sweep,3054
sweep,3325
sweep,3387
sweep,3055
sweep,2809
sweep,2833
sweep,2856
sweep,2816
sweep,3337
sweep,2929
sweep,3212
sweep,3797
sweep,2569
sweep,2387
sweep,4105
sweep,2585
sweep,3168
sweep,1872
sweep,3414
sweep,3658
sweep,4206
sweep,3775
sweep,3085
sweep,3149
sweep,2814
sweep,3345
sweep,2821
sweep,3155
sweep,2730
sweep,3206
sweep,2532
sweep,2760
sweep,3889
sweep,2706
sweep,2997
sweep,2947
sweep,2829
sweep,3659
sweep,2668
sweep,2513
sweep,2428
sweep,5806
sweep,9165
sweep,8665
sweep,8533
sweep,8270
sweep,5785
sweep,6718
sweep,4012
sweep,4633
sweep,4508
sweep,6157
sweep,5984
sweep,6029
sweep,233
mark,1033836
sweep,4645
sweep,3917
sweep,4111
sweep,4155
sweep,3495
sweep,4027
sweep,3667
sweep,3391
sweep,2748
sweep,3123
sweep,3070
sweep,2986
sweep,2671
sweep,3049
sweep,2916
sweep,2666
sweep,3228
sweep,2976
sweep,3200
sweep,3500
sweep,2305
sweep,2765
sweep,4411
sweep,2589
sweep,3362
sweep,2061
sweep,3269
sweep,4125
sweep,5005
sweep,3759
sweep,3140
sweep,3227
sweep,3181
sweep,3338
sweep,2791
sweep,3120
sweep,3203
sweep,3124
sweep,2783
sweep,2599
sweep,3626
sweep,2911
sweep,2948
sweep,2897
sweep,2744
sweep,3402
sweep,2678
sweep,3103
sweep,2528
sweep,4237
sweep,3926
sweep,4001
sweep,4251
sweep,5755
sweep,8556
sweep,6453
sweep,9046
sweep,8069
sweep,8410
sweep,7230
sweep,7168
sweep,7318
sweep,830
mark,1027300
sweep,4617
sweep,3861
sweep,4230
sweep,3968
sweep,3693
sweep,3991
sweep,3675
sweep,3467
sweep,2827
sweep,3504
sweep,3258
sweep,2997
sweep,2701
sweep,2772
sweep,2937
sweep,2644
sweep,3243
sweep,3123
sweep,3079
sweep,3447
sweep,2318
sweep,2462
sweep,4229
sweep,2313
sweep,3085
sweep,1902
sweep,3569
sweep,3728
sweep,4480
sweep,3327
sweep,3212
sweep,3278
sweep,3075
sweep,3060
sweep,2775
sweep,3407
sweep,2731
sweep,3131
sweep,2637
sweep,2758
sweep,3721
sweep,2573
sweep,2674
sweep,2882
sweep,2866
sweep,3688
sweep,2638
sweep,2527
sweep,2418
sweep,5292
sweep,8875
sweep,8361
sweep,8479
sweep,8171
sweep,6329
sweep,7333
sweep,4071
sweep,4222
sweep,5174
sweep,6402
sweep,5852
sweep,5961
sweep,235
mark,1034797
sweep,4736
sweep,4331
sweep,4689
sweep,4690
sweep,3534
sweep,3977
sweep,3601
sweep,3300
sweep,2756
sweep,3421
sweep,3088
sweep,2740
sweep,2821
sweep,2917
sweep,2712
sweep,2626
sweep,3379
sweep,2892
sweep,2922
sweep,3393
sweep,2478
sweep,2558
sweep,4041
sweep,2319
sweep,2984
sweep,2050
sweep,3668
sweep,3874
sweep,4324
sweep,3352
sweep,3067
sweep,3363
sweep,2881
sweep,2953
sweep,2743
sweep,3614
sweep,2872
sweep,3458
sweep,2488
sweep,2671
sweep,3708
sweep,3043
sweep,2697
sweep,3550
sweep,3217
sweep,3440
sweep,2754
sweep,2517
sweep,2396
sweep,3770
sweep,4169
sweep,4229
sweep,4210
sweep,6008
sweep,7586
sweep,6045
sweep,8292
sweep,8208
sweep,8525
sweep,7148
sweep,7207
sweep,6941
sweep,831
mark,1033787
sweep,4557
sweep,4110
sweep,4064
sweep,3989
sweep,3670
sweep,4093
sweep,3810
sweep,3172
sweep,2923
sweep,3424
sweep,3470
sweep,2761
sweep,2616
sweep,3014
sweep,2674
sweep,2946
sweep,3597
sweep,3046
sweep,3095
sweep,3430
sweep,2555
sweep,2463
sweep,4137
sweep,2528
sweep,3113
sweep,2163
sweep,3684
sweep,3709
sweep,4454
sweep,3886
sweep,2995
sweep,2933
sweep,3165
sweep,3202
sweep,2909
sweep,3432
sweep,2755
sweep,3159
sweep,2517
sweep,2659
sweep,4020
sweep,2558
sweep,2866
sweep,2937
sweep,2811
sweep,3528
sweep,2781
sweep,2445
sweep,2694
sweep,5353
sweep,8951
sweep,9000
sweep,8995
sweep,7665
sweep,5858
sweep,7161
sweep,4061
sweep,4335
sweep,4906
sweep,6361
sweep,6001
sweep,5892
sweep,226
mark,1033855
sweep,5299
sweep,4334
sweep,4620
sweep,4711
sweep,3836
sweep,3881
sweep,3714
sweep,3157
sweep,3060
sweep,3304
sweep,3042
sweep,2787
sweep,2769
sweep,2824
sweep,2566
sweep,2799
sweep,3444
sweep,3149
sweep,3045
sweep,3668
sweep,2595
sweep,2683
sweep,3714
sweep,2431
sweep,3068
sweep,1948
sweep,3374
sweep,3651
sweep,4728
sweep,3386
sweep,3387
sweep,3060
sweep,2869
sweep,3136
sweep,2814
sweep,3254
sweep,2692
sweep,3107
sweep,2551
sweep,2847
sweep,3791
sweep,2725
sweep,2705
sweep,2984
sweep,3142
sweep,3642
sweep,2876
sweep,2552
sweep,2686
sweep,3760
sweep,4228
sweep,4645
sweep,4126
sweep,5809
sweep,8007
sweep,6068
sweep,8519
sweep,8877
sweep,8519
sweep,7178
sweep,7109
sweep,7160
sweep,804
mark,1036826
sweep,4781
sweep,3998
sweep,3979
sweep,4116
sweep,3490
sweep,3994
sweep,3882
sweep,3112
sweep,2798
sweep,3445
sweep,3407
sweep,2721
sweep,2783
sweep,3132
sweep,2689
sweep,2693
sweep,3302
sweep,2930
sweep,3270
sweep,3371
sweep,2539
sweep,2696
sweep,3976
sweep,2449
sweep,3148
sweep,2040
sweep,3410
sweep,3768
sweep,4626
sweep,8515
sweep,3336
sweep,3265
sweep,2909
sweep,2978
sweep,3302
sweep,3157
sweep,2747
sweep,2996
sweep,2720
sweep,3270
sweep,3905
sweep,2708
sweep,2771
sweep,3376
sweep,2786
sweep,3575
sweep,3118
sweep,2602
sweep,2407
sweep,5806
sweep,9019
sweep,8948
sweep,8596
sweep,8479
sweep,5942
sweep,7904
sweep,4098
sweep,4174
sweep,4323
sweep,5717
sweep,5694
sweep,6687
sweep,228
mark,1047233
sweep,4472
sweep,3757
sweep,4542
sweep,4215
sweep,3737
sweep,4133
sweep,3850
sweep,3189
sweep,3057
sweep,3314
sweep,3425
sweep,2768
sweep,2707
sweep,3350
sweep,2600
sweep,2683
sweep,3516
sweep,2884
sweep,2989
sweep,3400
sweep,2616
sweep,2527
sweep,3986
sweep,2329
sweep,3146
sweep,2158
sweep,3354
sweep,3944
sweep,4199
sweep,3491
sweep,3423
sweep,3104
sweep,2872
sweep,3009
sweep,2721
sweep,3437
sweep,3067
sweep,3056
sweep,2491
sweep,3138
sweep,3700
sweep,2806
sweep,3055
sweep,3150
sweep,2905
sweep,3715
sweep,2675
sweep,2546
sweep,2532
sweep,3425
sweep,4170
sweep,3946
sweep,4187
sweep,6153
sweep,7569
sweep,6027
sweep,8317
sweep,8380
sweep,8279
sweep,7074
sweep,6972
sweep,7117
sweep,833
mark,1041822
sweep,4989
sweep,3906
sweep,3956
sweep,3997
sweep,3823
sweep,4122
sweep,3889
sweep,3136
sweep,2820
sweep,3523
sweep,3054
sweep,2702
sweep,3150
sweep,2902
sweep,2655
sweep,2924
sweep,3151
sweep,2963
sweep,3222
sweep,3686
sweep,2346
sweep,2988
sweep,3894
sweep,2379
sweep,3154
sweep,2171
sweep,3516
sweep,3665
sweep,4148
sweep,3788
sweep,3289
sweep,3093
sweep,2963
sweep,3081
sweep,2854
sweep,3213
sweep,2838
sweep,3099
sweep,2647
sweep,2738
sweep,4414
sweep,2757
sweep,2685
sweep,3030
sweep,3139
sweep,3487
sweep,2652
sweep,2733
sweep,2437
sweep,5620
sweep,8958
sweep,8359
sweep,8545
sweep,8267
sweep,6113
sweep,7295
sweep,4041
sweep,4575
sweep,4586
sweep,6217
sweep,5872
sweep,5755
sweep,244
mark,1055888
sweep,5007
sweep,4478
sweep,4066
sweep,4300
sweep,3558
sweep,4040
sweep,3634
sweep,3575
sweep,2827
sweep,3350
sweep,3346
sweep,2856
sweep,2872
sweep,2713
sweep,2586
sweep,2995
sweep,3198
sweep,3354
sweep,3103
sweep,3718
sweep,2549
sweep,2463
sweep,3832
sweep,2325
sweep,3074
sweep,2141
sweep,3690
sweep,3844
sweep,4340
sweep,3755
sweep,3150
sweep,2952
sweep,3319
sweep,3347
sweep,2732
sweep,3207
sweep,2769
sweep,3083
sweep,2654
sweep,2790
sweep,3678
sweep,3126
sweep,2959
sweep,3045
sweep,3380
sweep,3368
sweep,2673
sweep,2504
sweep,2786
sweep,3481
sweep,4286
sweep,4018
sweep,4154
sweep,5709
sweep,8328
sweep,6256
sweep,9077
sweep,8875
sweep,8681
sweep,7160
sweep,7601
sweep,7064
sweep,832
mark,1057357
sweep,4993
sweep,3909
sweep,4020
sweep,4078
sweep,3879
sweep,4333
sweep,3628
sweep,3146
sweep,3094
sweep,3225
sweep,3030
sweep,3043
sweep,2747
sweep,2745
sweep,2541
sweep,2745
sweep,3219
sweep,3017
sweep,3022
sweep,3366
sweep,2330
sweep,2368
sweep,4072
sweep,2562
sweep,3107
sweep,2105
sweep,3610
sweep,3685
sweep,4448
sweep,3543
sweep,3011
sweep,2977
sweep,2988
sweep,3062
sweep,3359
sweep,3430
sweep,2696
sweep,3026
sweep,2752
sweep,2996
sweep,3599
sweep,3225
sweep,3057
sweep,2841
sweep,2904
sweep,3433
sweep,2741
sweep,2434
sweep,2578
sweep,5320
sweep,8798
sweep,8283
sweep,8854
sweep,8026
sweep,6728
sweep,7046
sweep,4016
sweep,4241
sweep,4339
sweep,5571
sweep,6167
sweep,6096
sweep,218
mark,1036018
sweep,4757
sweep,4142
sweep,3956
sweep,3903
sweep,3644
sweep,4340
sweep,3597
sweep,3155
sweep,2828
sweep,3033
sweep,3376
sweep,2809
sweep,2873
sweep,2757
sweep,2518
sweep,2656
sweep,3253
sweep,3246
sweep,3029
sweep,3383
sweep,2391
sweep,2531
sweep,4226
sweep,2393
sweep,3160
sweep,1923
sweep,3348
sweep,3933
sweep,4289
sweep,3505
sweep,3411
sweep,3034
sweep,3143
sweep,3052
sweep,2742
sweep,3156
sweep,2694
sweep,3078
sweep,2642
sweep,2833
sweep,3940
sweep,2782
sweep,2783
sweep,2977
sweep,2754
sweep,4020
sweep,2955
sweep,2467
sweep,2465
sweep,3455
sweep,3964
sweep,4193
sweep,4480
sweep,5994
sweep,7876
sweep,5989
sweep,8695
sweep,8320
sweep,8795
sweep,8239
sweep,7286
sweep,7579
sweep,821
mark,1084655
sweep,4802
sweep,3788
sweep,3924
sweep,4051
sweep,3780
sweep,4258
sweep,3749
sweep,3258
sweep,2914
sweep,3259
sweep,2970
sweep,3278
sweep,2729
sweep,3048
sweep,3078
sweep,2760
sweep,3259
sweep,2966
sweep,3481
sweep,3749
sweep,2403
sweep,2604
sweep,3777
sweep,2523
sweep,3101
sweep,2139
sweep,3421
sweep,3609
sweep,4168
sweep,3647
sweep,3118
sweep,3456
sweep,2965
sweep,3135
sweep,3127
sweep,3264
sweep,2758
sweep,3212
sweep,2523
sweep,2651
sweep,4223
sweep,3101
sweep,2797
sweep,2881
sweep,2870
sweep,3439
sweep,2665
sweep,2624
sweep,2774
sweep,5650
sweep,8783
sweep,8800
sweep,8843
sweep,7960
sweep,6113
sweep,7315
sweep,4389
sweep,4455
sweep,4996
sweep,6258
sweep,5950
sweep,5772
sweep,222
mark,1022476
sweep,4744
sweep,3996
sweep,3930
sweep,4535
sweep,3865
sweep,4116
sweep,3512
sweep,3343
sweep,3003
sweep,3049
sweep,3387
sweep,2997
sweep,2839
sweep,2984
sweep,2721
sweep,2844
sweep,3311
sweep,3109
sweep,2952
sweep,3376
sweep,2581
sweep,2565
sweep,4017
sweep,2443
sweep,3180
sweep,1985
sweep,3314
sweep,3977
sweep,4235
sweep,3503
sweep,3198
sweep,3037
sweep,2824
sweep,3058
sweep,3465
sweep,3207
sweep,2690
sweep,3035
sweep,2482
sweep,2568
sweep,3771
sweep,2869
sweep,2720
sweep,3418
sweep,2735
sweep,3389
sweep,2830
sweep,2536
sweep,2669
sweep,3515
sweep,4073
sweep,3887
sweep,4419
sweep,6088
sweep,7672
sweep,5845
sweep,8409
sweep,8506
sweep,8273
sweep,7486
sweep,7070
sweep,6993
sweep,834
mark,1030777
sweep,5216
sweep,4189
sweep,4065
sweep,4172
sweep,3685
sweep,4093
sweep,3721
sweep,3160
sweep,3133
sweep,3605
sweep,3041
sweep,2845
sweep,2921
sweep,2985
sweep,2576
sweep,2719
sweep,3305
sweep,3334
sweep,3042
sweep,3498
sweep,2339
sweep,2667
sweep,3775
sweep,2510
sweep,3188
sweep,1920
sweep,3622
sweep,3892
sweep,4364
sweep,3953
sweep,3391
sweep,3076
sweep,3153
sweep,3196
sweep,3035
sweep,3509
sweep,2671
sweep,3433
sweep,2567
sweep,2669
sweep,3953
sweep,2912
sweep,2678
sweep,3023
sweep,3140
sweep,3453
sweep,3072
sweep,2725
sweep,2450
sweep,5665
sweep,9459
sweep,8743
sweep,8542
sweep,8042
sweep,5929
sweep,7400
sweep,4102
sweep,4389
sweep,4364
sweep,5716
sweep,6009
sweep,6000
sweep,222
mark,1031353
sweep,4661
sweep,3954
sweep,4019
sweep,4471
sweep,3909
sweep,4223
sweep,3788
sweep,3217
sweep,2927
sweep,3275
sweep,3083
sweep,2758
sweep,2926
sweep,2907
sweep,2621
sweep,2666
sweep,3331
sweep,2919
sweep,2965
sweep,3401
sweep,2369
sweep,2681
sweep,3974
sweep,2300
sweep,3236
sweep,2117
sweep,3547
sweep,3580
sweep,4531
sweep,3547
sweep,3267
sweep,2986
sweep,2900
sweep,3170
sweep,2752
sweep,3582
sweep,2846
sweep,3017
sweep,2447
sweep,2841
sweep,3771
sweep,2784
sweep,2927
sweep,3158
sweep,3094
sweep,3540
sweep,2629
sweep,2679
sweep,2569
sweep,3437
sweep,3798
sweep,4187
sweep,4291
sweep,5960
sweep,7925
sweep,6262
sweep,8422
sweep,8321
sweep,8302
sweep,7269
sweep,7144
sweep,7032
sweep,799
mark,1033763
sweep,4775
sweep,3815
sweep,3940
sweep,4071
sweep,3943
sweep,4218
sweep,3715
sweep,3152
sweep,2895
sweep,3541
sweep,3028
sweep,2782
sweep,2997
sweep,2854
sweep,2815
sweep,2950
sweep,3281
sweep,2907
sweep,3000
sweep,3492
sweep,2483
sweep,2430
sweep,4107
sweep,2626
sweep,3154
sweep,1926
sweep,3595
sweep,3685
sweep,4272
sweep,3928
sweep,3298
sweep,3417
sweep,2973
sweep,2974
sweep,2828
sweep,3039
sweep,2733
sweep,3121
sweep,2446
sweep,2754
sweep,3737
sweep,3048
sweep,2712
sweep,2974
sweep,2806
sweep,3509
sweep,3095
sweep,2582
sweep,2474
sweep,5783
sweep,8761
sweep,8561
sweep,8526
sweep,7626
sweep,5843
sweep,7187
sweep,3965
sweep,4483
sweep,4641
sweep,6068
sweep,5682
sweep,5906
sweep,239
mark,1042841
sweep,5106
sweep,3857
sweep,4070
sweep,4209
sweep,3906
sweep,3882
sweep,3604
sweep,3030
sweep,2837
sweep,2992
sweep,3537
sweep,3022
sweep,2833
sweep,2763
sweep,2571
sweep,2902
sweep,3396
sweep,3352
sweep,2916
sweep,3732
sweep,2358
sweep,2547
sweep,3794
sweep,2404
sweep,3019
sweep,1814
sweep,3592
sweep,3715
sweep,4229
sweep,3409
sweep,3193
sweep,3095
sweep,2875
sweep,3224
sweep,2785
sweep,3077
sweep,2678
sweep,3075
sweep,2694
sweep,2876
sweep,3877
sweep,2734
sweep,3052
sweep,3130
sweep,2780
sweep,3628
sweep,2802
sweep,2486
sweep,2818
sweep,3520
sweep,4072
sweep,3946
sweep,4465
sweep,6019
sweep,7642
sweep,6038
sweep,8430
sweep,8549
sweep,8440
sweep,8420
sweep,7377
sweep,7666
sweep,809
mark,1031874
sweep,4976
sweep,3859
sweep,3894
sweep,4168
sweep,3669
sweep,4129
sweep,3583
sweep,3091
sweep,3169
sweep,3410
sweep,3040
sweep,2811
sweep,2745
sweep,2823
sweep,2592
sweep,2726
sweep,3595
sweep,2940
sweep,3160
sweep,3591
sweep,2624
sweep,2459
sweep,3998
sweep,2436
sweep,3174
sweep,2014
sweep,3767
sweep,3757
sweep,4455
sweep,3815
sweep,3271
sweep,3035
sweep,2991
sweep,3115
sweep,2828
sweep,3095
sweep,2716
sweep,3075
sweep,2519
sweep,2646
sweep,3792
sweep,2629
sweep,2871
sweep,2900
sweep,2827
sweep,3351
sweep,2738
sweep,2709
sweep,2492
sweep,5665
sweep,8649
sweep,8293
sweep,8574
sweep,8040
sweep,6402
sweep,7411
sweep,3964
sweep,4380
sweep,4919
sweep,6198
sweep,5890
sweep,6011
sweep,234
mark,1041272
sweep,4923
sweep,3853
sweep,3962
sweep,4074
sweep,3806
sweep,4160
sweep,3543
sweep,3091
sweep,2791
sweep,3285
sweep,3033
sweep,3030
sweep,2717
sweep,2928
sweep,3190
sweep,2741
sweep,3160
sweep,3004
sweep,3063
sweep,3281
sweep,2547
sweep,2436
sweep,4062
sweep,2514
sweep,3146
sweep,1946
sweep,3586
sweep,3724
sweep,4303
sweep,3207
sweep,3475
sweep,3099
sweep,2880
sweep,3067
sweep,2895
sweep,3309
sweep,2963
sweep,3347
sweep,2585
sweep,3184
sweep,3727
sweep,2955
sweep,2890
sweep,3440
sweep,2903
sweep,3530
sweep,2738
sweep,2543
sweep,2718
sweep,3656
sweep,4034
sweep,3970
sweep,4078
sweep,5738
sweep,7798
sweep,6184
sweep,8411
sweep,8348
sweep,8420
sweep,8214
sweep,7810
sweep,7283
sweep,832
mark,1034407
sweep,4976
sweep,3838
sweep,3960
sweep,4103
sweep,3742
sweep,4008
sweep,3616
sweep,3594
sweep,2936
sweep,3315
sweep,3332
sweep,3157
sweep,2728
sweep,2780
sweep,2611
sweep,2787
sweep,3681
sweep,2938
sweep,2998
sweep,3489
sweep,2348
sweep,2604
sweep,3777
sweep,2563
sweep,3705
sweep,2112
sweep,3667
sweep,3617
sweep,4263
sweep,3494
sweep,3087
sweep,2986
sweep,2926
sweep,3273
sweep,2929
sweep,3133
sweep,2814
sweep,3298
sweep,2511
sweep,2741
sweep,3745
sweep,2928
sweep,2572
sweep,2854
sweep,2807
sweep,3642
sweep,2753
sweep,2553
sweep,2437
sweep,14243
sweep,8570
sweep,8248
sweep,8536
sweep,7518
sweep,5783
sweep,7479
sweep,4020
sweep,4295
sweep,4731
sweep,6188
sweep,5652
sweep,5794
sweep,220
mark,1020788
sweep,4485
sweep,4099
sweep,4400
sweep,4102
sweep,3672
sweep,4222
sweep,3766
sweep,3077
sweep,3095
sweep,3227
sweep,3391
sweep,2986
sweep,2958
sweep,2717
sweep,2577
sweep,2676
sweep,3310
sweep,3309
sweep,2977
sweep,3425
sweep,2387
sweep,2449
sweep,3886
sweep,2283
sweep,3619
sweep,2343
sweep,3349
sweep,3575
sweep,4065
sweep,3368
sweep,3141
sweep,2886
sweep,2989
sweep,3045
sweep,2793
sweep,3327
sweep,2957
sweep,3333
sweep,2517
sweep,2519
sweep,3613
sweep,2761
sweep,2916
sweep,3032
sweep,2764
sweep,3369
sweep,3117
sweep,2519
sweep,2436
sweep,3718
sweep,3839
sweep,4005
sweep,4214
sweep,5839
sweep,8306
sweep,6867
sweep,8720
sweep,8329
sweep,8158
sweep,8047
sweep,7474
sweep,7678
sweep,832
mark,1031856
sweep,5028
sweep,4029
sweep,4015
sweep,4352
sweep,3730
sweep,4450
sweep,3954
sweep,3582
sweep,2856
sweep,3266
sweep,3003
sweep,2970
sweep,2703
sweep,2846
sweep,3072
sweep,2911
sweep,3295
sweep,3187
sweep,2961
sweep,3416
sweep,2368
sweep,2725
sweep,4130
sweep,2411
sweep,3141
sweep,2056
sweep,3760
sweep,3716
sweep,4410
sweep,3407
sweep,3191
sweep,2994
sweep,2940
sweep,3114
sweep,3337
sweep,3306
sweep,2998
sweep,3377
sweep,2529
sweep,2793
sweep,3850
sweep,2657
sweep,2784
sweep,2937
sweep,2775
sweep,3432
sweep,2755
sweep,2526
sweep,2706
sweep,5396
sweep,8800
sweep,8220
sweep,8655
sweep,8058
sweep,6431
sweep,7276
sweep,4101
sweep,4231
sweep,4899
sweep,6136
sweep,5821
sweep,5830
sweep,224
mark,1022092
sweep,4401
sweep,3922
sweep,3829
sweep,4511
sweep,3831
sweep,3985
sweep,3588
sweep,3383
sweep,2767
sweep,3215
sweep,3038
sweep,2985
sweep,2878
sweep,2902
sweep,2573
sweep,2785
sweep,3229
sweep,3062
sweep,3135
sweep,3494
sweep,2687
sweep,2357
sweep,3919
sweep,2394
sweep,3543
sweep,1844
sweep,3378
sweep,3696
sweep,4649
sweep,3455
sweep,3464
sweep,3185
sweep,3126
sweep,3250
sweep,3064
sweep,3488
sweep,2868
sweep,3095
sweep,2656
sweep,2801
sweep,3795
sweep,2547
sweep,2635
sweep,2898
sweep,2857
sweep,3440
sweep,2798
sweep,2446
sweep,2436
sweep,3722
sweep,4160
sweep,4038
sweep,4144
sweep,6156
sweep,7898
sweep,5949
sweep,8360
sweep,8385
sweep,8557
sweep,7652
sweep,7424
sweep,7441
sweep,873
mark,1030958
sweep,4865
sweep,3819
sweep,4011
sweep,4114
sweep,3994
sweep,4071
sweep,3690
sweep,3117
sweep,2839
sweep,3183
sweep,3115
sweep,2917
sweep,2936
sweep,3188
sweep,2774
sweep,2819
sweep,3297
sweep,3245
sweep,3717
sweep,3497
sweep,2568
sweep,2410
sweep,4023
sweep,2681
sweep,3231
sweep,2287
sweep,3537
sweep,3937
sweep,4186
sweep,3662
sweep,3328
sweep,3024
sweep,2891
sweep,3229
sweep,2846
sweep,3245
sweep,2706
sweep,3086
sweep,2487
sweep,2916
sweep,3993
sweep,2634
sweep,3069
sweep,2997
sweep,2769
sweep,3756
sweep,2710
sweep,2611
sweep,2810
sweep,5257
sweep,9312
sweep,8851
sweep,8530
sweep,8181
sweep,6464
sweep,7519
sweep,4354
sweep,4397
sweep,4772
sweep,6206
sweep,5760
sweep,5855
sweep,216
mark,1028225
sweep,4895
sweep,4132
sweep,4400
sweep,4349
sweep,3882
sweep,4114
sweep,3732
sweep,3102
sweep,2896
sweep,3263
sweep,3047
sweep,3116
sweep,2883
sweep,2783
sweep,2651
sweep,2655
sweep,3567
sweep,2950
sweep,3025
sweep,3409
sweep,2368
sweep,2521
sweep,4134
sweep,2817
sweep,3163
sweep,1942
sweep,3361
sweep,4011
sweep,4276
sweep,3425
sweep,2959
sweep,3069
sweep,2945
sweep,3298
sweep,2794
sweep,3595
sweep,3016
sweep,3325
sweep,2591
sweep,2685
sweep,3759
sweep,2948
sweep,2887
sweep,3077
sweep,2721
sweep,3427
sweep,3129
sweep,2563
sweep,2672
sweep,3619
sweep,3893
sweep,4063
sweep,4097
sweep,6051
sweep,7721
sweep,6075
sweep,9366
sweep,8289
sweep,8108
sweep,8243
sweep,7409
sweep,7653
sweep,830
mark,1032967
sweep,4519
sweep,3722
sweep,4142
sweep,4006
sweep,3782
sweep,4124
sweep,3932
sweep,3134
sweep,3199
sweep,3539
sweep,3281
sweep,3386
sweep,3189
sweep,3204
sweep,2631
sweep,2684
sweep,3326
sweep,2917
sweep,3067
sweep,3551
sweep,2330
sweep,2426
sweep,4108
sweep,2363
sweep,3431
sweep,2256
sweep,3410
sweep,3857
sweep,5064
sweep,3306
sweep,3069
sweep,3275
sweep,2985
sweep,3266
sweep,3489
sweep,3086
sweep,2808
sweep,3351
sweep,2732
sweep,2764
sweep,3612
sweep,2687
sweep,2808
sweep,3019
sweep,2870
sweep,3357
sweep,2689
sweep,2794
sweep,2456
sweep,5886
sweep,8903
sweep,8730
sweep,8843
sweep,7858
sweep,6071
sweep,7711
sweep,3982
sweep,4919
sweep,4612
sweep,5690
sweep,5793
sweep,6287
sweep,228
mark,1068129
sweep,4619
sweep,4180
sweep,4028
sweep,4071
sweep,3677
sweep,4327
sweep,3521
sweep,3306
sweep,3146
sweep,3176
sweep,3099
sweep,2990
sweep,2777
sweep,2993
sweep,2590
sweep,2740
sweep,3234
sweep,3230
sweep,2931
sweep,3607
sweep,2337
sweep,2515
sweep,3781
sweep,2579
sweep,3140
sweep,2028
sweep,3742
sweep,3666
sweep,4358
sweep,3446
sweep,3436
sweep,3108
sweep,2941
sweep,3203
sweep,2770
sweep,3202
sweep,2831
sweep,3239
sweep,2724
sweep,2709
sweep,3815
sweep,3188
sweep,2777
sweep,3217
sweep,2850
sweep,3405
sweep,2655
sweep,2497
sweep,2674
sweep,3558
sweep,4053
sweep,4082
sweep,4346
sweep,5739
sweep,8657
sweep,6822
sweep,8792
sweep,8770
sweep,8832
sweep,7543
sweep,7824
sweep,7079
sweep,839
mark,1044781
sweep,4498
sweep,4168
sweep,4082
sweep,4637
sweep,3603
sweep,4477
sweep,3633
sweep,3194
sweep,3153
sweep,3683
sweep,3090
sweep,2739
sweep,2646
sweep,2840
sweep,3064
sweep,2806
sweep,3337
sweep,2912
sweep,3041
sweep,3775
sweep,2288
sweep,2533
sweep,4520
sweep,2504
sweep,3473
sweep,2190
sweep,3389
sweep,3671
sweep,4483
sweep,3409
sweep,2962
sweep,2943
sweep,2950
sweep,3226
sweep,2758
sweep,3067
sweep,2791
sweep,3064
sweep,2646
sweep,2711
sweep,3904
sweep,2763
sweep,2950
sweep,3078
sweep,2872
sweep,3801
sweep,2939
sweep,2460
sweep,2506
sweep,5432
sweep,8687
sweep,8593
sweep,8610
sweep,7944
sweep,5706
sweep,7612
sweep,4046
sweep,4188
sweep,4766
sweep,5823
sweep,5588
sweep,5767
sweep,256
mark,1024988
sweep,4623
sweep,3822
sweep,4458
sweep,4107
sweep,3955
sweep,4199
sweep,3780
sweep,3045
sweep,2716
sweep,3315
sweep,3377
sweep,3047
sweep,2863
sweep,3044
sweep,2518
sweep,3084
sweep,3129
sweep,3114
sweep,3153
sweep,3363
sweep,2601
sweep,2981
sweep,3886
sweep,2400
sweep,3103
sweep,1880
sweep,3495
sweep,3711
sweep,4185
sweep,3511
sweep,3610
sweep,3396
sweep,3047
sweep,3064
sweep,2752
sweep,3539
sweep,2839
sweep,3163
sweep,2676
sweep,2818
sweep,3719
sweep,2663
sweep,2851
sweep,2928
sweep,2892
sweep,3422
sweep,2696
sweep,2495
sweep,2587
sweep,3799
sweep,3876
sweep,4142
sweep,4246
sweep,6025
sweep,8303
sweep,6462
sweep,8421
sweep,8580
sweep,8402
sweep,8243
sweep,7268
sweep,7417
sweep,826
mark,1026860
sweep,4797
sweep,4246
sweep,4063
sweep,4160
sweep,3659
sweep,4063
sweep,3842
sweep,3324
sweep,2800
sweep,3536
sweep,2947
sweep,2735
sweep,2867
sweep,2967
sweep,2647
sweep,2691
sweep,3352
sweep,2946
sweep,3184
sweep,3518
sweep,2692
sweep,2483
sweep,4008
sweep,2342
sweep,3074
sweep,1929
sweep,3608
sweep,3678
sweep,4243
sweep,3362
sweep,3369
sweep,2987
sweep,2914
sweep,3008
sweep,2820
sweep,3160
sweep,2795
sweep,2975
sweep,2437
sweep,2984
sweep,3819
sweep,2658
sweep,2730
sweep,2989
sweep,2921
sweep,3677
sweep,2735
sweep,2663
sweep,2555
sweep,5695
sweep,8670
sweep,8835
sweep,8625
sweep,8487
sweep,6580
sweep,7099
sweep,3988
sweep,4596
sweep,4980
sweep,6332
sweep,5793
sweep,5687
sweep,224
mark,1030142
sweep,4398
sweep,4143
sweep,4045
sweep,3945
sweep,4010
sweep,4157
sweep,3772
sweep,2989
sweep,3151
sweep,3352
sweep,3184
sweep,2769
sweep,2760
sweep,2695
sweep,2611
sweep,2797
sweep,3377
sweep,2886
sweep,3209
sweep,3429
sweep,2620
sweep,2437
sweep,3869
sweep,2454
sweep,3252
sweep,1936
sweep,3446
sweep,3612
sweep,4398
sweep,3281
sweep,3369
sweep,2987
sweep,2993
sweep,3170
sweep,2735
sweep,3237
sweep,2715
sweep,3302
sweep,2511
sweep,2848
sweep,3820
sweep,2932
sweep,2787
sweep,3256
sweep,2829
sweep,3962
sweep,2725
sweep,2742
sweep,2599
sweep,3644
sweep,4103
sweep,4078
sweep,4059
sweep,6101
sweep,7992
sweep,5876
sweep,9292
sweep,8272
sweep,8882
sweep,7452
sweep,7624
sweep,7097
sweep,925
mark,1052907
sweep,4831
sweep,4320
sweep,4709
sweep,4199
sweep,3850
sweep,4266
sweep,3702
sweep,3311
sweep,2946
sweep,3632
sweep,3407
sweep,2768
sweep,2732
sweep,2989
sweep,2595
sweep,2627
sweep,3318
sweep,2927
sweep,3097
sweep,3370
sweep,2644
sweep,2430
sweep,4003
sweep,2323
sweep,3733
sweep,1945
sweep,3639
sweep,3571
sweep,4539
sweep,3583
sweep,3515
sweep,3596
sweep,3199
sweep,3215
sweep,2746
sweep,3332
sweep,2776
sweep,3481
sweep,2564
sweep,2698
sweep,4120
sweep,2764
sweep,2744
sweep,3387
sweep,2950
sweep,3840
sweep,2874
sweep,2541
sweep,2692
sweep,5585
sweep,8807
sweep,8866
sweep,8875
sweep,8005
sweep,5966
sweep,6986
sweep,4070
sweep,4244
sweep,5081
sweep,6365
sweep,5840
sweep,5766
sweep,220
mark,1037470
sweep,5045
sweep,3794
sweep,4116
sweep,4516
sweep,3581
sweep,4448
sweep,3678
sweep,3118
sweep,3045
sweep,3582
sweep,3118
sweep,2704
sweep,2704
sweep,3076
sweep,2596
sweep,2686
sweep,3214
sweep,3177
sweep,2983
sweep,3614
sweep,2675
sweep,2458
sweep,4127
sweep,2384
sweep,3199
sweep,2391
sweep,3448
sweep,3833
sweep,4033
sweep,3429
sweep,3311
sweep,3169
sweep,2932
sweep,3320
sweep,2950
sweep,3457
sweep,2663
sweep,3070
sweep,2467
sweep,2646
sweep,3762
sweep,2607
sweep,2940
sweep,3158
sweep,3087
sweep,3571
sweep,2662
sweep,2471
sweep,2480
sweep,3521
sweep,3954
sweep,4022
sweep,4119
sweep,5774
sweep,8141
sweep,6608
sweep,9137
sweep,8321
sweep,8985
sweep,7189
sweep,7132
sweep,7037
sweep,828
mark,1039115
sweep,4612
sweep,4158
sweep,4174
sweep,4173
sweep,3868
sweep,4142
sweep,3834
sweep,3599
sweep,2895
sweep,3381
sweep,3503
sweep,2709
sweep,3064
sweep,2878
sweep,2806
sweep,3050
sweep,3323
sweep,3429
sweep,2999
sweep,3581
sweep,2399
sweep,2439
sweep,4037
sweep,2375
sweep,3705
sweep,1959
sweep,3628
sweep,3698
sweep,4743
sweep,3434
sweep,3253
sweep,3069
sweep,2900
sweep,3177
sweep,2881
sweep,3083
sweep,2734
sweep,3240
sweep,2488
sweep,2760
sweep,3793
sweep,2819
sweep,2750
sweep,2931
sweep,2903
sweep,3348
sweep,2638
sweep,2530
sweep,2907
sweep,5372
sweep,8449
sweep,8386
sweep,8631
sweep,8083
sweep,6380
sweep,7301
sweep,3946
sweep,4572
sweep,4830
sweep,6295
sweep,5898
sweep,5972
sweep,221
mark,1033382
sweep,4765
sweep,4197
sweep,3985
sweep,3980
sweep,3599
sweep,4082
sweep,3525
sweep,3389
sweep,3090
sweep,3096
sweep,3386
sweep,2779
sweep,2756
sweep,2820
sweep,2762
sweep,2977
sweep,3306
sweep,2858
sweep,3061
sweep,3537
sweep,2322
sweep,2836
sweep,4050
sweep,2438
sweep,3170
sweep,1852
sweep,3744
sweep,4163
sweep,4623
sweep,3251
sweep,3148
sweep,3157
sweep,2865
sweep,3126
sweep,2899
sweep,3197
sweep,3030
sweep,3038
sweep,2495
sweep,2879
sweep,3748
sweep,2706
sweep,3195
sweep,3299
sweep,2812
sweep,3721
sweep,2867
sweep,2493
sweep,2425
sweep,3692
sweep,12639
sweep,4634
sweep,4442
sweep,5857
sweep,7708
sweep,5820
sweep,8761
sweep,8833
sweep,9027
sweep,7219
sweep,7261
sweep,7123
sweep,816
mark,1055031
sweep,4723
sweep,3742
sweep,4030
sweep,4392
sweep,3495
sweep,3955
sweep,3699
sweep,3108
sweep,3163
sweep,3353
sweep,3129
sweep,3009
sweep,2981
sweep,2941
sweep,2722
sweep,2690
sweep,3608
sweep,3074
sweep,3191
sweep,3393
sweep,2369
sweep,2340
sweep,3853
sweep,2660
sweep,3752
sweep,1978
sweep,3696
sweep,3941
sweep,4328
sweep,3710
sweep,3660
sweep,3156
sweep,2993
sweep,3130
sweep,2889
sweep,3154
sweep,2833
sweep,3114
sweep,2624
sweep,2718
sweep,4008
sweep,2713
sweep,2796
sweep,2934
sweep,2895
sweep,3811
sweep,2816
sweep,2543
sweep,2757
sweep,5510
sweep,8943
sweep,8492
sweep,8695
sweep,7930
sweep,6231
sweep,7620
sweep,3932
sweep,4568
sweep,4501
sweep,6075
sweep,6134
sweep,6022
sweep,230
mark,1043840
sweep,4847
sweep,4112
sweep,4540
sweep,4188
sweep,3633
sweep,4196
sweep,3658
sweep,3154
sweep,2771
sweep,3435
sweep,3055
sweep,3015
sweep,2923
sweep,2991
sweep,2822
sweep,3010
sweep,3376
sweep,2910
sweep,3063
sweep,3576
sweep,2407
sweep,5373
sweep,3780
sweep,2773
sweep,3024
sweep,1922
sweep,3348
sweep,3678
sweep,4315
sweep,3381
sweep,3634
sweep,2968
sweep,2988
sweep,3099
sweep,2766
sweep,3294
sweep,2901
sweep,3355
sweep,2616
sweep,2779
sweep,3917
sweep,2688
sweep,2688
sweep,3246
sweep,3462
sweep,3505
sweep,3032
sweep,2928
sweep,2647
sweep,3537
sweep,4334
sweep,4096
sweep,4602
sweep,5926
sweep,7964
sweep,5878
sweep,9307
sweep,8025
sweep,8620
sweep,7378
sweep,7300
sweep,7128
sweep,887
mark,1047227
sweep,5016
sweep,4236
sweep,4206
sweep,4284
sweep,3549
sweep,4007
sweep,3824
sweep,3487
sweep,3214
sweep,3506
sweep,3327
sweep,3034
sweep,2746
sweep,3217
sweep,2646
sweep,2711
sweep,3393
sweep,2935
sweep,3325
sweep,3458
sweep,2516
sweep,2379
sweep,3891
sweep,2448
sweep,3361
sweep,1976
sweep,3321
sweep,3622
sweep,4331
sweep,3687
sweep,3345
sweep,3242
sweep,3234
sweep,3161
sweep,2887
sweep,3140
sweep,2841
sweep,3007
sweep,2468
sweep,2765
sweep,3868
sweep,2667
sweep,2860
sweep,3056
sweep,3299
sweep,3413
sweep,2912
sweep,2566
sweep,2717
sweep,5362
sweep,9067
sweep,8452
sweep,8978
sweep,8511
sweep,6032
sweep,7030
sweep,3984
sweep,4558
sweep,5011
sweep,6138
sweep,6153
sweep,6178
sweep,229
mark,1043508
sweep,4996
sweep,4019
sweep,4388
sweep,4053
sweep,3661
sweep,4336
sweep,3557
sweep,3499
sweep,2734
sweep,3410
sweep,3483
sweep,3335
sweep,2725
sweep,2813
sweep,3004
sweep,2646
sweep,3663
sweep,2907
sweep,3257
sweep,3488
sweep,2364
sweep,2647
sweep,4027
sweep,2701
sweep,3271
sweep,2008
sweep,3447
sweep,3715
sweep,4478
sweep,3606
sweep,3161
sweep,2949
sweep,2947
sweep,3158
sweep,2815
sweep,3506
sweep,2727
sweep,3161
sweep,2622
sweep,3087
sweep,3750
sweep,2678
sweep,3107
sweep,2975
sweep,3091
sweep,3556
sweep,3100
sweep,2424
sweep,2478
sweep,3483
sweep,3788
sweep,4093
sweep,4220
sweep,5453
sweep,8258
sweep,6487
sweep,8533
sweep,8327
sweep,8557
sweep,6987
sweep,7429
sweep,7096
sweep,921
mark,1021875
sweep,4708
sweep,3778
sweep,4135
sweep,4109
sweep,3631
sweep,3907
sweep,3552
sweep,3222
sweep,2990
sweep,3715
sweep,3061
sweep,2763
sweep,2944
sweep,2871
sweep,2835
sweep,2842
sweep,3306
sweep,2886
sweep,3103
sweep,3418
sweep,2285
sweep,2633
sweep,3704
sweep,2309
sweep,3052
sweep,1882
sweep,3597
sweep,3985
sweep,4363
sweep,3692
sweep,3193
sweep,3323
sweep,2862
sweep,3050
sweep,2744
sweep,3395
sweep,2685
sweep,3385
sweep,2673
sweep,2616
sweep,4042
sweep,2714
sweep,2777
sweep,3308
sweep,2793
sweep,3555
sweep,2732
sweep,2692
sweep,2434
sweep,5220
sweep,8856
sweep,8498
sweep,8399
sweep,8047
sweep,6081
sweep,7486
sweep,4060
sweep,4380
sweep,4771
sweep,6304
sweep,5648
sweep,5854
sweep,231
mark,1037217
sweep,5013
sweep,3789
sweep,4048
sweep,3919
sweep,3638
sweep,4691
sweep,3584
sweep,3021
sweep,2969
sweep,3494
sweep,3128
sweep,2808
sweep,2729
sweep,3214
sweep,2667
sweep,2847
sweep,3304
sweep,2928
sweep,2992
sweep,3514
sweep,2395
sweep,2784
sweep,3970
sweep,2520
sweep,3669
sweep,1953
sweep,3284
sweep,3704
sweep,4575
sweep,3816
sweep,3051
sweep,3496
sweep,2991
sweep,3081
sweep,2816
sweep,3419
sweep,2944
sweep,3211
sweep,2684
sweep,2999
sweep,3734
sweep,2975
sweep,2760
sweep,2868
sweep,2757
sweep,3477
sweep,2783
sweep,2490
sweep,2496
sweep,3691
sweep,4113
sweep,4306
sweep,4154
sweep,5863
sweep,8725
sweep,6485
sweep,8506
sweep,8087
sweep,8440
sweep,7149
sweep,7079
sweep,7111
sweep,774
mark,1033786
sweep,4466
sweep,4064
sweep,4249
sweep,4253
sweep,3855
sweep,4271
sweep,3918
sweep,3491
sweep,2896
sweep,3414
sweep,3234
sweep,2732
sweep,2643
sweep,2914
sweep,2691
sweep,2762
sweep,3689
sweep,3078
sweep,3130
sweep,3450
sweep,2420
sweep,2581
sweep,3971
sweep,2412
sweep,3232
sweep,2004
sweep,3393
sweep,3636
sweep,4210
sweep,3762
sweep,3193
sweep,2961
sweep,2878
sweep,3063
sweep,3067
sweep,3491
sweep,2717
sweep,3259
sweep,2604
sweep,2954
sweep,3709
sweep,2873
sweep,2972
sweep,2828
sweep,2815
sweep,3912
sweep,2804
sweep,2586
sweep,2739
sweep,5510
sweep,8878
sweep,8403
sweep,8529
sweep,7893
sweep,6458
sweep,7397
sweep,4210
sweep,4548
sweep,4822
sweep,6277
sweep,5879
sweep,5873
sweep,221
mark,1035017
sweep,4626
sweep,4038
sweep,3923
sweep,4071
sweep,3519
sweep,3999
sweep,3601
sweep,3138
sweep,2793
sweep,3113
sweep,3378
sweep,3022
sweep,2830
sweep,2698
sweep,2604
sweep,2956
sweep,3260
sweep,2928
sweep,3072
sweep,3466
sweep,2352
sweep,2535
sweep,3957
sweep,2577
sweep,3685
sweep,2087
sweep,3560
sweep,3616
sweep,4766
sweep,3620
sweep,3253
sweep,3115
sweep,2921
sweep,3053
sweep,2838
sweep,3389
sweep,3016
sweep,3002
sweep,2737
sweep,2654
sweep,3797
sweep,2709
sweep,2711
sweep,2968
sweep,2838
sweep,3454
sweep,2758
sweep,2462
sweep,2597
sweep,3535
sweep,4110
sweep,3930
sweep,4421
sweep,5826
sweep,8349
sweep,6517
sweep,8730
sweep,8290
sweep,8694
sweep,8216
sweep,7343
sweep,7636
sweep,834
mark,1036150
sweep,4889
sweep,4075
sweep,3883
sweep,4084
sweep,3865
sweep,4301
sweep,3694
sweep,3718
sweep,3095
sweep,3516
sweep,2986
sweep,2685
sweep,2786
sweep,2777
sweep,2603
sweep,2689
sweep,3350
sweep,3447
sweep,3098
sweep,3488
sweep,2585
sweep,2413
sweep,3778
sweep,2682
sweep,3086
sweep,2093
sweep,3501
sweep,3957
sweep,4634
sweep,3541
sweep,3069
sweep,3172
sweep,2930
sweep,3047
sweep,3247
sweep,3336
sweep,2718
sweep,3327
sweep,2760
sweep,2701
sweep,3918
sweep,2893
sweep,2891
sweep,3456
sweep,3015
sweep,3778
sweep,3079
sweep,2686
sweep,2416
sweep,5358
sweep,9231
sweep,8900
sweep,8579
sweep,8401
sweep,6189
sweep,7774
sweep,3893
sweep,4474
sweep,4583
sweep,6343
sweep,5859
sweep,5801
sweep,221
mark,1025551
sweep,4609
sweep,3771
sweep,3892
sweep,4372
sweep,3537
sweep,4161
sweep,3612
sweep,3317
sweep,2828
sweep,3043
sweep,3066
sweep,2989
sweep,2997
sweep,2829
sweep,2589
sweep,2858
sweep,3178
sweep,2908
sweep,3013
sweep,3789
sweep,2277
sweep,2721
sweep,3761
sweep,2306
sweep,3255
sweep,1890
sweep,3399
sweep,3870
sweep,4572
sweep,3349
sweep,3152
sweep,3030
sweep,3053
sweep,3290
sweep,2885
sweep,3215
sweep,2837
sweep,3222
sweep,2502
sweep,2811
sweep,3773
sweep,2731
sweep,2650
sweep,3475
sweep,3328
sweep,3495
sweep,2752
sweep,2472
sweep,2784
sweep,3806
sweep,4563
sweep,4285
sweep,4404
sweep,6537
sweep,8338
sweep,6083
sweep,8773
sweep,8932
sweep,8850
sweep,7325
sweep,7298
sweep,7700
sweep,840
mark,1047943
sweep,4834
sweep,3804
sweep,4105
sweep,4102
sweep,3950
sweep,4312
sweep,3647
sweep,3499
sweep,3020
sweep,3603
sweep,3009
sweep,3010
sweep,2888
sweep,3249
sweep,2780
sweep,2787
sweep,3648
sweep,3221
sweep,3557
sweep,3569
sweep,2650
sweep,2425
sweep,3730
sweep,2329
sweep,3319
sweep,1918
sweep,3586
sweep,3691
sweep,4668
sweep,3248
sweep,3065
sweep,2918
sweep,3029
sweep,2988
sweep,3379
sweep,3086
sweep,2907
sweep,3157
sweep,2481
sweep,2599
sweep,4026
sweep,2639
sweep,2767
sweep,3169
sweep,3087
sweep,3799
sweep,2650
sweep,2549
sweep,2529
sweep,5539
sweep,8442
sweep,9109
sweep,8854
sweep,7692
sweep,5748
sweep,7104
sweep,4029
sweep,4592
sweep,4886
sweep,5934
sweep,5824
sweep,6282
sweep,254
mark,1043807
sweep,5079
sweep,4244
sweep,4370
sweep,4025
sweep,3733
sweep,4355
sweep,3572
sweep,3149
sweep,2875
sweep,3156
sweep,3095
sweep,2774
sweep,2688
sweep,3167
sweep,2864
sweep,3093
sweep,3660
sweep,3057
sweep,3216
sweep,3415
sweep,2510
sweep,2755
sweep,4050
sweep,2389
sweep,3073
sweep,2180
sweep,3785
sweep,3913
sweep,4665
sweep,3171
sweep,3065
sweep,3068
sweep,2866
sweep,3226
sweep,2826
sweep,3543
sweep,2786
sweep,3096
sweep,2562
sweep,2667
sweep,3734
sweep,2712
sweep,2833
sweep,3126
sweep,3262
sweep,3490
sweep,2997
sweep,2502
sweep,2806
sweep,3694
sweep,4217
sweep,4099
sweep,4415
sweep,5775
sweep,8272
sweep,6604
sweep,8500
sweep,8170
sweep,8497
sweep,7451
sweep,7143
sweep,7037
sweep,829
mark,1029407
sweep,4892
sweep,4062
sweep,3938
sweep,4025
sweep,3602
sweep,4032
sweep,3556
sweep,3116
sweep,2945
sweep,3252
sweep,3240
sweep,3220
sweep,2741
sweep,2735
sweep,2841
sweep,2920
sweep,3334
sweep,3016
sweep,3056
sweep,3363
sweep,2431
sweep,2630
sweep,3704
sweep,2350
sweep,3190
sweep,1973
sweep,3807
sweep,3915
sweep,4483
sweep,3255
sweep,3046
sweep,3375
sweep,3206
sweep,3155
sweep,2853
sweep,3606
sweep,2918
sweep,3338
sweep,2513
sweep,2742
sweep,3971
sweep,2808
sweep,2677
sweep,3031
sweep,2846
sweep,3900
sweep,2648
sweep,2519
sweep,2489
sweep,5281
sweep,8702
sweep,8523
sweep,8538
sweep,8173
sweep,6791
sweep,7133
sweep,3934
sweep,4450
sweep,4338
sweep,5679
sweep,5892
sweep,6347
sweep,214
mark,1031439
sweep,4879
sweep,4339
sweep,3990
sweep,4028
sweep,3805
sweep,4001
sweep,3823
sweep,3040
sweep,3019
sweep,3129
sweep,3280
sweep,2728
sweep,2674
sweep,2944
sweep,2603
sweep,2653
sweep,3639
sweep,3207
sweep,3024
sweep,3784
sweep,2354
sweep,3020
sweep,3941
sweep,2470
sweep,3054
sweep,2069
sweep,3360
sweep,3624
sweep,4162
sweep,3514
sweep,3303
sweep,3304
sweep,3270
sweep,2923
sweep,2986
sweep,3450
sweep,2866
sweep,3029
sweep,2627
sweep,2918
sweep,3669
sweep,2610
sweep,2824
sweep,3154
sweep,3481
sweep,3543
sweep,2846
sweep,2545
sweep,2775
sweep,3748
sweep,4345
sweep,3985
sweep,4379
sweep,5587
sweep,8399
sweep,6508
sweep,8546
sweep,8315
sweep,8710
sweep,8360
sweep,7516
sweep,7448
sweep,832
mark,1032075
sweep,4430
sweep,4061
sweep,4385
sweep,4155
sweep,3717
sweep,4156
sweep,4017
sweep,3099
sweep,2899
sweep,3330
sweep,2979
sweep,2731
sweep,2999
sweep,2822
sweep,2677
sweep,2666
sweep,3563
sweep,3148
sweep,3712
sweep,3708
sweep,2358
sweep,2368
sweep,4105
sweep,2432
sweep,3832
sweep,1912
sweep,3435
sweep,3692
sweep,4539
sweep,3228
sweep,3132
sweep,3088
sweep,2982
sweep,3108
sweep,2826
sweep,3115
sweep,2879
sweep,3145
sweep,2383
sweep,2688
sweep,3732
sweep,2963
sweep,2894
sweep,3438
sweep,2888
sweep,3686
sweep,2646
sweep,2680
sweep,2690
sweep,5703
sweep,9021
sweep,8767
sweep,8340
sweep,7830
sweep,5822
sweep,7423
sweep,4045
sweep,4277
sweep,5076
sweep,6179
sweep,5862
sweep,5768
sweep,264
mark,1027542
sweep,4550
sweep,3932
sweep,3786
sweep,4200
sweep,3770
sweep,4036
sweep,3871
sweep,3067
sweep,2897
sweep,3178
sweep,3110
sweep,3107
sweep,2603
sweep,2837
sweep,2607
sweep,2626
sweep,3368
sweep,2897
sweep,3232
sweep,3578
sweep,2434
sweep,2506
sweep,3668
sweep,2428
sweep,3072
sweep,1934
sweep,3508
sweep,3720
sweep,4283
sweep,3576
sweep,3260
sweep,3116
sweep,3072
sweep,3093
sweep,2694
sweep,3106
sweep,2924
sweep,3268
sweep,2913
sweep,2867
sweep,3666
sweep,3000
sweep,2706
sweep,3363
sweep,3092
sweep,3774
sweep,2828
sweep,2509
sweep,2748
sweep,3759
sweep,3961
sweep,3995
sweep,4273
sweep,5712
sweep,7833
sweep,6477
sweep,8542
sweep,8790
sweep,8720
sweep,7255
sweep,7242
sweep,7233
sweep,828
mark,1031006
sweep,4983
sweep,3984
sweep,4047
sweep,4373
sweep,3862
sweep,4151
sweep,3921
sweep,3467
sweep,3113
sweep,3702
sweep,3241
sweep,2763
sweep,3026
sweep,2921
sweep,2606
sweep,2855
sweep,3231
sweep,2975
sweep,3019
sweep,3442
sweep,2661
sweep,2462
sweep,3763
sweep,2456
sweep,3044
sweep,1961
sweep,3377
sweep,3594
sweep,4495
sweep,3435
sweep,3302
sweep,3015
sweep,2879
sweep,2932
sweep,2890
sweep,3463
sweep,3028
sweep,3262
sweep,2600
sweep,2649
sweep,3659
sweep,2961
sweep,2740
sweep,2848
sweep,3406
sweep,3657
sweep,2807
sweep,2660
sweep,2407
sweep,5960
sweep,8805
sweep,8397
sweep,8452
sweep,7958
sweep,5752
sweep,7590
sweep,4119
sweep,4363
sweep,4231
sweep,6349
sweep,6114
sweep,5901
sweep,232
mark,1030060
sweep,4525
sweep,3887
sweep,3867
sweep,3989
sweep,3637
sweep,4323
sweep,3917
sweep,3087
sweep,2820
sweep,3496
sweep,3219
sweep,2709
sweep,2899
sweep,3099
sweep,2813
sweep,2630
sweep,3359
sweep,2891
sweep,3357
sweep,3518
sweep,2309
sweep,2735
sweep,4110
sweep,2344
sweep,3213
sweep,1982
sweep,3674
sweep,3661
sweep,4650
sweep,3376
sweep,3038
sweep,3375
sweep,2973
sweep,3142
sweep,2795
sweep,3188
sweep,2971
sweep,3024
sweep,2513
sweep,2952
sweep,3689
sweep,2884
sweep,2926
sweep,3038
sweep,2850
sweep,3681
sweep,2771
sweep,2573
sweep,2389
sweep,3601
sweep,4063
sweep,4023
sweep,4111
sweep,5718
sweep,7730
sweep,6113
sweep,8599
sweep,8994
sweep,8402
sweep,7219
sweep,7096
sweep,7290
sweep,821
mark,1031606
sweep,4738
sweep,3929
sweep,4609
sweep,3924
sweep,3796
sweep,4098
sweep,3862
sweep,3407
sweep,3051
sweep,3374
sweep,3237
sweep,2673
sweep,2813
sweep,2827
sweep,2571
sweep,3053
sweep,3590
sweep,2980
sweep,3235
sweep,3401
sweep,2467
sweep,2582
sweep,3742
sweep,2350
sweep,3097
sweep,1854
sweep,3546
sweep,3669
sweep,4522
sweep,3543
sweep,3098
sweep,3154
sweep,2988
sweep,3298
sweep,2933
sweep,3160
sweep,3022
sweep,3073
sweep,2702
sweep,2634
sweep,3687
sweep,2765
sweep,2697
sweep,3074
sweep,2843
sweep,3586
sweep,2719
sweep,2538
sweep,2774
sweep,5372
sweep,8710
sweep,8643
sweep,8653
sweep,7853
sweep,5757
sweep,7455
sweep,4344
sweep,4456
sweep,4563
sweep,6157
sweep,6009
sweep,6636
sweep,226
mark,1062551
sweep,5425
sweep,4076
sweep,4191
sweep,4099
sweep,4037
sweep,4374
sweep,3634
sweep,3141
sweep,2972
sweep,3268
sweep,3549
sweep,2839
sweep,2884
sweep,3273
sweep,2653
sweep,2611
sweep,3219
sweep,3365
sweep,3653
sweep,3626
sweep,2622
sweep,2799
sweep,3768
sweep,2754
sweep,3159
sweep,1926
sweep,3524
sweep,3871
sweep,4128
sweep,3359
sweep,3191
sweep,3292
sweep,2971
sweep,3161
sweep,2729
sweep,3252
sweep,2876
sweep,3324
sweep,2516
sweep,2735
sweep,3968
sweep,2732
sweep,3065
sweep,2945
sweep,2827
sweep,3569
sweep,3044
sweep,2634
sweep,2452
sweep,3410
sweep,4089
sweep,4034
sweep,4709
sweep,5905
sweep,7784
sweep,6149
sweep,8801
sweep,8745
sweep,8828
sweep,7242
sweep,7297
sweep,7157
sweep,892
mark,1046701
sweep,4675
sweep,4051
sweep,4160
sweep,4237
sweep,3663
sweep,4244
sweep,3723
sweep,3196
sweep,2910
sweep,3631
sweep,3282
sweep,3136
sweep,2996
sweep,3133
sweep,2657
sweep,2845
sweep,3522
sweep,3209
sweep,3330
sweep,3445
sweep,2297
sweep,2365
sweep,3730
sweep,2247
sweep,3241
sweep,2217
sweep,3522
sweep,3749
sweep,4574
sweep,3542
sweep,3757
sweep,2932
sweep,3035
sweep,2934
sweep,3057
sweep,3268
sweep,2787
sweep,3325
sweep,2517
sweep,2797
sweep,4136
sweep,2931
sweep,3287
sweep,3257
sweep,2992
sweep,3369
sweep,2761
sweep,2509
sweep,2568
sweep,5820
sweep,9110
sweep,8878
sweep,8623
sweep,7915
sweep,5913
sweep,7628
sweep,3958
sweep,4674
sweep,4256
sweep,5766
sweep,5930
sweep,6760
sweep,225
mark,1047837
sweep,4879
sweep,3845
sweep,4332
sweep,4055
sweep,3747
sweep,4063
sweep,3633
sweep,3084
sweep,2868
sweep,3274
sweep,3146
sweep,2849
sweep,2754
sweep,2985
sweep,2569
sweep,2733
sweep,3323
sweep,3195
sweep,3284
sweep,3581
sweep,2542
sweep,2589
sweep,3817
sweep,2471
sweep,3100
sweep,2043
sweep,3542
sweep,3673
sweep,4342
sweep,3474
sweep,3149
sweep,2920
sweep,3459
sweep,3000
sweep,3164
sweep,3535
sweep,3010
sweep,3072
sweep,2755
sweep,3027
sweep,3657
sweep,2704
sweep,2715
sweep,3046
sweep,2798
sweep,3490
sweep,2757
sweep,2475
sweep,2446
sweep,3885
sweep,4088
sweep,4052
sweep,4526
sweep,5752
sweep,8662
sweep,6356
sweep,8898
sweep,8162
sweep,9163
sweep,7613
sweep,7390
sweep,7090
sweep,906
mark,1064087
sweep,5083
sweep,4333
sweep,3988
sweep,4193
sweep,3983
sweep,4141
sweep,3637
sweep,3125
sweep,3174
sweep,3295
sweep,3083
sweep,2756
sweep,2780
sweep,3293
sweep,2698
sweep,2606
sweep,3487
sweep,3254
sweep,3311
sweep,3686
sweep,2628
sweep,2643
sweep,4034
sweep,2372
sweep,3372
sweep,1974
sweep,3489
sweep,3707
sweep,4560
sweep,3919
sweep,3586
sweep,3160
sweep,2991
sweep,3198
sweep,2843
sweep,3412
sweep,2787
sweep,3037
sweep,2451
sweep,2752
sweep,4037
sweep,2744
sweep,2752
sweep,3058
sweep,2969
sweep,3410
sweep,3305
sweep,2611
sweep,2704
sweep,5447
sweep,8931
sweep,8709
sweep,8849
sweep,7842
sweep,6071
sweep,7569
sweep,4433
sweep,4581
sweep,4968
sweep,5805
sweep,5877
sweep,5893
sweep,240
mark,1065416
sweep,5093
sweep,4255
sweep,4455
sweep,4325
sweep,3907
sweep,3999
sweep,3649
sweep,3117
sweep,2811
sweep,3087
sweep,3008
sweep,2890
sweep,2684
sweep,2999
sweep,2601
sweep,2679
sweep,3609
sweep,2980
sweep,2971
sweep,3388
sweep,2212
sweep,2844
sweep,3813
sweep,2333
sweep,3060
sweep,2020
sweep,3597
sweep,3839
sweep,4118
sweep,3472
sweep,3127
sweep,3186
sweep,2960
sweep,2926
sweep,2769
sweep,3323
sweep,2747
sweep,3037
sweep,2585
sweep,2734
sweep,3876
sweep,2743
sweep,2763
sweep,3114
sweep,2869
sweep,3416
sweep,2609
sweep,2581
sweep,2467
sweep,3336
sweep,4321
sweep,4071
sweep,4428
sweep,5371
sweep,8227
sweep,6406
sweep,8448
sweep,8395
sweep,8352
sweep,8257
sweep,7263
sweep,7577
sweep,835
mark,1035462
sweep,4555
sweep,4001
sweep,3966
sweep,4285
sweep,3908
sweep,4298
sweep,3619
sweep,3341
sweep,3048
sweep,3500
sweep,3035
sweep,3071
sweep,2665
sweep,2933
sweep,2645
sweep,2700
sweep,3256
sweep,2967
sweep,3001
sweep,3405
sweep,2542
sweep,2450
sweep,3683
sweep,2485
sweep,3148
sweep,2199
sweep,3542
sweep,3704
sweep,4375
sweep,3406
sweep,3290
sweep,3138
sweep,2927
sweep,3017
sweep,3053
sweep,3086
sweep,3141
sweep,3253
sweep,2546
sweep,2667
sweep,4076
sweep,2595
sweep,2640
sweep,2960
sweep,2819
sweep,3707
sweep,2749
sweep,2522
sweep,2557
sweep,6028
sweep,9063
sweep,8904
sweep,8661
sweep,7871
sweep,5928
sweep,7681
sweep,4091
sweep,4341
sweep,4912
sweep,6223
sweep,5862
sweep,5753
sweep,225
mark,1026619
sweep,5256
sweep,4084
sweep,4388
sweep,4335
sweep,3852
sweep,4409
sweep,3979
sweep,3323
sweep,2922
sweep,3476
sweep,3300
sweep,2673
sweep,2879
sweep,3025
sweep,2530
sweep,2709
sweep,3184
sweep,3234
sweep,3066
sweep,3407
sweep,2593
sweep,2564
sweep,4037
sweep,2652
sweep,3133
sweep,1854
sweep,3365
sweep,3630
sweep,4277
sweep,3825
sweep,3037
sweep,3097
sweep,3187
sweep,3322
sweep,2745
sweep,3628
sweep,3102
sweep,2966
sweep,2528
sweep,2764
sweep,3756
sweep,2925
sweep,2765
sweep,3248
sweep,2820
sweep,3365
sweep,2690
sweep,2435
sweep,2542
sweep,4039
sweep,3845
sweep,3960
sweep,4118
sweep,6181
sweep,7826
sweep,5902
sweep,8551
sweep,8251
sweep,8731
sweep,8299
sweep,7361
sweep,7497
sweep,797
mark,1028344
sweep,4479
sweep,4037
sweep,3891
sweep,4161
sweep,3756
sweep,4094
sweep,3621
sweep,3307
sweep,2965
sweep,3195
sweep,3265
sweep,2748
sweep,2871
sweep,2841
sweep,2667
sweep,2755
sweep,3484
sweep,3011
sweep,3628
sweep,3409
sweep,2566
sweep,2466
sweep,3709
sweep,2404
sweep,3058
sweep,2225
sweep,3590
sweep,3644
sweep,4638
sweep,3364
sweep,3082
sweep,3123
sweep,3159
sweep,3112
sweep,3082
sweep,3053
sweep,2765
sweep,3146
sweep,2834
sweep,2585
sweep,3797
sweep,2653
sweep,2964
sweep,3378
sweep,2858
sweep,3650
sweep,2668
sweep,2604
sweep,2647
sweep,5357
sweep,9121
sweep,8998
sweep,8762
sweep,8189
sweep,6220
sweep,7193
sweep,4124
sweep,4520
sweep,4696
sweep,5875
sweep,5774
sweep,5732
sweep,262
mark,1025178
sweep,4583
sweep,4136
sweep,4306
sweep,4183
sweep,3592
sweep,3963
sweep,3562
sweep,3378
sweep,3154
sweep,3021
sweep,2976
sweep,2867
sweep,2760
sweep,2825
sweep,2618
sweep,2987
sweep,3434
sweep,3172
sweep,2956
sweep,3637
sweep,2392
sweep,3057
sweep,3784
sweep,2249
sweep,3118
sweep,1991
sweep,3652
sweep,3599
sweep,4356
sweep,3362
sweep,3281
sweep,3185
sweep,3003
sweep,3179
sweep,2770
sweep,3316
sweep,2879
sweep,3218
sweep,2468
sweep,2670
sweep,3699
sweep,2671
sweep,2966
sweep,2964
sweep,2835
sweep,3690
sweep,3083
sweep,2843
sweep,2512
sweep,3779
sweep,4488
sweep,4165
sweep,4090
sweep,5918
sweep,7678
sweep,5912
sweep,9161
sweep,8174
sweep,8258
sweep,8300
sweep,7632
sweep,7602
sweep,833
mark,1030990
sweep,5057
sweep,3879
sweep,4310
sweep,4073
sweep,3492
sweep,4277
sweep,3619
sweep,3507
sweep,3237
sweep,3291
sweep,3044
sweep,2773
sweep,2698
sweep,2776
sweep,2565
sweep,2723
sweep,3502
sweep,3211
sweep,3183
sweep,3442
sweep,2282
sweep,2650
sweep,3766
sweep,2484
sweep,3065
sweep,2152
sweep,3321
sweep,4173
sweep,4453
sweep,3907
sweep,3103
sweep,3055
sweep,2916
sweep,3138
sweep,2830
sweep,3195
sweep,2733
sweep,3148
sweep,2471
sweep,3145
sweep,3741
sweep,2889
sweep,2973
sweep,2968
sweep,2934
sweep,3731
sweep,2659
sweep,2513
sweep,2648
sweep,5573
sweep,8785
sweep,8654
sweep,8536
sweep,8104
sweep,6225
sweep,7199
sweep,4105
sweep,4367
sweep,4941
sweep,5814
sweep,6185
sweep,5890
sweep,221
mark,1027111
sweep,5416
sweep,4275
sweep,4325
sweep,4253
sweep,3687
sweep,4227
sweep,3835
sweep,3497
sweep,2748
sweep,3177
sweep,3159
sweep,2719
sweep,2990
sweep,3075
sweep,2570
sweep,2615
sweep,3510
sweep,3451
sweep,3139
sweep,3583
sweep,2346
sweep,2476
sweep,3954
sweep,2463
sweep,3084
sweep,1975
sweep,3362
sweep,3651
sweep,4566
sweep,3239
sweep,3252
sweep,2998
sweep,3256
sweep,3143
sweep,2759
sweep,3510
sweep,2762
sweep,3378
sweep,2491
sweep,2747
sweep,3963
sweep,2941
sweep,2995
sweep,3007
sweep,2833
sweep,3399
sweep,2911
sweep,2598
sweep,2796
sweep,3852
sweep,4114
sweep,3910
sweep,4159
sweep,6146
sweep,8358
sweep,6434
sweep,8390
sweep,8559
sweep,8403
sweep,8103
sweep,7346
sweep,7789
sweep,873
mark,1031920
sweep,5015
sweep,3745
sweep,4485
sweep,4300
sweep,3528
sweep,4291
sweep,3836
sweep,3107
sweep,2834
sweep,3491
sweep,3032
sweep,2758
sweep,2688
sweep,2845
sweep,2823
sweep,2627
sweep,3457
sweep,2922
sweep,3350
sweep,3804
sweep,2327
sweep,2838
sweep,3995
sweep,2372
sweep,3644
sweep,1914
sweep,3447
sweep,3590
sweep,4047
sweep,3663
sweep,3080
sweep,3168
sweep,3093
sweep,2933
sweep,2765
sweep,3070
sweep,2799
sweep,3284
sweep,2781
sweep,2868
sweep,4519
sweep,2636
sweep,2649
sweep,3004
sweep,2938
sweep,3496
sweep,2959
sweep,2512
sweep,2464
sweep,5813
sweep,8671
sweep,8701
sweep,8624
sweep,8016
sweep,6034
sweep,6918
sweep,3867
sweep,4295
sweep,4983
sweep,12113
sweep,5923
sweep,6241
sweep,226
mark,1026437
sweep,4740
sweep,4194
sweep,3827
sweep,4371
sweep,3814
sweep,4033
sweep,3647
sweep,3422
sweep,2797
sweep,3476
sweep,3138
sweep,3268
sweep,2883
sweep,2778
sweep,2660
sweep,2744
sweep,3257
sweep,3103
sweep,3137
sweep,3446
sweep,2363
sweep,2464
sweep,3728
sweep,2343
sweep,3132
sweep,2085
sweep,3407
sweep,3931
sweep,4496
sweep,3520
sweep,3047
sweep,3283
sweep,3213
sweep,3136
sweep,2797
sweep,3512
sweep,2938
sweep,2997
sweep,2816
sweep,2697
sweep,3677
sweep,2784
sweep,2663
sweep,3005
sweep,2796
sweep,3627
sweep,2702
sweep,2506
sweep,2551
sweep,3635
sweep,3867
sweep,4177
sweep,4135
sweep,5944
sweep,7958
sweep,6095
sweep,9112
sweep,8067
sweep,8526
sweep,7106
sweep,7151
sweep,7168
sweep,932
mark,1033456
sweep,4552
sweep,4215
sweep,3960
sweep,4295
sweep,3768
sweep,4263
sweep,3935
sweep,3310
sweep,2859
sweep,3177
sweep,3046
sweep,3247
sweep,2736
sweep,2846
sweep,2638
sweep,2615
sweep,3548
sweep,3089
sweep,3308
sweep,3408
sweep,2597
sweep,2588
sweep,3869
sweep,2546
sweep,3143
sweep,1946
sweep,3641
sweep,3627
sweep,4468
sweep,3618
sweep,3295
sweep,2996
sweep,2832
sweep,3188
sweep,2953
sweep,3409
sweep,2797
sweep,3121
sweep,2455
sweep,2543
sweep,3940
sweep,2660
sweep,2821
sweep,3401
sweep,3066
sweep,3541
sweep,2826
sweep,2789
sweep,2766
sweep,5537
sweep,8656
sweep,8421
sweep,9102
sweep,8229
sweep,5540
sweep,7627
sweep,4103
sweep,4540
sweep,5190
sweep,6196
sweep,5720
sweep,5962
sweep,222
mark,1034460
sweep,5310
sweep,4384
sweep,4302
sweep,4188
sweep,3654
sweep,4325
sweep,3856
sweep,3109
sweep,3118
sweep,3187
sweep,3045
sweep,2891
sweep,2697
sweep,2957
sweep,2521
sweep,2765
sweep,3248
sweep,3056
sweep,3431
sweep,3521
sweep,2320
sweep,2539
sweep,3795
sweep,2397
sweep,3036
sweep,1895
sweep,3424
sweep,3972
sweep,4501
sweep,3825
sweep,3300
sweep,2969
sweep,2880
sweep,3418
sweep,2958
sweep,3326
sweep,2759
sweep,3089
sweep,2514
sweep,2951
sweep,3942
sweep,2906
sweep,2633
sweep,3378
sweep,3135
sweep,3447
sweep,2820
sweep,2486
sweep,2426
sweep,3759
sweep,4057
sweep,4019
sweep,4195
sweep,6010
sweep,8424
sweep,6398
sweep,8819
sweep,8215
sweep,8660
sweep,8207
sweep,7531
sweep,7478
sweep,829
mark,1036779
sweep,4511
sweep,4091
sweep,4019
sweep,4075
sweep,3914
sweep,4061
sweep,3676
sweep,3063
sweep,2925
sweep,3214
sweep,3024
sweep,2761
sweep,2864
sweep,3229
sweep,2546
sweep,2665
sweep,3291
sweep,3176
sweep,3051
sweep,3545
sweep,2336
sweep,2385
sweep,3716
sweep,2414
sweep,3057
sweep,1996
sweep,3572
sweep,3656
sweep,4345
sweep,3529
sweep,3001
sweep,2935
sweep,3068
sweep,3135
sweep,2788
sweep,3376
sweep,2752
sweep,3026
sweep,2806
sweep,2900
sweep,3818
sweep,2881
sweep,2791
sweep,3139
sweep,2815
sweep,3714
sweep,2866
sweep,2474
sweep,2516
sweep,5540
sweep,9020
sweep,8483
sweep,8739
sweep,8035
sweep,6518
sweep,7452
sweep,4040
sweep,4307
sweep,4729
sweep,6164
sweep,5831
sweep,5796
sweep,223
mark,1030835
sweep,4616
sweep,3865
sweep,4318
sweep,3942
sweep,4000
sweep,4521
sweep,3719
sweep,3444
sweep,2919
sweep,3473
sweep,3297
sweep,3082
sweep,2692
sweep,3200
sweep,2574
sweep,2872
sweep,3184
sweep,2841
sweep,3055
sweep,3690
sweep,2290
sweep,2411
sweep,3739
sweep,2625
sweep,3127
sweep,2055
sweep,3552
sweep,3626
sweep,4441
sweep,3218
sweep,3162
sweep,3241
sweep,3479
sweep,3090
sweep,2866
sweep,3517
sweep,2965
sweep,2986
sweep,2552
sweep,2761
sweep,3738
sweep,2572
sweep,2996
sweep,3236
sweep,2743
sweep,3410
sweep,2886
sweep,2478
sweep,2529
sweep,3679
sweep,4098
sweep,3983
sweep,4203
sweep,6072
sweep,8710
sweep,6859
sweep,8914
sweep,8356
sweep,8475
sweep,8270
sweep,7507
sweep,7637
sweep,831
mark,1040751
sweep,5443
sweep,4195
sweep,3952
sweep,4319
sweep,3622
sweep,4142
sweep,3862
sweep,3409
sweep,3153
sweep,3706
sweep,2981
sweep,2789
sweep,2885
sweep,2993
sweep,2717
sweep,3218
sweep,3278
sweep,3157
sweep,3042
sweep,3487
sweep,2383
sweep,2374
sweep,3870
sweep,2649
sweep,3132
sweep,1960
sweep,3466
sweep,3774
sweep,4480
sweep,3847
sweep,3175
sweep,3299
sweep,2921
sweep,3173
sweep,2864
sweep,3212
sweep,3007
sweep,3320
sweep,2516
sweep,2729
sweep,3924
sweep,2679
sweep,3099
sweep,2937
sweep,2802
sweep,3484
sweep,3012
sweep,2571
sweep,2380
sweep,5162
sweep,8807
sweep,8215
sweep,8928
sweep,8073
sweep,6176
sweep,7309
sweep,4412
sweep,4284
sweep,4877
sweep,6146
sweep,5702
sweep,5900
sweep,226
mark,1030247
sweep,4528
sweep,3996
sweep,4422
sweep,4004
sweep,4115
sweep,3968
sweep,3568
sweep,3046
sweep,2983
sweep,3602
sweep,3106
sweep,2878
sweep,2673
sweep,2899
sweep,2596
sweep,2561
sweep,3453
sweep,3111
sweep,3021
sweep,3482
sweep,2445
sweep,2974
sweep,3838
sweep,2426
sweep,3441
sweep,1907
sweep,3338
sweep,3638
sweep,4792
sweep,3781
sweep,3165
sweep,2823
sweep,3012
sweep,2985
sweep,2750
sweep,3342
sweep,2869
sweep,2973
sweep,2546
sweep,2694
sweep,3683
sweep,3131
sweep,2641
sweep,3069
sweep,2765
sweep,3376
sweep,2774
sweep,2593
sweep,2505
sweep,3584
sweep,4196
sweep,4086
sweep,4201
sweep,6372
sweep,8012
sweep,6450
sweep,8846
sweep,8499
sweep,8476
sweep,8254
sweep,7361
sweep,7286
sweep,832
mark,1040459
sweep,4491
sweep,4213
sweep,3875
sweep,3823
sweep,3613
sweep,4381
sweep,3669
sweep,3199
sweep,3087
sweep,3641
sweep,3132
sweep,2912
sweep,2763
sweep,2988
sweep,2816
sweep,2623
sweep,3212
sweep,2966
sweep,2987
sweep,3748
sweep,2652
sweep,2679
sweep,3934
sweep,2361
sweep,3032
sweep,2132
sweep,3760
sweep,3790
sweep,4323
sweep,3359
sweep,3073
sweep,3024
sweep,2920
sweep,3025
sweep,2862
sweep,3387
sweep,2980
sweep,3237
sweep,2464
sweep,3016
sweep,3830
sweep,2897
sweep,3292
sweep,2926
sweep,2761
sweep,3875
sweep,2774
sweep,2777
sweep,2477
sweep,5897
sweep,9607
sweep,8673
sweep,8816
sweep,8266
sweep,6226
sweep,7588
sweep,4328
sweep,4421
sweep,4315
sweep,5791
sweep,5630
sweep,6525
sweep,240
mark,1052215
sweep,4626
sweep,3987
sweep,4004
sweep,4160
sweep,3868
sweep,4338
sweep,3727
sweep,3169
sweep,2819
sweep,3143
sweep,3416
sweep,2780
sweep,2649
sweep,2890
sweep,2674
sweep,2764
sweep,3251
sweep,3067
sweep,3062
sweep,3432
sweep,2341
sweep,2458
sweep,3709
sweep,2889
sweep,3059
sweep,1856
sweep,3438
sweep,3691
sweep,4492
sweep,3797
sweep,3349
sweep,3259
sweep,2999
sweep,3207
sweep,2767
sweep,3261
sweep,2864
sweep,3097
sweep,2584
sweep,2812
sweep,3784
sweep,2706
sweep,2751
sweep,3074
sweep,2851
sweep,3544
sweep,3178
sweep,2530
sweep,2439
sweep,3692
sweep,3824
sweep,3989
sweep,4383
sweep,6172
sweep,8098
sweep,6650
sweep,8977
sweep,9191
sweep,9124
sweep,7297
sweep,7506
sweep,7092
sweep,828
mark,1045678
sweep,4511
sweep,3950
sweep,4224
sweep,4313
sweep,3642
sweep,4056
sweep,3696
sweep,3197
sweep,2956
sweep,3442
sweep,3122
sweep,2700
sweep,2956
sweep,2891
sweep,2607
sweep,2686
sweep,3398
sweep,2976
sweep,3203
sweep,3704
sweep,2450
sweep,2674
sweep,3784
sweep,2369
sweep,3219
sweep,2138
sweep,3453
sweep,3731
sweep,4220
sweep,3533
sweep,3710
sweep,3060
sweep,2932
sweep,3298
sweep,2943
sweep,3427
sweep,3057
sweep,3088
sweep,2449
sweep,3242
sweep,3741
sweep,2716
sweep,2719
sweep,3434
sweep,2944
sweep,3509
sweep,2801
sweep,2596
sweep,2531
sweep,5505
sweep,9068
sweep,8596
sweep,8684
sweep,8005
sweep,6186
sweep,6915
sweep,3917
sweep,4654
sweep,4410
sweep,5768
sweep,5688
sweep,6130
sweep,242
mark,1062499
sweep,4572
sweep,3997
sweep,3834
sweep,4299
sweep,3625
sweep,3845
sweep,3837
sweep,3387
sweep,2981
sweep,3370
sweep,3135
sweep,3059
sweep,2682
sweep,2988
sweep,2624
sweep,2882
sweep,3248
sweep,2992
sweep,3218
sweep,3436
sweep,2352
sweep,2453
sweep,3994
sweep,2491
sweep,3105
sweep,2009
sweep,3739
sweep,3692
sweep,4452
sweep,3617
sweep,3204
sweep,3112
sweep,2906
sweep,3409
sweep,2683
sweep,3235
sweep,2824
sweep,3154
sweep,2747
sweep,3169
sweep,3782
sweep,2599
sweep,2769
sweep,3148
sweep,2929
sweep,3676
sweep,2837
sweep,2514
sweep,2798
sweep,3396
sweep,3942
sweep,4119
sweep,4457
sweep,5778
sweep,8346
sweep,6395
sweep,8834
sweep,8552
sweep,8626
sweep,8297
sweep,7184
sweep,7524
sweep,834
mark,1027988
sweep,4677
sweep,4158
sweep,3961
sweep,4301
sweep,3614
sweep,4352
sweep,3829
sweep,3293
sweep,2933
sweep,3304
sweep,3435
sweep,2853
sweep,3334
sweep,2916
sweep,2647
sweep,2963
sweep,3314
sweep,2894
sweep,3100
sweep,3614
sweep,2634
sweep,2366
sweep,4010
sweep,2586
sweep,3135
sweep,1990
sweep,3290
sweep,3637
sweep,4449
sweep,3423
sweep,3066
sweep,3530
sweep,2830
sweep,3196
sweep,3232
sweep,3090
sweep,2905
sweep,3098
sweep,2430
sweep,2650
sweep,3701
sweep,2863
sweep,2706
sweep,3280
sweep,2900
sweep,3406
sweep,2827
sweep,2616
sweep,2578
sweep,5337
sweep,8778
sweep,8387
sweep,8502
sweep,8236
sweep,5972
sweep,6952
sweep,4102
sweep,4286
sweep,4937
sweep,6318
sweep,6006
sweep,5903
sweep,224
mark,1024190
sweep,4532
sweep,4144
sweep,3895
sweep,4451
sweep,4073
sweep,4272
sweep,3714
sweep,3054
sweep,3117
sweep,3302
sweep,3314
sweep,2735
sweep,3008
sweep,2729
sweep,2587
sweep,2690
sweep,3252
sweep,3095
sweep,3010
sweep,3793
sweep,2536
sweep,2729
sweep,3866
sweep,2479
sweep,3211
sweep,2143
sweep,3360
sweep,3576
sweep,4569
sweep,3520
sweep,3384
sweep,3390
sweep,2964
sweep,3014
sweep,2981
sweep,3337
sweep,2975
sweep,3249
sweep,2656
sweep,2658
sweep,3635
sweep,2569
sweep,2744
sweep,3202
sweep,2968
sweep,3478
sweep,2785
sweep,2531
sweep,2493
sweep,3763
sweep,3974
sweep,4118
sweep,4378
sweep,6220
sweep,7639
sweep,5950
sweep,8514
sweep,8374
sweep,8496
sweep,8098
sweep,7428
sweep,7567
sweep,813
mark,1035445
sweep,4777
sweep,4031
sweep,3896
sweep,3994
sweep,3838
sweep,4163
sweep,3652
sweep,3090
sweep,3092
sweep,3285
sweep,3248
sweep,2771
sweep,2689
sweep,2883
sweep,2618
sweep,2570
sweep,3283
sweep,3058
sweep,3265
sweep,3525
sweep,2385
sweep,2434
sweep,4048
sweep,2806
sweep,3028
sweep,1994
sweep,3420
sweep,3885
sweep,4200
sweep,3339
sweep,3033
sweep,3288
sweep,2864
sweep,3071
sweep,3024
sweep,3217
sweep,2900
sweep,3234
sweep,2556
sweep,2732
sweep,3676
sweep,2692
sweep,2788
sweep,2986
sweep,3027
sweep,3401
sweep,2632
sweep,2438
sweep,2550
sweep,5437
sweep,8691
sweep,8570
sweep,8628
sweep,8323
sweep,6061
sweep,7230
sweep,4157
sweep,4408
sweep,4964
sweep,6224
sweep,5830
sweep,5853
sweep,223
mark,1026568
sweep,5023
sweep,4457
sweep,4403
sweep,4336
sweep,3499
sweep,4023
sweep,3634
sweep,3084
sweep,2781
sweep,3107
sweep,3086
sweep,2778
sweep,2743
sweep,2834
sweep,2646
sweep,2692
sweep,3547
sweep,2949
sweep,3028
sweep,3431
sweep,2294
sweep,2759
sweep,3751
sweep,2502
sweep,3054
sweep,2052
sweep,3392
sweep,4018
sweep,4143
sweep,3719
sweep,3155
sweep,3298
sweep,3493
sweep,3200
sweep,2797
sweep,3282
sweep,2773
sweep,3026
sweep,2525
sweep,2628
sweep,3708
sweep,2693
sweep,2774
sweep,2885
sweep,2940
sweep,3671
sweep,2752
sweep,2763
sweep,2474
sweep,3580
sweep,3964
sweep,4297
sweep,4193
sweep,6369
sweep,8577
sweep,6440
sweep,8319
sweep,8606
sweep,8510
sweep,8337
sweep,7282
sweep,7652
sweep,926
mark,1034805
sweep,4620
sweep,4223
sweep,3922
sweep,4153
sweep,3747
sweep,4120
sweep,3941
sweep,3124
sweep,3169
sweep,3251
sweep,3219
sweep,3140
sweep,2968
sweep,2864
sweep,2816
sweep,2658
sweep,3280
sweep,3003
sweep,3160
sweep,3982
sweep,2376
sweep,2454
sweep,3837
sweep,2494
sweep,3142
sweep,1946
sweep,3382
sweep,3627
sweep,4739
sweep,3388
sweep,3027
sweep,3028
sweep,2916
sweep,3191
sweep,2837
sweep,3359
sweep,2777
sweep,3257
sweep,2690
sweep,2697
sweep,4370
sweep,2972
sweep,2679
sweep,2998
sweep,3207
sweep,3657
sweep,2759
sweep,2504
sweep,2453
sweep,5572
sweep,8455
sweep,8794
sweep,8854
sweep,7623
sweep,6090
sweep,7020
sweep,3958
sweep,4325
sweep,4649
sweep,6398
sweep,5981
sweep,5888
sweep,237
mark,1021955
sweep,4838
sweep,3939
sweep,4043
sweep,4154
sweep,3715
sweep,4118
sweep,3487
sweep,3560
sweep,2701
sweep,3133
sweep,3486
sweep,2752
sweep,2991
sweep,2855
sweep,2671
sweep,2733
sweep,3273
sweep,2858
sweep,3163
sweep,3820
sweep,2406
sweep,2567
sweep,4145
sweep,2353
sweep,3081
sweep,1931
sweep,3639
sweep,3739
sweep,4321
sweep,3329
sweep,3486
sweep,3113
sweep,2968
sweep,3012
sweep,2796
sweep,3287
sweep,2785
sweep,2957
sweep,2475
sweep,3054
sweep,4086
sweep,3090
sweep,2963
sweep,3313
sweep,2985
sweep,3742
sweep,2834
sweep,2844
sweep,2540
sweep,3486
sweep,4001
sweep,4380
sweep,4441
sweep,6131
sweep,7955
sweep,6496
sweep,8900
sweep,8445
sweep,8472
sweep,7627
sweep,7618
sweep,7162
sweep,829
mark,1061692
sweep,4734
sweep,4286
sweep,4273
sweep,4409
sweep,3850
sweep,4082
sweep,3709
sweep,3420
sweep,3037
sweep,3226
sweep,3583
sweep,2796
sweep,2868
sweep,2892
sweep,2680
sweep,2844
sweep,3735
sweep,3002
sweep,3351
sweep,3442
sweep,2393
sweep,2405
sweep,4096
sweep,2429
sweep,3808
sweep,1942
sweep,3434
sweep,4002
sweep,4451
sweep,3831
sweep,3141
sweep,3059
sweep,2955
sweep,3156
sweep,2932
sweep,3160
sweep,2799
sweep,3036
sweep,2635
sweep,3233
sweep,3678
sweep,3058
sweep,2977
sweep,3226
sweep,3000
sweep,3769
sweep,2808
sweep,2438
sweep,2767
sweep,5731
sweep,9548
sweep,8974
sweep,8591
sweep,8105
sweep,6254
sweep,7558
sweep,4284
sweep,4822
sweep,4669
sweep,6295
sweep,5666
sweep,5831
sweep,222
mark,1050153
sweep,4730
sweep,4246
sweep,4044
sweep,4091
sweep,3865
sweep,4258
sweep,3520
sweep,3306
sweep,2830
sweep,3143
sweep,3129
sweep,2875
sweep,2863
sweep,2809
sweep,2507
sweep,2702
sweep,3375
sweep,2920
sweep,3118
sweep,3354
sweep,2242
sweep,2741
sweep,3891
sweep,2215
sweep,3730
sweep,1917
sweep,3415
sweep,3672
sweep,4467
sweep,3436
sweep,3086
sweep,3244
sweep,2935
sweep,2998
sweep,2801
sweep,3299
sweep,2744
sweep,3153
sweep,2627
sweep,2702
sweep,3778
sweep,3003
sweep,2777
sweep,2940
sweep,2822
sweep,3617
sweep,2881
sweep,2610
sweep,2547
sweep,3695
sweep,3919
sweep,3958
sweep,4105
sweep,5729
sweep,8005
sweep,6374
sweep,8526
sweep,8308
sweep,8279
sweep,7044
sweep,7042
sweep,7738
sweep,865
mark,1035389
sweep,4700
sweep,4065
sweep,4099
sweep,4092
sweep,3598
sweep,4072
sweep,4043
sweep,3211
sweep,2812
sweep,3437
sweep,3031
sweep,2781
sweep,2730
sweep,3205
sweep,2696
sweep,2679
sweep,3479
sweep,2895
sweep,3079
sweep,3507
sweep,2304
sweep,2439
sweep,3696
sweep,2588
sweep,3785
sweep,1872
sweep,3667
sweep,3694
sweep,4448
sweep,3882
sweep,3277
sweep,2975
sweep,2927
sweep,3054
sweep,2906
sweep,3377
sweep,2731
sweep,3057
sweep,2400
sweep,2677
sweep,4120
sweep,2733
sweep,2867
sweep,3392
sweep,2825
sweep,4054
sweep,2944
sweep,2797
sweep,2712
sweep,5708
sweep,8572
sweep,8671
sweep,8577
sweep,7869
sweep,5948
sweep,6979
sweep,4248
sweep,4278
sweep,4896
sweep,6268
sweep,5945
sweep,5790
sweep,224
mark,1037773
sweep,4529
sweep,4013
sweep,4076
sweep,4282
sweep,4042
sweep,3969
sweep,3548
sweep,3443
sweep,3137
sweep,3195
sweep,3241
sweep,2758
sweep,2816
sweep,2798
sweep,2870
sweep,2693
sweep,3467
sweep,2906
sweep,3048
sweep,3622
sweep,2413
sweep,2647
sweep,3716
sweep,2336
sweep,3348
sweep,1851
sweep,3334
sweep,3671
sweep,4510
sweep,3601
sweep,3097
sweep,3197
sweep,2902
sweep,3120
sweep,2773
sweep,3213
sweep,2703
sweep,3099
sweep,2751
sweep,2530
sweep,3766
sweep,2633
sweep,2745
sweep,3235
sweep,2842
sweep,3586
sweep,2669
sweep,2518
sweep,2729
sweep,3539
sweep,3989
sweep,4201
sweep,4405
sweep,6084
sweep,7803
sweep,6025
sweep,8734
sweep,8489
sweep,8433
sweep,8047
sweep,7640
sweep,7463
sweep,836
mark,1036356
sweep,4780
sweep,4111
sweep,3933
sweep,4044
sweep,3858
sweep,4274
sweep,3914
sweep,3163
sweep,2838
sweep,3330
sweep,3551
sweep,2753
sweep,2973
sweep,2838
sweep,2672
sweep,2864
sweep,3246
sweep,2986
sweep,3147
sweep,3819
sweep,2305
sweep,2673
sweep,4189
sweep,2379
sweep,3624
sweep,1891
sweep,3717
sweep,3651
sweep,4227
sweep,3582
sweep,3239
sweep,2832
sweep,3257
sweep,2993
sweep,2850
sweep,3204
sweep,2758
sweep,3099
sweep,2839
sweep,3131
sweep,3556
sweep,2674
sweep,2773
sweep,3201
sweep,2848
sweep,3627
sweep,2923
sweep,2744
sweep,2491
sweep,5364
sweep,8936
sweep,8217
sweep,8739
sweep,7869
sweep,6616
sweep,7022
sweep,4393
sweep,4490
sweep,4858
sweep,6236
sweep,5562
sweep,5935
sweep,222
mark,1032074
sweep,4861
sweep,3826
sweep,3851
sweep,4231
sweep,3515
sweep,4051
sweep,3853
sweep,3304
sweep,3104
sweep,3185
sweep,3112
sweep,2697
sweep,2667
sweep,2686
sweep,2732
sweep,2883
sweep,3525
sweep,2912
sweep,3195
sweep,3512
sweep,2228
sweep,2780
sweep,4017
sweep,2258
sweep,3120
sweep,1856
sweep,3402
sweep,3669
sweep,4630
sweep,3322
sweep,3205
sweep,3197
sweep,2866
sweep,2986
sweep,2812
sweep,3499
sweep,2779
sweep,3600
sweep,2895
sweep,2704
sweep,3868
sweep,2892
sweep,2687
sweep,2994
sweep,2745
sweep,3388
sweep,2879
sweep,2460
sweep,2459
sweep,3548
sweep,4034
sweep,3925
sweep,4050
sweep,5932
sweep,7754
sweep,6187
sweep,8835
sweep,8487
sweep,8564
sweep,8087
sweep,7351
sweep,7626
sweep,835
mark,1027545
sweep,4532
sweep,3865
sweep,4499
sweep,3967
sweep,3624
sweep,4074
sweep,3583
sweep,3093
sweep,2740
sweep,3345
sweep,3212
sweep,2678
sweep,2974
sweep,3196
sweep,2552
sweep,2748
sweep,3212
sweep,2998
sweep,2952
sweep,3854
sweep,2323
sweep,2600
sweep,3706
sweep,2872
sweep,3673
sweep,1882
sweep,3644
sweep,3896
sweep,4457
sweep,3407
sweep,3138
sweep,3105
sweep,2843
sweep,3093
sweep,2795
sweep,3224
sweep,2690
sweep,3072
sweep,2854
sweep,2969
sweep,3887
sweep,2814
sweep,2784
sweep,11414
sweep,2925
sweep,3732
sweep,2850
sweep,2658
sweep,2438
sweep,5438
sweep,9181
sweep,8657
sweep,8551
sweep,8291
sweep,5820
sweep,7396
sweep,4016
sweep,4432
sweep,4260
sweep,5719
sweep,5953
sweep,6166
sweep,233
mark,1021881
sweep,4833
sweep,3778
sweep,3889
sweep,4291
sweep,3925
sweep,4259
sweep,3545
sweep,3219
sweep,3004
sweep,3322
sweep,3157
sweep,2846
sweep,2997
sweep,2840
sweep,3142
sweep,3037
sweep,3322
sweep,2845
sweep,2935
sweep,3828
sweep,2383
sweep,2473
sweep,3784
sweep,2348
sweep,3108
sweep,1907
sweep,3363
sweep,3791
sweep,4197
sweep,3792
sweep,3464
sweep,3278
sweep,2871
sweep,3118
sweep,3271
sweep,3637
sweep,2767
sweep,3075
sweep,2630
sweep,2608
sweep,3603
sweep,3111
sweep,3118
sweep,3286
sweep,3090
sweep,3662
sweep,2681
sweep,2716
sweep,2725
sweep,3500
sweep,3929
sweep,4082
sweep,4435
sweep,6017
sweep,7740
sweep,6077
sweep,8592
sweep,8323
sweep,8309
sweep,7151
sweep,7207
sweep,7104
sweep,835
mark,1032742
sweep,5025
sweep,3865
sweep,4324
sweep,4116
sweep,3548
sweep,4109
sweep,3698
sweep,3142
sweep,3065
sweep,3532
sweep,3037
sweep,2932
sweep,2769
sweep,2958
sweep,2519
sweep,2632
sweep,3211
sweep,2987
sweep,3253
sweep,3319
sweep,2405
sweep,2625
sweep,3879
sweep,2528
sweep,3426
sweep,1973
sweep,3505
sweep,3620
sweep,4523
sweep,3616
sweep,3066
sweep,3445
sweep,3166
sweep,3191
sweep,2778
sweep,3356
sweep,3014
sweep,3054
sweep,2685
sweep,2744
sweep,3625
sweep,3067
sweep,2920
sweep,3008
sweep,2945
sweep,3547
sweep,3172
sweep,2564
sweep,2446
sweep,5556
sweep,8894
sweep,8608
sweep,8609
sweep,7768
sweep,6140
sweep,7339
sweep,4148
sweep,4291
sweep,5146
sweep,6134
sweep,5731
sweep,5926
sweep,225
mark,1029960
sweep,4670
sweep,3807
sweep,4139
sweep,3943
sweep,3624
sweep,4388
sweep,3503
sweep,3336
sweep,2840
sweep,3165
sweep,3020
sweep,2838
sweep,3001
sweep,2973
sweep,2690
sweep,2768
sweep,3387
sweep,2884
sweep,3038
sweep,3621
sweep,2673
sweep,3068
sweep,4058
sweep,2365
sweep,3166
sweep,2127
sweep,3410
sweep,4287
sweep,4641
sweep,3356
sweep,3288
sweep,3204
sweep,2886
sweep,3205
sweep,2961
sweep,3279
sweep,2796
sweep,3158
sweep,2794
sweep,2678
sweep,3688
sweep,3002
sweep,3067
sweep,3033
sweep,2934
sweep,3573
sweep,2974
sweep,2651
sweep,2443
sweep,3669
sweep,3836
sweep,3915
sweep,4218
sweep,5790
sweep,7779
sweep,6398
sweep,8812
sweep,8009
sweep,8670
sweep,7123
sweep,7590
sweep,7121
sweep,837
mark,1037205
sweep,4640
sweep,3871
sweep,3907
sweep,4211
sweep,3454
sweep,4191
sweep,3663
sweep,3301
sweep,3169
sweep,3659
sweep,2966
sweep,2728
sweep,2954
sweep,2812
sweep,2633
sweep,2996
sweep,3614
sweep,2973
sweep,3045
sweep,3736
sweep,2363
sweep,2375
sweep,3728
sweep,2515
sweep,3067
sweep,1941
sweep,3490
sweep,3662
sweep,4185
sweep,3688
sweep,3137
sweep,2992
sweep,3239
sweep,3236
sweep,2830
sweep,3250
sweep,2693
sweep,3289
sweep,2482
sweep,2767
sweep,3823
sweep,2674
sweep,3075
sweep,3162
sweep,2821
sweep,3750
sweep,3058
sweep,2740
sweep,2504
sweep,5476
sweep,8759
sweep,8433
sweep,8507
sweep,7870
sweep,6032
sweep,6790
sweep,3996
sweep,4327
sweep,4871
sweep,6176
sweep,5924
sweep,6078
sweep,222
mark,1030138
sweep,4577
sweep,4268
sweep,4347
sweep,4227
sweep,3908
sweep,4121
sweep,3811
sweep,3053
sweep,2828
sweep,3174
sweep,3234
sweep,2743
sweep,2749
sweep,2827
sweep,2650
sweep,2756
sweep,3408
sweep,3006
sweep,3268
sweep,3383
sweep,2620
sweep,2525
sweep,3792
sweep,2566
sweep,3575
sweep,2219
sweep,3467
sweep,4256
sweep,4319
sweep,3523
sweep,3146
sweep,2922
sweep,2926
sweep,2815
sweep,2803
sweep,3214
sweep,2777
sweep,3248
sweep,2672
sweep,2642
sweep,3733
sweep,2930
sweep,2951
sweep,3021
sweep,2853
sweep,3373
sweep,2997
sweep,2529
sweep,2683
sweep,3531
sweep,4402
sweep,4157
sweep,4434
sweep,5865
sweep,8269
sweep,6823
sweep,8833
sweep,8214
sweep,8608
sweep,8104
sweep,7370
sweep,7592
sweep,822
mark,1053021
sweep,4640
sweep,4197
sweep,3972
sweep,4277
sweep,3684
sweep,4320
sweep,3701
sweep,3183
sweep,3044
sweep,3267
sweep,3007
sweep,2765
sweep,2708
sweep,2828
sweep,2871
sweep,2661
sweep,3307
sweep,3144
sweep,3117
sweep,6374
sweep,2393
sweep,2620
sweep,3981
sweep,2424
sweep,3078
sweep,2053
sweep,3941
sweep,3682
sweep,4985
sweep,3762
sweep,2944
sweep,3235
sweep,3070
sweep,3140
sweep,2901
sweep,3260
sweep,2889
sweep,2961
sweep,2630
sweep,2666
sweep,3990
sweep,2955
sweep,2972
sweep,3403
sweep,2857
sweep,3429
sweep,2920
sweep,2745
sweep,2373
sweep,5390
sweep,8572
sweep,8768
sweep,8661
sweep,7506
sweep,6283
sweep,7211
sweep,4022
sweep,4445
sweep,4874
sweep,6333
sweep,5977
sweep,5887
sweep,223
mark,1025480
sweep,4710
sweep,4316
sweep,4385
sweep,4249
sweep,3777
sweep,4296
sweep,3628
sweep,3506
sweep,2790
sweep,3519
sweep,3404
sweep,2744
sweep,2841
sweep,2773
sweep,2510
sweep,2941
sweep,3323
sweep,2954
sweep,3238
sweep,3541
sweep,2422
sweep,2801
sweep,4213
sweep,2523
sweep,3864
sweep,2505
sweep,3591
sweep,3769
sweep,4651
sweep,3334
sweep,3439
sweep,3087
sweep,3369
sweep,2966
sweep,2700
sweep,3177
sweep,2929
sweep,3043
sweep,2540
sweep,2574
sweep,3851
sweep,2843
sweep,2985
sweep,3428
sweep,2799
sweep,3504
sweep,2614
sweep,2595
sweep,2544
sweep,3477
sweep,3981
sweep,4148
sweep,4216
sweep,5662
sweep,7823
sweep,5977
sweep,8536
sweep,8887
sweep,8474
sweep,7477
sweep,7187
sweep,7411
sweep,840
mark,1029231
sweep,4686
sweep,4064
sweep,4219
sweep,4078
sweep,3748
sweep,4223
sweep,3570
sweep,3402
sweep,3150
sweep,3258
sweep,3067
sweep,3058
sweep,2721
sweep,2971
sweep,2708
sweep,2997
sweep,3361
sweep,3121
sweep,3038
sweep,3821
sweep,2377
sweep,2609
sweep,3925
sweep,2380
sweep,3641
sweep,2063
sweep,3382
sweep,3746
sweep,4320
sweep,3218
sweep,3321
sweep,3098
sweep,2965
sweep,3312
sweep,2986
sweep,3526
sweep,3014
sweep,3315
sweep,2499
sweep,2686
sweep,3689
sweep,2799
sweep,2799
sweep,2911
sweep,2799
sweep,3636
sweep,2993
sweep,2572
sweep,2394
sweep,5781
sweep,8931
sweep,8323
sweep,8508
sweep,8218
sweep,6238
sweep,7349
sweep,4005
sweep,4270
sweep,4951
sweep,6184
sweep,5918
sweep,6548
sweep,242
mark,1023500
sweep,5149
sweep,3852
sweep,3998
sweep,4103
sweep,4041
sweep,4067
sweep,3547
sweep,3213
sweep,2894
sweep,3169
sweep,3263
sweep,3089
sweep,2936
sweep,2864
sweep,2847
sweep,2673
sweep,3291
sweep,3037
sweep,3033
sweep,3354
sweep,2361
sweep,2523
sweep,3937
sweep,2593
sweep,3056
sweep,1839
sweep,3404
sweep,3862
sweep,4698
sweep,3579
sweep,3348
sweep,2987
sweep,3370
sweep,3157
sweep,2974
sweep,3170
sweep,2860
sweep,3121
sweep,2597
sweep,2906
sweep,3843
sweep,2640
sweep,3071
sweep,3291
sweep,2759
sweep,3933
sweep,2604
sweep,2592
sweep,2725
sweep,3435
sweep,4049
sweep,4085
sweep,4290
sweep,5935
sweep,8333
sweep,6551
sweep,8603
sweep,8422
sweep,8451
sweep,7089
sweep,7705
sweep,7137
sweep,833
mark,1029599
sweep,4435
sweep,3920
sweep,4008
sweep,4233
sweep,3581
sweep,3895
sweep,3761
sweep,3137
sweep,2788
sweep,3276
sweep,3348
sweep,2770
sweep,2800
sweep,3115
sweep,2584
sweep,2769
sweep,3351
sweep,2976
sweep,3222
sweep,3629
sweep,2378
sweep,2391
sweep,4002
sweep,2421
sweep,3487
sweep,2052
sweep,3761
sweep,3608
sweep,4618
sweep,3261
sweep,3241
sweep,3024
sweep,2947
sweep,3091
sweep,2844
sweep,3258
sweep,2976
sweep,2995
sweep,2474
sweep,3298
sweep,3935
sweep,2598
sweep,2641
sweep,3149
sweep,2842
sweep,3670
sweep,2781
sweep,2557
sweep,2616
sweep,5552
sweep,8769
sweep,8532
sweep,8391
sweep,7797
sweep,5746
sweep,7384
sweep,4038
sweep,4469
sweep,4258
sweep,5852
sweep,5652
sweep,6137
sweep,235
mark,1022564
sweep,4467
sweep,4061
sweep,4230
sweep,4438
sweep,3831
sweep,4116
sweep,3706
sweep,3582
sweep,2867
sweep,3162
sweep,3163
sweep,2703
sweep,2763
sweep,2740
sweep,2570
sweep,3033
sweep,3348
sweep,3061
sweep,2937
sweep,3473
sweep,2468
sweep,2600
sweep,3902
sweep,2333
sweep,3108
sweep,1924
sweep,3327
sweep,3917
sweep,4576
sweep,3134
sweep,3464
sweep,3173
sweep,2847
sweep,3131
sweep,2788
sweep,3774
sweep,3080
sweep,3323
sweep,2483
sweep,2647
sweep,3830
sweep,2707
sweep,2888
sweep,3050
sweep,3072
sweep,3609
sweep,3017
sweep,2549
sweep,2464
sweep,3443
sweep,4286
sweep,4330
sweep,4103
sweep,5586
sweep,7575
sweep,5895
sweep,8370
sweep,9077
sweep,8301
sweep,7180
sweep,7123
sweep,7230
sweep,926
mark,1033420
sweep,4943
sweep,4282
sweep,4041
sweep,4706
sweep,3682
sweep,4031
sweep,3591
sweep,3072
sweep,3040
sweep,3364
sweep,3234
sweep,2698
sweep,3018
sweep,2841
sweep,3207
sweep,2664
sweep,3587
sweep,3032
sweep,3148
sweep,3489
sweep,2327
sweep,2487
sweep,3720
sweep,2824
sweep,3130
sweep,2159
sweep,3320
sweep,3840
sweep,4219
sweep,3282
sweep,3033
sweep,3489
sweep,2908
sweep,2916
sweep,2983
sweep,3207
sweep,2671
sweep,3350
sweep,2415
sweep,2695
sweep,3717
sweep,2819
sweep,2751
sweep,3003
sweep,2826
sweep,3469
sweep,2816
sweep,2538
sweep,2452
sweep,5712
sweep,10115
sweep,9659
sweep,8680
sweep,8929
sweep,7303
sweep,7862
sweep,4035
sweep,4276
sweep,4347
sweep,5749
sweep,5596
sweep,6561
sweep,240
mark,1044490
sweep,4574
sweep,4061
sweep,3840
sweep,4218
sweep,3587
sweep,4388
sweep,3533
sweep,3014
sweep,3155
sweep,3231
sweep,3107
sweep,2824
sweep,3143
sweep,3042
sweep,2556
sweep,2978
sweep,3311
sweep,3188
sweep,3041
sweep,3696
sweep,2579
sweep,2363
sweep,4332
sweep,2374
sweep,3206
sweep,2063
sweep,3396
sweep,3916
sweep,4432
sweep,3585
sweep,3254
sweep,3251
sweep,3291
sweep,3288
sweep,2978
sweep,3290
sweep,2946
sweep,3305
sweep,2905
sweep,2703
sweep,3771
sweep,2807
sweep,2711
sweep,3153
sweep,2742
sweep,3455
sweep,3143
sweep,2504
sweep,2445
sweep,3554
sweep,4421
sweep,3990
sweep,4719
sweep,6201
sweep,8456
sweep,6118
sweep,8693
sweep,8813
sweep,9082
sweep,7276
sweep,7443
sweep,7303
sweep,840
mark,1076548
sweep,4845
sweep,3814
sweep,4345
sweep,4380
sweep,3602
sweep,4204
sweep,3857
sweep,3178
sweep,2810
sweep,3494
sweep,3134
sweep,2761
sweep,2987
sweep,3158
sweep,2809
sweep,2816
sweep,3619
sweep,2944
sweep,3185
sweep,3549
sweep,2359
sweep,2423
sweep,3863
sweep,2399
sweep,3079
sweep,1953
sweep,3333
sweep,3878
sweep,4605
sweep,3783
sweep,3716
sweep,3044
sweep,2955
sweep,3036
sweep,3077
sweep,3271
sweep,2741
sweep,3373
sweep,2660
sweep,2604
sweep,3966
sweep,2911
sweep,2835
sweep,2948
sweep,3154
sweep,3973
sweep,3050
sweep,2532
sweep,2863
sweep,5764
sweep,8677
sweep,8445
sweep,8558
sweep,7806
sweep,6234
sweep,7271
sweep,4244
sweep,4519
sweep,4697
sweep,6272
sweep,5716
sweep,5769
sweep,233
mark,1022061
sweep,4790
sweep,4032
sweep,3990
sweep,4354
sweep,3652
sweep,4055
sweep,3699
sweep,3344
sweep,2818
sweep,3903
sweep,3067
sweep,2862
sweep,2772
sweep,2929
sweep,3001
sweep,2990
sweep,3303
sweep,2854
sweep,3065
sweep,3417
sweep,2379
sweep,2771
sweep,3723
sweep,2621
sweep,3044
sweep,1882
sweep,3323
sweep,3968
sweep,4486
sweep,3703
sweep,3367
sweep,2908
sweep,2892
sweep,2902
sweep,3094
sweep,3508
sweep,2828
sweep,3126
sweep,2603
sweep,2646
sweep,3563
sweep,2719
sweep,3092
sweep,3204
sweep,2859
sweep,3670
sweep,2842
sweep,2545
sweep,2707
sweep,3430
sweep,3866
sweep,4169
sweep,4206
sweep,5975
sweep,7636
sweep,6242
sweep,9043
sweep,8158
sweep,8858
sweep,7494
sweep,7831
sweep,7033
sweep,833
mark,1033512
sweep,4902
sweep,3774
sweep,4248
sweep,3969
sweep,3623
sweep,4011
sweep,3872
sweep,3179
sweep,2877
sweep,3450
sweep,2986
sweep,2745
sweep,2776
sweep,2735
sweep,3039
sweep,2738
sweep,3248
sweep,2912
sweep,3045
sweep,3740
sweep,2331
sweep,2510
sweep,3748
sweep,2594
sweep,3006
sweep,1908
sweep,3507
sweep,3682
sweep,4440
sweep,3807
sweep,3033
sweep,3021
sweep,2973
sweep,3013
sweep,2762
sweep,3101
sweep,2763
sweep,3083
sweep,2726
sweep,2727
sweep,3761
sweep,2605
sweep,2713
sweep,3358
sweep,2865
sweep,3558
sweep,2758
sweep,2524
sweep,2489
sweep,5563
sweep,8571
sweep,8699
sweep,8601
sweep,7861
sweep,5906
sweep,6708
sweep,4013
sweep,4311
sweep,4702
sweep,6143
sweep,5837
sweep,6034
sweep,260
mark,1037939
sweep,4545
sweep,3887
sweep,4177
sweep,4475
sweep,3961
sweep,4004
sweep,3702
sweep,3001
sweep,2917
sweep,3151
sweep,3318
sweep,2789
sweep,2999
sweep,2804
sweep,2596
sweep,2937
sweep,3254
sweep,2900
sweep,3107
sweep,3469
sweep,2281
sweep,2462
sweep,4078
sweep,2594
sweep,3033
sweep,1906
sweep,3336
sweep,3621
sweep,4112
sweep,3685
sweep,3043
sweep,3334
sweep,2893
sweep,3090
sweep,2829
sweep,3473
sweep,2791
sweep,3034
sweep,2585
sweep,2717
sweep,3900
sweep,2719
sweep,2686
sweep,3070
sweep,3202
sweep,3501
sweep,2757
sweep,2438
sweep,2691
sweep,3417
sweep,3933
sweep,4254
sweep,4149
sweep,5683
sweep,8202
sweep,6514
sweep,8619
sweep,8213
sweep,8354
sweep,7447
sweep,7014
sweep,7036
sweep,823
mark,1077208
sweep,4686
sweep,4213
sweep,4070
sweep,4234
sweep,3793
sweep,4300
sweep,3980
sweep,3330
sweep,2870
sweep,3263
sweep,3347
sweep,2751
sweep,2795
sweep,2827
sweep,3153
sweep,2858
sweep,3241
sweep,2929
sweep,3164
sweep,4134
sweep,2372
sweep,2570
sweep,3673
sweep,2446
sweep,3117
sweep,1892
sweep,3290
sweep,3765
sweep,4191
sweep,3434
sweep,3075
sweep,3191
sweep,2985
sweep,3065
sweep,3113
sweep,3048
sweep,2745
sweep,3324
sweep,2757
sweep,2695
sweep,3861
sweep,2633
sweep,2949
sweep,3264
sweep,2916
sweep,3698
sweep,2681
sweep,2494
sweep,2761
sweep,5396
sweep,9136
sweep,8592
sweep,8778
sweep,7904
sweep,6593
sweep,7019
sweep,4156
sweep,4214
sweep,4650
sweep,6098
sweep,5978
sweep,6495
sweep,236
mark,1030906
sweep,4955
sweep,4284
sweep,3994
sweep,3990
sweep,3545
sweep,4281
sweep,3569
sweep,3182
sweep,2726
sweep,3114
sweep,3023
sweep,2798
sweep,2917
sweep,2797
sweep,2594
sweep,2898
sweep,3187
sweep,3291
sweep,3210
sweep,3677
sweep,2464
sweep,2530
sweep,3718
sweep,2622
sweep,3100
sweep,2187
sweep,3347
sweep,3577
sweep,4625
sweep,3418
sweep,3422
sweep,3291
sweep,3205
sweep,3024
sweep,3112
sweep,3259
sweep,2726
sweep,3116
sweep,3023
sweep,2747
sweep,3726
sweep,3030
sweep,2709
sweep,2857
sweep,3067
sweep,3665
sweep,2682
sweep,2450
sweep,2593
sweep,3756
sweep,3854
sweep,3996
sweep,4149
sweep,5982
sweep,7673
sweep,6417
sweep,8794
sweep,8716
sweep,8398
sweep,7498
sweep,7176
sweep,7384
sweep,833
mark,1040778
sweep,5396
sweep,3796
sweep,4226
sweep,4266
sweep,3974
sweep,3982
sweep,3878
sweep,3431
sweep,3134
sweep,3131
sweep,3243
sweep,2722
sweep,2610
sweep,3126
sweep,2980
sweep,2676
sweep,3544
sweep,2867
sweep,3132
sweep,3683
sweep,2428
sweep,2361
sweep,3839
sweep,2394
sweep,3126
sweep,1940
sweep,3724
sweep,3886
sweep,4554
sweep,3540
sweep,3531
sweep,2995
sweep,2945
sweep,3011
sweep,2956
sweep,3144
sweep,2687
sweep,3060
sweep,2555
sweep,2631
sweep,3971
sweep,2666
sweep,2873
sweep,2870
sweep,2794
sweep,3751
sweep,2896
sweep,2526
sweep,2457
sweep,5735
sweep,8732
sweep,8889
sweep,8760
sweep,8134
sweep,6215
sweep,7466
sweep,4035
sweep,4302
sweep,5009
sweep,6223
sweep,5877
sweep,5791
sweep,231
mark,1026855
sweep,4945
sweep,3965
sweep,3910
sweep,4159
sweep,3794
sweep,4083
sweep,3443
sweep,3324
sweep,2797
sweep,3056
sweep,3255
sweep,2894
sweep,2717
sweep,2992
sweep,2522
sweep,2756
sweep,3165
sweep,2875
sweep,2916
sweep,3438
sweep,2387
sweep,2887
sweep,3718
sweep,2528
sweep,3037
sweep,1906
sweep,3543
sweep,3554
sweep,4325
sweep,3393
sweep,3213
sweep,3076
sweep,2913
sweep,3170
sweep,2791
sweep,3107
sweep,2960
sweep,2959
sweep,2692
sweep,2658
sweep,3992
sweep,2673
sweep,2664
sweep,3037
sweep,2889
sweep,3469
sweep,2748
sweep,2513
sweep,2398
sweep,3552
sweep,4075
sweep,4061
sweep,4130
sweep,6095
sweep,7838
sweep,6491
sweep,8497
sweep,8425
sweep,8546
sweep,7439
sweep,7472
sweep,6993
sweep,836
mark,1028947
sweep,4699
sweep,4161
sweep,3899
sweep,4481
sweep,3597
sweep,4203
sweep,3587
sweep,3268
sweep,2927
sweep,3265
sweep,3228
sweep,2827
sweep,2757
sweep,3270
sweep,2521
sweep,2872
sweep,3245
sweep,3178
sweep,3669
sweep,3381
sweep,2650
sweep,2600
sweep,4226
sweep,2651
sweep,3690
sweep,1954
sweep,3499
sweep,3885
sweep,4253
sweep,3605
sweep,3096
sweep,3031
sweep,3350
sweep,3030
sweep,3157
sweep,2989
sweep,2957
sweep,3088
sweep,2990
sweep,2645
sweep,3891
sweep,2768
sweep,2610
sweep,3120
sweep,2850
sweep,3423
sweep,2760
sweep,2772
sweep,2503
sweep,5897
sweep,8974
sweep,8334
sweep,8600
sweep,8173
sweep,6147
sweep,7256
sweep,3967
sweep,4532
sweep,4239
sweep,5754
sweep,5956
sweep,6307
sweep,225
mark,1043196
sweep,4841
sweep,4059
sweep,4049
sweep,4131
sweep,3940
sweep,4143
sweep,3885
sweep,3069
sweep,2870
sweep,3062
sweep,3181
sweep,2755
sweep,2785
sweep,2860
sweep,2548
sweep,2926
sweep,3181
sweep,2899
sweep,3003
sweep,3860
sweep,2614
sweep,2530
sweep,3834
sweep,2515
sweep,3680
sweep,1918
sweep,3367
sweep,3712
sweep,4326
sweep,3664
sweep,3491
sweep,3076
sweep,2853
sweep,3251
sweep,3316
sweep,3278
sweep,2949
sweep,3113
sweep,2527
sweep,2838
sweep,3693
sweep,2835
sweep,2864
sweep,3054
sweep,2912
sweep,3396
sweep,3076
sweep,2663
sweep,2480
sweep,3544
sweep,3860
sweep,4356
sweep,4424
sweep,5707
sweep,8570
sweep,6335
sweep,8983
sweep,8777
sweep,9116
sweep,7265
sweep,6870
sweep,7646
sweep,840
mark,1049711
sweep,4792
sweep,3811
sweep,4134
sweep,4397
sweep,3603
sweep,4010
sweep,3734
sweep,3110
sweep,3086
sweep,3277
sweep,3085
sweep,2756
sweep,2690
sweep,2863
sweep,2972
sweep,3010
sweep,3619
sweep,2910
sweep,3344
sweep,3489
sweep,2408
sweep,2375
sweep,3805
sweep,2328
sweep,3053
sweep,1919
sweep,3502
sweep,3723
sweep,4614
sweep,4033
sweep,3039
sweep,3046
sweep,2936
sweep,3055
sweep,2870
sweep,3078
sweep,2868
sweep,3226
sweep,2461
sweep,2647
sweep,4039
sweep,2948
sweep,2699
sweep,2985
sweep,3061
sweep,3742
sweep,2704
sweep,2647
sweep,2744
sweep,5710
sweep,8940
sweep,8447
sweep,8757
sweep,8050
sweep,6285
sweep,7365
sweep,4059
sweep,4706
sweep,4634
sweep,5648
sweep,5629
sweep,6313
sweep,219
mark,1043091
sweep,4971
sweep,3867
sweep,4015
sweep,4259
sweep,3623
sweep,4324
sweep,3558
sweep,3340
sweep,2799
sweep,3214
sweep,3063
sweep,2812
sweep,2991
sweep,2792
sweep,2584
sweep,2750
sweep,3371
sweep,3007
sweep,3112
sweep,4197
sweep,2392
sweep,2502
sweep,4101
sweep,2387
sweep,3229
sweep,1928
sweep,3583
sweep,3561
sweep,4353
sweep,3285
sweep,3122
sweep,3278
sweep,3236
sweep,3043
sweep,2739
sweep,3265
sweep,2835
sweep,3048
sweep,2531
sweep,3186
sweep,3841
sweep,2604
sweep,2931
sweep,11565
sweep,2875
sweep,3441
sweep,2788
sweep,2550
sweep,2496
sweep,3675
sweep,4262
sweep,4297
sweep,4385
sweep,5730
sweep,7723
sweep,6025
sweep,8902
sweep,8172
sweep,8838
sweep,7375
sweep,7366
sweep,7168
sweep,827
mark,1048895
sweep,4764
sweep,4415
sweep,4054
sweep,4047
sweep,3528
sweep,4217
sweep,3767
sweep,3150
sweep,3020
sweep,3687
sweep,3040
sweep,3077
sweep,2801
sweep,2811
sweep,2690
sweep,2656
sweep,3525
sweep,3071
sweep,3007
sweep,3240
sweep,2377
sweep,2443
sweep,3768
sweep,2306
sweep,3519
sweep,2167
sweep,3478
sweep,4139
sweep,4615
sweep,3571
sweep,3209
sweep,2993
sweep,3071
sweep,2958
sweep,2802
sweep,3193
sweep,2721
sweep,3083
sweep,2405
sweep,2698
sweep,3829
sweep,2582
sweep,2677
sweep,2833
sweep,2942
sweep,3424
sweep,2727
sweep,2588
sweep,2520
sweep,5259
sweep,8761
sweep,8544
sweep,8619
sweep,8213
sweep,5793
sweep,7268
sweep,3986
sweep,4301
sweep,5019
sweep,6297
sweep,5742
sweep,6050
sweep,219
mark,1033768
sweep,5000
sweep,4022
sweep,4160
sweep,4071
sweep,3914
sweep,3995
sweep,3886
sweep,3164
sweep,2826
sweep,3052
sweep,3080
sweep,3268
sweep,2727
sweep,3023
sweep,2629
sweep,3059
sweep,3213
sweep,3199
sweep,2944
sweep,3343
sweep,2570
sweep,2935
sweep,3772
sweep,2396
sweep,3065
sweep,1863
sweep,3554
sweep,3817
sweep,4299
sweep,3631
sweep,3369
sweep,2841
sweep,2820
sweep,3098
sweep,2755
sweep,3682
sweep,2989
sweep,3275
sweep,2720
sweep,2889
sweep,3885
sweep,2989
sweep,3113
sweep,2966
sweep,2696
sweep,3617
sweep,3146
sweep,2508
sweep,2432
sweep,3917
sweep,3986
sweep,4043
sweep,4162
sweep,6042
sweep,7654
sweep,6140
sweep,8692
sweep,8165
sweep,8503
sweep,8186
sweep,7202
sweep,7750
sweep,840
mark,1032932
sweep,4727
sweep,3842
sweep,4031
sweep,4288
sweep,3673
sweep,4042
sweep,3753
sweep,3165
sweep,2912
sweep,3476
sweep,2916
sweep,2993
sweep,2802
sweep,2985
sweep,2899
sweep,2936
sweep,3302
sweep,2931
sweep,3600
sweep,3863
sweep,2250
sweep,2556
sweep,3941
sweep,2523
sweep,3261
sweep,1888
sweep,3423
sweep,3811
sweep,4682
sweep,3507
sweep,2984
sweep,3003
sweep,2831
sweep,3109
sweep,2810
sweep,3059
sweep,2788
sweep,3101
sweep,2528
sweep,3125
sweep,3847
sweep,2549
sweep,3004
sweep,2857
sweep,2845
sweep,3395
sweep,3074
sweep,2485
sweep,2537
sweep,5518
sweep,8734
sweep,8756
sweep,8399
sweep,7765
sweep,6237
sweep,7015
sweep,4160
sweep,4325
sweep,5009
sweep,6110
sweep,5532
sweep,5973
sweep,225
mark,1034930
sweep,4714
sweep,4077
sweep,4058
sweep,4342
sweep,3866
sweep,4390
sweep,3585
sweep,3050
sweep,2977
sweep,3443
sweep,3125
sweep,2877
sweep,2729
sweep,2938
sweep,2596
sweep,10989
sweep,3418
sweep,3509
sweep,3138
sweep,3416
sweep,2323
sweep,2447
sweep,3683
sweep,2362
sweep,3115
sweep,2475
sweep,3631
sweep,3914
sweep,4457
sweep,3730
sweep,3313
sweep,2956
sweep,2897
sweep,3241
sweep,3126
sweep,3715
sweep,2807
sweep,2930
sweep,2566
sweep,3003
sweep,3698
sweep,2903
sweep,2807
sweep,2950
sweep,3035
sweep,3566
sweep,2922
sweep,2513
sweep,2391
sweep,3444
sweep,3917
sweep,3968
sweep,4336
sweep,5667
sweep,8468
sweep,6533
sweep,8401
sweep,8459
sweep,8560
sweep,8278
sweep,7502
sweep,7678
sweep,831
mark,1030321
sweep,4799
sweep,4203
sweep,3896
sweep,4142
sweep,3959
sweep,3965
sweep,3670
sweep,3404
sweep,3252
sweep,3175
sweep,3255
sweep,2854
sweep,2767
sweep,2993
sweep,2950
sweep,2748
sweep,3588
sweep,3272
sweep,3421
sweep,3434
sweep,2408
sweep,2385
sweep,4041
sweep,2646
sweep,3179
sweep,1970
sweep,3709
sweep,3604
sweep,4322
sweep,3633
sweep,2987
sweep,3647
sweep,2887
sweep,3270
sweep,3127
sweep,3117
sweep,2878
sweep,3190
sweep,2484
sweep,2772
sweep,3952
sweep,2643
sweep,2590
sweep,3055
sweep,3663
sweep,3443
sweep,2734
sweep,2628
sweep,2472
sweep,5417
sweep,8802
sweep,8568
sweep,8379
sweep,8613
sweep,6441
sweep,7138
sweep,4265
sweep,4335
sweep,4983
sweep,6151
sweep,5706
sweep,5910
sweep,223
mark,1024292
sweep,4960
sweep,4239
sweep,4161
sweep,3973
sweep,3621
sweep,4300
sweep,3598
sweep,3087
sweep,3129
sweep,3227
sweep,3167
sweep,2820
sweep,2998
sweep,2724
sweep,2830
sweep,2968
sweep,3271
sweep,3245
sweep,3200
sweep,3465
sweep,2391
sweep,2625
sweep,4067
sweep,2694
sweep,3074
sweep,1903
sweep,3381
sweep,3741
sweep,4808
sweep,3335
sweep,3099
sweep,3185
sweep,3160
sweep,3071
sweep,2803
sweep,3456
sweep,2846
sweep,3198
sweep,2493
sweep,3158
sweep,4106
sweep,2966
sweep,2813
sweep,3432
sweep,2914
sweep,3382
sweep,2840
sweep,2584
sweep,2489
sweep,3885
sweep,3901
sweep,4225
sweep,4087
sweep,5518
sweep,7747
sweep,5899
sweep,9144
sweep,8035
sweep,8489
sweep,7367
sweep,7386
sweep,7246
sweep,926
mark,1034344
sweep,4480
sweep,4112
sweep,3932
sweep,4066
sweep,3885
sweep,4042
sweep,3581
sweep,3160
sweep,2850
sweep,3333
sweep,3346
sweep,2824
sweep,2930
sweep,3032
sweep,3011
sweep,2994
sweep,3351
sweep,3046
sweep,3184
sweep,3731
sweep,2411
sweep,2488
sweep,3975
sweep,2490
sweep,3200
sweep,2073
sweep,3864
sweep,3603
sweep,4447
sweep,3307
sweep,3243
sweep,3000
sweep,2887
sweep,3217
sweep,2805
sweep,3130
sweep,2679
sweep,3026
sweep,2647
sweep,2998
sweep,4046
sweep,2907
sweep,2713
sweep,3087
sweep,2813
sweep,3405
sweep,2765
sweep,2690
sweep,2654
sweep,5250
sweep,9044
sweep,8991
sweep,8787
sweep,7854
sweep,6035
sweep,6938
sweep,3986
sweep,4348
sweep,4856
sweep,6268
sweep,6020
sweep,6389
sweep,230
mark,1052167
sweep,4844
sweep,3846
sweep,4016
sweep,3926
sweep,3771
sweep,4340
sweep,3562
sweep,3131
sweep,2885
sweep,3143
sweep,3145
sweep,3046
sweep,2697
sweep,3016
sweep,2607
sweep,2969
sweep,3407
sweep,3004
sweep,3028
sweep,3314
sweep,2517
sweep,2908
sweep,3865
sweep,2436
sweep,3244
sweep,1861
sweep,3658
sweep,3726
sweep,4590
sweep,3901
sweep,3495
sweep,2988
sweep,2912
sweep,3136
sweep,2752
sweep,3421
sweep,2817
sweep,3126
sweep,2558
sweep,2713
sweep,3874
sweep,2751
sweep,2975
sweep,3293
sweep,2753
sweep,3878
sweep,2693
sweep,2479
sweep,2579
sweep,3785
sweep,4039
sweep,3979
sweep,4197
sweep,5820
sweep,7625
sweep,6008
sweep,8883
sweep,8438
sweep,8298
sweep,7916
sweep,7644
sweep,7994
sweep,832
mark,1050936
sweep,4704
sweep,3990
sweep,3996
sweep,3997
sweep,3724
sweep,4355
sweep,3665
sweep,3182
sweep,2827
sweep,3371
sweep,3386
sweep,3016
sweep,2716
sweep,2941
sweep,2713
sweep,2854
sweep,3269
sweep,3175
sweep,3227
sweep,3596
sweep,2382
sweep,2921
sweep,4073
sweep,2739
sweep,3300
sweep,2082
sweep,3570
sweep,4029
sweep,4279
sweep,3380
sweep,3055
sweep,3137
sweep,2873
sweep,3030
sweep,3042
sweep,3526
sweep,2980
sweep,3175
sweep,2501
sweep,2638
sweep,3902
sweep,2833
sweep,2674
sweep,3097
sweep,2854
sweep,3423
sweep,2629
sweep,2534
sweep,2430
sweep,5469
sweep,8715
sweep,8536
sweep,8601
sweep,8011
sweep,5741
sweep,7635
sweep,3948
sweep,4728
sweep,4912
sweep,5727
sweep,5507
sweep,5822
sweep,225
mark,1026656
sweep,4875
sweep,3978
sweep,3978
sweep,4159
sweep,3639
sweep,4136
sweep,3511
sweep,3281
sweep,2793
sweep,3327
sweep,3041
sweep,2885
sweep,2926
sweep,2835
sweep,2805
sweep,2658
sweep,3267
sweep,3095
sweep,3190
sweep,3668
sweep,2355
sweep,2803
sweep,3759
sweep,2448
sweep,3087
sweep,1950
sweep,3450
sweep,3925
sweep,4068
sweep,3566
sweep,3175
sweep,3032
sweep,3034
sweep,3061
sweep,2841
sweep,3571
sweep,3055
sweep,3176
sweep,2449
sweep,2653
sweep,3954
sweep,2864
sweep,2843
sweep,3305
sweep,2949
sweep,3411
sweep,2710
sweep,2596
sweep,2469
sweep,3515
sweep,4131
sweep,4076
sweep,4112
sweep,5694
sweep,8331
sweep,6895
sweep,8554
sweep,8684
sweep,8754
sweep,8189
sweep,7428
sweep,7750
sweep,873
mark,1034386
sweep,5147
sweep,4336
sweep,3923
sweep,3979
sweep,3530
sweep,4259
sweep,3981
sweep,3311
sweep,2997
sweep,3471
sweep,3214
sweep,2746
sweep,2749
sweep,3245
sweep,2635
sweep,2721
sweep,3340
sweep,2955
sweep,3047
sweep,3405
sweep,2270
sweep,2666
sweep,3844
sweep,2303
sweep,3274
sweep,1900
sweep,3745
sweep,3763
sweep,4389
sweep,3799
sweep,3306
sweep,3077
sweep,2885
sweep,3124
sweep,3077
sweep,3527
sweep,2983
sweep,3313
sweep,2791
sweep,2965
sweep,3702
sweep,3111
sweep,2894
sweep,2903
sweep,2718
sweep,3614
sweep,2889
sweep,2505
sweep,2506
sweep,5854
sweep,8834
sweep,8799
sweep,8227
sweep,8414
sweep,5610
sweep,7397
sweep,4079
sweep,4506
sweep,4906
sweep,6195
sweep,5917
sweep,5919
sweep,252
mark,1029676
sweep,4819
sweep,4127
sweep,4212
sweep,4078
sweep,3510
sweep,4300
sweep,3577
sweep,3206
sweep,2817
sweep,2926
sweep,3141
sweep,2760
sweep,2770
sweep,2741
sweep,2629
sweep,2676
sweep,3217
sweep,3320
sweep,2991
sweep,3377
sweep,2759
sweep,2498
sweep,3765
sweep,2346
sweep,3229
sweep,2205
sweep,3634
sweep,3946
sweep,4309
sweep,3618
sweep,3128
sweep,3120
sweep,3197
sweep,3122
sweep,2741
sweep,3349
sweep,2719
sweep,3092
sweep,2880
sweep,2946
sweep,3784
sweep,2705
sweep,2901
sweep,3136
sweep,2887
sweep,3706
sweep,2698
sweep,2555
sweep,2709
sweep,3740
sweep,4045
sweep,4280
sweep,4117
sweep,6402
sweep,7999
sweep,6067
sweep,9187
sweep,8295
sweep,8766
sweep,7390
sweep,7586
sweep,7168
sweep,781
mark,1031525
sweep,4690
sweep,4197
sweep,3763
sweep,3973
sweep,3762
sweep,4360
sweep,3691
sweep,3076
sweep,3015
sweep,3416
sweep,3020
sweep,2733
sweep,2735
sweep,2854
sweep,3211
sweep,2705
sweep,3261
sweep,3217
sweep,3462
sweep,3503
sweep,2401
sweep,2608
sweep,3784
sweep,2414
sweep,3173
sweep,1913
sweep,3880
sweep,3743
sweep,4345
sweep,3739
sweep,2987
sweep,3010
sweep,2894
sweep,3261
sweep,2819
sweep,3566
sweep,3049
sweep,3327
sweep,2739
sweep,2734
sweep,4074
sweep,3186
sweep,2706
sweep,3276
sweep,2881
sweep,3495
sweep,2877
sweep,2546
sweep,2705
sweep,5659
sweep,8389
sweep,8967
sweep,8803
sweep,7554
sweep,5758
sweep,7047
sweep,3942
sweep,4311
sweep,4812
sweep,6158
sweep,5689
sweep,5908
sweep,233
mark,1038023
sweep,4481
sweep,3955
sweep,4048
sweep,4197
sweep,3849
sweep,4139
sweep,3920
sweep,3257
sweep,3111
sweep,3288
sweep,3213
sweep,2756
sweep,2638
sweep,2741
sweep,2631
sweep,2812
sweep,3363
sweep,2842
sweep,2999
sweep,3253
sweep,2340
sweep,2556
sweep,3730
sweep,2408
sweep,3049
sweep,2115
sweep,3353
sweep,3600
sweep,4494
sweep,3391
sweep,3111
sweep,3050
sweep,3003
sweep,3083
sweep,2853
sweep,3186
sweep,2849
sweep,3342
sweep,2787
sweep,2717
sweep,3749
sweep,2976
sweep,2905
sweep,3006
sweep,2712
sweep,3677
sweep,2706
sweep,2501
sweep,2828
sweep,3511
sweep,4381
sweep,4081
sweep,4306
sweep,5822
sweep,8251
sweep,6461
sweep,8580
sweep,8298
sweep,8495
sweep,8321
sweep,7324
sweep,7487
sweep,885
mark,1072837
sweep,5167
sweep,3970
sweep,4237
sweep,4296
sweep,3451
sweep,4348
sweep,4315
sweep,3521
sweep,2975
sweep,3236
sweep,3348
sweep,2781
sweep,2695
sweep,3022
sweep,2634
sweep,2838
sweep,3287
sweep,2922
sweep,3065
sweep,3672
sweep,2621
sweep,2466
sweep,4046
sweep,2388
sweep,3788
sweep,2191
sweep,3406
sweep,3830
sweep,4369
sweep,3433
sweep,3058
sweep,3241
sweep,2890
sweep,3234
sweep,2809
sweep,3237
sweep,2750
sweep,3128
sweep,3076
sweep,2755
sweep,3872
sweep,2752
sweep,2790
sweep,2854
sweep,2818
sweep,3766
sweep,2704
sweep,2758
sweep,2482
sweep,5505
sweep,8894
sweep,8875
sweep,8437
sweep,7976
sweep,5779
sweep,7499
sweep,4181
sweep,4214
sweep,4415
sweep,5786
sweep,5883
sweep,6078
sweep,235
mark,1035761
sweep,4854
sweep,4064
sweep,4386
sweep,4202
sweep,3719
sweep,4190
sweep,3550
sweep,3422
sweep,3113
sweep,3092
sweep,3144
sweep,3015
sweep,2919
sweep,2856
sweep,2839
sweep,2891
sweep,3170
sweep,3115
sweep,3067
sweep,3916
sweep,2339
sweep,2648
sweep,3929
sweep,2389
sweep,3074
sweep,1949
sweep,3383
sweep,3796
sweep,4983
sweep,3520
sweep,3186
sweep,3445
sweep,2975
sweep,3300
sweep,2804
sweep,3231
sweep,3003
sweep,3124
sweep,2575
sweep,2760
sweep,3831
sweep,2933
sweep,2774
sweep,3496
sweep,3555
sweep,3699
sweep,3028
sweep,2574
sweep,2482
sweep,4017
sweep,3980
sweep,3890
sweep,4592
sweep,6173
sweep,8501
sweep,5891
sweep,8854
sweep,8804
sweep,13989
sweep,7411
sweep,7489
sweep,7571
sweep,840
mark,1043702
sweep,5039
sweep,4255
sweep,4015
sweep,4208
sweep,3908
sweep,4161
sweep,3630
sweep,3692
sweep,3045
sweep,3210
sweep,3138
sweep,2726
sweep,2718
sweep,3344
sweep,2971
sweep,2675
sweep,3383
sweep,2975
sweep,3048
sweep,3470
sweep,2604
sweep,2789
sweep,3793
sweep,2644
sweep,3437
sweep,1972
sweep,3677
sweep,4271
sweep,4328
sweep,3738
sweep,3071
sweep,2855
sweep,3538
sweep,3080
sweep,2830
sweep,3222
sweep,2982
sweep,3323
sweep,2665
sweep,2604
sweep,3845
sweep,2658
sweep,2692
sweep,3186
sweep,3238
sweep,3726
sweep,2770
sweep,2754
sweep,2498
sweep,5732
sweep,9149
sweep,8520
sweep,8841
sweep,8287
sweep,6257
sweep,7405
sweep,3950
sweep,4741
sweep,4365
sweep,5742
sweep,5824
sweep,5947
sweep,256
mark,1045275
sweep,5435
sweep,3998
sweep,4249
sweep,4439
sweep,3672
sweep,4078
sweep,3630
sweep,3112
sweep,3015
sweep,3088
sweep,3128
sweep,2785
sweep,2997
sweep,2780
sweep,2670
sweep,2681
sweep,3253
sweep,3193
sweep,2997
sweep,3749
sweep,2342
sweep,2766
sweep,3787
sweep,2511
sweep,3106
sweep,1922
sweep,3547
sweep,3937
sweep,4413
sweep,3394
sweep,3017
sweep,3137
sweep,2908
sweep,3275
sweep,2998
sweep,3390
sweep,2783
sweep,3340
sweep,2534
sweep,2688
sweep,3797
sweep,2678
sweep,2749
sweep,3226
sweep,3116
sweep,3666
sweep,3016
sweep,2521
sweep,2441
sweep,3425
sweep,4148
sweep,4219
sweep,4338
sweep,6144
sweep,8318
sweep,6233
sweep,9270
sweep,8293
sweep,8585
sweep,7530
sweep,8195
sweep,7867
sweep,835
mark,1050801
sweep,4404
sweep,3779
sweep,4273
sweep,3973
sweep,3720
sweep,4374
sweep,3821
sweep,3371
sweep,3023
sweep,3427
sweep,3049
sweep,2790
sweep,2780
sweep,3120
sweep,2634
sweep,2666
sweep,3578
sweep,3213
sweep,3426
sweep,3768
sweep,2320
sweep,2570
sweep,4043
sweep,2538
sweep,3092
sweep,1868
sweep,3531
sweep,3982
sweep,4268
sweep,3646
sweep,3059
sweep,3129
sweep,3194
sweep,3042
sweep,2874
sweep,3508
sweep,2831
sweep,3288
sweep,2550
sweep,2750
sweep,3706
sweep,3008
sweep,2799
sweep,2939
sweep,3025
sweep,3542
sweep,3170
sweep,2659
sweep,2570
sweep,5887
sweep,9187
sweep,8661
sweep,8501
sweep,7855
sweep,5655
sweep,7086
sweep,4000
sweep,4765
sweep,4987
sweep,6357
sweep,5575
sweep,5786
sweep,239
mark,1054151
sweep,5094
sweep,4071
sweep,4386
sweep,4081
sweep,3853
sweep,4286
sweep,3558
sweep,3239
sweep,3098
sweep,3607
sweep,3434
sweep,2838
sweep,2712
sweep,2982
sweep,2578
sweep,2864
sweep,3330
sweep,2949
sweep,3056
sweep,3774
sweep,2600
sweep,2606
sweep,4060
sweep,2577
sweep,3346
sweep,1932
sweep,3732
sweep,3907
sweep,4036
sweep,3447
sweep,3049
sweep,3186
sweep,3206
sweep,3109
sweep,2787
sweep,3680
sweep,3035
sweep,3097
sweep,2723
sweep,11474
sweep,3649
sweep,2702
sweep,2798
sweep,2920
sweep,2700
sweep,3624
sweep,2587
sweep,2425
sweep,2434
sweep,3648
sweep,3999
sweep,4012
sweep,4349
sweep,5835
sweep,8637
sweep,7018
sweep,8350
sweep,8450
sweep,8403
sweep,7757
sweep,7027
sweep,7053
sweep,868
mark,1026023
sweep,4547
sweep,3681
sweep,4015
sweep,4062
sweep,3682
sweep,4530
sweep,3633
sweep,3297
sweep,2801
sweep,3392
sweep,2979
sweep,3256
sweep,2665
sweep,2859
sweep,2762
sweep,2726
sweep,3393
sweep,2882
sweep,3218
sweep,3318
sweep,2416
sweep,2708
sweep,3885
sweep,2598
sweep,3764
sweep,1870
sweep,3370
sweep,3651
sweep,4221
sweep,3489
sweep,2984
sweep,2887
sweep,2915
sweep,3031
sweep,2766
sweep,3163
sweep,2794
sweep,3007
sweep,2572
sweep,2970
sweep,3782
sweep,3093
sweep,2701
sweep,2853
sweep,2754
sweep,3887
sweep,3306
sweep,2409
sweep,2416
sweep,5925
sweep,8662
sweep,8612
sweep,8307
sweep,7790
sweep,6034
sweep,7004
sweep,4026
sweep,4532
sweep,4903
sweep,5853
sweep,5597
sweep,5790
sweep,222
mark,1024598
sweep,4592
sweep,3938
sweep,3991
sweep,4088
sweep,3799
sweep,4295
sweep,3691
sweep,3322
sweep,2738
sweep,3014
sweep,3173
sweep,2757
sweep,2826
sweep,2998
sweep,2706
sweep,2931
sweep,3260
sweep,2973
sweep,3027
sweep,3415
sweep,2638
sweep,2638
sweep,3869
sweep,2462
sweep,3085
sweep,2142
sweep,3525
sweep,3614
sweep,4492
sweep,3355
sweep,3116
sweep,3142
sweep,2963
sweep,3093
sweep,2871
sweep,3207
sweep,2843
sweep,3111
sweep,2774
sweep,2611
sweep,3753
sweep,2703
sweep,2893
sweep,3395
sweep,3077
sweep,3458
sweep,3048
sweep,2499
sweep,2420
sweep,3641
sweep,3987
sweep,3932
sweep,4416
sweep,5619
sweep,8216
sweep,13091
sweep,9248
sweep,8243
sweep,8798
sweep,7479
sweep,7813
sweep,7008
sweep,773
mark,1031648
sweep,4763
sweep,4371
sweep,4007
sweep,4110
sweep,3521
sweep,4326
sweep,3662
sweep,3134
sweep,3152
sweep,3229
sweep,3018
sweep,2736
sweep,2834
sweep,2872
sweep,2655
sweep,2605
sweep,3242
sweep,3043
sweep,2987
sweep,3865
sweep,2395
sweep,2559
sweep,3690
sweep,2675
sweep,3116
sweep,1878
sweep,3768
sweep,3630
sweep,4251
sweep,3589
sweep,2981
sweep,2957
sweep,3157
sweep,3075
sweep,2878
sweep,3478
sweep,2761
sweep,3305
sweep,2497
sweep,2663
sweep,3571
sweep,2909
sweep,2791
sweep,3045
sweep,2978
sweep,3388
sweep,2974
sweep,2527
sweep,2546
sweep,5630
sweep,8641
sweep,8627
sweep,8665
sweep,8301
sweep,6619
sweep,7185
sweep,4339
sweep,4332
sweep,5025
sweep,6212
sweep,5931
sweep,5772
sweep,445
mark,1027845
sweep,4533
sweep,4140
sweep,4060
sweep,4329
sweep,3521
sweep,4275
sweep,3675
sweep,3641
sweep,2738
sweep,3234
sweep,3133
sweep,2773
sweep,2759
sweep,2819
sweep,2653
sweep,2750
sweep,3358
sweep,2977
sweep,3089
sweep,3540
sweep,2321
sweep,2855
sweep,3911
sweep,2405
sweep,3380
sweep,2089
sweep,3479
sweep,3651
sweep,4114
sweep,3616
sweep,3118
sweep,3039
sweep,2882
sweep,3323
sweep,2786
sweep,3218
sweep,2716
sweep,3204
sweep,2509
sweep,2809
sweep,3677
sweep,2705
sweep,2715
sweep,2882
sweep,2885
sweep,3779
sweep,2745
sweep,2514
sweep,2641
sweep,12016
sweep,3813
sweep,4452
sweep,4198
sweep,5948
sweep,8018
sweep,6393
sweep,8479
sweep,8197
sweep,8570
sweep,7331
sweep,7351
sweep,7057
sweep,851
mark,1027665
sweep,4991
sweep,4163
sweep,4469
sweep,3957
sweep,3846
sweep,4042
sweep,3877
sweep,3178
sweep,2873
sweep,3527
sweep,3206
sweep,2742
sweep,2815
sweep,2822
sweep,2688
sweep,2731
sweep,3315
sweep,3009
sweep,3266
sweep,3307
sweep,2360
sweep,2490
sweep,3694
sweep,2594
sweep,3471
sweep,2112
sweep,3394
sweep,3696
sweep,4221
sweep,3803
sweep,3064
sweep,3029
sweep,2907
sweep,3333
sweep,3014
sweep,3216
sweep,2741
sweep,3437
sweep,2579
sweep,2976
sweep,3855
sweep,3070
sweep,2747
sweep,2896
sweep,2884
sweep,3918
sweep,2806
sweep,2654
sweep,2450
sweep,5785
sweep,8984
sweep,8465
sweep,8550
sweep,8251
sweep,5882
sweep,7547
sweep,4248
sweep,4556
sweep,4818
sweep,6205
sweep,5775
sweep,5855
sweep,221
mark,1037448
sweep,4955
sweep,4000
sweep,4249
sweep,4335
sweep,3617
sweep,4062
sweep,3582
sweep,3135
sweep,2849
sweep,3516
sweep,3007
sweep,2773
sweep,2772
sweep,2744
sweep,2582
sweep,2687
sweep,3515
sweep,3221
sweep,3227
sweep,3650
sweep,2500
sweep,2776
sweep,3830
sweep,2288
sweep,3186
sweep,1965
sweep,3291
sweep,3847
sweep,4571
sweep,3339
sweep,3124
sweep,2944
sweep,3112
sweep,3142
sweep,2707
sweep,3111
sweep,2778
sweep,3128
sweep,2483
sweep,2886
sweep,3500
sweep,2662
sweep,2861
sweep,2999
sweep,2859
sweep,3448
sweep,2842
sweep,2413
sweep,2515
sweep,3712
sweep,4279
sweep,4362
sweep,4299
sweep,5698
sweep,8930
sweep,6450
sweep,8887
sweep,8068
sweep,8621
sweep,7128
sweep,7025
sweep,7096
sweep,837
mark,1032699
sweep,4761
sweep,3863
sweep,3858
sweep,3877
sweep,3903
sweep,3946
sweep,3564
sweep,3302
sweep,3112
sweep,3382
sweep,3036
sweep,2741
sweep,2817
sweep,2683
sweep,2657
sweep,2706
sweep,3243
sweep,2894
sweep,3001
sweep,3985
sweep,2303
sweep,2573
sweep,3714
sweep,2442
sweep,3908
sweep,2039
sweep,3471
sweep,3930
sweep,4272
sweep,3515
sweep,3284
sweep,3010
sweep,2929
sweep,2971
sweep,2878
sweep,3155
sweep,2733
sweep,2977
sweep,2593
sweep,2862
sweep,3768
sweep,2538
sweep,2799
sweep,2904
sweep,3075
sweep,3584
sweep,2848
sweep,2802
sweep,2468
sweep,5906
sweep,9033
sweep,8533
sweep,8741
sweep,8301
sweep,6268
sweep,7461
sweep,4137
sweep,4215
sweep,5120
sweep,6271
sweep,5932
sweep,5780
sweep,227
mark,1034241
sweep,4627
sweep,4234
sweep,4308
sweep,4110
sweep,3836
sweep,4103
sweep,3825
sweep,3481
sweep,2884
sweep,3234
sweep,3065
sweep,2849
sweep,2786
sweep,2768
sweep,2694
sweep,2710
sweep,3180
sweep,3196
sweep,3182
sweep,3676
sweep,2396
sweep,2511
sweep,3866
sweep,2639
sweep,3046
sweep,1843
sweep,3305
sweep,3939
sweep,4476
sweep,3432
sweep,3017
sweep,3144
sweep,2831
sweep,3012
sweep,2799
sweep,3276
sweep,2936
sweep,3291
sweep,2526
sweep,2899
sweep,3679
sweep,2688
sweep,2724
sweep,2978
sweep,2860
sweep,3679
sweep,2879
sweep,2753
sweep,2694
sweep,3649
sweep,4291
sweep,3961
sweep,4314
sweep,6086
sweep,8497
sweep,6459
sweep,9402
sweep,8317
sweep,8706
sweep,7339
sweep,7727
sweep,7044
sweep,830
mark,1034706
sweep,4911
sweep,3856
sweep,3806
sweep,4144
sweep,3569
sweep,4216
sweep,4143
sweep,3229
sweep,2827
sweep,3499
sweep,3252
sweep,2763
sweep,2911
sweep,3052
sweep,2664
sweep,3061
sweep,3211
sweep,2959
sweep,2996
sweep,3464
sweep,2337
sweep,2483
sweep,4069
sweep,2451
sweep,3689
sweep,1934
sweep,3674
sweep,4082
sweep,4212
sweep,3667
sweep,3509
sweep,2819
sweep,2902
sweep,2928
sweep,2783
sweep,3038
sweep,2749
sweep,3002
sweep,2762
sweep,2587
sweep,3982
sweep,2737
sweep,3117
sweep,3017
sweep,2834
sweep,3503
sweep,2833
sweep,2751
sweep,2603
sweep,5337
sweep,8674
sweep,8373
sweep,8495
sweep,8191
sweep,6426
sweep,7150
sweep,4056
sweep,4269
sweep,4558
sweep,6079
sweep,5921
sweep,5695
sweep,237
mark,1026596
sweep,4971
sweep,4391
sweep,4248
sweep,4023
sweep,3837
sweep,4345
sweep,3754
sweep,3183
sweep,2790
sweep,3328
sweep,3374
sweep,2831
sweep,2753
sweep,2786
sweep,2897
sweep,2659
sweep,3190
sweep,3147
sweep,2992
sweep,3577
sweep,2352
sweep,2700
sweep,3670
sweep,2282
sweep,3052
sweep,2204
sweep,3360
sweep,3737
sweep,4680
sweep,3510
sweep,3175
sweep,2988
sweep,3437
sweep,2989
sweep,2872
sweep,3717
sweep,2866
sweep,3129
sweep,2690
sweep,2697
sweep,3685
sweep,2654
sweep,2976
sweep,2913
sweep,2724
sweep,3489
sweep,2854
sweep,2680
sweep,2367
sweep,3738
sweep,4266
sweep,4066
sweep,4149
sweep,6061
sweep,7932
sweep,6143
sweep,8685
sweep,8624
sweep,8542
sweep,8278
sweep,7314
sweep,7594
sweep,835
mark,1029138
sweep,5107
sweep,4150
sweep,3910
sweep,4159
sweep,3607
sweep,4043
sweep,3613
sweep,3494
sweep,3085
sweep,3137
sweep,3256
sweep,2786
sweep,2635
sweep,3007
sweep,2628
sweep,2771
sweep,3356
sweep,3112
sweep,3057
sweep,3499
sweep,2437
sweep,2583
sweep,3961
sweep,2459
sweep,3719
sweep,1983
sweep,3531
sweep,4008
sweep,4416
sweep,3900
sweep,3193
sweep,3071
sweep,2917
sweep,3048
sweep,2816
sweep,3111
sweep,2701
sweep,3253
sweep,2706
sweep,2728
sweep,3824
sweep,2808
sweep,2886
sweep,3062
sweep,2933
sweep,3731
sweep,2744
sweep,2545
sweep,2679
sweep,5615
sweep,8792
sweep,8564
sweep,8696
sweep,8089
sweep,6327
sweep,7689
sweep,4064
sweep,4417
sweep,4987
sweep,6223
sweep,5566
sweep,5994
sweep,229
mark,1029442
sweep,4548
sweep,3911
sweep,4347
sweep,3963
sweep,3855
sweep,4267
sweep,3626
sweep,3770
sweep,3044
sweep,3298
sweep,3369
sweep,2778
sweep,2820
sweep,2960
sweep,2580
sweep,2650
sweep,3275
sweep,2954
sweep,3003
sweep,3837
sweep,2405
sweep,2587
sweep,3801
sweep,2352
sweep,3216
sweep,2004
sweep,3406
sweep,3731
sweep,4402
sweep,3402
sweep,3230
sweep,3238
sweep,2928
sweep,3024
sweep,2816
sweep,3293
sweep,2865
sweep,3006
sweep,2814
sweep,3023
sweep,3934
sweep,2943
sweep,2640
sweep,3078
sweep,2900
sweep,3440
sweep,3135
sweep,2509
sweep,2484
sweep,3482
sweep,3819
sweep,4207
sweep,4165
sweep,5938
sweep,7658
sweep,6045
sweep,8711
sweep,8401
sweep,8664
sweep,8255
sweep,7651
sweep,7133
sweep,835
mark,1028982
sweep,5071
sweep,4133
sweep,4062
sweep,4526
sweep,3565
sweep,4248
sweep,4088
sweep,3379
sweep,3119
sweep,3326
sweep,3064
sweep,2998
sweep,2767
sweep,3232
sweep,2679
sweep,2841
sweep,3430
sweep,3481
sweep,3216
sweep,3439
sweep,2426
sweep,2409
sweep,3878
sweep,2243
sweep,3355
sweep,2086
sweep,3518
sweep,3687
sweep,4215
sweep,3568
sweep,2974
sweep,3263
sweep,2842
sweep,3078
sweep,2794
sweep,3292
sweep,2994
sweep,3483
sweep,2661
sweep,2766
sweep,4180
sweep,2982
sweep,2801
sweep,2890
sweep,3020
sweep,3559
sweep,2724
sweep,2503
sweep,2643
sweep,5303
sweep,8892
sweep,8445
sweep,9188
sweep,8240
sweep,6095
sweep,7498
sweep,4036
sweep,4650
sweep,4252
sweep,5646
sweep,5932
sweep,6395
sweep,221
mark,1028222
sweep,4747
sweep,3933
sweep,4437
sweep,4013
sweep,3592
sweep,3943
sweep,3538
sweep,3372
sweep,3072
sweep,3343
sweep,3432
sweep,2776
sweep,3071
sweep,2782
sweep,2551
sweep,2946
sweep,3570
sweep,2950
sweep,3203
sweep,3442
sweep,2348
sweep,2506
sweep,3791
sweep,2261
sweep,3643
sweep,2243
sweep,3592
sweep,3643
sweep,4339
sweep,3347
sweep,3336
sweep,3027
sweep,2903
sweep,3321
sweep,2997
sweep,3216
sweep,2770
sweep,3153
sweep,2501
sweep,2830
sweep,3773
sweep,3034
sweep,2637
sweep,2950
sweep,3090
sweep,3493
sweep,2748
sweep,2657
sweep,2682
sweep,3679
sweep,4063
sweep,3917
sweep,4442
sweep,5502
sweep,8060
sweep,6867
sweep,8417
sweep,8163
sweep,8457
sweep,7764
sweep,7492
sweep,7081
sweep,829
mark,1032719
sweep,4819
sweep,3868
sweep,4604
sweep,4249
sweep,3955
sweep,4237
sweep,3632
sweep,3269
sweep,2887
sweep,3741
sweep,3059
sweep,3066
sweep,2697
sweep,3302
sweep,2639
sweep,2677
sweep,3583
sweep,2916
sweep,3363
sweep,3526
sweep,2486
sweep,2635
sweep,3970
sweep,2584
sweep,3101
sweep,2085
sweep,3477
sweep,3855
sweep,4278
sweep,3800
sweep,3220
sweep,3073
sweep,2847
sweep,3009
sweep,2819
sweep,3142
sweep,2826
sweep,3308
sweep,2383
sweep,2717
sweep,3777
sweep,2816
sweep,2656
sweep,2915
sweep,2941
sweep,3518
sweep,2776
sweep,2446
sweep,2872
sweep,5490
sweep,9952
sweep,17782
sweep,9108
sweep,8565
sweep,14718
sweep,8095
sweep,4050
sweep,4457
sweep,4395
sweep,5711
sweep,5722
sweep,6534
sweep,226
mark,1068618
sweep,4556
sweep,4529
sweep,4552
sweep,4053
sweep,3763
sweep,3963
sweep,3953
sweep,3312
sweep,3121
sweep,3083
sweep,3495
sweep,2804
sweep,2747
sweep,2784
sweep,2642
sweep,2790
sweep,3234
sweep,2926
sweep,2891
sweep,3353
sweep,2360
sweep,2775
sweep,3824
sweep,2362
sweep,3624
sweep,1940
sweep,3374
sweep,3739
sweep,4517
sweep,3570
sweep,3169
sweep,3201
sweep,3044
sweep,3028
sweep,3359
sweep,3365
sweep,2803
sweep,3368
sweep,2523
sweep,2709
sweep,3800
sweep,2763
sweep,2719
sweep,3510
sweep,2948
sweep,4056
sweep,2686
sweep,2675
sweep,2872
sweep,3514
sweep,4315
sweep,3948
sweep,4633
sweep,6210
sweep,8382
sweep,5995
sweep,8739
sweep,8638
sweep,8981
sweep,7331
sweep,7412
sweep,7291
sweep,833
mark,1047348
sweep,4911
sweep,4407
sweep,4037
sweep,4234
sweep,3655
sweep,4215
sweep,3548
sweep,3245
sweep,2887
sweep,3501
sweep,3311
sweep,3076
sweep,2762
sweep,2803
sweep,2794
sweep,2823
sweep,3421
sweep,2963
sweep,2991
sweep,3434
sweep,2624
sweep,2767
sweep,4182
sweep,2688
sweep,3059
sweep,1886
sweep,3558
sweep,3643
sweep,4247
sweep,3721
sweep,3567
sweep,3094
sweep,2917
sweep,3063
sweep,2845
sweep,3129
sweep,2993
sweep,3256
sweep,2816
sweep,3091
sweep,3741
sweep,2771
sweep,2686
sweep,3057
sweep,2744
sweep,3444
sweep,2938
sweep,2508
sweep,2525
sweep,5521
sweep,9493
sweep,8746
sweep,8705
sweep,8556
sweep,6414
sweep,7590
sweep,4408
sweep,4868
sweep,4366
sweep,5739
sweep,5691
sweep,6524
sweep,257
mark,1050509
sweep,5078
sweep,3943
sweep,4151
sweep,4285
sweep,3690
sweep,4000
sweep,3935
sweep,3111
sweep,2825
sweep,3123
sweep,3330
sweep,2753
sweep,3107
sweep,2828
sweep,2661
sweep,2656
sweep,3303
sweep,3299
sweep,3178
sweep,3336
sweep,2328
sweep,2623
sweep,3692
sweep,2586
sweep,3142
sweep,1927
sweep,3748
sweep,3657
sweep,4599
sweep,3628
sweep,3094
sweep,3364
sweep,2842
sweep,3016
sweep,3320
sweep,3464
sweep,2782
sweep,3081
sweep,2524
sweep,2652
sweep,4014
sweep,2929
sweep,2681
sweep,3384
sweep,3008
sweep,3460
sweep,2802
sweep,2635
sweep,2998
sweep,3680
sweep,4230
sweep,4041
sweep,4503
sweep,6013
sweep,7578
sweep,6000
sweep,8876
sweep,8317
sweep,8280
sweep,7790
sweep,7746
sweep,7723
sweep,839
mark,1045688
sweep,4832
sweep,4339
sweep,3989
sweep,4361
sweep,3565
sweep,4040
sweep,3877
sweep,3148
sweep,2920
sweep,3324
sweep,3396
sweep,2752
sweep,2924
sweep,2871
sweep,2657
sweep,2753
sweep,3471
sweep,2912
sweep,3101
sweep,3533
sweep,2665
sweep,2683
sweep,3846
sweep,2264
sweep,3188
sweep,1874
sweep,3952
sweep,3811
sweep,4608
sweep,3670
sweep,3174
sweep,3244
sweep,2925
sweep,3382
sweep,2829
sweep,3488
sweep,3044
sweep,3124
sweep,2493
sweep,2666
sweep,3804
sweep,3115
sweep,2717
sweep,3117
sweep,3304
sweep,3738
sweep,3112
sweep,2656
sweep,2642
sweep,5766
sweep,8842
sweep,8449
sweep,8421
sweep,8122
sweep,5681
sweep,7161
sweep,4000
sweep,4352
sweep,4856
sweep,6194
sweep,5720
sweep,5985
sweep,244
mark,1020991
sweep,5118
sweep,3854
sweep,3956
sweep,3950
sweep,3839
sweep,3871
sweep,3641
sweep,3024
sweep,3151
sweep,3153
sweep,3292
sweep,2901
sweep,2620
sweep,2883
sweep,2548
sweep,2776
sweep,3452
sweep,3259
sweep,3044
sweep,3524
sweep,2573
sweep,2480
sweep,3720
sweep,2435
sweep,3323
sweep,2042
sweep,3417
sweep,3563
sweep,4123
sweep,3359
sweep,3135
sweep,3111
sweep,3034
sweep,2974
sweep,3186
sweep,3322
sweep,2701
sweep,3007
sweep,2720
sweep,3161
sweep,3615
sweep,2932
sweep,2661
sweep,2864
sweep,2947
sweep,3761
sweep,2669
sweep,2489
sweep,2526
sweep,3322
sweep,4087
sweep,3967
sweep,4526
sweep,6067
sweep,7767
sweep,5939
sweep,8451
sweep,8238
sweep,8410
sweep,7613
sweep,6995
sweep,7088
sweep,836
mark,1029687
sweep,5140
sweep,3803
sweep,3965
sweep,4172
sweep,3648
sweep,3890
sweep,3604
sweep,3189
sweep,2931
sweep,3066
sweep,3047
sweep,2683
sweep,2769
sweep,3143
sweep,2574
sweep,2882
sweep,3452
sweep,3247
sweep,2880
sweep,3427
sweep,2311
sweep,2462
sweep,3799
sweep,2350
sweep,3449
sweep,1995
sweep,3375
sweep,3839
sweep,4276
sweep,3543
sweep,2919
sweep,3151
sweep,2999
sweep,3080
sweep,2790
sweep,3282
sweep,2846
sweep,3136
sweep,2529
sweep,3265
sweep,3756
sweep,2733
sweep,2909
sweep,3040
sweep,3288
sweep,3535
sweep,2826
sweep,2487
sweep,2465
sweep,5683
sweep,9094
sweep,8617
sweep,8626
sweep,7857
sweep,6642
sweep,7149
sweep,4028
sweep,4633
sweep,4571
sweep,6368
sweep,5979
sweep,6003
sweep,259
mark,1029339
sweep,4773
sweep,3944
sweep,4430
sweep,4080
sweep,3873
sweep,4171
sweep,3815
sweep,3485
sweep,2876
sweep,3307
sweep,3299
sweep,2734
sweep,2616
sweep,3074
sweep,2526
sweep,3017
sweep,3404
sweep,3001
sweep,2937
sweep,3448
sweep,2537
sweep,2785
sweep,4043
sweep,2415
sweep,3326
sweep,1903
sweep,3383
sweep,3611
sweep,4218
sweep,3430
sweep,3126
sweep,3025
sweep,2902
sweep,2963
sweep,2766
sweep,3250
sweep,2762
sweep,2943
sweep,2762
sweep,2792
sweep,3775
sweep,2927
sweep,2928
sweep,3074
sweep,2901
sweep,3427
sweep,2727
sweep,2664
sweep,2807
sweep,3621
sweep,4147
sweep,3975
sweep,4218
sweep,6060
sweep,7628
sweep,6246
sweep,8282
sweep,8412
sweep,8431
sweep,7649
sweep,7154
sweep,7244
sweep,819
mark,1036536
sweep,4606
sweep,3827
sweep,4039
sweep,4230
sweep,3790
sweep,4311
sweep,4003
sweep,3291
sweep,2786
sweep,3390
sweep,2986
sweep,2692
sweep,2725
sweep,2952
sweep,2642
sweep,2844
sweep,3523
sweep,3052
sweep,3048
sweep,3575
sweep,2389
sweep,2723
sweep,4027
sweep,2413
sweep,3717
sweep,1998
sweep,3409
sweep,3720
sweep,4501
sweep,3404
sweep,3127
sweep,2992
sweep,2862
sweep,3354
sweep,2926
sweep,2969
sweep,2854
sweep,3274
sweep,2485
sweep,2765
sweep,3729
sweep,2607
sweep,2978
sweep,3139
sweep,2901
sweep,3342
sweep,2708
sweep,2634
sweep,2573
sweep,5563
sweep,8991
sweep,8960
sweep,8883
sweep,7772
sweep,6129
sweep,7122
sweep,4173
sweep,4248
sweep,4625
sweep,5812
sweep,5542
sweep,5806
sweep,220
mark,1022889
sweep,4909
sweep,3929
sweep,3989
sweep,4141
sweep,3876
sweep,4290
sweep,3552
sweep,3412
sweep,2796
sweep,3172
sweep,3102
sweep,2977
sweep,2775
sweep,3371
sweep,2827
sweep,2933
sweep,3279
sweep,3079
sweep,3226
sweep,3492
sweep,2520
sweep,2464
sweep,3947
sweep,2365
sweep,3039
sweep,1816
sweep,3650
sweep,3626
sweep,4416
sweep,3267
sweep,3154
sweep,3072
sweep,2979
sweep,3184
sweep,3306
sweep,3233
sweep,2882
sweep,3063
sweep,2578
sweep,3011
sweep,3854
sweep,2665
sweep,3004
sweep,3446
sweep,3382
sweep,4056
sweep,2761
sweep,2775
sweep,2506
sweep,3739
sweep,3984
sweep,3996
sweep,4157
sweep,5826
sweep,7566
sweep,6255
sweep,8852
sweep,8402
sweep,8435
sweep,7216
sweep,7397
sweep,7137
sweep,832
mark,1034642
sweep,4387
sweep,4326
sweep,4031
sweep,4215
sweep,3565
sweep,4520
sweep,3551
sweep,3337
sweep,3043
sweep,3221
sweep,3101
sweep,2744
sweep,2638
sweep,3556
sweep,2659
sweep,2769
sweep,3426
sweep,3153
sweep,2988
sweep,3355
sweep,2314
sweep,2428
sweep,3753
sweep,2580
sweep,3577
sweep,2230
sweep,3395
sweep,3709
sweep,4466
sweep,3501
sweep,3127
sweep,3413
sweep,2988
sweep,2971
sweep,3166
sweep,2956
sweep,2881
sweep,3046
sweep,2490
sweep,2729
sweep,3776
sweep,2743
sweep,2658
sweep,2980
sweep,2962
sweep,3434
sweep,2677
sweep,2786
sweep,2745
sweep,5260
sweep,8450
sweep,9063
sweep,8917
sweep,7658
sweep,5749
sweep,7099
sweep,3970
sweep,4682
sweep,4782
sweep,5978
sweep,5995
sweep,6072
sweep,251
mark,1047138
sweep,4745
sweep,4165
sweep,3933
sweep,3944
sweep,3562
sweep,4095
sweep,3847
sweep,3082
sweep,2808
sweep,3214
sweep,3273
sweep,3141
sweep,2689
sweep,3044
sweep,2664
sweep,2920
sweep,3353
sweep,2970
sweep,3111
sweep,3450
sweep,2345
sweep,2641
sweep,3903
sweep,2418
sweep,3291
sweep,1906
sweep,3371
sweep,3648
sweep,4842
sweep,3737
sweep,3188
sweep,3234
sweep,2923
sweep,3397
sweep,3220
sweep,3289
sweep,2751
sweep,3209
sweep,2475
sweep,2615
sweep,3731
sweep,2611
sweep,2722
sweep,2989
sweep,2833
sweep,3845
sweep,3019
sweep,2560
sweep,2672
sweep,3458
sweep,4331
sweep,3912
sweep,4670
sweep,6220
sweep,8556
sweep,6050
sweep,8775
sweep,8819
sweep,8923
sweep,7393
sweep,7359
sweep,7393
sweep,828
mark,1045950
sweep,4594
sweep,3692
sweep,4105
sweep,4326
sweep,3847
sweep,4211
sweep,3632
sweep,3470
sweep,2901
sweep,3423
sweep,3113
sweep,2807
sweep,2669
sweep,2993
sweep,2826
sweep,2751
sweep,3549
sweep,2919
sweep,2957
sweep,3468
sweep,2448
sweep,2517
sweep,3939
sweep,2521
sweep,3100
sweep,2227
sweep,3326
sweep,3712
sweep,4586
sweep,12174
sweep,3253
sweep,2944
sweep,2865
sweep,3033
sweep,2803
sweep,3374
sweep,2989
sweep,3049
sweep,2550
sweep,2590
sweep,3941
sweep,2638
sweep,2761
sweep,2981
sweep,2945
sweep,3488
sweep,3077
sweep,2495
sweep,2601
sweep,5413
sweep,8868
sweep,8509
sweep,8624
sweep,7723
sweep,6005
sweep,7021
sweep,4098
sweep,4388
sweep,4982
sweep,6201
sweep,5871
sweep,6127
sweep,224
mark,1027284
sweep,4740
sweep,4020
sweep,4012
sweep,4084
sweep,3770
sweep,4304
sweep,3833
sweep,3167
sweep,3017
sweep,3163
sweep,3070
sweep,2921
sweep,2786
sweep,3018
sweep,2659
sweep,2751
sweep,3298
sweep,3385
sweep,3014
sweep,3859
sweep,2326
sweep,2671
sweep,3791
sweep,2636
sweep,3262
sweep,1899
sweep,3585
sweep,3542
sweep,4560
sweep,3573
sweep,3267
sweep,3149
sweep,2846
sweep,3204
sweep,3238
sweep,3216
sweep,2675
sweep,3255
sweep,2699
sweep,3007
sweep,3958
sweep,2542
sweep,3054
sweep,3338
sweep,3255
sweep,3475
sweep,2762
sweep,2834
sweep,2396
sweep,3632
sweep,4079
sweep,4011
sweep,4165
sweep,6054
sweep,7729
sweep,6050
sweep,9305
sweep,8069
sweep,8243
sweep,8124
sweep,7591
sweep,7333
sweep,832
mark,1038009
sweep,4550
sweep,3882
sweep,3877
sweep,4066
sweep,3728
sweep,4372
sweep,3633
sweep,3577
sweep,2796
sweep,3367
sweep,2992
sweep,2722
sweep,2698
sweep,2896
sweep,2549
sweep,2721
sweep,3185
sweep,2945
sweep,2985
sweep,3570
sweep,2365
sweep,2464
sweep,3732
sweep,2394
sweep,3415
sweep,1895
sweep,3553
sweep,3613
sweep,4870
sweep,3636
sweep,3076
sweep,2852
sweep,2889
sweep,3034
sweep,2822
sweep,3306
sweep,3015
sweep,3413
sweep,2606
sweep,2646
sweep,4010
sweep,3156
sweep,2757
sweep,3029
sweep,2871
sweep,3880
sweep,2984
sweep,2720
sweep,2398
sweep,5655
sweep,8845
sweep,8390
sweep,8592
sweep,8332
sweep,6679
sweep,7138
sweep,4357
sweep,4408
sweep,4870
sweep,6364
sweep,5953
sweep,6432
sweep,270
mark,1028987
sweep,4578
sweep,3987
sweep,4004
sweep,4198
sweep,3552
sweep,4513
sweep,3710
sweep,3251
sweep,3074
sweep,3491
sweep,3321
sweep,2737
sweep,2782
sweep,2812
sweep,2634
sweep,3059
sweep,3250
sweep,2994
sweep,3145
sweep,3558
sweep,2434
sweep,2641
sweep,3788
sweep,2668
sweep,3591
sweep,2080
sweep,3600
sweep,3693
sweep,4317
sweep,3349
sweep,3779
sweep,3319
sweep,2836
sweep,3307
sweep,2846
sweep,3697
sweep,2702
sweep,3113
sweep,2801
sweep,2795
sweep,3865
sweep,2706
sweep,2762
sweep,2977
sweep,2838
sweep,3564
sweep,2685
sweep,2776
sweep,2450
sweep,3714
sweep,4166
sweep,4134
sweep,4439
sweep,5828
sweep,8374
sweep,6536
sweep,8469
sweep,8444
sweep,8339
sweep,6995
sweep,7109
sweep,7215
sweep,870
mark,1031047
sweep,4555
sweep,4122
sweep,3881
sweep,4007
sweep,3666
sweep,4148
sweep,3587
sweep,3632
sweep,2851
sweep,3225
sweep,3320
sweep,2797
sweep,2717
sweep,2828
sweep,2706
sweep,2806
sweep,3353
sweep,2913
sweep,3190
sweep,3499
sweep,2599
sweep,2722
sweep,4081
sweep,2419
sweep,3135
sweep,2197
sweep,3564
sweep,3746
sweep,4211
sweep,3423
sweep,2971
sweep,2924
sweep,2867
sweep,3012
sweep,2833
sweep,3294
sweep,2867
sweep,3108
sweep,2700
sweep,2792
sweep,3817
sweep,2757
sweep,2806
sweep,3182
sweep,3085
sweep,3709
sweep,2655
sweep,2550
sweep,2440
sweep,5579
sweep,8881
sweep,8967
sweep,8673
sweep,7911
sweep,6312
sweep,6691
sweep,4042
sweep,4404
sweep,4772
sweep,6164
sweep,5912
sweep,5793
sweep,222
mark,1025713
sweep,4983
sweep,4010
sweep,4031
sweep,4385
sweep,3822
sweep,4279
sweep,3731
sweep,3190
sweep,3066
sweep,3051
sweep,3118
sweep,2773
sweep,2975
sweep,2851
sweep,2526
sweep,2890
sweep,3185
sweep,2908
sweep,3224
sweep,3318
sweep,2644
sweep,2387
sweep,3781
sweep,2563
sweep,3044
sweep,1949
sweep,3330
sweep,4005
sweep,4292
sweep,3422
sweep,3330
sweep,3103
sweep,2948
sweep,3089
sweep,2978
sweep,3300
sweep,3096
sweep,3095
sweep,2527
sweep,2611
sweep,3812
sweep,3086
sweep,2850
sweep,3089
sweep,2912
sweep,3498
sweep,2971
sweep,2538
sweep,2457
sweep,3610
sweep,3824
sweep,4062
sweep,4156
sweep,6117
sweep,7801
sweep,5848
sweep,8340
sweep,8485
sweep,8378
sweep,7300
sweep,7107
sweep,7089
sweep,875
mark,1025940
sweep,4502
sweep,3816
sweep,4160
sweep,4012
sweep,3876
sweep,4119
sweep,3772
sweep,3413
sweep,2898
sweep,3318
sweep,2956
sweep,2774
sweep,2920
sweep,3326
sweep,2655
sweep,2927
sweep,3270
sweep,3227
sweep,2861
sweep,3421
sweep,2434
sweep,2332
sweep,3892
sweep,2442
sweep,3540
sweep,2450
sweep,3715
sweep,3623
sweep,4360
sweep,3698
sweep,3300
sweep,3029
sweep,2953
sweep,3143
sweep,2754
sweep,3295
sweep,2748
sweep,3086
sweep,2407
sweep,2726
sweep,3624
sweep,2715
sweep,2584
sweep,2828
sweep,3201
sweep,3599
sweep,2826
sweep,2447
sweep,2517
sweep,5747
sweep,8785
sweep,8504
sweep,8310
sweep,7663
sweep,5676
sweep,7247
sweep,4005
sweep,4331
sweep,4909
sweep,6197
sweep,5595
sweep,5787
sweep,248
mark,1030267
sweep,4562
sweep,3799
sweep,3844
sweep,4221
sweep,3949
sweep,3946
sweep,3673
sweep,3385
sweep,2806
sweep,3261
sweep,3069
sweep,2736
sweep,2655
sweep,2841
sweep,2625
sweep,2726
sweep,3423
sweep,3034
sweep,2926
sweep,3756
sweep,2619
sweep,2447
sweep,3846
sweep,2446
sweep,3157
sweep,1971
sweep,3625
sweep,3898
sweep,4168
sweep,3708
sweep,3370
sweep,3111
sweep,2884
sweep,3152
sweep,2982
sweep,3233
sweep,3018
sweep,2994
sweep,2522
sweep,2650
sweep,3798
sweep,2749
sweep,2722
sweep,2967
sweep,2908
sweep,3367
sweep,3098
sweep,2552
sweep,2560
sweep,3763
sweep,3846
sweep,4156
sweep,4098
sweep,5657
sweep,7834
sweep,6161
sweep,8319
sweep,8442
sweep,8524
sweep,7361
sweep,7245
sweep,7060
sweep,831
mark,1034763
sweep,5403
sweep,3787
sweep,3837
sweep,4238
sweep,3555
sweep,4105
sweep,3602
sweep,3537
sweep,2798
sweep,3346
sweep,3115
sweep,2823
sweep,2884
sweep,3205
sweep,2621
sweep,2773
sweep,3467
sweep,2866
sweep,3138
sweep,3471
sweep,2349
sweep,2640
sweep,4049
sweep,2454
sweep,3521
sweep,2300
sweep,3594
sweep,3729
sweep,4467
sweep,3332
sweep,3372
sweep,3112
sweep,3363
sweep,3028
sweep,3188
sweep,3259
sweep,3010
sweep,3110
sweep,2444
sweep,3258
sweep,3757
sweep,3006
sweep,2956
sweep,3247
sweep,2734
sweep,3939
sweep,2707
sweep,2510
sweep,2739
sweep,5355
sweep,9174
sweep,8589
sweep,8575
sweep,7653
sweep,5942
sweep,7202
sweep,4023
sweep,4292
sweep,5138
sweep,6225
sweep,5911
sweep,5893
sweep,220
mark,1026805
sweep,5159
sweep,4001
sweep,3893
sweep,3975
sweep,3498
sweep,4079
sweep,3575
sweep,3165
sweep,2802
sweep,3140
sweep,3177
sweep,2754
sweep,2839
sweep,3056
sweep,3009
sweep,2837
sweep,3243
sweep,3397
sweep,2874
sweep,3272
sweep,2480
sweep,2716
sweep,4041
sweep,2754
sweep,3098
sweep,1915
sweep,3394
sweep,3729
sweep,4161
sweep,3659
sweep,3113
sweep,3001
sweep,2882
sweep,3393
sweep,2836
sweep,3593
sweep,2836
sweep,3264
sweep,2495
sweep,3113
sweep,4190
sweep,2717
sweep,2891
sweep,3135
sweep,2865
sweep,3684
sweep,2857
sweep,2723
sweep,2575
sweep,3623
sweep,4090
sweep,4105
sweep,4441
sweep,6267
sweep,7669
sweep,5840
sweep,8826
sweep,8205
sweep,8587
sweep,8237
sweep,7565
sweep,7622
sweep,830
mark,1034974
sweep,5037
sweep,4248
sweep,4280
sweep,4497
sweep,3688
sweep,4196
sweep,3990
sweep,3372
sweep,2977
sweep,3357
sweep,3135
sweep,2789
sweep,2693
sweep,3192
sweep,2531
sweep,2716
sweep,3248
sweep,2956
sweep,3622
sweep,3925
sweep,2436
sweep,2486
sweep,3946
sweep,2408
sweep,3231
sweep,2091
sweep,3466
sweep,3600
sweep,4407
sweep,3501
sweep,3271
sweep,3267
sweep,2922
sweep,3112
sweep,2771
sweep,3381
sweep,2853
sweep,3293
sweep,2461
sweep,2698
sweep,4187
sweep,2769
sweep,2902
sweep,3203
sweep,2867
sweep,3614
sweep,2717
sweep,2496
sweep,2535
sweep,5597
sweep,9332
sweep,8923
sweep,8309
sweep,8248
sweep,5702
sweep,6907
sweep,4035
sweep,4324
sweep,4807
sweep,6142
sweep,5488
sweep,5805
sweep,225
mark,1028536
sweep,4582
sweep,3915
sweep,4460
sweep,4560
sweep,3873
sweep,3945
sweep,3530
sweep,3044
sweep,2862
sweep,3355
sweep,3121
sweep,2766
sweep,2672
sweep,2881
sweep,2561
sweep,2703
sweep,3183
sweep,3284
sweep,3235
sweep,3885
sweep,2331
sweep,2529
sweep,3779
sweep,2338
sweep,3035
sweep,1936
sweep,3508
sweep,3715
sweep,4150
sweep,3318
sweep,3114
sweep,3384
sweep,2830
sweep,3334
sweep,2913
sweep,3424
sweep,2875
sweep,3510
sweep,2806
sweep,2668
sweep,3816
sweep,2685
sweep,2700
sweep,3106
sweep,2938
sweep,3889
sweep,2851
sweep,2467
sweep,2485
sweep,3517
sweep,4200
sweep,3997
sweep,4199
sweep,6205
sweep,7549
sweep,6030
sweep,8646
sweep,8225
sweep,8634
sweep,8347
sweep,7694
sweep,7386
sweep,831
mark,1052206
sweep,4504
sweep,4216
sweep,4457
sweep,4334
sweep,4098
sweep,4304
sweep,3842
sweep,3944
sweep,3090
sweep,3162
sweep,3003
sweep,2737
sweep,2996
sweep,2902
sweep,2580
sweep,2662
sweep,3242
sweep,3065
sweep,3014
sweep,3364
sweep,2365
sweep,2426
sweep,3712
sweep,2228
sweep,2970
sweep,1911
sweep,3623
sweep,3649
sweep,4527
sweep,3229
sweep,3427
sweep,3458
sweep,2836
sweep,2948
sweep,3172
sweep,3146
sweep,3030
sweep,3285
sweep,2657
sweep,2788
sweep,3672
sweep,2600
sweep,2909
sweep,2842
sweep,3388
sweep,3339
sweep,2572
sweep,2474
sweep,2740
sweep,5397
sweep,8619
sweep,8419
sweep,8453
sweep,7466
sweep,6314
sweep,6995
sweep,4096
sweep,4157
sweep,5127
sweep,6183
sweep,5930
sweep,5899
sweep,217
mark,1026028
sweep,4724
sweep,4387
sweep,4085
sweep,4474
sweep,3826
sweep,4179
sweep,3540
sweep,3024
sweep,2830
sweep,3006
sweep,3102
sweep,2743
sweep,2730
sweep,2793
sweep,2524
sweep,2723
sweep,3185
sweep,2941
sweep,3253
sweep,3856
sweep,2629
sweep,2721
sweep,3681
sweep,2464
sweep,3011
sweep,1904
sweep,3545
sweep,3857
sweep,4182
sweep,3975
sweep,3287
sweep,3173
sweep,2856
sweep,3461
sweep,2782
sweep,3310
sweep,3064
sweep,2990
sweep,2757
sweep,2736
sweep,4061
sweep,3479
sweep,3060
sweep,3021
sweep,3369
sweep,3703
sweep,3155
sweep,2659
sweep,2658
sweep,3483
sweep,4077
sweep,4213
sweep,3973
sweep,6273
sweep,7668
sweep,5859
sweep,9256
sweep,8225
sweep,8109
sweep,7942
sweep,7396
sweep,7369
sweep,836
mark,1027941
sweep,4513
sweep,4037
sweep,3860
sweep,4197
sweep,3576
sweep,4423
sweep,3690
sweep,3091
sweep,3115
sweep,3170
sweep,3011
sweep,2737
sweep,2742
sweep,2985
sweep,2793
sweep,2735
sweep,3260
sweep,3000
sweep,3022
sweep,3485
sweep,2708
sweep,2619
sweep,3729
sweep,2396
sweep,3308
sweep,2068
sweep,3678
sweep,4062
sweep,4198
sweep,3298
sweep,3305
sweep,3418
sweep,2938
sweep,3125
sweep,2805
sweep,3177
sweep,2813
sweep,3120
sweep,2821
sweep,2842
sweep,3696
sweep,2703
sweep,2951
sweep,2991
sweep,2940
sweep,3491
sweep,2664
sweep,2432
sweep,2688
sweep,5585
sweep,9282
sweep,8913
sweep,8436
sweep,8042
sweep,5923
sweep,7474
sweep,4067
sweep,4478
sweep,4868
sweep,5739
sweep,5674
sweep,5925
sweep,245
mark,1024553
sweep,4495
sweep,4171
sweep,4570
sweep,4338
sweep,3732
sweep,4185
sweep,3569
sweep,3490
sweep,2772
sweep,3149
sweep,3081
sweep,2733
sweep,2707
sweep,2888
sweep,2531
sweep,2758
sweep,3438
sweep,2964
sweep,3016
sweep,3428
sweep,2262
sweep,2513
sweep,3985
sweep,2477
sweep,3257
sweep,2035
sweep,3291
sweep,3869
sweep,4268
sweep,3161
sweep,3118
sweep,3027
sweep,2941
sweep,2993
sweep,2870
sweep,3246
sweep,2991
sweep,3162
sweep,2519
sweep,2997
sweep,3823
sweep,2603
sweep,2691
sweep,2886
sweep,2890
sweep,3756
sweep,2738
sweep,2584
sweep,2501
sweep,3763
sweep,3965
sweep,3975
sweep,4366
sweep,5863
sweep,8356
sweep,6373
sweep,9150
sweep,8255
sweep,8737
sweep,7451
sweep,7695
sweep,6987
sweep,836
mark,1028831
sweep,4534
sweep,4018
sweep,3942
sweep,4160
sweep,3916
sweep,4068
sweep,3668
sweep,3132
sweep,3087
sweep,3269
sweep,2994
sweep,2659
sweep,2906
sweep,3039
sweep,2675
sweep,2820
sweep,3425
sweep,3242
sweep,3405
sweep,3458
sweep,2400
sweep,2514
sweep,3991
sweep,2397
sweep,3040
sweep,2358
sweep,3747
sweep,3610
sweep,4489
sweep,3473
sweep,3037
sweep,3022
sweep,3058
sweep,3085
sweep,3226
sweep,3443
sweep,3065
sweep,3127
sweep,2420
sweep,2913
sweep,3999
sweep,2878
sweep,2997
sweep,2950
sweep,2992
sweep,3635
sweep,2679
sweep,2484
sweep,2680
sweep,5452
sweep,9041
sweep,8554
sweep,8850
sweep,8019
sweep,5936
sweep,7330
sweep,3979
sweep,4291
sweep,5043
sweep,6120
sweep,5909
sweep,5753
sweep,221
mark,1025766
sweep,4998
sweep,4170
sweep,4346
sweep,4365
sweep,3743
sweep,4213
sweep,3595
sweep,3137
sweep,2788
sweep,3541
sweep,3065
sweep,2755
sweep,2717
sweep,2767
sweep,2876
sweep,2648
sweep,3284
sweep,3282
sweep,3330
sweep,3325
sweep,2556
sweep,2941
sweep,3835
sweep,2615
sweep,3168
sweep,2165
sweep,3387
sweep,3854
sweep,4269
sweep,3182
sweep,3119
sweep,3238
sweep,3112
sweep,3024
sweep,2867
sweep,3305
sweep,2789
sweep,3012
sweep,2735
sweep,2755
sweep,4004
sweep,2991
sweep,2664
sweep,3187
sweep,2969
sweep,3515
sweep,2896
sweep,2621
sweep,2638
sweep,3547
sweep,3847
sweep,4058
sweep,4287
sweep,6271
sweep,7720
sweep,6319
sweep,8820
sweep,8620
sweep,8378
sweep,7572
sweep,7279
sweep,7358
sweep,929
mark,1061635
sweep,5111
sweep,4468
sweep,4176
sweep,4173
sweep,3918
sweep,4367
sweep,3850
sweep,3117
sweep,2999
sweep,3391
sweep,3107
sweep,2818
sweep,2793
sweep,3196
sweep,2699
sweep,2691
sweep,3807
sweep,3008
sweep,3152
sweep,3813
sweep,2427
sweep,2439
sweep,3926
sweep,2420
sweep,3379
sweep,2164
sweep,3589
sweep,3690
sweep,4549
sweep,3536
sweep,3223
sweep,3013
sweep,3330
sweep,3175
sweep,2813
sweep,3418
sweep,2929
sweep,3158
sweep,2538
sweep,3232
sweep,3612
sweep,2958
sweep,2957
sweep,3293
sweep,2892
sweep,3477
sweep,2725
sweep,2723
sweep,2775
sweep,5357
sweep,9261
sweep,8396
sweep,8927
sweep,8084
sweep,6250
sweep,7251
sweep,4028
sweep,4530
sweep,4445
sweep,5680
sweep,5890
sweep,6645
sweep,227
mark,1068435
sweep,4757
sweep,4011
sweep,4022
sweep,4136
sweep,3687
sweep,4154
sweep,3555
sweep,3145
sweep,2802
sweep,3087
sweep,3086
sweep,3402
sweep,2702
sweep,2791
sweep,2660
sweep,2637
sweep,3439
sweep,2861
sweep,3224
sweep,3822
sweep,2299
sweep,2728
sweep,3988
sweep,2704
sweep,3661
sweep,2329
sweep,3372
sweep,3928
sweep,4209
sweep,3507
sweep,3407
sweep,3181
sweep,2988
sweep,3238
sweep,2796
sweep,3341
sweep,2779
sweep,3058
sweep,2593
sweep,2595
sweep,3847
sweep,2604
sweep,2934
sweep,3155
sweep,2812
sweep,3695
sweep,3020
sweep,2989
sweep,2508
sweep,3985
sweep,3989
sweep,4052
sweep,4027
sweep,6312
sweep,7846
sweep,6219
sweep,8328
sweep,8272
sweep,8320
sweep,7069
sweep,7197
sweep,6939
sweep,830
mark,1036976
sweep,4651
sweep,4287
sweep,3847
sweep,4037
sweep,3727
sweep,4242
sweep,3749
sweep,3369
sweep,2963
sweep,3264
sweep,3201
sweep,3011
sweep,2659
sweep,3165
sweep,2610
sweep,2896
sweep,3317
sweep,2949
sweep,2992
sweep,3475
sweep,2401
sweep,2432
sweep,3792
sweep,2423
sweep,3067
sweep,2046
sweep,3390
sweep,3701
sweep,4513
sweep,3298
sweep,3376
sweep,3008
sweep,2921
sweep,2967
sweep,3050
sweep,3505
sweep,2727
sweep,3058
sweep,2758
sweep,2779
sweep,3686
sweep,2685
sweep,2824
sweep,3048
sweep,2857
sweep,3416
sweep,2806
sweep,2780
sweep,2420
sweep,5550
sweep,8867
sweep,8982
sweep,9008
sweep,8141
sweep,5560
sweep,6969
sweep,3914
sweep,4191
sweep,5168
sweep,6237
sweep,5872
sweep,5797
sweep,248
mark,1034433
sweep,4701
sweep,4184
sweep,4211
sweep,4324
sweep,3539
sweep,4039
sweep,3674
sweep,3333
sweep,2723
sweep,3439
sweep,3057
sweep,2692
sweep,3108
sweep,2840
sweep,2644
sweep,2633
sweep,3193
sweep,2882
sweep,3081
sweep,3354
sweep,2394
sweep,2614
sweep,3882
sweep,2556
sweep,3188
sweep,1888
sweep,3542
sweep,3620
sweep,4080
sweep,3537
sweep,3347
sweep,3118
sweep,3193
sweep,3130
sweep,2968
sweep,3161
sweep,2778
sweep,2994
sweep,2752
sweep,2770
sweep,3807
sweep,2925
sweep,2908
sweep,3080
sweep,3159
sweep,3388
sweep,2852
sweep,2567
sweep,2690
sweep,3793
sweep,3999
sweep,4139
sweep,4148
sweep,6056
sweep,7619
sweep,5964
sweep,8632
sweep,8400
sweep,8736
sweep,8281
sweep,7403
sweep,7661
sweep,822
mark,1067558
sweep,5282
sweep,4180
sweep,4001
sweep,3993
sweep,3767
sweep,4004
sweep,3619
sweep,3332
sweep,2914
sweep,3472
sweep,2994
sweep,3065
sweep,3037
sweep,2778
sweep,2620
sweep,2695
sweep,3317
sweep,2841
sweep,3008
sweep,4026
sweep,2410
sweep,2801
sweep,3890
sweep,2508
sweep,3185
sweep,1871
sweep,3333
sweep,3609
sweep,4214
sweep,3854
sweep,3070
sweep,3296
sweep,3086
sweep,3102
sweep,2981
sweep,3153
sweep,2839
sweep,3153
sweep,2481
sweep,2972
sweep,3712
sweep,2616
sweep,2911
sweep,2967
sweep,3126
sweep,3871
sweep,2818
sweep,2420
sweep,2621
sweep,5600
sweep,8846
sweep,8524
sweep,8422
sweep,8255
sweep,5823
sweep,7156
sweep,4170
sweep,4655
sweep,4951
sweep,6245
sweep,5639
sweep,6026
sweep,233
mark,1026353
sweep,4927
sweep,4267
sweep,4096
sweep,4055
sweep,3861
sweep,4246
sweep,3555
sweep,2981
sweep,2842
sweep,2946
sweep,3102
sweep,2818
sweep,2745
sweep,2747
sweep,2639
sweep,2648
sweep,3290
sweep,2985
sweep,3079
sweep,3526
sweep,2274
sweep,2602
sweep,4173
sweep,2527
sweep,3065
sweep,2126
sweep,3502
sweep,3889
sweep,4338
sweep,3285
sweep,3309
sweep,3178
sweep,3563
sweep,3006
sweep,2763
sweep,3363
sweep,3056
sweep,3347
sweep,2832
sweep,3048
sweep,4103
sweep,2782
sweep,2740
sweep,3338
sweep,2783
sweep,3671
sweep,2807
sweep,2517
sweep,2551
sweep,3538
sweep,4120
sweep,3912
sweep,4138
sweep,5531
sweep,7668
sweep,5991
sweep,8953
sweep,8079
sweep,8224
sweep,7291
sweep,7119
sweep,7303
sweep,781
mark,1027221
sweep,4907
sweep,4262
sweep,4285
sweep,4303
sweep,3652
sweep,4345
sweep,3605
sweep,3414
sweep,3063
sweep,3357
sweep,3009
sweep,3252
sweep,2777
sweep,2776
sweep,2601
sweep,2795
sweep,3370
sweep,2910
sweep,2971
sweep,3450
sweep,2448
sweep,2527
sweep,3976
sweep,2358
sweep,3162
sweep,1918
sweep,3507
sweep,3696
sweep,4267
sweep,3989
sweep,3043
sweep,3163
sweep,2884
sweep,3013
sweep,2826
sweep,3343
sweep,2704
sweep,3122
sweep,2529
sweep,2660
sweep,4032
sweep,2719
sweep,2865
sweep,3106
sweep,3363
sweep,3934
sweep,2682
sweep,2478
sweep,2775
sweep,5462
sweep,8807
sweep,8372
sweep,8407
sweep,8014
sweep,6552
sweep,7385
sweep,4101
sweep,4432
sweep,4954
sweep,6232
sweep,5930
sweep,5767
sweep,242
mark,1027779
sweep,4617
sweep,4223
sweep,4222
sweep,4154
sweep,3772
sweep,4102
sweep,3446
sweep,3357
sweep,3165
sweep,3327
sweep,3124
sweep,2824
sweep,2888
sweep,2795
sweep,2665
sweep,2756
sweep,3259
sweep,3336
sweep,2887
sweep,3411
sweep,2630
sweep,2692
sweep,3727
sweep,2411
sweep,3336
sweep,1940
sweep,3351
sweep,3527
sweep,4547
sweep,3309
sweep,3144
sweep,3342
sweep,3442
sweep,3321
sweep,3085
sweep,3198
sweep,2733
sweep,3335
sweep,2644
sweep,2557
sweep,3831
sweep,3051
sweep,3037
sweep,3391
sweep,2894
sweep,3510
sweep,2765
sweep,2457
sweep,2479
sweep,3728
sweep,3998
sweep,4083
sweep,4184
sweep,6314
sweep,7855
sweep,5938
sweep,8713
sweep,8149
sweep,8924
sweep,8039
sweep,7419
sweep,7417
sweep,933
mark,1029258
sweep,4951
sweep,4237
sweep,4432
sweep,4208
sweep,3815
sweep,4077
sweep,3839
sweep,3138
sweep,2970
sweep,3197
sweep,3017
sweep,2963
sweep,3048
sweep,2864
sweep,2705
sweep,2997
sweep,3300
sweep,3112
sweep,3225
sweep,3315
sweep,2377
sweep,2664
sweep,3754
sweep,2311
sweep,3313
sweep,2156
sweep,3581
sweep,3863
sweep,4366
sweep,3393
sweep,3137
sweep,3150
sweep,3350
sweep,2935
sweep,2798
sweep,3417
sweep,3261
sweep,3370
sweep,2730
sweep,2625
sweep,3787
sweep,2557
sweep,2973
sweep,3424
sweep,2912
sweep,3393
sweep,3069
sweep,2484
sweep,2497
sweep,5720
sweep,8748
sweep,8611
sweep,8564
sweep,8105
sweep,6205
sweep,7467
sweep,3993
sweep,4364
sweep,4610
sweep,6272
sweep,5885
sweep,6085
sweep,220
mark,1027248
sweep,5294
sweep,4024
sweep,4416
sweep,4246
sweep,3843
sweep,4232
sweep,3542
sweep,3383
sweep,2983
sweep,2979
sweep,3027
sweep,2693
sweep,2972
sweep,2858
sweep,2622
sweep,2719
sweep,3290
sweep,2977
sweep,2933
sweep,3614
sweep,2365
sweep,2623
sweep,3789
sweep,2603
sweep,3672
sweep,1980
sweep,3448
sweep,3998
sweep,4576
sweep,3597
sweep,3334
sweep,3602
sweep,2953
sweep,3166
sweep,2754
sweep,3536
sweep,2949
sweep,3456
sweep,2556
sweep,2777
sweep,4110
sweep,2642
sweep,2642
sweep,3296
sweep,2824
sweep,3731
sweep,2931
sweep,2726
sweep,2444
sweep,3504
sweep,4165
sweep,3910
sweep,4532
sweep,6097
sweep,8214
sweep,5958
sweep,9369
sweep,7956
sweep,8856
sweep,7187
sweep,7187
sweep,7314
sweep,928
mark,1067468
sweep,5038
sweep,4176
sweep,4212
sweep,3971
sweep,3903
sweep,4088
sweep,3920
sweep,3240
sweep,3122
sweep,3558
sweep,3554
sweep,2779
sweep,2809
sweep,2768
sweep,2945
sweep,2644
sweep,3347
sweep,3008
sweep,2958
sweep,3828
sweep,2503
sweep,2502
sweep,3808
sweep,2266
sweep,3502
sweep,1860
sweep,3764
sweep,3688
sweep,4450
sweep,3829
sweep,3463
sweep,3106
sweep,2888
sweep,3172
sweep,2911
sweep,3567
sweep,2792
sweep,3126
sweep,2901
sweep,3009
sweep,3728
sweep,3068
sweep,3021
sweep,2923
sweep,3086
sweep,3413
sweep,2833
sweep,2490
sweep,2456
sweep,5721
sweep,8626
sweep,8552
sweep,8961
sweep,7935
sweep,5876
sweep,7033
sweep,4026
sweep,4569
sweep,4568
sweep,6636
sweep,5613
sweep,6385
sweep,232
mark,1047044
sweep,4729
sweep,4057
sweep,4463
sweep,4312
sweep,3911
sweep,4085
sweep,3592
sweep,3507
sweep,2848
sweep,3130
sweep,3271
sweep,2910
sweep,2757
sweep,2811
sweep,3014
sweep,2684
sweep,3827
sweep,3077
sweep,3106
sweep,3414
sweep,2372
sweep,2524
sweep,4301
sweep,2498
sweep,3076
sweep,1962
sweep,3413
sweep,3958
sweep,4590
sweep,3644
sweep,3435
sweep,3170
sweep,2916
sweep,3249
sweep,2764
sweep,3452
sweep,2774
sweep,3186
sweep,2532
sweep,2693
sweep,4098
sweep,2643
sweep,2917
sweep,3137
sweep,2895
sweep,3920
sweep,2669
sweep,2879
sweep,2416
sweep,3725
sweep,4275
sweep,4422
sweep,4556
sweep,5880
sweep,7997
sweep,6123
sweep,8886
sweep,8755
sweep,9077
sweep,7277
sweep,7344
sweep,7216
sweep,836
mark,1048764
sweep,4798
sweep,3918
sweep,4057
sweep,4475
sweep,3866
sweep,4312
sweep,3724
sweep,3110
sweep,2874
sweep,3585
sweep,3239
sweep,2789
sweep,2772
sweep,2860
sweep,2651
sweep,2771
sweep,3367
sweep,2855
sweep,3120
sweep,3461
sweep,2317
sweep,2427
sweep,4045
sweep,2438
sweep,3154
sweep,1958
sweep,3688
sweep,3627
sweep,4619
sweep,3710
sweep,3511
sweep,2928
sweep,3140
sweep,2978
sweep,3250
sweep,3526
sweep,2766
sweep,3273
sweep,2506
sweep,2687
sweep,3949
sweep,2952
sweep,2638
sweep,3178
sweep,3113
sweep,3576
sweep,2794
sweep,2738
sweep,2665
sweep,5965
sweep,9306
sweep,8933
sweep,8273
sweep,8062
sweep,5733
sweep,7513
sweep,4175
sweep,4375
sweep,4311
sweep,6174
sweep,5533
sweep,5923
sweep,222
mark,1030720
sweep,4593
sweep,4058
sweep,4269
sweep,4129
sweep,3527
sweep,3941
sweep,3563
sweep,3221
sweep,2803
sweep,2974
sweep,3143
sweep,2844
sweep,2664
sweep,3154
sweep,3113
sweep,2852
sweep,3247
sweep,3253
sweep,3130
sweep,3337
sweep,2493
sweep,2487
sweep,3981
sweep,2801
sweep,3259
sweep,2163
sweep,3335
sweep,4043
sweep,4402
sweep,3400
sweep,3016
sweep,2788
sweep,3418
sweep,2915
sweep,3091
sweep,3440
sweep,3101
sweep,3369
sweep,2649
sweep,2965
sweep,3790
sweep,2548
sweep,2785
sweep,3020
sweep,3174
sweep,3320
sweep,2741
sweep,2660
sweep,2478
sweep,3412
sweep,4411
sweep,4352
sweep,4462
sweep,6174
sweep,7673
sweep,6015
sweep,8783
sweep,8543
sweep,8506
sweep,8341
sweep,7366
sweep,7482
sweep,795
mark,1032895
sweep,4484
sweep,3717
sweep,4176
sweep,4036
sweep,3768
sweep,4371
sweep,3741
sweep,3131
sweep,3004
sweep,3217
sweep,3244
sweep,2737
sweep,2990
sweep,2855
sweep,2769
sweep,2807
sweep,3359
sweep,3446
sweep,3430
sweep,3616
sweep,2325
sweep,2539
sweep,3756
sweep,2512
sweep,3974
sweep,2301
sweep,3461
sweep,4147
sweep,4421
sweep,3238
sweep,3003
sweep,3163
sweep,2936
sweep,3216
sweep,2762
sweep,3557
sweep,2694
sweep,3110
sweep,2476
sweep,2632
sweep,4162
sweep,2671
sweep,2717
sweep,2839
sweep,2794
sweep,3421
sweep,2817
sweep,2493
sweep,2610
sweep,5903
sweep,8978
sweep,8640
sweep,8491
sweep,8227
sweep,5920
sweep,7398
sweep,4175
sweep,4394
sweep,5099
sweep,6150
sweep,5615
sweep,5724
sweep,231
mark,1030204
sweep,4887
sweep,3937
sweep,4491
sweep,4223
sweep,3726
sweep,4264
sweep,3768
sweep,3103
sweep,2865
sweep,3162
sweep,3013
sweep,2954
sweep,2749
sweep,2783
sweep,2680
sweep,2740
sweep,3540
sweep,3230
sweep,3208
sweep,3437
sweep,2239
sweep,2814
sweep,3756
sweep,2409
sweep,3711
sweep,2076
sweep,3737
sweep,3778
sweep,4530
sweep,3533
sweep,3368
sweep,3229
sweep,3128
sweep,3075
sweep,2754
sweep,3135
sweep,2804
sweep,3276
sweep,2869
sweep,2707
sweep,3842
sweep,2954
sweep,2989
sweep,3024
sweep,2927
sweep,3527
sweep,2726
sweep,2769
sweep,2467
sweep,3354
sweep,4101
sweep,4178
sweep,4318
sweep,6302
sweep,7533
sweep,6075
sweep,8752
sweep,8411
sweep,8572
sweep,8283
sweep,7372
sweep,7454
sweep,839
mark,1029842
sweep,4557
sweep,3906
sweep,3905
sweep,3998
sweep,3671
sweep,4227
sweep,3774
sweep,3138
sweep,2764
sweep,3697
sweep,3329
sweep,2742
sweep,2971
sweep,2761
sweep,3101
sweep,3017
sweep,3221
sweep,3100
sweep,3070
sweep,3725
sweep,2311
sweep,2482
sweep,4077
sweep,2362
sweep,3155
sweep,1918
sweep,3586
sweep,3617
sweep,4390
sweep,3852
sweep,3347
sweep,2896
sweep,2891
sweep,3050
sweep,2721
sweep,3320
sweep,2726
sweep,3026
sweep,2450
sweep,2941
sweep,3804
sweep,2914
sweep,2882
sweep,2995
sweep,2726
sweep,3661
sweep,3118
sweep,2792
sweep,2469
sweep,5409
sweep,9116
sweep,8567
sweep,8111
sweep,7906
sweep,5789
sweep,6799
sweep,4103
sweep,4583
sweep,4931
sweep,6471
sweep,5656
sweep,5697
sweep,252
mark,1031618
sweep,4858
sweep,3967
sweep,4101
sweep,4233
sweep,3506
sweep,3963
sweep,3934
sweep,3081
sweep,2721
sweep,3248
sweep,3431
sweep,2735
sweep,2726
sweep,2606
sweep,2656
sweep,2646
sweep,3222
sweep,3157
sweep,3005
sweep,3726
sweep,2337
sweep,2538
sweep,4056
sweep,2301
sweep,3149
sweep,2159
sweep,3373
sweep,3906
sweep,4300
sweep,3130
sweep,3562
sweep,3080
sweep,2981
sweep,3083
sweep,2872
sweep,3248
sweep,2780
sweep,3092
sweep,2537
sweep,2633
sweep,3680
sweep,3188
sweep,2659
sweep,2932
sweep,2876
sweep,3433
sweep,3042
sweep,2541
sweep,2720
sweep,3840
sweep,3848
sweep,4176
sweep,4372
sweep,6522
sweep,7663
sweep,6351
sweep,8355
sweep,8332
sweep,8562
sweep,8348
sweep,7538
sweep,7649
sweep,820
mark,1029984
sweep,4878
sweep,3850
sweep,4324
sweep,4044
sweep,3788
sweep,4209
sweep,3630
sweep,3349
sweep,3092
sweep,3271
sweep,3123
sweep,2988
sweep,2721
sweep,3033
sweep,2636
sweep,2683
sweep,3530
sweep,2945
sweep,3115
sweep,3314
sweep,2424
sweep,2406
sweep,3814
sweep,2405
sweep,3042
sweep,1966
sweep,3514
sweep,3736
sweep,4928
sweep,3649
sweep,3318
sweep,3018
sweep,3055
sweep,3021
sweep,2870
sweep,3382
sweep,2806
sweep,3148
sweep,2596
sweep,2759
sweep,3809
sweep,2771
sweep,2643
sweep,2906
sweep,2930
sweep,3474
sweep,2676
sweep,2500
sweep,2523
sweep,5852
sweep,9655
sweep,9528
sweep,17718
sweep,9426
sweep,6460
sweep,7343
sweep,4125
sweep,4523
sweep,4310
sweep,5849
sweep,5931
sweep,6255
sweep,258
mark,1053795
sweep,5174
sweep,4130
sweep,4488
sweep,4010
sweep,3757
sweep,4025
sweep,3622
sweep,3061
sweep,3150
sweep,3413
sweep,3106
sweep,2734
sweep,2834
sweep,2943
sweep,2583
sweep,2681
sweep,3384
sweep,3273
sweep,3101
sweep,3637
sweep,2378
sweep,2910
sweep,3933
sweep,2270
sweep,3128
sweep,1928
sweep,3406
sweep,3744
sweep,4430
sweep,3479
sweep,3136
sweep,3043
sweep,3025
sweep,3100
sweep,2882
sweep,3169
sweep,2892
sweep,3070
sweep,2473
sweep,2821
sweep,3827
sweep,2625
sweep,2722
sweep,3064
sweep,3093
sweep,3691
sweep,3006
sweep,2457
sweep,2735
sweep,3799
sweep,3928
sweep,4086
sweep,4231
sweep,6122
sweep,7453
sweep,6081
sweep,9029
sweep,8005
sweep,8935
sweep,7593
sweep,7819
sweep,7122
sweep,880
mark,1031610
sweep,4575
sweep,3915
sweep,3909
sweep,4062
sweep,3681
sweep,4014
sweep,3618
sweep,3436
sweep,3140
sweep,3527
sweep,3030
sweep,2883
sweep,2661
sweep,2838
sweep,2547
sweep,2766
sweep,3567
sweep,3138
sweep,3148
sweep,3503
sweep,2338
sweep,2460
sweep,3871
sweep,2497
sweep,3130
sweep,1918
sweep,3485
sweep,3935
sweep,4157
sweep,3578
sweep,3147
sweep,2968
sweep,3107
sweep,3097
sweep,2766
sweep,3113
sweep,2664
sweep,3102
sweep,3001
sweep,2847
sweep,3748
sweep,2811
sweep,2885
sweep,3140
sweep,2777
sweep,3475
sweep,11046
sweep,2515
sweep,2613
sweep,5774
sweep,9206
sweep,8525
sweep,8671
sweep,8011
sweep,5873
sweep,6910
sweep,3992
sweep,4489
sweep,4492
sweep,5891
sweep,5958
sweep,5986
sweep,317
mark,1074576
sweep,4661
sweep,4219
sweep,4560
sweep,4219
sweep,3704
sweep,4003
sweep,3605
sweep,3212
sweep,2834
sweep,3100
sweep,3412
sweep,3062
sweep,2985
sweep,2832
sweep,2649
sweep,3011
sweep,3457
sweep,2897
sweep,3053
sweep,3898
sweep,2259
sweep,2583
sweep,4209
sweep,2446
sweep,3318
sweep,1886
sweep,3294
sweep,3731
sweep,4440
sweep,3453
sweep,3100
sweep,3030
sweep,3436
sweep,3048
sweep,3308
sweep,3346
sweep,2822
sweep,3230
sweep,2505
sweep,2707
sweep,3583
sweep,2667
sweep,2928
sweep,3348
sweep,2808
sweep,3759
sweep,2730
sweep,2453
sweep,2502
sweep,3583
sweep,3927
sweep,3929
sweep,4269
sweep,5819
sweep,8467
sweep,6825
sweep,8460
sweep,8421
sweep,8532
sweep,8301
sweep,12782
sweep,7129
sweep,796
mark,1030037
sweep,4875
sweep,4095
sweep,4045
sweep,4111
sweep,3746
sweep,4394
sweep,3646
sweep,3419
sweep,3187
sweep,3369
sweep,3040
sweep,2790
sweep,2629
sweep,3211
sweep,2900
sweep,2654
sweep,3508
sweep,2933
sweep,3073
sweep,3290
sweep,2312
sweep,2394
sweep,3825
sweep,2339
sweep,3042
sweep,1889
sweep,3600
sweep,3924
sweep,4734
sweep,3522
sweep,3129
sweep,2919
sweep,2886
sweep,3022
sweep,2730
sweep,3425
sweep,2942
sweep,3138
sweep,2491
sweep,2678
sweep,3909
sweep,3171
sweep,2683
sweep,3402
sweep,2856
sweep,3492
sweep,2941
sweep,2769
sweep,2383
sweep,5639
sweep,8966
sweep,8920
sweep,8738
sweep,8338
sweep,6548
sweep,7005
sweep,4027
sweep,4356
sweep,5236
sweep,6266
sweep,5978
sweep,6124
sweep,230
mark,1035612
sweep,4528
sweep,3800
sweep,4380
sweep,4080
sweep,3605
sweep,3975
sweep,3647
sweep,3368
sweep,2779
sweep,3237
sweep,3365
sweep,3276
sweep,3065
sweep,2837
sweep,2778
sweep,2821
sweep,3201
sweep,3043
sweep,3060
sweep,3364
sweep,2490
sweep,2454
sweep,3712
sweep,2426
sweep,3094
sweep,1937
sweep,3486
sweep,3716
sweep,4292
sweep,3815
sweep,3472
sweep,3094
sweep,3021
sweep,3047
sweep,2687
sweep,3258
sweep,2717
sweep,3149
sweep,2829
sweep,2682
sweep,3895
sweep,3096
sweep,2717
sweep,3062
sweep,3039
sweep,3411
sweep,2826
sweep,2444
sweep,2470
sweep,3666
sweep,3990
sweep,4184
sweep,4188
sweep,6074
sweep,7715
sweep,6178
sweep,8487
sweep,8356
sweep,8347
sweep,7663
sweep,7274
sweep,7161
sweep,839
mark,1037456
sweep,5127
sweep,4067
sweep,3901
sweep,4412
sweep,3983
sweep,4190
sweep,4109
sweep,3079
sweep,3007
sweep,3226
sweep,2988
sweep,2717
sweep,2766
sweep,2745
sweep,2650
sweep,2731
sweep,3270
sweep,3106
sweep,3248
sweep,3445
sweep,2346
sweep,2425
sweep,4079
sweep,2290
sweep,3337
sweep,1956
sweep,3499
sweep,3640
sweep,4312
sweep,3663
sweep,3075
sweep,3227
sweep,2891
sweep,2975
sweep,2821
sweep,3245
sweep,3070
sweep,2970
sweep,2573
sweep,2649
sweep,3760
sweep,2818
sweep,2970
sweep,3354
sweep,3124
sweep,3438
sweep,2746
sweep,2420
sweep,2717
sweep,5556
sweep,8828
sweep,8919
sweep,8707
sweep,8034
sweep,6419
sweep,6846
sweep,3975
sweep,4507
sweep,4918
sweep,6040
sweep,5913
sweep,5961
sweep,241
mark,1051122
sweep,4606
sweep,3859
sweep,4331
sweep,4028
sweep,4045
sweep,3987
sweep,3659
sweep,3033
sweep,2876
sweep,3162
sweep,3143
sweep,2817
sweep,2793
sweep,2933
sweep,2868
sweep,2739
sweep,3394
sweep,3010
sweep,3097
sweep,3425
sweep,2297
sweep,2931
sweep,4012
sweep,2694
sweep,3123
sweep,1885
sweep,3565
sweep,4283
sweep,4132
sweep,3316
sweep,3072
sweep,3127
sweep,2936
sweep,3005
sweep,2800
sweep,3407
sweep,2978
sweep,3030
sweep,2536
sweep,2601
sweep,3839
sweep,2814
sweep,2938
sweep,2999
sweep,2716
sweep,3332
sweep,2827
sweep,2689
sweep,2610
sweep,3727
sweep,4262
sweep,3925
sweep,4159
sweep,5461
sweep,8448
sweep,6591
sweep,8849
sweep,8366
sweep,8676
sweep,8200
sweep,7405
sweep,7515
sweep,864
mark,1036675
sweep,4916
sweep,3866
sweep,3946
sweep,4178
sweep,3885
sweep,4000
sweep,3893
sweep,3657
sweep,3147
sweep,3265
sweep,2937
sweep,2810
sweep,2652
sweep,3225
sweep,2683
sweep,2803
sweep,3286
sweep,2890
sweep,2788
sweep,3543
sweep,2418
sweep,2374
sweep,3684
sweep,2458
sweep,3033
sweep,1968
sweep,3568
sweep,3656
sweep,4599
sweep,3439
sweep,3105
sweep,3130
sweep,2865
sweep,3133
sweep,2832
sweep,3240
sweep,2641
sweep,3064
sweep,2467
sweep,2819
sweep,4037
sweep,2829
sweep,2774
sweep,2955
sweep,2954
sweep,3410
sweep,2914
sweep,2616
sweep,2488
sweep,5682
sweep,8469
sweep,9060
sweep,8489
sweep,7703
sweep,6102
sweep,6677
sweep,4079
sweep,4317
sweep,4929
sweep,6354
sweep,5822
sweep,6361
sweep,224
mark,1050664
sweep,4985
sweep,4100
sweep,4078
sweep,4148
sweep,3770
sweep,4086
sweep,3528
sweep,3174
sweep,2856
sweep,3065
sweep,3163
sweep,2844
sweep,2995
sweep,3115
sweep,2695
sweep,2737
sweep,3315
sweep,3115
sweep,3304
sweep,3615
sweep,2366
sweep,2499
sweep,4137
sweep,2684
sweep,3032
sweep,1909
sweep,3366
sweep,3890
sweep,4121
sweep,3904
sweep,3425
sweep,3390
sweep,3027
sweep,3122
sweep,2846
sweep,3243
sweep,2781
sweep,3219
sweep,2764
sweep,2955
sweep,3904
sweep,2714
sweep,2770
sweep,3438
sweep,2957
sweep,3545
sweep,2747
sweep,2541
sweep,2522
sweep,3832
sweep,4076
sweep,4164
sweep,4114
sweep,6135
sweep,7741
sweep,5991
sweep,9144
sweep,8173
sweep,8224
sweep,8411
sweep,7522
sweep,7454
sweep,863
mark,1029887
sweep,4618
sweep,4246
sweep,4368
sweep,4489
sweep,4035
sweep,4034
sweep,3650
sweep,3379
sweep,2868
sweep,3224
sweep,2952
sweep,3127
sweep,2767
sweep,2855
sweep,2696
sweep,2685
sweep,3395
sweep,2893
sweep,3242
sweep,3457
sweep,2401
sweep,2630
sweep,4171
sweep,2548
sweep,3181
sweep,2076
sweep,3529
sweep,3604
sweep,4328
sweep,3723
sweep,3036
sweep,3187
sweep,2942
sweep,3212
sweep,3095
sweep,2984
sweep,2997
sweep,3027
sweep,2597
sweep,2827
sweep,3856
sweep,2606
sweep,2829
sweep,2900
sweep,2773
sweep,3483
sweep,2763
sweep,2416
sweep,2415
sweep,5862
sweep,8673
sweep,8566
sweep,8652
sweep,7905
sweep,5774
sweep,7101
sweep,4302
sweep,4345
sweep,4423
sweep,5731
sweep,5737
sweep,5983
sweep,231
mark,1049067
sweep,5158
sweep,3752
sweep,4217
sweep,4452
sweep,3595
sweep,4131
sweep,3511
sweep,3039
sweep,2808
sweep,3139
sweep,3049
sweep,3261
sweep,2761
sweep,3067
sweep,2876
sweep,2825
sweep,3479
sweep,3009
sweep,3249
sweep,3470
sweep,2479
sweep,2459
sweep,3666
sweep,2529
sweep,3598
sweep,1879
sweep,3373
sweep,3564
sweep,4255
sweep,3999
sweep,3152
sweep,2987
sweep,2829
sweep,3050
sweep,2774
sweep,3250
sweep,2823
sweep,3186
sweep,2465
sweep,2617
sweep,4063
sweep,2695
sweep,2835
sweep,3514
sweep,3414
sweep,3635
sweep,2801
sweep,2578
sweep,2422
sweep,3506
sweep,3979
sweep,4206
sweep,4487
sweep,5823
sweep,8018
sweep,6534
sweep,8872
sweep,8163
sweep,8253
sweep,8130
sweep,7254
sweep,7625
sweep,833
mark,1039224
sweep,5185
sweep,3786
sweep,4297
sweep,4154
sweep,3626
sweep,3940
sweep,3914
sweep,3106
sweep,3056
sweep,3410
sweep,2948
sweep,2833
sweep,2744
sweep,3013
sweep,2556
sweep,2720
sweep,3302
sweep,2945
sweep,2913
sweep,3489
sweep,2299
sweep,2608
sweep,3831
sweep,2613
sweep,3203
sweep,2006
sweep,3486
sweep,3668
sweep,4430
sweep,3801
sweep,3277
sweep,3431
sweep,2823
sweep,3016
sweep,3304
sweep,3214
sweep,2952
sweep,3065
sweep,2500
sweep,2886
sweep,3573
sweep,2942
sweep,2844
sweep,2849
sweep,2807
sweep,3370
sweep,2714
sweep,2923
sweep,2432
sweep,5388
sweep,8800
sweep,8857
sweep,8709
sweep,7904
sweep,6186
sweep,6996
sweep,3899
sweep,4234
sweep,5065
sweep,6285
sweep,5790
sweep,5661
sweep,221
mark,1034184
sweep,5421
sweep,4330
sweep,4085
sweep,4096
sweep,3904
sweep,4197
sweep,3656
sweep,3353
sweep,2813
sweep,3316
sweep,3007
sweep,2842
sweep,2821
sweep,3093
sweep,2555
sweep,2754
sweep,3351
sweep,2910
sweep,3178
sweep,3392
sweep,2357
sweep,2653
sweep,3874
sweep,2281
sweep,3103
sweep,1852
sweep,3622
sweep,3925
sweep,4535
sweep,3745
sweep,3438
sweep,2997
sweep,3182
sweep,3036
sweep,2762
sweep,3499
sweep,2729
sweep,3187
sweep,2630
sweep,2853
sweep,3640
sweep,2968
sweep,2779
sweep,2971
sweep,2863
sweep,3476
sweep,3016
sweep,2526
sweep,2745
sweep,3521
sweep,4369
sweep,4505
sweep,4148
sweep,5553
sweep,8483
sweep,6397
sweep,8422
sweep,8524
sweep,8398
sweep,7522
sweep,7216
sweep,7082
sweep,834
mark,1036734
sweep,4777
sweep,4100
sweep,3927
sweep,4138
sweep,3626
sweep,4493
sweep,3606
sweep,3181
sweep,2874
sweep,3257
sweep,2935
sweep,2825
sweep,2857
sweep,2872
sweep,2614
sweep,2917
sweep,3473
sweep,2929
sweep,3168
sweep,3544
sweep,2420
sweep,2336
sweep,4078
sweep,2603
sweep,3825
sweep,2136
sweep,3612
sweep,3815
sweep,5909
sweep,3615
sweep,4033
sweep,3426
sweep,2916
sweep,3043
sweep,3130
sweep,2957
sweep,2787
sweep,2959
sweep,2680
sweep,2645
sweep,3928
sweep,3099
sweep,2791
sweep,2766
sweep,2735
sweep,3419
sweep,2790
sweep,2486
sweep,2571
sweep,5813
sweep,8580
sweep,8306
sweep,8501
sweep,8064
sweep,5834
sweep,7523
sweep,3913
sweep,4260
sweep,4697
sweep,6281
sweep,5834
sweep,6028
sweep,216
mark,1025307
sweep,4544
sweep,3866
sweep,3888
sweep,4390
sweep,3926
sweep,4017
sweep,3934
sweep,3132
sweep,2800
sweep,3044
sweep,3075
sweep,2753
sweep,2649
sweep,3018
sweep,2540
sweep,2702
sweep,3269
sweep,2965
sweep,3185
sweep,3440
sweep,2563
sweep,2604
sweep,4018
sweep,2289
sweep,3046
sweep,2015
sweep,3673
sweep,3667
sweep,4339
sweep,3408
sweep,3035
sweep,3137
sweep,3066
sweep,3113
sweep,2806
sweep,3206
sweep,2796
sweep,3010
sweep,2484
sweep,2988
sweep,3692
sweep,2698
sweep,2669
sweep,3069
sweep,3081
sweep,3428
sweep,3000
sweep,2455
sweep,2445
sweep,3960
sweep,4113
sweep,3969
sweep,4069
sweep,6055
sweep,8001
sweep,6530
sweep,8522
sweep,8406
sweep,8506
sweep,7345
sweep,7208
sweep,7054
sweep,842
mark,1041409
sweep,4967
sweep,3738
sweep,4480
sweep,4250
sweep,3603
sweep,4367
sweep,3781
sweep,3109
sweep,2829
sweep,3305
sweep,2993
sweep,2818
sweep,2622
sweep,2890
sweep,2918
sweep,2782
sweep,3552
sweep,3211
sweep,3092
sweep,3559
sweep,2326
sweep,2544
sweep,3767
sweep,2671
sweep,3140
sweep,1897
sweep,3878
sweep,3740
sweep,4178
sweep,3670
sweep,3313
sweep,2858
sweep,3295
sweep,3052
sweep,2830
sweep,3444
sweep,2763
sweep,3266
sweep,2686
sweep,2814
sweep,3943
sweep,2664
sweep,2835
sweep,2918
sweep,2880
sweep,3522
sweep,2826
sweep,2537
sweep,2380
sweep,5343
sweep,8847
sweep,8513
sweep,8556
sweep,7929
sweep,6205
sweep,7073
sweep,4277
sweep,4261
sweep,4952
sweep,6065
sweep,5761
sweep,6150
sweep,232
mark,1037441
sweep,4645
sweep,3902
sweep,3948
sweep,4401
sweep,3716
sweep,4175
sweep,3662
sweep,3160
sweep,2834
sweep,3086
sweep,3062
sweep,2724
sweep,2685
sweep,2849
sweep,2558
sweep,2675
sweep,3389
sweep,3153
sweep,2968
sweep,3363
sweep,2366
sweep,2826
sweep,3983
sweep,2400
sweep,3111
sweep,1899
sweep,3608
sweep,3647
sweep,4202
sweep,3571
sweep,3282
sweep,3171
sweep,3523
sweep,3163
sweep,2848
sweep,3222
sweep,2739
sweep,3085
sweep,2591
sweep,2785
sweep,3769
sweep,2862
sweep,2834
sweep,2937
sweep,2796
sweep,3440
sweep,2754
sweep,2467
sweep,2559
sweep,3789
sweep,4221
sweep,3951
sweep,4147
sweep,5568
sweep,8425
sweep,6522
sweep,8862
sweep,8405
sweep,8805
sweep,8338
sweep,7316
sweep,7507
sweep,840
mark,1034551
sweep,4921
sweep,4066
sweep,4012
sweep,4152
sweep,3985
sweep,4055
sweep,3749
sweep,3238
sweep,3228
sweep,3307
sweep,3298
sweep,2729
sweep,2794
sweep,2943
sweep,2539
sweep,2679
sweep,3337
sweep,2923
sweep,2968
sweep,3345
sweep,2256
sweep,2615
sweep,3731
sweep,2407
sweep,3057
sweep,1899
sweep,3569
sweep,3602
sweep,4303
sweep,3455
sweep,3284
sweep,3048
sweep,2876
sweep,2964
sweep,2875
sweep,3313
sweep,3024
sweep,3088
sweep,2823
sweep,2692
sweep,4010
sweep,3034
sweep,2735
sweep,3196
sweep,2864
sweep,3572
sweep,2699
sweep,2554
sweep,2566
sweep,5503
sweep,8654
sweep,8659
sweep,8748
sweep,8179
sweep,6023
sweep,6629
sweep,3892
sweep,4270
sweep,4952
sweep,6057
sweep,5751
sweep,5820
sweep,224
mark,1027628
sweep,4485
sweep,4015
sweep,4087
sweep,4092
sweep,3827
sweep,4016
sweep,3766
sweep,3419
sweep,2817
sweep,3085
sweep,3074
sweep,2794
sweep,2955
sweep,3337
sweep,2569
sweep,2665
sweep,3266
sweep,3482
sweep,3091
sweep,3350
sweep,2398
sweep,2844
sweep,3921
sweep,2515
sweep,3656
sweep,2099
sweep,3589
sweep,3834
sweep,4430
sweep,3371
sweep,3113
sweep,2938
sweep,3074
sweep,2972
sweep,2789
sweep,3409
sweep,3005
sweep,2986
sweep,2749
sweep,2802
sweep,3665
sweep,2618
sweep,2671
sweep,3074
sweep,2814
sweep,3493
sweep,3320
sweep,2730
sweep,2693
sweep,3567
sweep,3851
sweep,3989
sweep,4077
sweep,5835
sweep,8519
sweep,6569
sweep,8610
sweep,8213
sweep,8585
sweep,7511
sweep,7698
sweep,7645
sweep,834
mark,1028926
sweep,5214
sweep,4133
sweep,4364
sweep,4041
sweep,3557
sweep,4291
sweep,3558
sweep,3172
sweep,2806
sweep,3147
sweep,3241
sweep,3422
sweep,2741
sweep,3245
sweep,2760
sweep,2724
sweep,3359
sweep,3287
sweep,3115
sweep,3385
sweep,2302
sweep,2363
sweep,4069
sweep,2360
sweep,3301
sweep,2081
sweep,3361
sweep,3990
sweep,4841
sweep,3389
sweep,3171
sweep,2992
sweep,2980
sweep,3015
sweep,2787
sweep,3143
sweep,2749
sweep,3414
sweep,2709
sweep,2837
sweep,3834
sweep,2840
sweep,3061
sweep,3133
sweep,2858
sweep,3449
sweep,3347
sweep,2546
sweep,2801
sweep,5609
sweep,9117
sweep,8584
sweep,8577
sweep,8065
sweep,6376
sweep,7724
sweep,4025
sweep,4511
sweep,4903
sweep,6165
sweep,5975
sweep,5869
sweep,239
mark,1049764
sweep,4648
sweep,3961
sweep,4573
sweep,4461
sweep,3609
sweep,4295
sweep,3495
sweep,3490
sweep,2788
sweep,3279
sweep,3202
sweep,2928
sweep,2866
sweep,3077
sweep,2836
sweep,2997
sweep,3463
sweep,3344
sweep,3143
sweep,3680
sweep,2470
sweep,2786
sweep,3754
sweep,2378
sweep,3753
sweep,1958
sweep,3400
sweep,3751
sweep,4737
sweep,3562
sweep,3167
sweep,2982
sweep,3000
sweep,3015
sweep,2736
sweep,3363
sweep,2713
sweep,3299
sweep,2769
sweep,2832
sweep,3888
sweep,2767
sweep,2910
sweep,3370
sweep,3143
sweep,3534
sweep,2719
sweep,2685
sweep,2705
sweep,3831
sweep,4283
sweep,4033
sweep,4213
sweep,5859
sweep,8370
sweep,6494
sweep,8494
sweep,8277
sweep,8500
sweep,7441
sweep,7284
sweep,7296
sweep,823
mark,1036896
sweep,5093
sweep,4017
sweep,4001
sweep,4186
sweep,3859
sweep,4224
sweep,3632
sweep,3217
sweep,2876
sweep,3424
sweep,3251
sweep,2840
sweep,2974
sweep,3271
sweep,2659
sweep,2794
sweep,3498
sweep,3546
sweep,3058
sweep,3488
sweep,2396
sweep,2551
sweep,3752
sweep,2642
sweep,3669
sweep,1981
sweep,3638
sweep,3621
sweep,4552
sweep,3580
sweep,3065
sweep,2932
sweep,3369
sweep,3060
sweep,2770
sweep,3022
sweep,2917
sweep,3076
sweep,2462
sweep,2594
sweep,3716
sweep,2812
sweep,2909
sweep,2979
sweep,3059
sweep,3396
sweep,2611
sweep,2551
sweep,2688
sweep,5639
sweep,8653
sweep,8822
sweep,8848
sweep,7989
sweep,5729
sweep,7159
sweep,3909
sweep,4427
sweep,4596
sweep,6250
sweep,6020
sweep,5738
sweep,263
mark,1028170
sweep,5068
sweep,4125
sweep,4466
sweep,4386
sweep,3822
sweep,4301
sweep,3658
sweep,3168
sweep,3041
sweep,3257
sweep,3198
sweep,2921
sweep,2906
sweep,2985
sweep,2635
sweep,2730
sweep,3277
sweep,3215
sweep,3290
sweep,3480
sweep,2366
sweep,2592
sweep,3841
sweep,2353
sweep,3379
sweep,1903
sweep,3379
sweep,3722
sweep,4199
sweep,3574
sweep,3367
sweep,2995
sweep,2841
sweep,2968
sweep,2779
sweep,3356
sweep,3105
sweep,3549
sweep,2472
sweep,2796
sweep,3970
sweep,2691
sweep,2652
sweep,3144
sweep,3144
sweep,3461
sweep,2751
sweep,2512
sweep,2734
sweep,3692
sweep,4046
sweep,3903
sweep,4435
sweep,5920
sweep,7612
sweep,5970
sweep,8391
sweep,8243
sweep,8381
sweep,7573
sweep,6996
sweep,7009
sweep,878
mark,1034094
sweep,4867
sweep,4036
sweep,4003
sweep,4045
sweep,3806
sweep,4268
sweep,3860
sweep,3153
sweep,2798
sweep,3634
sweep,2954
sweep,2717
sweep,2644
sweep,2861
sweep,2842
sweep,2906
sweep,3245
sweep,3092
sweep,3387
sweep,3457
sweep,2341
sweep,2793
sweep,3703
sweep,2471
sweep,3346
sweep,1930
sweep,3552
sweep,3629
sweep,4597
sweep,3771
sweep,3320
sweep,2903
sweep,2869
sweep,3050
sweep,2823
sweep,3063
sweep,2776
sweep,3400
sweep,2623
sweep,2696
sweep,3834
sweep,2795
sweep,2833
sweep,2991
sweep,2900
sweep,3332
sweep,2708
sweep,2863
sweep,2546
sweep,5834
sweep,8812
sweep,8535
sweep,8701
sweep,7809
sweep,5819
sweep,6903
sweep,4118
sweep,4554
sweep,4699
sweep,6189
sweep,5748
sweep,5780
sweep,220
mark,1048017
sweep,4670
sweep,3755
sweep,3971
sweep,4081
sweep,3695
sweep,4215
sweep,3517
sweep,3043
sweep,3003
sweep,3134
sweep,3279
sweep,3062
sweep,2725
sweep,3169
sweep,2812
sweep,2662
sweep,3301
sweep,3195
sweep,3129
sweep,3825
sweep,2380
sweep,2594
sweep,3983
sweep,2548
sweep,3080
sweep,1884
sweep,3567
sweep,3677
sweep,4406
sweep,3457
sweep,3093
sweep,3031
sweep,2835
sweep,2895
sweep,2838
sweep,3175
sweep,2851
sweep,3065
sweep,2573
sweep,2738
sweep,3911
sweep,2560
sweep,2811
sweep,3335
sweep,3078
sweep,3504
sweep,2816
sweep,2562
sweep,2522
sweep,3528
sweep,4235
sweep,3948
sweep,4047
sweep,5977
sweep,7767
sweep,6260
sweep,8620
sweep,8227
sweep,8708
sweep,7329
sweep,7568
sweep,7073
sweep,814
mark,1043148
sweep,5022
sweep,4264
sweep,4353
sweep,4213
sweep,3692
sweep,3998
sweep,3569
sweep,3101
sweep,3039
sweep,3139
sweep,3231
sweep,2740
sweep,2724
sweep,2830
sweep,2643
sweep,2791
sweep,3512
sweep,3171
sweep,3067
sweep,3382
sweep,2366
sweep,2675
sweep,3950
sweep,2422
sweep,3146
sweep,1928
sweep,3581
sweep,3656
sweep,4213
sweep,3727
sweep,3103
sweep,3153
sweep,2954
sweep,3035
sweep,2892
sweep,3203
sweep,2754
sweep,3057
sweep,2487
sweep,2625
sweep,3871
sweep,2618
sweep,2869
sweep,2903
sweep,2830
sweep,3828
sweep,2735
sweep,2676
sweep,2465
sweep,5771
sweep,8460
sweep,8770
sweep,8230
sweep,7584
sweep,6091
sweep,6742
sweep,4016
sweep,4330
sweep,4923
sweep,6003
sweep,5924
sweep,5891
sweep,221
mark,1029886
sweep,4716
sweep,4241
sweep,4443
sweep,4332
sweep,3826
sweep,4287
sweep,3564
sweep,3282
sweep,2789
sweep,3454
sweep,3322
sweep,2749
sweep,2727
sweep,2818
sweep,2706
sweep,2765
sweep,3286
sweep,2988
sweep,3056
sweep,3483
sweep,2342
sweep,2596
sweep,4001
sweep,2542
sweep,3236
sweep,1853
sweep,3624
sweep,3736
sweep,4451
sweep,3397
sweep,3202
sweep,3456
sweep,2906
sweep,3252
sweep,2979
sweep,3438
sweep,2730
sweep,3366
sweep,2613
sweep,2652
sweep,3827
sweep,2687
sweep,2769
sweep,3304
sweep,2887
sweep,3573
sweep,3133
sweep,2708
sweep,2723
sweep,3352
sweep,4290
sweep,4472
sweep,4125
sweep,5918
sweep,8547
sweep,6489
sweep,8502
sweep,8339
sweep,8400
sweep,7429
sweep,6927
sweep,7159
sweep,831
mark,1036413
sweep,4879
sweep,4447
sweep,4220
sweep,4181
sweep,3603
sweep,4182
sweep,3634
sweep,3141
sweep,3140
sweep,3465
sweep,3196
sweep,2793
sweep,2836
sweep,2836
sweep,2909
sweep,2805
sweep,3312
sweep,2886
sweep,3234
sweep,3478
sweep,2418
sweep,2435
sweep,3851
sweep,2416
sweep,3487
sweep,1968
sweep,3395
sweep,4074
sweep,4452
sweep,3588
sweep,3152
sweep,2989
sweep,2986
sweep,2999
sweep,2805
sweep,3238
sweep,2911
sweep,3316
sweep,2442
sweep,2790
sweep,3663
sweep,2624
sweep,2677
sweep,3207
sweep,2800
sweep,3464
sweep,2666
sweep,2615
sweep,2452
sweep,5675
sweep,8986
sweep,8455
sweep,8801
sweep,7888
sweep,6445
sweep,7542
sweep,4297
sweep,4350
sweep,4865
sweep,6021
sweep,5861
sweep,5852
sweep,230
mark,1033015
sweep,4646
sweep,4385
sweep,4211
sweep,3938
sweep,3507
sweep,4019
sweep,3741
sweep,3190
sweep,2910
sweep,3079
sweep,3314
sweep,2749
sweep,2900
sweep,3014
sweep,2563
sweep,2718
sweep,3433
sweep,3215
sweep,2973
sweep,3393
sweep,2445
sweep,2494
sweep,3724
sweep,2431
sweep,3312
sweep,1912
sweep,3316
sweep,3640
sweep,4276
sweep,3300
sweep,3085
sweep,3157
sweep,2945
sweep,2918
sweep,2763
sweep,3411
sweep,2747
sweep,3230
sweep,2515
sweep,2635
sweep,3769
sweep,2733
sweep,2683
sweep,3075
sweep,2759
sweep,3428
sweep,2694
sweep,2856
sweep,2559
sweep,3519
sweep,4420
sweep,4241
sweep,4186
sweep,5952
sweep,7709
sweep,5771
sweep,8683
sweep,8540
sweep,8328
sweep,7248
sweep,7346
sweep,7279
sweep,908
mark,1027169
sweep,4702
sweep,3798
sweep,4039
sweep,3916
sweep,3549
sweep,4357
sweep,3739
sweep,3264
sweep,3074
sweep,3401
sweep,3017
sweep,2691
sweep,2613
sweep,2714
sweep,2624
sweep,2666
sweep,3427
sweep,2925
sweep,3101
sweep,3314
sweep,2619
sweep,2405
sweep,3904
sweep,2550
sweep,3121
sweep,1959
sweep,3648
sweep,3718
sweep,4359
sweep,3359
sweep,3226
sweep,2940
sweep,3099
sweep,3003
sweep,2807
sweep,3176
sweep,2929
sweep,3018
sweep,2466
sweep,2971
sweep,3797
sweep,2840
sweep,3050
sweep,2964
sweep,2923
sweep,3425
sweep,2852
sweep,2491
sweep,2427
sweep,5769
sweep,8668
sweep,8517
sweep,8608
sweep,7715
sweep,5802
sweep,7177
sweep,4301
sweep,4164
sweep,5230
sweep,6227
sweep,5896
sweep,5868
sweep,236
mark,1028960
sweep,4906
sweep,4057
sweep,4234
sweep,4123
sweep,3692
sweep,4176
sweep,3731
sweep,3037
sweep,3144
sweep,3466
sweep,3399
sweep,2792
sweep,2885
sweep,2993
sweep,2842
sweep,2665
sweep,3468
sweep,3311
sweep,3205
sweep,3453
sweep,2348
sweep,2524
sweep,3739
sweep,2634
sweep,3034
sweep,1938
sweep,3391
sweep,3731
sweep,4343
sweep,3545
sweep,3619
sweep,3046
sweep,2922
sweep,3107
sweep,2784
sweep,3499
sweep,2765
sweep,3442
sweep,2517
sweep,2680
sweep,3726
sweep,2732
sweep,3106
sweep,3156
sweep,2806
sweep,3819
sweep,2804
sweep,2441
sweep,2508
sweep,3568
sweep,4230
sweep,3985
sweep,4387
sweep,6064
sweep,7657
sweep,6032
sweep,8536
sweep,8277
sweep,8841
sweep,8464
sweep,7441
sweep,7726
sweep,892
mark,1035114
sweep,4664
sweep,4253
sweep,3986
sweep,4106
sweep,3594
sweep,4069
sweep,3907
sweep,3421
sweep,2846
sweep,3346
sweep,3114
sweep,2970
sweep,2790
sweep,2912
sweep,2815
sweep,2931
sweep,3550
sweep,2982
sweep,2946
sweep,3423
sweep,2381
sweep,2469
sweep,4052
sweep,2327
sweep,3219
sweep,1960
sweep,3420
sweep,3719
sweep,4216
sweep,3831
sweep,3214
sweep,3286
sweep,2912
sweep,3152
sweep,2756
sweep,3195
sweep,3012
sweep,3202
sweep,2963
sweep,2717
sweep,3713
sweep,2618
sweep,2920
sweep,2964
sweep,2984
sweep,3714
sweep,2759
sweep,2744
sweep,2752
sweep,5530
sweep,8959
sweep,8690
sweep,8460
sweep,7798
sweep,5754
sweep,7332
sweep,4024
sweep,4479
sweep,4791
sweep,6259
sweep,5618
sweep,5853
sweep,220
mark,1029267
sweep,5068
sweep,4034
sweep,3967
sweep,4415
sweep,3546
sweep,4054
sweep,3774
sweep,3015
sweep,2881
sweep,3162
sweep,3402
sweep,2800
sweep,2835
sweep,2916
sweep,2550
sweep,3022
sweep,3197
sweep,3050
sweep,3124
sweep,3575
sweep,2566
sweep,2567
sweep,3790
sweep,2478
sweep,3612
sweep,1980
sweep,3362
sweep,3547
sweep,4635
sweep,3920
sweep,3217
sweep,3360
sweep,2888
sweep,2990
sweep,2795
sweep,3397
sweep,3156
sweep,3063
sweep,2772
sweep,3032
sweep,3887
sweep,2816
sweep,3050
sweep,3321
sweep,3228
sweep,3281
sweep,2640
sweep,2452
sweep,2670
sweep,3543
sweep,3612
sweep,4129
sweep,4140
sweep,5761
sweep,7920
sweep,6218
sweep,8826
sweep,8213
sweep,8878
sweep,8330
sweep,7184
sweep,7668
sweep,833
mark,1059346
sweep,4515
sweep,12558
sweep,4157
sweep,3921
sweep,3682
sweep,3809
sweep,3774
sweep,3066
sweep,2851
sweep,3285
sweep,2977
sweep,2765
sweep,2772
sweep,3134
sweep,2763
sweep,2660
sweep,3649
sweep,3008
sweep,3006
sweep,3489
sweep,2665
sweep,2540
sweep,3901
sweep,2379
sweep,3041
sweep,1976
sweep,3402
sweep,3977
sweep,4410
sweep,3262
sweep,3079
sweep,2989
sweep,3337
sweep,3031
sweep,2704
sweep,3311
sweep,2680
sweep,3138
sweep,2421
sweep,2751
sweep,3768
sweep,3026
sweep,2879
sweep,2895
sweep,3127
sweep,3656
sweep,3110
sweep,2751
sweep,2472
sweep,5927
sweep,8956
sweep,8815
sweep,8300
sweep,7849
sweep,6172
sweep,7858
sweep,4219
sweep,4287
sweep,4841
sweep,5993
sweep,5465
sweep,5960
sweep,218
mark,1030110
sweep,4881
sweep,3992
sweep,4397
sweep,4219
sweep,3611
sweep,4147
sweep,3699
sweep,3138
sweep,2816
sweep,3209
sweep,3129
sweep,2736
sweep,2688
sweep,3096
sweep,2757
sweep,2872
sweep,3415
sweep,2901
sweep,2941
sweep,3474
sweep,2535
sweep,2611
sweep,3995
sweep,2709
sweep,3154
sweep,1981
sweep,3448
sweep,3891
sweep,4665
sweep,3532
sweep,3150
sweep,3298
sweep,3017
sweep,3078
sweep,2789
sweep,3131
sweep,2811
sweep,3023
sweep,2557
sweep,2977
sweep,3887
sweep,2703
sweep,2887
sweep,3344
sweep,2891
sweep,3688
sweep,2709
sweep,2471
sweep,2584
sweep,3478
sweep,3948
sweep,3897
sweep,4383
sweep,5851
sweep,8094
sweep,6454
sweep,8394
sweep,8584
sweep,8916
sweep,8209
sweep,7395
sweep,7561
sweep,809
mark,1028424
sweep,5180
sweep,4118
sweep,4108
sweep,3936
sweep,3607
sweep,4014
sweep,3875
sweep,3153
sweep,2876
sweep,3197
sweep,3079
sweep,2742
sweep,2895
sweep,3430
sweep,2587
sweep,2759
sweep,3247
sweep,2913
sweep,3105
sweep,3489
sweep,2303
sweep,2604
sweep,3703
sweep,2394
sweep,3236
sweep,2140
sweep,3431
sweep,3774
sweep,4270
sweep,3684
sweep,3011
sweep,3059
sweep,2934
sweep,3215
sweep,3048
sweep,3171
sweep,2897
sweep,2955
sweep,2539
sweep,2596
sweep,3971
sweep,2561
sweep,2609
sweep,2917
sweep,2929
sweep,3747
sweep,3166
sweep,2488
sweep,2558
sweep,5565
sweep,8693
sweep,8377
sweep,8463
sweep,8092
sweep,6370
sweep,7567
sweep,4336
sweep,4647
sweep,4626
sweep,5871
sweep,5630
sweep,5851
sweep,228
mark,1024141
sweep,4710
sweep,4226
sweep,4444
sweep,4226
sweep,3501
sweep,4059
sweep,3849
sweep,3316
sweep,2727
sweep,3327
sweep,3088
sweep,2767
sweep,2665
sweep,2803
sweep,2907
sweep,2708
sweep,3236
sweep,3147
sweep,3097
sweep,3476
sweep,2381
sweep,3079
sweep,3730
sweep,2280
sweep,3407
sweep,2236
sweep,3454
sweep,3624
sweep,4104
sweep,3712
sweep,3182
sweep,3160
sweep,2947
sweep,2983
sweep,2799
sweep,3354
sweep,3014
sweep,3162
sweep,2542
sweep,3122
sweep,4049
sweep,2708
sweep,2723
sweep,2939
sweep,2790
sweep,3414
sweep,2724
sweep,2815
sweep,2471
sweep,3532
sweep,3843
sweep,4141
sweep,4105
sweep,5747
sweep,7968
sweep,6186
sweep,8536
sweep,8028
sweep,8805
sweep,7356
sweep,8047
sweep,7072
sweep,832
mark,1030590
sweep,4631
sweep,3869
sweep,3975
sweep,4031
sweep,3544
sweep,4421
sweep,3833
sweep,3187
sweep,2833
sweep,3242
sweep,3030
sweep,2678
sweep,2634
sweep,2763
sweep,2911
sweep,2948
sweep,3303
sweep,3136
sweep,3064
sweep,3621
sweep,2372
sweep,2463
sweep,3714
sweep,2507
sweep,3562
sweep,2021
sweep,3428
sweep,3890
sweep,4631
sweep,3692
sweep,3322
sweep,3011
sweep,2935
sweep,3241
sweep,2773
sweep,3253
sweep,2940
sweep,3327
sweep,2795
sweep,2688
sweep,3683
sweep,2822
sweep,2622
sweep,2986
sweep,2851
sweep,3424
sweep,2805
sweep,2445
sweep,2485
sweep,5336
sweep,8537
sweep,8650
sweep,8511
sweep,7280
sweep,5989
sweep,7199
sweep,4077
sweep,4113
sweep,4442
sweep,6134
sweep,5879
sweep,5895
sweep,238
mark,1022546
sweep,4422
sweep,4236
sweep,4099
sweep,4115
sweep,3675
sweep,4171
sweep,4021
sweep,3335
sweep,2761
sweep,3045
sweep,3419
sweep,2720
sweep,3021
sweep,2826
sweep,2604
sweep,2819
sweep,3207
sweep,2952
sweep,2952
sweep,3829
sweep,2357
sweep,2546
sweep,3638
sweep,2330
sweep,3105
sweep,2091
sweep,3557
sweep,3630
sweep,4528
sweep,3317
sweep,3168
sweep,3056
sweep,3064
sweep,3088
sweep,2921
sweep,3407
sweep,2728
sweep,3161
sweep,2595
sweep,3011
sweep,3702
sweep,2788
sweep,2641
sweep,3142
sweep,3212
sweep,3507
sweep,2843
sweep,2525
sweep,2609
sweep,3561
sweep,4128
sweep,4124
sweep,4471
sweep,6220
sweep,7657
sweep,6081
sweep,8840
sweep,8557
sweep,8155
sweep,7916
sweep,7481
sweep,7799
sweep,932
mark,1045502
sweep,4625
sweep,4484
sweep,4178
sweep,4541
sweep,3792
sweep,4248
sweep,3699
sweep,3073
sweep,3014
sweep,3292
sweep,3461
sweep,2779
sweep,2775
sweep,2961
sweep,2634
sweep,3199
sweep,3318
sweep,3278
sweep,3285
sweep,3476
sweep,2472
sweep,2488
sweep,3748
sweep,2618
sweep,6240
sweep,1908
sweep,3423
sweep,3791
sweep,4437
sweep,3426
sweep,3047
sweep,3016
sweep,2885
sweep,3028
sweep,2837
sweep,3334
sweep,2720
sweep,3151
sweep,2804
sweep,2753
sweep,3638
sweep,2882
sweep,2710
sweep,3102
sweep,2859
sweep,3493
sweep,2823
sweep,2684
sweep,2810
sweep,5434
sweep,9159
sweep,8390
sweep,8692
sweep,8213
sweep,6115
sweep,7845
sweep,4011
sweep,4251
sweep,4336
sweep,5698
sweep,5788
sweep,5784
sweep,223
mark,1046331
sweep,4592
sweep,4322
sweep,4465
sweep,4142
sweep,3760
sweep,4184
sweep,3618
sweep,3145
sweep,2810
sweep,3236
sweep,3112
sweep,2752
sweep,2767
sweep,2898
sweep,2572
sweep,2752
sweep,3435
sweep,2941
sweep,3013
sweep,3630
sweep,2562
sweep,2715
sweep,3827
sweep,2631
sweep,3406
sweep,2216
sweep,3368
sweep,3916
sweep,4145
sweep,3852
sweep,3476
sweep,2991
sweep,2902
sweep,3381
sweep,2788
sweep,3260
sweep,2851
sweep,3352
sweep,2786
sweep,2771
sweep,3896
sweep,2617
sweep,2984
sweep,3018
sweep,3064
sweep,3366
sweep,2861
sweep,2707
sweep,2487
sweep,3851
sweep,4221
sweep,3959
sweep,4182
sweep,5943
sweep,7951
sweep,6283
sweep,8856
sweep,9217
sweep,8662
sweep,15521
sweep,7001
sweep,7096
sweep,796
mark,1037138
sweep,4924
sweep,3953
sweep,4442
sweep,4121
sweep,3604
sweep,4335
sweep,3720
sweep,3380
sweep,3136
sweep,3163
sweep,3283
sweep,2864
sweep,2722
sweep,2753
sweep,2705
sweep,2688
sweep,3344
sweep,3063
sweep,2838
sweep,3470
sweep,2338
sweep,2413
sweep,3893
sweep,2543
sweep,3082
sweep,1921
sweep,3620
sweep,3853
sweep,4535
sweep,3491
sweep,3498
sweep,3080
sweep,3022
sweep,3031
sweep,2872
sweep,3468
sweep,2837
sweep,3306
sweep,2937
sweep,2993
sweep,3809
sweep,2537
sweep,2750
sweep,3185
sweep,3107
sweep,3454
sweep,2843
sweep,2445
sweep,2735
sweep,5224
sweep,9085
sweep,8751
sweep,8632
sweep,8047
sweep,6324
sweep,7446
sweep,4084
sweep,4315
sweep,4772
sweep,6295
sweep,5641
sweep,5803
sweep,240
mark,1030546
sweep,4438
sweep,3762
sweep,4591
sweep,4163
sweep,3912
sweep,4334
sweep,3568
sweep,3164
sweep,2765
sweep,3294
sweep,3297
sweep,3021
sweep,2725
sweep,3274
sweep,2858
sweep,2968
sweep,3263
sweep,2981
sweep,3545
sweep,3596
sweep,2814
sweep,2557
sweep,3676
sweep,2599
sweep,3094
sweep,2155
sweep,3433
sweep,3676
sweep,4341
sweep,3431
sweep,3578
sweep,3088
sweep,2819
sweep,3235
sweep,2998
sweep,3317
sweep,3092
sweep,2970
sweep,2707
sweep,2789
sweep,3702
sweep,2743
sweep,2930
sweep,2913
sweep,3259
sweep,3672
sweep,2739
sweep,2539
sweep,2502
sweep,3392
sweep,4069
sweep,4047
sweep,4109
sweep,6077
sweep,7902
sweep,6145
sweep,8486
sweep,8414
sweep,8298
sweep,7591
sweep,7152
sweep,7065
sweep,831
mark,1036385
sweep,4617
sweep,4030
sweep,3969
sweep,3974
sweep,3848
sweep,4261
sweep,3871
sweep,3193
sweep,2982
sweep,3479
sweep,3004
sweep,2815
sweep,2838
sweep,2792
sweep,2609
sweep,2976
sweep,3295
sweep,3121
sweep,3137
sweep,3548
sweep,2356
sweep,2589
sweep,3792
sweep,2346
sweep,3705
sweep,2461
sweep,3359
sweep,3672
sweep,4280
sweep,3452
sweep,3536
sweep,3044
sweep,3091
sweep,3042
sweep,3012
sweep,3303
sweep,2740
sweep,3138
sweep,2486
sweep,3182
sweep,4098
sweep,2619
sweep,2940
sweep,3058
sweep,2863
sweep,3501
sweep,2718
sweep,2464
sweep,2468
sweep,5633
sweep,8669
sweep,8449
sweep,8454
sweep,7847
sweep,6076
sweep,6972
sweep,4021
sweep,4625
sweep,5005
sweep,6214
sweep,5840
sweep,5791
sweep,235
mark,1027680
sweep,4563
sweep,4149
sweep,3850
sweep,4020
sweep,3778
sweep,4375
sweep,3507
sweep,3118
sweep,2880
sweep,3210
sweep,3290
sweep,2725
sweep,2816
sweep,2729
sweep,2729
sweep,2648
sweep,3158
sweep,3248
sweep,3096
sweep,3595
sweep,2412
sweep,2391
sweep,3729
sweep,2372
sweep,3387
sweep,1896
sweep,3275
sweep,3836
sweep,4138
sweep,3430
sweep,3023
sweep,3055
sweep,3381
sweep,3130
sweep,2759
sweep,3255
sweep,2791
sweep,3066
sweep,2458
sweep,2796
sweep,3716
sweep,2877
sweep,2845
sweep,3194
sweep,2789
sweep,3338
sweep,2676
sweep,2501
sweep,2614
sweep,3788
sweep,3918
sweep,4043
sweep,4089
sweep,6193
sweep,8645
sweep,6473
sweep,8500
sweep,8389
sweep,8476
sweep,7426
sweep,7437
sweep,6984
sweep,835
mark,1035777
sweep,4845
sweep,3760
sweep,4288
sweep,3946
sweep,4013
sweep,4292
sweep,3799
sweep,3600
sweep,2857
sweep,3292
sweep,3217
sweep,2766
sweep,2700
sweep,2906
sweep,2820
sweep,2695
sweep,3243
sweep,3042
sweep,3034
sweep,3440
sweep,2471
sweep,2439
sweep,3847
sweep,2398
sweep,3015
sweep,1972
sweep,3509
sweep,3627
sweep,4303
sweep,3646
sweep,3024
sweep,3089
sweep,2898
sweep,3099
sweep,2798
sweep,3155
sweep,2790
sweep,3295
sweep,2703
sweep,2767
sweep,3808
sweep,2660
sweep,2879
sweep,3338
sweep,2904
sweep,3549
sweep,3011
sweep,2520
sweep,2515
sweep,5604
sweep,9168
sweep,8612
sweep,8647
sweep,8026
sweep,6501
sweep,7482
sweep,3874
sweep,4711
sweep,4231
sweep,5668
sweep,5772
sweep,5782
sweep,218
mark,1024180
sweep,4601
sweep,4215
sweep,3968
sweep,4251
sweep,3477
sweep,4267
sweep,3517
sweep,3017
sweep,2894
sweep,3289
sweep,3147
sweep,2713
sweep,2696
sweep,2715
sweep,2556
sweep,2622
sweep,3436
sweep,3049
sweep,3030
sweep,3321
sweep,2502
sweep,2686
sweep,4242
sweep,2635
sweep,3657
sweep,2022
sweep,3577
sweep,3595
sweep,4365
sweep,3400
sweep,3135
sweep,3126
sweep,2909
sweep,3083
sweep,2700
sweep,3236
sweep,2843
sweep,3364
sweep,2558
sweep,2812
sweep,3808
sweep,2613
sweep,11189
sweep,3065
sweep,2917
sweep,3529
sweep,2997
sweep,2536
sweep,2499
sweep,3616
sweep,4460
sweep,4100
sweep,4195
sweep,6459
sweep,7672
sweep,5937
sweep,9190
sweep,8129
sweep,8162
sweep,8044
sweep,7436
sweep,7492
sweep,841
mark,1028128
sweep,4875
sweep,4017
sweep,3953
sweep,4108
sweep,3831
sweep,4149
sweep,3913
sweep,3043
sweep,3215
sweep,3519
sweep,3081
sweep,2701
sweep,2903
sweep,3033
sweep,2948
sweep,2886
sweep,3179
sweep,3251
sweep,3012
sweep,3382
sweep,2408
sweep,2383
sweep,3982
sweep,2608
sweep,3339
sweep,1850
sweep,3570
sweep,3645
sweep,4255
sweep,3681
sweep,3270
sweep,3047
sweep,2901
sweep,3271
sweep,2809
sweep,2995
sweep,2827
sweep,3140
sweep,2585
sweep,2892
sweep,3679
sweep,3167
sweep,2668
sweep,2902
sweep,2859
sweep,3453
sweep,3114
sweep,2574
sweep,2663
sweep,5700
sweep,8761
sweep,8788
sweep,8661
sweep,7691
sweep,6155
sweep,6996
sweep,4197
sweep,4675
sweep,4300
sweep,5819
sweep,5532
sweep,5854
sweep,224
mark,1026099
sweep,4793
sweep,3736
sweep,3931
sweep,4329
sweep,3689
sweep,4222
sweep,3620
sweep,3057
sweep,3093
sweep,3087
sweep,3702
sweep,2751
sweep,3022
sweep,2966
sweep,2629
sweep,2864
sweep,3248
sweep,3493
sweep,3371
sweep,3372
sweep,2588
sweep,3016
sweep,3778
sweep,2484
sweep,3104
sweep,1974
sweep,3604
sweep,3673
sweep,4462
sweep,3505
sweep,3202
sweep,3319
sweep,2979
sweep,3060
sweep,3197
sweep,3305
sweep,3112
sweep,2989
sweep,2561
sweep,2742
sweep,3712
sweep,2819
sweep,3044
sweep,3299
sweep,2767
sweep,3414
sweep,2974
sweep,2620
sweep,2505
sweep,3411
sweep,4390
sweep,4011
sweep,4541
sweep,5642
sweep,7726
sweep,6076
sweep,8962
sweep,8160
sweep,8345
sweep,7827
sweep,7761
sweep,7698
sweep,834
mark,1067998
sweep,4880
sweep,3823
sweep,4033
sweep,4494
sweep,3558
sweep,4208
sweep,3632
sweep,3121
sweep,2940
sweep,3145
sweep,3071
sweep,3080
sweep,2723
sweep,2838
sweep,2789
sweep,2848
sweep,3265
sweep,2953
sweep,3361
sweep,3533
sweep,2526
sweep,2630
sweep,3740
sweep,2445
sweep,3171
sweep,1900
sweep,3524
sweep,3755
sweep,4470
sweep,3546
sweep,3165
sweep,3025
sweep,2931
sweep,3111
sweep,3396
sweep,3475
sweep,2846
sweep,3343
sweep,2717
sweep,2741
sweep,3883
sweep,2626
sweep,2883
sweep,2884
sweep,2726
sweep,3376
sweep,2793
sweep,2711
sweep,2567
sweep,5658
sweep,9312
sweep,8413
sweep,8685
sweep,8362
sweep,6319
sweep,7475
sweep,4048
sweep,4542
sweep,4587
sweep,5808
sweep,5770
sweep,6321
sweep,213
mark,1052358
sweep,5082
sweep,4009
sweep,4195
sweep,4394
sweep,3569
sweep,4144
sweep,3732
sweep,3155
sweep,2814
sweep,3075
sweep,3494
sweep,3068
sweep,2696
sweep,2840
sweep,2629
sweep,2967
sweep,3544
sweep,2885
sweep,3261
sweep,3442
sweep,2390
sweep,2739
sweep,3775
sweep,2370
sweep,3098
sweep,1933
sweep,3565
sweep,3758
sweep,4261
sweep,3301
sweep,3253
sweep,3116
sweep,2913
sweep,3144
sweep,3172
sweep,3215
sweep,2779
sweep,3314
sweep,2450
sweep,2940
sweep,3878
sweep,3037
sweep,2910
sweep,2948
sweep,2802
sweep,3406
sweep,3043
sweep,2470
sweep,2527
sweep,3652
sweep,4312
sweep,4024
sweep,4441
sweep,5761
sweep,7721
sweep,6469
sweep,9103
sweep,9040
sweep,8537
sweep,7353
sweep,7454
sweep,7152
sweep,828
mark,1045210
sweep,4715
sweep,4254
sweep,4073
sweep,4494
sweep,3636
sweep,4360
sweep,3666
sweep,3131
sweep,3125
sweep,3651
sweep,3272
sweep,3068
sweep,2770
sweep,2850
sweep,2961
sweep,2768
sweep,3446
sweep,3289
sweep,3118
sweep,3457
sweep,2363
sweep,2392
sweep,3777
sweep,2607
sweep,3242
sweep,2003
sweep,3684
sweep,3931
sweep,4314
sweep,3444
sweep,3179
sweep,3048
sweep,3422
sweep,3141
sweep,2813
sweep,3278
sweep,3306
sweep,3168
sweep,2649
sweep,2696
sweep,3834
sweep,2651
sweep,2789
sweep,3217
sweep,2866
sweep,3469
sweep,2743
sweep,2566
sweep,2881
sweep,5865
sweep,9020
sweep,8778
sweep,8181
sweep,7845
sweep,6287
sweep,7826
sweep,3924
sweep,4209
sweep,4654
sweep,5682
sweep,5907
sweep,5916
sweep,243
mark,1112415
sweep,5128
sweep,3889
sweep,4215
sweep,4132
sweep,3650
sweep,3826
sweep,3582
sweep,3014
sweep,3046
sweep,3549
sweep,3233
sweep,2805
sweep,2811
sweep,2872
sweep,3044
sweep,2645
sweep,3211
sweep,2842
sweep,2977
sweep,3296
sweep,2661
sweep,2475
sweep,3963
sweep,2306
sweep,3243
sweep,1808
sweep,3464
sweep,3838
sweep,4076
sweep,3605
sweep,3204
sweep,2900
sweep,3071
sweep,3058
sweep,2858
sweep,3255
sweep,2778
sweep,3220
sweep,2672
sweep,2878
sweep,3774
sweep,3020
sweep,2848
sweep,3020
sweep,2862
sweep,3412
sweep,2922
sweep,2516
sweep,2550
sweep,3527
sweep,3861
sweep,3954
sweep,4143
sweep,6034
sweep,7818
sweep,6233
sweep,8553
sweep,8299
sweep,8523
sweep,7313
sweep,7001
sweep,7210
sweep,780
mark,1028656
sweep,4919
sweep,4081
sweep,4293
sweep,4014
sweep,3904
sweep,3952
sweep,3693
sweep,3065
sweep,2771
sweep,3608
sweep,2982
sweep,3098
sweep,2661
sweep,2892
sweep,2806
sweep,2662
sweep,3689
sweep,3005
sweep,3043
sweep,3722
sweep,2403
sweep,2615
sweep,4087
sweep,2442
sweep,3310
sweep,2161
sweep,3337
sweep,3614
sweep,4252
sweep,3397
sweep,3136
sweep,3083
sweep,2863
sweep,3235
sweep,2714
sweep,3367
sweep,3116
sweep,3340
sweep,2430
sweep,2657
sweep,3894
sweep,2667
sweep,2609
sweep,3209
sweep,3136
sweep,3853
sweep,2767
sweep,2432
sweep,2429
sweep,6014
sweep,9252
sweep,8626
sweep,8686
sweep,7664
sweep,6270
sweep,7032
sweep,4066
sweep,4379
sweep,5073
sweep,6303
sweep,5805
sweep,5945
sweep,219
mark,1028897
sweep,5039
sweep,4025
sweep,4320
sweep,4231
sweep,3509
sweep,4298
sweep,3442
sweep,3467
sweep,3142
sweep,3521
sweep,3121
sweep,2898
sweep,3015
sweep,2764
sweep,2548
sweep,2742
sweep,3337
sweep,2870
sweep,3021
sweep,3387
sweep,2373
sweep,2416
sweep,3701
sweep,2314
sweep,3588
sweep,2161
sweep,3460
sweep,3677
sweep,4296
sweep,3326
sweep,3258
sweep,3194
sweep,2897
sweep,3277
sweep,2795
sweep,3553
sweep,2828
sweep,3291
sweep,2566
sweep,3258
sweep,3753
sweep,3029
sweep,2650
sweep,2943
sweep,2969
sweep,3376
sweep,2862
sweep,2569
sweep,2472
sweep,3794
sweep,3849
sweep,4018
sweep,4044
sweep,5421
sweep,7870
sweep,5977
sweep,9099
sweep,7998
sweep,8564
sweep,7332
sweep,7319
sweep,7059
sweep,829
mark,1031324
sweep,4757
sweep,3777
sweep,4166
sweep,4074
sweep,3618
sweep,4179
sweep,3610
sweep,3120
sweep,2982
sweep,3227
sweep,3054
sweep,2850
sweep,2690
sweep,2900
sweep,2552
sweep,2839
sweep,3247
sweep,2999
sweep,2899
sweep,3328
sweep,2428
sweep,2425
sweep,4074
sweep,2747
sweep,3150
sweep,1937
sweep,3362
sweep,3937
sweep,4373
sweep,3824
sweep,3533
sweep,3259
sweep,2851
sweep,3107
sweep,2854
sweep,3191
sweep,2745
sweep,3097
sweep,2476
sweep,2779
sweep,3943
sweep,2828
sweep,2922
sweep,2864
sweep,3408
sweep,3622
sweep,2814
sweep,2804
sweep,2558
sweep,5794
sweep,9056
sweep,8471
sweep,8651
sweep,8193
sweep,5994
sweep,7638
sweep,4000
sweep,4426
sweep,4442
sweep,5606
sweep,5898
sweep,6203
sweep,224
mark,1028209
sweep,4699
sweep,4042
sweep,4155
sweep,4552
sweep,3848
sweep,3996
sweep,3499
sweep,3406
sweep,2901
sweep,3448
sweep,3329
sweep,2850
sweep,2739
sweep,2990
sweep,2631
sweep,3011
sweep,3165
sweep,3401
sweep,3036
sweep,3360
sweep,2232
sweep,2797
sweep,3777
sweep,2356
sweep,3706
sweep,1949
sweep,3493
sweep,3508
sweep,4363
sweep,3442
sweep,3368
sweep,3243
sweep,2935
sweep,3315
sweep,2974
sweep,3303
sweep,2972
sweep,3229
sweep,2528
sweep,2757
sweep,3694
sweep,2877
sweep,2681
sweep,2960
sweep,2902
sweep,3465
sweep,2679
sweep,2438
sweep,2822
sweep,3438
sweep,4033
sweep,4188
sweep,4420
sweep,5939
sweep,8097
sweep,6476
sweep,8768
sweep,8407
sweep,8622
sweep,8320
sweep,7307
sweep,7752
sweep,836
mark,1033010
sweep,4933
sweep,4139
sweep,4044
sweep,4059
sweep,3651
sweep,4122
sweep,3655
sweep,3169
sweep,2814
sweep,3473
sweep,3320
sweep,2825
sweep,2619
sweep,2986
sweep,2989
sweep,2658
sweep,3266
sweep,3204
sweep,3086
sweep,3593
sweep,2336
sweep,2511
sweep,3786
sweep,2183
sweep,3102
sweep,1984
sweep,3489
sweep,3577
sweep,4609
sweep,3419
sweep,3384
sweep,2964
sweep,3322
sweep,2926
sweep,2797
sweep,3182
sweep,3013
sweep,3080
sweep,3065
sweep,3063
sweep,3935
sweep,2964
sweep,2619
sweep,2950
sweep,2895
sweep,3550
sweep,2836
sweep,2398
sweep,2932
sweep,5784
sweep,8783
sweep,9065
sweep,8671
sweep,8046
sweep,5964
sweep,6929
sweep,4055
sweep,4532
sweep,5065
sweep,6105
sweep,5816
sweep,5790
sweep,226
mark,1030373
sweep,4532
sweep,3853
sweep,4261
sweep,4327
sweep,3522
sweep,4263
sweep,3553
sweep,3137
sweep,2717
sweep,3296
sweep,3179
sweep,2770
sweep,2716
sweep,2833
sweep,2657
sweep,2626
sweep,3817
sweep,2958
sweep,3016
sweep,3457
sweep,2612
sweep,2570
sweep,4089
sweep,2639
sweep,3071
sweep,2022
sweep,3517
sweep,3755
sweep,4630
sweep,3268
sweep,3120
sweep,3167
sweep,2955
sweep,3080
sweep,2891
sweep,3193
sweep,2751
sweep,3277
sweep,2547
sweep,2721
sweep,3829
sweep,2702
sweep,2705
sweep,3001
sweep,2989
sweep,3593
sweep,2878
sweep,2471
sweep,2419
sweep,3543
sweep,3986
sweep,4139
sweep,4397
sweep,5734
sweep,8233
sweep,6284
sweep,8720
sweep,8778
sweep,8818
sweep,7209
sweep,7271
sweep,7018
sweep,832
mark,1030453
sweep,4688
sweep,3993
sweep,3973
sweep,3970
sweep,3562
sweep,4288
sweep,3749
sweep,3057
sweep,2864
sweep,3639
sweep,3290
sweep,2973
sweep,2996
sweep,2850
sweep,2562
sweep,3120
sweep,3637
sweep,2956
sweep,3396
sweep,3293
sweep,2544
sweep,2574
sweep,3864
sweep,2644
sweep,3150
sweep,1957
sweep,3352
sweep,3569
sweep,4432
sweep,3424
sweep,3091
sweep,2977
sweep,2920
sweep,3058
sweep,2973
sweep,3258
sweep,2932
sweep,3093
sweep,2509
sweep,2776
sweep,3864
sweep,3121
sweep,2870
sweep,2852
sweep,2812
sweep,3888
sweep,2677
sweep,2486
sweep,2552
sweep,5754
sweep,9095
sweep,8743
sweep,8662
sweep,8107
sweep,5837
sweep,7294
sweep,4073
sweep,4393
sweep,4956
sweep,6087
sweep,5844
sweep,5704
sweep,239
mark,1027755
sweep,4650
sweep,3967
sweep,4306
sweep,4300
sweep,3701
sweep,4259
sweep,3542
sweep,3142
sweep,2858
sweep,2977
sweep,3155
sweep,2757
sweep,2704
sweep,2979
sweep,2561
sweep,2663
sweep,3267
sweep,3041
sweep,2955
sweep,3451
sweep,2320
sweep,2530
sweep,3851
sweep,2473
sweep,3091
sweep,2193
sweep,3656
sweep,3884
sweep,4571
sweep,3356
sweep,3127
sweep,2973
sweep,2951
sweep,3044
sweep,2788
sweep,3118
sweep,2827
sweep,2974
sweep,2582
sweep,2940
sweep,4060
sweep,2702
sweep,2810
sweep,3044
sweep,2985
sweep,3777
sweep,2965
sweep,2778
sweep,2491
sweep,3666
sweep,4058
sweep,4002
sweep,4385
sweep,6098
sweep,7900
sweep,6018
sweep,8656
sweep,8421
sweep,8625
sweep,7304
sweep,7053
sweep,7282
sweep,834
mark,1034961
sweep,4640
sweep,4040
sweep,4137
sweep,4048
sweep,3841
sweep,4242
sweep,3621
sweep,3555
sweep,3026
sweep,3643
sweep,2933
sweep,2808
sweep,2733
sweep,6578
sweep,2614
sweep,2648
sweep,3460
sweep,3180
sweep,2984
sweep,3639
sweep,2436
sweep,2754
sweep,3705
sweep,2414
sweep,3182
sweep,1897
sweep,3623
sweep,3605
sweep,4626
sweep,3424
sweep,2963
sweep,3323
sweep,2949
sweep,3017
sweep,3280
sweep,3159
sweep,2756
sweep,3083
sweep,2657
sweep,2608
sweep,3996
sweep,3090
sweep,3048
sweep,2970
sweep,2792
sweep,3409
sweep,2765
sweep,2437
sweep,2467
sweep,5403
sweep,8756
sweep,9014
sweep,9184
sweep,8225
sweep,5712
sweep,7140
sweep,4035
sweep,4403
sweep,4916
sweep,6213
sweep,5839
sweep,5920
sweep,233
mark,1030251
sweep,4564
sweep,3998
sweep,3855
sweep,4258
sweep,3601
sweep,3984
sweep,3759
sweep,3121
sweep,3074
sweep,3264
sweep,3197
sweep,3209
sweep,2760
sweep,2793
sweep,2685
sweep,2692
sweep,3205
sweep,2894
sweep,2934
sweep,3358
sweep,2362
sweep,2606
sweep,4059
sweep,2325
sweep,3087
sweep,1894
sweep,3647
sweep,3909
sweep,4506
sweep,3669
sweep,3309
sweep,3249
sweep,3209
sweep,3064
sweep,2750
sweep,3278
sweep,3126
sweep,3241
sweep,2875
sweep,2690
sweep,3674
sweep,2698
sweep,2605
sweep,3261
sweep,3017
sweep,3501
sweep,2797
sweep,2442
sweep,2487
sweep,3839
sweep,3837
sweep,3996
sweep,4127
sweep,6229
sweep,7593
sweep,5864
sweep,8603
sweep,8405
sweep,8706
sweep,8099
sweep,7480
sweep,7119
sweep,803
mark,1030782
sweep,4662
sweep,4088
sweep,3886
sweep,4269
sweep,3489
sweep,4397
sweep,3592
sweep,3055
sweep,3005
sweep,3201
sweep,3294
sweep,2961
sweep,2637
sweep,3069
sweep,2676
sweep,2677
sweep,3808
sweep,3168
sweep,3114
sweep,3512
sweep,2395
sweep,2566
sweep,4199
sweep,2412
sweep,3078
sweep,2147
sweep,3367
sweep,3599
sweep,4521
sweep,3845
sweep,3061
sweep,3058
sweep,3187
sweep,2829
sweep,2809
sweep,3184
sweep,2855
sweep,3110
sweep,2714
sweep,2917
sweep,3674
sweep,3093
sweep,2712
sweep,2843
sweep,2871
sweep,3459
sweep,2691
sweep,2732
sweep,2622
sweep,5523
sweep,8833
sweep,8660
sweep,8520
sweep,8395
sweep,5822
sweep,7412
sweep,3970
sweep,4405
sweep,4872
sweep,6208
sweep,5553
sweep,5888
sweep,218
mark,1030499
sweep,4744
sweep,4268
sweep,3968
sweep,4273
sweep,4067
sweep,4163
sweep,3519
sweep,3228
sweep,2740
sweep,3242
sweep,3082
sweep,2733
sweep,2797
sweep,3384
sweep,2582
sweep,2835
sweep,3249
sweep,3159
sweep,3247
sweep,3417
sweep,2290
sweep,2705
sweep,3774
sweep,2500
sweep,3041
sweep,1925
sweep,3438
sweep,3693
sweep,4266
sweep,3416
sweep,3113
sweep,3142
sweep,2969
sweep,2980
sweep,2814
sweep,3680
sweep,2761
sweep,3101
sweep,2765
sweep,2698
sweep,4033
sweep,2768
sweep,2707
sweep,3342
sweep,3153
sweep,3600
sweep,2732
sweep,2661
sweep,2697
sweep,3509
sweep,4038
sweep,3994
sweep,4170
sweep,5963
sweep,7660
sweep,6170
sweep,9423
sweep,8352
sweep,8228
sweep,7872
sweep,7387
sweep,7627
sweep,801
mark,1035787
sweep,4960
sweep,4253
sweep,4035
sweep,4114
sweep,3840
sweep,4117
sweep,3638
sweep,3228
sweep,2890
sweep,3177
sweep,3030
sweep,2729
sweep,2690
sweep,2881
sweep,2684
sweep,2717
sweep,3170
sweep,2961
sweep,3529
sweep,3542
sweep,2372
sweep,2362
sweep,4171
sweep,2654
sweep,3352
sweep,2022
sweep,3489
sweep,4030
sweep,4176
sweep,3933
sweep,3106
sweep,2978
sweep,2961
sweep,3276
sweep,2793
sweep,3075
sweep,2709
sweep,3262
sweep,2627
sweep,2787
sweep,3696
sweep,2699
sweep,3070
sweep,3380
sweep,2821
sweep,3472
sweep,2805
sweep,2488
sweep,2492
sweep,5467
sweep,8980
sweep,8769
sweep,8497
sweep,8077
sweep,5712
sweep,7484
sweep,4090
sweep,4227
sweep,4415
sweep,5703
sweep,5804
sweep,6559
sweep,227
mark,1036042
sweep,5221
sweep,3873
sweep,3934
sweep,4480
sweep,3802
sweep,4102
sweep,3653
sweep,2991
sweep,2945
sweep,3299
sweep,3081
sweep,2737
sweep,2738
sweep,2965
sweep,2680
sweep,2848
sweep,3193
sweep,3377
sweep,3511
sweep,3449
sweep,2394
sweep,2533
sweep,3764
sweep,2398
sweep,3623
sweep,2055
sweep,3311
sweep,3818
sweep,4052
sweep,3377
sweep,3267
sweep,3023
sweep,3051
sweep,3059
sweep,3241
sweep,3191
sweep,2705
sweep,3298
sweep,2712
sweep,2920
sweep,3696
sweep,2724
sweep,2819
sweep,3326
sweep,2720
sweep,3749
sweep,3177
sweep,2405
sweep,2402
sweep,3951
sweep,4452
sweep,4474
sweep,4110
sweep,5649
sweep,8371
sweep,6386
sweep,8412
sweep,8374
sweep,8299
sweep,7233
sweep,7072
sweep,6959
sweep,856
mark,1030014
sweep,4978
sweep,4250
sweep,3899
sweep,4247
sweep,3799
sweep,4029
sweep,3694
sweep,3177
sweep,2976
sweep,3297
sweep,2940
sweep,3137
sweep,2636
sweep,2939
sweep,2750
sweep,2960
sweep,3345
sweep,2906
sweep,3061
sweep,3456
sweep,2385
sweep,2576
sweep,4611
sweep,2405
sweep,3412
sweep,2167
sweep,3768
sweep,3868
sweep,4660
sweep,3693
sweep,3653
sweep,3121
sweep,2888
sweep,3444
sweep,3076
sweep,3272
sweep,2822
sweep,3055
sweep,2526
sweep,3201
sweep,4316
sweep,2747
sweep,2768
sweep,2948
sweep,2964
sweep,3632
sweep,2791
sweep,2588
sweep,2422
sweep,5856
sweep,8847
sweep,8558
sweep,8600
sweep,8499
sweep,6291
sweep,7585
sweep,4229
sweep,4542
sweep,5253
sweep,6294
sweep,5953
sweep,6025
sweep,279
mark,1058368
sweep,4712
sweep,4462
sweep,4084
sweep,4098
sweep,3626
sweep,4130
sweep,3639
sweep,3288
sweep,2870
sweep,3250
sweep,3128
sweep,2816
sweep,2914
sweep,2730
sweep,2784
sweep,2733
sweep,3636
sweep,3433
sweep,3044
sweep,3302
sweep,2332
sweep,2523
sweep,3711
sweep,2433
sweep,3074
sweep,2184
sweep,3390
sweep,3928
sweep,4560
sweep,3760
sweep,3692
sweep,3085
sweep,2892
sweep,3138
sweep,2801
sweep,3200
sweep,2813
sweep,2982
sweep,2800
sweep,2790
sweep,3985
sweep,2613
sweep,2703
sweep,3029
sweep,2889
sweep,3522
sweep,2740
sweep,2483
sweep,2607
sweep,3704
sweep,3980
sweep,4323
sweep,4308
sweep,5938
sweep,8359
sweep,6059
sweep,8884
sweep,8750
sweep,9025
sweep,7273
sweep,7487
sweep,7207
sweep,931
mark,1045756
sweep,4756
sweep,3755
sweep,4129
sweep,3965
sweep,3666
sweep,4203
sweep,3623
sweep,3361
sweep,3109
sweep,3656
sweep,3307
sweep,2723
sweep,2978
sweep,2867
sweep,2909
sweep,2839
sweep,3423
sweep,2927
sweep,3118
sweep,3514
sweep,2431
sweep,2411
sweep,3874
sweep,2360
sweep,3498
sweep,1930
sweep,3454
sweep,3790
sweep,4546
sweep,3572
sweep,3106
sweep,2945
sweep,2998
sweep,3425
sweep,2889
sweep,3399
sweep,2723
sweep,3083
sweep,2724
sweep,3131
sweep,3590
sweep,2710
sweep,2782
sweep,3285
sweep,2810
sweep,3890
sweep,2813
sweep,2702
sweep,2496
sweep,5440
sweep,8974
sweep,9224
sweep,8691
sweep,8038
sweep,6561
sweep,7529
sweep,4526
sweep,4498
sweep,4451
sweep,5765
sweep,5706
sweep,6499
sweep,230
mark,1043873
sweep,4785
sweep,4074
sweep,3981
sweep,4024
sweep,3766
sweep,4310
sweep,3901
sweep,3132
sweep,2885
sweep,3301
sweep,3133
sweep,3044
sweep,2680
sweep,2917
sweep,2705
sweep,3042
sweep,3407
sweep,2958
sweep,3236
sweep,3537
sweep,2319
sweep,2473
sweep,4126
sweep,2429
sweep,3159
sweep,1916
sweep,3578
sweep,4489
sweep,4431
sweep,3620
sweep,3179
sweep,3032
sweep,3011
sweep,3129
sweep,3140
sweep,3219
sweep,2747
sweep,3041
sweep,2599
sweep,2843
sweep,3741
sweep,2930
sweep,2974
sweep,3351
sweep,3133
sweep,3435
sweep,2713
sweep,2487
sweep,2489
sweep,3467
sweep,4640
sweep,4081
sweep,4227
sweep,5637
sweep,8201
sweep,6356
sweep,8638
sweep,8796
sweep,9042
sweep,7222
sweep,7382
sweep,7242
sweep,817
mark,1047327
sweep,4487
sweep,3914
sweep,4254
sweep,4046
sweep,3732
sweep,4686
sweep,3702
sweep,3479
sweep,3394
sweep,3258
sweep,3076
sweep,3018
sweep,2723
sweep,2830
sweep,3144
sweep,2663
sweep,3557
sweep,3110
sweep,2929
sweep,3333
sweep,2483
sweep,2394
sweep,3822
sweep,2225
sweep,3099
sweep,1904
sweep,3438
sweep,3514
sweep,4486
sweep,3311
sweep,3121
sweep,2899
sweep,2905
sweep,2997
sweep,2820
sweep,3325
sweep,2676
sweep,3057
sweep,2498
sweep,2589
sweep,3689
sweep,2737
sweep,2918
sweep,2814
sweep,2816
sweep,3407
sweep,2717
sweep,2483
sweep,2376
sweep,5904
sweep,9115
sweep,8496
sweep,8338
sweep,7549
sweep,5676
sweep,7577
sweep,4319
sweep,4371
sweep,4470
sweep,5831
sweep,5628
sweep,5722
sweep,237
mark,1030998
sweep,4922
sweep,3841
sweep,4341
sweep,4373
sweep,3587
sweep,4481
sweep,3604
sweep,3236
sweep,2730
sweep,3012
sweep,3122
sweep,2695
sweep,2637
sweep,2755
sweep,2602
sweep,3180
sweep,3206
sweep,3201
sweep,3076
sweep,3461
sweep,2369
sweep,2671
sweep,4103
sweep,2274
sweep,3917
sweep,2170
sweep,3399
sweep,3899
sweep,4930
sweep,3293
sweep,3182
sweep,3153
sweep,2996
sweep,3002
sweep,3344
sweep,3326
sweep,2781
sweep,3340
sweep,2709
sweep,3238
sweep,3818
sweep,2671
sweep,2638
sweep,3163
sweep,2972
sweep,3335
sweep,2753
sweep,2720
sweep,2499
sweep,3402
sweep,4282
sweep,4454
sweep,4190
sweep,5996
sweep,8420
sweep,6393
sweep,9151
sweep,8359
sweep,8397
sweep,7173
sweep,7785
sweep,7223
sweep,830
mark,1034540
sweep,4748
sweep,4078
sweep,3999
sweep,4021
sweep,3928
sweep,4029
sweep,3679
sweep,3135
sweep,3246
sweep,3571
sweep,2991
sweep,2784
sweep,2829
sweep,2935
sweep,2561
sweep,2731
sweep,3260
sweep,2917
sweep,3552
sweep,3482
sweep,2339
sweep,2404
sweep,4385
sweep,2428
sweep,3227
sweep,2290
sweep,3396
sweep,3917
sweep,4287
sweep,3940
sweep,3147
sweep,2943
sweep,3006
sweep,3274
sweep,2795
sweep,3588
sweep,2997
sweep,3205
sweep,2700
sweep,2908
sweep,3702
sweep,2717
sweep,2708
sweep,2899
sweep,3333
sweep,3527
sweep,2969
sweep,2647
sweep,2714
sweep,5708
sweep,8424
sweep,8934
sweep,8696
sweep,7471
sweep,5989
sweep,7177
sweep,3913
sweep,4369
sweep,4586
sweep,6423
sweep,5865
sweep,6006
sweep,255
mark,1031573
sweep,4298
sweep,3848
sweep,4475
sweep,3902
sweep,3608
sweep,4289
sweep,3594
sweep,3128
sweep,2936
sweep,3386
sweep,3494
sweep,3283
sweep,2789
sweep,2789
sweep,2631
sweep,2848
sweep,3479
sweep,3211
sweep,3035
sweep,3381
sweep,2590
sweep,2774
sweep,4165
sweep,2626
sweep,3063
sweep,1890
sweep,3270
sweep,3854
sweep,4059
sweep,3442
sweep,3216
sweep,3102
sweep,2982
sweep,3067
sweep,2820
sweep,3220
sweep,2793
sweep,3076
sweep,2863
sweep,2666
sweep,3767
sweep,3108
sweep,2936
sweep,3055
sweep,2762
sweep,3464
sweep,2940
sweep,2585
sweep,2727
sweep,3755
sweep,3976
sweep,4064
sweep,4201
sweep,6114
sweep,7797
sweep,5941
sweep,8863
sweep,8486
sweep,8751
sweep,8314
sweep,7353
sweep,7613
sweep,854
mark,1034531
sweep,4657
sweep,3840
sweep,4514
sweep,3965
sweep,3657
sweep,4456
sweep,3821
sweep,3068
sweep,2858
sweep,3286
sweep,3214
sweep,2872
sweep,2820
sweep,2800
sweep,2817
sweep,2823
sweep,3655
sweep,2895
sweep,2905
sweep,3287
sweep,2328
sweep,2526
sweep,3740
sweep,2379
sweep,3063
sweep,1899
sweep,3479
sweep,3682
sweep,4530
sweep,3349
sweep,3240
sweep,2927
sweep,2768
sweep,3017
sweep,3007
sweep,3088
sweep,2810
sweep,3482
sweep,2650
sweep,2797
sweep,3835
sweep,2936
sweep,2926
sweep,2914
sweep,3331
sweep,3938
sweep,2628
sweep,2595
sweep,2386
sweep,5600
sweep,9218
sweep,8373
sweep,8794
sweep,8328
sweep,6139
sweep,7435
sweep,3985
sweep,4304
sweep,4923
sweep,6243
sweep,5912
sweep,5953
sweep,225
mark,1036890
sweep,4896
sweep,3904
sweep,3993
sweep,4273
sweep,3560
sweep,4264
sweep,3593
sweep,3144
sweep,2860
sweep,3422
sweep,3404
sweep,2844
sweep,2936
sweep,2759
sweep,2505
sweep,2928
sweep,3477
sweep,2886
sweep,3191
sweep,3692
sweep,2296
sweep,2997
sweep,3970
sweep,2370
sweep,3167
sweep,1822
sweep,3235
sweep,3709
sweep,4318
sweep,3740
sweep,3027
sweep,3213
sweep,3009
sweep,3060
sweep,3063
sweep,3249
sweep,2757
sweep,3149
sweep,2588
sweep,2772
sweep,3791
sweep,2802
sweep,2773
sweep,3108
sweep,3254
sweep,3462
sweep,2873
sweep,2573
sweep,2457
sweep,3876
sweep,4594
sweep,4691
sweep,4386
sweep,5661
sweep,7588
sweep,5860
sweep,9449
sweep,8341
sweep,8653
sweep,8254
sweep,7846
sweep,7754
sweep,933
mark,1049891
sweep,4955
sweep,3888
sweep,4015
sweep,4077
sweep,4020
sweep,3982
sweep,4033
sweep,3058
sweep,3060
sweep,3228
sweep,3012
sweep,2762
sweep,2785
sweep,2839
sweep,2614
sweep,2667
sweep,3373
sweep,2890
sweep,3028
sweep,3405
sweep,2599
sweep,2795
sweep,3850
sweep,2443
sweep,3139
sweep,2083
sweep,3628
sweep,3612
sweep,4816
sweep,3486
sweep,3398
sweep,3308
sweep,2860
sweep,3330
sweep,2738
sweep,3328
sweep,2733
sweep,3166
sweep,2480
sweep,2676
sweep,3899
sweep,3091
sweep,2722
sweep,2798
sweep,2841
sweep,3580
sweep,2732
sweep,2460
sweep,2641
sweep,13993
sweep,8835
sweep,8628
sweep,8870
sweep,7998
sweep,6602
sweep,6987
sweep,4369
sweep,4510
sweep,4970
sweep,6158
sweep,5574
sweep,5805
sweep,225
mark,1027704
sweep,4740
sweep,4009
sweep,4213
sweep,4016
sweep,3705
sweep,4011
sweep,3684
sweep,3077
sweep,2769
sweep,3198
sweep,3144
sweep,2767
sweep,2676
sweep,2827
sweep,2620
sweep,2702
sweep,3319
sweep,2974
sweep,2986
sweep,3488
sweep,2400
sweep,2586
sweep,3766
sweep,2883
sweep,3176
sweep,1922
sweep,3355
sweep,4125
sweep,4166
sweep,3335
sweep,3118
sweep,3302
sweep,3260
sweep,3283
sweep,2720
sweep,3356
sweep,3041
sweep,3196
sweep,2704
sweep,3220
sweep,3708
sweep,2863
sweep,2723
sweep,2975
sweep,3006
sweep,3438
sweep,2853
sweep,2411
sweep,2488
sweep,3794
sweep,3758
sweep,4189
sweep,4141
sweep,6042
sweep,7662
sweep,5920
sweep,8503
sweep,8651
sweep,8400
sweep,7315
sweep,7019
sweep,6960
sweep,837
mark,1032640
sweep,5127
sweep,4007
sweep,3944
sweep,3933
sweep,3961
sweep,4238
sweep,3577
sweep,3111
sweep,2748
sweep,3384
sweep,3049
sweep,2744
sweep,2862
sweep,2993
sweep,2831
sweep,2959
sweep,3437
sweep,3180
sweep,2967
sweep,3485
sweep,2335
sweep,2438
sweep,3827
sweep,2337
sweep,3079
sweep,1966
sweep,3417
sweep,3712
sweep,4981
sweep,3840
sweep,3293
sweep,2988
sweep,2833
sweep,3041
sweep,3454
sweep,3239
sweep,2999
sweep,3125
sweep,2557
sweep,2602
sweep,4002
sweep,3016
sweep,2866
sweep,3357
sweep,3153
sweep,3437
sweep,2931
sweep,2554
sweep,2484
sweep,5532
sweep,8788
sweep,8789
sweep,8558
sweep,7690
sweep,5953
sweep,7061
sweep,3981
sweep,4315
sweep,4870
sweep,6249
sweep,5605
sweep,5908
sweep,224
mark,1041007
sweep,4405
sweep,4002
sweep,4119
sweep,4027
sweep,3633
sweep,4322
sweep,3825
sweep,3341
sweep,2939
sweep,3120
sweep,6338
sweep,2699
sweep,2818
sweep,2926
sweep,2527
sweep,2929
sweep,3417
sweep,3115
sweep,3026
sweep,3716
sweep,2290
sweep,2472
sweep,3717
sweep,2284
sweep,3004
sweep,2008
sweep,3256
sweep,3613
sweep,4207
sweep,3400
sweep,3061
sweep,3396
sweep,2937
sweep,3342
sweep,2795
sweep,3147
sweep,3036
sweep,3185
sweep,2592
sweep,2652
sweep,3791
sweep,2987
sweep,2876
sweep,3202
sweep,2786
sweep,3432
sweep,2705
sweep,2796
sweep,2577
sweep,3642
sweep,4043
sweep,3906
sweep,4271
sweep,5740
sweep,8072
sweep,6467
sweep,8837
sweep,8273
sweep,8667
sweep,8320
sweep,7409
sweep,7614
sweep,836
mark,1037537
sweep,4506
sweep,3814
sweep,4022
sweep,4129
sweep,3687
sweep,3895
sweep,3929
sweep,3442
sweep,3212
sweep,3318
sweep,3371
sweep,2779
sweep,3009
sweep,3502
sweep,2642
sweep,2836
sweep,3269
sweep,3014
sweep,3174
sweep,3337
sweep,2387
sweep,2448
sweep,4132
sweep,2495
sweep,3132
sweep,2228
sweep,3683
sweep,3612
sweep,4671
sweep,3393
sweep,3522
sweep,2946
sweep,2997
sweep,3191
sweep,2986
sweep,3349
sweep,2815
sweep,3088
sweep,2756
sweep,2768
sweep,3762
sweep,2585
sweep,2990
sweep,3086
sweep,2838
sweep,3724
sweep,2772
sweep,2450
sweep,2428
sweep,5462
sweep,9415
sweep,8752
sweep,8800
sweep,8157
sweep,6338
sweep,7347
sweep,3962
sweep,4325
sweep,4824
sweep,6134
sweep,5799
sweep,5710
sweep,237
mark,1034781
sweep,4741
sweep,4117
sweep,3919
sweep,4049
sweep,3773
sweep,4336
sweep,3505
sweep,3288
sweep,2938
sweep,3048
sweep,3047
sweep,2746
sweep,2856
sweep,2796
sweep,3137
sweep,2682
sweep,3243
sweep,2956
sweep,3080
sweep,3450
sweep,2538
sweep,2557
sweep,3763
sweep,2506
sweep,3030
sweep,2128
sweep,3331
sweep,3561
sweep,4397
sweep,3394
sweep,3166
sweep,3181
sweep,3357
sweep,3002
sweep,2757
sweep,3104
sweep,2703
sweep,3236
sweep,2875
sweep,3090
sweep,3882
sweep,2945
sweep,2951
sweep,3074
sweep,3049
sweep,3406
sweep,2983
sweep,2507
sweep,2533
sweep,3917
sweep,4146
sweep,3928
sweep,4109
sweep,6226
sweep,8720
sweep,6488
sweep,9387
sweep,8184
sweep,9065
sweep,7509
sweep,7559
sweep,7023
sweep,826
mark,1038168
sweep,4851
sweep,3964
sweep,4048
sweep,4530
sweep,3928
sweep,4332
sweep,3633
sweep,3140
sweep,3087
sweep,3467
sweep,3226
sweep,2765
sweep,2668
sweep,2816
sweep,2749
sweep,2675
sweep,3479
sweep,2908
sweep,3018
sweep,3300
sweep,2345
sweep,2412
sweep,3791
sweep,2430
sweep,3500
sweep,2129
sweep,3620
sweep,3608
sweep,4341
sweep,3592
sweep,3143
sweep,3042
sweep,2913
sweep,3297
sweep,3016
sweep,3446
sweep,2901
sweep,3041
sweep,2819
sweep,2698
sweep,3788
sweep,2871
sweep,5887
sweep,3042
sweep,3132
sweep,3677
sweep,3083
sweep,2734
sweep,2380
sweep,5752
sweep,9047
sweep,9003
sweep,8669
sweep,8129
sweep,5893
sweep,7238
sweep,4039
sweep,4317
sweep,4577
sweep,5983
sweep,5583
sweep,5683
sweep,240
mark,1028170
sweep,4580
sweep,3745
sweep,4484
sweep,4184
sweep,3562
sweep,3975
sweep,3726
sweep,3237
sweep,3051
sweep,3203
sweep,3168
sweep,2739
sweep,2750
sweep,2964
sweep,2800
sweep,2758
sweep,3211
sweep,2917
sweep,3468
sweep,3395
sweep,2546
sweep,2552
sweep,3833
sweep,2446
sweep,3153
sweep,2039
sweep,3244
sweep,3626
sweep,4399
sweep,3425
sweep,3093
sweep,2926
sweep,3002
sweep,3008
sweep,2993
sweep,3651
sweep,2925
sweep,3121
sweep,2849
sweep,2930
sweep,3722
sweep,2653
sweep,2647
sweep,3036
sweep,3124
sweep,3695
sweep,2725
sweep,2552
sweep,2511
sweep,3478
sweep,4229
sweep,4024
sweep,4243
sweep,5833
sweep,8428
sweep,6281
sweep,9030
sweep,8126
sweep,8592
sweep,7192
sweep,7021
sweep,7036
sweep,891
mark,1033139
sweep,4712
sweep,3965
sweep,4040
sweep,4004
sweep,3612
sweep,4138
sweep,3560
sweep,3431
sweep,2858
sweep,3276
sweep,3158
sweep,3079
sweep,2701
sweep,2834
sweep,2696
sweep,2697
sweep,3345
sweep,2960
sweep,3251
sweep,3221
sweep,2291
sweep,2390
sweep,4168
sweep,2600
sweep,3234
sweep,2147
sweep,3451
sweep,3726
sweep,4282
sweep,3675
sweep,3161
sweep,2925
sweep,2901
sweep,3214
sweep,2809
sweep,3227
sweep,2846
sweep,3288
sweep,2520
sweep,2689
sweep,3722
sweep,2887
sweep,2741
sweep,3216
sweep,3121
sweep,3674
sweep,2793
sweep,2808
sweep,2518
sweep,5714
sweep,8686
sweep,8370
sweep,8468
sweep,8196
sweep,6311
sweep,7543
sweep,4236
sweep,4519
sweep,4917
sweep,6313
sweep,5940
sweep,5819
sweep,238
mark,1064638
sweep,4769
sweep,4249
sweep,3951
sweep,4056
sweep,3688
sweep,4000
sweep,3554
sweep,3146
sweep,3160
sweep,3485
sweep,3036
sweep,2808
sweep,2782
sweep,3061
sweep,3077
sweep,2703
sweep,3261
sweep,2924
sweep,3246
sweep,3471
sweep,2350
sweep,2716
sweep,3714
sweep,2362
sweep,3511
sweep,2172
sweep,3378
sweep,3570
sweep,4188
sweep,3302
sweep,3814
sweep,3126
sweep,2963
sweep,3488
sweep,2795
sweep,3368
sweep,2821
sweep,3090
sweep,2719
sweep,3033
sweep,3682
sweep,2823
sweep,2793
sweep,3317
sweep,2850
sweep,3648
sweep,2725
sweep,2527
sweep,2685
sweep,3462
sweep,4104
sweep,4030
sweep,4614
sweep,6299
sweep,8372
sweep,5851
sweep,9371
sweep,8220
sweep,8464
sweep,7540
sweep,7074
sweep,7239
sweep,841
mark,1051920
sweep,4798
sweep,4049
sweep,4187
sweep,3901
sweep,3891
sweep,4396
sweep,3671
sweep,3476
sweep,2867
sweep,3154
sweep,3327
sweep,3308
sweep,2692
sweep,3108
sweep,2507
sweep,3236
sweep,3406
sweep,2957
sweep,3002
sweep,3452
sweep,2389
sweep,2575
sweep,3713
sweep,2405
sweep,3791
sweep,1904
sweep,3343
sweep,3779
sweep,4255
sweep,3386
sweep,2987
sweep,3122
sweep,2928
sweep,3120
sweep,2942
sweep,3137
sweep,2787
sweep,3337
sweep,2703
sweep,2909
sweep,4086
sweep,2598
sweep,2776
sweep,2877
sweep,3151
sweep,3458
sweep,2878
sweep,2395
sweep,2680
sweep,5552
sweep,9284
sweep,8768
sweep,8781
sweep,7890
sweep,6210
sweep,7523
sweep,4284
sweep,4558
sweep,4923
sweep,6173
sweep,5844
sweep,5846
sweep,224
mark,1026942
sweep,4908
sweep,4234
sweep,4105
sweep,4242
sweep,3865
sweep,4259
sweep,3588
sweep,3011
sweep,2827
sweep,3255
sweep,3208
sweep,3169
sweep,2918
sweep,2764
sweep,2670
sweep,2987
sweep,3361
sweep,3359
sweep,3010
sweep,3757
sweep,2372
sweep,2447
sweep,3819
sweep,2408
sweep,3075
sweep,1963
sweep,3271
sweep,3647
sweep,4082
sweep,3711
sweep,3237
sweep,2921
sweep,2863
sweep,2966
sweep,3179
sweep,3223
sweep,2801
sweep,3049
sweep,2512
sweep,2687
sweep,3803
sweep,2733
sweep,2688
sweep,3013
sweep,3084
sweep,3860
sweep,2742
sweep,2483
sweep,2401
sweep,3870
sweep,3997
sweep,4049
sweep,4099
sweep,6054
sweep,7747
sweep,6082
sweep,8675
sweep,8330
sweep,8606
sweep,8286
sweep,7476
sweep,7553
sweep,832
mark,1059084
sweep,4697
sweep,4700
sweep,4244
sweep,4266
sweep,3828
sweep,4235
sweep,3609
sweep,3145
sweep,2864
sweep,3155
sweep,3266
sweep,2887
sweep,2752
sweep,2782
sweep,2714
sweep,2709
sweep,3322
sweep,2930
sweep,3337
sweep,3639
sweep,2405
sweep,2394
sweep,3722
sweep,2336
sweep,3443
sweep,2119
sweep,3400
sweep,3756
sweep,4261
sweep,3301
sweep,3691
sweep,3133
sweep,2882
sweep,3030
sweep,3091
sweep,3413
sweep,2720
sweep,3141
sweep,2718
sweep,2738
sweep,3962
sweep,2666
sweep,2847
sweep,3002
sweep,2827
sweep,3403
sweep,2661
sweep,2772
sweep,2668
sweep,5429
sweep,8825
sweep,8595
sweep,8560
sweep,7730
sweep,6162
sweep,7084
sweep,4042
sweep,4264
sweep,4227
sweep,5917
sweep,5523
sweep,5803
sweep,228
mark,1026532
sweep,4940
sweep,3710
sweep,4021
sweep,4130
sweep,3661
sweep,3945
sweep,3677
sweep,3133
sweep,2829
sweep,3608
sweep,2981
sweep,2753
sweep,2853
sweep,2851
sweep,2736
sweep,2686
sweep,3220
sweep,2933
sweep,3055
sweep,3437
sweep,2584
sweep,2575
sweep,3939
sweep,2472
sweep,3254
sweep,2211
sweep,3247
sweep,3817
sweep,4469
sweep,3637
sweep,3138
sweep,2987
sweep,3188
sweep,3227
sweep,2701
sweep,3270
sweep,3501
sweep,3135
sweep,2544
sweep,2626
sweep,3449
sweep,2641
sweep,2810
sweep,3008
sweep,2797
sweep,3440
sweep,2695
sweep,2497
sweep,2415
sweep,3634
sweep,3988
sweep,4361
sweep,4103
sweep,5767
sweep,8798
sweep,6511
sweep,9374
sweep,8067
sweep,8894
sweep,7196
sweep,7744
sweep,7205
sweep,834
mark,1039282
sweep,4740
sweep,3954
sweep,4084
sweep,4133
sweep,3772
sweep,4042
sweep,3964
sweep,3100
sweep,3069
sweep,3430
sweep,2918
sweep,2777
sweep,2838
sweep,3082
sweep,2696
sweep,2968
sweep,3308
sweep,3137
sweep,3080
sweep,3547
sweep,2536
sweep,2508
sweep,3900
sweep,2356
sweep,3604
sweep,2216
sweep,3409
sweep,3611
sweep,4455
sweep,3388
sweep,3329
sweep,3086
sweep,2895
sweep,2867
sweep,3025
sweep,3207
sweep,2687
sweep,3266
sweep,2795
sweep,3109
sweep,3796
sweep,2832
sweep,2654
sweep,3111
sweep,2796
sweep,3374
sweep,2831
sweep,2713
sweep,2730
sweep,5270
sweep,8934
sweep,8576
sweep,8623
sweep,8061
sweep,6232
sweep,7616
sweep,4150
sweep,4363
sweep,4681
sweep,6203
sweep,5890
sweep,5800
sweep,249
mark,1029230
sweep,4539
sweep,3737
sweep,4363
sweep,4268
sweep,3986
sweep,4106
sweep,3611
sweep,3376
sweep,2767
sweep,3365
sweep,3031
sweep,2967
sweep,2869
sweep,2874
sweep,2606
sweep,2714
sweep,3469
sweep,2904
sweep,3017
sweep,3442
sweep,2500
sweep,2513
sweep,4011
sweep,2305
sweep,3439
sweep,1899
sweep,3502
sweep,3848
sweep,4748
sweep,3561
sweep,3280
sweep,3376
sweep,2927
sweep,3023
sweep,3070
sweep,3497
sweep,2803
sweep,3280
sweep,2570
sweep,2716
sweep,3775
sweep,2859
sweep,2840
sweep,3091
sweep,2797
sweep,3418
sweep,3039
sweep,2841
sweep,2509
sweep,3675
sweep,3828
sweep,4159
sweep,4094
sweep,6061
sweep,7791
sweep,6247
sweep,8835
sweep,8274
sweep,8807
sweep,8365
sweep,7373
sweep,7670
sweep,835
mark,1025150
sweep,4540
sweep,3966
sweep,4638
sweep,3976
sweep,3805
sweep,4326
sweep,3782
sweep,3109
sweep,3234
sweep,3583
sweep,3019
sweep,2959
sweep,2797
sweep,3154
sweep,2977
sweep,3044
sweep,3276
sweep,3186
sweep,3038
sweep,3487
sweep,2488
sweep,2403
sweep,3683
sweep,2535
sweep,3058
sweep,1868
sweep,3659
sweep,3674
sweep,4272
sweep,3453
sweep,3236
sweep,3057
sweep,2939
sweep,3019
sweep,2775
sweep,3417
sweep,2769
sweep,3052
sweep,2473
sweep,3201
sweep,3889
sweep,2998
sweep,2680
sweep,3470
sweep,3032
sweep,3619
sweep,2708
sweep,2622
sweep,2778
sweep,5423
sweep,8715
sweep,8582
sweep,8618
sweep,8100
sweep,6486
sweep,7348
sweep,4286
sweep,4378
sweep,4762
sweep,6321
sweep,5801
sweep,5973
sweep,225
mark,1029868
sweep,4779
sweep,4003
sweep,4358
sweep,4410
sweep,3672
sweep,4421
sweep,3529
sweep,3351
sweep,3068
sweep,3049
sweep,3070
sweep,2702
sweep,2821
sweep,2817
sweep,2617
sweep,2673
sweep,3317
sweep,3175
sweep,3069
sweep,3383
sweep,2572
sweep,3005
sweep,3931
sweep,2579
sweep,3306
sweep,1907
sweep,3217
sweep,3658
sweep,4511
sweep,3413
sweep,3150
sweep,3185
sweep,3147
sweep,2980
sweep,2927
sweep,3387
sweep,3042
sweep,3076
sweep,2784
sweep,2709
sweep,3760
sweep,2651
sweep,2604
sweep,3056
sweep,2787
sweep,3643
sweep,2713
sweep,2668
sweep,2423
sweep,3522
sweep,4090
sweep,3914
sweep,4111
sweep,5738
sweep,8565
sweep,6450
sweep,9137
sweep,8079
sweep,8733
sweep,7301
sweep,7924
sweep,6957
sweep,829
mark,1028497
sweep,4695
sweep,3990
sweep,4007
sweep,4214
sweep,4044
sweep,4350
sweep,3572
sweep,3080
sweep,3100
sweep,3144
sweep,3056
sweep,3002
sweep,2815
sweep,2904
sweep,2627
sweep,3050
sweep,3382
sweep,3071
sweep,3018
sweep,3414
sweep,2407
sweep,2625
sweep,4069
sweep,2336
sweep,3242
sweep,1913
sweep,3473
sweep,3682
sweep,4909
sweep,3441
sweep,3017
sweep,3419
sweep,2899
sweep,3128
sweep,3027
sweep,3265
sweep,2984
sweep,3060
sweep,2414
sweep,2760
sweep,3941
sweep,2712
sweep,2708
sweep,2911
sweep,2710
sweep,3657
sweep,3171
sweep,2542
sweep,2766
sweep,5352
sweep,8906
sweep,8281
sweep,8756
sweep,7819
sweep,6659
sweep,6972
sweep,4164
sweep,4346
sweep,4650
sweep,6370
sweep,5825
sweep,5746
sweep,244
mark,1026853
sweep,5029
sweep,4253
sweep,4371
sweep,4245
sweep,3718
sweep,4350
sweep,3587
sweep,3448
sweep,2733
sweep,3232
sweep,3318
sweep,2709
sweep,2793
sweep,2883
sweep,2551
sweep,2661
sweep,3328
sweep,3319
sweep,3060
sweep,3324
sweep,2486
sweep,2605
sweep,3781
sweep,2812
sweep,3462
sweep,1944
sweep,3442
sweep,3686
sweep,4427
sweep,3297
sweep,3304
sweep,3187
sweep,2925
sweep,3267
sweep,2787
sweep,3551
sweep,2805
sweep,3281
sweep,2514
sweep,2688
sweep,3744
sweep,2998
sweep,3040
sweep,2960
sweep,2935
sweep,3294
sweep,2961
sweep,2531
sweep,2528
sweep,3813
sweep,4072
sweep,4254
sweep,4430
sweep,6099
sweep,7725
sweep,6247
sweep,8828
sweep,8588
sweep,8354
sweep,7621
sweep,7467
sweep,7688
sweep,839
mark,1056041
sweep,4706
sweep,3896
sweep,4083
sweep,4306
sweep,3764
sweep,4246
sweep,3533
sweep,3187
sweep,3178
sweep,3368
sweep,2950
sweep,3009
sweep,3045
sweep,2977
sweep,2928
sweep,2989
sweep,3619
sweep,2913
sweep,3295
sweep,3429
sweep,2291
sweep,2569
sweep,4144
sweep,2379
sweep,3112
sweep,2096
sweep,3495
sweep,3967
sweep,4259
sweep,3363
sweep,3146
sweep,3040
sweep,2816
sweep,3132
sweep,3000
sweep,3193
sweep,2774
sweep,3004
sweep,2708
sweep,2814
sweep,3779
sweep,2926
sweep,2829
sweep,3110
sweep,2960
sweep,4022
sweep,2967
sweep,2569
sweep,2510
sweep,5806
sweep,8895
sweep,8659
sweep,8924
sweep,7848
sweep,6495
sweep,7351
sweep,4183
sweep,4395
sweep,4854
sweep,6135
sweep,5883
sweep,6139
sweep,271
mark,1029561
sweep,4583
sweep,4267
sweep,4441
sweep,4013
sweep,3729
sweep,4215
sweep,3506
sweep,3211
sweep,2897
sweep,3154
sweep,3090
sweep,2980
sweep,2709
sweep,2815
sweep,2486
sweep,2745
sweep,3405
sweep,2903
sweep,2958
sweep,3304
sweep,2412
sweep,2565
sweep,4011
sweep,2776
sweep,3165
sweep,2406
sweep,3415
sweep,3955
sweep,4226
sweep,3269
sweep,3097
sweep,3212
sweep,3225
sweep,2969
sweep,2906
sweep,3528
sweep,3034
sweep,3041
sweep,2643
sweep,3125
sweep,3768
sweep,2901
sweep,2826
sweep,3116
sweep,2977
sweep,3718
sweep,3049
sweep,2472
sweep,2726
sweep,3499
sweep,4209
sweep,3908
sweep,4482
sweep,5593
sweep,8483
sweep,6484
sweep,8795
sweep,8372
sweep,8856
sweep,8084
sweep,7202
sweep,7709
sweep,840
mark,1029724
sweep,4578
sweep,4019
sweep,4259
sweep,4106
sweep,3816
sweep,4030
sweep,3594
sweep,3644
sweep,2980
sweep,3754
sweep,3178
sweep,2793
sweep,3007
sweep,2745
sweep,2977
sweep,2910
sweep,3278
sweep,2897
sweep,3245
sweep,3420
sweep,2476
sweep,2410
sweep,4079
sweep,2779
sweep,3107
sweep,1903
sweep,3524
sweep,3929
sweep,4527
sweep,3561
sweep,3105
sweep,3628
sweep,2954
sweep,2933
sweep,3096
sweep,3265
sweep,2809
sweep,3072
sweep,2485
sweep,2716
sweep,3854
sweep,2910
sweep,2663
sweep,3267
sweep,2826
sweep,3401
sweep,2865
sweep,2738
sweep,2410
sweep,5424
sweep,9174
sweep,8429
sweep,8789
sweep,7917
sweep,6644
sweep,7238
sweep,4114
sweep,4253
sweep,4798
sweep,6360
sweep,5632
sweep,5876
sweep,224
mark,1030381
sweep,4733
sweep,3937
sweep,4173
sweep,4278
sweep,3694
sweep,4112
sweep,3498
sweep,3165
sweep,2784
sweep,3170
sweep,3261
sweep,2747
sweep,2765
sweep,3026
sweep,2727
sweep,2635
sweep,3263
sweep,3201
sweep,3135
sweep,3458
sweep,2510
sweep,2857
sweep,3784
sweep,2422
sweep,3274
sweep,1923
sweep,3392
sweep,3760
sweep,4476
sweep,3703
sweep,3105
sweep,3164
sweep,2915
sweep,3052
sweep,2824
sweep,3313
sweep,3077
sweep,3064
sweep,2803
sweep,3001
sweep,3833
sweep,3159
sweep,2760
sweep,3248
sweep,3338
sweep,3392
sweep,2985
sweep,2560
sweep,2471
sweep,3547
sweep,4185
sweep,4112
sweep,4151
sweep,5980
sweep,7708
sweep,6281
sweep,8464
sweep,8464
sweep,8572
sweep,8189
sweep,7286
sweep,7716
sweep,837
mark,1033189
sweep,4943
sweep,4425
sweep,4229
sweep,3955
sweep,3586
sweep,4243
sweep,3561
sweep,3194
sweep,2996
sweep,3228
sweep,3159
sweep,2726
sweep,2809
sweep,2901
sweep,2659
sweep,2906
sweep,3332
sweep,2995
sweep,3073
sweep,3465
sweep,2469
sweep,2405
sweep,3700
sweep,2618
sweep,3155
sweep,1926
sweep,3426
sweep,3969
sweep,4345
sweep,3438
sweep,2972
sweep,3120
sweep,3070
sweep,3097
sweep,2768
sweep,3226
sweep,2677
sweep,3312
sweep,2642
sweep,3147
sweep,3748
sweep,3001
sweep,2615
sweep,2944
sweep,2869
sweep,3467
sweep,2700
sweep,2722
sweep,2543
sweep,5602
sweep,8541
sweep,9019
sweep,13476
sweep,7966
sweep,6352
sweep,7523
sweep,4048
sweep,4465
sweep,4876
sweep,6210
sweep,5873
sweep,5954
sweep,234
mark,1033606
sweep,4769
sweep,3951
sweep,3947
sweep,4151
sweep,3691
sweep,3966
sweep,3855
sweep,3327
sweep,2783
sweep,3347
sweep,3074
sweep,2804
sweep,2666
sweep,2812
sweep,2705
sweep,2977
sweep,3126
sweep,2944
sweep,3220
sweep,3313
sweep,2362
sweep,2526
sweep,3851
sweep,2383
sweep,3105
sweep,1913
sweep,3493
sweep,3588
sweep,4220
sweep,3627
sweep,3129
sweep,3195
sweep,2973
sweep,3147
sweep,2823
sweep,3228
sweep,2879
sweep,2973
sweep,2819
sweep,2659
sweep,3814
sweep,2888
sweep,2947
sweep,2973
sweep,3146
sweep,3485
sweep,2770
sweep,2574
sweep,2428
sweep,3437
sweep,3957
sweep,3908
sweep,4504
sweep,5843
sweep,8425
sweep,6539
sweep,8816
sweep,8298
sweep,8521
sweep,8267
sweep,7650
sweep,7689
sweep,837
mark,1028919
sweep,4690
sweep,3808
sweep,3809
sweep,4099
sweep,3668
sweep,4397
sweep,3673
sweep,3105
sweep,3095
sweep,3573
sweep,3016
sweep,2704
sweep,2720
sweep,2963
sweep,2539
sweep,2764
sweep,3266
sweep,3240
sweep,2995
sweep,3775
sweep,2338
sweep,2614
sweep,3731
sweep,2666
sweep,3775
sweep,2026
sweep,3312
sweep,3684
sweep,4374
sweep,3562
sweep,3059
sweep,3064
sweep,2818
sweep,3567
sweep,2746
sweep,3083
sweep,3055
sweep,3323
sweep,2682
sweep,2605
sweep,3749
sweep,2667
sweep,2689
sweep,3556
sweep,2828
sweep,3461
sweep,2946
sweep,2555
sweep,2468
sweep,5551
sweep,8630
sweep,8457
sweep,8693
sweep,8359
sweep,6367
sweep,7506
sweep,4342
sweep,4337
sweep,4542
sweep,6302
sweep,5627
sweep,6052
sweep,236
mark,1027799
sweep,4676
sweep,4259
sweep,4164
sweep,4157
sweep,3720
sweep,4045
sweep,3817
sweep,3047
sweep,2910
sweep,3104
sweep,3019
sweep,2982
sweep,2673
sweep,2916
sweep,2840
sweep,2751
sweep,3395
sweep,3006
sweep,3236
sweep,3263
sweep,2354
sweep,2640
sweep,3696
sweep,2329
sweep,3096
sweep,1924
sweep,3320
sweep,3611
sweep,4426
sweep,3550
sweep,3142
sweep,3408
sweep,3384
sweep,3304
sweep,2792
sweep,3533
sweep,2794
sweep,3182
sweep,2783
sweep,2542
sweep,3790
sweep,2870
sweep,2691
sweep,3292
sweep,2914
sweep,3416
sweep,2973
sweep,2642
sweep,2483
sweep,3758
sweep,4138
sweep,4016
sweep,4100
sweep,6358
sweep,7644
sweep,5958
sweep,8773
sweep,8355
sweep,8727
sweep,8326
sweep,7344
sweep,7548
sweep,790
mark,1032083
sweep,4600
sweep,3719
sweep,4482
sweep,4387
sweep,3909
sweep,4357
sweep,3737
sweep,3288
sweep,3036
sweep,3294
sweep,2880
sweep,2805
sweep,2718
sweep,3003
sweep,2679
sweep,2831
sweep,3474
sweep,3316
sweep,3194
sweep,3613
sweep,2598
sweep,2600
sweep,3783
sweep,2598
sweep,3193
sweep,1892
sweep,3852
sweep,3919
sweep,4348
sweep,3792
sweep,3047
sweep,3592
sweep,2899
sweep,3226
sweep,2832
sweep,3330
sweep,3128
sweep,3105
sweep,2645
sweep,2773
sweep,3741
sweep,3063
sweep,2643
sweep,2967
sweep,3193
sweep,3405
sweep,2881
sweep,2548
sweep,2487
sweep,5788
sweep,9031
sweep,8559
sweep,8907
sweep,7919
sweep,6016
sweep,7721
sweep,3981
sweep,4304
sweep,4814
sweep,6145
sweep,5835
sweep,6204
sweep,232
mark,1039362
sweep,5089
sweep,3827
sweep,3857
sweep,4000
sweep,3534
sweep,4281
sweep,3580
sweep,3031
sweep,2862
sweep,3087
sweep,3182
sweep,2724
sweep,2648
sweep,3164
sweep,2769
sweep,2926
sweep,3267
sweep,2996
sweep,3412
sweep,3449
sweep,2381
sweep,2559
sweep,4080
sweep,2634
sweep,3101
sweep,2382
sweep,3601
sweep,3903
sweep,4140
sweep,3399
sweep,3076
sweep,3272
sweep,2834
sweep,3306
sweep,2912
sweep,3475
sweep,2809
sweep,3009
sweep,2472
sweep,3139
sweep,3732
sweep,2606
sweep,2564
sweep,2925
sweep,2943
sweep,3437
sweep,3014
sweep,2589
sweep,2513
sweep,3500
sweep,3990
sweep,4168
sweep,4446
sweep,5516
sweep,7678
sweep,5849
sweep,9266
sweep,8156
sweep,8173
sweep,8222
sweep,7612
sweep,7533
sweep,827
mark,1031770
sweep,4894
sweep,3964
sweep,4391
sweep,4062
sweep,3618
sweep,3993
sweep,3528
sweep,3118
sweep,2908
sweep,3218
sweep,2997
sweep,2973
sweep,2683
sweep,3103
sweep,2604
sweep,2715
sweep,3488
sweep,2904
sweep,2976
sweep,3309
sweep,2378
sweep,2451
sweep,3800
sweep,2393
sweep,3173
sweep,1870
sweep,3607
sweep,3727
sweep,4825
sweep,3499
sweep,3030
sweep,3004
sweep,3280
sweep,3258
sweep,2715
sweep,3179
sweep,3027
sweep,3256
sweep,2635
sweep,2595
sweep,4157
sweep,2647
sweep,2696
sweep,3006
sweep,3118
sweep,3659
sweep,2731
sweep,2544
sweep,2489
sweep,5316
sweep,8664
sweep,8408
sweep,8402
sweep,8068
sweep,6526
sweep,7086
sweep,3931
sweep,4337
sweep,4420
sweep,5656
sweep,6113
sweep,6012
sweep,225
mark,1023961
sweep,4595
sweep,3699
sweep,3827
sweep,4325
sweep,3512
sweep,4045
sweep,3513
sweep,3590
sweep,2794
sweep,3501
sweep,3129
sweep,2718
sweep,2839
sweep,2854
sweep,2575
sweep,3118
sweep,3341
sweep,6473
sweep,2985
sweep,3515
sweep,2550
sweep,2423
sweep,3780
sweep,2360
sweep,3192
sweep,1916
sweep,3595
sweep,3864
sweep,4100
sweep,3404
sweep,3014
sweep,2928
sweep,3137
sweep,3069
sweep,2759
sweep,3208
sweep,2798
sweep,3161
sweep,2684
sweep,2839
sweep,3638
sweep,2737
sweep,2915
sweep,2893
sweep,2824
sweep,3437
sweep,2800
sweep,2651
sweep,10853
sweep,3923
sweep,4193
sweep,4056
sweep,4511
sweep,5726
sweep,8182
sweep,5875
sweep,8380
sweep,8268
sweep,8333
sweep,7053
sweep,6993
sweep,7357
sweep,778
mark,1029550
sweep,5063
sweep,4038
sweep,3897
sweep,4104
sweep,3848
sweep,4243
sweep,4072
sweep,3252
sweep,2956
sweep,3536
sweep,3064
sweep,2774
sweep,2870
sweep,2837
sweep,2903
sweep,2609
sweep,3541
sweep,3007
sweep,3520
sweep,3366
sweep,2334
sweep,2643
sweep,3844
sweep,2488
sweep,3396
sweep,1887
sweep,3468
sweep,3901
sweep,4348
sweep,3692
sweep,3240
sweep,3526
sweep,3067
sweep,3080
sweep,2923
sweep,2974
sweep,3010
sweep,3192
sweep,2684
sweep,3050
sweep,4064
sweep,2995
sweep,2915
sweep,2883
sweep,3092
sweep,3434
sweep,2753
sweep,2690
sweep,2431
sweep,5397
sweep,8703
sweep,8091
sweep,8422
sweep,7890
sweep,6074
sweep,7336
sweep,4206
sweep,4419
sweep,4526
sweep,5927
sweep,5554
sweep,5753
sweep,235
mark,1026341
sweep,5067
sweep,3740
sweep,3912
sweep,4141
sweep,3678
sweep,4165
sweep,3545
sweep,3589
sweep,2770
sweep,3507
sweep,3047
sweep,2767
sweep,2604
sweep,3103
sweep,2576
sweep,3007
sweep,3184
sweep,2947
sweep,3069
sweep,3322
sweep,2245
sweep,2611
sweep,4079
sweep,2599
sweep,3061
sweep,1888
sweep,3391
sweep,3635
sweep,4490
sweep,3618
sweep,3558
sweep,3280
sweep,2961
sweep,3070
sweep,3003
sweep,3536
sweep,2792
sweep,3098
sweep,2513
sweep,2704
sweep,3718
sweep,2822
sweep,3119
sweep,3322
sweep,3158
sweep,3338
sweep,2818
sweep,2477
sweep,2901
sweep,3566
sweep,4039
sweep,3934
sweep,4391
sweep,5952
sweep,8447
sweep,6437
sweep,8724
sweep,8328
sweep,8271
sweep,7915
sweep,7526
sweep,7426
sweep,826
mark,1032819
sweep,4866
sweep,4338
sweep,4226
sweep,3933
sweep,3860
sweep,4172
sweep,3663
sweep,3067
sweep,2801
sweep,3504
sweep,3425
sweep,2727
sweep,2694
sweep,3046
sweep,2613
sweep,2878
sweep,3300
sweep,3206
sweep,2998
sweep,3550
sweep,2458
sweep,2612
sweep,4087
sweep,2485
sweep,3077
sweep,1943
sweep,3443
sweep,3789
sweep,4362
sweep,3963
sweep,3534
sweep,3279
sweep,3278
sweep,3128
sweep,2827
sweep,3387
sweep,2733
sweep,3202
sweep,2663
sweep,2729
sweep,3718
sweep,2822
sweep,2866
sweep,3120
sweep,2773
sweep,3351
sweep,3195
sweep,2422
sweep,2472
sweep,5609
sweep,9195
sweep,8763
sweep,8677
sweep,8393
sweep,5870
sweep,7351
sweep,4235
sweep,4337
sweep,5024
sweep,6205
sweep,5967
sweep,5814
sweep,218
mark,1075937
sweep,4745
sweep,4028
sweep,4279
sweep,4046
sweep,3598
sweep,3999
sweep,3495
sweep,3145
sweep,3074
sweep,3580
sweep,3084
sweep,2854
sweep,2708
sweep,2852
sweep,2587
sweep,2862
sweep,3227
sweep,3219
sweep,3009
sweep,3371
sweep,2415
sweep,2531
sweep,3715
sweep,2552
sweep,3035
sweep,1947
sweep,3519
sweep,3818
sweep,4883
sweep,3701
sweep,3168
sweep,2962
sweep,3503
sweep,3499
sweep,2790
sweep,3442
sweep,2799
sweep,3054
sweep,2599
sweep,2834
sweep,3842
sweep,3124
sweep,2936
sweep,3056
sweep,3228
sweep,3549
sweep,2700
sweep,2523
sweep,2526
sweep,3499
sweep,3896
sweep,4246
sweep,4162
sweep,6212
sweep,7593
sweep,6113
sweep,9350
sweep,8327
sweep,8137
sweep,8180
sweep,7595
sweep,7678
sweep,781
mark,1028214
sweep,4535
sweep,4080
sweep,4248
sweep,4379
sweep,3911
sweep,3992
sweep,3585
sweep,3078
sweep,3105
sweep,3463
sweep,3278
sweep,2976
sweep,2535
sweep,3217
sweep,2633
sweep,2799
sweep,3560
sweep,3054
sweep,3018
sweep,3624
sweep,2341
sweep,2425
sweep,3826
sweep,2359
sweep,3646
sweep,2222
sweep,3404
sweep,3660
sweep,4229
sweep,3395
sweep,3317
sweep,2930
sweep,2901
sweep,3127
sweep,3081
sweep,3515
sweep,2804
sweep,3228
sweep,2825
sweep,2775
sweep,3554
sweep,2923
sweep,2743
sweep,3366
sweep,2876
sweep,3790
sweep,2780
sweep,2436
sweep,2447
sweep,5554
sweep,9159
sweep,8965
sweep,8650
sweep,8409
sweep,6411
sweep,7444
sweep,4049
sweep,4529
sweep,4826
sweep,6300
sweep,5957
sweep,5601
sweep,223
mark,1030646
sweep,4755
sweep,4174
sweep,4078
sweep,4233
sweep,3717
sweep,4092
sweep,4187
sweep,3149
sweep,3118
sweep,3108
sweep,3043
sweep,3001
sweep,2909
sweep,2878
sweep,2621
sweep,2755
sweep,3471
sweep,3225
sweep,3035
sweep,3694
sweep,2336
sweep,2495
sweep,3771
sweep,2313
sweep,3550
sweep,1892
sweep,3342
sweep,3970
sweep,4271
sweep,3416
sweep,3477
sweep,3141
sweep,2875
sweep,3180
sweep,2888
sweep,3379
sweep,2845
sweep,3080
sweep,2784
sweep,2787
sweep,3688
sweep,2677
sweep,2920
sweep,2946
sweep,2843
sweep,3490
sweep,2750
sweep,2793
sweep,2503
sweep,3736
sweep,3945
sweep,4330
sweep,4301
sweep,5679
sweep,7748
sweep,6239
sweep,9046
sweep,7979
sweep,8491
sweep,7309
sweep,7361
sweep,7033
sweep,832
mark,1035210
sweep,4690
sweep,3803
sweep,3919
sweep,3994
sweep,3793
sweep,4055
sweep,3746
sweep,3142
sweep,2886
sweep,3351
sweep,3288
sweep,2772
sweep,2566
sweep,2852
sweep,2948
sweep,2708
sweep,3277
sweep,2898
sweep,2987
sweep,3654
sweep,2283
sweep,2680
sweep,4012
sweep,2422
sweep,3788
sweep,2165
sweep,3359
sweep,3673
sweep,4399
sweep,3503
sweep,3151
sweep,3011
sweep,2990
sweep,3027
sweep,2977
sweep,3165
sweep,2802
sweep,3178
sweep,2481
sweep,2653
sweep,3901
sweep,2950
sweep,2998
sweep,3122
sweep,3102
sweep,3517
sweep,2826
sweep,2551
sweep,2480
sweep,5867
sweep,8728
sweep,8519
sweep,8847
sweep,8399
sweep,5746
sweep,7797
sweep,4027
sweep,4209
sweep,5107
sweep,6348
sweep,5892
sweep,5813
sweep,224
mark,1024581
sweep,4693
sweep,4231
sweep,4646
sweep,3980
sweep,3773
sweep,3943
sweep,3731
sweep,3058
sweep,3174
sweep,3474
sweep,3104
sweep,3092
sweep,2832
sweep,2823
sweep,2608
sweep,2594
sweep,3212
sweep,2905
sweep,3045
sweep,4045
sweep,2489
sweep,2601
sweep,3790
sweep,2373
sweep,3385
sweep,2222
sweep,3257
sweep,3704
sweep,4308
sweep,3607
sweep,3363
sweep,3247
sweep,2786
sweep,3344
sweep,2745
sweep,3498
sweep,2778
sweep,3081
sweep,2829
sweep,2682
sweep,3926
sweep,2928
sweep,2966
sweep,3534
sweep,2987
sweep,3590
sweep,2994
sweep,2388
sweep,2766
sweep,3776
sweep,3949
sweep,4168
sweep,4106
sweep,6094
sweep,7786
sweep,6065
sweep,8913
sweep,8358
sweep,13946
sweep,7534
sweep,7716
sweep,7254
sweep,829
mark,1035597
sweep,5241
sweep,4270
sweep,4014
sweep,4005
sweep,3557
sweep,4262
sweep,3927
sweep,3117
sweep,2901
sweep,3410
sweep,3070
sweep,2724
sweep,2956
sweep,2827
sweep,2601
sweep,2787
sweep,3594
sweep,2933
sweep,3045
sweep,3465
sweep,2332
sweep,2379
sweep,4129
sweep,2471
sweep,3950
sweep,1914
sweep,3397
sweep,3727
sweep,4333
sweep,3517
sweep,3106
sweep,3081
sweep,2945
sweep,3039
sweep,2773
sweep,3489
sweep,2735
sweep,3362
sweep,2531
sweep,3098
sweep,3776
sweep,2952
sweep,2974
sweep,3452
sweep,2777
sweep,3630
sweep,2893
sweep,2445
sweep,2517
sweep,6064
sweep,8650
sweep,8603
sweep,8456
sweep,8021
sweep,6077
sweep,6944
sweep,3980
sweep,4417
sweep,4643
sweep,6079
sweep,5561
sweep,5702
sweep,227
mark,1037283
sweep,4800
sweep,3978
sweep,4213
sweep,4472
sweep,3960
sweep,4158
sweep,3795
sweep,3105
sweep,2951
sweep,3262
sweep,3256
sweep,2789
sweep,2753
sweep,2798
sweep,2833
sweep,3040
sweep,3616
sweep,3095
sweep,3061
sweep,3297
sweep,2414
sweep,2459
sweep,3684
sweep,2420
sweep,3211
sweep,1877
sweep,3412
sweep,3805
sweep,4316
sweep,3763
sweep,3050
sweep,2924
sweep,2827
sweep,3082
sweep,2768
sweep,3584
sweep,2860
sweep,3086
sweep,2474
sweep,2723
sweep,3744
sweep,2754
sweep,2626
sweep,3000
sweep,2846
sweep,3612
sweep,3147
sweep,2750
sweep,2679
sweep,3822
sweep,4054
sweep,3939
sweep,4106
sweep,5707
sweep,7961
sweep,6532
sweep,8256
sweep,8047
sweep,8451
sweep,7412
sweep,7556
sweep,7244
sweep,807
mark,1034628
sweep,4816
sweep,3768
sweep,4408
sweep,4005
sweep,3650
sweep,4028
sweep,3615
sweep,3600
sweep,3092
sweep,3052
sweep,3140
sweep,2715
sweep,2881
sweep,2844
sweep,2752
sweep,2937
sweep,3286
sweep,3056
sweep,3095
sweep,3459
sweep,2289
sweep,2428
sweep,4081
sweep,2561
sweep,3180
sweep,1983
sweep,3418
sweep,3756
sweep,4105
sweep,3724
sweep,3325
sweep,2977
sweep,3137
sweep,3003
sweep,2874
sweep,3446
sweep,2853
sweep,3209
sweep,2498
sweep,2661
sweep,3930
sweep,2614
sweep,2733
sweep,3404
sweep,2773
sweep,3656
sweep,2564
sweep,2527
sweep,2568
sweep,5535
sweep,8702
sweep,8640
sweep,8546
sweep,7898
sweep,6145
sweep,7296
sweep,4314
sweep,4300
sweep,4266
sweep,6064
sweep,5635
sweep,5754
sweep,228
mark,1033723
sweep,4852
sweep,3888
sweep,3898
sweep,4178
sweep,3827
sweep,4123
sweep,3558
sweep,3418
sweep,2976
sweep,3071
sweep,3341
sweep,2790
sweep,2674
sweep,2761
sweep,2493
sweep,2826
sweep,3400
sweep,3369
sweep,3316
sweep,3508
sweep,2304
sweep,2497
sweep,3920
sweep,2366
sweep,3116
sweep,1914
sweep,3414
sweep,3761
sweep,4239
sweep,3348
sweep,3043
sweep,2910
sweep,3500
sweep,3166
sweep,2718
sweep,3406
sweep,2788
sweep,3179
sweep,2600
sweep,2636
sweep,3765
sweep,3381
sweep,3105
sweep,3142
sweep,2771
sweep,3433
sweep,2737
sweep,2562
sweep,2785
sweep,3469
sweep,4110
sweep,3935
sweep,4396
sweep,5923
sweep,8134
sweep,6936
sweep,8284
sweep,8305
sweep,8516
sweep,7367
sweep,7129
sweep,7186
sweep,842
mark,1036520
sweep,4699
sweep,4073
sweep,4021
sweep,4152
sweep,3577
sweep,4544
sweep,3774
sweep,3082
sweep,2835
sweep,3261
sweep,2906
sweep,3261
sweep,2727
sweep,2852
sweep,2695
sweep,2834
sweep,3373
sweep,3092
sweep,3223
sweep,3410
sweep,2325
sweep,2448
sweep,3917
sweep,2684
sweep,3057
sweep,1918
sweep,3537
sweep,3889
sweep,4230
sweep,3550
sweep,3090
sweep,2930
sweep,3145
sweep,3269
sweep,3017
sweep,3107
sweep,2906
sweep,3336
sweep,2860
sweep,2617
sweep,3963
sweep,2656
sweep,2787
sweep,2924
sweep,2801
sweep,3669
sweep,2964
sweep,2867
sweep,2470
sweep,5287
sweep,8684
sweep,8687
sweep,8492
sweep,8560
sweep,5931
sweep,6873
sweep,4364
sweep,4316
sweep,4794
sweep,6104
sweep,5847
sweep,5879
sweep,227
mark,1028720
sweep,5047
sweep,4006
sweep,3964
sweep,4632
sweep,3969
sweep,4031
sweep,3561
sweep,3048
sweep,2765
sweep,3211
sweep,3363
sweep,2793
sweep,3017
sweep,3071
sweep,2564
sweep,2885
sweep,3156
sweep,3033
sweep,2976
sweep,3564
sweep,2660
sweep,2979
sweep,3736
sweep,2400
sweep,3302
sweep,1976
sweep,3666
sweep,3889
sweep,4214
sweep,3742
sweep,3469
sweep,3118
sweep,2930
sweep,2951
sweep,2802
sweep,3371
sweep,2971
sweep,2920
sweep,2903
sweep,2704
sweep,3889
sweep,2593
sweep,2687
sweep,3165
sweep,3099
sweep,3538
sweep,2778
sweep,2621
sweep,2453
sweep,3842
sweep,3955
sweep,4096
sweep,4208
sweep,5964
sweep,7750
sweep,5923
sweep,8610
sweep,8490
sweep,8665
sweep,8262
sweep,7431
sweep,7477
sweep,837
mark,1030224
sweep,4601
sweep,3884
sweep,3963
sweep,3916
sweep,3675
sweep,4218
sweep,3934
sweep,3162
sweep,3115
sweep,3107
sweep,3178
sweep,2697
sweep,2829
sweep,2960
sweep,2916
sweep,2706
sweep,3477
sweep,2897
sweep,2983
sweep,3461
sweep,2603
sweep,2516
sweep,3998
sweep,2393
sweep,3665
sweep,2014
sweep,3483
sweep,3827
sweep,4462
sweep,3520
sweep,3134
sweep,3057
sweep,2874
sweep,2986
sweep,2793
sweep,3507
sweep,2747
sweep,3351
sweep,2633
sweep,2833
sweep,3915
sweep,2679
sweep,2741
sweep,3167
sweep,2840
sweep,3622
sweep,2772
sweep,2605
sweep,2448
sweep,5315
sweep,8867
sweep,8476
sweep,8395
sweep,7914
sweep,6550
sweep,6998
sweep,4069
sweep,4514
sweep,4759
sweep,6335
sweep,5762
sweep,6301
sweep,245
mark,1023747
sweep,4821
sweep,4422
sweep,4359
sweep,9078
sweep,3827
sweep,4059
sweep,3551
sweep,3342
sweep,3249
sweep,3067
sweep,3156
sweep,2737
sweep,3019
sweep,3075
sweep,2741
sweep,3000
sweep,3205
sweep,2796
sweep,3067
sweep,3633
sweep,2706
sweep,2526
sweep,3711
sweep,2320
sweep,3146
sweep,2185
sweep,3618
sweep,3719
sweep,4090
sweep,3899
sweep,3438
sweep,3113
sweep,2916
sweep,3059
sweep,3307
sweep,3291
sweep,3059
sweep,3491
sweep,2535
sweep,3186
sweep,4032
sweep,2956
sweep,2878
sweep,3011
sweep,3153
sweep,3619
sweep,2883
sweep,2802
sweep,2684
sweep,3443
sweep,3976
sweep,4032
sweep,4414
sweep,6035
sweep,7813
sweep,6274
sweep,8504
sweep,8512
sweep,8765
sweep,8212
sweep,7630
sweep,7237
sweep,788
mark,1040286
sweep,4801
sweep,4253
sweep,4048
sweep,4259
sweep,3743
sweep,4161
sweep,3697
sweep,3112
sweep,2914
sweep,3137
sweep,3094
sweep,3047
sweep,2811
sweep,3165
sweep,3106
sweep,2722
sweep,3187
sweep,3048
sweep,3305
sweep,3537
sweep,2400
sweep,2579
sweep,3933
sweep,2620
sweep,3190
sweep,2035
sweep,3411
sweep,3932
sweep,4329
sweep,3359
sweep,3060
sweep,3034
sweep,2867
sweep,3068
sweep,2785
sweep,3412
sweep,3262
sweep,3296
sweep,2620
sweep,3169
sweep,3647
sweep,2759
sweep,2975
sweep,3020
sweep,3299
sweep,3819
sweep,2615
sweep,2535
sweep,2530
sweep,5563
sweep,9434
sweep,8656
sweep,8741
sweep,8040
sweep,5686
sweep,7384
sweep,4017
sweep,4348
sweep,4583
sweep,6278
sweep,5908
sweep,6018
sweep,217
mark,1026998
sweep,4621
sweep,4200
sweep,4348
sweep,4324
sweep,3950
sweep,4228
sweep,3938
sweep,3038
sweep,3001
sweep,3544
sweep,3433
sweep,2761
sweep,2823
sweep,2849
sweep,2684
sweep,2774
sweep,3841
sweep,2996
sweep,3048
sweep,3481
sweep,2339
sweep,2502
sweep,3949
sweep,2359
sweep,3055
sweep,1974
sweep,3376
sweep,3950
sweep,4509
sweep,3735
sweep,3285
sweep,2924
sweep,2987
sweep,3104
sweep,3138
sweep,3668
sweep,3012
sweep,3113
sweep,2779
sweep,2825
sweep,3734
sweep,3249
sweep,2768
sweep,3018
sweep,2771
sweep,3396
sweep,2924
sweep,2475
sweep,2705
sweep,3607
sweep,4124
sweep,3988
sweep,4200
sweep,5616
sweep,8295
sweep,6427
sweep,9293
sweep,8186
sweep,8934
sweep,7472
sweep,7772
sweep,7097
sweep,824
mark,1031522
sweep,4801
sweep,3847
sweep,3986
sweep,4128
sweep,3618
sweep,4111
sweep,3593
sweep,3443
sweep,2857
sweep,3424
sweep,3272
sweep,2751
sweep,2702
sweep,2788
sweep,2877
sweep,2973
sweep,3685
sweep,2925
sweep,3001
sweep,3605
sweep,2355
sweep,2529
sweep,3895
sweep,2357
sweep,3844
sweep,1931
sweep,3487
sweep,3635
sweep,4640
sweep,3532
sweep,3097
sweep,3070
sweep,3463
sweep,3061
sweep,2730
sweep,3458
sweep,2665
sweep,3278
sweep,2464
sweep,2693
sweep,3764
sweep,2911
sweep,2679
sweep,2933
sweep,2833
sweep,3444
sweep,2970
sweep,2470
sweep,2721
sweep,5507
sweep,9194
sweep,8479
sweep,8606
sweep,8150
sweep,6172
sweep,7491
sweep,4150
sweep,4245
sweep,5028
sweep,6328
sweep,5691
sweep,5959
sweep,242
mark,1029479
sweep,5047
sweep,3898
sweep,3998
sweep,3918
sweep,3929
sweep,4174
sweep,3774
sweep,3096
sweep,2888
sweep,3222
sweep,3090
sweep,2846
sweep,2986
sweep,2893
sweep,2755
sweep,2670
sweep,3309
sweep,2874
sweep,3030
sweep,3407
sweep,2408
sweep,2395
sweep,3744
sweep,2639
sweep,3070
sweep,1933
sweep,3356
sweep,3878
sweep,4355
sweep,3382
sweep,3237
sweep,3272
sweep,2873
sweep,3040
sweep,2760
sweep,3374
sweep,2742
sweep,3210
sweep,2590
sweep,3083
sweep,4102
sweep,2768
sweep,3266
sweep,3120
sweep,2760
sweep,3488
sweep,2904
sweep,11274
sweep,2790
sweep,3847
sweep,3939
sweep,4082
sweep,3979
sweep,6052
sweep,7692
sweep,6348
sweep,8624
sweep,9061
sweep,8451
sweep,7456
sweep,8264
sweep,7374
sweep,920
mark,1068269
sweep,5082
sweep,4056
sweep,3909
sweep,3960
sweep,3822
sweep,4134
sweep,3706
sweep,3427
sweep,3061
sweep,3502
sweep,2925
sweep,3157
sweep,2801
sweep,2728
sweep,3137
sweep,2887
sweep,3264
sweep,3076
sweep,3220
sweep,3353
sweep,2408
sweep,2337
sweep,3830
sweep,2649
sweep,3052
sweep,1891
sweep,3558
sweep,3788
sweep,4236
sweep,3552
sweep,3035
sweep,3087
sweep,2860
sweep,3016
sweep,2746
sweep,3159
sweep,2805
sweep,3070
sweep,2595
sweep,2681
sweep,4002
sweep,2930
sweep,2890
sweep,3307
sweep,3158
sweep,3513
sweep,2906
sweep,2571
sweep,2725
sweep,5786
sweep,8802
sweep,8997
sweep,8866
sweep,8434
sweep,5610
sweep,6911
sweep,3915
sweep,4369
sweep,4833
sweep,6304
sweep,5910
sweep,5841
sweep,222
mark,1030153
sweep,4904
sweep,3783
sweep,4124
sweep,4559
sweep,3626
sweep,4129
sweep,3521
sweep,3037
sweep,2857
sweep,3076
sweep,3129
sweep,2743
sweep,2845
sweep,2888
sweep,2470
sweep,2754
sweep,3449
sweep,2929
sweep,2887
sweep,3280
sweep,2390
sweep,2452
sweep,3799
sweep,2724
sweep,3052
sweep,2063
sweep,3481
sweep,3767
sweep,4157
sweep,3463
sweep,3047
sweep,3040
sweep,2875
sweep,3109
sweep,2838
sweep,3476
sweep,2750
sweep,3011
sweep,2516
sweep,2714
sweep,3600
sweep,2738
sweep,2628
sweep,3056
sweep,2829
sweep,3406
sweep,2909
sweep,2612
sweep,2407
sweep,3800
sweep,4090
sweep,4316
sweep,4077
sweep,5631
sweep,7856
sweep,6414
sweep,8403
sweep,8522
sweep,8123
sweep,7182
sweep,7123
sweep,6945
sweep,830
mark,1044882
sweep,4640
sweep,3980
sweep,4026
sweep,4129
sweep,3694
sweep,4154
sweep,3960
sweep,3323
sweep,2892
sweep,3165
sweep,2865
sweep,3127
sweep,2738
sweep,3006
sweep,2967
sweep,2809
sweep,3283
sweep,3082
sweep,2959
sweep,3960
sweep,2404
sweep,2398
sweep,4005
sweep,2461
sweep,3386
sweep,2211
sweep,3533
sweep,3639
sweep,4228
sweep,3757
sweep,3101
sweep,2921
sweep,2847
sweep,3355
sweep,2832
sweep,3193
sweep,2902
sweep,3240
sweep,2528
sweep,2772
sweep,3833
sweep,2675
sweep,2956
sweep,2897
sweep,3208
sweep,3737
sweep,2760
sweep,2502
sweep,2553
sweep,5437
sweep,8734
sweep,8701
sweep,8720
sweep,8447
sweep,6257
sweep,7087
sweep,4376
sweep,4490
sweep,4324
sweep,6191
sweep,5870
sweep,6139
sweep,240
mark,1030585
sweep,4818
sweep,3949
sweep,3847
sweep,4384
sweep,4066
sweep,3989
sweep,3639
sweep,3086
sweep,2773
sweep,3337
sweep,3427
sweep,2692
sweep,2940
sweep,2900
sweep,2663
sweep,2842
sweep,3481
sweep,3355
sweep,2859
sweep,3532
sweep,2315
sweep,2655
sweep,3750
sweep,2311
sweep,3592
sweep,2095
sweep,3476
sweep,3664
sweep,4291
sweep,3358
sweep,3072
sweep,3075
sweep,3435
sweep,3004
sweep,2980
sweep,3532
sweep,2768
sweep,3391
sweep,2782
sweep,2686
sweep,3920
sweep,2675
sweep,2808
sweep,3179
sweep,2931
sweep,3437
sweep,3150
sweep,2474
sweep,2499
sweep,3864
sweep,3969
sweep,4014
sweep,4462
sweep,5683
sweep,8239
sweep,6962
sweep,8821
sweep,8637
sweep,8340
sweep,8255
sweep,7334
sweep,7784
sweep,781
mark,1028368
sweep,4792
sweep,4200
sweep,3958
sweep,4291
sweep,3789
sweep,3965
sweep,3683
sweep,3086
sweep,2829
sweep,3397
sweep,3019
sweep,2686
sweep,2691
sweep,2814
sweep,2624
sweep,2813
sweep,3486
sweep,2952
sweep,2980
sweep,3440
sweep,2571
sweep,2475
sweep,3764
sweep,2621
sweep,3163
sweep,2207
sweep,3520
sweep,3681
sweep,4517
sweep,3829
sweep,3421
sweep,3254
sweep,3252
sweep,3161
sweep,2744
sweep,3208
sweep,3060
sweep,3266
sweep,2452
sweep,2704
sweep,3757
sweep,2562
sweep,2904
sweep,3100
sweep,2908
sweep,3418
sweep,2767
sweep,2772
sweep,2619
sweep,5555
sweep,8815
sweep,8430
sweep,8695
sweep,7817
sweep,6310
sweep,7330
sweep,4130
sweep,4325
sweep,5122
sweep,6235
sweep,5944
sweep,5760
sweep,240
mark,1026577
sweep,4805
sweep,4053
sweep,4303
sweep,4345
sweep,3924
sweep,4249
sweep,3667
sweep,3017
sweep,2836
sweep,3061
sweep,3380
sweep,3017
sweep,2659
sweep,2865
sweep,2592
sweep,2887
sweep,3217
sweep,2996
sweep,2977
sweep,3446
sweep,2582
sweep,2743
sweep,4060
sweep,2369
sweep,3145
sweep,2174
sweep,3507
sweep,3585
sweep,4273
sweep,3347
sweep,3289
sweep,3011
sweep,2910
sweep,3114
sweep,2748
sweep,3561
sweep,3162
sweep,3026
sweep,2561
sweep,2788
sweep,3848
sweep,2655
sweep,2752
sweep,3496
sweep,3215
sweep,3530
sweep,2919
sweep,2638
sweep,2541
sweep,3486
sweep,3836
sweep,4100
sweep,4419
sweep,5758
sweep,8459
sweep,6387
sweep,8885
sweep,8674
sweep,9050
sweep,7156
sweep,7284
sweep,7209
sweep,841
mark,1042488
sweep,5010
sweep,4142
sweep,4126
sweep,4058
sweep,3894
sweep,4220
sweep,3680
sweep,3191
sweep,3124
sweep,3329
sweep,3171
sweep,2721
sweep,2702
sweep,2846
sweep,2855
sweep,2638
sweep,3342
sweep,2890
sweep,3066
sweep,3388
sweep,2292
sweep,2475
sweep,3968
sweep,2418
sweep,3070
sweep,2253
sweep,3474
sweep,3845
sweep,4173
sweep,3357
sweep,3120
sweep,2989
sweep,2936
sweep,3128
sweep,2835
sweep,3582
sweep,2788
sweep,2955
sweep,2379
sweep,2745
sweep,3901
sweep,2767
sweep,2669
sweep,3179
sweep,2977
sweep,3691
sweep,2976
sweep,2698
sweep,2514
sweep,5721
sweep,9180
sweep,8734
sweep,8522
sweep,8436
sweep,5639
sweep,7180
sweep,4234
sweep,4640
sweep,4909
sweep,6342
sweep,5835
sweep,5872
sweep,212
mark,1028046
sweep,4644
sweep,3804
sweep,3989
sweep,3969
sweep,3793
sweep,4391
sweep,3479
sweep,3331
sweep,2822
sweep,3040
sweep,3199
sweep,3007
sweep,2675
sweep,2899
sweep,2862
sweep,2579
sweep,3614
sweep,2874
sweep,3139
sweep,3281
sweep,2352
sweep,2563
sweep,4059
sweep,2261
sweep,3038
sweep,1933
sweep,3575
sweep,3660
sweep,4230
sweep,3487
sweep,3370
sweep,3087
sweep,3219
sweep,3116
sweep,2766
sweep,3548
sweep,2916
sweep,3073
sweep,2866
sweep,2921
sweep,3703
sweep,2632
sweep,2685
sweep,2866
sweep,2830
sweep,3537
sweep,2740
sweep,2428
sweep,2764
sweep,3387
sweep,4076
sweep,3980
sweep,4346
sweep,5750
sweep,8390
sweep,6440
sweep,8626
sweep,8155
sweep,8389
sweep,7392
sweep,7121
sweep,7186
sweep,831
mark,1028335
sweep,4578
sweep,4176
sweep,3941
sweep,4286
sweep,3846
sweep,4295
sweep,3919
sweep,3414
sweep,3093
sweep,3202
sweep,3041
sweep,2760
sweep,2641
sweep,3172
sweep,3076
sweep,2692
sweep,3280
sweep,2974
sweep,2939
sweep,3702
sweep,2359
sweep,2607
sweep,3818
sweep,2496
sweep,3410
sweep,2445
sweep,3484
sweep,3809
sweep,4713
sweep,3541
sweep,3015
sweep,3403
sweep,2870
sweep,3318
sweep,2815
sweep,3339
sweep,2928
sweep,2984
sweep,2532
sweep,2624
sweep,3772
sweep,2833
sweep,2723
sweep,2896
sweep,3024
sweep,3663
sweep,3261
sweep,2633
sweep,2496
sweep,5757
sweep,8926
sweep,8391
sweep,8455
sweep,8203
sweep,6215
sweep,7607
sweep,3990
sweep,4601
sweep,4897
sweep,5836
sweep,5956
sweep,5906
sweep,255
mark,1031064
sweep,4616
sweep,3745
sweep,4111
sweep,4208
sweep,3823
sweep,4299
sweep,3809
sweep,3048
sweep,2990
sweep,3373
sweep,3168
sweep,2995
sweep,2874
sweep,2865
sweep,2960
sweep,2983
sweep,3542
sweep,3012
sweep,3157
sweep,3516
sweep,2500
sweep,2568
sweep,3728
sweep,2584
sweep,3645
sweep,2146
sweep,3573
sweep,3644
sweep,4447
sweep,3679
sweep,3147
sweep,3019
sweep,2963
sweep,2993
sweep,2770
sweep,3478
sweep,2896
sweep,3233
sweep,2796
sweep,2674
sweep,3818
sweep,2699
sweep,2778
sweep,3008
sweep,2863
sweep,3511
sweep,2746
sweep,2592
sweep,2631
sweep,3673
sweep,4097
sweep,4141
sweep,4195
sweep,5724
sweep,8115
sweep,6376
sweep,8604
sweep,8357
sweep,8512
sweep,7437
sweep,7707
sweep,7068
sweep,826
mark,1029715
sweep,5086
sweep,3999
sweep,4065
sweep,4015
sweep,3922
sweep,4556
sweep,3891
sweep,3136
sweep,2852
sweep,3665
sweep,3450
sweep,3196
sweep,2821
sweep,2824
sweep,2667
sweep,2733
sweep,3535
sweep,2933
sweep,2922
sweep,3271
sweep,2575
sweep,2428
sweep,3706
sweep,2739
sweep,3050
sweep,2097
sweep,3422
sweep,3624
sweep,4370
sweep,3492
sweep,3299
sweep,3465
sweep,3556
sweep,3102
sweep,2926
sweep,3398
sweep,2706
sweep,3202
sweep,2741
sweep,2637
sweep,3886
sweep,3089
sweep,2722
sweep,3362
sweep,3019
sweep,3696
sweep,3030
sweep,2609
sweep,2514
sweep,5546
sweep,9073
sweep,8596
sweep,8430
sweep,8162
sweep,5901
sweep,7352
sweep,4052
sweep,4374
sweep,4367
sweep,5575
sweep,5839
sweep,5879
sweep,234
mark,1027262
sweep,4714
sweep,4247
sweep,4421
sweep,4087
sweep,3834
sweep,4041
sweep,3558
sweep,3215
sweep,3025
sweep,2997
sweep,3367
sweep,2793
sweep,2931
sweep,3112
sweep,2870
sweep,2643
sweep,3404
sweep,2912
sweep,3239
sweep,4028
sweep,2389
sweep,2693
sweep,3779
sweep,2488
sweep,3119
sweep,1855
sweep,3492
sweep,3762
sweep,4530
sweep,3443
sweep,3060
sweep,2996
sweep,3252
sweep,3019
sweep,2772
sweep,3247
sweep,2756
sweep,3172
sweep,2550
sweep,2666
sweep,3732
sweep,2621
sweep,2671
sweep,3373
sweep,2754
sweep,3401
sweep,2772
sweep,2730
sweep,2589
sweep,3777
sweep,4039
sweep,3920
sweep,4229
sweep,5693
sweep,8067
sweep,6909
sweep,8784
sweep,8406
sweep,9081
sweep,7365
sweep,7598
sweep,7085
sweep,823
mark,1030777
sweep,4462
sweep,3969
sweep,3993
sweep,4413
sweep,3805
sweep,4002
sweep,3661
sweep,3110
sweep,3013
sweep,3290
sweep,3013
sweep,3035
sweep,2760
sweep,2968
sweep,2634
sweep,2729
sweep,3258
sweep,3191
sweep,3158
sweep,3821
sweep,2521
sweep,2570
sweep,3928
sweep,2799
sweep,3092
sweep,2142
sweep,3398
sweep,3829
sweep,4343
sweep,3510
sweep,2998
sweep,3029
sweep,2846
sweep,3811
sweep,2837
sweep,3336
sweep,2752
sweep,3040
sweep,2518
sweep,2899
sweep,3717
sweep,2719
sweep,2820
sweep,2834
sweep,2794
sweep,3416
sweep,3036
sweep,2505
sweep,2468
sweep,5602
sweep,8983
sweep,8533
sweep,8745
sweep,7899
sweep,5754
sweep,7109
sweep,4046
sweep,4451
sweep,4334
sweep,5677
sweep,6067
sweep,6013
sweep,239
mark,1036812
sweep,4573
sweep,3940
sweep,4171
sweep,4149
sweep,3776
sweep,4151
sweep,3892
sweep,3609
sweep,3142
sweep,3241
sweep,3218
sweep,2794
sweep,2662
sweep,3038
sweep,2786
sweep,3037
sweep,3316
sweep,2864
sweep,3223
sweep,3419
sweep,2573
sweep,2466
sweep,3778
sweep,2409
sweep,3063
sweep,1923
sweep,3609
sweep,3889
sweep,4243
sweep,3669
sweep,3170
sweep,3187
sweep,3116
sweep,3236
sweep,3172
sweep,3602
sweep,2831
sweep,3014
sweep,2685
sweep,2965
sweep,3748
sweep,2804
sweep,2693
sweep,3049
sweep,3061
sweep,3395
sweep,2715
sweep,2403
sweep,2541
sweep,3401
sweep,4130
sweep,3894
sweep,4143
sweep,5796
sweep,8011
sweep,6798
sweep,8717
sweep,8575
sweep,8716
sweep,8194
sweep,7472
sweep,7522
sweep,850
mark,1033115
sweep,4709
sweep,3707
sweep,4418
sweep,3980
sweep,3629
sweep,4101
sweep,3719
sweep,3212
sweep,2870
sweep,3230
sweep,3260
sweep,3463
sweep,2932
sweep,3042
sweep,2968
sweep,3087
sweep,3304
sweep,3376
sweep,3091
sweep,3533
sweep,2351
sweep,2471
sweep,3912
sweep,2337
sweep,3069
sweep,1882
sweep,3375
sweep,3624
sweep,4512
sweep,3535
sweep,3521
sweep,3112
sweep,3012
sweep,3293
sweep,3134
sweep,3647
sweep,2863
sweep,3017
sweep,2576
sweep,2680
sweep,3691
sweep,2684
sweep,2781
sweep,3322
sweep,2724
sweep,3655
sweep,2768
sweep,2603
sweep,2566
sweep,5792
sweep,8798
sweep,8535
sweep,8401
sweep,7926
sweep,6451
sweep,6891
sweep,4322
sweep,4249
sweep,4851
sweep,6091
sweep,5832
sweep,5817
sweep,238
mark,1029696
sweep,4447
sweep,3857
sweep,3882
sweep,4339
sweep,3979
sweep,4358
sweep,3693
sweep,3589
sweep,2754
sweep,3041
sweep,3105
sweep,2805
sweep,2665
sweep,2793
sweep,2837
sweep,2786
sweep,3495
sweep,3175
sweep,2978
sweep,3620
sweep,2357
sweep,2480
sweep,4134
sweep,2438
sweep,3634
sweep,2046
sweep,3760
sweep,3752
sweep,4773
sweep,3744
sweep,3394
sweep,3013
sweep,3400
sweep,3073
sweep,3070
sweep,3196
sweep,2766
sweep,3339
sweep,2631
sweep,3286
sweep,3788
sweep,2947
sweep,2732
sweep,3217
sweep,2838
sweep,3776
sweep,2731
sweep,2445
sweep,2762
sweep,3595
sweep,3979
sweep,3989
sweep,4779
sweep,6218
sweep,8193
sweep,6057
sweep,8921
sweep,8087
sweep,8912
sweep,7170
sweep,7402
sweep,7119
sweep,931
mark,1051181
sweep,5416
sweep,3738
sweep,3965
sweep,4408
sweep,3681
sweep,4135
sweep,3968
sweep,3081
sweep,2984
sweep,3161
sweep,3357
sweep,3016
sweep,2678
sweep,2930
sweep,2757
sweep,2761
sweep,3257
sweep,3146
sweep,3298
sweep,3345
sweep,2543
sweep,2524
sweep,4301
sweep,2589
sweep,3000
sweep,1835
sweep,3435
sweep,3708
sweep,4249
sweep,3777
sweep,3154
sweep,3087
sweep,2926
sweep,3066
sweep,2827
sweep,3045
sweep,2994
sweep,2993
sweep,2448
sweep,2656
sweep,3563
sweep,2678
sweep,2649
sweep,3029
sweep,2989
sweep,3645
sweep,2674
sweep,2424
sweep,2790
sweep,5618
sweep,9056
sweep,8539
sweep,8646
sweep,7937
sweep,6046
sweep,16322
sweep,4149
sweep,4286
sweep,4664
sweep,6331
sweep,6019
sweep,5836
sweep,224
mark,1038618
sweep,4732
sweep,3919
sweep,4096
sweep,4290
sweep,3790
sweep,3946
sweep,3709
sweep,3167
sweep,2771
sweep,3187
sweep,3165
sweep,3176
sweep,2801
sweep,2749
sweep,2620
sweep,2665
sweep,3281
sweep,2898
sweep,3226
sweep,3403
sweep,2584
sweep,2416
sweep,3955
sweep,2505
sweep,3026
sweep,1974
sweep,3366
sweep,3948
sweep,4178
sweep,3726
sweep,3076
sweep,3092
sweep,2935
sweep,3103
sweep,2832
sweep,3202
sweep,2754
sweep,3319
sweep,2546
sweep,2663
sweep,3729
sweep,3008
sweep,2940
sweep,3518
sweep,2780
sweep,3389
sweep,2751
sweep,2717
sweep,2400
sweep,3502
sweep,3930
sweep,4111
sweep,4138
sweep,6335
sweep,7594
sweep,5994
sweep,8582
sweep,8270
sweep,8286
sweep,7470
sweep,7208
sweep,7057
sweep,831
mark,1041417
sweep,4954
sweep,4181
sweep,4421
sweep,3993
sweep,3632
sweep,4163
sweep,3586
sweep,3129
sweep,3138
sweep,3267
sweep,3013
sweep,2868
sweep,2693
sweep,2883
sweep,2578
sweep,2798
sweep,3311
sweep,2870
sweep,2876
sweep,3469
sweep,2539
sweep,2415
sweep,4232
sweep,2415
sweep,3261
sweep,2102
sweep,3445
sweep,3908
sweep,4495
sweep,3591
sweep,3281
sweep,3122
sweep,3402
sweep,3195
sweep,2771
sweep,2952
sweep,2779
sweep,3075
sweep,2490
sweep,2624
sweep,3940
sweep,2865
sweep,2670
sweep,2827
sweep,2738
sweep,3577
sweep,2487
sweep,2447
sweep,2487
sweep,5572
sweep,9180
sweep,9179
sweep,8522
sweep,8271
sweep,6111
sweep,7430
sweep,4416
sweep,4338
sweep,5068
sweep,6253
sweep,5660
sweep,5677
sweep,239
mark,1030020
sweep,4534
sweep,3945
sweep,4028
sweep,4193
sweep,3723
sweep,3920
sweep,3807
sweep,3472
sweep,2805
sweep,3247
sweep,3648
sweep,3092
sweep,2902
sweep,3235
sweep,2714
sweep,2736
sweep,3435
sweep,3167
sweep,2955
sweep,3609
sweep,2510
sweep,2810
sweep,3683
sweep,2637
sweep,3383
sweep,2303
sweep,3299
sweep,4063
sweep,4608
sweep,3739
sweep,3066
sweep,2840
sweep,2850
sweep,3010
sweep,2642
sweep,3160
sweep,3327
sweep,3258
sweep,2682
sweep,2485
sweep,3915
sweep,2668
sweep,2967
sweep,2990
sweep,2824
sweep,3268
sweep,2965
sweep,2469
sweep,2625
sweep,3789
sweep,3772
sweep,4163
sweep,4136
sweep,6140
sweep,7821
sweep,6436
sweep,8600
sweep,8374
sweep,8447
sweep,8481
sweep,7383
sweep,7476
sweep,850
mark,1030811
sweep,5028
sweep,3699
sweep,4131
sweep,4112
sweep,3788
sweep,4226
sweep,3780
sweep,3119
sweep,2821
sweep,3361
sweep,3040
sweep,2769
sweep,3018
sweep,2867
sweep,2794
sweep,3124
sweep,3432
sweep,3034
sweep,3301
sweep,3866
sweep,2292
sweep,2766
sweep,4049
sweep,2495
sweep,3587
sweep,1973
sweep,3383
sweep,3776
sweep,4460
sweep,3484
sweep,3187
sweep,2932
sweep,3323
sweep,2935
sweep,2885
sweep,3086
sweep,2752
sweep,3015
sweep,2596
sweep,2828
sweep,3769
sweep,2879
sweep,2778
sweep,2959
sweep,2992
sweep,3445
sweep,2885
sweep,2523
sweep,2810
sweep,5693
sweep,8799
sweep,8349
sweep,8534
sweep,8336
sweep,6334
sweep,7564
sweep,4052
sweep,4394
sweep,4652
sweep,6263
sweep,5926
sweep,6405
sweep,224
mark,1032922
sweep,4787
sweep,4166
sweep,4246
sweep,4069
sweep,3569
sweep,4304
sweep,3610
sweep,3152
sweep,2820
sweep,3244
sweep,3226
sweep,3180
sweep,3072
sweep,3040
sweep,2915
sweep,2721
sweep,3461
sweep,3131
sweep,3298
sweep,3328
sweep,2220
sweep,2817
sweep,3900
sweep,2554
sweep,3045
sweep,1878
sweep,3312
sweep,3762
sweep,4299
sweep,3493
sweep,3430
sweep,3297
sweep,3432
sweep,3234
sweep,2731
sweep,3201
sweep,2876
sweep,2982
sweep,2544
sweep,2664
sweep,3722
sweep,2716
sweep,2667
sweep,2981
sweep,2916
sweep,3709
sweep,2731
sweep,2522
sweep,2445
sweep,3634
sweep,3837
sweep,4098
sweep,4088
sweep,6060
sweep,7732
sweep,6189
sweep,8642
sweep,8553
sweep,8694
sweep,8272
sweep,7406
sweep,7539
sweep,890
mark,1040807
sweep,4893
sweep,3872
sweep,4180
sweep,4165
sweep,3823
sweep,4383
sweep,3661
sweep,3507
sweep,2912
sweep,3015
sweep,3288
sweep,3154
sweep,2753
sweep,2942
sweep,6010
sweep,2724
sweep,3553
sweep,2915
sweep,3387
sweep,3418
sweep,2501
sweep,2417
sweep,3759
sweep,2636
sweep,3432
sweep,2133
sweep,3479
sweep,3693
sweep,4636
sweep,3798
sweep,3159
sweep,3011
sweep,3232
sweep,3367
sweep,2799
sweep,3080
sweep,2776
sweep,3093
sweep,2463
sweep,3257
sweep,3779
sweep,2692
sweep,3002
sweep,2915
sweep,2845
sweep,3456
sweep,2769
sweep,2512
sweep,2779
sweep,5622
sweep,8785
sweep,8229
sweep,8846
sweep,7960
sweep,6349
sweep,7266
sweep,4263
sweep,4434
sweep,5090
sweep,6146
sweep,5765
sweep,5822
sweep,261
mark,1033646
sweep,4887
sweep,3914
sweep,4401
sweep,4395
sweep,3814
sweep,4101
sweep,3642
sweep,3131
sweep,2783
sweep,3094
sweep,3387
sweep,2786
sweep,2939
sweep,2852
sweep,2607
sweep,2960
sweep,3202
sweep,3203
sweep,3221
sweep,3745
sweep,2329
sweep,2790
sweep,3744
sweep,2477
sweep,3182
sweep,1881
sweep,3331
sweep,3675
sweep,4425
sweep,3860
sweep,3385
sweep,3074
sweep,2943
sweep,2931
sweep,2817
sweep,3494
sweep,2889
sweep,2975
sweep,2674
sweep,2760
sweep,3764
sweep,2622
sweep,2986
sweep,2904
sweep,3135
sweep,3705
sweep,2868
sweep,2436
sweep,2601
sweep,3725
sweep,3878
sweep,3905
sweep,4176
sweep,5934
sweep,7704
sweep,5971
sweep,8855
sweep,8088
sweep,8707
sweep,8199
sweep,7278
sweep,7870
sweep,832
mark,1039203
sweep,4963
sweep,3855
sweep,4095
sweep,3979
sweep,3639
sweep,4138
sweep,3652
sweep,3267
sweep,3064
sweep,3354
sweep,2999
sweep,3110
sweep,2721
sweep,2906
sweep,2582
sweep,3109
sweep,3241
sweep,2968
sweep,2935
sweep,3458
sweep,2344
sweep,2487
sweep,3746
sweep,2515
sweep,3689
sweep,1894
sweep,3497
sweep,3600
sweep,4353
sweep,3629
sweep,3029
sweep,2965
sweep,2816
sweep,3287
sweep,2761
sweep,3178
sweep,2722
sweep,3019
sweep,2607
sweep,2908
sweep,3720
sweep,2803
sweep,2881
sweep,2957
sweep,2789
sweep,3612
sweep,2818
sweep,2446
sweep,2514
sweep,5517
sweep,8984
sweep,8691
sweep,8515
sweep,8232
sweep,6307
sweep,7531
sweep,4062
sweep,4286
sweep,4778
sweep,6211
sweep,5561
sweep,5877
sweep,237
mark,1035440
sweep,4675
sweep,3796
sweep,4320
sweep,3952
sweep,3631
sweep,4190
sweep,3563
sweep,3400
sweep,3028
sweep,3192
sweep,3287
sweep,2909
sweep,2721
sweep,2756
sweep,2622
sweep,2892
sweep,3284
sweep,3101
sweep,3071
sweep,3814
sweep,2317
sweep,2550
sweep,3688
sweep,2517
sweep,3256
sweep,1820
sweep,3301
sweep,3869
sweep,4375
sweep,3559
sweep,3114
sweep,3065
sweep,3320
sweep,3069
sweep,2767
sweep,3208
sweep,3000
sweep,3265
sweep,2910
sweep,2587
sweep,4027
sweep,3126
sweep,2735
sweep,3326
sweep,2808
sweep,3524
sweep,2888
sweep,2690
sweep,2626
sweep,3316
sweep,3935
sweep,3967
sweep,4200
sweep,5710
sweep,7746
sweep,6100
sweep,8830
sweep,8273
sweep,8760
sweep,8151
sweep,7485
sweep,7505
sweep,778
mark,1036389
sweep,4969
sweep,3937
sweep,3933
sweep,4119
sweep,3712
sweep,4002
sweep,4130
sweep,3453
sweep,2975
sweep,3185
sweep,6534
sweep,2709
sweep,2920
sweep,2789
sweep,2845
sweep,2966
sweep,3447
sweep,3149
sweep,3076
sweep,3686
sweep,2273
sweep,2355
sweep,3761
sweep,2294
sweep,3206
sweep,2114
sweep,3462
sweep,3864
sweep,4934
sweep,3563
sweep,3338
sweep,2937
sweep,3037
sweep,3562
sweep,3151
sweep,3200
sweep,2979
sweep,3040
sweep,2771
sweep,2636
sweep,3756
sweep,2897
sweep,2930
sweep,3378
sweep,3136
sweep,3670
sweep,2698
sweep,2542
sweep,2674
sweep,5619
sweep,8938
sweep,8623
sweep,8890
sweep,8351
sweep,6463
sweep,7253
sweep,4296
sweep,4344
sweep,4600
sweep,6070
sweep,5684
sweep,5847
sweep,243
mark,1038347
sweep,4514
sweep,4158
sweep,3972
sweep,4130
sweep,3664
sweep,4264
sweep,3599
sweep,3097
sweep,2826
sweep,3257
sweep,3063
sweep,2938
sweep,2703
sweep,2984
sweep,2666
sweep,2923
sweep,3143
sweep,3177
sweep,3337
sweep,3490
sweep,2296
sweep,2565
sweep,4020
sweep,2412
sweep,3050
sweep,2241
sweep,3351
sweep,3625
sweep,4370
sweep,3326
sweep,3052
sweep,3024
sweep,2990
sweep,3000
sweep,2908
sweep,3498
sweep,2831
sweep,2970
sweep,2524
sweep,2730
sweep,3820
sweep,3228
sweep,2733
sweep,3288
sweep,2773
sweep,3429
sweep,2819
sweep,2502
sweep,2467
sweep,3469
sweep,4099
sweep,3855
sweep,4134
sweep,5693
sweep,7690
sweep,6162
sweep,8470
sweep,8097
sweep,8599
sweep,7167
sweep,7924
sweep,7119
sweep,840
mark,1040650
sweep,4932
sweep,4243
sweep,3931
sweep,4133
sweep,3536
sweep,4084
sweep,3500
sweep,3181
sweep,2892
sweep,3196
sweep,2927
sweep,2763
sweep,3186
sweep,3516
sweep,2622
sweep,2922
sweep,3220
sweep,3043
sweep,3096
sweep,3483
sweep,2363
sweep,2440
sweep,3684
sweep,2335
sweep,3083
sweep,2070
sweep,3639
sweep,3841
sweep,4507
sweep,3893
sweep,3036
sweep,3072
sweep,3272
sweep,3081
sweep,2878
sweep,3047
sweep,2689
sweep,2985
sweep,2546
sweep,2660
sweep,3861
sweep,2788
sweep,2952
sweep,2787
sweep,2838
sweep,3638
sweep,2912
sweep,2761
sweep,2525
sweep,6133
sweep,8820
sweep,9065
sweep,8911
sweep,7740
sweep,6037
sweep,7072
sweep,4020
sweep,4282
sweep,4704
sweep,6235
sweep,5946
sweep,5898
sweep,223
mark,1029687
sweep,4648
sweep,4160
sweep,4262
sweep,4459
sweep,4088
sweep,4014
sweep,3537
sweep,3284
sweep,2762
sweep,3289
sweep,3357
sweep,2780
sweep,3220
sweep,2789
sweep,2666
sweep,2665
sweep,3389
sweep,3031
sweep,3127
sweep,3658
sweep,2582
sweep,2757
sweep,3962
sweep,2667
sweep,3187
sweep,2348
sweep,3347
sweep,3568
sweep,4518
sweep,3278
sweep,3146
sweep,3053
sweep,2841
sweep,3055
sweep,3046
sweep,3194
sweep,2744
sweep,3060
sweep,2649
sweep,2747
sweep,3653
sweep,3020
sweep,2783
sweep,3254
sweep,3215
sweep,3678
sweep,2834
sweep,2567
sweep,2517
sweep,3515
sweep,4010
sweep,3959
sweep,4129
sweep,6175
sweep,8349
sweep,6423
sweep,9337
sweep,8227
sweep,8929
sweep,7631
sweep,7738
sweep,7145
sweep,830
mark,1034862
sweep,4522
sweep,3732
sweep,3960
sweep,4281
sweep,3894
sweep,4001
sweep,3707
sweep,3207
sweep,3056
sweep,3546
sweep,2993
sweep,7004
sweep,2932
sweep,3046
sweep,2600
sweep,2716
sweep,3376
sweep,2960
sweep,3307
sweep,3317
sweep,2616
sweep,2565
sweep,3926
sweep,2380
sweep,3556
sweep,2172
sweep,3385
sweep,4171
sweep,4364
sweep,3328
sweep,3585
sweep,3169
sweep,2869
sweep,3022
sweep,3028
sweep,3161
sweep,2964
sweep,3306
sweep,2579
sweep,3036
sweep,4082
sweep,2615
sweep,2583
sweep,2936
sweep,2824
sweep,3464
sweep,2930
sweep,2772
sweep,2616
sweep,5542
sweep,8834
sweep,8603
sweep,8863
sweep,7845
sweep,6170
sweep,7091
sweep,3945
sweep,4234
sweep,4915
sweep,6236
sweep,5673
sweep,6218
sweep,287
mark,1034700
sweep,4543
sweep,4186
sweep,4149
sweep,4008
sweep,3796
sweep,4017
sweep,3636
sweep,3286
sweep,2946
sweep,3058
sweep,3039
sweep,2814
sweep,3008
sweep,2888
sweep,2587
sweep,2768
sweep,3345
sweep,2942
sweep,3069
sweep,3485
sweep,2400
sweep,2635
sweep,4045
sweep,2307
sweep,3392
sweep,1850
sweep,3387
sweep,3606
sweep,4349
sweep,3309
sweep,3156
sweep,3063
sweep,3048
sweep,2849
sweep,2835
sweep,3383
sweep,2814
sweep,2994
sweep,2495
sweep,2951
sweep,3745
sweep,2758
sweep,2977
sweep,2941
sweep,2791
sweep,3585
sweep,2725
sweep,2663
sweep,2437
sweep,3457
sweep,4293
sweep,4096
sweep,4117
sweep,5759
sweep,8103
sweep,6163
sweep,8439
sweep,8269
sweep,8294
sweep,7248
sweep,7399
sweep,7568
sweep,792
mark,1035428
sweep,4967
sweep,3990
sweep,3871
sweep,4116
sweep,3770
sweep,4284
sweep,3626
sweep,3170
sweep,2904
sweep,3072
sweep,2997
sweep,2658
sweep,2782
sweep,2820
sweep,2638
sweep,2704
sweep,3378
sweep,3296
sweep,2952
sweep,3687
sweep,2656
sweep,2478
sweep,4025
sweep,2433
sweep,3086
sweep,1948
sweep,3364
sweep,3698
sweep,4227
sweep,3349
sweep,3085
sweep,3000
sweep,3117
sweep,3133
sweep,2769
sweep,3237
sweep,2741
sweep,3137
sweep,2520
sweep,2800
sweep,3899
sweep,3016
sweep,2651
sweep,3270
sweep,3090
sweep,3571
sweep,2836
sweep,2643
sweep,2876
sweep,5481
sweep,9154
sweep,8676
sweep,8351
sweep,8129
sweep,6106
sweep,6829
sweep,4495
sweep,4157
sweep,4902
sweep,6199
sweep,5933
sweep,6359
sweep,223
mark,1025607
sweep,4621
sweep,4389
sweep,4432
sweep,4546
sweep,3983
sweep,4197
sweep,3916
sweep,3159
sweep,2841
sweep,3097
sweep,3330
sweep,2744
sweep,2752
sweep,2803
sweep,2615
sweep,2971
sweep,3212
sweep,2938
sweep,3140
sweep,3346
sweep,2489
sweep,2868
sweep,3686
sweep,2608
sweep,3646
sweep,2108
sweep,3645
sweep,3608
sweep,4482
sweep,3644
sweep,3097
sweep,3143
sweep,3072
sweep,3098
sweep,2694
sweep,3506
sweep,2931
sweep,3056
sweep,2623
sweep,2873
sweep,3778
sweep,3055
sweep,2763
sweep,2917
sweep,2894
sweep,3630
sweep,3004
sweep,2502
sweep,2540
sweep,3763
sweep,4197
sweep,3986
sweep,4303
sweep,6055
sweep,7785
sweep,6442
sweep,8301
sweep,8200
sweep,8523
sweep,7479
sweep,7122
sweep,7036
sweep,824
mark,1029583
sweep,4831
sweep,3692
sweep,3781
sweep,3978
sweep,3490
sweep,4114
sweep,3688
sweep,3205
sweep,2971
sweep,3236
sweep,3000
sweep,3079
sweep,2729
sweep,2840
sweep,2652
sweep,2702
sweep,3545
sweep,3140
sweep,3212
sweep,3656
sweep,2389
sweep,2444
sweep,4011
sweep,2257
sweep,3046
sweep,1950
sweep,3520
sweep,3693
sweep,4363
sweep,3585
sweep,3021
sweep,3110
sweep,2923
sweep,3284
sweep,2884
sweep,3418
sweep,2809
sweep,3238
sweep,2658
sweep,2883
sweep,4128
sweep,3009
sweep,3127
sweep,3473
sweep,3030
sweep,3523
sweep,2927
sweep,2624
sweep,2546
sweep,5512
sweep,9153
sweep,8971
sweep,8813
sweep,8122
sweep,6133
sweep,7610
sweep,4275
sweep,4193
sweep,4480
sweep,5748
sweep,5822
sweep,5905
sweep,215
mark,1038493
sweep,4696
sweep,4391
sweep,4621
sweep,4055
sweep,3659
sweep,4173
sweep,3795
sweep,3119
sweep,3072
sweep,3315
sweep,3167
sweep,2801
sweep,3037
sweep,2920
sweep,2881
sweep,2739
sweep,3308
sweep,2949
sweep,3043
sweep,3709
sweep,2428
sweep,2528
sweep,3863
sweep,2376
sweep,3573
sweep,1875
sweep,3629
sweep,3594
sweep,4554
sweep,3389
sweep,3189
sweep,2973
sweep,3054
sweep,2990
sweep,2815
sweep,3571
sweep,3057
sweep,3309
sweep,2536
sweep,2601
sweep,4085
sweep,2845
sweep,2804
sweep,3238
sweep,2882
sweep,3649
sweep,2836
sweep,2495
sweep,2678
sweep,3531
sweep,3934
sweep,4157
sweep,4170
sweep,5998
sweep,7635
sweep,6067
sweep,9340
sweep,8271
sweep,8117
sweep,8093
sweep,7606
sweep,7466
sweep,795
mark,1027788
sweep,4891
sweep,4088
sweep,4465
sweep,4337
sweep,3519
sweep,3895
sweep,3439
sweep,3604
sweep,3087
sweep,3428
sweep,3295
sweep,2845
sweep,2620
sweep,2808
sweep,2998
sweep,3041
sweep,3348
sweep,2935
sweep,3102
sweep,3320
sweep,2692
sweep,2474
sweep,4159
sweep,2568
sweep,3029
sweep,1822
sweep,3403
sweep,3578
sweep,4266
sweep,3973
sweep,3299
sweep,2880
sweep,2923
sweep,3589
sweep,2869
sweep,3220
sweep,2643
sweep,3213
sweep,2754
sweep,2802
sweep,3869
sweep,3170
sweep,3011
sweep,3340
sweep,3106
sweep,3643
sweep,2883
sweep,2761
sweep,2448
sweep,5823
sweep,8744
sweep,8656
sweep,8644
sweep,7932
sweep,5732
sweep,7289
sweep,4070
sweep,4463
sweep,4333
sweep,5713
sweep,5813
sweep,6165
sweep,225
mark,1031662
sweep,5370
sweep,3989
sweep,4404
sweep,4085
sweep,3878
sweep,4349
sweep,3357
sweep,3308
sweep,2906
sweep,3500
sweep,3084
sweep,2697
sweep,2722
sweep,3001
sweep,2539
sweep,2801
sweep,3319
sweep,3284
sweep,3030
sweep,3672
sweep,2334
sweep,2781
sweep,4007
sweep,2741
sweep,3117
sweep,1826
sweep,3342
sweep,3589
sweep,4497
sweep,3445
sweep,3319
sweep,3013
sweep,2839
sweep,3126
sweep,2786
sweep,3329
sweep,2776
sweep,3192
sweep,2853
sweep,2625
sweep,3957
sweep,2658
sweep,2973
sweep,3170
sweep,2766
sweep,3373
sweep,2722
sweep,2475
sweep,2734
sweep,3725
sweep,3896
sweep,4224
sweep,4128
sweep,6043
sweep,7606
sweep,6179
sweep,9383
sweep,8027
sweep,8101
sweep,8325
sweep,7507
sweep,7652
sweep,829
mark,1028522
sweep,4611
sweep,3888
sweep,3923
sweep,4220
sweep,3558
sweep,4066
sweep,3582
sweep,3157
sweep,3124
sweep,3568
sweep,3272
sweep,2734
sweep,2906
sweep,3180
sweep,2671
sweep,2987
sweep,3376
sweep,2878
sweep,3322
sweep,3451
sweep,2483
sweep,2514
sweep,3934
sweep,2550
sweep,3378
sweep,2015
sweep,3842
sweep,3853
sweep,4428
sweep,3635
sweep,2958
sweep,3445
sweep,3109
sweep,3173
sweep,2840
sweep,3207
sweep,2733
sweep,3219
sweep,2571
sweep,2650
sweep,3735
sweep,2788
sweep,2957
sweep,3074
sweep,2764
sweep,3454
sweep,2759
sweep,2560
sweep,2390
sweep,5896
sweep,8663
sweep,8493
sweep,8413
sweep,7638
sweep,5926
sweep,7379
sweep,4214
sweep,4344
sweep,4529
sweep,5873
sweep,5940
sweep,5998
sweep,220
mark,1024681
sweep,4795
sweep,3775
sweep,4185
sweep,4182
sweep,3890
sweep,4130
sweep,3756
sweep,3194
sweep,2944
sweep,3142
sweep,3066
sweep,2706
sweep,2730
sweep,2906
sweep,2610
sweep,2689
sweep,3206
sweep,3185
sweep,3091
sweep,3705
sweep,2563
sweep,2737
sweep,4119
sweep,2440
sweep,3288
sweep,1897
sweep,3287
sweep,3552
sweep,4256
sweep,3297
sweep,2975
sweep,3049
sweep,3174
sweep,3028
sweep,2927
sweep,3432
sweep,2984
sweep,3206
sweep,2529
sweep,2760
sweep,3617
sweep,3208
sweep,2699
sweep,3155
sweep,2737
sweep,3598
sweep,2799
sweep,2550
sweep,2751
sweep,3484
sweep,4135
sweep,4095
sweep,4138
sweep,5663
sweep,8193
sweep,6639
sweep,8719
sweep,8303
sweep,8565
sweep,8574
sweep,7404
sweep,7482
sweep,764
mark,1025821
sweep,5153
sweep,4209
sweep,4020
sweep,4143
sweep,3839
sweep,3979
sweep,3738
sweep,3557
sweep,3029
sweep,3001
sweep,3015
sweep,2816
sweep,2847
sweep,2828
sweep,2866
sweep,2676
sweep,3271
sweep,3286
sweep,3132
sweep,3421
sweep,2361
sweep,2350
sweep,3673
sweep,2639
sweep,3060
sweep,2241
sweep,3352
sweep,3653
sweep,4222
sweep,3383
sweep,3665
sweep,2971
sweep,2860
sweep,3276
sweep,2833
sweep,3402
sweep,2904
sweep,3342
sweep,2549
sweep,3043
sweep,3835
sweep,2956
sweep,2657
sweep,2950
sweep,2888
sweep,3762
sweep,2680
sweep,2479
sweep,2494
sweep,5364
sweep,9289
sweep,8700
sweep,8694
sweep,7787
sweep,6343
sweep,7328
sweep,3994
sweep,4424
sweep,4962
sweep,6046
sweep,5610
sweep,6063
sweep,238
mark,1029321
sweep,5217
sweep,3902
sweep,4148
sweep,4510
sweep,3759
sweep,4287
sweep,3532
sweep,3254
sweep,2863
sweep,3275
sweep,3368
sweep,2765
sweep,3011
sweep,2919
sweep,2881
sweep,2783
sweep,3536
sweep,3198
sweep,3010
sweep,3503
sweep,2376
sweep,2858
sweep,4055
sweep,2556
sweep,3023
sweep,1995
sweep,3337
sweep,3701
sweep,4218
sweep,3580
sweep,3129
sweep,3255
sweep,3027
sweep,3092
sweep,2855
sweep,3520
sweep,2810
sweep,3017
sweep,2832
sweep,2636
sweep,3921
sweep,2721
sweep,2887
sweep,3332
sweep,2709
sweep,3405
sweep,2693
sweep,2648
sweep,2692
sweep,3457
sweep,3947
sweep,4180
sweep,4144
sweep,5993
sweep,7527
sweep,6048
sweep,8713
sweep,8330
sweep,8111
sweep,7459
sweep,7178
sweep,6946
sweep,836
mark,1030561
sweep,4793
sweep,3732
sweep,4087
sweep,4149
sweep,20708
sweep,4404
sweep,3789
sweep,3181
sweep,2924
sweep,3232
sweep,3255
sweep,2940
sweep,2936
sweep,3113
sweep,2625
sweep,2738
sweep,3536
sweep,3146
sweep,3127
sweep,3427
sweep,2391
sweep,2366
sweep,3693
sweep,2361
sweep,3162
sweep,1919
sweep,3571
sweep,3980
sweep,4195
sweep,3744
sweep,3004
sweep,3013
sweep,2810
sweep,2996
sweep,2836
sweep,3226
sweep,2806
sweep,3322
sweep,2714
sweep,2933
sweep,3708
sweep,2636
sweep,2693
sweep,2993
sweep,3105
sweep,3702
sweep,2829
sweep,2505
sweep,2529
sweep,5426
sweep,8996
sweep,8600
sweep,8461
sweep,8184
sweep,6194
sweep,6989
sweep,4290
sweep,4380
sweep,5091
sweep,6296
sweep,6072
sweep,5929
sweep,224
mark,1021797
sweep,4708
sweep,3851
sweep,3979
sweep,4651
sweep,3776
sweep,4478
sweep,3834
sweep,3384
sweep,3101
sweep,3336
sweep,3037
sweep,3117
sweep,2972
sweep,2980
sweep,2839
sweep,2710
sweep,3383
sweep,2931
sweep,3046
sweep,3597
sweep,2545
sweep,2576
sweep,3711
sweep,2365
sweep,3257
sweep,2006
sweep,3420
sweep,3790
sweep,4074
sweep,3616
sweep,3010
sweep,3098
sweep,2958
sweep,3099
sweep,2829
sweep,3371
sweep,3004
sweep,2997
sweep,2572
sweep,2710
sweep,3971
sweep,2898
sweep,3042
sweep,2986
sweep,3099
sweep,3720
sweep,2829
sweep,2984
sweep,2541
sweep,3481
sweep,4258
sweep,4247
sweep,4086
sweep,6036
sweep,8234
sweep,6663
sweep,8636
sweep,8303
sweep,8338
sweep,7381
sweep,7087
sweep,7046
sweep,836
mark,1028955
sweep,4845
sweep,4165
sweep,3909
sweep,4059
sweep,3687
sweep,4322
sweep,3661
sweep,3445
sweep,3208
sweep,3152
sweep,3332
sweep,2748
sweep,2586
sweep,2925
sweep,2508
sweep,2654
sweep,3241
sweep,2923
sweep,2995
sweep,3710
sweep,2287
sweep,2459
sweep,12944
sweep,2554
sweep,3275
sweep,2277
sweep,3385
sweep,3621
sweep,4271
sweep,3469
sweep,3091
sweep,3326
sweep,2870
sweep,3034
sweep,2719
sweep,3471
sweep,2947
sweep,3094
sweep,2548
sweep,3100
sweep,4020
sweep,2592
sweep,2925
sweep,2917
sweep,2905
sweep,3777
sweep,2854
sweep,2461
sweep,2727
sweep,5433
sweep,8931
sweep,8966
sweep,8749
sweep,7901
sweep,5698
sweep,7027
sweep,4032
sweep,4395
sweep,4447
sweep,5726
sweep,5609
sweep,6305
sweep,241
mark,1043061
sweep,5037
sweep,3863
sweep,4225
sweep,4431
sweep,3674
sweep,4462
sweep,3538
sweep,3468
sweep,2889
sweep,3164
sweep,3375
sweep,2719
sweep,3175
sweep,2839
sweep,2906
sweep,2704
sweep,3205
sweep,3378
sweep,2910
sweep,3434
sweep,2442
sweep,2564
sweep,3762
sweep,2467
sweep,3378
sweep,2168
sweep,3384
sweep,3608
sweep,4256
sweep,3693
sweep,3149
sweep,3037
sweep,2833
sweep,2942
sweep,3064
sweep,3502
sweep,2804
sweep,3128
sweep,2598
sweep,2708
sweep,3714
sweep,2986
sweep,2785
sweep,3498
sweep,3097
sweep,3616
sweep,3006
sweep,2822
sweep,2478
sweep,3596
sweep,4137
sweep,3988
sweep,4193
sweep,6163
sweep,7623
sweep,5809
sweep,8199
sweep,8590
sweep,8488
sweep,8320
sweep,7480
sweep,7572
sweep,801
mark,1033618
sweep,4987
sweep,4150
sweep,3880
sweep,4180
sweep,3557
sweep,4176
sweep,3829
sweep,3154
sweep,2930
sweep,3208
sweep,2998
sweep,2752
sweep,2790
sweep,2859
sweep,2678
sweep,2739
sweep,3326
sweep,3266
sweep,3299
sweep,3488
sweep,2494
sweep,2463
sweep,3907
sweep,2579
sweep,3593
sweep,2137
sweep,3473
sweep,3636
sweep,4411
sweep,3720
sweep,3063
sweep,3127
sweep,2849
sweep,2919
sweep,2754
sweep,3208
sweep,3044
sweep,3004
sweep,2677
sweep,2950
sweep,3583
sweep,2728
sweep,2678
sweep,2894
sweep,2976
sweep,3531
sweep,3094
sweep,2527
sweep,2560
sweep,5732
sweep,8749
sweep,8706
sweep,8634
sweep,7471
sweep,6137
sweep,7177
sweep,4093
sweep,4322
sweep,4251
sweep,5834
sweep,5935
sweep,6379
sweep,247
mark,1026563
sweep,4505
sweep,4062
sweep,4362
sweep,4667
sweep,3816
sweep,4088
sweep,3628
sweep,3254
sweep,2797
sweep,3123
sweep,3029
sweep,2719
sweep,2664
sweep,2802
sweep,3079
sweep,2882
sweep,3142
sweep,3072
sweep,2979
sweep,3565
sweep,2562
sweep,2602
sweep,4026
sweep,2810
sweep,3143
sweep,2195
sweep,3335
sweep,3559
sweep,4147
sweep,3330
sweep,3540
sweep,3111
sweep,2896
sweep,3168
sweep,2998
sweep,3172
sweep,2920
sweep,3069
sweep,2458
sweep,2773
sweep,3802
sweep,2713
sweep,2798
sweep,3265
sweep,3133
sweep,3715
sweep,2744
sweep,2681
sweep,2511
sweep,3758
sweep,4062
sweep,4055
sweep,4186
sweep,5988
sweep,7918
sweep,6508
sweep,8768
sweep,8456
sweep,8780
sweep,8101
sweep,7493
sweep,7656
sweep,821
mark,1035486
sweep,4651
sweep,3814
sweep,3899
sweep,4368
sweep,3580
sweep,4260
sweep,3856
sweep,3238
sweep,3113
sweep,3399
sweep,3388
sweep,2763
sweep,2951
sweep,3312
sweep,2620
sweep,2874
sweep,3307
sweep,3090
sweep,2951
sweep,3487
sweep,2327
sweep,2454
sweep,3740
sweep,2503
sweep,3126
sweep,1954
sweep,3398
sweep,3850
sweep,4411
sweep,3251
sweep,3337
sweep,2996
sweep,3052
sweep,3043
sweep,2882
sweep,3408
sweep,2785
sweep,3104
sweep,2737
sweep,2672
sweep,3918
sweep,2811
sweep,2718
sweep,3140
sweep,3288
sweep,3418
sweep,2995
sweep,2431
sweep,2448
sweep,5435
sweep,8613
sweep,9007
sweep,8515
sweep,7631
sweep,5988
sweep,7584
sweep,4302
sweep,4325
sweep,4820
sweep,5825
sweep,5514
sweep,5924
sweep,225
mark,1031741
sweep,4989
sweep,4221
sweep,3907
sweep,4043
sweep,3813
sweep,3896
sweep,3515
sweep,3440
sweep,2809
sweep,3722
sweep,3109
sweep,2734
sweep,2735
sweep,2866
sweep,2860
sweep,2916
sweep,3187
sweep,2886
sweep,2942
sweep,3689
sweep,2216
sweep,2494
sweep,3940
sweep,2728
sweep,3732
sweep,1910
sweep,3321
sweep,3918
sweep,4448
sweep,3229
sweep,3101
sweep,3355
sweep,2967
sweep,2979
sweep,2797
sweep,3225
sweep,2986
sweep,3150
sweep,2561
sweep,2760
sweep,3692
sweep,2912
sweep,2823
sweep,3410
sweep,2903
sweep,3852
sweep,2801
sweep,2487
sweep,2496
sweep,3717
sweep,3920
sweep,4119
sweep,4161
sweep,6003
sweep,8329
sweep,6482
sweep,8695
sweep,8399
sweep,8515
sweep,8281
sweep,7531
sweep,7547
sweep,832
mark,1026683
sweep,4885
sweep,3979
sweep,3937
sweep,4093
sweep,3685
sweep,4237
sweep,3619
sweep,3398
sweep,3115
sweep,3816
sweep,3213
sweep,3286
sweep,2870
sweep,2795
sweep,2819
sweep,2753
sweep,3356
sweep,3093
sweep,3062
sweep,3388
sweep,2518
sweep,2417
sweep,3877
sweep,2490
sweep,3906
sweep,1945
sweep,3437
sweep,3680
sweep,4678
sweep,3599
sweep,3596
sweep,3550
sweep,3200
sweep,3088
sweep,2821
sweep,3267
sweep,3056
sweep,3270
sweep,2415
sweep,2645
sweep,3699
sweep,2834
sweep,3192
sweep,2920
sweep,2807
sweep,3445
sweep,2864
sweep,2455
sweep,2736
sweep,5918
sweep,8651
sweep,8478
sweep,8740
sweep,8256
sweep,6365
sweep,7440
sweep,4021
sweep,4346
sweep,4984
sweep,6163
sweep,5889
sweep,6068
sweep,242
mark,1029671
sweep,5195
sweep,4072
sweep,3828
sweep,4311
sweep,3452
sweep,3985
sweep,3513
sweep,3231
sweep,2758
sweep,3066
sweep,3087
sweep,3035
sweep,2691
sweep,2879
sweep,2871
sweep,2686
sweep,3236
sweep,3199
sweep,2990
sweep,3287
sweep,2380
sweep,2432
sweep,3700
sweep,2332
sweep,3728
sweep,1968
sweep,3478
sweep,3585
sweep,4213
sweep,3499
sweep,3258
sweep,3249
sweep,2926
sweep,3263
sweep,2851
sweep,3489
sweep,2776
sweep,3180
sweep,2510
sweep,3229
sweep,3698
sweep,3070
sweep,2705
sweep,3036
sweep,3109
sweep,3388
sweep,2757
sweep,2499
sweep,2401
sweep,3645
sweep,4416
sweep,4189
sweep,4097
sweep,5744
sweep,8440
sweep,6382
sweep,9082
sweep,8128
sweep,9004
sweep,7482
sweep,7290
sweep,7754
sweep,829
mark,1031478
sweep,4760
sweep,4032
sweep,3910
sweep,4381
sweep,3543
sweep,4017
sweep,3638
sweep,3089
sweep,3028
sweep,3217
sweep,3278
sweep,3238
sweep,2663
sweep,2852
sweep,3025
sweep,2689
sweep,3273
sweep,2987
sweep,3165
sweep,3482
sweep,2326
sweep,2604
sweep,3939
sweep,2489
sweep,3347
sweep,1957
sweep,3375
sweep,3648
sweep,4231
sweep,3403
sweep,3071
sweep,3156
sweep,2888
sweep,3084
sweep,2724
sweep,3538
sweep,2977
sweep,3108
sweep,2478
sweep,2557
sweep,3789
sweep,2756
sweep,2668
sweep,3350
sweep,3216
sweep,3432
sweep,2608
sweep,2717
sweep,2623
sweep,5472
sweep,9036
sweep,8562
sweep,8309
sweep,7977
sweep,5886
sweep,7464
sweep,4213
sweep,4274
sweep,4295
sweep,5687
sweep,5454
sweep,6370
sweep,220
mark,1034454
sweep,4921
sweep,3846
sweep,4085
sweep,4501
sweep,3913
sweep,4105
sweep,3639
sweep,3183
sweep,3018
sweep,3372
sweep,3266
sweep,3153
sweep,2661
sweep,2807
sweep,2706
sweep,2607
sweep,3378
sweep,2888
sweep,3026
sweep,3686
sweep,2405
sweep,2574
sweep,3746
sweep,2339
sweep,3019
sweep,1931
sweep,3591
sweep,3840
sweep,4277
sweep,3307
sweep,3153
sweep,3009
sweep,2911
sweep,3005
sweep,3153
sweep,3413
sweep,2741
sweep,3344
sweep,2543
sweep,2743
sweep,3831
sweep,3042
sweep,2852
sweep,3335
sweep,2780
sweep,3422
sweep,2769
sweep,2536
sweep,2513
sweep,3919
sweep,4347
sweep,4046
sweep,4174
sweep,5762
sweep,8473
sweep,6389
sweep,9124
sweep,8200
sweep,9035
sweep,7427
sweep,7627
sweep,7221
sweep,829
mark,1030948
sweep,4617
sweep,3772
sweep,3899
sweep,4055
sweep,4065
sweep,4161
sweep,3773
sweep,3681
sweep,3077
sweep,3427
sweep,3035
sweep,3172
sweep,2722
sweep,2876
sweep,2625
sweep,2724
sweep,3321
sweep,3064
sweep,3125
sweep,3625
sweep,2365
sweep,2443
sweep,3781
sweep,2579
sweep,3142
sweep,2013
sweep,3484
sweep,4112
sweep,4322
sweep,3693
sweep,3140
sweep,3389
sweep,3318
sweep,3081
sweep,2831
sweep,3233
sweep,2731
sweep,3336
sweep,2461
sweep,3216
sweep,3719
sweep,2958
sweep,2787
sweep,3266
sweep,2897
sweep,3933
sweep,2972
sweep,2574
sweep,2483
sweep,5826
sweep,8728
sweep,8216
sweep,8686
sweep,8468
sweep,6204
sweep,7100
sweep,3961
sweep,4580
sweep,4299
sweep,5738
sweep,5979
sweep,6341
sweep,266
mark,1044533
sweep,4680
sweep,4077
sweep,3969
sweep,4079
sweep,3586
sweep,4231
sweep,3689
sweep,3226
sweep,2793
sweep,3356
sweep,3232
sweep,2874
sweep,2730
sweep,3045
sweep,2691
sweep,2681
sweep,3320
sweep,3206
sweep,3152
sweep,3493
sweep,2572
sweep,2585
sweep,3729
sweep,2449
sweep,3642
sweep,2137
sweep,3438
sweep,3639
sweep,4335
sweep,3571
sweep,3346
sweep,3432
sweep,3067
sweep,3238
sweep,3172
sweep,3456
sweep,2884
sweep,3334
sweep,2735
sweep,3071
sweep,3751
sweep,2686
sweep,2917
sweep,3447
sweep,2980
sweep,3754
sweep,3065
sweep,2652
sweep,2406
sweep,3870
sweep,4311
sweep,4100
sweep,4802
sweep,5870
sweep,7498
sweep,5960
sweep,8623
sweep,8414
sweep,8561
sweep,8259
sweep,7553
sweep,7815
sweep,834
mark,1068156
sweep,5134
sweep,4289
sweep,4218
sweep,4207
sweep,4022
sweep,4340
sweep,3636
sweep,3136
sweep,3166
sweep,3440
sweep,3188
sweep,2729
sweep,2865
sweep,2840
sweep,2566
sweep,3236
sweep,3638
sweep,2941
sweep,3083
sweep,3396
sweep,2316
sweep,2395
sweep,3835
sweep,2385
sweep,3159
sweep,1999
sweep,3762
sweep,3796
sweep,4432
sweep,3719
sweep,3722
sweep,3222
sweep,2907
sweep,3143
sweep,2889
sweep,3055
sweep,2733
sweep,3346
sweep,2465
sweep,3091
sweep,3920
sweep,2587
sweep,2915
sweep,3177
sweep,3423
sweep,3422
sweep,2891
sweep,2620
sweep,2687
sweep,5400
sweep,8580
sweep,8649
sweep,8692
sweep,7695
sweep,5963
sweep,7292
sweep,4038
sweep,4468
sweep,4990
sweep,5706
sweep,5842
sweep,6185
sweep,227
mark,1048638
sweep,4848
sweep,3951
sweep,4205
sweep,4171
sweep,3786
sweep,4308
sweep,3871
sweep,3342
sweep,2868
sweep,3300
sweep,3160
sweep,2748
sweep,2684
sweep,2829
sweep,2971
sweep,2719
sweep,3340
sweep,2923
sweep,3296
sweep,3419
sweep,2392
sweep,2589
sweep,3841
sweep,2338
sweep,3624
sweep,1935
sweep,3385
sweep,4234
sweep,4513
sweep,3621
sweep,3446
sweep,3284
sweep,3817
sweep,7688
sweep,2830
sweep,3153
sweep,2913
sweep,3018
sweep,2910
sweep,3037
sweep,3667
sweep,2737
sweep,2647
sweep,3362
sweep,3119
sweep,7187
sweep,2764
sweep,2355
sweep,2383
sweep,3651
sweep,4036
sweep,3863
sweep,4079
sweep,6067
sweep,7847
sweep,6062
sweep,8351
sweep,8335
sweep,8563
sweep,7325
sweep,11994
sweep,6965
sweep,783
mark,1024670
sweep,4735
sweep,4079
sweep,4356
sweep,4168
sweep,3729
sweep,3879
sweep,3809
sweep,3111
sweep,3162
sweep,3253
sweep,3108
sweep,2776
sweep,2845
sweep,2964
sweep,2865
sweep,2658
sweep,3533
sweep,2904
sweep,2930
sweep,3597
sweep,2544
sweep,2614
sweep,4001
sweep,2764
sweep,3147
sweep,2114
sweep,3390
sweep,3869
sweep,4524
sweep,3492
sweep,3101
sweep,3027
sweep,3095
sweep,3031
sweep,2900
sweep,3364
sweep,2746
sweep,3252
sweep,2711
sweep,2619
sweep,3885
sweep,2564
sweep,2721
sweep,2810
sweep,2790
sweep,3886
sweep,2746
sweep,2715
sweep,2667
sweep,5468
sweep,8820
sweep,9025
sweep,8735
sweep,8156
sweep,5882
sweep,7024
sweep,3957
sweep,4277
sweep,5060
sweep,6128
sweep,5653
sweep,5774
sweep,239
mark,1030108
sweep,4413
sweep,3907
sweep,4183
sweep,4121
sweep,3528
sweep,4052
sweep,3785
sweep,3039
sweep,2779
sweep,3040
sweep,3143
sweep,2745
sweep,2693
sweep,3088
sweep,2530
sweep,2699
sweep,3430
sweep,3176
sweep,6150
sweep,3654
sweep,2246
sweep,2524
sweep,3777
sweep,2500
sweep,3134
sweep,2085
sweep,3374
sweep,3609
sweep,4204
sweep,3429
sweep,3116
sweep,2964
sweep,2907
sweep,3315
sweep,2784
sweep,3189
sweep,2703
sweep,3034
sweep,2601
sweep,2651
sweep,3866
sweep,2668
sweep,2643
sweep,3193
sweep,2876
sweep,3508
sweep,2777
sweep,2499
sweep,2534
sweep,3531
sweep,3968
sweep,4052
sweep,4141
sweep,6068
sweep,8664
sweep,6418
sweep,9057
sweep,8032
sweep,9140
sweep,7587
sweep,7783
sweep,7140
sweep,779
mark,1037361
sweep,4770
sweep,4251
sweep,4103
sweep,4376
sweep,3795
sweep,4413
sweep,3832
sweep,3235
sweep,3118
sweep,3331
sweep,3039
sweep,2746
sweep,2797
sweep,2910
sweep,2668
sweep,2692
sweep,3463
sweep,2858
sweep,3001
sweep,3458
sweep,2594
sweep,2578
sweep,3809
sweep,2327
sweep,3653
sweep,1954
sweep,3581
sweep,4004
sweep,4291
sweep,3732
sweep,3544
sweep,3177
sweep,2904
sweep,3109
sweep,2983
sweep,3242
sweep,2748
sweep,3170
sweep,2459
sweep,2744
sweep,3946
sweep,2661
sweep,2745
sweep,2950
sweep,2768
sweep,3652
sweep,2774
sweep,2542
sweep,2491
sweep,5241
sweep,9221
sweep,8245
sweep,8890
sweep,8040
sweep,6310
sweep,7492
sweep,4176
sweep,4383
sweep,4897
sweep,6053
sweep,5854
sweep,5790
sweep,227
mark,1028997
sweep,4879
sweep,3895
sweep,4158
sweep,4433
sweep,3617
sweep,4167
sweep,3516
sweep,3107
sweep,2766
sweep,3118
sweep,3044
sweep,3365
sweep,2732
sweep,3059
sweep,2762
sweep,2619
sweep,3580
sweep,2961
sweep,2972
sweep,3546
sweep,2324
sweep,2543
sweep,3841
sweep,2807
sweep,3638
sweep,2114
sweep,3401
sweep,3898
sweep,4373
sweep,3413
sweep,3373
sweep,3309
sweep,3149
sweep,3007
sweep,2889
sweep,3353
sweep,2774
sweep,3177
sweep,2603
sweep,2726
sweep,3837
sweep,2751
sweep,2784
sweep,2908
sweep,2840
sweep,3683
sweep,3136
sweep,2455
sweep,2801
sweep,3852
sweep,3797
sweep,3989
sweep,4150
sweep,5482
sweep,8420
sweep,6701
sweep,8481
sweep,8966
sweep,8652
sweep,8195
sweep,7418
sweep,7491
sweep,843
mark,1042391
sweep,4738
sweep,3884
sweep,4081
sweep,4299
sweep,3879
sweep,3926
sweep,4145
sweep,3224
sweep,3117
sweep,3268
sweep,3244
sweep,2748
sweep,2652
sweep,2798
sweep,2626
sweep,2745
sweep,3313
sweep,3229
sweep,3325
sweep,3286
sweep,2588
sweep,2387
sweep,3881
sweep,2406
sweep,3079
sweep,2112
sweep,3669
sweep,3620
sweep,4257
sweep,3790
sweep,3101
sweep,3050
sweep,3002
sweep,2914
sweep,2852
sweep,3103
sweep,3076
sweep,3369
sweep,2449
sweep,2694
sweep,4053
sweep,2631
sweep,2606
sweep,3231
sweep,2950
sweep,3669
sweep,2825
sweep,2445
sweep,2484
sweep,5690
sweep,9192
sweep,8605
sweep,8467
sweep,7939
sweep,5966
sweep,7398
sweep,4008
sweep,4396
sweep,4235
sweep,5615
sweep,5603
sweep,6157
sweep,220
mark,1027018
sweep,4712
sweep,4249
sweep,4524
sweep,4165
sweep,3853
sweep,4039
sweep,3848
sweep,3359
sweep,2761
sweep,3071
sweep,3150
sweep,2867
sweep,2740
sweep,2793
sweep,2622
sweep,2795
sweep,3275
sweep,3160
sweep,2994
sweep,3592
sweep,2315
sweep,2477
sweep,3794
sweep,2447
sweep,3102
sweep,1934
sweep,3319
sweep,4010
sweep,4465
sweep,3567
sweep,3416
sweep,3245
sweep,3051
sweep,3240
sweep,2884
sweep,3598
sweep,2763
sweep,3061
sweep,2869
sweep,2748
sweep,3811
sweep,2855
sweep,2769
sweep,2916
sweep,2744
sweep,3638
sweep,2876
sweep,2524
sweep,2471
sweep,3585
sweep,3852
sweep,4109
sweep,4241
sweep,5828
sweep,7757
sweep,6019
sweep,8613
sweep,8571
sweep,8746
sweep,7845
sweep,7907
sweep,7699
sweep,835
mark,1057768
sweep,4960
sweep,3802
sweep,4556
sweep,4013
sweep,3763
sweep,4043
sweep,3751
sweep,3290
sweep,2866
sweep,3276
sweep,3445
sweep,3124
sweep,2722
sweep,2869
sweep,3030
sweep,2736
sweep,3565
sweep,3086
sweep,3000
sweep,3590
sweep,2390
sweep,2367
sweep,3904
sweep,2423
sweep,3029
sweep,1938
sweep,3683
sweep,3683
sweep,4410
sweep,3951
sweep,2932
sweep,3014
sweep,3023
sweep,3138
sweep,2759
sweep,3349
sweep,2968
sweep,3074
sweep,2538
sweep,2890
sweep,3773
sweep,2619
sweep,2906
sweep,3041
sweep,3313
sweep,3599
sweep,2787
sweep,2524
sweep,2768
sweep,5800
sweep,8868
sweep,8451
sweep,8992
sweep,8092
sweep,6267
sweep,7838
sweep,4264
sweep,4187
sweep,4289
sweep,6134
sweep,6044
sweep,6505
sweep,227
mark,1042942
sweep,4980
sweep,4198
sweep,4369
sweep,4448
sweep,3751
sweep,4266
sweep,3545
sweep,3258
sweep,3130
sweep,3289
sweep,3077
sweep,3039
sweep,2710
sweep,2860
sweep,2603
sweep,2839
sweep,3347
sweep,2968
sweep,3235
sweep,3317
sweep,2363
sweep,11133
sweep,3971
sweep,2603
sweep,3053
sweep,2129
sweep,3375
sweep,3573
sweep,4469
sweep,3296
sweep,3126
sweep,3101
sweep,3440
sweep,3096
sweep,2839
sweep,3138
sweep,3006
sweep,3072
sweep,2439
sweep,2647
sweep,3800
sweep,3096
sweep,2675
sweep,3279
sweep,2860
sweep,3687
sweep,2769
sweep,2525
sweep,2561
sweep,3787
sweep,4352
sweep,4512
sweep,4103
sweep,5854
sweep,8389
sweep,6454
sweep,8789
sweep,8476
sweep,8643
sweep,8162
sweep,7364
sweep,7446
sweep,834
mark,1046121
sweep,4632
sweep,3777
sweep,3817
sweep,4430
sweep,3688
sweep,4292
sweep,3589
sweep,3148
sweep,2833
sweep,3225
sweep,3285
sweep,2730
sweep,2714
sweep,2854
sweep,2733
sweep,2675
sweep,3354
sweep,3323
sweep,3618
sweep,3365
sweep,2294
sweep,2461
sweep,3956
sweep,2682
sweep,3284
sweep,2202
sweep,3491
sweep,3619
sweep,4390
sweep,3985
sweep,3095
sweep,2937
sweep,2921
sweep,3067
sweep,2774
sweep,3089
sweep,2711
sweep,3388
sweep,2937
sweep,2669
sweep,3814
sweep,2709
sweep,2841
sweep,3298
sweep,2872
sweep,3477
sweep,2739
sweep,2510
sweep,2744
sweep,5872
sweep,9136
sweep,8943
sweep,8556
sweep,7891
sweep,5791
sweep,7125
sweep,4196
sweep,4329
sweep,4254
sweep,6478
sweep,5578
sweep,5727
sweep,225
mark,1031091
sweep,4851
sweep,4269
sweep,4099
sweep,4087
sweep,3741
sweep,4123
sweep,3597
sweep,3217
sweep,2796
sweep,3587
sweep,3251
sweep,3054
sweep,2620
sweep,2975
sweep,2676
sweep,3167
sweep,3159
sweep,3270
sweep,3150
sweep,3467
sweep,2461
sweep,2472
sweep,3922
sweep,2750
sweep,3013
sweep,1923
sweep,3757
sweep,3870
sweep,4209
sweep,3728
sweep,3559
sweep,3297
sweep,3135
sweep,3294
sweep,2836
sweep,3303
sweep,2788
sweep,3433
sweep,2418
sweep,3060
sweep,3750
sweep,3271
sweep,2641
sweep,2844
sweep,2892
sweep,3426
sweep,2992
sweep,2461
sweep,2513
sweep,3566
sweep,3840
sweep,4237
sweep,4124
sweep,6084
sweep,7766
sweep,6594
sweep,8644
sweep,8287
sweep,8547
sweep,7293
sweep,7711
sweep,7088
sweep,843
mark,1030719
sweep,4846
sweep,3812
sweep,4032
sweep,4037
sweep,4054
sweep,4260
sweep,3620
sweep,3133
sweep,2876
sweep,3201
sweep,3133
sweep,2746
sweep,2690
sweep,3122
sweep,3041
sweep,2736
sweep,3429
sweep,3083
sweep,3107
sweep,3399
sweep,2334
sweep,2431
sweep,3795
sweep,2456
sweep,3130
sweep,1930
sweep,3855
sweep,3648
sweep,4198
sweep,3593
sweep,3336
sweep,3036
sweep,2943
sweep,2902
sweep,2840
sweep,3281
sweep,3172
sweep,3290
sweep,2617
sweep,2694
sweep,3650
sweep,2740
sweep,2997
sweep,3084
sweep,2956
sweep,3379
sweep,2759
sweep,2578
sweep,2686
sweep,5840
sweep,8840
sweep,8554
sweep,8500
sweep,7884
sweep,6243
sweep,7608
sweep,4153
sweep,4515
sweep,4763
sweep,6155
sweep,5749
sweep,5805
sweep,249
mark,1027338
sweep,4905
sweep,4178
sweep,3855
sweep,3907
sweep,3604
sweep,4005
sweep,3511
sweep,3023
sweep,2837
sweep,3277
sweep,3314
sweep,3032
sweep,2643
sweep,3042
sweep,2537
sweep,3094
sweep,3452
sweep,3000
sweep,3050
sweep,3515
sweep,2591
sweep,2478
sweep,4063
sweep,2394
sweep,3685
sweep,2056
sweep,3712
sweep,3655
sweep,4280
sweep,3499
sweep,3168
sweep,3471
sweep,3082
sweep,2947
sweep,2843
sweep,3187
sweep,2781
sweep,3097
sweep,2531
sweep,2791
sweep,3588
sweep,3089
sweep,2683
sweep,3059
sweep,2806
sweep,3646
sweep,2748
sweep,2575
sweep,2450
sweep,3633
sweep,4152
sweep,4143
sweep,4132
sweep,6039
sweep,7790
sweep,6003
sweep,8715
sweep,8420
sweep,8632
sweep,8105
sweep,7279
sweep,7714
sweep,835
mark,1042330
sweep,5310
sweep,4103
sweep,3814
sweep,4228
sweep,3577
sweep,4007
sweep,3733
sweep,3488
sweep,2988
sweep,3220
sweep,3219
sweep,3075
sweep,2631
sweep,3001
sweep,2678
sweep,2749
sweep,3291
sweep,2915
sweep,3315
sweep,3465
sweep,2344
sweep,2388
sweep,3773
sweep,2592
sweep,3318
sweep,2187
sweep,3517
sweep,3590
sweep,4280
sweep,3817
sweep,3503
sweep,2970
sweep,3197
sweep,3126
sweep,2924
sweep,3071
sweep,2811
sweep,3088
sweep,2706
sweep,2689
sweep,3896
sweep,2705
sweep,2783
sweep,2945
sweep,2859
sweep,3458
sweep,2737
sweep,2520
sweep,2708
sweep,5549
sweep,8665
sweep,8932
sweep,8883
sweep,7681
sweep,5855
sweep,6829
sweep,3880
sweep,4154
sweep,4824
sweep,6227
sweep,5671
sweep,6058
sweep,226
mark,1032875
sweep,5003
sweep,4293
sweep,4179
sweep,3948
sweep,3728
sweep,3882
sweep,3543
sweep,3148
sweep,2833
sweep,3379
sweep,3174
sweep,3000
sweep,2980
sweep,2788
sweep,2556
sweep,2801
sweep,3190
sweep,3155
sweep,2962
sweep,3537
sweep,2506
sweep,2808
sweep,4118
sweep,2341
sweep,3193
sweep,2187
sweep,3423
sweep,4199
sweep,4207
sweep,3511
sweep,3172
sweep,2894
sweep,3010
sweep,3114
sweep,2786
sweep,3285
sweep,2838
sweep,3089
sweep,2616
sweep,2719
sweep,3910
sweep,2934
sweep,2746
sweep,3102
sweep,2918
sweep,3311
sweep,2783
sweep,2785
sweep,2430
sweep,3825
sweep,3845
sweep,4081
sweep,4119
sweep,6166
sweep,7675
sweep,6071
sweep,8925
sweep,8478
sweep,8542
sweep,8416
sweep,7587
sweep,7345
sweep,780
mark,1038834
sweep,5077
sweep,3948
sweep,4262
sweep,4065
sweep,3585
sweep,4341
sweep,3560
sweep,3331
sweep,2746
sweep,3198
sweep,3008
sweep,2727
sweep,2888
sweep,3014
sweep,2571
sweep,2725
sweep,3419
sweep,2899
sweep,2867
sweep,3397
sweep,2326
sweep,2406
sweep,3933
sweep,2420
sweep,3096
sweep,2083
sweep,3420
sweep,3915
sweep,4612
sweep,3393
sweep,3104
sweep,2957
sweep,2840
sweep,3472
sweep,2846
sweep,3203
sweep,2730
sweep,3209
sweep,2730
sweep,2780
sweep,3761
sweep,2883
sweep,3004
sweep,3173
sweep,3051
sweep,3751
sweep,2859
sweep,2462
sweep,2473
sweep,5587
sweep,8898
sweep,8817
sweep,8661
sweep,7779
sweep,6067
sweep,6933
sweep,4116
sweep,4433
sweep,4685
sweep,6173
sweep,5802
sweep,5792
sweep,222
mark,1033153
sweep,4690
sweep,3847
sweep,3920
sweep,4230
sweep,3928
sweep,4026
sweep,3530
sweep,3100
sweep,2846
sweep,3352
sweep,3020
sweep,2736
sweep,2772
sweep,2781
sweep,2827
sweep,2749
sweep,3281
sweep,2946
sweep,3021
sweep,3591
sweep,2338
sweep,2561
sweep,4244
sweep,2476
sweep,3195
sweep,1819
sweep,3515
sweep,3601
sweep,4263
sweep,3814
sweep,3078
sweep,3050
sweep,2863
sweep,3064
sweep,2783
sweep,3337
sweep,3067
sweep,3087
sweep,2544
sweep,2959
sweep,3728
sweep,2853
sweep,2924
sweep,3009
sweep,2858
sweep,3459
sweep,2822
sweep,2750
sweep,2412
sweep,3376
sweep,4113
sweep,4000
sweep,4401
sweep,5721
sweep,8292
sweep,6445
sweep,8285
sweep,8378
sweep,8536
sweep,7433
sweep,6921
sweep,7048
sweep,882
mark,1036332
sweep,4801
sweep,4334
sweep,3885
sweep,3973
sweep,3966
sweep,4056
sweep,3669
sweep,3582
sweep,3079
sweep,3376
sweep,2996
sweep,2751
sweep,2946
sweep,3066
sweep,2894
sweep,3310
sweep,3347
sweep,2897
sweep,2990
sweep,3438
sweep,2666
sweep,2439
sweep,3900
sweep,2412
sweep,3190
sweep,2138
sweep,3383
sweep,4135
sweep,4470
sweep,3343
sweep,3168
sweep,2890
sweep,3278
sweep,3402
sweep,2765
sweep,3287
sweep,2937
sweep,3074
sweep,2581
sweep,2699
sweep,3791
sweep,2592
sweep,2791
sweep,2905
sweep,2854
sweep,3739
sweep,2711
sweep,2479
sweep,2392
sweep,5583
sweep,8585
sweep,8232
sweep,8901
sweep,8024
sweep,6233
sweep,7412
sweep,4064
sweep,4381
sweep,4452
sweep,6243
sweep,5851
sweep,5634
sweep,229
mark,1031031
sweep,4910
sweep,3827
sweep,3921
sweep,4009
sweep,3719
sweep,4382
sweep,3726
sweep,3144
sweep,3046
sweep,3303
sweep,3297
sweep,3221
sweep,2603
sweep,2949
sweep,3120
sweep,2710
sweep,3457
sweep,3053
sweep,3198
sweep,3450
sweep,2243
sweep,2713
sweep,3778
sweep,2715
sweep,3036
sweep,2037
sweep,3619
sweep,3727
sweep,4594
sweep,3530
sweep,3081
sweep,3223
sweep,2959
sweep,3104
sweep,2942
sweep,3311
sweep,2901
sweep,2965
sweep,2535
sweep,3022
sweep,3695
sweep,3016
sweep,2824
sweep,3485
sweep,2806
sweep,3396
sweep,2784
sweep,2811
sweep,2656
sweep,3525
sweep,3930
sweep,4004
sweep,4174
sweep,6185
sweep,7582
sweep,6085
sweep,8657
sweep,8532
sweep,8799
sweep,8128
sweep,7478
sweep,7519
sweep,760
mark,1037175
sweep,4598
sweep,3853
sweep,3890
sweep,4069
sweep,3692
sweep,4067
sweep,3600
sweep,3694
sweep,2973
sweep,3426
sweep,2979
sweep,2976
sweep,2673
sweep,2963
sweep,2709
sweep,2764
sweep,3237
sweep,2969
sweep,2987
sweep,3459
sweep,2550
sweep,2426
sweep,3967
sweep,2292
sweep,3092
sweep,1989
sweep,3687
sweep,3597
sweep,4159
sweep,3409
sweep,3070
sweep,2998
sweep,2991
sweep,3178
sweep,2843
sweep,3238
sweep,2948
sweep,3115
sweep,2533
sweep,2752
sweep,3706
sweep,2776
sweep,2901
sweep,3040
sweep,2753
sweep,3763
sweep,2771
sweep,2565
sweep,2687
sweep,5480
sweep,9205
sweep,8678
sweep,8410
sweep,7889
sweep,5779
sweep,7641
sweep,4094
sweep,4362
sweep,4204
sweep,6552
sweep,5716
sweep,6040
sweep,241
mark,1054488
sweep,4697
sweep,3752
sweep,4162
sweep,4072
sweep,3866
sweep,3881
sweep,3748
sweep,3122
sweep,2764
sweep,3112
sweep,3125
sweep,2734
sweep,2722
sweep,3090
sweep,2818
sweep,2709
sweep,3160
sweep,2995
sweep,3011
sweep,3392
sweep,2291
sweep,2490
sweep,3987
sweep,2499
sweep,3047
sweep,1852
sweep,3532
sweep,3689
sweep,4196
sweep,3687
sweep,3126
sweep,3222
sweep,2866
sweep,3027
sweep,2897
sweep,3491
sweep,2973
sweep,3408
sweep,2578
sweep,2669
sweep,3605
sweep,2805
sweep,2691
sweep,3560
sweep,2840
sweep,3471
sweep,2828
sweep,2768
sweep,2456
sweep,3403
sweep,4088
sweep,4006
sweep,4115
sweep,6166
sweep,7331
sweep,6135
sweep,8791
sweep,8215
sweep,8562
sweep,8481
sweep,7584
sweep,7632
sweep,836
mark,1036013
sweep,4868
sweep,3904
sweep,3984
sweep,4370
sweep,4015
sweep,4099
sweep,3667
sweep,3276
sweep,3029
sweep,3240
sweep,2903
sweep,2776
sweep,2887
sweep,3059
sweep,2861
sweep,2763
sweep,3659
sweep,2934
sweep,3190
sweep,3493
sweep,2369
sweep,2656
sweep,4043
sweep,2423
sweep,3230
sweep,1900
sweep,3378
sweep,3897
sweep,4386
sweep,3840
sweep,3196
sweep,3144
sweep,2918
sweep,2914
sweep,2718
sweep,3177
sweep,2726
sweep,3078
sweep,2713
sweep,3075
sweep,3767
sweep,3054
sweep,2654
sweep,2783
sweep,2830
sweep,3726
sweep,3055
sweep,2500
sweep,2422
sweep,5791
sweep,8726
sweep,8538
sweep,8509
sweep,7838
sweep,5953
sweep,6871
sweep,3988
sweep,4274
sweep,5037
sweep,5522
sweep,6015
sweep,6283
sweep,252
mark,1035299
sweep,4624
sweep,3983
sweep,4489
sweep,4266
sweep,3582
sweep,3980
sweep,3706
sweep,3146
sweep,2886
sweep,3450
sweep,3160
sweep,3050
sweep,3040
sweep,2934
sweep,2662
sweep,2982
sweep,3500
sweep,2933
sweep,3058
sweep,3651
sweep,2512
sweep,2458
sweep,3698
sweep,2433
sweep,3119
sweep,2160
sweep,3316
sweep,3799
sweep,4475
sweep,3587
sweep,3252
sweep,3195
sweep,2867
sweep,2970
sweep,2876
sweep,3238
sweep,2713
sweep,3337
sweep,2605
sweep,2919
sweep,4086
sweep,2785
sweep,2832
sweep,2908
sweep,2807
sweep,3549
sweep,2765
sweep,2552
sweep,2773
sweep,3771
sweep,4171
sweep,4398
sweep,4111
sweep,5524
sweep,7849
sweep,5917
sweep,8548
sweep,7993
sweep,8335
sweep,7109
sweep,7092
sweep,7268
sweep,901
mark,1036345
sweep,4784
sweep,4044
sweep,4041
sweep,4121
sweep,3649
sweep,4418
sweep,3593
sweep,3165
sweep,3098
sweep,3446
sweep,2930
sweep,3055
sweep,2579
sweep,3046
sweep,2587
sweep,3018
sweep,3362
sweep,2982
sweep,2995
sweep,3443
sweep,2361
sweep,2602
sweep,4043
sweep,2729
sweep,3094
sweep,1909
sweep,3433
sweep,3682
sweep,4823
sweep,3521
sweep,3169
sweep,3266
sweep,3474
sweep,3112
sweep,2929
sweep,3509
sweep,2939
sweep,3342
sweep,2628
sweep,2689
sweep,3983
sweep,2677
sweep,3018
sweep,2966
sweep,2911
sweep,3344
sweep,2744
sweep,2469
sweep,2426
sweep,5393
sweep,8960
sweep,8688
sweep,8452
sweep,7687
sweep,6143
sweep,6929
sweep,4000
sweep,4401
sweep,4885
sweep,6045
sweep,5892
sweep,5789
sweep,224
mark,1027871
sweep,4551
sweep,3985
sweep,4007
sweep,4375
sweep,3660
sweep,4285
sweep,3815
sweep,3158
sweep,3153
sweep,3395
sweep,3036
sweep,2971
sweep,2918
sweep,3031
sweep,2599
sweep,2656
sweep,3547
sweep,2955
sweep,3398
sweep,3381
sweep,2696
sweep,2483
sweep,3909
sweep,2508
sweep,3120
sweep,2038
sweep,3450
sweep,3590
sweep,4828
sweep,3630
sweep,3153
sweep,3230
sweep,2914
sweep,3060
sweep,2855
sweep,3234
sweep,2732
sweep,2982
sweep,2461
sweep,2811
sweep,3687
sweep,3296
sweep,2729
sweep,3017
sweep,2758
sweep,3367
sweep,2919
sweep,2489
sweep,2423
sweep,3823
sweep,4219
sweep,4099
sweep,4147
sweep,6069
sweep,7870
sweep,6216
sweep,8413
sweep,8346
sweep,8368
sweep,7533
sweep,7041
sweep,7144
sweep,821
mark,1038884
sweep,4611
sweep,4155
sweep,4313
sweep,4180
sweep,4086
sweep,4256
sweep,3529
sweep,3093
sweep,3124
sweep,3234
sweep,3347
sweep,2824
sweep,3081
sweep,3129
sweep,3055
sweep,3046
sweep,3246
sweep,2930
sweep,3299
sweep,3348
sweep,2335
sweep,2628
sweep,3765
sweep,2446
sweep,3136
sweep,1956
sweep,3510
sweep,3725
sweep,4394
sweep,3503
sweep,3551
sweep,3182
sweep,2829
sweep,2939
sweep,2737
sweep,3364
sweep,2735
sweep,3158
sweep,2573
sweep,3042
sweep,3685
sweep,2600
sweep,2903
sweep,3153
sweep,2857
sweep,3671
sweep,3022
sweep,2440
sweep,2520
sweep,5524
sweep,8664
sweep,8608
sweep,8789
sweep,7845
sweep,6334
sweep,6914
sweep,3865
sweep,4605
sweep,4897
sweep,6156
sweep,5828
sweep,5745
sweep,222
mark,1027620
sweep,4769
sweep,4255
sweep,4360
sweep,4240
sweep,3862
sweep,4328
sweep,3572
sweep,3368
sweep,2879
sweep,3050
sweep,3044
sweep,2744
sweep,2918
sweep,2721
sweep,2596
sweep,2710
sweep,3597
sweep,2895
sweep,3270
sweep,3698
sweep,2589
sweep,2677
sweep,3900
sweep,2600
sweep,3414
sweep,1910
sweep,3643
sweep,3715
sweep,4186
sweep,3759
sweep,3032
sweep,3341
sweep,2912
sweep,3212
sweep,2783
sweep,3372
sweep,2674
sweep,3056
sweep,2655
sweep,2945
sweep,3923
sweep,2648
sweep,2941
sweep,3267
sweep,2774
sweep,3672
sweep,2747
sweep,2598
sweep,2555
sweep,3479
sweep,4050
sweep,4072
sweep,4154
sweep,5674
sweep,7808
sweep,6523
sweep,8470
sweep,8120
sweep,8146
sweep,7140
sweep,7755
sweep,7226
sweep,828
mark,1028618
sweep,4594
sweep,4379
sweep,4069
sweep,4340
sweep,3774
sweep,4309
sweep,4070
sweep,3715
sweep,2886
sweep,3677
sweep,3288
sweep,2786
sweep,2726
sweep,3227
sweep,2640
sweep,2745
sweep,3294
sweep,2904
sweep,3179
sweep,3451
sweep,2765
sweep,2686
sweep,3598
sweep,2377
sweep,3429
sweep,1948
sweep,3355
sweep,3890
sweep,4572
sweep,3260
sweep,3165
sweep,3217
sweep,2914
sweep,3363
sweep,2727
sweep,3038
sweep,2864
sweep,3122
sweep,2508
sweep,2837
sweep,3888
sweep,2665
sweep,2847
sweep,2912
sweep,2948
sweep,3462
sweep,2885
sweep,2506
sweep,2731
sweep,5937
sweep,8195
sweep,8976
sweep,8599
sweep,7803
sweep,6129
sweep,6966
sweep,3966
sweep,4541
sweep,4779
sweep,6261
sweep,5591
sweep,6202
sweep,224
mark,1024839
sweep,4819
sweep,9148
sweep,4574
sweep,4280
sweep,3644
sweep,4131
sweep,3587
sweep,3089
sweep,2829
sweep,3193
sweep,3304
sweep,2819
sweep,2701
sweep,2988
sweep,2586
sweep,2602
sweep,3193
sweep,3190
sweep,3173
sweep,3279
sweep,2478
sweep,2799
sweep,3778
sweep,2352
sweep,3132
sweep,1924
sweep,3387
sweep,4170
sweep,4270
sweep,3261
sweep,3106
sweep,3318
sweep,2951
sweep,3076
sweep,3079
sweep,3410
sweep,2776
sweep,2991
sweep,2728
sweep,2905
sweep,3626
sweep,2737
sweep,2917
sweep,3092
sweep,2824
sweep,3401
sweep,3080
sweep,2771
sweep,2474
sweep,3514
sweep,4293
sweep,4058
sweep,4378
sweep,6036
sweep,7616
sweep,6336
sweep,8781
sweep,8416
sweep,8707
sweep,8464
sweep,7506
sweep,7547
sweep,831
mark,1032005
sweep,4809
sweep,3786
sweep,4459
sweep,4079
sweep,3660
sweep,4221
sweep,3687
sweep,3118
sweep,2837
sweep,3324
sweep,3248
sweep,2749
sweep,2854
sweep,2890
sweep,2533
sweep,2747
sweep,3418
sweep,2862
sweep,3009
sweep,3412
sweep,2369
sweep,2544
sweep,3762
sweep,2351
sweep,3522
sweep,1866
sweep,3732
sweep,3658
sweep,4148
sweep,3433
sweep,3150
sweep,3108
sweep,2834
sweep,3061
sweep,2899
sweep,3089
sweep,2732
sweep,3227
sweep,2772
sweep,2560
sweep,3937
sweep,3022
sweep,2602
sweep,2891
sweep,2876
sweep,3380
sweep,3133
sweep,2749
sweep,2417
sweep,5297
sweep,8946
sweep,8596
sweep,8436
sweep,7928
sweep,5754
sweep,7399
sweep,4039
sweep,4631
sweep,4189
sweep,5559
sweep,5947
sweep,6157
sweep,226
mark,1025603
sweep,4501
sweep,4143
sweep,4522
sweep,4083
sweep,3933
sweep,4043
sweep,3509
sweep,3067
sweep,3152
sweep,3273
sweep,3112
sweep,2986
sweep,2873
sweep,2859
sweep,2476
sweep,2761
sweep,3421
sweep,3042
sweep,3120
sweep,3928
sweep,2429
sweep,2471
sweep,3856
sweep,2830
sweep,3092
sweep,1947
sweep,3342
sweep,3889
sweep,4447
sweep,3563
sweep,3280
sweep,2985
sweep,3206
sweep,3057
sweep,2893
sweep,3294
sweep,2850
sweep,3002
sweep,2488
sweep,3012
sweep,3766
sweep,2747
sweep,2716
sweep,3214
sweep,2977
sweep,3630
sweep,2895
sweep,2572
sweep,2741
sweep,3761
sweep,4532
sweep,4022
sweep,4155
sweep,5510
sweep,8587
sweep,6412
sweep,9072
sweep,7879
sweep,8826
sweep,7036
sweep,7689
sweep,7023
sweep,801
mark,1030863
sweep,4649
sweep,4154
sweep,4199
sweep,4225
sweep,3680
sweep,4117
sweep,3550
sweep,3527
sweep,3186
sweep,3514
sweep,3248
sweep,2681
sweep,2751
sweep,2866
sweep,2966
sweep,2767
sweep,3324
sweep,3118
sweep,2964
sweep,3785
sweep,2603
sweep,2396
sweep,3735
sweep,2521
sweep,3265
sweep,1898
sweep,3567
sweep,3812
sweep,4413
sweep,3803
sweep,3117
sweep,3007
sweep,2912
sweep,3316
sweep,2751
sweep,3202
sweep,2653
sweep,3310
sweep,2780
sweep,3056
sweep,4180
sweep,3002
sweep,3025
sweep,3136
sweep,2782
sweep,3608
sweep,2620
sweep,2887
sweep,2551
sweep,5605
sweep,8555
sweep,8909
sweep,8768
sweep,8220
sweep,6341
sweep,7573
sweep,4383
sweep,4268
sweep,4626
sweep,6177
sweep,5855
sweep,5771
sweep,226
mark,1035092
sweep,4699
sweep,4435
sweep,4356
sweep,3963
sweep,3748
sweep,4207
sweep,3451
sweep,3144
sweep,2765
sweep,3153
sweep,3334
sweep,3012
sweep,2682
sweep,2865
sweep,2587
sweep,2823
sweep,3530
sweep,3389
sweep,3156
sweep,3684
sweep,2679
sweep,2526
sweep,3716
sweep,2317
sweep,3010
sweep,2058
sweep,3363
sweep,3933
sweep,4286
sweep,3460
sweep,3085
sweep,2995
sweep,2929
sweep,2892
sweep,2740
sweep,3328
sweep,3025
sweep,3054
sweep,2635
sweep,2675
sweep,3669
sweep,2761
sweep,2726
sweep,3132
sweep,2963
sweep,3537
sweep,2767
sweep,2525
sweep,2502
sweep,3635
sweep,3968
sweep,4073
sweep,4421
sweep,5829
sweep,7806
sweep,6521
sweep,8505
sweep,8270
sweep,8517
sweep,7531
sweep,7102
sweep,7091
sweep,822
mark,1036818
sweep,4722
sweep,4245
sweep,4027
sweep,4010
sweep,3664
sweep,3866
sweep,3718
sweep,3293
sweep,2886
sweep,3546
sweep,3338
sweep,3247
sweep,2792
sweep,2930
sweep,2604
sweep,2878
sweep,3587
sweep,3289
sweep,3120
sweep,3612
sweep,2450
sweep,2865
sweep,3978
sweep,2325
sweep,3282
sweep,2115
sweep,3603
sweep,3698
sweep,4185
sweep,3707
sweep,3516
sweep,3188
sweep,2861
sweep,3063
sweep,3325
sweep,3287
sweep,2757
sweep,3089
sweep,2503
sweep,2666
sweep,3946
sweep,2666
sweep,2666
sweep,2888
sweep,2915
sweep,3493
sweep,2748
sweep,2611
sweep,2708
sweep,5754
sweep,8738
sweep,8776
sweep,8756
sweep,7817
sweep,6301
sweep,12857
sweep,4035
sweep,4373
sweep,4722
sweep,6176
sweep,5677
sweep,5958
sweep,232
mark,1028220
sweep,4562
sweep,4049
sweep,3876
sweep,4033
sweep,4001
sweep,4050
sweep,3652
sweep,3047
sweep,2756
sweep,3319
sweep,3346
sweep,2719
sweep,2704
sweep,2836
sweep,2636
sweep,2910
sweep,3359
sweep,3295
sweep,3019
sweep,3404
sweep,2463
sweep,2546
sweep,3833
sweep,2436
sweep,3092
sweep,1927
sweep,3733
sweep,3671
sweep,4549
sweep,3295
sweep,3329
sweep,3141
sweep,2858
sweep,3074
sweep,2762
sweep,3277
sweep,2746
sweep,3073
sweep,2804
sweep,2614
sweep,3786
sweep,2732
sweep,2694
sweep,3188
sweep,3390
sweep,3700
sweep,2708
sweep,2531
sweep,2522
sweep,3652
sweep,3872
sweep,4133
sweep,4182
sweep,5605
sweep,8444
sweep,6264
sweep,8870
sweep,8764
sweep,9130
sweep,7159
sweep,7073
sweep,7018
sweep,784
mark,1033033
sweep,4609
sweep,3968
sweep,3862
sweep,4322
sweep,3839
sweep,4122
sweep,3655
sweep,3408
sweep,3010
sweep,3427
sweep,3066
sweep,2996
sweep,2636
sweep,2889
sweep,3038
sweep,2659
sweep,3407
sweep,2941
sweep,3079
sweep,3382
sweep,2343
sweep,2421
sweep,3762
sweep,2351
sweep,3084
sweep,1962
sweep,3577
sweep,3681
sweep,4653
sweep,3857
sweep,3183
sweep,3023
sweep,2936
sweep,2987
sweep,2819
sweep,2962
sweep,2840
sweep,3379
sweep,2673
sweep,2724
sweep,3898
sweep,2687
sweep,2928
sweep,2996
sweep,2983
sweep,3670
sweep,2791
sweep,2714
sweep,2534
sweep,5630
sweep,8940
sweep,8486
sweep,8610
sweep,8055
sweep,6265
sweep,7381
sweep,4081
sweep,4644
sweep,4347
sweep,5859
sweep,5692
sweep,6628
sweep,229
mark,1037879
sweep,4467
sweep,4411
sweep,4561
sweep,4039
sweep,3822
sweep,4292
sweep,3504
sweep,3175
sweep,2842
sweep,3098
sweep,3605
sweep,2753
sweep,3182
sweep,2684
sweep,2661
sweep,2636
sweep,3279
sweep,2940
sweep,3235
sweep,3496
sweep,2487
sweep,2632
sweep,4052
sweep,2618
sweep,3583
sweep,1900
sweep,3595
sweep,3943
sweep,4466
sweep,3404
sweep,3423
sweep,3119
sweep,2967
sweep,3040
sweep,2920
sweep,3544
sweep,2782
sweep,3069
sweep,2562
sweep,2800
sweep,3906
sweep,2748
sweep,3204
sweep,3239
sweep,3128
sweep,3514
sweep,2852
sweep,2557
sweep,2548
sweep,3880
sweep,4353
sweep,4027
sweep,4755
sweep,6076
sweep,8419
sweep,6009
sweep,8945
sweep,8953
sweep,8901
sweep,7291
sweep,7512
sweep,7132
sweep,843
mark,1053037
sweep,4759
sweep,3797
sweep,4273
sweep,4276
sweep,3608
sweep,4247
sweep,3584
sweep,3164
sweep,2985
sweep,3501
sweep,3224
sweep,2821
sweep,2671
sweep,3079
sweep,2715
sweep,2748
sweep,3311
sweep,3249
sweep,3343
sweep,3749
sweep,2645
sweep,2540
sweep,3846
sweep,2489
sweep,3158
sweep,2260
sweep,3411
sweep,3781
sweep,4310
sweep,3946
sweep,3041
sweep,3172
sweep,2803
sweep,3142
sweep,2774
sweep,3424
sweep,2753
sweep,3152
sweep,2508
sweep,2643
sweep,4297
sweep,2759
sweep,2909
sweep,3141
sweep,3126
sweep,3381
sweep,2785
sweep,2546
sweep,2482
sweep,5318
sweep,9160
sweep,8592
sweep,8874
sweep,8173
sweep,6136
sweep,7865
sweep,4048
sweep,4385
sweep,4630
sweep,6062
sweep,6061
sweep,6200
sweep,229
mark,1051242
sweep,4763
sweep,4050
sweep,4664
sweep,4007
sweep,3923
sweep,3945
sweep,3753
sweep,3164
sweep,2844
sweep,3151
sweep,3245
sweep,2985
sweep,2854
sweep,2906
sweep,2677
sweep,2826
sweep,3342
sweep,3327
sweep,3321
sweep,3582
sweep,2296
sweep,2852
sweep,3791
sweep,2396
sweep,3100
sweep,1912
sweep,3441
sweep,3840
sweep,4303
sweep,3343
sweep,3035
sweep,2905
sweep,3013
sweep,3114
sweep,2796
sweep,3577
sweep,2892
sweep,3013
sweep,2540
sweep,2859
sweep,3744
sweep,2853
sweep,2948
sweep,3450
sweep,3057
sweep,3429
sweep,3048
sweep,2519
sweep,2551
sweep,3503
sweep,3922
sweep,4047
sweep,4291
sweep,6063
sweep,8006
sweep,6191
sweep,8745
sweep,8595
sweep,8636
sweep,8072
sweep,7406
sweep,7591
sweep,929
mark,1040254
sweep,4536
sweep,4092
sweep,4474
sweep,3954
sweep,3780
sweep,4227
sweep,3627
sweep,3467
sweep,2747
sweep,3348
sweep,3318
sweep,2973
sweep,2847
sweep,2864
sweep,2662
sweep,2690
sweep,3331
sweep,2894
sweep,2854
sweep,3260
sweep,2332
sweep,2377
sweep,3973
sweep,2420
sweep,2982
sweep,2058
sweep,3551
sweep,3847
sweep,4620
sweep,3359
sweep,3232
sweep,2973
sweep,2910
sweep,3177
sweep,3042
sweep,3278
sweep,2968
sweep,3077
sweep,2461
sweep,2558
sweep,3665
sweep,2634
sweep,2581
sweep,3038
sweep,3230
sweep,3367
sweep,2744
sweep,2481
sweep,2762
sweep,5500
sweep,8569
sweep,8577
sweep,8277
sweep,8023
sweep,6284
sweep,7440
sweep,3968
sweep,4389
sweep,4276
sweep,5759
sweep,6074
sweep,6123
sweep,224
mark,1024586
sweep,5334
sweep,3890
sweep,3991
sweep,4247
sweep,3879
sweep,4049
sweep,3614
sweep,3068
sweep,2853
sweep,3311
sweep,3136
sweep,2891
sweep,2878
sweep,2634
sweep,2511
sweep,2716
sweep,3098
sweep,3073
sweep,2993
sweep,3576
sweep,2294
sweep,2680
sweep,3850
sweep,2519
sweep,3224
sweep,1845
sweep,3318
sweep,3605
sweep,4501
sweep,3572
sweep,3153
sweep,3547
sweep,2883
sweep,3109
sweep,2784
sweep,3449
sweep,2783
sweep,2941
sweep,2541
sweep,3114
sweep,4078
sweep,3062
sweep,2639
sweep,3108
sweep,2974
sweep,3381
sweep,2929
sweep,2541
sweep,2637
sweep,3609
sweep,3976
sweep,4092
sweep,4439
sweep,5944
sweep,7986
sweep,6523
sweep,8291
sweep,8243
sweep,8364
sweep,7473
sweep,7105
sweep,7105
sweep,837
mark,1028748
sweep,4569
sweep,3830
sweep,3908
sweep,4098
sweep,3681
sweep,4301
sweep,3735
sweep,3110
sweep,2947
sweep,3160
sweep,2972
sweep,3103
sweep,2623
sweep,2890
sweep,2843
sweep,3015
sweep,3722
sweep,3067
sweep,3090
sweep,3535
sweep,2505
sweep,2429
sweep,3777
sweep,2384
sweep,3145
sweep,1973
sweep,3763
sweep,3630
sweep,4569
sweep,3681
sweep,3106
sweep,3035
sweep,2988
sweep,3081
sweep,2790
sweep,3204
sweep,3060
sweep,3235
sweep,2483
sweep,2929
sweep,3784
sweep,2643
sweep,3060
sweep,3323
sweep,2947
sweep,3493
sweep,2834
sweep,2444
sweep,2475
sweep,6050
sweep,8871
sweep,8333
sweep,8505
sweep,7743
sweep,6040
sweep,7551
sweep,4359
sweep,4429
sweep,4468
sweep,5816
sweep,5841
sweep,5991
sweep,232
mark,1030568
sweep,4542
sweep,3966
sweep,3860
sweep,4600
sweep,4046
sweep,4375
sweep,3680
sweep,3390
sweep,3092
sweep,3705
sweep,3288
sweep,2730
sweep,2730
sweep,3003
sweep,2782
sweep,2636
sweep,3528
sweep,3059
sweep,3075
sweep,3489
sweep,2390
sweep,2538
sweep,4234
sweep,2602
sweep,3809
sweep,1869
sweep,3685
sweep,4076
sweep,4504
sweep,3618
sweep,3386
sweep,3073
sweep,2946
sweep,3034
sweep,2869
sweep,3448
sweep,3375
sweep,3063
sweep,2568
sweep,2634
sweep,3974
sweep,3012
sweep,2711
sweep,3035
sweep,2872
sweep,3448
sweep,2674
sweep,2388
sweep,2445
sweep,3826
sweep,4319
sweep,4007
sweep,4132
sweep,5951
sweep,7863
sweep,6207
sweep,8429
sweep,8152
sweep,8652
sweep,8218
sweep,7331
sweep,7714
sweep,833
mark,1030384
sweep,4600
sweep,4081
sweep,3982
sweep,4181
sweep,3739
sweep,4136
sweep,3619
sweep,3164
sweep,2822
sweep,3311
sweep,3032
sweep,3283
sweep,2891
sweep,2967
sweep,2637
sweep,2680
sweep,3291
sweep,3158
sweep,2970
sweep,3375
sweep,2581
sweep,2450
sweep,3890
sweep,2435
sweep,3053
sweep,2139
sweep,3709
sweep,3938
sweep,4488
sweep,3387
sweep,3167
sweep,3078
sweep,3056
sweep,3166
sweep,2853
sweep,3087
sweep,2737
sweep,3038
sweep,2558
sweep,2959
sweep,3757
sweep,3366
sweep,2655
sweep,3107
sweep,3004
sweep,3386
sweep,2940
sweep,2504
sweep,2548
sweep,5770
sweep,8427
sweep,8993
sweep,8550
sweep,7518
sweep,5829
sweep,6816
sweep,3935
sweep,4370
sweep,4932
sweep,6294
sweep,5693
sweep,5824
sweep,225
mark,1026578
sweep,4610
sweep,3797
sweep,4133
sweep,4432
sweep,3565
sweep,4081
sweep,3522
sweep,3108
sweep,2785
sweep,3064
sweep,3406
sweep,2896
sweep,2687
sweep,2747
sweep,2671
sweep,2717
sweep,3423
sweep,2953
sweep,3250
sweep,3393
sweep,2623
sweep,2651
sweep,3779
sweep,2635
sweep,3123
sweep,1813
sweep,3432
sweep,3587
sweep,4212
sweep,3859
sweep,3149
sweep,2973
sweep,2845
sweep,3252
sweep,2787
sweep,3534
sweep,3002
sweep,3143
sweep,2635
sweep,2755
sweep,4089
sweep,2808
sweep,2640
sweep,2845
sweep,3112
sweep,3502
sweep,3015
sweep,2614
sweep,2504
sweep,3597
sweep,4663
sweep,4646
sweep,4180
sweep,6135
sweep,8342
sweep,6548
sweep,8464
sweep,8294
sweep,8867
sweep,7237
sweep,7142
sweep,7014
sweep,784
mark,1034847
sweep,27179
sweep,4169
sweep,3885
sweep,4106
sweep,3817
sweep,4005
sweep,4098
sweep,3075
sweep,3012
sweep,3438
sweep,3297
sweep,2892
sweep,2653
sweep,3120
sweep,2880
sweep,2893
sweep,3592
sweep,2818
sweep,3230
sweep,3797
sweep,2333
sweep,2641
sweep,4099
sweep,2340
sweep,3120
sweep,1863
sweep,3676
sweep,3637
sweep,4349
sweep,3505
sweep,3284
sweep,2923
sweep,2952
sweep,2957
sweep,2854
sweep,3074
sweep,2705
sweep,3114
sweep,2499
sweep,2640
sweep,3780
sweep,2671
sweep,2716
sweep,2990
sweep,3015
sweep,3411
sweep,2618
sweep,2500
sweep,2514
sweep,5740
sweep,8594
sweep,16673
sweep,9014
sweep,8191
sweep,6303
sweep,7378
sweep,4109
sweep,4393
sweep,4892
sweep,5661
sweep,5922
sweep,12879
sweep,223
mark,1031150
sweep,4969
sweep,4159
sweep,3966
sweep,4163
sweep,3794
sweep,4089
sweep,3460
sweep,3230
sweep,2870
sweep,3218
sweep,3157
sweep,3129
sweep,2808
sweep,3011
sweep,2560
sweep,2982
sweep,3265
sweep,3226
sweep,3056
sweep,3783
sweep,2586
sweep,2602
sweep,3836
sweep,2439
sweep,3182
sweep,1929
sweep,3338
sweep,3894
sweep,4289
sweep,3449
sweep,3136
sweep,3138
sweep,3354
sweep,3111
sweep,2803
sweep,3314
sweep,2771
sweep,3382
sweep,2514
sweep,2643
sweep,3839
sweep,2954
sweep,2865
sweep,2977
sweep,2807
sweep,3763
sweep,2758
sweep,2492
sweep,2493
sweep,3654
sweep,4108
sweep,3868
sweep,4020
sweep,6171
sweep,7741
sweep,6346
sweep,8713
sweep,8407
sweep,8708
sweep,8222
sweep,7236
sweep,7041
sweep,833
mark,1025952
sweep,4529
sweep,4204
sweep,4100
sweep,4047
sweep,3621
sweep,4248
sweep,3601
sweep,3221
sweep,2857
sweep,3494
sweep,3131
sweep,2699
sweep,2616
sweep,2655
sweep,2686
sweep,2764
sweep,3664
sweep,3231
sweep,2999
sweep,3758
sweep,2469
sweep,2538
sweep,3787
sweep,2480
sweep,3659
sweep,2199
sweep,3582
sweep,3804
sweep,4586
sweep,3525
sweep,3009
sweep,2978
sweep,2941
sweep,3055
sweep,3147
sweep,3081
sweep,2808
sweep,3079
sweep,2477
sweep,2974
sweep,3914
sweep,3031
sweep,2674
sweep,2900
sweep,2894
sweep,3706
sweep,2812
sweep,2518
sweep,2691
sweep,5452
sweep,8955
sweep,8504
sweep,8998
sweep,7727
sweep,6152
sweep,7170
sweep,4102
sweep,4279
sweep,4911
sweep,6076
sweep,5932
sweep,5698
sweep,223
mark,1049275
sweep,4802
sweep,4261
sweep,3984
sweep,4163
sweep,3682
sweep,4113
sweep,3988
sweep,3100
sweep,2758
sweep,3145
sweep,3412
sweep,3094
sweep,2727
sweep,2756
sweep,2758
sweep,2649
sweep,3632
sweep,2880
sweep,2924
sweep,3477
sweep,2600
sweep,2798
sweep,3813
sweep,2637
sweep,3185
sweep,2155
sweep,3579
sweep,3756
sweep,4148
sweep,3387
sweep,3175
sweep,3129
sweep,3161
sweep,3440
sweep,2842
sweep,3404
sweep,2951
sweep,3255
sweep,2660
sweep,2687
sweep,3706
sweep,2753
sweep,3031
sweep,3174
sweep,2906
sweep,3397
sweep,2789
sweep,2660
sweep,2473
sweep,3776
sweep,4118
sweep,3963
sweep,4382
sweep,5818
sweep,8541
sweep,6490
sweep,8748
sweep,8587
sweep,8772
sweep,8113
sweep,7524
sweep,7401
sweep,831
mark,1037491
sweep,4637
sweep,3781
sweep,3838
sweep,4320
sweep,3878
sweep,4080
sweep,3792
sweep,3140
sweep,3230
sweep,3512
sweep,2953
sweep,3134
sweep,2920
sweep,2803
sweep,2760
sweep,2811
sweep,3308
sweep,2922
sweep,2931
sweep,3351
sweep,2282
sweep,2677
sweep,3801
sweep,2577
sweep,3203
sweep,1903
sweep,3268
sweep,3640
sweep,4380
sweep,4114
sweep,3428
sweep,2953
sweep,3332
sweep,3080
sweep,3074
sweep,3229
sweep,2893
sweep,3371
sweep,2617
sweep,2635
sweep,3785
sweep,2598
sweep,2755
sweep,3006
sweep,2919
sweep,3460
sweep,3047
sweep,2640
sweep,2495
sweep,5369
sweep,8442
sweep,8751
sweep,8625
sweep,7737
sweep,6292
sweep,7038
sweep,3988
sweep,4694
sweep,4908
sweep,5952
sweep,5983
sweep,5827
sweep,223
mark,1033602
sweep,4748
sweep,4251
sweep,4139
sweep,3972
sweep,3778
sweep,4330
sweep,3577
sweep,3047
sweep,3055
sweep,3077
sweep,2969
sweep,3062
sweep,2682
sweep,3156
sweep,2539
sweep,2847
sweep,3407
sweep,2932
sweep,2892
sweep,3729
sweep,2537
sweep,2683
sweep,3946
sweep,2379
sweep,3018
sweep,2087
sweep,3427
sweep,3802
sweep,4617
sweep,3261
sweep,3283
sweep,2949
sweep,2875
sweep,2935
sweep,2749
sweep,3072
sweep,3008
sweep,3106
sweep,2931
sweep,2921
sweep,3877
sweep,2781
sweep,3129
sweep,3006
sweep,2792
sweep,3379
sweep,2832
sweep,2598
sweep,2439
sweep,3491
sweep,4525
sweep,4064
sweep,4129
sweep,5719
sweep,8650
sweep,5960
sweep,8838
sweep,8631
sweep,8572
sweep,7191
sweep,7227
sweep,7498
sweep,806
mark,1036665
sweep,5141
sweep,3918
sweep,4100
sweep,3928
sweep,3544
sweep,4310
sweep,3903
sweep,3243
sweep,3013
sweep,3504
sweep,3312
sweep,2853
sweep,2972
sweep,2961
sweep,2584
sweep,2713
sweep,3331
sweep,3145
sweep,3120
sweep,3376
sweep,2621
sweep,2618
sweep,3983
sweep,2556
sweep,3630
sweep,1893
sweep,3683
sweep,3595
sweep,4259
sweep,3593
sweep,3322
sweep,3123
sweep,2877
sweep,3075
sweep,2852
sweep,3253
sweep,2933
sweep,3198
sweep,2784
sweep,2658
sweep,3835
sweep,3025
sweep,2645
sweep,2907
sweep,3214
sweep,3418
sweep,3094
sweep,2559
sweep,2558
sweep,5589
sweep,9561
sweep,8806
sweep,8613
sweep,7998
sweep,5903
sweep,7521
sweep,3846
sweep,4403
sweep,5046
sweep,6262
sweep,5555
sweep,5757
sweep,238
mark,1029961
sweep,4598
sweep,3709
sweep,4257
sweep,3949
sweep,3889
sweep,4054
sweep,3735
sweep,3083
sweep,2877
sweep,3329
sweep,3063
sweep,2734
sweep,2707
sweep,2920
sweep,2514
sweep,2767
sweep,3283
sweep,2917
sweep,3130
sweep,3476
sweep,2605
sweep,2783
sweep,3763
sweep,2362
sweep,3139
sweep,1804
sweep,3355
sweep,4211
sweep,4655
sweep,3468
sweep,3231
sweep,2979
sweep,2911
sweep,2848
sweep,2869
sweep,3218
sweep,3038
sweep,3218
sweep,2469
sweep,3231
sweep,3865
sweep,3145
sweep,2793
sweep,3109
sweep,3046
sweep,3562
sweep,2792
sweep,2688
sweep,2509
sweep,3759
sweep,4121
sweep,4039
sweep,4257
sweep,6149
sweep,7502
sweep,5893
sweep,8440
sweep,8294
sweep,8506
sweep,7587
sweep,7043
sweep,7147
sweep,832
mark,1030059
sweep,4868
sweep,4217
sweep,3970
sweep,4044
sweep,3723
sweep,4273
sweep,3678
sweep,3132
sweep,3246
sweep,3266
sweep,2985
sweep,2697
sweep,2705
sweep,2991
sweep,2646
sweep,2660
sweep,3222
sweep,2898
sweep,2895
sweep,3420
sweep,2321
sweep,2558
sweep,3892
sweep,2294
sweep,3618
sweep,1895
sweep,3555
sweep,3549
sweep,4261
sweep,3352
sweep,3328
sweep,3221
sweep,3155
sweep,3096
sweep,2806
sweep,3457
sweep,2981
sweep,3079
sweep,2682
sweep,2743
sweep,3952
sweep,2886
sweep,2641
sweep,2904
sweep,3142
sweep,3333
sweep,2798
sweep,2810
sweep,2738
sweep,5544
sweep,8662
sweep,8462
sweep,8495
sweep,8159
sweep,6424
sweep,7454
sweep,4665
sweep,4233
sweep,4952
sweep,6154
sweep,5669
sweep,5799
sweep,218
mark,1026933
sweep,5100
sweep,4105
sweep,4160
sweep,3950
sweep,3621
sweep,4165
sweep,3856
sweep,3174
sweep,2876
sweep,3266
sweep,3068
sweep,2874
sweep,2987
sweep,2916
sweep,2586
sweep,3016
sweep,3241
sweep,2954
sweep,3058
sweep,3370
sweep,2386
sweep,2847
sweep,3838
sweep,2609
sweep,3091
sweep,2119
sweep,4005
sweep,3757
sweep,4788
sweep,3482
sweep,3104
sweep,3146
sweep,2915
sweep,11385
sweep,2787
sweep,3330
sweep,2799
sweep,3117
sweep,2810
sweep,2761
sweep,4272
sweep,2578
sweep,2767
sweep,3069
sweep,2908
sweep,3485
sweep,3200
sweep,2881
sweep,2421
sweep,3394
sweep,4081
sweep,4110
sweep,4381
sweep,5931
sweep,7606
sweep,6518
sweep,8764
sweep,8136
sweep,8459
sweep,7334
sweep,7162
sweep,7596
sweep,842
mark,1027068
sweep,4479
sweep,3621
sweep,3943
sweep,4424
sweep,3581
sweep,4001
sweep,3528
sweep,3466
sweep,2900
sweep,3466
sweep,3016
sweep,2727
sweep,2856
sweep,2761
sweep,10938
sweep,2767
sweep,3247
sweep,2899
sweep,3192
sweep,3504
sweep,2383
sweep,2532
sweep,4083
sweep,2670
sweep,3240
sweep,1948
sweep,3354
sweep,3860
sweep,4200
sweep,3364
sweep,3629
sweep,2920
sweep,3277
sweep,3033
sweep,2730
sweep,3287
sweep,2758
sweep,3196
sweep,2550
sweep,3185
sweep,3683
sweep,2813
sweep,2693
sweep,2989
sweep,2774
sweep,3392
sweep,2842
sweep,2614
sweep,2764
sweep,5359
sweep,8665
sweep,8738
sweep,8764
sweep,7387
sweep,6214
sweep,6777
sweep,4024
sweep,4530
sweep,4647
sweep,6263
sweep,5786
sweep,5903
sweep,219
mark,1029151
sweep,5065
sweep,4009
sweep,4058
sweep,4427
sweep,3641
sweep,4177
sweep,3399
sweep,3111
sweep,2880
sweep,3230
sweep,3064
sweep,2719
sweep,2688
sweep,2697
sweep,2929
sweep,2653
sweep,3515
sweep,3216
sweep,3085
sweep,3428
sweep,2508
sweep,2808
sweep,3999
sweep,2504
sweep,3702
sweep,2029
sweep,3399
sweep,3731
sweep,4177
sweep,3219
sweep,3023
sweep,3357
sweep,3202
sweep,3026
sweep,2788
sweep,3266
sweep,2824
sweep,3139
sweep,2709
sweep,2759
sweep,3768
sweep,2652
sweep,2644
sweep,3195
sweep,2791
sweep,3494
sweep,2733
sweep,2418
sweep,2703
sweep,3485
sweep,4101
sweep,4227
sweep,4502
sweep,6234
sweep,7635
sweep,5946
sweep,8414
sweep,8376
sweep,8358
sweep,7692
sweep,7297
sweep,7000
sweep,826
mark,1035919
sweep,4589
sweep,4301
sweep,3889
sweep,4397
sweep,3762
sweep,4194
sweep,3738
sweep,3161
sweep,3065
sweep,3489
sweep,3342
sweep,2861
sweep,2884
sweep,2846
sweep,2544
sweep,2698
sweep,3121
sweep,2980
sweep,3202
sweep,3357
sweep,2412
sweep,2415
sweep,4132
sweep,2557
sweep,3215
sweep,1915
sweep,3665
sweep,3895
sweep,4193
sweep,3398
sweep,3230
sweep,3018
sweep,2863
sweep,3054
sweep,2729
sweep,3580
sweep,2737
sweep,3359
sweep,2784
sweep,2626
sweep,3989
sweep,2602
sweep,2690
sweep,2919
sweep,3060
sweep,3543
sweep,2859
sweep,2615
sweep,2514
sweep,5256
sweep,8967
sweep,8437
sweep,8593
sweep,8398
sweep,6409
sweep,6850
sweep,3982
sweep,4704
sweep,4829
sweep,6241
sweep,5898
sweep,5778
sweep,249
mark,1025926
sweep,4797
sweep,4190
sweep,3956
sweep,4415
sweep,3732
sweep,3936
sweep,3536
sweep,2994
sweep,2863
sweep,3162
sweep,3319
sweep,2705
sweep,2724
sweep,2852
sweep,2631
sweep,2679
sweep,3458
sweep,3223
sweep,2936
sweep,3720
sweep,2290
sweep,2782
sweep,4258
sweep,2609
sweep,3385
sweep,1958
sweep,3566
sweep,3938
sweep,4762
sweep,4094
sweep,3033
sweep,2988
sweep,3121
sweep,3103
sweep,2839
sweep,3216
sweep,2892
sweep,3060
sweep,2455
sweep,2997
sweep,3548
sweep,2661
sweep,2872
sweep,2899
sweep,2902
sweep,3517
sweep,2737
sweep,2492
sweep,2770
sweep,3589
sweep,3791
sweep,3919
sweep,4090
sweep,6185
sweep,7865
sweep,6007
sweep,9278
sweep,8270
sweep,8125
sweep,8190
sweep,7448
sweep,7624
sweep,837
mark,1034517
sweep,4631
sweep,3747
sweep,4173
sweep,4384
sweep,3805
sweep,4143
sweep,3611
sweep,3662
sweep,2807
sweep,3074
sweep,3353
sweep,3035
sweep,2739
sweep,3022
sweep,2803
sweep,3014
sweep,3533
sweep,3377
sweep,3244
sweep,3536
sweep,2370
sweep,2369
sweep,3966
sweep,2641
sweep,3132
sweep,2186
sweep,3666
sweep,3564
sweep,4279
sweep,3817
sweep,3115
sweep,3257
sweep,2816
sweep,3179
sweep,2761
sweep,3289
sweep,2700
sweep,3028
sweep,2542
sweep,3021
sweep,3763
sweep,2757
sweep,2668
sweep,2997
sweep,3385
sweep,3525
sweep,2691
sweep,2545
sweep,2705
sweep,5366
sweep,8619
sweep,8907
sweep,8675
sweep,7804
sweep,6135
sweep,7363
sweep,4031
sweep,4190
sweep,4967
sweep,6209
sweep,5851
sweep,6438
sweep,230
mark,1024477
sweep,4830
sweep,3928
sweep,4435
sweep,4517
sweep,3705
sweep,4320
sweep,3565
sweep,2997
sweep,3026
sweep,3131
sweep,3332
sweep,2706
sweep,2872
sweep,2777
sweep,2599
sweep,2776
sweep,3242
sweep,3001
sweep,2955
sweep,3707
sweep,2422
sweep,3035
sweep,3895
sweep,2406
sweep,3104
sweep,2041
sweep,3416
sweep,3943
sweep,4331
sweep,3344
sweep,3092
sweep,2941
sweep,3081
sweep,3037
sweep,2847
sweep,3555
sweep,3228
sweep,3092
sweep,2811
sweep,2675
sweep,3714
sweep,3042
sweep,2928
sweep,2951
sweep,3153
sweep,3661
sweep,3004
sweep,2582
sweep,2541
sweep,3658
sweep,4057
sweep,4191
sweep,4223
sweep,6456
sweep,7754
sweep,5941
sweep,9143
sweep,8139
sweep,8176
sweep,8318
sweep,7427
sweep,7627
sweep,834
mark,1026106
sweep,5384
sweep,4174
sweep,3928
sweep,4124
sweep,3732
sweep,4057
sweep,3628
sweep,3152
sweep,2965
sweep,3647
sweep,2967
sweep,2896
sweep,2783
sweep,2701
sweep,2781
sweep,2990
sweep,3596
sweep,2949
sweep,3218
sweep,3801
sweep,2381
sweep,2389
sweep,3884
sweep,2452
sweep,3162
sweep,1883
sweep,3544
sweep,3838
sweep,4194
sweep,3368
sweep,3296
sweep,3018
sweep,2896
sweep,2961
sweep,3297
sweep,3071
sweep,3318
sweep,3006
sweep,2570
sweep,3052
sweep,3617
sweep,2705
sweep,2572
sweep,2894
sweep,3089
sweep,3450
sweep,2578
sweep,2463
sweep,2675
sweep,5419
sweep,8948
sweep,8562
sweep,8599
sweep,7695
sweep,5704
sweep,7539
sweep,4035
sweep,4570
sweep,4350
sweep,5877
sweep,5666
sweep,5759
sweep,223
mark,1033029
sweep,4693
sweep,3997
sweep,4444
sweep,4563
sweep,4000
sweep,4179
sweep,3676
sweep,3016
sweep,2768
sweep,3038
sweep,3026
sweep,2733
sweep,2629
sweep,2847
sweep,2621
sweep,2642
sweep,3165
sweep,2889
sweep,3094
sweep,3375
sweep,2318
sweep,2676
sweep,3789
sweep,2364
sweep,3094
sweep,2097
sweep,3585
sweep,3672
sweep,4430
sweep,3722
sweep,3128
sweep,3040
sweep,2990
sweep,3125
sweep,2758
sweep,3305
sweep,2893
sweep,3451
sweep,2559
sweep,2656
sweep,4095
sweep,2698
sweep,2722
sweep,3006
sweep,2889
sweep,3378
sweep,2770
sweep,2507
sweep,2487
sweep,3753
sweep,4180
sweep,12340
sweep,4215
sweep,5964
sweep,7743
sweep,6187
sweep,8349
sweep,8327
sweep,8416
sweep,7041
sweep,7080
sweep,7183
sweep,804
mark,1036455
sweep,4696
sweep,4033
sweep,3895
sweep,3977
sweep,3914
sweep,4043
sweep,3581
sweep,3081
sweep,3007
sweep,3287
sweep,3017
sweep,2754
sweep,2803
sweep,2797
sweep,2621
sweep,2840
sweep,3389
sweep,2865
sweep,3054
sweep,3648
sweep,2326
sweep,2577
sweep,3911
sweep,2433
sweep,3717
sweep,1916
sweep,3334
sweep,3682
sweep,4554
sweep,3623
sweep,3015
sweep,3074
sweep,2921
sweep,3353
sweep,3118
sweep,3440
sweep,2801
sweep,3157
sweep,2466
sweep,2766
sweep,3741
sweep,2766
sweep,2756
sweep,2962
sweep,3040
sweep,3374
sweep,3085
sweep,2630
sweep,2757
sweep,5663
sweep,9409
sweep,8690
sweep,8667
sweep,8144
sweep,5706
sweep,7356
sweep,4067
sweep,4257
sweep,4996
sweep,6114
sweep,5787
sweep,5993
sweep,217
mark,1027332
sweep,4670
sweep,4250
sweep,4165
sweep,4200
sweep,3893
sweep,4028
sweep,3811
sweep,2969
sweep,3050
sweep,3084
sweep,3044
sweep,2712
sweep,2908
sweep,2836
sweep,2786
sweep,2822
sweep,3510
sweep,3010
sweep,2899
sweep,3719
sweep,2528
sweep,3127
sweep,3794
sweep,3153
sweep,3125
sweep,2228
sweep,3365
sweep,3877
sweep,4396
sweep,3340
sweep,3294
sweep,6554
sweep,2876
sweep,3007
sweep,2750
sweep,3344
sweep,2745
sweep,3126
sweep,2581
sweep,2646
sweep,3662
sweep,2698
sweep,2920
sweep,3030
sweep,2935
sweep,3614
sweep,2672
sweep,2475
sweep,2484
sweep,3658
sweep,4063
sweep,4085
sweep,4170
sweep,5884
sweep,8309
sweep,6277
sweep,8653
sweep,8991
sweep,8996
sweep,7058
sweep,7775
sweep,7129
sweep,836
mark,1030270
sweep,4673
sweep,4058
sweep,4166
sweep,4297
sweep,3568
sweep,4132
sweep,3645
sweep,3479
sweep,2757
sweep,3148
sweep,3070
sweep,2746
sweep,2779
sweep,2945
sweep,2600
sweep,2803
sweep,3341
sweep,2896
sweep,3103
sweep,3970
sweep,2336
sweep,2432
sweep,4000
sweep,2399
sweep,3496
sweep,2245
sweep,3636
sweep,3764
sweep,4407
sweep,3867
sweep,3023
sweep,3015
sweep,2949
sweep,3278
sweep,3026
sweep,3098
sweep,2923
sweep,3208
sweep,2617
sweep,2645
sweep,3840
sweep,2728
sweep,3043
sweep,2955
sweep,3081
sweep,3484
sweep,2922
sweep,2624
sweep,2770
sweep,5486
sweep,8908
sweep,8959
sweep,8777
sweep,8130
sweep,5843
sweep,6941
sweep,3959
sweep,4520
sweep,4528
sweep,5887
sweep,5884
sweep,6158
sweep,236
mark,1054616
sweep,4662
sweep,3964
sweep,4221
sweep,4161
sweep,3710
sweep,4361
sweep,3607
sweep,3366
sweep,2793
sweep,3040
sweep,3285
sweep,3071
sweep,2756
sweep,2791
sweep,2524
sweep,2636
sweep,3742
sweep,3073
sweep,2866
sweep,3476
sweep,2563
sweep,2518
sweep,4031
sweep,2361
sweep,3325
sweep,1983
sweep,3359
sweep,3806
sweep,4259
sweep,3420
sweep,3067
sweep,3208
sweep,2955
sweep,3029
sweep,2783
sweep,3263
sweep,2912
sweep,2926
sweep,2846
sweep,2736
sweep,3724
sweep,2648
sweep,2772
sweep,3130
sweep,2836
sweep,3961
sweep,2781
sweep,2447
sweep,2500
sweep,3894
sweep,4207
sweep,4488
sweep,4094
sweep,6042
sweep,7531
sweep,6579
sweep,8660
sweep,8735
sweep,8435
sweep,7118
sweep,7204
sweep,7284
sweep,840
mark,1027390
sweep,4921
sweep,3807
sweep,4116
sweep,4092
sweep,3775
sweep,4197
sweep,3610
sweep,3309
sweep,2931
sweep,3319
sweep,2956
sweep,3012
sweep,2704
sweep,3242
sweep,2618
sweep,2833
sweep,3572
sweep,5819
sweep,3283
sweep,3459
sweep,2426
sweep,2536
sweep,3776
sweep,2508
sweep,3087
sweep,2053
sweep,3576
sweep,3617
sweep,4640
sweep,3849
sweep,3011
sweep,3201
sweep,3069
sweep,3330
sweep,3032
sweep,3174
sweep,2989
sweep,3032
sweep,2403
sweep,2632
sweep,3862
sweep,2795
sweep,2948
sweep,3085
sweep,2902
sweep,3896
sweep,2762
sweep,2468
sweep,2462
sweep,5837
sweep,8747
sweep,8487
sweep,8818
sweep,8220
sweep,6181
sweep,7348
sweep,4364
sweep,4352
sweep,4786
sweep,6235
sweep,5667
sweep,5908
sweep,220
mark,1031757
sweep,4756
sweep,4146
sweep,3924
sweep,4561
sweep,3607
sweep,4310
sweep,3640
sweep,3289
sweep,2829
sweep,2895
sweep,3512
sweep,2910
sweep,3007
sweep,2864
sweep,2817
sweep,2881
sweep,3250
sweep,3092
sweep,3169
sweep,3414
sweep,2266
sweep,2883
sweep,3733
sweep,2376
sweep,3663
sweep,1946
sweep,3664
sweep,3615
sweep,4342
sweep,3739
sweep,3655
sweep,3028
sweep,2896
sweep,3100
sweep,2665
sweep,3260
sweep,2942
sweep,3088
sweep,2791
sweep,2630
sweep,3790
sweep,3053
sweep,2901
sweep,2895
sweep,2856
sweep,3441
sweep,2708
sweep,2729
sweep,2460
sweep,3494
sweep,3846
sweep,4070
sweep,4432
sweep,5829
sweep,8079
sweep,6685
sweep,13596
sweep,8685
sweep,9019
sweep,7517
sweep,7588
sweep,7144
sweep,831
mark,1029898
sweep,4847
sweep,4182
sweep,3936
sweep,3905
sweep,3888
sweep,4447
sweep,3503
sweep,3090
sweep,3041
sweep,3234
sweep,2928
sweep,3037
sweep,2736
sweep,2876
sweep,2768
sweep,2673
sweep,3435
sweep,2860
sweep,3287
sweep,3375
sweep,2304
sweep,2454
sweep,3760
sweep,2355
sweep,3116
sweep,1904
sweep,3487
sweep,3639
sweep,4579
sweep,3826
sweep,3504
sweep,2994
sweep,2840
sweep,2978
sweep,3085
sweep,3171
sweep,2710
sweep,3469
sweep,2614
sweep,3097
sweep,3947
sweep,2920
sweep,2740
sweep,2871
sweep,3269
sweep,3467
sweep,2581
sweep,2463
sweep,2797
sweep,5702
sweep,8920
sweep,8574
sweep,8790
sweep,7591
sweep,6220
sweep,6878
sweep,4018
sweep,4144
sweep,5168
sweep,6275
sweep,5707
sweep,5780
sweep,222
mark,1032887
sweep,4653
sweep,3915
sweep,3975
sweep,4103
sweep,3960
sweep,4326
sweep,3806
sweep,3279
sweep,2803
sweep,3108
sweep,3458
sweep,2781
sweep,2810
sweep,3286
sweep,2641
sweep,2708
sweep,3391
sweep,2913
sweep,3058
sweep,3657
sweep,2319
sweep,2576
sweep,3834
sweep,2545
sweep,3059
sweep,2307
sweep,3297
sweep,3655
sweep,4604
sweep,3471
sweep,3381
sweep,2978
sweep,2931
sweep,3048
sweep,2800
sweep,3326
sweep,2746
sweep,3222
sweep,2665
sweep,2674
sweep,3815
sweep,2979
sweep,2983
sweep,3196
sweep,2818
sweep,3730
sweep,2699
sweep,2497
sweep,2508
sweep,3483
sweep,3917
sweep,3993
sweep,4060
sweep,5722
sweep,8267
sweep,6232
sweep,8391
sweep,8244
sweep,8410
sweep,7030
sweep,7196
sweep,7096
sweep,835
mark,1036866
sweep,4747
sweep,4350
sweep,4029
sweep,4049
sweep,3656
sweep,4280
sweep,3604
sweep,3333
sweep,2839
sweep,3488
sweep,3110
sweep,2684
sweep,2679
sweep,2755
sweep,3185
sweep,2742
sweep,3556
sweep,3165
sweep,2959
sweep,3704
sweep,2343
sweep,2532
sweep,4094
sweep,2650
sweep,3081
sweep,1927
sweep,3744
sweep,3656
sweep,4439
sweep,3456
sweep,3192
sweep,3498
sweep,3013
sweep,2952
sweep,3037
sweep,3195
sweep,2766
sweep,3315
sweep,2509
sweep,2940
sweep,3582
sweep,2896
sweep,2739
sweep,2917
sweep,3165
sweep,3405
sweep,2708
sweep,2446
sweep,2499
sweep,6033
sweep,8752
sweep,8697
sweep,9029
sweep,7766
sweep,5667
sweep,6865
sweep,4018
sweep,4293
sweep,5051
sweep,6192
sweep,5876
sweep,5814
sweep,223
mark,1033734
sweep,4897
sweep,4209
sweep,4280
sweep,4318
sweep,3665
sweep,4094
sweep,3627
sweep,3404
sweep,2928
sweep,3381
sweep,3344
sweep,2985
sweep,2819
sweep,3102
sweep,2563
sweep,2687
sweep,3489
sweep,3177
sweep,3299
sweep,3494
sweep,2414
sweep,3007
sweep,4085
sweep,2453
sweep,3181
sweep,2050
sweep,3538
sweep,4045
sweep,4387
sweep,3384
sweep,3449
sweep,3079
sweep,2909
sweep,3011
sweep,2873
sweep,3201
sweep,3094
sweep,3327
sweep,2536
sweep,2845
sweep,3898
sweep,3109
sweep,2853
sweep,3490
sweep,2888
sweep,3410
sweep,2819
sweep,2441
sweep,2428
sweep,3766
sweep,3796
sweep,4895
sweep,4342
sweep,5601
sweep,8039
sweep,6548
sweep,8635
sweep,8562
sweep,8340
sweep,7110
sweep,7028
sweep,6935
sweep,840
mark,1041777
sweep,5035
sweep,3891
sweep,4034
sweep,4200
sweep,3960
sweep,4268
sweep,3576
sweep,3574
sweep,2849
sweep,3602
sweep,3368
sweep,3083
sweep,2695
sweep,3143
sweep,2561
sweep,3008
sweep,3758
sweep,2966
sweep,2939
sweep,3458
sweep,2239
sweep,2536
sweep,3828
sweep,2392
sweep,3141
sweep,1918
sweep,3429
sweep,3701
sweep,4288
sweep,3747
sweep,3439
sweep,2934
sweep,3336
sweep,3116
sweep,2852
sweep,3125
sweep,3075
sweep,3114
sweep,2844
sweep,2795
sweep,3830
sweep,2608
sweep,2850
sweep,2936
sweep,3077
sweep,3717
sweep,2773
sweep,2646
sweep,2496
sweep,5441
sweep,9362
sweep,8642
sweep,8457
sweep,8403
sweep,5865
sweep,7236
sweep,3929
sweep,4188
sweep,4183
sweep,5644
sweep,5965
sweep,6246
sweep,239
mark,1026927
sweep,4843
sweep,3816
sweep,4064
sweep,4194
sweep,3607
sweep,4183
sweep,3600
sweep,3335
sweep,2864
sweep,3221
sweep,3081
sweep,2809
sweep,2800
sweep,2839
sweep,2878
sweep,2746
sweep,3347
sweep,2957
sweep,2996
sweep,3601
sweep,2634
sweep,2564
sweep,4171
sweep,2366
sweep,3132
sweep,2087
sweep,3627
sweep,3674
sweep,4237
sweep,3417
sweep,3080
sweep,3086
sweep,2881
sweep,3068
sweep,2805
sweep,3491
sweep,2835
sweep,2994
sweep,2761
sweep,3192
sweep,3741
sweep,3014
sweep,2895
sweep,3100
sweep,3160
sweep,3780
sweep,3126
sweep,2493
sweep,2622
sweep,3487
sweep,4079
sweep,3935
sweep,4468
sweep,6211
sweep,8378
sweep,6351
sweep,9384
sweep,8094
sweep,9117
sweep,7731
sweep,7796
sweep,7066
sweep,863
mark,1052613
sweep,4755
sweep,4030
sweep,4061
sweep,4200
sweep,3723
sweep,4413
sweep,3929
sweep,3412
sweep,3069
sweep,3299
sweep,3182
sweep,2753
sweep,2788
sweep,3322
sweep,2651
sweep,2921
sweep,3222
sweep,2911
sweep,3020
sweep,3438
sweep,2337
sweep,2560
sweep,3882
sweep,2451
sweep,3119
sweep,2151
sweep,3406
sweep,4126
sweep,4487
sweep,3382
sweep,3050
sweep,2950
sweep,3293
sweep,3123
sweep,3103
sweep,3174
sweep,2821
sweep,3307
sweep,2757
sweep,2663
sweep,3773
sweep,2792
sweep,2692
sweep,3386
sweep,2890
sweep,3568
sweep,2797
sweep,2525
sweep,2429
sweep,5725
sweep,8749
sweep,8638
sweep,8494
sweep,7735
sweep,6102
sweep,7156
sweep,3988
sweep,4467
sweep,4793
sweep,5999
sweep,5678
sweep,5803
sweep,222
mark,1022712
sweep,4608
sweep,3893
sweep,3869
sweep,3983
sweep,3495
sweep,4095
sweep,3580
sweep,3322
sweep,2860
sweep,3177
sweep,3184
sweep,3023
sweep,2668
sweep,11160
sweep,2948
sweep,2703
sweep,3407
sweep,2881
sweep,3184
sweep,3426
sweep,2353
sweep,2460
sweep,4168
sweep,2584
sweep,3083
sweep,1833
sweep,3503
sweep,3953
sweep,4530
sweep,3583
sweep,3173
sweep,3317
sweep,3221
sweep,3041
sweep,2712
sweep,3298
sweep,2845
sweep,3339
sweep,2449
sweep,3079
sweep,3666
sweep,3074
sweep,2706
sweep,2997
sweep,2898
sweep,3384
sweep,2756
sweep,2692
sweep,2439
sweep,3726
sweep,3927
sweep,4162
sweep,4159
sweep,5955
sweep,8523
sweep,5998
sweep,8834
sweep,8699
sweep,8709
sweep,7185
sweep,7178
sweep,7336
sweep,838
mark,1031774
sweep,5222
sweep,4285
sweep,4027
sweep,4189
sweep,3674
sweep,4044
sweep,3664
sweep,3328
sweep,2916
sweep,3421
sweep,3003
sweep,2736
sweep,2867
sweep,2841
sweep,2572
sweep,2872
sweep,3417
sweep,2878
sweep,3192
sweep,3379
sweep,2565
sweep,2379
sweep,4010
sweep,2474
sweep,3207
sweep,1955
sweep,3736
sweep,4207
sweep,4273
sweep,3570
sweep,2938
sweep,3477
sweep,3413
sweep,3258
sweep,2969
sweep,3209
sweep,2881
sweep,3170
sweep,2685
sweep,2865
sweep,3914
sweep,3047
sweep,2567
sweep,3379
sweep,3156
sweep,3666
sweep,2692
sweep,2504
sweep,2408
sweep,5378
sweep,8732
sweep,8352
sweep,8550
sweep,7706
sweep,6026
sweep,7673
sweep,3998
sweep,4349
sweep,4897
sweep,6415
sweep,5959
sweep,5854
sweep,225
mark,1021375
sweep,4790
sweep,4241
sweep,3956
sweep,3883
sweep,3795
sweep,3927
sweep,3546
sweep,3232
sweep,2726
sweep,3189
sweep,3282
sweep,2674
sweep,2656
sweep,3018
sweep,2532
sweep,2940
sweep,3259
sweep,3365
sweep,2996
sweep,3341
sweep,2656
sweep,2727
sweep,3746
sweep,2583
sweep,3063
sweep,2120
sweep,3620
sweep,3910
sweep,4405
sweep,3353
sweep,3326
sweep,3408
sweep,3128
sweep,3102
sweep,2784
sweep,3198
sweep,2805
sweep,3006
sweep,2622
sweep,2861
sweep,3748
sweep,3145
sweep,2918
sweep,2992
sweep,2978
sweep,3369
sweep,2804
sweep,2525
sweep,2551
sweep,3424
sweep,3958
sweep,3975
sweep,4160
sweep,6148
sweep,8386
sweep,6580
sweep,9118
sweep,7953
sweep,9039
sweep,7495
sweep,7535
sweep,7067
sweep,828
mark,1026542
sweep,4850
sweep,4455
sweep,3931
sweep,4209
sweep,3601
sweep,4335
sweep,3640
sweep,3183
sweep,3067
sweep,3210
sweep,3320
sweep,2974
sweep,2777
sweep,2911
sweep,2648
sweep,2807
sweep,3498
sweep,2871
sweep,3206
sweep,3644
sweep,2313
sweep,2308
sweep,3737
sweep,2605
sweep,3055
sweep,2114
sweep,3481
sweep,3886
sweep,4297
sweep,3480
sweep,3149
sweep,2938
sweep,3112
sweep,3136
sweep,2959
sweep,3363
sweep,2854
sweep,3172
sweep,2660
sweep,3245
sweep,3676
sweep,2780
sweep,2741
sweep,3144
sweep,2794
sweep,3377
sweep,3016
sweep,2732
sweep,2513
sweep,5825
sweep,8580
sweep,8910
sweep,8762
sweep,7967
sweep,5986
sweep,6974
sweep,4086
sweep,4294
sweep,4950
sweep,6160
sweep,5726
sweep,5712
sweep,232
mark,1026503
sweep,4879
sweep,3929
sweep,4396
sweep,4211
sweep,3937
sweep,4229
sweep,3697
sweep,3130
sweep,2794
sweep,3177
sweep,3102
sweep,2777
sweep,3137
sweep,2777
sweep,2927
sweep,2646
sweep,3489
sweep,3089
sweep,3134
sweep,3500
sweep,2311
sweep,2425
sweep,3865
sweep,2675
sweep,3542
sweep,2155
sweep,3299
sweep,3636
sweep,4025
sweep,3479
sweep,3238
sweep,3125
sweep,2878
sweep,2987
sweep,2811
sweep,3352
sweep,2853
sweep,3079
sweep,2508
sweep,2735
sweep,3722
sweep,2717
sweep,2937
sweep,3017
sweep,2785
sweep,3435
sweep,3105
sweep,2669
sweep,2703
sweep,3508
sweep,3949
sweep,4122
sweep,4066
sweep,5872
sweep,7920
sweep,6074
sweep,9032
sweep,8216
sweep,8738
sweep,7616
sweep,7634
sweep,7068
sweep,781
mark,1029722
sweep,4822
sweep,4022
sweep,3996
sweep,4087
sweep,3911
sweep,4040
sweep,3653
sweep,3222
sweep,2898
sweep,3767
sweep,3348
sweep,2882
sweep,3006
sweep,2856
sweep,3161
sweep,2611
sweep,3212
sweep,3180
sweep,3098
sweep,3511
sweep,2280
sweep,2330
sweep,3943
sweep,2610
sweep,3950
sweep,2175
sweep,3607
sweep,3712
sweep,4896
sweep,3750
sweep,3278
sweep,3338
sweep,2817
sweep,3100
sweep,3039
sweep,3159
sweep,2723
sweep,3076
sweep,2468
sweep,2617
sweep,3629
sweep,2716
sweep,2614
sweep,2931
sweep,2765
sweep,3419
sweep,2645
sweep,2724
sweep,2701
sweep,5740
sweep,8651
sweep,8616
sweep,8624
sweep,8102
sweep,6385
sweep,7120
sweep,4090
sweep,4297
sweep,4533
sweep,6281
sweep,5860
sweep,5721
sweep,223
mark,1036993
sweep,5035
sweep,3965
sweep,4265
sweep,3998
sweep,3496
sweep,3998
sweep,3570
sweep,3464
sweep,2810
sweep,3318
sweep,3203
sweep,2751
sweep,2831
sweep,2820
sweep,2676
sweep,2687
sweep,3203
sweep,3409
sweep,3055
sweep,3596
sweep,2298
sweep,2610
sweep,3750
sweep,2512
sweep,3137
sweep,2116
sweep,3575
sweep,3956
sweep,4184
sweep,3559
sweep,3359
sweep,3267
sweep,2884
sweep,3018
sweep,2759
sweep,3643
sweep,2966
sweep,3163
sweep,2531
sweep,2778
sweep,3944
sweep,2978
sweep,2738
sweep,3026
sweep,3057
sweep,3739
sweep,2737
sweep,2580
sweep,2691
sweep,3708
sweep,3816
sweep,4037
sweep,4113
sweep,6000
sweep,8101
sweep,6084
sweep,8466
sweep,8340
sweep,8298
sweep,7136
sweep,7018
sweep,7087
sweep,832
mark,1037019
sweep,4841
sweep,3795
sweep,3926
sweep,4044
sweep,3901
sweep,4135
sweep,3662
sweep,3113
sweep,3008
sweep,3562
sweep,3106
sweep,2944
sweep,2735
sweep,2721
sweep,2853
sweep,3050
sweep,3357
sweep,2822
sweep,2994
sweep,3518
sweep,2311
sweep,2511
sweep,3782
sweep,2373
sweep,3147
sweep,1861
sweep,3589
sweep,3895
sweep,4354
sweep,3464
sweep,3085
sweep,3018
sweep,3271
sweep,3069
sweep,2897
sweep,3247
sweep,2971
sweep,6586
sweep,2796
sweep,3085
sweep,3949
sweep,2685
sweep,2898
sweep,3009
sweep,2780
sweep,3377
sweep,2858
sweep,2555
sweep,2476
sweep,5795
sweep,9018
sweep,8859
sweep,8724
sweep,8553
sweep,5843
sweep,7128
sweep,4197
sweep,4607
sweep,4429
sweep,5642
sweep,5689
sweep,6483
sweep,239
mark,1047936
sweep,4529
sweep,3959
sweep,4385
sweep,4254
sweep,3781
sweep,4175
sweep,3685
sweep,3409
sweep,2760
sweep,3114
sweep,3162
sweep,2819
sweep,2874
sweep,2863
sweep,2949
sweep,2746
sweep,3261
sweep,3468
sweep,3082
sweep,3794
sweep,2381
sweep,2452
sweep,4005
sweep,2495
sweep,3046
sweep,1892
sweep,3338
sweep,3902
sweep,4552
sweep,3604
sweep,3296
sweep,2977
sweep,2966
sweep,3126
sweep,2790
sweep,3233
sweep,3057
sweep,3234
sweep,2798
sweep,2937
sweep,3652
sweep,2670
sweep,2642
sweep,3055
sweep,2845
sweep,3413
sweep,2792
sweep,2673
sweep,2731
sweep,3780
sweep,3982
sweep,4125
sweep,4177
sweep,5991
sweep,7678
sweep,5973
sweep,8728
sweep,8628
sweep,8448
sweep,7562
sweep,7025
sweep,6960
sweep,830
mark,1029019
sweep,4581
sweep,4175
sweep,3934
sweep,4154
sweep,3736
sweep,3900
sweep,4048
sweep,3148
sweep,2753
sweep,3411
sweep,3418
sweep,2777
sweep,2739
sweep,2825
sweep,2671
sweep,3040
sweep,3468
sweep,2942
sweep,3433
sweep,3514
sweep,2317
sweep,2311
sweep,3932
sweep,2656
sweep,3088
sweep,1937
sweep,3553
sweep,3649
sweep,4336
sweep,3597
sweep,3368
sweep,3292
sweep,3264
sweep,3021
sweep,2916
sweep,3150
sweep,2923
sweep,3177
sweep,2657
sweep,2741
sweep,3778
sweep,3036
sweep,2664
sweep,2909
sweep,3148
sweep,3788
sweep,2949
sweep,2656
sweep,2568
sweep,5535
sweep,9001
sweep,8618
sweep,8621
sweep,8231
sweep,6620
sweep,7128
sweep,4074
sweep,4299
sweep,4872
sweep,6295
sweep,5739
sweep,5807
sweep,227
mark,1031602
sweep,4768
sweep,3811
sweep,4073
sweep,4344
sweep,3756
sweep,4033
sweep,3787
sweep,3009
sweep,2922
sweep,3344
sweep,3179
sweep,3037
sweep,2763
sweep,2727
sweep,2936
sweep,2757
sweep,3215
sweep,2998
sweep,3190
sweep,3370
sweep,2672
sweep,2670
sweep,3726
sweep,2610
sweep,3097
sweep,2024
sweep,3356
sweep,3715
sweep,4438
sweep,3755
sweep,3129
sweep,3523
sweep,2898
sweep,3369
sweep,2934
sweep,3172
sweep,2759
sweep,2993
sweep,2636
sweep,2667
sweep,3443
sweep,3088
sweep,3090
sweep,2996
sweep,2760
sweep,3396
sweep,2733
sweep,2518
sweep,2691
sweep,3549
sweep,4080
sweep,4317
sweep,4238
sweep,5515
sweep,7755
sweep,5814
sweep,9190
sweep,8088
sweep,8203
sweep,7999
sweep,7286
sweep,7599
sweep,835
mark,1043729
sweep,4531
sweep,4031
sweep,3856
sweep,4260
sweep,3561
sweep,4420
sweep,3613
sweep,3146
sweep,2952
sweep,3591
sweep,3080
sweep,2731
sweep,2940
sweep,3070
sweep,2596
sweep,2969
sweep,3513
sweep,3157
sweep,3214
sweep,3644
sweep,2391
sweep,2406
sweep,3771
sweep,2450
sweep,3147
sweep,2039
sweep,3599
sweep,3813
sweep,4226
sweep,3413
sweep,3034
sweep,2882
sweep,2910
sweep,3092
sweep,2771
sweep,3080
sweep,2862
sweep,3120
sweep,2574
sweep,2741
sweep,4026
sweep,2766
sweep,3098
sweep,2827
sweep,3020
sweep,3449
sweep,2773
sweep,2728
sweep,2606
sweep,5824
sweep,9041
sweep,9185
sweep,8733
sweep,8027
sweep,6166
sweep,7530
sweep,4069
sweep,4346
sweep,4787
sweep,6209
sweep,5778
sweep,5751
sweep,217
mark,1035140
sweep,4511
sweep,4446
sweep,4468
sweep,3949
sweep,3543
sweep,4066
sweep,3723
sweep,3492
sweep,2957
sweep,3177
sweep,3092
sweep,2770
sweep,2711
sweep,2889
sweep,2797
sweep,2764
sweep,3164
sweep,2982
sweep,3187
sweep,3936
sweep,2279
sweep,2816
sweep,3838
sweep,2324
sweep,3037
sweep,2223
sweep,3378
sweep,3724
sweep,4257
sweep,3913
sweep,3284
sweep,3212
sweep,2789
sweep,3140
sweep,2828
sweep,3467
sweep,2816
sweep,3252
sweep,2782
sweep,2805
sweep,3774
sweep,2650
sweep,2774
sweep,3049
sweep,3002
sweep,3461
sweep,3017
sweep,2416
sweep,2513
sweep,3471
sweep,4144
sweep,4029
sweep,4236
sweep,5648
sweep,7972
sweep,6054
sweep,8984
sweep,7990
sweep,8298
sweep,7209
sweep,7469
sweep,7120
sweep,834
mark,1041385
sweep,5280
sweep,4209
sweep,4231
sweep,4438
sweep,3947
sweep,4390
sweep,3933
sweep,3315
sweep,2918
sweep,3527
sweep,3063
sweep,2766
sweep,2723
sweep,2746
sweep,2705
sweep,2765
sweep,3350
sweep,2877
sweep,3252
sweep,3432
sweep,2511
sweep,2417
sweep,3911
sweep,2460
sweep,3078
sweep,1928
sweep,3441
sweep,3654
sweep,4192
sweep,3530
sweep,3085
sweep,3170
sweep,2934
sweep,3461
sweep,2838
sweep,3002
sweep,2682
sweep,3293
sweep,2494
sweep,2723
sweep,3731
sweep,3060
sweep,2828
sweep,2906
sweep,2795
sweep,3742
sweep,2651
sweep,2450
sweep,2495
sweep,5349
sweep,8782
sweep,8612
sweep,8616
sweep,8298
sweep,6294
sweep,7582
sweep,3932
sweep,4753
sweep,4211
sweep,5753
sweep,5923
sweep,6252
sweep,221
mark,1027423
sweep,4879
sweep,4251
sweep,4414
sweep,4432
sweep,3482
sweep,4242
sweep,3557
sweep,3273
sweep,2819
sweep,3027
sweep,3104
sweep,3068
sweep,2670
sweep,2776
sweep,2576
sweep,2695
sweep,3075
sweep,3040
sweep,3243
sweep,3789
sweep,2545
sweep,2880
sweep,4012
sweep,2365
sweep,3311
sweep,1915
sweep,3658
sweep,3709
sweep,4443
sweep,3721
sweep,3089
sweep,2943
sweep,2877
sweep,3057
sweep,2892
sweep,3510
sweep,2717
sweep,3015
sweep,2841
sweep,3010
sweep,3869
sweep,3097
sweep,3059
sweep,3049
sweep,2739
sweep,3484
sweep,2846
sweep,2766
sweep,2508
sweep,3706
sweep,3871
sweep,4353
sweep,4202
sweep,5833
sweep,7429
sweep,6009
sweep,8530
sweep,8187
sweep,8338
sweep,7239
sweep,7143
sweep,7059
sweep,829
mark,1037141
sweep,4748
sweep,3711
sweep,4573
sweep,4093
sweep,3915
sweep,4142
sweep,3934
sweep,3158
sweep,2840
sweep,3742
sweep,2988
sweep,2726
sweep,2710
sweep,3187
sweep,2791
sweep,3091
sweep,3319
sweep,2941
sweep,2891
sweep,3564
sweep,2516
sweep,2621
sweep,3828
sweep,2329
sweep,3652
sweep,1947
sweep,3722
sweep,3961
sweep,4231
sweep,3464
sweep,3132
sweep,3157
sweep,3402
sweep,3252
sweep,2834
sweep,3111
sweep,2853
sweep,3391
sweep,2434
sweep,2938
sweep,3982
sweep,2989
sweep,2777
sweep,3257
sweep,3349
sweep,3432
sweep,2693
sweep,2664
sweep,2501
sweep,5256
sweep,9038
sweep,8582
sweep,8710
sweep,8269
sweep,5768
sweep,6933
sweep,4047
sweep,4222
sweep,4910
sweep,6298
sweep,5557
sweep,6035
sweep,224
mark,1029574
sweep,5000
sweep,3969
sweep,4166
sweep,3920
sweep,3693
sweep,3977
sweep,3528
sweep,3103
sweep,2933
sweep,3393
sweep,3051
sweep,2809
sweep,2876
sweep,3108
sweep,2630
sweep,2652
sweep,3286
sweep,3332
sweep,3200
sweep,3376
sweep,2437
sweep,2904
sweep,3712
sweep,2490
sweep,3317
sweep,2086
sweep,3237
sweep,3616
sweep,4548
sweep,3210
sweep,3196
sweep,3394
sweep,2889
sweep,2957
sweep,2897
sweep,3293
sweep,3002
sweep,3192
sweep,2816
sweep,2610
sweep,3718
sweep,2581
sweep,2667
sweep,3474
sweep,2891
sweep,3540
sweep,3033
sweep,2545
sweep,2444
sweep,3748
sweep,4048
sweep,4013
sweep,4155
sweep,6146
sweep,7842
sweep,6335
sweep,8633
sweep,8274
sweep,8771
sweep,8345
sweep,7296
sweep,7698
sweep,938
mark,1029782
sweep,4647
sweep,3792
sweep,3883
sweep,4102
sweep,3848
sweep,4187
sweep,3640
sweep,3161
sweep,2952
sweep,3237
sweep,3059
sweep,2831
sweep,2860
sweep,3078
sweep,2663
sweep,2954
sweep,3361
sweep,3349
sweep,2935
sweep,3341
sweep,2329
sweep,2470
sweep,3958
sweep,2427
sweep,3169
sweep,2074
sweep,3712
sweep,3833
sweep,4457
sweep,3559
sweep,3601
sweep,3455
sweep,3134
sweep,2994
sweep,3080
sweep,3353
sweep,2838
sweep,2973
sweep,2574
sweep,3047
sweep,3917
sweep,3121
sweep,2649
sweep,3477
sweep,2827
sweep,3438
sweep,2743
sweep,2551
sweep,2390
sweep,5355
sweep,8625
sweep,8527
sweep,8505
sweep,8037
sweep,6170
sweep,7353
sweep,4340
sweep,4328
sweep,4953
sweep,6152
sweep,5932
sweep,5694
sweep,235
mark,1026196
sweep,5394
sweep,4358
sweep,4075
sweep,12394
sweep,3932
sweep,4316
sweep,3628
sweep,3294
sweep,2763
sweep,3076
sweep,3372
sweep,2810
sweep,2688
sweep,2788
sweep,2811
sweep,3050
sweep,3378
sweep,3049
sweep,2919
sweep,3584
sweep,2466
sweep,2556
sweep,3714
sweep,2394
sweep,3106
sweep,1872
sweep,3359
sweep,3574
sweep,5052
sweep,3272
sweep,3397
sweep,2969
sweep,2829
sweep,3063
sweep,2770
sweep,3591
sweep,2868
sweep,3306
sweep,2799
sweep,2860
sweep,3651
sweep,2586
sweep,2605
sweep,3055
sweep,2816
sweep,3393
sweep,2775
sweep,2618
sweep,2432
sweep,3372
sweep,3971
sweep,4150
sweep,4082
sweep,5991
sweep,7875
sweep,5757
sweep,8372
sweep,8399
sweep,8320
sweep,7028
sweep,7117
sweep,7096
sweep,822
mark,1027369
sweep,5195
sweep,4205
sweep,4035
sweep,3868
sweep,3623
sweep,4277
sweep,3633
sweep,3133
sweep,2922
sweep,3194
sweep,2946
sweep,2909
sweep,2727
sweep,2915
sweep,3111
sweep,2635
sweep,3577
sweep,2955
sweep,3138
sweep,3709
sweep,2461
sweep,2507
sweep,3970
sweep,2421
sweep,3165
sweep,1939
sweep,3720
sweep,3649
sweep,4241
sweep,3354
sweep,3052
sweep,2984
sweep,3169
sweep,2989
sweep,3020
sweep,3139
sweep,2737
sweep,3076
sweep,2465
sweep,2722
sweep,3811
sweep,2641
sweep,2632
sweep,3349
sweep,2861
sweep,3329
sweep,2756
sweep,2535
sweep,2487
sweep,5296
sweep,9112
sweep,9027
sweep,8685
sweep,7908
sweep,5992
sweep,7315
sweep,4189
sweep,4491
sweep,4622
sweep,6139
sweep,5614
sweep,5746
sweep,229
mark,1028463
sweep,4536
sweep,3840
sweep,4326
sweep,4118
sweep,3834
sweep,3976
sweep,3546
sweep,3255
sweep,3134
sweep,3125
sweep,3282
sweep,3033
sweep,2720
sweep,3200
sweep,2559
sweep,2746
sweep,3482
sweep,3085
sweep,3221
sweep,4088
sweep,2363
sweep,2528
sweep,3810
sweep,2669
sweep,2995
sweep,1988
sweep,3438
sweep,4022
sweep,4333
sweep,3567
sweep,3093
sweep,3288
sweep,2914
sweep,2995
sweep,2852
sweep,3601
sweep,2778
sweep,3228
sweep,2544
sweep,2579
sweep,3874
sweep,2998
sweep,2726
sweep,3215
sweep,3029
sweep,3642
sweep,2882
sweep,2499
sweep,3029
sweep,3600
sweep,4037
sweep,3969
sweep,4143
sweep,5963
sweep,7648
sweep,5969
sweep,9908
sweep,9369
sweep,9024
sweep,7222
sweep,8015
sweep,6973
sweep,764
mark,1084919
sweep,5025
sweep,4419
sweep,4020
sweep,3987
sweep,3672
sweep,3827
sweep,3605
sweep,3036
sweep,2831
sweep,3278
sweep,3265
sweep,2730
sweep,2762
sweep,2843
sweep,2569
sweep,2926
sweep,3370
sweep,3060
sweep,3290
sweep,3229
sweep,2661
sweep,2540
sweep,3786
sweep,2269
sweep,3566
sweep,2105
sweep,3263
sweep,3838
sweep,4279
sweep,3249
sweep,3162
sweep,3388
sweep,2922
sweep,3121
sweep,2758
sweep,3288
sweep,2875
sweep,3218
sweep,2689
sweep,3358
sweep,3723
sweep,2782
sweep,2680
sweep,3499
sweep,2735
sweep,3411
sweep,2710
sweep,2609
sweep,2448
sweep,5757
sweep,9283
sweep,8827
sweep,8344
sweep,8098
sweep,5786
sweep,6893
sweep,3870
sweep,4200
sweep,5143
sweep,6184
sweep,5852
sweep,5889
sweep,232
mark,1023747
sweep,4940
sweep,4015
sweep,4213
sweep,3879
sweep,3639
sweep,4087
sweep,3548
sweep,3038
sweep,2884
sweep,3197
sweep,3067
sweep,2762
sweep,2773
sweep,2806
sweep,2495
sweep,2706
sweep,3377
sweep,2939
sweep,3035
sweep,3872
sweep,2424
sweep,2806
sweep,3710
sweep,2412
sweep,3046
sweep,2131
sweep,3731
sweep,3662
sweep,4329
sweep,3328
sweep,3153
sweep,3120
sweep,3302
sweep,3048
sweep,2880
sweep,3229
sweep,2912
sweep,3052
sweep,2419
sweep,2735
sweep,3871
sweep,3170
sweep,2598
sweep,3302
sweep,2827
sweep,3668
sweep,2734
sweep,2691
sweep,2474
sweep,3769
sweep,3864
sweep,3973
sweep,4135
sweep,6074
sweep,7665
sweep,6318
sweep,8792
sweep,8226
sweep,8815
sweep,8316
sweep,7396
sweep,7450
sweep,835
mark,1027060
sweep,5176
sweep,4117
sweep,3858
sweep,4014
sweep,3821
sweep,4062
sweep,3618
sweep,3698
sweep,3131
sweep,3159
sweep,3376
sweep,2756
sweep,3172
sweep,3206
sweep,2698
sweep,2751
sweep,3199
sweep,3217
sweep,3257
sweep,3709
sweep,2420
sweep,2603
sweep,3750
sweep,2420
sweep,3142
sweep,2363
sweep,3481
sweep,3819
sweep,4225
sweep,3587
sweep,3270
sweep,3278
sweep,2874
sweep,3341
sweep,2913
sweep,3306
sweep,2704
sweep,3077
sweep,2836
sweep,2774
sweep,3731
sweep,2632
sweep,2658
sweep,3086
sweep,2910
sweep,3399
sweep,2659
sweep,3046
sweep,2463
sweep,5416
sweep,9132
sweep,8792
sweep,8880
sweep,7856
sweep,5615
sweep,7114
sweep,4153
sweep,4396
sweep,4419
sweep,5697
sweep,5602
sweep,6101
sweep,221
mark,1027470
sweep,4896
sweep,3739
sweep,3938
sweep,4242
sweep,3797
sweep,4274
sweep,3599
sweep,3091
sweep,2894
sweep,3040
sweep,3022
sweep,3264
sweep,3060
sweep,2808
sweep,2592
sweep,2781
sweep,3267
sweep,3018
sweep,2934
sweep,3574
sweep,2596
sweep,2861
sweep,3798
sweep,2398
sweep,3042
sweep,1933
sweep,3388
sweep,3657
sweep,4333
sweep,3347
sweep,3156
sweep,3168
sweep,2902
sweep,3126
sweep,2816
sweep,3146
sweep,3095
sweep,3098
sweep,2532
sweep,2644
sweep,3907
sweep,2654
sweep,2873
sweep,2885
sweep,2888
sweep,3468
sweep,2792
sweep,2518
sweep,2762
sweep,3426
sweep,4365
sweep,3959
sweep,4231
sweep,6109
sweep,7754
sweep,5948
sweep,8571
sweep,8230
sweep,8477
sweep,7651
sweep,7152
sweep,7202
sweep,835
mark,1029077
sweep,4755
sweep,3870
sweep,4030
sweep,4159
sweep,3634
sweep,4305
sweep,3658
sweep,3314
sweep,3100
sweep,3117
sweep,3064
sweep,2995
sweep,2592
sweep,2901
sweep,2871
sweep,3202
sweep,3428
sweep,2941
sweep,3469
sweep,3594
sweep,2506
sweep,2489
sweep,3733
sweep,2273
sweep,3076
sweep,1927
sweep,3561
sweep,3623
sweep,4555
sweep,3636
sweep,3596
sweep,3032
sweep,3151
sweep,3235
sweep,2824
sweep,3240
sweep,2862
sweep,3077
sweep,2814
sweep,2691
sweep,4308
sweep,2908
sweep,2874
sweep,2915
sweep,3087
sweep,3784
sweep,2911
sweep,2566
sweep,5445
sweep,5774
sweep,9263
sweep,8781
sweep,8564
sweep,8179
sweep,5806
sweep,6845
sweep,4012
sweep,4479
sweep,4778
sweep,5942
sweep,5838
sweep,5930
sweep,217
mark,1026747
sweep,4749
sweep,4221
sweep,3908
sweep,3988
sweep,3995
sweep,4098
sweep,3472
sweep,3307
sweep,2765
sweep,3204
sweep,3314
sweep,3027
sweep,2775
sweep,5944
sweep,2588
sweep,3004
sweep,3436
sweep,2919
sweep,3245
sweep,4086
sweep,2657
sweep,2659
sweep,3678
sweep,2396
sweep,3075
sweep,2164
sweep,3645
sweep,3774
sweep,4234
sweep,3615
sweep,3162
sweep,3036
sweep,2955
sweep,3026
sweep,2836
sweep,3278
sweep,2908
sweep,2989
sweep,2819
sweep,2826
sweep,3819
sweep,2737
sweep,2984
sweep,3001
sweep,2872
sweep,3426
sweep,2776
sweep,2568
sweep,2682
sweep,3805
sweep,3867
sweep,3988
sweep,4111
sweep,6063
sweep,8835
sweep,7048
sweep,9466
sweep,9468
sweep,9446
sweep,7207
sweep,7260
sweep,7151
sweep,830
mark,1058432
sweep,5353
sweep,4388
sweep,4526
sweep,4173
sweep,3614
sweep,4404
sweep,3627
sweep,3489
sweep,2882
sweep,3206
sweep,3350
sweep,2974
sweep,2827
sweep,3131
sweep,2662
sweep,2606
sweep,3514
sweep,3516
sweep,3129
sweep,3653
sweep,2381
sweep,2679
sweep,3994
sweep,2499
sweep,3393
sweep,2014
sweep,3392
sweep,3949
sweep,4145
sweep,3363
sweep,3356
sweep,2850
sweep,2936
sweep,3050
sweep,3213
sweep,3373
sweep,2787
sweep,3155
sweep,2578
sweep,2887
sweep,3704
sweep,2694
sweep,2939
sweep,2903
sweep,2997
sweep,3644
sweep,2666
sweep,2439
sweep,2465
sweep,5965
sweep,8984
sweep,8407
sweep,8683
sweep,8242
sweep,6398
sweep,7054
sweep,4380
sweep,4363
sweep,4970
sweep,6098
sweep,5509
sweep,5770
sweep,237
mark,1024967
sweep,4739
sweep,3954
sweep,4442
sweep,3992
sweep,3634
sweep,4108
sweep,3565
sweep,3292
sweep,2789
sweep,3247
sweep,3086
sweep,2748
sweep,2704
sweep,3013
sweep,2860
sweep,2837
sweep,3557
sweep,2997
sweep,3158
sweep,3595
sweep,2338
sweep,2903
sweep,3641
sweep,2581
sweep,3120
sweep,2044
sweep,3504
sweep,3809
sweep,4258
sweep,3747
sweep,3539
sweep,3067
sweep,3024
sweep,3101
sweep,2824
sweep,3246
sweep,2775
sweep,3190
sweep,2537
sweep,2658
sweep,3704
sweep,2930
sweep,2678
sweep,2986
sweep,2872
sweep,3476
sweep,2799
sweep,2806
sweep,2469
sweep,3406
sweep,4337
sweep,4211
sweep,4395
sweep,5613
sweep,7683
sweep,5970
sweep,9229
sweep,8087
sweep,8121
sweep,8159
sweep,7603
sweep,7606
sweep,831
mark,1027714
sweep,4588
sweep,4342
sweep,4081
sweep,4022
sweep,3828
sweep,4060
sweep,3605
sweep,3077
sweep,2816
sweep,3273
sweep,2984
sweep,3165
sweep,2695
sweep,2820
sweep,2844
sweep,2942
sweep,3304
sweep,2877
sweep,3509
sweep,3640
sweep,2285
sweep,2434
sweep,3745
sweep,2481
sweep,3726
sweep,2104
sweep,3720
sweep,3717
sweep,4665
sweep,3637
sweep,3097
sweep,3268
sweep,2884
sweep,3004
sweep,3284
sweep,3138
sweep,2962
sweep,3333
sweep,2619
sweep,2774
sweep,4233
sweep,2678
sweep,2591
sweep,3509
sweep,2906
sweep,3636
sweep,2841
sweep,2530
sweep,2448
sweep,5618
sweep,8526
sweep,8774
sweep,8884
sweep,7666
sweep,6084
sweep,6885
sweep,4093
sweep,4293
sweep,4876
sweep,6138
sweep,5910
sweep,5982
sweep,245
mark,1030133
sweep,5133
sweep,3848
sweep,4066
sweep,4114
sweep,3584
sweep,4212
sweep,3596
sweep,3229
sweep,2978
sweep,3468
sweep,3331
sweep,2710
sweep,2945
sweep,2847
sweep,2826
sweep,3036
sweep,3447
sweep,2937
sweep,3027
sweep,3435
sweep,2609
sweep,2757
sweep,4047
sweep,2534
sweep,3566
sweep,2162
sweep,3697
sweep,4114
sweep,4455
sweep,3686
sweep,3065
sweep,3001
sweep,3531
sweep,3308
sweep,2820
sweep,3371
sweep,2740
sweep,3070
sweep,2515
sweep,3059
sweep,3989
sweep,2726
sweep,3025
sweep,2927
sweep,2716
sweep,3584
sweep,2681
sweep,2632
sweep,2448
sweep,3568
sweep,3844
sweep,4001
sweep,4170
sweep,5956
sweep,7821
sweep,6000
sweep,8711
sweep,8241
sweep,8683
sweep,8344
sweep,7523
sweep,6956
sweep,841
mark,1032662
sweep,4882
sweep,4169
sweep,4030
sweep,4237
sweep,3462
sweep,3964
sweep,3611
sweep,3519
sweep,3180
sweep,3310
sweep,3279
sweep,3001
sweep,2987
sweep,3319
sweep,2691
sweep,2826
sweep,3268
sweep,2846
sweep,3545
sweep,3702
sweep,2559
sweep,2628
sweep,3871
sweep,2482
sweep,3251
sweep,1866
sweep,3365
sweep,3596
sweep,4162
sweep,3921
sweep,3153
sweep,3031
sweep,2923
sweep,3074
sweep,3250
sweep,3192
sweep,2736
sweep,3258
sweep,2397
sweep,2838
sweep,4138
sweep,2712
sweep,2852
sweep,3222
sweep,2816
sweep,3650
sweep,2823
sweep,2493
sweep,2726
sweep,5662
sweep,9270
sweep,8979
sweep,8744
sweep,8329
sweep,6265
sweep,7581
sweep,4340
sweep,4176
sweep,4984
sweep,6151
sweep,5686
sweep,5933
sweep,224
mark,1033348
sweep,4987
sweep,4067
sweep,4147
sweep,4189
sweep,3483
sweep,4352
sweep,3811
sweep,3180
sweep,2728
sweep,3029
sweep,3052
sweep,2804
sweep,3015
sweep,2848
sweep,2592
sweep,2641
sweep,3523
sweep,3097
sweep,2919
sweep,3539
sweep,2319
sweep,2307
sweep,3793
sweep,2319
sweep,3047
sweep,2198
sweep,3584
sweep,3783
sweep,4201
sweep,3424
sweep,3296
sweep,3369
sweep,2891
sweep,3273
sweep,2736
sweep,3277
sweep,2797
sweep,3211
sweep,2588
sweep,2816
sweep,3932
sweep,2631
sweep,2668
sweep,2994
sweep,2798
sweep,3790
sweep,2734
sweep,2842
sweep,2558
sweep,3493
sweep,4001
sweep,4258
sweep,4262
sweep,5955
sweep,7911
sweep,5858
sweep,8487
sweep,8362
sweep,8452
sweep,8314
sweep,7422
sweep,7589
sweep,840
mark,1035200
sweep,4765
sweep,4640
sweep,4164
sweep,4044
sweep,3848
sweep,4214
sweep,4027
sweep,3056
sweep,2904
sweep,3461
sweep,3126
sweep,2750
sweep,2690
sweep,2831
sweep,2645
sweep,2719
sweep,3327
sweep,3085
sweep,3053
sweep,3738
sweep,2373
sweep,2515
sweep,3724
sweep,2350
sweep,3339
sweep,1907
sweep,3578
sweep,3951
sweep,4345
sweep,3388
sweep,3137
sweep,2971
sweep,2851
sweep,3159
sweep,3188
sweep,3417
sweep,2951
sweep,3152
sweep,2422
sweep,2666
sweep,3726
sweep,2615
sweep,2740
sweep,2958
sweep,2767
sweep,3670
sweep,2673
sweep,2636
sweep,2372
sweep,5397
sweep,9507
sweep,8729
sweep,8744
sweep,8227
sweep,6588
sweep,7099
sweep,4036
sweep,4553
sweep,4944
sweep,6109
sweep,5794
sweep,5800
sweep,220
mark,1031439
sweep,4768
sweep,3888
sweep,3893
sweep,3861
sweep,3524
sweep,4046
sweep,3716
sweep,3215
sweep,2831
sweep,3039
sweep,3114
sweep,2896
sweep,2935
sweep,2776
sweep,2792
sweep,2815
sweep,3229
sweep,3254
sweep,3227
sweep,3467
sweep,2299
sweep,2607
sweep,4089
sweep,2379
sweep,3065
sweep,1891
sweep,3364
sweep,3940
sweep,4354
sweep,3454
sweep,3478
sweep,3355
sweep,2836
sweep,3238
sweep,3148
sweep,3086
sweep,2689
sweep,3270
sweep,2713
sweep,2822
sweep,3783
sweep,2704
sweep,2825
sweep,3113
sweep,2792
sweep,3542
sweep,2818
sweep,2770
sweep,2840
sweep,3462
sweep,4139
sweep,4084
sweep,4162
sweep,6234
sweep,8564
sweep,6172
sweep,8464
sweep,9140
sweep,8330
sweep,7509
sweep,7990
sweep,7296
sweep,891
mark,1036625
sweep,4838
sweep,3933
sweep,3987
sweep,3995
sweep,3804
sweep,4114
sweep,3960
sweep,3284
sweep,2815
sweep,3420
sweep,3247
sweep,2772
sweep,2624
sweep,3051
sweep,2940
sweep,2767
sweep,3608
sweep,2952
sweep,3036
sweep,3919
sweep,2295
sweep,2581
sweep,3744
sweep,2356
sweep,3154
sweep,1945
sweep,3626
sweep,3702
sweep,4258
sweep,3425
sweep,3262
sweep,2934
sweep,2844
sweep,2963
sweep,3139
sweep,3476
sweep,2786
sweep,3012
sweep,2511
sweep,2734
sweep,3788
sweep,2992
sweep,2581
sweep,3012
sweep,3286
sweep,3469
sweep,2996
sweep,2715
sweep,2431
sweep,5682
sweep,8661
sweep,8872
sweep,8636
sweep,7547
sweep,6120
sweep,6794
sweep,3958
sweep,4680
sweep,4769
sweep,6163
sweep,5770
sweep,6034
sweep,227
mark,1030148
sweep,4531
sweep,3786
sweep,4379
sweep,3984
sweep,3748
sweep,4085
sweep,3618
sweep,3383
sweep,3039
sweep,3091
sweep,3036
sweep,3109
sweep,2834
sweep,2764
sweep,2745
sweep,2974
sweep,3620
sweep,3158
sweep,3057
sweep,3364
sweep,2379
sweep,2452
sweep,3850
sweep,2662
sweep,3144
sweep,2066
sweep,3467
sweep,3952
sweep,4218
sweep,3323
sweep,3283
sweep,2998
sweep,2920
sweep,3055
sweep,2766
sweep,3600
sweep,2843
sweep,3171
sweep,2699
sweep,2788
sweep,3818
sweep,2730
sweep,2808
sweep,3251
sweep,2764
sweep,3503
sweep,2976
sweep,2607
sweep,2466
sweep,3943
sweep,4232
sweep,4072
sweep,4130
sweep,5734
sweep,8582
sweep,6196
sweep,9014
sweep,8622
sweep,8501
sweep,7237
sweep,7442
sweep,7653
sweep,788
mark,1067260
sweep,4861
sweep,4062
sweep,4207
sweep,4172
sweep,4003
sweep,4294
sweep,3948
sweep,3103
sweep,2939
sweep,3284
sweep,3158
sweep,2887
sweep,2727
sweep,2962
sweep,2743
sweep,2725
sweep,3397
sweep,2954
sweep,3135
sweep,3327
sweep,2468
sweep,2482
sweep,4168
sweep,2302
sweep,3202
sweep,1910
sweep,3471
sweep,3695
sweep,4700
sweep,3242
sweep,3376
sweep,3176
sweep,2934
sweep,3304
sweep,3338
sweep,3174
sweep,2671
sweep,3154
sweep,2830
sweep,2921
sweep,4076
sweep,2686
sweep,3055
sweep,3247
sweep,3026
sweep,3487
sweep,2852
sweep,2455
sweep,2712
sweep,5892
sweep,9462
sweep,8661
sweep,8600
sweep,8257
sweep,6036
sweep,7653
sweep,4418
sweep,4505
sweep,4556
sweep,6177
sweep,6036
sweep,5902
sweep,211
mark,1047206
sweep,4836
sweep,3692
sweep,4361
sweep,4411
sweep,3870
sweep,4096
sweep,3817
sweep,3356
sweep,2738
sweep,2986
sweep,3151
sweep,2910
sweep,2936
sweep,2859
sweep,2655
sweep,2582
sweep,3214
sweep,3234
sweep,3252
sweep,4073
sweep,2351
sweep,2872
sweep,3775
sweep,2370
sweep,3662
sweep,2240
sweep,3519
sweep,3667
sweep,4163
sweep,3300
sweep,3101
sweep,3023
sweep,2953
sweep,3246
sweep,2822
sweep,3510
sweep,3030
sweep,3165
sweep,2593
sweep,3073
sweep,3809
sweep,2757
sweep,3076
sweep,3282
sweep,3077
sweep,3613
sweep,2801
sweep,2578
sweep,2515
sweep,3561
sweep,4271
sweep,4363
sweep,4617
sweep,5930
sweep,7690
sweep,6030
sweep,8506
sweep,8468
sweep,8823
sweep,7838
sweep,7862
sweep,7826
sweep,834
mark,1046046
sweep,4875
sweep,4110
sweep,3951
sweep,4142
sweep,3643
sweep,4313
sweep,3835
sweep,3095
sweep,2927
sweep,3272
sweep,3407
sweep,2812
sweep,2737
sweep,3211
sweep,2649
sweep,2715
sweep,3352
sweep,2919
sweep,3050
sweep,3551
sweep,2581
sweep,2614
sweep,3751
sweep,2522
sweep,3676
sweep,1918
sweep,3423
sweep,3657
sweep,4260
sweep,4019
sweep,3152
sweep,3291
sweep,3111
sweep,3199
sweep,2771
sweep,3186
sweep,2708
sweep,3219
sweep,2645
sweep,2967
sweep,4033
sweep,2625
sweep,2833
sweep,3207
sweep,2913
sweep,3903
sweep,2825
sweep,2534
sweep,2581
sweep,5671
sweep,9076
sweep,8415
sweep,8406
sweep,8158
sweep,6006
sweep,7330
sweep,3972
sweep,4266
sweep,4641
sweep,5700
sweep,5924
sweep,6596
sweep,251
mark,1023492
sweep,4859
sweep,3844
sweep,3903
sweep,4445
sweep,3699
sweep,3956
sweep,3548
sweep,3522
sweep,2852
sweep,3032
sweep,3581
sweep,2807
sweep,2725
sweep,2774
sweep,2692
sweep,2995
sweep,11636
sweep,3077
sweep,3069
sweep,3367
sweep,2401
sweep,2399
sweep,3985
sweep,2369
sweep,3394
sweep,1778
sweep,3250
sweep,3714
sweep,4448
sweep,4233
sweep,3172
sweep,2785
sweep,2756
sweep,3082
sweep,2643
sweep,3232
sweep,3085
sweep,3160
sweep,2955
sweep,3046
sweep,3960
sweep,2925
sweep,2644
sweep,3266
sweep,2875
sweep,3685
sweep,2988
sweep,2837
sweep,2386
sweep,3733
sweep,3866
sweep,4057
sweep,4491
sweep,5887
sweep,8541
sweep,6557
sweep,9301
sweep,8085
sweep,8793
sweep,7496
sweep,7679
sweep,7240
sweep,834
mark,1039413
sweep,4778
sweep,3823
sweep,4420
sweep,4018
sweep,3715
sweep,4438
sweep,3902
sweep,3278
sweep,3183
sweep,3200
sweep,3305
sweep,2799
sweep,3169
sweep,3020
sweep,2926
sweep,3014
sweep,3511
sweep,3447
sweep,3013
sweep,3646
sweep,2299
sweep,2930
sweep,3897
sweep,2416
sweep,3873
sweep,2264
sweep,3716
sweep,3721
sweep,4407
sweep,3241
sweep,3243
sweep,2853
sweep,2883
sweep,2960
sweep,2872
sweep,3132
sweep,2881
sweep,3160
sweep,2414
sweep,2932
sweep,4085
sweep,2527
sweep,2615
sweep,2917
sweep,2783
sweep,3481
sweep,2800
sweep,2559
sweep,2705
sweep,5413
sweep,9041
sweep,8916
sweep,8452
sweep,7750
sweep,5982
sweep,7495
sweep,4129
sweep,4401
sweep,4595
sweep,6105
sweep,5898
sweep,5819
sweep,223
mark,1026858
sweep,4895
sweep,4192
sweep,4655
sweep,4341
sweep,3685
sweep,4032
sweep,3649
sweep,3029
sweep,2768
sweep,3047
sweep,3020
sweep,2704
sweep,2726
sweep,2845
sweep,2593
sweep,2866
sweep,3293
sweep,2997
sweep,2991
sweep,3452
sweep,2346
sweep,2556
sweep,4328
sweep,2627
sweep,3092
sweep,2085
sweep,3586
sweep,3635
sweep,4392
sweep,3245
sweep,3444
sweep,3295
sweep,2901
sweep,3148
sweep,3229
sweep,3516
sweep,2760
sweep,3213
sweep,2646
sweep,3273
sweep,3729
sweep,3021
sweep,2692
sweep,3022
sweep,3201
sweep,3480
sweep,2952
sweep,2581
sweep,2727
sweep,3564
sweep,3763
sweep,4116
sweep,4138
sweep,5796
sweep,7501
sweep,6088
sweep,9249
sweep,8123
sweep,8227
sweep,8299
sweep,7406
sweep,7096
sweep,832
mark,1036193
sweep,4779
sweep,4020
sweep,4227
sweep,4199
sweep,3749
sweep,4502
sweep,3539
sweep,3468
sweep,3051
sweep,3173
sweep,3216
sweep,2762
sweep,3083
sweep,2790
sweep,2628
sweep,2759
sweep,3206
sweep,3299
sweep,3740
sweep,3482
sweep,2388
sweep,2458
sweep,3733
sweep,2403
sweep,3211
sweep,1977
sweep,3393
sweep,3743
sweep,4577
sweep,3837
sweep,3304
sweep,3191
sweep,2829
sweep,2946
sweep,2801
sweep,3297
sweep,2953
sweep,3113
sweep,2708
sweep,2694
sweep,3880
sweep,2830
sweep,2885
sweep,3175
sweep,2871
sweep,3627
sweep,2674
sweep,2526
sweep,2729
sweep,5566
sweep,8899
sweep,8313
sweep,8738
sweep,7886
sweep,6443
sweep,7304
sweep,4119
sweep,4413
sweep,5246
sweep,6346
sweep,5807
sweep,5910
sweep,239
mark,1030034
sweep,4449
sweep,3834
sweep,4054
sweep,3983
sweep,3503
sweep,3967
sweep,3529
sweep,3400
sweep,3087
sweep,3197
sweep,3005
sweep,2789
sweep,2716
sweep,2995
sweep,2627
sweep,2650
sweep,3239
sweep,3021
sweep,3045
sweep,3486
sweep,2438
sweep,2471
sweep,4041
sweep,2403
sweep,3090
sweep,1960
sweep,3400
sweep,3941
sweep,4420
sweep,3427
sweep,3398
sweep,3635
sweep,2900
sweep,3137
sweep,2962
sweep,3523
sweep,2763
sweep,3000
sweep,2755
sweep,2970
sweep,3703
sweep,2885
sweep,2815
sweep,3091
sweep,3197
sweep,3684
sweep,2750
sweep,2512
sweep,2481
sweep,3508
sweep,3888
sweep,4093
sweep,4180
sweep,5759
sweep,7709
sweep,6439
sweep,8459
sweep,8636
sweep,8363
sweep,8274
sweep,7431
sweep,7617
sweep,829
mark,1029456
sweep,4798
sweep,4116
sweep,3958
sweep,3879
sweep,3565
sweep,4149
sweep,3627
sweep,3049
sweep,3172
sweep,3155
sweep,3167
sweep,2819
sweep,2728
sweep,2734
sweep,2863
sweep,2952
sweep,3286
sweep,2839
sweep,3043
sweep,3867
sweep,2417
sweep,2366
sweep,3755
sweep,2425
sweep,3022
sweep,2109
sweep,3407
sweep,3657
sweep,4295
sweep,3457
sweep,3140
sweep,3032
sweep,2860
sweep,2999
sweep,2884
sweep,3541
sweep,2948
sweep,3290
sweep,2718
sweep,2787
sweep,3810
sweep,2609
sweep,2661
sweep,2878
sweep,2902
sweep,3421
sweep,2958
sweep,2814
sweep,2597
sweep,5417
sweep,8597
sweep,8600
sweep,8675
sweep,8124
sweep,6287
sweep,7223
sweep,4230
sweep,4462
sweep,4695
sweep,6346
sweep,5940
sweep,5957
sweep,227
mark,1025129
sweep,4879
sweep,3865
sweep,4020
sweep,4158
sweep,3553
sweep,4279
sweep,3701
sweep,3273
sweep,2877
sweep,3087
sweep,3001
sweep,2897
sweep,2806
sweep,3321
sweep,2821
sweep,2680
sweep,3531
sweep,3402
sweep,2987
sweep,3350
sweep,2365
sweep,2516
sweep,3748
sweep,2520
sweep,3261
sweep,1970
sweep,3400
sweep,3840
sweep,4713
sweep,3308
sweep,3160
sweep,3463
sweep,2807
sweep,3069
sweep,3262
sweep,3288
sweep,2776
sweep,3047
sweep,2466
sweep,2659
sweep,3813
sweep,3113
sweep,2873
sweep,3040
sweep,2938
sweep,3959
sweep,2767
sweep,2550
sweep,2532
sweep,3509
sweep,4060
sweep,4008
sweep,4164
sweep,5677
sweep,8756
sweep,6504
sweep,8824
sweep,8466
sweep,8487
sweep,8141
sweep,7333
sweep,7092
sweep,828
mark,1035660
sweep,4672
sweep,3983
sweep,3928
sweep,4067
sweep,3878
sweep,4470
sweep,3681
sweep,3140
sweep,3081
sweep,3397
sweep,3266
sweep,2783
sweep,2974
sweep,3197
sweep,2826
sweep,3005
sweep,3269
sweep,3219
sweep,3252
sweep,3327
sweep,2720
sweep,2494
sweep,3796
sweep,2584
sweep,3206
sweep,2158
sweep,3369
sweep,3631
sweep,4257
sweep,3442
sweep,3447
sweep,3064
sweep,2951
sweep,3240
sweep,2774
sweep,3379
sweep,2915
sweep,3169
sweep,2497
sweep,3049
sweep,3890
sweep,2733
sweep,2684
sweep,2946
sweep,2787
sweep,3355
sweep,3006
sweep,2500
sweep,2714
sweep,5492
sweep,8512
sweep,8685
sweep,8618
sweep,7837
sweep,6147
sweep,7375
sweep,4000
sweep,4427
sweep,5159
sweep,6453
sweep,5764
sweep,5813
sweep,217
mark,1026272
sweep,4812
sweep,4375
sweep,4445
sweep,4087
sweep,3858
sweep,4129
sweep,3801
sweep,3041
sweep,3003
sweep,3334
sweep,3120
sweep,2746
sweep,2797
sweep,2775
sweep,2857
sweep,2722
sweep,3532
sweep,3197
sweep,3014
sweep,3376
sweep,2443
sweep,2492
sweep,3953
sweep,2369
sweep,3102
sweep,1983
sweep,3330
sweep,3699
sweep,4632
sweep,3553
sweep,3126
sweep,3314
sweep,3141
sweep,3069
sweep,2772
sweep,3607
sweep,3027
sweep,2995
sweep,2655
sweep,3185
sweep,3717
sweep,2843
sweep,2649
sweep,2946
sweep,2921
sweep,3517
sweep,2974
sweep,2508
sweep,2517
sweep,3667
sweep,4347
sweep,4023
sweep,4311
sweep,5580
sweep,8621
sweep,6555
sweep,8372
sweep,8587
sweep,8402
sweep,7279
sweep,7137
sweep,7114
sweep,773
mark,1033663
sweep,5189
sweep,4003
sweep,3869
sweep,3951
sweep,3833
sweep,4280
sweep,3662
sweep,3632
sweep,2831
sweep,3385
sweep,2938
sweep,2689
sweep,2781
sweep,2836
sweep,2659
sweep,2885
sweep,3313
sweep,3395
sweep,3203
sweep,3717
sweep,2377
sweep,2399
sweep,3877
sweep,2399
sweep,3111
sweep,2214
sweep,3604
sweep,3582
sweep,4556
sweep,3640
sweep,3261
sweep,3171
sweep,3209
sweep,2977
sweep,2838
sweep,3428
sweep,2840
sweep,3114
sweep,2527
sweep,2838
sweep,3730
sweep,2900
sweep,2752
sweep,3317
sweep,2882
sweep,3874
sweep,2738
sweep,2985
sweep,2623
sweep,5543
sweep,8832
sweep,8922
sweep,8768
sweep,7582
sweep,5814
sweep,7175
sweep,4279
sweep,4430
sweep,4930
sweep,6093
sweep,5858
sweep,5918
sweep,222
mark,1034549
sweep,5103
sweep,4196
sweep,4358
sweep,4034
sweep,3971
sweep,4440
sweep,3811
sweep,3193
sweep,2905
sweep,3474
sweep,3119
sweep,2896
sweep,2672
sweep,2829
sweep,2936
sweep,2954
sweep,3190
sweep,2917
sweep,2941
sweep,3422
sweep,2394
sweep,2828
sweep,3729
sweep,2314
sweep,3012
sweep,2186
sweep,3511
sweep,3927
sweep,4460
sweep,3508
sweep,3279
sweep,2956
sweep,2842
sweep,3201
sweep,2837
sweep,3121
sweep,2859
sweep,3043
sweep,2857
sweep,3077
sweep,3833
sweep,2674
sweep,2960
sweep,3041
sweep,3034
sweep,3470
sweep,2761
sweep,2634
sweep,2586
sweep,3484
sweep,3699
sweep,3949
sweep,4175
sweep,5670
sweep,7884
sweep,6019
sweep,9080
sweep,8059
sweep,8515
sweep,7210
sweep,7239
sweep,7749
sweep,833
mark,1027243
sweep,4910
sweep,4043
sweep,4028
sweep,4278
sweep,3636
sweep,4294
sweep,3718
sweep,2994
sweep,3154
sweep,3242
sweep,3313
sweep,2737
sweep,2728
sweep,2947
sweep,2615
sweep,2649
sweep,3255
sweep,3206
sweep,3033
sweep,3345
sweep,2358
sweep,2577
sweep,3724
sweep,2719
sweep,3033
sweep,1965
sweep,3649
sweep,3671
sweep,4177
sweep,3674
sweep,3288
sweep,2995
sweep,2824
sweep,3170
sweep,3244
sweep,3083
sweep,2823
sweep,3022
sweep,2476
sweep,2808
sweep,4096
sweep,2869
sweep,2689
sweep,3264
sweep,2865
sweep,3604
sweep,2839
sweep,2414
sweep,2684
sweep,5867
sweep,9048
sweep,8655
sweep,8552
sweep,7705
sweep,6344
sweep,6954
sweep,3940
sweep,4279
sweep,4675
sweep,5753
sweep,5512
sweep,5840
sweep,251
mark,1029047
sweep,4530
sweep,3921
sweep,3860
sweep,4134
sweep,3885
sweep,3962
sweep,3730
sweep,3038
sweep,3067
sweep,3183
sweep,3162
sweep,2758
sweep,2676
sweep,2729
sweep,2668
sweep,2655
sweep,3598
sweep,2950
sweep,3283
sweep,3693
sweep,2650
sweep,2472
sweep,3753
sweep,2318
sweep,3162
sweep,1975
sweep,3325
sweep,3887
sweep,4153
sweep,3300
sweep,3099
sweep,3055
sweep,2997
sweep,3002
sweep,2787
sweep,3154
sweep,2869
sweep,3254
sweep,2564
sweep,2710
sweep,3685
sweep,2694
sweep,2885
sweep,3078
sweep,3012
sweep,3603
sweep,2710
sweep,2440
sweep,2538
sweep,3929
sweep,3992
sweep,4033
sweep,4080
sweep,5873
sweep,8190
sweep,6351
sweep,8534
sweep,8360
sweep,8428
sweep,7474
sweep,7487
sweep,7133
sweep,820
mark,1031776
sweep,4683
sweep,4044
sweep,4054
sweep,4245
sweep,3878
sweep,4272
sweep,3570
sweep,3144
sweep,2806
sweep,3249
sweep,3216
sweep,3111
sweep,2926
sweep,3088
sweep,2655
sweep,2757
sweep,3260
sweep,3000
sweep,3056
sweep,3556
sweep,2297
sweep,2900
sweep,3731
sweep,2351
sweep,3079
sweep,1931
sweep,3426
sweep,3593
sweep,4674
sweep,3343
sweep,3412
sweep,3013
sweep,3393
sweep,3083
sweep,2803
sweep,3353
sweep,2861
sweep,3251
sweep,2471
sweep,3089
sweep,4080
sweep,3053
sweep,2652
sweep,2906
sweep,2846
sweep,3493
sweep,2973
sweep,2556
sweep,2700
sweep,5353
sweep,8688
sweep,8449
sweep,8275
sweep,8004
sweep,5843
sweep,7423
sweep,4096
sweep,4212
sweep,4962
sweep,6145
sweep,6202
sweep,6209
sweep,221
mark,1026791
sweep,4885
sweep,4301
sweep,3881
sweep,3983
sweep,3998
sweep,3991
sweep,3669
sweep,3490
sweep,2779
sweep,3158
sweep,3093
sweep,3029
sweep,2906
sweep,3031
sweep,3042
sweep,2809
sweep,3816
sweep,2918
sweep,2949
sweep,3425
sweep,2307
sweep,2488
sweep,3627
sweep,2372
sweep,3041
sweep,2030
sweep,3595
sweep,3597
sweep,4293
sweep,3399
sweep,3175
sweep,2983
sweep,3306
sweep,3017
sweep,2723
sweep,3212
sweep,2816
sweep,3020
sweep,2513
sweep,2612
sweep,4032
sweep,3022
sweep,2723
sweep,3009
sweep,2755
sweep,3385
sweep,2803
sweep,2592
sweep,2822
sweep,3529
sweep,4036
sweep,3919
sweep,4395
sweep,5738
sweep,7738
sweep,6147
sweep,8506
sweep,9260
sweep,8491
sweep,7190
sweep,7350
sweep,7311
sweep,797
mark,1034705
sweep,4676
sweep,3978
sweep,3930
sweep,4049
sweep,3678
sweep,4322
sweep,3627
sweep,3430
sweep,3001
sweep,3696
sweep,2926
sweep,2702
sweep,3056
sweep,6015
sweep,2760
sweep,2642
sweep,3623
sweep,3055
sweep,3067
sweep,3556
sweep,2323
sweep,2425
sweep,4019
sweep,2467
sweep,3168
sweep,1992
sweep,3420
sweep,4021
sweep,4454
sweep,3713
sweep,3294
sweep,2907
sweep,2876
sweep,3051
sweep,2762
sweep,3130
sweep,2894
sweep,3139
sweep,2466
sweep,2743
sweep,3741
sweep,2789
sweep,2703
sweep,3148
sweep,2745
sweep,3533
sweep,2844
sweep,2716
sweep,2646
sweep,5698
sweep,8678
sweep,9018
sweep,8522
sweep,8014
sweep,5762
sweep,7315
sweep,3969
sweep,4607
sweep,4585
sweep,6245
sweep,5837
sweep,6008
sweep,240
mark,1040446
sweep,4826
sweep,3815
sweep,3917
sweep,3913
sweep,3820
sweep,3972
sweep,4163
sweep,3287
sweep,2963
sweep,3377
sweep,3111
sweep,2772
sweep,2858
sweep,2836
sweep,2800
sweep,3158
sweep,3197
sweep,3077
sweep,2957
sweep,3935
sweep,2481
sweep,2609
sweep,3977
sweep,2221
sweep,3120
sweep,2057
sweep,3351
sweep,3965
sweep,4228
sweep,3646
sweep,3110
sweep,3058
sweep,2909
sweep,3203
sweep,2703
sweep,3206
sweep,2724
sweep,3179
sweep,2688
sweep,2671
sweep,3800
sweep,2642
sweep,2684
sweep,3463
sweep,2872
sweep,3473
sweep,2912
sweep,2444
sweep,2645
sweep,3456
sweep,3909
sweep,3950
sweep,4151
sweep,6222
sweep,8205
sweep,6944
sweep,8399
sweep,8421
sweep,8376
sweep,7372
sweep,7019
sweep,7046
sweep,835
mark,1030563
sweep,4838
sweep,3758
sweep,4318
sweep,4266
sweep,3890
sweep,4110
sweep,3751
sweep,3361
sweep,2810
sweep,3230
sweep,3215
sweep,2902
sweep,2710
sweep,3078
sweep,2972
sweep,2954
sweep,3325
sweep,3247
sweep,3031
sweep,3525
sweep,2501
sweep,2603
sweep,3758
sweep,2584
sweep,3155
sweep,1986
sweep,3378
sweep,3980
sweep,4304
sweep,3400
sweep,3143
sweep,3040
sweep,2865
sweep,3364
sweep,2716
sweep,3384
sweep,2789
sweep,3080
sweep,2799
sweep,2695
sweep,3921
sweep,2873
sweep,2657
sweep,3489
sweep,2884
sweep,3492
sweep,2723
sweep,2480
sweep,2454
sweep,5311
sweep,9334
sweep,9369
sweep,8831
sweep,8195
sweep,6155
sweep,7465
sweep,4125
sweep,4410
sweep,4937
sweep,5916
sweep,5923
sweep,5809
sweep,225
mark,1030589
sweep,4559
sweep,3994
sweep,4041
sweep,3976
sweep,3542
sweep,3913
sweep,3910
sweep,3069
sweep,3106
sweep,3059
sweep,3196
sweep,2766
sweep,2704
sweep,2740
sweep,2612
sweep,2993
sweep,3210
sweep,3058
sweep,3146
sweep,3486
sweep,2495
sweep,2514
sweep,4164
sweep,2605
sweep,3117
sweep,1897
sweep,3550
sweep,3559
sweep,4308
sweep,3324
sweep,3304
sweep,2959
sweep,2884
sweep,3521
sweep,2769
sweep,3220
sweep,3075
sweep,3340
sweep,2636
sweep,2691
sweep,3669
sweep,3119
sweep,2750
sweep,2953
sweep,3093
sweep,3429
sweep,3039
sweep,2487
sweep,2787
sweep,3376
sweep,4083
sweep,4005
sweep,4174
sweep,5836
sweep,8316
sweep,6148
sweep,8686
sweep,8764
sweep,9045
sweep,7510
sweep,7260
sweep,7145
sweep,826
mark,1037295
sweep,4834
sweep,4200
sweep,4024
sweep,4288
sweep,3869
sweep,4269
sweep,3690
sweep,3081
sweep,2815
sweep,3588
sweep,2963
sweep,2998
sweep,2874
sweep,2829
sweep,2708
sweep,2656
sweep,3554
sweep,3334
sweep,3196
sweep,3471
sweep,2334
sweep,2583
sweep,4035
sweep,2472
sweep,3187
sweep,2066
sweep,3560
sweep,4029
sweep,4326
sweep,3169
sweep,3473
sweep,2948
sweep,3034
sweep,2939
sweep,2815
sweep,2966
sweep,2943
sweep,3001
sweep,2484
sweep,2665
sweep,3592
sweep,2558
sweep,2639
sweep,3366
sweep,2955
sweep,3518
sweep,2925
sweep,2522
sweep,2436
sweep,5526
sweep,9318
sweep,8515
sweep,8623
sweep,8190
sweep,6077
sweep,6798
sweep,4048
sweep,4373
sweep,4482
sweep,5721
sweep,5779
sweep,5811
sweep,223
mark,1027183
sweep,4615
sweep,3699
sweep,3982
sweep,4015
sweep,3764
sweep,3990
sweep,3580
sweep,3474
sweep,3060
sweep,3483
sweep,3081
sweep,3281
sweep,2867
sweep,3159
sweep,2551
sweep,2680
sweep,3556
sweep,2942
sweep,3044
sweep,3755
sweep,2324
sweep,2399
sweep,3681
sweep,2338
sweep,3068
sweep,1927
sweep,3384
sweep,3564
sweep,4732
sweep,3592
sweep,3052
sweep,3347
sweep,2926
sweep,3034
sweep,2773
sweep,3213
sweep,2860
sweep,3261
sweep,2727
sweep,2629
sweep,3708
sweep,2652
sweep,3028
sweep,2906
sweep,3049
sweep,3525
sweep,2938
sweep,2433
sweep,2697
sweep,3567
sweep,4163
sweep,3914
sweep,4127
sweep,11210
sweep,8397
sweep,6477
sweep,8680
sweep,8509
sweep,8743
sweep,8264
sweep,7645
sweep,7660
sweep,822
mark,1032109
sweep,4904
sweep,3768
sweep,4112
sweep,4500
sweep,3854
sweep,4107
sweep,3662
sweep,3019
sweep,2912
sweep,3477
sweep,3236
sweep,3033
sweep,2923
sweep,5780
sweep,2874
sweep,2780
sweep,3309
sweep,2961
sweep,3405
sweep,3428
sweep,2498
sweep,2379
sweep,3786
sweep,2697
sweep,3206
sweep,2269
sweep,3545
sweep,3621
sweep,4805
sweep,3584
sweep,3103
sweep,2971
sweep,3074
sweep,2964
sweep,2860
sweep,3082
sweep,2711
sweep,3115
sweep,2540
sweep,2766
sweep,3839
sweep,2714
sweep,2885
sweep,3119
sweep,2780
sweep,3726
sweep,2699
sweep,2633
sweep,2640
sweep,5966
sweep,8980
sweep,8756
sweep,8566
sweep,8199
sweep,5976
sweep,7264
sweep,4035
sweep,4159
sweep,4291
sweep,5737
sweep,5583
sweep,6034
sweep,256
mark,1029403
sweep,5023
sweep,3988
sweep,4181
sweep,4550
sweep,3844
sweep,4181
sweep,3728
sweep,3270
sweep,3083
sweep,3052
sweep,3195
sweep,3077
sweep,2959
sweep,2917
sweep,2636
sweep,2733
sweep,3170
sweep,3350
sweep,3260
sweep,3727
sweep,2346
sweep,2556
sweep,3724
sweep,2435
sweep,3426
sweep,2100
sweep,3288
sweep,3697
sweep,4277
sweep,3322
sweep,3123
sweep,3424
sweep,3176
sweep,2945
sweep,3055
sweep,3170
sweep,2883
sweep,3024
sweep,2435
sweep,3142
sweep,3829
sweep,2719
sweep,2707
sweep,2976
sweep,2968
sweep,3635
sweep,2931
sweep,2697
sweep,2381
sweep,3551
sweep,4002
sweep,4126
sweep,4093
sweep,6133
sweep,8078
sweep,6473
sweep,8395
sweep,27118
sweep,8490
sweep,7240
sweep,7058
sweep,7795
sweep,830
mark,1035366
sweep,4728
sweep,3911
sweep,3878
sweep,3923
sweep,3737
sweep,4424
sweep,3726
sweep,3127
sweep,2851
sweep,3514
sweep,3073
sweep,2745
sweep,2694
sweep,2905
sweep,2870
sweep,2670
sweep,3224
sweep,3021
sweep,3053
sweep,3498
sweep,2266
sweep,2428
sweep,3934
sweep,2419
sweep,3395
sweep,1848
sweep,3495
sweep,3696
sweep,4362
sweep,3674
sweep,3615
sweep,3029
sweep,3146
sweep,3061
sweep,2995
sweep,3173
sweep,2776
sweep,3214
sweep,2641
sweep,2773
sweep,3693
sweep,2634
sweep,2676
sweep,2979
sweep,2916
sweep,3450
sweep,3068
sweep,2522
sweep,2868
sweep,5530
sweep,9061
sweep,8910
sweep,8509
sweep,7891
sweep,6254
sweep,7374
sweep,4139
sweep,4270
sweep,4817
sweep,6318
sweep,5642
sweep,5933
sweep,222
mark,1033780
sweep,4836
sweep,4081
sweep,3869
sweep,4259
sweep,3695
sweep,3918
sweep,3540
sweep,3260
sweep,2918
sweep,3607
sweep,3200
sweep,2954
sweep,2634
sweep,2774
sweep,2706
sweep,2857
sweep,3399
sweep,2934
sweep,2925
sweep,3571
sweep,2319
sweep,2506
sweep,3647
sweep,2698
sweep,3596
sweep,1904
sweep,3381
sweep,3692
sweep,4134
sweep,3602
sweep,3418
sweep,2918
sweep,2814
sweep,3091
sweep,3066
sweep,3289
sweep,2703
sweep,3163
sweep,2525
sweep,2752
sweep,3777
sweep,3018
sweep,2734
sweep,3284
sweep,2820
sweep,3545
sweep,2856
sweep,2480
sweep,2794
sweep,3548
sweep,4110
sweep,4270
sweep,4282
sweep,6004
sweep,7861
sweep,6073
sweep,8736
sweep,8376
sweep,8576
sweep,8299
sweep,7462
sweep,7635
sweep,845
mark,1036570
sweep,5124
sweep,3986
sweep,3929
sweep,4186
sweep,3952
sweep,4028
sweep,3685
sweep,3115
sweep,2890
sweep,3597
sweep,2981
sweep,2722
sweep,2578
sweep,3346
sweep,2580
sweep,2791
sweep,3578
sweep,2897
sweep,3415
sweep,3578
sweep,2487
sweep,2382
sweep,3762
sweep,2585
sweep,3210
sweep,1900
sweep,3744
sweep,3626
sweep,4526
sweep,3466
sweep,3110
sweep,3085
sweep,2923
sweep,3047
sweep,2824
sweep,3357
sweep,2993
sweep,3102
sweep,2467
sweep,2685
sweep,4103
sweep,2953
sweep,2746
sweep,3054
sweep,2886
sweep,3448
sweep,3011
sweep,2492
sweep,2499
sweep,5623
sweep,8667
sweep,8547
sweep,8854
sweep,8109
sweep,6014
sweep,7326
sweep,4124
sweep,4362
sweep,4517
sweep,6348
sweep,6032
sweep,5962
sweep,488
mark,1061690
sweep,4623
sweep,3833
sweep,3902
sweep,4010
sweep,3728
sweep,4413
sweep,3884
sweep,3178
sweep,2854
sweep,3318
sweep,3119
sweep,3091
sweep,2760
sweep,2944
sweep,2637
sweep,2663
sweep,3269
sweep,2955
sweep,3193
sweep,3423
sweep,2679
sweep,2535
sweep,3726
sweep,2503
sweep,3080
sweep,2148
sweep,3720
sweep,3821
sweep,4586
sweep,3423
sweep,3101
sweep,3317
sweep,2925
sweep,2956
sweep,2803
sweep,3497
sweep,2795
sweep,3363
sweep,2747
sweep,2713
sweep,3835
sweep,2680
sweep,2669
sweep,3373
sweep,3174
sweep,3520
sweep,3068
sweep,2602
sweep,2500
sweep,3515
sweep,4330
sweep,4292
sweep,4405
sweep,6403
sweep,8079
sweep,6117
sweep,8868
sweep,8667
sweep,8911
sweep,7328
sweep,7207
sweep,7208
sweep,803
mark,1045842
sweep,4783
sweep,4265
sweep,4311
sweep,3976
sweep,3979
sweep,4158
sweep,3701
sweep,3141
sweep,2903
sweep,3241
sweep,3051
sweep,2779
sweep,2875
sweep,3117
sweep,3028
sweep,3212
sweep,3598
sweep,2918
sweep,3210
sweep,3818
sweep,2350
sweep,2421
sweep,3844
sweep,2403
sweep,3269
sweep,2204
sweep,3389
sweep,3929
sweep,4567
sweep,3688
sweep,3695
sweep,3067
sweep,3148
sweep,3215
sweep,3010
sweep,3155
sweep,2747
sweep,3045
sweep,2566
sweep,2721
sweep,3799
sweep,2835
sweep,2617
sweep,3120
sweep,2913
sweep,3780
sweep,2734
sweep,2606
sweep,2489
sweep,5324
sweep,8790
sweep,8676
sweep,8703
sweep,7924
sweep,5803
sweep,7130
sweep,4314
sweep,4441
sweep,4284
sweep,5582
sweep,5596
sweep,6134
sweep,226
mark,1026677
sweep,5110
sweep,3846
sweep,4440
sweep,4501
sweep,3754
sweep,4024
sweep,3658
sweep,3381
sweep,2873
sweep,3066
sweep,3065
sweep,2677
sweep,2998
sweep,2797
sweep,2663
sweep,2979
sweep,3250
sweep,2891
sweep,3313
sweep,3459
sweep,2661
sweep,2528
sweep,4056
sweep,2346
sweep,3398
sweep,2346
sweep,3783
sweep,3811
sweep,4372
sweep,3222
sweep,3280
sweep,2922
sweep,2969
sweep,3180
sweep,2836
sweep,3499
sweep,2775
sweep,3042
sweep,2631
sweep,2719
sweep,3684
sweep,2605
sweep,2776
sweep,3447
sweep,3044
sweep,3525
sweep,2751
sweep,2621
sweep,2663
sweep,3630
sweep,4128
sweep,4163
sweep,4224
sweep,5733
sweep,8076
sweep,6458
sweep,8948
sweep,8295
sweep,8505
sweep,8296
sweep,7537
sweep,7427
sweep,888
mark,1035376
sweep,4664
sweep,4189
sweep,3749
sweep,4156
sweep,3713
sweep,3992
sweep,3563
sweep,3159
sweep,3159
sweep,3489
sweep,3030
sweep,2927
sweep,2787
sweep,2993
sweep,2676
sweep,2744
sweep,3362
sweep,2892
sweep,3060
sweep,3396
sweep,2580
sweep,2557
sweep,3960
sweep,2481
sweep,3311
sweep,2322
sweep,3616
sweep,3660
sweep,4536
sweep,3407
sweep,3016
sweep,2934
sweep,3348
sweep,3011
sweep,2706
sweep,3458
sweep,2933
sweep,3117
sweep,2563
sweep,2726
sweep,4125
sweep,2827
sweep,2711
sweep,3225
sweep,2837
sweep,3684
sweep,2605
sweep,2531
sweep,2755
sweep,5505
sweep,9036
sweep,8415
sweep,8849
sweep,8364
sweep,5878
sweep,7094
sweep,4106
sweep,4151
sweep,4919
sweep,6235
sweep,5817
sweep,5749
sweep,227
mark,1054107
sweep,4611
sweep,3722
sweep,4074
sweep,4106
sweep,3854
sweep,4125
sweep,3593
sweep,3128
sweep,2956
sweep,3152
sweep,3675
sweep,2981
sweep,2970
sweep,2861
sweep,2640
sweep,2693
sweep,3508
sweep,2881
sweep,3054
sweep,3533
sweep,2590
sweep,2706
sweep,4109
sweep,2512
sweep,3649
sweep,2178
sweep,3372
sweep,3720
sweep,4224
sweep,3673
sweep,3057
sweep,3093
sweep,3171
sweep,3168
sweep,2748
sweep,3507
sweep,3165
sweep,3143
sweep,2476
sweep,3005
sweep,3887
sweep,2679
sweep,2653
sweep,3004
sweep,2933
sweep,3434
sweep,3000
sweep,2417
sweep,2571
sweep,3601
sweep,3979
sweep,3949
sweep,4386
sweep,5791
sweep,8193
sweep,6454
sweep,8395
sweep,8454
sweep,8484
sweep,7495
sweep,7170
sweep,6948
sweep,836
mark,1029815
sweep,4780
sweep,4231
sweep,3969
sweep,3961
sweep,3782
sweep,4220
sweep,3614
sweep,3183
sweep,2827
sweep,3580
sweep,3016
sweep,3230
sweep,2878
sweep,3206
sweep,2657
sweep,2678
sweep,3376
sweep,2903
sweep,2900
sweep,3519
sweep,2376
sweep,2515
sweep,3718
sweep,2343
sweep,3078
sweep,1991
sweep,3578
sweep,3678
sweep,4359
sweep,3372
sweep,2983
sweep,3211
sweep,2823
sweep,3170
sweep,2865
sweep,3364
sweep,2823
sweep,3177
sweep,2432
sweep,2737
sweep,3830
sweep,2953
sweep,2849
sweep,2969
sweep,2947
sweep,3708
sweep,2741
sweep,2410
sweep,2829
sweep,5656
sweep,8994
sweep,8795
sweep,8482
sweep,7848
sweep,5759
sweep,7068
sweep,3949
sweep,4349
sweep,5060
sweep,6176
sweep,5843
sweep,5873
sweep,224
mark,1025395
sweep,4782
sweep,4186
sweep,3937
sweep,4089
sweep,3600
sweep,4321
sweep,3513
sweep,3071
sweep,3014
sweep,3223
sweep,3038
sweep,2699
sweep,2718
sweep,3183
sweep,3083
sweep,3099
sweep,3204
sweep,2969
sweep,2904
sweep,3433
sweep,2321
sweep,2906
sweep,4146
sweep,2396
sweep,3072
sweep,1967
sweep,3361
sweep,3797
sweep,4069
sweep,3287
sweep,3053
sweep,3038
sweep,2888
sweep,3130
sweep,2649
sweep,3158
sweep,2909
sweep,3130
sweep,2738
sweep,2896
sweep,3673
sweep,2652
sweep,2680
sweep,3244
sweep,3193
sweep,3703
sweep,2819
sweep,2501
sweep,2755
sweep,3593
sweep,3964
sweep,4088
sweep,4400
sweep,5850
sweep,8045
sweep,5860
sweep,8936
sweep,8081
sweep,8494
sweep,7107
sweep,7209
sweep,7289
sweep,829
mark,1029275
sweep,4401
sweep,4189
sweep,3884
sweep,4097
sweep,3756
sweep,4197
sweep,3567
sweep,3440
sweep,2842
sweep,3752
sweep,2982
sweep,2705
sweep,2581
sweep,2990
sweep,2879
sweep,2631
sweep,3270
sweep,2934
sweep,3041
sweep,3752
sweep,2364
sweep,2370
sweep,3798
sweep,2438
sweep,3001
sweep,2189
sweep,3390
sweep,3857
sweep,4310
sweep,3631
sweep,3088
sweep,3226
sweep,2927
sweep,3366
sweep,2772
sweep,3071
sweep,2990
sweep,3048
sweep,2519
sweep,2731
sweep,3822
sweep,2759
sweep,2651
sweep,3286
sweep,2919
sweep,3612
sweep,2817
sweep,2511
sweep,2438
sweep,5756
sweep,9243
sweep,8452
sweep,8284
sweep,8070
sweep,6032
sweep,7486
sweep,4053
sweep,4563
sweep,4348
sweep,5847
sweep,5915
sweep,5706
sweep,230
mark,1030565
sweep,4696
sweep,4144
sweep,4027
sweep,4429
sweep,3417
sweep,4524
sweep,3580
sweep,3111
sweep,2716
sweep,3232
sweep,3052
sweep,3016
sweep,2637
sweep,2726
sweep,2743
sweep,2733
sweep,3337
sweep,2912
sweep,3144
sweep,3462
sweep,2334
sweep,2581
sweep,4021
sweep,2694
sweep,3617
sweep,2085
sweep,3408
sweep,3869
sweep,4618
sweep,3558
sweep,3034
sweep,3112
sweep,3096
sweep,3181
sweep,2722
sweep,3196
sweep,2743
sweep,3275
sweep,2568
sweep,2813
sweep,3762
sweep,3218
sweep,2976
sweep,2969
sweep,2885
sweep,3369
sweep,2787
sweep,2571
sweep,2452
sweep,3599
sweep,4019
sweep,3902
sweep,4244
sweep,6233
sweep,7680
sweep,12284
sweep,8423
sweep,8363
sweep,8467
sweep,7192
sweep,7126
sweep,7000
sweep,829
mark,1030573
sweep,4711
sweep,4269
sweep,4078
sweep,4219
sweep,3902
sweep,4460
sweep,4072
sweep,3436
sweep,3163
sweep,3278
sweep,3029
sweep,2805
sweep,2820
sweep,2748
sweep,2597
sweep,2795
sweep,3327
sweep,2946
sweep,2945
sweep,3370
sweep,2293
sweep,2390
sweep,3774
sweep,2409
sweep,3187
sweep,1953
sweep,3417
sweep,3845
sweep,4274
sweep,3509
sweep,3344
sweep,3260
sweep,2967
sweep,2988
sweep,3170
sweep,3415
sweep,2710
sweep,3086
sweep,2678
sweep,2656
sweep,3845
sweep,2676
sweep,2666
sweep,3064
sweep,2803
sweep,3689
sweep,2822
sweep,2474
sweep,2645
sweep,5782
sweep,8761
sweep,8431
sweep,8553
sweep,8070
sweep,5911
sweep,7499
sweep,4129
sweep,4382
sweep,4786
sweep,5795
sweep,5981
sweep,6116
sweep,241
mark,1031294
sweep,4856
sweep,4194
sweep,4329
sweep,4176
sweep,3494
sweep,4278
sweep,3807
sweep,3089
sweep,2862
sweep,3224
sweep,3117
sweep,3166
sweep,2647
sweep,2668
sweep,2674
sweep,2694
sweep,3536
sweep,2910
sweep,3568
sweep,3723
sweep,2374
sweep,2794
sweep,3991
sweep,2362
sweep,3059
sweep,1960
sweep,3448
sweep,3844
sweep,4574
sweep,3413
sweep,3532
sweep,3333
sweep,3423
sweep,3083
sweep,2813
sweep,3209
sweep,3168
sweep,3055
sweep,2564
sweep,2896
sweep,3989
sweep,2803
sweep,3013
sweep,3403
sweep,2989
sweep,3722
sweep,2953
sweep,2556
sweep,2507
sweep,3397
sweep,3989
sweep,4655
sweep,4354
sweep,5935
sweep,7936
sweep,6076
sweep,8841
sweep,8560
sweep,8515
sweep,8519
sweep,7734
sweep,7809
sweep,785
mark,1047836
sweep,5045
sweep,4154
sweep,4033
sweep,4053
sweep,3615
sweep,4119
sweep,3745
sweep,3320
sweep,2846
sweep,3562
sweep,3222
sweep,3031
sweep,2823
sweep,2934
sweep,2675
sweep,2862
sweep,3367
sweep,3000
sweep,3047
sweep,4009
sweep,2477
sweep,2503
sweep,3841
sweep,2365
sweep,3111
sweep,2182
sweep,3525
sweep,3912
sweep,4831
sweep,3476
sweep,3075
sweep,3005
sweep,2966
sweep,3124
sweep,2739
sweep,3165
sweep,2759
sweep,3611
sweep,2477
sweep,2693
sweep,3843
sweep,2744
sweep,2699
sweep,3219
sweep,2969
sweep,3434
sweep,2715
sweep,2543
sweep,2707
sweep,5794
sweep,9003
sweep,8729
sweep,8378
sweep,8495
sweep,6460
sweep,7175
sweep,4477
sweep,4927
sweep,4249
sweep,5657
sweep,5754
sweep,5977
sweep,218
mark,1041028
sweep,4880
sweep,3734
sweep,4509
sweep,4369
sweep,3674
sweep,4091
sweep,3622
sweep,3096
sweep,3071
sweep,3023
sweep,3019
sweep,3165
sweep,2667
sweep,2771
sweep,2651
sweep,2924
sweep,3630
sweep,3257
sweep,3256
sweep,3457
sweep,2422
sweep,2556
sweep,4173
sweep,2537
sweep,3262
sweep,2094
sweep,3608
sweep,3854
sweep,4258
sweep,3631
sweep,3262
sweep,3481
sweep,2896
sweep,3286
sweep,3178
sweep,3019
sweep,2699
sweep,3318
sweep,2700
sweep,2808
sweep,3596
sweep,2941
sweep,2759
sweep,2884
sweep,2789
sweep,3283
sweep,2898
sweep,2691
sweep,2412
sweep,3417
sweep,3808
sweep,4134
sweep,4335
sweep,6089
sweep,7448
sweep,5953
sweep,8448
sweep,8345
sweep,8361
sweep,7186
sweep,7161
sweep,7057
sweep,832
mark,1036517
sweep,4723
sweep,3776
sweep,3981
sweep,4214
sweep,3875
sweep,4074
sweep,4103
sweep,3092
sweep,3037
sweep,3254
sweep,3212
sweep,3017
sweep,2681
sweep,2847
sweep,2559
sweep,2836
sweep,3293
sweep,2936
sweep,3155
sweep,3680
sweep,2494
sweep,2455
sweep,4047
sweep,2411
sweep,3188
sweep,1931
sweep,3736
sweep,3681
sweep,4319
sweep,3787
sweep,3192
sweep,3056
sweep,2881
sweep,3226
sweep,2938
sweep,3125
sweep,2728
sweep,3018
sweep,2875
sweep,2836
sweep,3689
sweep,2596
sweep,2938
sweep,2835
sweep,2921
sweep,3305
sweep,2659
sweep,2601
sweep,2413
sweep,5952
sweep,8981
sweep,8453
sweep,8310
sweep,8386
sweep,6119
sweep,7560
sweep,4002
sweep,4391
sweep,4453
sweep,6334
sweep,5709
sweep,5815
sweep,221
mark,1033755
sweep,5432
sweep,3889
sweep,4020
sweep,4126
sweep,3758
sweep,4212
sweep,3811
sweep,3331
sweep,2769
sweep,3311
sweep,3092
sweep,2775
sweep,2946
sweep,2910
sweep,2545
sweep,2690
sweep,3466
sweep,3081
sweep,3090
sweep,3597
sweep,2476
sweep,2723
sweep,3803
sweep,2526
sweep,3226
sweep,2006
sweep,3372
sweep,3689
sweep,4548
sweep,3253
sweep,3442
sweep,2997
sweep,2939
sweep,3233
sweep,3257
sweep,3547
sweep,2951
sweep,3080
sweep,3016
sweep,2635
sweep,3760
sweep,2715
sweep,3322
sweep,2938
sweep,2775
sweep,3631
sweep,3080
sweep,2521
sweep,2435
sweep,3967
sweep,3880
sweep,4031
sweep,4133
sweep,5726
sweep,7848
sweep,6247
sweep,8405
sweep,8228
sweep,8457
sweep,7484
sweep,7087
sweep,7114
sweep,822
mark,1035403
sweep,4913
sweep,3979
sweep,4002
sweep,3993
sweep,4051
sweep,4203
sweep,3918
sweep,3378
sweep,2923
sweep,3363
sweep,2913
sweep,2853
sweep,3062
sweep,2801
sweep,2849
sweep,2616
sweep,3283
sweep,3157
sweep,2909
sweep,3517
sweep,2576
sweep,2659
sweep,3677
sweep,2535
sweep,3204
sweep,1917
sweep,3477
sweep,3883
sweep,4166
sweep,3951
sweep,3603
sweep,3594
sweep,3083
sweep,3117
sweep,2928
sweep,3216
sweep,2711
sweep,3144
sweep,2563
sweep,2717
sweep,3763
sweep,2994
sweep,2651
sweep,3258
sweep,2714
sweep,3527
sweep,3101
sweep,2533
sweep,2426
sweep,5740
sweep,8782
sweep,8543
sweep,8807
sweep,8034
sweep,6196
sweep,7090
sweep,4292
sweep,4357
sweep,4593
sweep,6241
sweep,5859
sweep,6318
sweep,248
mark,1026169
sweep,4611
sweep,4119
sweep,4059
sweep,4377
sweep,3585
sweep,4036
sweep,3481
sweep,3160
sweep,3155
sweep,3267
sweep,3087
sweep,3109
sweep,3001
sweep,3050
sweep,2571
sweep,2774
sweep,3365
sweep,3127
sweep,3203
sweep,3730
sweep,2332
sweep,2592
sweep,3878
sweep,2556
sweep,3119
sweep,2088
sweep,3421
sweep,4206
sweep,4105
sweep,3383
sweep,3442
sweep,2983
sweep,3375
sweep,3042
sweep,2776
sweep,3208
sweep,2714
sweep,3044
sweep,2479
sweep,2682
sweep,3781
sweep,2632
sweep,2691
sweep,3081
sweep,2826
sweep,3573
sweep,2697
sweep,2621
sweep,2473
sweep,3648
sweep,3955
sweep,3942
sweep,4176
sweep,5881
sweep,8270
sweep,6520
sweep,8944
sweep,8100
sweep,9238
sweep,7113
sweep,7334
sweep,7051
sweep,837
mark,1036445
sweep,4633
sweep,4031
sweep,4022
sweep,4238
sweep,3939
sweep,4313
sweep,4142
sweep,3365
sweep,3051
sweep,3622
sweep,3166
sweep,3067
sweep,3051
sweep,3138
sweep,2546
sweep,3032
sweep,3641
sweep,3453
sweep,3228
sweep,3765
sweep,2367
sweep,2544
sweep,3823
sweep,2473
sweep,3115
sweep,2079
sweep,3607
sweep,3717
sweep,4086
sweep,3694
sweep,3029
sweep,3244
sweep,2883
sweep,3217
sweep,2731
sweep,3448
sweep,2687
sweep,3254
sweep,2875
sweep,2683
sweep,3981
sweep,2760
sweep,2786
sweep,3040
sweep,3061
sweep,3328
sweep,2798
sweep,2777
sweep,2486
sweep,5590
sweep,9037
sweep,8385
sweep,8722
sweep,8041
sweep,5727
sweep,7407
sweep,3988
sweep,4513
sweep,4257
sweep,5949
sweep,5637
sweep,5819
sweep,227
mark,1026579
sweep,4902
sweep,3932
sweep,4132
sweep,4245
sweep,3596
sweep,4004
sweep,3863
sweep,3405
sweep,2803
sweep,3448
sweep,3043
sweep,2759
sweep,2764
sweep,3298
sweep,2581
sweep,2723
sweep,3557
sweep,2953
sweep,3005
sweep,3223
sweep,2482
sweep,2495
sweep,4055
sweep,2588
sweep,3104
sweep,2072
sweep,3331
sweep,3698
sweep,4268
sweep,3776
sweep,3381
sweep,2931
sweep,2834
sweep,3010
sweep,2753
sweep,3253
sweep,2792
sweep,3196
sweep,2591
sweep,3153
sweep,4156
sweep,2712
sweep,3012
sweep,2950
sweep,2928
sweep,3402
sweep,2739
sweep,2801
sweep,2753
sweep,3443
sweep,3868
sweep,4035
sweep,4209
sweep,5702
sweep,7787
sweep,5844
sweep,8567
sweep,8775
sweep,8454
sweep,7365
sweep,7080
sweep,7440
sweep,835
mark,1026783
sweep,4593
sweep,4034
sweep,3929
sweep,4040
sweep,3809
sweep,3977
sweep,3585
sweep,3128
sweep,2877
sweep,3081
sweep,3036
sweep,2731
sweep,2809
sweep,2788
sweep,2713
sweep,2886
sweep,3313
sweep,2931
sweep,3048
sweep,3376
sweep,2634
sweep,2412
sweep,4276
sweep,2710
sweep,3112
sweep,2095
sweep,3669
sweep,3733
sweep,4391
sweep,3513
sweep,3361
sweep,3319
sweep,2881
sweep,3290
sweep,2680
sweep,3188
sweep,3107
sweep,3150
sweep,2393
sweep,2666
sweep,3931
sweep,2961
sweep,2931
sweep,3246
sweep,2922
sweep,3391
sweep,2761
sweep,10857
sweep,2758
sweep,5735
sweep,9089
sweep,8934
sweep,8458
sweep,8229
sweep,6301
sweep,7499
sweep,4132
sweep,4189
sweep,4969
sweep,6219
sweep,5790
sweep,5784
sweep,224
mark,1028218
sweep,4771
sweep,3913
sweep,3946
sweep,4369
sweep,3626
sweep,4275
sweep,3551
sweep,3207
sweep,3157
sweep,3508
sweep,3157
sweep,2839
sweep,2870
sweep,2805
sweep,2803
sweep,2739
sweep,3198
sweep,2871
sweep,3397
sweep,3701
sweep,2599
sweep,2662
sweep,4049
sweep,2405
sweep,3154
sweep,2027
sweep,3333
sweep,3665
sweep,4176
sweep,3397
sweep,3196
sweep,3425
sweep,2902
sweep,3336
sweep,2782
sweep,3643
sweep,2809
sweep,2980
sweep,2690
sweep,2709
sweep,4012
sweep,2975
sweep,2893
sweep,2985
sweep,3033
sweep,3481
sweep,2772
sweep,2613
sweep,2696
sweep,3413
sweep,4082
sweep,3936
sweep,4164
sweep,6044
sweep,7884
sweep,5963
sweep,8813
sweep,8270
sweep,8618
sweep,8024
sweep,7491
sweep,7558
sweep,833
mark,1033482
sweep,5125
sweep,4078
sweep,4023
sweep,4125
sweep,3769
sweep,3962
sweep,3579
sweep,3125
sweep,2882
sweep,3175
sweep,3160
sweep,2989
sweep,2718
sweep,2914
sweep,2551
sweep,2721
sweep,3311
sweep,3199
sweep,3017
sweep,3354
sweep,2519
sweep,2431
sweep,4107
sweep,2428
sweep,3030
sweep,1909
sweep,3607
sweep,3550
sweep,4683
sweep,3269
sweep,3024
sweep,3116
sweep,2988
sweep,3163
sweep,2800
sweep,3197
sweep,2933
sweep,3017
sweep,2514
sweep,3017
sweep,3601
sweep,2639
sweep,2738
sweep,3025
sweep,2818
sweep,3366
sweep,2703
sweep,2496
sweep,2741
sweep,5705
sweep,9107
sweep,8598
sweep,8609
sweep,7971
sweep,5812
sweep,6937
sweep,3988
sweep,4398
sweep,4562
sweep,6229
sweep,6039
sweep,5925
sweep,225
mark,1033126
sweep,4554
sweep,4236
sweep,4362
sweep,4359
sweep,3602
sweep,4065
sweep,3476
sweep,3289
sweep,2946
sweep,2980
sweep,2955
sweep,2786
sweep,2996
sweep,3343
sweep,2634
sweep,2705
sweep,3263
sweep,3195
sweep,3022
sweep,3825
sweep,2303
sweep,3019
sweep,4009
sweep,2396
sweep,3186
sweep,2205
sweep,3715
sweep,3663
sweep,4127
sweep,3311
sweep,3403
sweep,3097
sweep,2857
sweep,2889
sweep,3120
sweep,3298
sweep,2881
sweep,3030
sweep,2642
sweep,2770
sweep,3761
sweep,2934
sweep,2721
sweep,3275
sweep,2869
sweep,3386
sweep,2809
sweep,2448
sweep,2472
sweep,3552
sweep,3923
sweep,4006
sweep,4420
sweep,5821
sweep,8084
sweep,6504
sweep,8585
sweep,8534
sweep,8416
sweep,7437
sweep,7693
sweep,7092
sweep,836
mark,1031712
sweep,4652
sweep,4003
sweep,4018
sweep,4229
sweep,4038
sweep,4294
sweep,3754
sweep,3275
sweep,3055
sweep,3298
sweep,3003
sweep,3140
sweep,2607
sweep,3039
sweep,2572
sweep,2732
sweep,3609
sweep,2998
sweep,3565
sweep,3734
sweep,2358
sweep,2741
sweep,3919
sweep,2442
sweep,3058
sweep,2389
sweep,3423
sweep,3895
sweep,4341
sweep,3587
sweep,3042
sweep,2923
sweep,3033
sweep,3115
sweep,2806
sweep,3095
sweep,2796
sweep,3091
sweep,2530
sweep,2751
sweep,3868
sweep,2911
sweep,2708
sweep,3287
sweep,2842
sweep,3411
sweep,2781
sweep,2469
sweep,2808
sweep,5444
sweep,8597
sweep,8747
sweep,8490
sweep,7934
sweep,6382
sweep,7554
sweep,4262
sweep,4327
sweep,5145
sweep,6007
sweep,5884
sweep,6002
sweep,235
mark,1029623
sweep,4699
sweep,3957
sweep,4096
sweep,4174
sweep,3911
sweep,4097
sweep,3581
sweep,3058
sweep,2806
sweep,3298
sweep,3030
sweep,2986
sweep,2676
sweep,2796
sweep,2870
sweep,2577
sweep,3535
sweep,3038
sweep,3000
sweep,3424
sweep,2338
sweep,2961
sweep,3765
sweep,2497
sweep,3081
sweep,1917
sweep,3639
sweep,3826
sweep,4432
sweep,3543
sweep,3153
sweep,2886
sweep,3010
sweep,2965
sweep,3052
sweep,3259
sweep,3216
sweep,3104
sweep,2452
sweep,3057
sweep,4044
sweep,2754
sweep,2900
sweep,3038
sweep,2899
sweep,3445
sweep,3012
sweep,2526
sweep,2478
sweep,3755
sweep,4259
sweep,3946
sweep,4207
sweep,5610
sweep,8343
sweep,6314
sweep,8752
sweep,8896
sweep,8436
sweep,7156
sweep,7093
sweep,6980
sweep,836
mark,1029967
sweep,4845
sweep,4164
sweep,3947
sweep,4315
sweep,3828
sweep,4068
sweep,3657
sweep,3067
sweep,2762
sweep,3280
sweep,3245
sweep,2732
sweep,2588
sweep,3064
sweep,2976
sweep,2621
sweep,3329
sweep,2925
sweep,3072
sweep,3583
sweep,2314
sweep,2509
sweep,3722
sweep,2464
sweep,3034
sweep,1961
sweep,3336
sweep,3631
sweep,4359
sweep,3458
sweep,3062
sweep,3437
sweep,3264
sweep,3023
sweep,2846
sweep,3128
sweep,2764
sweep,3019
sweep,2541
sweep,2674
sweep,4037
sweep,2626
sweep,2995
sweep,3318
sweep,3084
sweep,3323
sweep,2912
sweep,2423
sweep,2423
sweep,5597
sweep,9147
sweep,8616
sweep,8806
sweep,8454
sweep,6611
sweep,7428
sweep,4159
sweep,4336
sweep,4796
sweep,6097
sweep,5994
sweep,5769
sweep,239
mark,1030278
sweep,5159
sweep,3945
sweep,4266
sweep,4032
sweep,3609
sweep,4200
sweep,3644
sweep,3057
sweep,2767
sweep,3320
sweep,3089
sweep,2731
sweep,2829
sweep,2820
sweep,3173
sweep,2698
sweep,3565
sweep,3322
sweep,3230
sweep,3732
sweep,2384
sweep,2560
sweep,4130
sweep,3010
sweep,3086
sweep,2089
sweep,3326
sweep,3796
sweep,4324
sweep,3476
sweep,3135
sweep,3012
sweep,2863
sweep,3159
sweep,3000
sweep,3483
sweep,2746
sweep,3047
sweep,2637
sweep,2752
sweep,3682
sweep,2737
sweep,3028
sweep,3448
sweep,2796
sweep,3390
sweep,3132
sweep,2636
sweep,2467
sweep,3598
sweep,4288
sweep,4127
sweep,4306
sweep,5597
sweep,8362
sweep,6400
sweep,8853
sweep,9049
sweep,9020
sweep,7613
sweep,7559
sweep,7220
sweep,844
mark,1090885
sweep,4712
sweep,4143
sweep,4119
sweep,4018
sweep,3667
sweep,4304
sweep,3821
sweep,3415
sweep,3039
sweep,3338
sweep,2968
sweep,2741
sweep,2976
sweep,2729
sweep,2954
sweep,2914
sweep,3662
sweep,2887
sweep,3037
sweep,3408
sweep,2742
sweep,2523
sweep,3933
sweep,2735
sweep,3116
sweep,2186
sweep,4032
sweep,3961
sweep,4260
sweep,3635
sweep,3087
sweep,3107
sweep,2996
sweep,3145
sweep,2900
sweep,3117
sweep,3318
sweep,3106
sweep,2616
sweep,2646
sweep,3931
sweep,2606
sweep,2652
sweep,3222
sweep,2936
sweep,3710
sweep,2641
sweep,2432
sweep,2445
sweep,5554
sweep,8858
sweep,8763
sweep,8288
sweep,7687
sweep,5863
sweep,7410
sweep,4066
sweep,4409
sweep,4314
sweep,6168
sweep,5848
sweep,5768
sweep,257
mark,1028476
sweep,5071
sweep,3861
sweep,4485
sweep,4578
sweep,3808
sweep,4189
sweep,3905
sweep,3158
sweep,2806
sweep,3179
sweep,3444
sweep,2792
sweep,2596
sweep,3016
sweep,2618
sweep,2641
sweep,3367
sweep,2898
sweep,3203
sweep,3374
sweep,2301
sweep,2505
sweep,3720
sweep,2514
sweep,3273
sweep,1862
sweep,3428
sweep,3931
sweep,4741
sweep,3428
sweep,3278
sweep,3039
sweep,2979
sweep,2910
sweep,2772
sweep,3160
sweep,2887
sweep,3038
sweep,2830
sweep,2812
sweep,3765
sweep,2661
sweep,2695
sweep,2868
sweep,3010
sweep,3498
sweep,2857
sweep,2522
sweep,2770
sweep,3760
sweep,12884
sweep,3948
sweep,4213
sweep,5597
sweep,7654
sweep,5853
sweep,8787
sweep,8827
sweep,8518
sweep,7198
sweep,7366
sweep,7069
sweep,815
mark,1072110
sweep,5594
sweep,4232
sweep,4367
sweep,3999
sweep,3910
sweep,4128
sweep,3628
sweep,3272
sweep,3080
sweep,3427
sweep,3270
sweep,3221
sweep,2944
sweep,2927
sweep,3007
sweep,2880
sweep,3343
sweep,2987
sweep,3125
sweep,3354
sweep,2454
sweep,2406
sweep,3966
sweep,2285
sweep,3427
sweep,1938
sweep,3582
sweep,3640
sweep,4300
sweep,3692
sweep,3132
sweep,3018
sweep,2862
sweep,3174
sweep,3116
sweep,3221
sweep,2713
sweep,3067
sweep,3167
sweep,2753
sweep,3817
sweep,2763
sweep,2662
sweep,3382
sweep,3375
sweep,3405
sweep,2747
sweep,2482
sweep,2939
sweep,5741
sweep,9103
sweep,8323
sweep,8597
sweep,8479
sweep,5875
sweep,7221
sweep,4166
sweep,4574
sweep,4268
sweep,6047
sweep,5742
sweep,6214
sweep,223
mark,1029820
sweep,4790
sweep,4168
sweep,3949
sweep,4093
sweep,3805
sweep,4375
sweep,3444
sweep,3447
sweep,3166
sweep,3096
sweep,3077
sweep,2764
sweep,2817
sweep,2916
sweep,2677
sweep,2747
sweep,3122
sweep,2900
sweep,3161
sweep,3709
sweep,2287
sweep,2465
sweep,3776
sweep,2320
sweep,3061
sweep,1886
sweep,3370
sweep,4068
sweep,4282
sweep,3332
sweep,3535
sweep,3296
sweep,2885
sweep,3309
sweep,2817
sweep,3212
sweep,3304
sweep,3238
sweep,2718
sweep,2710
sweep,3712
sweep,2846
sweep,2655
sweep,3021
sweep,3276
sweep,3664
sweep,2994
sweep,2643
sweep,2825
sweep,3574
sweep,4123
sweep,3929
sweep,4208
sweep,5733
sweep,7978
sweep,6246
sweep,8591
sweep,8163
sweep,8450
sweep,7089
sweep,7105
sweep,6978
sweep,828
mark,1032640
sweep,5135
sweep,3950
sweep,4234
sweep,4241
sweep,3938
sweep,4118
sweep,3549
sweep,3078
sweep,2914
sweep,3612
sweep,3279
sweep,3192
sweep,2727
sweep,2907
sweep,2634
sweep,2614
sweep,3510
sweep,3012
sweep,3249
sweep,3862
sweep,2328
sweep,2511
sweep,3886
sweep,2385
sweep,3743
sweep,1977
sweep,3281
sweep,3649
sweep,4270
sweep,3955
sweep,3619
sweep,3085
sweep,2966
sweep,2883
sweep,2858
sweep,3121
sweep,2796
sweep,3118
sweep,2406
sweep,2600
sweep,3831
sweep,2662
sweep,2674
sweep,3474
sweep,3091
sweep,3374
sweep,2688
sweep,2705
sweep,2465
sweep,5733
sweep,8727
sweep,8536
sweep,8519
sweep,7979
sweep,6085
sweep,7691
sweep,4293
sweep,4417
sweep,4729
sweep,6148
sweep,5858
sweep,5842
sweep,218
mark,1020984
sweep,5036
sweep,4008
sweep,4123
sweep,4315
sweep,3589
sweep,3919
sweep,3493
sweep,3185
sweep,3090
sweep,3056
sweep,3029
sweep,2696
sweep,2973
sweep,3053
sweep,2645
sweep,2790
sweep,3427
sweep,3348
sweep,3180
sweep,3587
sweep,2354
sweep,2433
sweep,3941
sweep,2424
sweep,3297
sweep,2065
sweep,3377
sweep,3845
sweep,4742
sweep,3629
sweep,3066
sweep,3241
sweep,2886
sweep,3070
sweep,2844
sweep,3167
sweep,2968
sweep,3298
sweep,2656
sweep,3175
sweep,3751
sweep,2658
sweep,2869
sweep,3084
sweep,2896
sweep,3341
sweep,2756
sweep,2445
sweep,2493
sweep,3501
sweep,3829
sweep,4203
sweep,4310
sweep,6087
sweep,7868
sweep,6185
sweep,8614
sweep,8202
sweep,8466
sweep,8306
sweep,7600
sweep,7698
sweep,820
mark,1034479
sweep,5079
sweep,4139
sweep,4093
sweep,4241
sweep,3561
sweep,4344
sweep,3558
sweep,3029
sweep,2848
sweep,3444
sweep,3224
sweep,2999
sweep,2960
sweep,2841
sweep,2577
sweep,2662
sweep,3339
sweep,2957
sweep,3079
sweep,3473
sweep,2436
sweep,2409
sweep,3684
sweep,2345
sweep,3219
sweep,2158
sweep,3547
sweep,3907
sweep,4497
sweep,3559
sweep,3129
sweep,3070
sweep,2811
sweep,3269
sweep,2736
sweep,3133
sweep,2789
sweep,3049
sweep,2441
sweep,2812
sweep,3790
sweep,2710
sweep,2859
sweep,3012
sweep,3184
sweep,3358
sweep,2713
sweep,2456
sweep,2536
sweep,5504
sweep,9015
sweep,8538
sweep,8394
sweep,8223
sweep,6280
sweep,7444
sweep,4180
sweep,4865
sweep,4483
sweep,5859
sweep,5602
sweep,5752
sweep,234
mark,1026423
sweep,4978
sweep,3798
sweep,3823
sweep,4436
sweep,3902
sweep,4066
sweep,3738
sweep,3096
sweep,2822
sweep,3039
sweep,3002
sweep,2975
sweep,2986
sweep,2744
sweep,2820
sweep,2791
sweep,3383
sweep,2982
sweep,3319
sweep,3443
sweep,2402
sweep,2566
sweep,4129
sweep,2488
sweep,3556
sweep,1949
sweep,3217
sweep,3579
sweep,4826
sweep,3485
sweep,3376
sweep,3054
sweep,2988
sweep,3264
sweep,2778
sweep,3735
sweep,2933
sweep,3240
sweep,2509
sweep,2714
sweep,3739
sweep,2637
sweep,2637
sweep,2991
sweep,3136
sweep,3388
sweep,2962
sweep,2524
sweep,2586
sweep,3499
sweep,4063
sweep,4228
sweep,4227
sweep,6022
sweep,8616
sweep,6432
sweep,9167
sweep,8170
sweep,8864
sweep,7214
sweep,7513
sweep,7258
sweep,780
mark,1030720
sweep,4480
sweep,4274
sweep,4041
sweep,4109
sweep,3792
sweep,4217
sweep,3897
sweep,3130
sweep,2974
sweep,3496
sweep,3087
sweep,2718
sweep,2718
sweep,3152
sweep,2566
sweep,2704
sweep,3603
sweep,3066
sweep,3068
sweep,3763
sweep,2504
sweep,2398
sweep,3871
sweep,2530
sweep,3601
sweep,1931
sweep,3870
sweep,3617
sweep,4254
sweep,3326
sweep,3239
sweep,2917
sweep,3275
sweep,3325
sweep,3147
sweep,2995
sweep,2767
sweep,3308
sweep,2471
sweep,2682
sweep,3735
sweep,2614
sweep,2993
sweep,3421
sweep,2771
sweep,3781
sweep,2887
sweep,2715
sweep,2454
sweep,5674
sweep,8875
sweep,8505
sweep,8718
sweep,7992
sweep,6338
sweep,7342
sweep,3973
sweep,4198
sweep,4549
sweep,5837
sweep,5541
sweep,5757
sweep,239
mark,1032003
sweep,4861
sweep,4190
sweep,3900
sweep,4130
sweep,3834
sweep,4308
sweep,3665
sweep,3217
sweep,2968
sweep,3075
sweep,3084
sweep,2747
sweep,2653
sweep,3170
sweep,2518
sweep,2715
sweep,3461
sweep,3215
sweep,3122
sweep,3352
sweep,2330
sweep,2577
sweep,3786
sweep,2874
sweep,3340
sweep,1857
sweep,3341
sweep,3987
sweep,4229
sweep,3490
sweep,3007
sweep,3198
sweep,2918
sweep,3095
sweep,2830
sweep,3146
sweep,2782
sweep,3607
sweep,2688
sweep,2765
sweep,3699
sweep,2964
sweep,2680
sweep,3024
sweep,2819
sweep,3631
sweep,2686
sweep,2477
sweep,2521
sweep,3587
sweep,4014
sweep,4217
sweep,4164
sweep,6208
sweep,8510
sweep,6570
sweep,8690
sweep,8196
sweep,8698
sweep,7561
sweep,7592
sweep,6970
sweep,784
mark,1032535
sweep,4846
sweep,3899
sweep,4031
sweep,4110
sweep,3924
sweep,4138
sweep,3846
sweep,3080
sweep,2783
sweep,3219
sweep,3026
sweep,2769
sweep,2841
sweep,2867
sweep,2686
sweep,2704
sweep,3436
sweep,2955
sweep,3025
sweep,3963
sweep,2224
sweep,2458
sweep,4050
sweep,2476
sweep,3065
sweep,2065
sweep,3517
sweep,4189
sweep,4588
sweep,3442
sweep,3226
sweep,3316
sweep,2967
sweep,3525
sweep,2815
sweep,3490
sweep,2810
sweep,3552
sweep,2546
sweep,2752
sweep,4033
sweep,2926
sweep,2876
sweep,3054
sweep,2799
sweep,3563
sweep,2805
sweep,2480
sweep,2729
sweep,5755
sweep,8579
sweep,8760
sweep,8665
sweep,8374
sweep,6115
sweep,7378
sweep,4230
sweep,4306
sweep,4947
sweep,6095
sweep,5562
sweep,5728
sweep,245
mark,1137481
sweep,13307
sweep,4020
sweep,4393
sweep,4626
sweep,3580
sweep,4131
sweep,3505
sweep,3124
sweep,2866
sweep,2977
sweep,3191
sweep,2747
sweep,2635
sweep,3084
sweep,3036
sweep,2714
sweep,3228
sweep,2934
sweep,3032
sweep,3723
sweep,2322
sweep,2475
sweep,4143
sweep,2372
sweep,3814
sweep,1874
sweep,3347
sweep,3615
sweep,4358
sweep,3410
sweep,3117
sweep,3059
sweep,2996
sweep,2977
sweep,2702
sweep,3114
sweep,2940
sweep,3316
sweep,2473
sweep,3205
sweep,4114
sweep,2556
sweep,2695
sweep,3180
sweep,2757
sweep,3507
sweep,2776
sweep,2516
sweep,2673
sweep,3662
sweep,3911
sweep,3947
sweep,4269
sweep,5748
sweep,7943
sweep,6289
sweep,8520
sweep,8329
sweep,8472
sweep,7334
sweep,7179
sweep,7218
sweep,829
mark,1030733
sweep,4619
sweep,4023
sweep,3984
sweep,4109
sweep,3670
sweep,4488
sweep,3634
sweep,3073
sweep,2910
sweep,3626
sweep,2973
sweep,2718
sweep,2753
sweep,3242
sweep,2660
sweep,2662
sweep,3265
sweep,2945
sweep,3193
sweep,3437
sweep,2460
sweep,2356
sweep,3745
sweep,2531
sweep,3196
sweep,1929
sweep,3459
sweep,3853
sweep,4434
sweep,3708
sweep,3179
sweep,3005
sweep,3136
sweep,2933
sweep,2892
sweep,3197
sweep,2968
sweep,3262
sweep,2735
sweep,2710
sweep,3898
sweep,2978
sweep,2739
sweep,2953
sweep,3097
sweep,3379
sweep,2971
sweep,2722
sweep,2865
sweep,5527
sweep,9143
sweep,8780
sweep,8636
sweep,7992
sweep,6243
sweep,7501
sweep,4344
sweep,4248
sweep,5060
sweep,6002
sweep,5639
sweep,5892
sweep,240
mark,1033642
sweep,4855
sweep,4090
sweep,4168
sweep,4324
sweep,3753
sweep,4338
sweep,3755
sweep,3064
sweep,3064
sweep,3105
sweep,3221
sweep,3224
sweep,2711
sweep,3293
sweep,2857
sweep,2679
sweep,3406
sweep,3194
sweep,3358
sweep,3487
sweep,2245
sweep,2457
sweep,4062
sweep,2586
sweep,3178
sweep,1920
sweep,3296
sweep,4337
sweep,4245
sweep,3218
sweep,3110
sweep,3037
sweep,2837
sweep,2974
sweep,2782
sweep,3136
sweep,2756
sweep,3056
sweep,2845
sweep,2946
sweep,3683
sweep,2771
sweep,2736
sweep,2922
sweep,2883
sweep,3588
sweep,2815
sweep,2492
sweep,2735
sweep,3615
sweep,4014
sweep,4156
sweep,4169
sweep,6222
sweep,7658
sweep,5981
sweep,8676
sweep,8482
sweep,8486
sweep,8319
sweep,7447
sweep,7414
sweep,833
mark,1037678
sweep,4553
sweep,3829
sweep,4097
sweep,4103
sweep,3909
sweep,4259
sweep,3736
sweep,3261
sweep,3208
sweep,3140
sweep,3059
sweep,3396
sweep,2874
sweep,2768
sweep,3001
sweep,2722
sweep,3255
sweep,3347
sweep,3481
sweep,3885
sweep,2301
sweep,2490
sweep,3742
sweep,2352
sweep,3278
sweep,2227
sweep,3607
sweep,3627
sweep,4492
sweep,3745
sweep,3107
sweep,2913
sweep,2981
sweep,3287
sweep,2820
sweep,3061
sweep,2710
sweep,3426
sweep,2440
sweep,2663
sweep,3662
sweep,2784
sweep,2939
sweep,3422
sweep,3151
sweep,3792
sweep,2763
sweep,2544
sweep,2467
sweep,5426
sweep,8835
sweep,8771
sweep,9152
sweep,8189
sweep,5644
sweep,7279
sweep,4032
sweep,4329
sweep,4880
sweep,6174
sweep,5630
sweep,5874
sweep,227
mark,1037793
sweep,4538
sweep,3794
sweep,4424
sweep,4246
sweep,3955
sweep,4090
sweep,3605
sweep,3017
sweep,2803
sweep,2967
sweep,3027
sweep,2798
sweep,2681
sweep,3055
sweep,2589
sweep,2664
sweep,3377
sweep,3244
sweep,2969
sweep,3682
sweep,2402
sweep,2438
sweep,3813
sweep,2457
sweep,3169
sweep,2047
sweep,3344
sweep,3829
sweep,3952
sweep,3611
sweep,3066
sweep,3093
sweep,2972
sweep,2962
sweep,2788
sweep,3447
sweep,2796
sweep,3259
sweep,2846
sweep,2967
sweep,3751
sweep,2785
sweep,2709
sweep,3464
sweep,2894
sweep,3695
sweep,2735
sweep,2511
sweep,2806
sweep,3491
sweep,3987
sweep,4030
sweep,4045
sweep,5677
sweep,8529
sweep,6328
sweep,8800
sweep,8857
sweep,8744
sweep,7170
sweep,7414
sweep,6994
sweep,841
mark,1041649
sweep,5070
sweep,4079
sweep,4116
sweep,4047
sweep,3729
sweep,4105
sweep,3615
sweep,3228
sweep,2897
sweep,3550
sweep,2983
sweep,2803
sweep,2681
sweep,2774
sweep,2605
sweep,2955
sweep,3604
sweep,2966
sweep,2900
sweep,3839
sweep,2543
sweep,2387
sweep,3998
sweep,2453
sweep,3678
sweep,1999
sweep,3607
sweep,4033
sweep,4349
sweep,3511
sweep,3042
sweep,3295
sweep,2916
sweep,3230
sweep,2872
sweep,3198
sweep,3004
sweep,3175
sweep,2537
sweep,3126
sweep,3621
sweep,2900
sweep,3022
sweep,3072
sweep,2783
sweep,3402
sweep,3088
sweep,2662
sweep,2657
sweep,5618
sweep,9038
sweep,8498
sweep,8553
sweep,8049
sweep,14611
sweep,7547
sweep,3961
sweep,4223
sweep,5147
sweep,6326
sweep,5822
sweep,6034
sweep,218
mark,1032914
sweep,4721
sweep,3843
sweep,4017
sweep,4083
sweep,3495
sweep,4056
sweep,3572
sweep,3061
sweep,2836
sweep,3158
sweep,3047
sweep,3298
sweep,2636
sweep,2738
sweep,2527
sweep,2629
sweep,3305
sweep,2892
sweep,3210
sweep,3352
sweep,2586
sweep,2495
sweep,3985
sweep,2429
sweep,3437
sweep,1914
sweep,3451
sweep,3648
sweep,4548
sweep,3488
sweep,3414
sweep,3224
sweep,2874
sweep,2959
sweep,2846
sweep,3315
sweep,2754
sweep,3000
sweep,2829
sweep,2990
sweep,3667
sweep,2993
sweep,2639
sweep,3246
sweep,3483
sweep,3605
sweep,2774
sweep,2494
sweep,2788
sweep,3421
sweep,4132
sweep,4000
sweep,4436
sweep,5954
sweep,7658
sweep,6050
sweep,8464
sweep,8258
sweep,8473
sweep,7712
sweep,7750
sweep,7342
sweep,822
mark,1035577
sweep,4569
sweep,3870
sweep,4088
sweep,4279
sweep,3625
sweep,4149
sweep,3662
sweep,3227
sweep,2792
sweep,3422
sweep,2929
sweep,2775
sweep,3003
sweep,3160
sweep,2667
sweep,2756
sweep,3525
sweep,3265
sweep,2946
sweep,3496
sweep,2584
sweep,2716
sweep,3765
sweep,2487
sweep,3081
sweep,2105
sweep,3501
sweep,3635
sweep,4462
sweep,3979
sweep,3096
sweep,3307
sweep,2871
sweep,3099
sweep,3163
sweep,3336
sweep,2951
sweep,3321
sweep,2642
sweep,2669
sweep,3887
sweep,2579
sweep,3134
sweep,2918
sweep,2827
sweep,3404
sweep,2782
sweep,2719
sweep,2509
sweep,5625
sweep,9866
sweep,8778
sweep,8659
sweep,8362
sweep,6634
sweep,7650
sweep,4050
sweep,4343
sweep,4639
sweep,6340
sweep,5864
sweep,5995
sweep,229
mark,1026921
sweep,4654
sweep,4170
sweep,4002
sweep,4201
sweep,4076
sweep,4225
sweep,3466
sweep,3066
sweep,2908
sweep,3086
sweep,3269
sweep,3054
sweep,2746
sweep,3179
sweep,2743
sweep,2675
sweep,3354
sweep,2982
sweep,3275
sweep,3328
sweep,2431
sweep,2417
sweep,3797
sweep,2448
sweep,3066
sweep,2237
sweep,3519
sweep,3667
sweep,4554
sweep,3567
sweep,3044
sweep,3130
sweep,2890
sweep,3065
sweep,2778
sweep,3385
sweep,2737
sweep,3172
sweep,2635
sweep,3007
sweep,3668
sweep,3086
sweep,2875
sweep,3420
sweep,2964
sweep,3623
sweep,2831
sweep,2579
sweep,2428
sweep,3719
sweep,4085
sweep,3963
sweep,4126
sweep,6142
sweep,7939
sweep,6005
sweep,8442
sweep,8552
sweep,8444
sweep,8332
sweep,7728
sweep,7350
sweep,823
mark,1037821
sweep,4941
sweep,3868
sweep,4577
sweep,4142
sweep,3904
sweep,4398
sweep,3966
sweep,3401
sweep,2968
sweep,3194
sweep,3225
sweep,2707
sweep,2869
sweep,2966
sweep,2592
sweep,2965
sweep,3322
sweep,3001
sweep,3102
sweep,3367
sweep,2308
sweep,2458
sweep,4037
sweep,2586
sweep,3118
sweep,1934
sweep,3481
sweep,3854
sweep,4289
sweep,3329
sweep,3099
sweep,2892
sweep,2900
sweep,3046
sweep,3082
sweep,3615
sweep,2706
sweep,3384
sweep,2933
sweep,2888
sweep,3820
sweep,2683
sweep,2660
sweep,3049
sweep,2809
sweep,3443
sweep,2806
sweep,2641
sweep,2502
sweep,5634
sweep,9438
sweep,8888
sweep,8753
sweep,8234
sweep,6020
sweep,7555
sweep,4078
sweep,4253
sweep,4467
sweep,6164
sweep,5964
sweep,6082
sweep,244
mark,1056606
sweep,4572
sweep,4513
sweep,3987
sweep,4081
sweep,4061
sweep,4216
sweep,3508
sweep,3311
sweep,2841
sweep,3158
sweep,3189
sweep,3081
sweep,3016
sweep,2874
sweep,2921
sweep,2986
sweep,3562
sweep,3175
sweep,2992
sweep,3421
sweep,2560
sweep,2709
sweep,4075
sweep,2420
sweep,3327
sweep,1900
sweep,3309
sweep,3888
sweep,4337
sweep,3327
sweep,3138
sweep,3110
sweep,2806
sweep,3436
sweep,2934
sweep,3502
sweep,2949
sweep,3110
sweep,2526
sweep,2576
sweep,3664
sweep,3141
sweep,2678
sweep,3084
sweep,3127
sweep,3470
sweep,3076
sweep,2511
sweep,2722
sweep,3825
sweep,3971
sweep,4151
sweep,4111
sweep,6004
sweep,7739
sweep,5958
sweep,8697
sweep,8463
sweep,8728
sweep,8270
sweep,7417
sweep,7617
sweep,836
mark,1039493
sweep,4861
sweep,3961
sweep,4268
sweep,4085
sweep,3661
sweep,4165
sweep,3916
sweep,3257
sweep,3060
sweep,3411
sweep,3274
sweep,2953
sweep,2929
sweep,2850
sweep,2599
sweep,2758
sweep,3336
sweep,3105
sweep,2965
sweep,3708
sweep,2350
sweep,2500
sweep,3728
sweep,2348
sweep,3179
sweep,1901
sweep,3383
sweep,3665
sweep,4783
sweep,3315
sweep,3385
sweep,3046
sweep,3512
sweep,3036
sweep,2940
sweep,3046
sweep,2928
sweep,3047
sweep,2641
sweep,3274
sweep,3828
sweep,2966
sweep,2793
sweep,3377
sweep,2844
sweep,3778
sweep,2790
sweep,2696
sweep,2488
sweep,5363
sweep,9152
sweep,8535
sweep,9039
sweep,7867
sweep,5703
sweep,7177
sweep,3938
sweep,4458
sweep,4925
sweep,5734
sweep,5603
sweep,5812
sweep,225
mark,1022522
sweep,4710
sweep,4048
sweep,3801
sweep,3989
sweep,3806
sweep,3987
sweep,3514
sweep,3115
sweep,2819
sweep,3086
sweep,3118
sweep,2829
sweep,2979
sweep,3021
sweep,2740
sweep,2712
sweep,3235
sweep,3132
sweep,3270
sweep,3554
sweep,2309
sweep,2434
sweep,3689
sweep,2416
sweep,3059
sweep,1885
sweep,3330
sweep,3682
sweep,4049
sweep,3451
sweep,3352
sweep,2969
sweep,3492
sweep,3144
sweep,3122
sweep,3352
sweep,2760
sweep,3157
sweep,2579
sweep,3188
sweep,3705
sweep,2704
sweep,2771
sweep,3056
sweep,2809
sweep,3515
sweep,2759
sweep,2467
sweep,2690
sweep,3507
sweep,4075
sweep,4130
sweep,4189
sweep,6254
sweep,7691
sweep,6200
sweep,8503
sweep,8282
sweep,8617
sweep,7131
sweep,7097
sweep,6941
sweep,829
mark,1030684
sweep,4769
sweep,4109
sweep,4059
sweep,4011
sweep,3671
sweep,4336
sweep,3603
sweep,3381
sweep,2890
sweep,3523
sweep,3378
sweep,2940
sweep,2715
sweep,3263
sweep,2636
sweep,2911
sweep,3336
sweep,3301
sweep,3177
sweep,3400
sweep,2383
sweep,2335
sweep,3895
sweep,2179
sweep,3224
sweep,2153
sweep,3250
sweep,3754
sweep,4285
sweep,3377
sweep,3128
sweep,2954
sweep,3228
sweep,3343
sweep,2862
sweep,3337
sweep,2631
sweep,3057
sweep,2511
sweep,3177
sweep,3990
sweep,3057
sweep,2823
sweep,3398
sweep,2892
sweep,3369
sweep,2915
sweep,2483
sweep,2504
sweep,5202
sweep,8791
sweep,8534
sweep,8602
sweep,7680
sweep,6039
sweep,7099
sweep,4043
sweep,4357
sweep,4822
sweep,6181
sweep,5645
sweep,5909
sweep,233
mark,1035480
sweep,4511
sweep,3936
sweep,3963
sweep,4299
sweep,3761
sweep,4093
sweep,3819
sweep,3237
sweep,2811
sweep,3533
sweep,3438
sweep,3118
sweep,2840
sweep,3037
sweep,2746
sweep,2777
sweep,3209
sweep,3115
sweep,3212
sweep,3355
sweep,2258
sweep,2486
sweep,3771
sweep,2378
sweep,3054
sweep,2173
sweep,3305
sweep,3602
sweep,4313
sweep,3664
sweep,3438
sweep,3010
sweep,2806
sweep,2938
sweep,3111
sweep,3512
sweep,2999
sweep,3350
sweep,2835
sweep,2710
sweep,3789
sweep,2867
sweep,2775
sweep,2961
sweep,2821
sweep,3444
sweep,2720
sweep,2432
sweep,2785
sweep,3670
sweep,4050
sweep,4002
sweep,4235
sweep,6236
sweep,7741
sweep,6450
sweep,8488
sweep,8232
sweep,8947
sweep,8305
sweep,7207
sweep,7552
sweep,884
mark,1040304
sweep,4709
sweep,3835
sweep,3978
sweep,3962
sweep,3612
sweep,4031
sweep,3588
sweep,3293
sweep,3019
sweep,3163
sweep,2942
sweep,3058
sweep,2693
sweep,3289
sweep,2601
sweep,2822
sweep,3189
sweep,3158
sweep,2887
sweep,3650
sweep,2329
sweep,2467
sweep,3730
sweep,2477
sweep,3061
sweep,1924
sweep,3579
sweep,3698
sweep,4445
sweep,3724
sweep,3053
sweep,2945
sweep,3362
sweep,3023
sweep,2823
sweep,3171
sweep,3013
sweep,3239
sweep,2531
sweep,2667
sweep,3703
sweep,2690
sweep,2870
sweep,2904
sweep,2798
sweep,3448
sweep,2901
sweep,2648
sweep,2463
sweep,5876
sweep,8798
sweep,8978
sweep,8867
sweep,7828
sweep,6171
sweep,6979
sweep,3988
sweep,4384
sweep,5102
sweep,6359
sweep,5797
sweep,6493
sweep,223
mark,1025830
sweep,4473
sweep,4055
sweep,3983
sweep,4328
sweep,3619
sweep,4080
sweep,3639
sweep,3654
sweep,2859
sweep,3209
sweep,3165
sweep,2863
sweep,2732
sweep,2793
sweep,2609
sweep,2814
sweep,3397
sweep,3060
sweep,3052
sweep,3312
sweep,2582
sweep,2655
sweep,4003
sweep,2376
sweep,3690
sweep,1881
sweep,3647
sweep,3582
sweep,4308
sweep,3350
sweep,3277
sweep,3003
sweep,2807
sweep,3167
sweep,3007
sweep,3386
sweep,2690
sweep,3061
sweep,2793
sweep,2756
sweep,3778
sweep,2987
sweep,2954
sweep,3340
sweep,2747
sweep,3618
sweep,3024
sweep,2779
sweep,2541
sweep,3859
sweep,3789
sweep,3959
sweep,4114
sweep,5788
sweep,7946
sweep,6411
sweep,8405
sweep,8414
sweep,8424
sweep,7466
sweep,7094
sweep,6939
sweep,837
mark,1036212
sweep,5115
sweep,3807
sweep,4139
sweep,4213
sweep,3917
sweep,4486
sweep,3762
sweep,3684
sweep,3248
sweep,3220
sweep,2970
sweep,2951
sweep,2851
sweep,2913
sweep,2524
sweep,2847
sweep,3331
sweep,3318
sweep,2951
sweep,3709
sweep,2517
sweep,2680
sweep,3945
sweep,2335
sweep,3723
sweep,1860
sweep,3551
sweep,3670
sweep,4357
sweep,3598
sweep,3098
sweep,3104
sweep,3169
sweep,3120
sweep,3024
sweep,3161
sweep,2962
sweep,2978
sweep,2488
sweep,2593
sweep,3863
sweep,2790
sweep,2978
sweep,2892
sweep,2982
sweep,3730
sweep,3014
sweep,2736
sweep,2484
sweep,5412
sweep,8914
sweep,8352
sweep,8698
sweep,8453
sweep,6587
sweep,7590
sweep,4027
sweep,4260
sweep,5074
sweep,6265
sweep,5728
sweep,5977
sweep,224
mark,1027519
sweep,4521
sweep,3748
sweep,4374
sweep,4087
sweep,3752
sweep,4324
sweep,3896
sweep,3149
sweep,2889
sweep,3137
sweep,3114
sweep,2969
sweep,2781
sweep,2866
sweep,2714
sweep,2757
sweep,3531
sweep,2838
sweep,2992
sweep,3706
sweep,2412
sweep,2516
sweep,3966
sweep,2501
sweep,3127
sweep,1928
sweep,3409
sweep,3802
sweep,4159
sweep,3661
sweep,3349
sweep,3379
sweep,2947
sweep,2960
sweep,2885
sweep,3619
sweep,2756
sweep,3223
sweep,2619
sweep,2690
sweep,3635
sweep,2756
sweep,2673
sweep,3215
sweep,2788
sweep,3419
sweep,2741
sweep,2755
sweep,2475
sweep,3946
sweep,3931
sweep,3992
sweep,4091
sweep,5600
sweep,7825
sweep,6165
sweep,8409
sweep,8095
sweep,8371
sweep,7160
sweep,7167
sweep,7066
sweep,839
mark,1037091
sweep,4662
sweep,4011
sweep,3859
sweep,4277
sweep,3831
sweep,4331
sweep,3761
sweep,3298
sweep,2849
sweep,3822
sweep,3014
sweep,2920
sweep,2676
sweep,2898
sweep,2651
sweep,3032
sweep,3518
sweep,2985
sweep,3422
sweep,3881
sweep,2393
sweep,2467
sweep,3777
sweep,2447
sweep,3343
sweep,2191
sweep,3748
sweep,4005
sweep,4263
sweep,3551
sweep,3389
sweep,3143
sweep,2884
sweep,3183
sweep,2960
sweep,3107
sweep,2830
sweep,3322
sweep,2640
sweep,2726
sweep,3745
sweep,3000
sweep,2837
sweep,2964
sweep,2859
sweep,3496
sweep,2981
sweep,2488
sweep,2402
sweep,5913
sweep,9043
sweep,9045
sweep,8760
sweep,7859
sweep,5973
sweep,7239
sweep,4137
sweep,4854
sweep,4451
sweep,6486
sweep,6015
sweep,6325
sweep,227
mark,1065976
sweep,5053
sweep,4059
sweep,3937
sweep,4156
sweep,3719
sweep,4357
sweep,3668
sweep,3439
sweep,2798
sweep,3436
sweep,3135
sweep,3107
sweep,2781
sweep,2822
sweep,2616
sweep,2705
sweep,3275
sweep,2943
sweep,3068
sweep,3443
sweep,2360
sweep,2497
sweep,3814
sweep,2424
sweep,3245
sweep,2179
sweep,3418
sweep,3699
sweep,4261
sweep,3759
sweep,3243
sweep,2971
sweep,2901
sweep,3385
sweep,2862
sweep,3281
sweep,2852
sweep,3163
sweep,2611
sweep,2890
sweep,3769
sweep,2751
sweep,2917
sweep,3526
sweep,3066
sweep,3554
sweep,2776
sweep,2576
sweep,2544
sweep,3706
sweep,4115
sweep,4193
sweep,4084
sweep,5972
sweep,7770
sweep,5731
sweep,9014
sweep,7963
sweep,8264
sweep,7422
sweep,7080
sweep,7508
sweep,828
mark,1050123
sweep,4662
sweep,3906
sweep,3839
sweep,4473
sweep,3591
sweep,3911
sweep,4047
sweep,3089
sweep,3021
sweep,3075
sweep,3277
sweep,2892
sweep,2805
sweep,2783
sweep,2920
sweep,3040
sweep,3326
sweep,3183
sweep,3150
sweep,3444
sweep,2256
sweep,2758
sweep,3946
sweep,2578
sweep,3582
sweep,2399
sweep,3373
sweep,3964
sweep,4206
sweep,3592
sweep,2924
sweep,3473
sweep,3366
sweep,3250
sweep,2946
sweep,3378
sweep,2963
sweep,3299
sweep,2765
sweep,2629
sweep,3622
sweep,3231
sweep,2935
sweep,3403
sweep,3050
sweep,3708
sweep,2717
sweep,2486
sweep,2559
sweep,6066
sweep,8886
sweep,8558
sweep,8578
sweep,8288
sweep,5833
sweep,7484
sweep,4088
sweep,4410
sweep,4223
sweep,6133
sweep,5930
sweep,5679
sweep,225
mark,1029442
sweep,4859
sweep,4009
sweep,4313
sweep,4262
sweep,3848
sweep,4078
sweep,4239
sweep,3473
sweep,2805
sweep,3106
sweep,3169
sweep,2752
sweep,3072
sweep,3239
sweep,2903
sweep,2725
sweep,3365
sweep,3378
sweep,3024
sweep,3489
sweep,2287
sweep,2671
sweep,3810
sweep,2636
sweep,3069
sweep,1878
sweep,3424
sweep,3755
sweep,4965
sweep,3646
sweep,3420
sweep,2935
sweep,3032
sweep,3053
sweep,2842
sweep,3254
sweep,2814
sweep,3345
sweep,2473
sweep,2866
sweep,3697
sweep,2680
sweep,2670
sweep,3244
sweep,3086
sweep,3558
sweep,2839
sweep,2555
sweep,2726
sweep,3467
sweep,4022
sweep,3950
sweep,4204
sweep,6048
sweep,8321
sweep,5729
sweep,9066
sweep,8173
sweep,8520
sweep,7409
sweep,7318
sweep,7267
sweep,832
mark,1027986
sweep,5118
sweep,4327
sweep,4132
sweep,4257
sweep,3823
sweep,4054
sweep,3736
sweep,3114
sweep,2775
sweep,3170
sweep,3038
sweep,2821
sweep,2753
sweep,2787
sweep,2911
sweep,2981
sweep,3425
sweep,2931
sweep,2974
sweep,3333
sweep,2357
sweep,2621
sweep,3774
sweep,2631
sweep,3155
sweep,1964
sweep,3537
sweep,3729
sweep,4284
sweep,3902
sweep,3127
sweep,3208
sweep,3252
sweep,3043
sweep,2781
sweep,3347
sweep,2803
sweep,3230
sweep,2742
sweep,2661
sweep,4092
sweep,2962
sweep,2619
sweep,3016
sweep,3131
sweep,3446
sweep,2698
sweep,2674
sweep,2505
sweep,5506
sweep,9009
sweep,8613
sweep,8103
sweep,8276
sweep,5770
sweep,7032
sweep,4073
sweep,4159
sweep,4673
sweep,6085
sweep,5653
sweep,5785
sweep,278
mark,1029617
sweep,4823
sweep,4025
sweep,4093
sweep,4417
sweep,3848
sweep,4058
sweep,3889
sweep,3171
sweep,3105
sweep,2934
sweep,3125
sweep,2749
sweep,2969
sweep,2786
sweep,2640
sweep,2695
sweep,3246
sweep,3174
sweep,2970
sweep,3337
sweep,2328
sweep,2571
sweep,3732
sweep,2650
sweep,3133
sweep,1876
sweep,3552
sweep,3794
sweep,4471
sweep,3821
sweep,3101
sweep,3066
sweep,2883
sweep,3100
sweep,2816
sweep,3318
sweep,2870
sweep,3232
sweep,2922
sweep,3009
sweep,3747
sweep,2740
sweep,2868
sweep,3561
sweep,3117
sweep,3611
sweep,2651
sweep,2569
sweep,2394
sweep,3505
sweep,3943
sweep,3927
sweep,4118
sweep,5601
sweep,8116
sweep,6530
sweep,9067
sweep,8204
sweep,9089
sweep,7087
sweep,7585
sweep,7168
sweep,828
mark,1036498
sweep,4654
sweep,3954
sweep,3907
sweep,4225
sweep,3535
sweep,3947
sweep,3632
sweep,3161
sweep,2842
sweep,3093
sweep,3053
sweep,2731
sweep,2866
sweep,2955
sweep,2643
sweep,2913
sweep,3494
sweep,3367
sweep,3047
sweep,3294
sweep,2346
sweep,2561
sweep,3731
sweep,2440
sweep,3299
sweep,1951
sweep,3561
sweep,3792
sweep,4707
sweep,3495
sweep,3335
sweep,2919
sweep,2818
sweep,3263
sweep,2973
sweep,3100
sweep,2737
sweep,2957
sweep,2675
sweep,2736
sweep,3843
sweep,2749
sweep,3231
sweep,2903
sweep,2729
sweep,3317
sweep,3076
sweep,2496
sweep,2475
sweep,5567
sweep,8815
sweep,8566
sweep,8810
sweep,8130
sweep,6509
sweep,7502
sweep,4174
sweep,4285
sweep,5005
sweep,6068
sweep,5783
sweep,5906
sweep,226
mark,1037205
sweep,4826
sweep,3767
sweep,3959
sweep,4295
sweep,3826
sweep,4168
sweep,3687
sweep,3041
sweep,2866
sweep,3246
sweep,3061
sweep,2793
sweep,2969
sweep,2889
sweep,2678
sweep,2710
sweep,3441
sweep,2887
sweep,3136
sweep,3555
sweep,2613
sweep,2993
sweep,3991
sweep,2495
sweep,3201
sweep,2135
sweep,3367
sweep,3819
sweep,4149
sweep,3306
sweep,3393
sweep,3211
sweep,2883
sweep,3019
sweep,2789
sweep,3210
sweep,2723
sweep,3316
sweep,2585
sweep,2840
sweep,3869
sweep,2847
sweep,2981
sweep,3174
sweep,2865
sweep,3449
sweep,2717
sweep,2912
sweep,2510
sweep,3798
sweep,4136
sweep,4334
sweep,4154
sweep,5771
sweep,8049
sweep,6456
sweep,8497
sweep,8375
sweep,8384
sweep,7373
sweep,7616
sweep,7217
sweep,860
mark,1035245
sweep,4982
sweep,4185
sweep,3793
sweep,4322
sweep,3522
sweep,4434
sweep,3919
sweep,3462
sweep,2895
sweep,3559
sweep,3198
sweep,2750
sweep,2682
sweep,2795
sweep,2577
sweep,2945
sweep,3284
sweep,3050
sweep,3341
sweep,3957
sweep,2342
sweep,2722
sweep,3832
sweep,2358
sweep,3703
sweep,1872
sweep,3477
sweep,3663
sweep,4220
sweep,3670
sweep,3338
sweep,2842
sweep,3160
sweep,3068
sweep,2903
sweep,3275
sweep,2999
sweep,3216
sweep,2505
sweep,2688
sweep,3481
sweep,2774
sweep,2851
sweep,3080
sweep,2829
sweep,3665
sweep,3113
sweep,2511
sweep,2532
sweep,5640
sweep,9087
sweep,8488
sweep,8783
sweep,8349
sweep,6008
sweep,7079
sweep,4001
sweep,4283
sweep,4881
sweep,6290
sweep,5707
sweep,5874
sweep,241
mark,1025656
sweep,4897
sweep,4239
sweep,4031
sweep,4270
sweep,3721
sweep,4284
sweep,3565
sweep,3152
sweep,2918
sweep,3165
sweep,3219
sweep,2825
sweep,2773
sweep,2882
sweep,2718
sweep,3097
sweep,3287
sweep,2897
sweep,2939
sweep,3445
sweep,2381
sweep,2491
sweep,3751
sweep,2495
sweep,3049
sweep,1883
sweep,3361
sweep,3945
sweep,4211
sweep,3365
sweep,3166
sweep,3114
sweep,2886
sweep,3360
sweep,2903
sweep,3197
sweep,2691
sweep,3055
sweep,2712
sweep,2667
sweep,3571
sweep,2631
sweep,2726
sweep,3221
sweep,3302
sweep,3586
sweep,2903
sweep,2607
sweep,2730
sweep,4029
sweep,4337
sweep,4475
sweep,4458
sweep,5873
sweep,8001
sweep,6082
sweep,8835
sweep,8431
sweep,8490
sweep,7742
sweep,7453
sweep,7255
sweep,833
mark,1066280
sweep,4969
sweep,3795
sweep,4369
sweep,4083
sweep,3671
sweep,4488
sweep,3731
sweep,3443
sweep,2967
sweep,3446
sweep,3095
sweep,2915
sweep,2968
sweep,2809
sweep,2660
sweep,2762
sweep,3512
sweep,3347
sweep,3111
sweep,3790
sweep,2422
sweep,2738
sweep,4084
sweep,2608
sweep,3265
sweep,1976
sweep,3442
sweep,3671
sweep,4359
sweep,3427
sweep,3041
sweep,3292
sweep,3105
sweep,3457
sweep,2863
sweep,3468
sweep,2833
sweep,3170
sweep,2690
sweep,2804
sweep,4085
sweep,2853
sweep,2957
sweep,2923
sweep,2996
sweep,3757
sweep,2711
sweep,2572
sweep,2503
sweep,5357
sweep,8679
sweep,8644
sweep,8542
sweep,7758
sweep,5995
sweep,6964
sweep,4034
sweep,4338
sweep,5192
sweep,6048
sweep,6045
sweep,6038
sweep,241
mark,1030471
sweep,4839
sweep,3899
sweep,4000
sweep,4277
sweep,3942
sweep,4194
sweep,3749
sweep,3258
sweep,3236
sweep,3117
sweep,3309
sweep,2785
sweep,2655
sweep,2806
sweep,2564
sweep,2887
sweep,3470
sweep,2909
sweep,3042
sweep,3487
sweep,2524
sweep,2577
sweep,3820
sweep,2765
sweep,3379
sweep,1983
sweep,3717
sweep,4020
sweep,4625
sweep,3793
sweep,3183
sweep,3018
sweep,3202
sweep,3174
sweep,2814
sweep,3505
sweep,2836
sweep,3176
sweep,2501
sweep,2572
sweep,3716
sweep,3018
sweep,2858
sweep,3271
sweep,2777
sweep,3789
sweep,2765
sweep,2474
sweep,2758
sweep,3710
sweep,4397
sweep,4144
sweep,4189
sweep,5959
sweep,7748
sweep,5780
sweep,8805
sweep,8530
sweep,8388
sweep,7412
sweep,7156
sweep,7349
sweep,799
mark,1027213
sweep,4451
sweep,4306
sweep,4047
sweep,4305
sweep,3568
sweep,4381
sweep,3834
sweep,3172
sweep,3158
sweep,3194
sweep,3041
sweep,2734
sweep,2966
sweep,2753
sweep,2688
sweep,3008
sweep,3319
sweep,3051
sweep,3070
sweep,3445
sweep,2326
sweep,2562
sweep,3787
sweep,2535
sweep,3136
sweep,1858
sweep,3474
sweep,3674
sweep,4625
sweep,3441
sweep,3142
sweep,3030
sweep,2901
sweep,3107
sweep,2735
sweep,3154
sweep,2778
sweep,2936
sweep,2532
sweep,3067
sweep,3848
sweep,2735
sweep,2715
sweep,3434
sweep,2842
sweep,3468
sweep,2645
sweep,2571
sweep,2487
sweep,5975
sweep,9221
sweep,8602
sweep,8247
sweep,8251
sweep,5964
sweep,7234
sweep,3954
sweep,4279
sweep,4343
sweep,5709
sweep,5668
sweep,5962
sweep,237
mark,1026531
sweep,4974
sweep,4192
sweep,4353
sweep,4296
sweep,3589
sweep,4309
sweep,3658
sweep,3106
sweep,2783
sweep,3455
sweep,3316
sweep,3081
sweep,2679
sweep,2743
sweep,2524
sweep,2696
sweep,3196
sweep,3353
sweep,3204
sweep,3765
sweep,2419
sweep,2540
sweep,3887
sweep,2528
sweep,3500
sweep,2491
sweep,3613
sweep,3929
sweep,5153
sweep,3513
sweep,3147
sweep,2926
sweep,3106
sweep,3270
sweep,2654
sweep,3220
sweep,2890
sweep,3009
sweep,2528
sweep,3092
sweep,3711
sweep,2929
sweep,2669
sweep,2870
sweep,3096
sweep,3300
sweep,2673
sweep,2653
sweep,2730
sweep,3773
sweep,3786
sweep,4155
sweep,4157
sweep,5873
sweep,8488
sweep,6470
sweep,9243
sweep,7898
sweep,8958
sweep,7629
sweep,7808
sweep,7048
sweep,836
mark,1030317
sweep,5019
sweep,4095
sweep,4211
sweep,4023
sweep,3939
sweep,4360
sweep,3703
sweep,3462
sweep,3038
sweep,3278
sweep,2958
sweep,2764
sweep,2807
sweep,3143
sweep,2815
sweep,3025
sweep,3506
sweep,3051
sweep,3141
sweep,3367
sweep,2391
sweep,2549
sweep,4190
sweep,2686
sweep,3043
sweep,1993
sweep,3717
sweep,3630
sweep,4665
sweep,3246
sweep,2994
sweep,3096
sweep,3385
sweep,2929
sweep,3011
sweep,3362
sweep,2997
sweep,3104
sweep,2543
sweep,2703
sweep,3929
sweep,2587
sweep,2669
sweep,2959
sweep,2808
sweep,3546
sweep,2900
sweep,2588
sweep,2417
sweep,5554
sweep,8913
sweep,8499
sweep,8470
sweep,8007
sweep,6393
sweep,7351
sweep,3931
sweep,4352
sweep,4966
sweep,5783
sweep,5969
sweep,6135
sweep,225
mark,1027040
sweep,4597
sweep,4079
sweep,4150
sweep,4375
sweep,4066
sweep,4262
sweep,3638
sweep,3179
sweep,2777
sweep,3095
sweep,3754
sweep,2895
sweep,2720
sweep,3284
sweep,2655
sweep,2825
sweep,3212
sweep,3171
sweep,3479
sweep,3447
sweep,2390
sweep,2521
sweep,4030
sweep,2417
sweep,3037
sweep,1876
sweep,3537
sweep,3667
sweep,4482
sweep,3332
sweep,3241
sweep,2923
sweep,2950
sweep,3259
sweep,2733
sweep,3256
sweep,2807
sweep,3059
sweep,2515
sweep,2720
sweep,3878
sweep,2848
sweep,2731
sweep,3189
sweep,2962
sweep,3717
sweep,2718
sweep,2536
sweep,2543
sweep,3858
sweep,3995
sweep,4033
sweep,4169
sweep,6024
sweep,8511
sweep,6400
sweep,8358
sweep,8447
sweep,8314
sweep,7489
sweep,7524
sweep,7194
sweep,810
mark,1028608
sweep,4717
sweep,3991
sweep,3917
sweep,4343
sweep,3691
sweep,4180
sweep,3642
sweep,3291
sweep,2837
sweep,3298
sweep,3011
sweep,2862
sweep,2938
sweep,3136
sweep,2665
sweep,2723
sweep,3384
sweep,2818
sweep,3168
sweep,3809
sweep,2428
sweep,2448
sweep,3808
sweep,2419
sweep,3595
sweep,1885
sweep,3449
sweep,3663
sweep,4647
sweep,3380
sweep,3385
sweep,2984
sweep,2899
sweep,3348
sweep,2785
sweep,3333
sweep,2827
sweep,3079
sweep,2430
sweep,3113
sweep,3651
sweep,2760
sweep,2761
sweep,2943
sweep,2718
sweep,3646
sweep,2911
sweep,2732
sweep,2809
sweep,5577
sweep,9192
sweep,8704
sweep,8462
sweep,7728
sweep,6321
sweep,7381
sweep,4093
sweep,4285
sweep,4976
sweep,6173
sweep,5906
sweep,6175
sweep,225
mark,1030566
sweep,4837
sweep,3899
sweep,4528
sweep,4494
sweep,3875
sweep,4107
sweep,3692
sweep,3103
sweep,3030
sweep,3444
sweep,3081
sweep,3284
sweep,2785
sweep,2920
sweep,2616
sweep,2621
sweep,3271
sweep,3262
sweep,2996
sweep,3433
sweep,2537
sweep,2954
sweep,3700
sweep,2486
sweep,2982
sweep,2112
sweep,3515
sweep,3607
sweep,4464
sweep,3444
sweep,3027
sweep,2914
sweep,2902
sweep,3005
sweep,2911
sweep,3294
sweep,2764
sweep,3401
sweep,2805
sweep,2876
sweep,4013
sweep,3189
sweep,2881
sweep,3385
sweep,2736
sweep,3788
sweep,2777
sweep,2465
sweep,2691
sweep,4171
sweep,4183
sweep,3959
sweep,4440
sweep,5423
sweep,8342
sweep,6961
sweep,9510
sweep,8049
sweep,8655
sweep,12570
sweep,7753
sweep,6956
sweep,1147
mark,1033377
sweep,4654
sweep,4028
sweep,4105
sweep,4185
sweep,3866
sweep,3953
sweep,3680
sweep,3155
sweep,3115
sweep,3336
sweep,3154
sweep,3013
sweep,2858
sweep,3234
sweep,2958
sweep,2726
sweep,3418
sweep,2947
sweep,3202
sweep,3493
sweep,2366
sweep,2428
sweep,4097
sweep,2389
sweep,3336
sweep,1958
sweep,3637
sweep,3997
sweep,4659
sweep,3342
sweep,2998
sweep,3071
sweep,3118
sweep,3067
sweep,2794
sweep,3078
sweep,2758
sweep,3368
sweep,2440
sweep,2612
sweep,3769
sweep,2724
sweep,2623
sweep,2825
sweep,2974
sweep,3493
sweep,2804
sweep,2424
sweep,2403
sweep,5547
sweep,8628
sweep,8700
sweep,8557
sweep,8169
sweep,6023
sweep,7565
sweep,4093
sweep,4292
sweep,4990
sweep,6385
sweep,5873
sweep,5874
sweep,225
mark,1034963
sweep,4730
sweep,3897
sweep,4403
sweep,4187
sweep,3820
sweep,4050
sweep,3696
sweep,3329
sweep,2824
sweep,3286
sweep,3147
sweep,2764
sweep,2630
sweep,2844
sweep,2596
sweep,2916
sweep,3192
sweep,2928
sweep,3017
sweep,3502
sweep,2394
sweep,2496
sweep,4182
sweep,2467
sweep,3154
sweep,1865
sweep,3347
sweep,3601
sweep,4915
sweep,3569
sweep,3119
sweep,3026
sweep,3143
sweep,2989
sweep,2729
sweep,3249
sweep,2821
sweep,3352
sweep,2540
sweep,2804
sweep,3553
sweep,2896
sweep,2706
sweep,3344
sweep,2839
sweep,3706
sweep,2723
sweep,2484
sweep,2466
sweep,3503
sweep,3836
sweep,4102
sweep,4418
sweep,5653
sweep,8487
sweep,6393
sweep,9037
sweep,8084
sweep,8501
sweep,7307
sweep,7480
sweep,7308
sweep,829
mark,1033905
sweep,4559
sweep,4138
sweep,3975
sweep,4053
sweep,3638
sweep,4071
sweep,3766
sweep,3428
sweep,2988
sweep,3307
sweep,3251
sweep,2751
sweep,3114
sweep,2967
sweep,2657
sweep,2715
sweep,3442
sweep,2882
sweep,3115
sweep,4009
sweep,2329
sweep,2492
sweep,3842
sweep,2521
sweep,3115
sweep,1912
sweep,3744
sweep,3641
sweep,4514
sweep,3334
sweep,3342
sweep,3179
sweep,3204
sweep,3298
sweep,2742
sweep,3094
sweep,3029
sweep,3071
sweep,2658
sweep,2651
sweep,4071
sweep,3049
sweep,2856
sweep,2811
sweep,3160
sweep,3715
sweep,2822
sweep,2524
sweep,2646
sweep,5397
sweep,9150
sweep,8359
sweep,8612
sweep,8211
sweep,6282
sweep,7442
sweep,4447
sweep,4457
sweep,5140
sweep,6252
sweep,6018
sweep,5758
sweep,251
mark,1028980
sweep,4651
sweep,4169
sweep,4331
sweep,4432
sweep,3792
sweep,4461
sweep,3706
sweep,3293
sweep,2899
sweep,3177
sweep,3163
sweep,3005
sweep,2665
sweep,3167
sweep,2597
sweep,2697
sweep,3564
sweep,3086
sweep,3022
sweep,3745
sweep,2288
sweep,2644
sweep,4038
sweep,2844
sweep,3388
sweep,2169
sweep,3399
sweep,3590
sweep,4434
sweep,3970
sweep,3497
sweep,2912
sweep,2877
sweep,3013
sweep,3044
sweep,3111
sweep,3143
sweep,3365
sweep,2606
sweep,2531
sweep,3742
sweep,2984
sweep,2765
sweep,3048
sweep,2920
sweep,3437
sweep,2677
sweep,2835
sweep,2594
sweep,3417
sweep,3696
sweep,4111
sweep,4272
sweep,6067
sweep,8412
sweep,6546
sweep,8372
sweep,8440
sweep,8561
sweep,7554
sweep,7713
sweep,7760
sweep,932
mark,1035544
sweep,4749
sweep,4192
sweep,4155
sweep,4192
sweep,3755
sweep,4188
sweep,3919
sweep,3210
sweep,2816
sweep,3386
sweep,3036
sweep,2757
sweep,2573
sweep,3264
sweep,2658
sweep,2779
sweep,3378
sweep,3042
sweep,3343
sweep,3630
sweep,2357
sweep,2392
sweep,3813
sweep,2376
sweep,3077
sweep,2210
sweep,3486
sweep,4158
sweep,4341
sweep,3578
sweep,3199
sweep,3002
sweep,2886
sweep,3190
sweep,2665
sweep,3268
sweep,2944
sweep,3198
sweep,2399
sweep,2913
sweep,3772
sweep,2729
sweep,2727
sweep,3082
sweep,3250
sweep,3394
sweep,2951
sweep,2566
sweep,2548
sweep,5549
sweep,8988
sweep,8763
sweep,8337
sweep,7819
sweep,5642
sweep,6934
sweep,3992
sweep,4397
sweep,5217
sweep,6257
sweep,5533
sweep,6057
sweep,226
mark,1022170
sweep,4750
sweep,3934
sweep,4341
sweep,4158
sweep,3708
sweep,4086
sweep,3571
sweep,3171
sweep,2701
sweep,3295
sweep,3138
sweep,3231
sweep,2898
sweep,2807
sweep,2644
sweep,2598
sweep,3300
sweep,6195
sweep,3199
sweep,3767
sweep,2394
sweep,2555
sweep,3793
sweep,2503
sweep,3059
sweep,2142
sweep,3276
sweep,3700
sweep,4350
sweep,3309
sweep,3065
sweep,2961
sweep,2914
sweep,3074
sweep,2735
sweep,3181
sweep,2912
sweep,3142
sweep,2834
sweep,3078
sweep,3960
sweep,3203
sweep,2886
sweep,2970
sweep,2921
sweep,3620
sweep,2798
sweep,2409
sweep,2460
sweep,3392
sweep,4053
sweep,4019
sweep,4220
sweep,5436
sweep,7574
sweep,5852
sweep,8521
sweep,8375
sweep,8821
sweep,8130
sweep,7395
sweep,7509
sweep,837
mark,1034507
sweep,4953
sweep,4046
sweep,3959
sweep,4169
sweep,3785
sweep,4139
sweep,3620
sweep,3201
sweep,2843
sweep,3153
sweep,3217
sweep,2783
sweep,2665
sweep,2942
sweep,2495
sweep,2716
sweep,3497
sweep,3385
sweep,3016
sweep,3518
sweep,2349
sweep,2813
sweep,3725
sweep,2464
sweep,3063
sweep,1982
sweep,3372
sweep,3623
sweep,4376
sweep,3361
sweep,3047
sweep,3007
sweep,2926
sweep,3075
sweep,2976
sweep,3123
sweep,3008
sweep,3216
sweep,2494
sweep,2837
sweep,3700
sweep,2773
sweep,2733
sweep,3093
sweep,2863
sweep,3999
sweep,2680
sweep,2543
sweep,2740
sweep,6092
sweep,8938
sweep,8625
sweep,8353
sweep,8254
sweep,5712
sweep,7453
sweep,3943
sweep,4832
sweep,4263
sweep,5877
sweep,5883
sweep,5904
sweep,271
mark,1027570
sweep,5059
sweep,3941
sweep,4306
sweep,4297
sweep,3755
sweep,4227
sweep,3900
sweep,3419
sweep,3195
sweep,3181
sweep,3174
sweep,2718
sweep,2684
sweep,3009
sweep,2699
sweep,2553
sweep,3460
sweep,3247
sweep,3006
sweep,3357
sweep,2331
sweep,2832
sweep,3736
sweep,2397
sweep,3346
sweep,2025
sweep,3532
sweep,3647
sweep,4578
sweep,3447
sweep,3423
sweep,2957
sweep,2977
sweep,3406
sweep,2806
sweep,3441
sweep,2742
sweep,3142
sweep,2556
sweep,2941
sweep,3760
sweep,3072
sweep,3026
sweep,3231
sweep,3037
sweep,3700
sweep,2720
sweep,2524
sweep,2523
sweep,3863
sweep,3990
sweep,4086
sweep,4375
sweep,5964
sweep,8196
sweep,6696
sweep,8779
sweep,8239
sweep,9147
sweep,7092
sweep,7748
sweep,7119
sweep,832
mark,1034866
sweep,4912
sweep,3876
sweep,4189
sweep,4610
sweep,3622
sweep,4054
sweep,3564
sweep,3098
sweep,2969
sweep,3155
sweep,2992
sweep,2937
sweep,2745
sweep,3175
sweep,2601
sweep,2963
sweep,3658
sweep,2937
sweep,3021
sweep,3518
sweep,2210
sweep,2664
sweep,4302
sweep,2588
sweep,3164
sweep,1934
sweep,3701
sweep,3667
sweep,4565
sweep,3237
sweep,3157
sweep,3094
sweep,2988
sweep,3237
sweep,3136
sweep,3083
sweep,3174
sweep,3376
sweep,2618
sweep,2602
sweep,3719
sweep,2838
sweep,2676
sweep,2893
sweep,2773
sweep,3398
sweep,2757
sweep,2534
sweep,2466
sweep,5528
sweep,8781
sweep,8219
sweep,8518
sweep,8159
sweep,6692
sweep,7384
sweep,4091
sweep,4228
sweep,4548
sweep,5995
sweep,5887
sweep,5854
sweep,296
mark,1030402
sweep,5038
sweep,3701
sweep,4015
sweep,4545
sweep,3586
sweep,4236
sweep,3615
sweep,3329
sweep,3069
sweep,3048
sweep,3379
sweep,2837
sweep,2971
sweep,3090
sweep,2655
sweep,2737
sweep,3239
sweep,3085
sweep,3030
sweep,3362
sweep,2520
sweep,2552
sweep,4050
sweep,2312
sweep,3150
sweep,2113
sweep,3248
sweep,3744
sweep,4822
sweep,3514
sweep,3338
sweep,2887
sweep,2871
sweep,3518
sweep,2739
sweep,3318
sweep,2818
sweep,3089
sweep,2715
sweep,2681
sweep,3939
sweep,2881
sweep,2641
sweep,2878
sweep,2858
sweep,3474
sweep,2857
sweep,2471
sweep,2471
sweep,7194
sweep,4145
sweep,4247
sweep,4081
sweep,6114
sweep,7576
sweep,6009
sweep,8798
sweep,8394
sweep,8640
sweep,8213
sweep,7133
sweep,7813
sweep,852
mark,1037113
sweep,4686
sweep,4094
sweep,4041
sweep,4134
sweep,3750
sweep,4179
sweep,3691
sweep,3531
sweep,3214
sweep,3226
sweep,3306
sweep,2830
sweep,2698
sweep,3379
sweep,2729
sweep,3009
sweep,3333
sweep,2953
sweep,2983
sweep,3336
sweep,2402
sweep,2450
sweep,3936
sweep,2446
sweep,3088
sweep,1889
sweep,3703
sweep,3732
sweep,4607
sweep,3742
sweep,3009
sweep,3037
sweep,3225
sweep,2985
sweep,3071
sweep,3039
sweep,2659
sweep,3122
sweep,2471
sweep,2658
sweep,3577
sweep,2635
sweep,2771
sweep,2979
sweep,2808
sweep,3413
sweep,2639
sweep,2647
sweep,2432
sweep,5882
sweep,8677
sweep,8497
sweep,8732
sweep,7768
sweep,6423
sweep,7172
sweep,3911
sweep,4222
sweep,4927
sweep,6377
sweep,5700
sweep,5866
sweep,229
mark,1036857
sweep,4738
sweep,4353
sweep,4461
sweep,4499
sweep,3854
sweep,3938
sweep,3670
sweep,3376
sweep,2760
sweep,3077
sweep,3059
sweep,2974
sweep,2987
sweep,3293
sweep,2605
sweep,2678
sweep,3389
sweep,3007
sweep,2937
sweep,3678
sweep,2598
sweep,2477
sweep,3811
sweep,2331
sweep,3332
sweep,1890
sweep,3520
sweep,3670
sweep,4492
sweep,3502
sweep,3562
sweep,3233
sweep,2836
sweep,3003
sweep,2923
sweep,3128
sweep,2809
sweep,3032
sweep,2473
sweep,2987
sweep,4052
sweep,2753
sweep,2791
sweep,3387
sweep,2875
sweep,3547
sweep,2775
sweep,2467
sweep,2481
sweep,3736
sweep,4076
sweep,4187
sweep,4461
sweep,5578
sweep,9297
sweep,6097
sweep,8888
sweep,8824
sweep,9043
sweep,7245
sweep,7303
sweep,7252
sweep,822
mark,1045566
sweep,4608
sweep,3928
sweep,3968
sweep,4291
sweep,3873
sweep,4014
sweep,3654
sweep,3355
sweep,3218
sweep,3249
sweep,3090
sweep,3153
sweep,2685
sweep,3077
sweep,2606
sweep,2704
sweep,3366
sweep,3237
sweep,3355
sweep,3434
sweep,2342
sweep,2673
sweep,3896
sweep,2394
sweep,3384
sweep,1976
sweep,3489
sweep,3792
sweep,4689
sweep,3822
sweep,3087
sweep,3049
sweep,3039
sweep,3052
sweep,2906
sweep,3094
sweep,2854
sweep,3117
sweep,2751
sweep,3050
sweep,3818
sweep,2643
sweep,2808
sweep,3024
sweep,3098
sweep,3389
sweep,2900
sweep,2527
sweep,2496
sweep,5766
sweep,9305
sweep,8545
sweep,8591
sweep,8276
sweep,5805
sweep,7149
sweep,3942
sweep,4560
sweep,4811
sweep,6396
sweep,5574
sweep,5893
sweep,249
mark,1045227
sweep,5458
sweep,4075
sweep,4300
sweep,4300
sweep,3728
sweep,4287
sweep,3821
sweep,3147
sweep,2870
sweep,3606
sweep,3202
sweep,2808
sweep,3120
sweep,2941
sweep,2819
sweep,2735
sweep,3568
sweep,3001
sweep,3010
sweep,3747
sweep,2350
sweep,2917
sweep,3820
sweep,2571
sweep,3121
sweep,1894
sweep,3285
sweep,3594
sweep,4685
sweep,3382
sweep,3160
sweep,3170
sweep,2933
sweep,2990
sweep,3247
sweep,3342
sweep,2801
sweep,3188
sweep,2543
sweep,2745
sweep,3984
sweep,2685
sweep,2749
sweep,3447
sweep,3025
sweep,3433
sweep,2807
sweep,2540
sweep,2639
sweep,3481
sweep,4286
sweep,4228
sweep,4485
sweep,5940
sweep,7844
sweep,6064
sweep,9005
sweep,8140
sweep,8818
sweep,7284
sweep,7313
sweep,7294
sweep,836
mark,1052843
sweep,4624
sweep,3969
sweep,4212
sweep,3982
sweep,3936
sweep,4425
sweep,3683
sweep,3247
sweep,3143
sweep,3347
sweep,3036
sweep,2755
sweep,2674
sweep,2820
sweep,2624
sweep,2754
sweep,3468
sweep,3009
sweep,3159
sweep,3500
sweep,2475
sweep,2351
sweep,3983
sweep,2432
sweep,3114
sweep,2210
sweep,3495
sweep,3840
sweep,4440
sweep,3793
sweep,3117
sweep,3230
sweep,2932
sweep,3061
sweep,2785
sweep,2927
sweep,2649
sweep,2980
sweep,2716
sweep,2651
sweep,3992
sweep,2743
sweep,2806
sweep,2861
sweep,2800
sweep,3472
sweep,2697
sweep,2784
sweep,2414
sweep,5332
sweep,8429
sweep,8096
sweep,8137
sweep,8410
sweep,5998
sweep,7475
sweep,4180
sweep,4353
sweep,4902
sweep,6224
sweep,5682
sweep,5873
sweep,222
mark,1026681
sweep,5348
sweep,4018
sweep,4282
sweep,4606
sweep,3703
sweep,3894
sweep,3722
sweep,3421
sweep,2791
sweep,3076
sweep,3325
sweep,2665
sweep,3109
sweep,2738
sweep,2582
sweep,2769
sweep,3583
sweep,3222
sweep,3148
sweep,3397
sweep,2306
sweep,2707
sweep,4083
sweep,2460
sweep,3095
sweep,1889
sweep,3628
sweep,3687
sweep,4596
sweep,3498
sweep,3077
sweep,3201
sweep,2968
sweep,2957
sweep,2853
sweep,3036
sweep,3063
sweep,3139
sweep,2503
sweep,2896
sweep,3634
sweep,2892
sweep,2702
sweep,2928
sweep,2781
sweep,3838
sweep,3054
sweep,2767
sweep,2663
sweep,3759
sweep,4189
sweep,4459
sweep,4507
sweep,5610
sweep,7865
sweep,5808
sweep,9037
sweep,8151
sweep,8365
sweep,7282
sweep,6984
sweep,7404
sweep,792
mark,1034772
sweep,4791
sweep,4175
sweep,4364
sweep,4179
sweep,3600
sweep,4128
sweep,4040
sweep,3117
sweep,3130
sweep,3138
sweep,3009
sweep,2762
sweep,2777
sweep,3102
sweep,2611
sweep,2678
sweep,3251
sweep,2930
sweep,3120
sweep,3459
sweep,2305
sweep,2463
sweep,3998
sweep,2347
sweep,3161
sweep,1877
sweep,3696
sweep,4118
sweep,4558
sweep,3783
sweep,3133
sweep,2919
sweep,2867
sweep,3280
sweep,2946
sweep,3048
sweep,2736
sweep,3109
sweep,2844
sweep,2793
sweep,3797
sweep,2745
sweep,3091
sweep,3323
sweep,3027
sweep,3466
sweep,2719
sweep,2530
sweep,2762
sweep,5366
sweep,8986
sweep,8968
sweep,8692
sweep,7972
sweep,5583
sweep,6925
sweep,3962
sweep,4646
sweep,4812
sweep,6239
sweep,5534
sweep,5869
sweep,216
mark,1029816
sweep,4920
sweep,4322
sweep,4484
sweep,4014
sweep,4019
sweep,3995
sweep,3823
sweep,3088
sweep,3023
sweep,3159
sweep,3067
sweep,2735
sweep,2625
sweep,3078
sweep,2588
sweep,2920
sweep,3234
sweep,3387
sweep,3246
sweep,3418
sweep,2348
sweep,2696
sweep,3711
sweep,2419
sweep,3102
sweep,2090
sweep,3499
sweep,3707
sweep,4142
sweep,3839
sweep,3163
sweep,2948
sweep,2849
sweep,3156
sweep,2769
sweep,3186
sweep,2872
sweep,3049
sweep,2524
sweep,2748
sweep,3760
sweep,3263
sweep,2807
sweep,2877
sweep,2922
sweep,3457
sweep,2947
sweep,2653
sweep,2711
sweep,3464
sweep,4203
sweep,3854
sweep,4137
sweep,5532
sweep,7732
sweep,6300
sweep,8563
sweep,8271
sweep,8596
sweep,7510
sweep,7662
sweep,7278
sweep,923
mark,1042990
sweep,5124
sweep,4002
sweep,4208
sweep,4394
sweep,3616
sweep,3905
sweep,3671
sweep,3139
sweep,2908
sweep,3449
sweep,3255
sweep,2775
sweep,2686
sweep,2979
sweep,2619
sweep,2810
sweep,3360
sweep,2914
sweep,2946
sweep,3555
sweep,2283
sweep,2365
sweep,4083
sweep,2456
sweep,3052
sweep,1904
sweep,3666
sweep,3660
sweep,4431
sweep,3518
sweep,3075
sweep,2945
sweep,3195
sweep,3339
sweep,2979
sweep,3000
sweep,2938
sweep,3078
sweep,2600
sweep,2745
sweep,4163
sweep,2634
sweep,2950
sweep,2947
sweep,2866
sweep,3618
sweep,2830
sweep,2510
sweep,2597
sweep,5357
sweep,9143
sweep,8550
sweep,8539
sweep,8285
sweep,5871
sweep,7072
sweep,3942
sweep,4476
sweep,4391
sweep,5820
sweep,5819
sweep,6223
sweep,222
mark,1028070
sweep,4704
sweep,3988
sweep,4522
sweep,4213
sweep,3627
sweep,4020
sweep,3679
sweep,3285
sweep,2806
sweep,3161
sweep,3073
sweep,2994
sweep,2905
sweep,2738
sweep,2631
sweep,2916
sweep,3325
sweep,3032
sweep,3019
sweep,3446
sweep,2370
sweep,2470
sweep,4317
sweep,2930
sweep,3351
sweep,2152
sweep,3334
sweep,3684
sweep,4436
sweep,3430
sweep,3439
sweep,3191
sweep,2899
sweep,3073
sweep,2835
sweep,3277
sweep,2986
sweep,3154
sweep,2503
sweep,2619
sweep,3806
sweep,2951
sweep,2645
sweep,2968
sweep,2932
sweep,3370
sweep,2836
sweep,2528
sweep,2472
sweep,4033
sweep,4292
sweep,4014
sweep,4306
sweep,5797
sweep,7935
sweep,6479
sweep,8626
sweep,8274
sweep,8396
sweep,7261
sweep,7051
sweep,6845
sweep,835
mark,1028309
sweep,5045
sweep,3962
sweep,4015
sweep,4124
sweep,3667
sweep,4284
sweep,3618
sweep,3302
sweep,2817
sweep,3451
sweep,3037
sweep,2732
sweep,3002
sweep,2904
sweep,2667
sweep,2612
sweep,3343
sweep,3044
sweep,3110
sweep,3401
sweep,2459
sweep,2670
sweep,3734
sweep,2738
sweep,3266
sweep,2073
sweep,3417
sweep,3899
sweep,4300
sweep,3650
sweep,3173
sweep,3278
sweep,2989
sweep,3248
sweep,2812
sweep,3164
sweep,2748
sweep,3187
sweep,2434
sweep,3358
sweep,3770
sweep,2872
sweep,3116
sweep,3440
sweep,2876
sweep,3416
sweep,2805
sweep,2500
sweep,2782
sweep,5901
sweep,9179
sweep,8669
sweep,8715
sweep,8097
sweep,6021
sweep,7243
sweep,4042
sweep,4228
sweep,4808
sweep,6183
sweep,5983
sweep,5997
sweep,228
mark,1057140
sweep,4569
sweep,3896
sweep,3948
sweep,4511
sweep,4016
sweep,4106
sweep,3547
sweep,3229
sweep,2873
sweep,3200
sweep,3138
sweep,3160
sweep,2947
sweep,2796
sweep,2656
sweep,2862
sweep,3587
sweep,3068
sweep,3020
sweep,3419
sweep,2345
sweep,2850
sweep,3976
sweep,2407
sweep,3360
sweep,1912
sweep,3345
sweep,4262
sweep,4216
sweep,3691
sweep,3143
sweep,3061
sweep,2948
sweep,3120
sweep,2734
sweep,3297
sweep,2767
sweep,3099
sweep,2552
sweep,2756
sweep,3951
sweep,2652
sweep,2601
sweep,2979
sweep,2805
sweep,3532
sweep,2826
sweep,2686
sweep,2493
sweep,3563
sweep,4084
sweep,3994
sweep,4570
sweep,6097
sweep,8369
sweep,5997
sweep,8772
sweep,8252
sweep,8652
sweep,7122
sweep,7114
sweep,7579
sweep,833
mark,1047124
sweep,4665
sweep,3893
sweep,3986
sweep,4047
sweep,3891
sweep,4167
sweep,3610
sweep,3537
sweep,2864
sweep,3575
sweep,3082
sweep,3073
sweep,2779
sweep,2858
sweep,2673
sweep,2992
sweep,3339
sweep,3169
sweep,3133
sweep,3528
sweep,2345
sweep,2451
sweep,3696
sweep,2628
sweep,3188
sweep,2204
sweep,3782
sweep,3699
sweep,4357
sweep,3440
sweep,3352
sweep,2798
sweep,2923
sweep,3307
sweep,2919
sweep,3154
sweep,2852
sweep,3376
sweep,2601
sweep,2804
sweep,3793
sweep,2998
sweep,2646
sweep,2947
sweep,2888
sweep,3412
sweep,2721
sweep,2516
sweep,2490
sweep,5935
sweep,8812
sweep,8533
sweep,8129
sweep,8289
sweep,5686
sweep,6812
sweep,3952
sweep,4253
sweep,4960
sweep,5644
sweep,5616
sweep,5992
sweep,225
mark,1025913
sweep,5052
sweep,3973
sweep,4074
sweep,4693
sweep,3434
sweep,4123
sweep,3543
sweep,3048
sweep,2917
sweep,3324
sweep,3388
sweep,2725
sweep,2812
sweep,2855
sweep,2573
sweep,2739
sweep,3688
sweep,2962
sweep,3038
sweep,3728
sweep,2506
sweep,2607
sweep,3670
sweep,2842
sweep,3622
sweep,1886
sweep,3446
sweep,3823
sweep,4007
sweep,3584
sweep,3041
sweep,3483
sweep,2971
sweep,2993
sweep,2839
sweep,3206
sweep,2923
sweep,3129
sweep,2442
sweep,2850
sweep,3930
sweep,3133
sweep,2836
sweep,3099
sweep,2913
sweep,3738
sweep,2782
sweep,2551
sweep,2482
sweep,3758
sweep,4209
sweep,4222
sweep,4500
sweep,5664
sweep,7753
sweep,6052
sweep,8632
sweep,9048
sweep,8413
sweep,7528
sweep,7395
sweep,7376
sweep,816
mark,1042769
sweep,4956
sweep,4138
sweep,3919
sweep,4059
sweep,3569
sweep,4315
sweep,3630
sweep,3117
sweep,2823
sweep,3582
sweep,3286
sweep,3042
sweep,2931
sweep,2948
sweep,2656
sweep,2701
sweep,3596
sweep,3096
sweep,3264
sweep,3388
sweep,2493
sweep,2641
sweep,3888
sweep,2317
sweep,3130
sweep,2127
sweep,3373
sweep,3680
sweep,4682
sweep,3996
sweep,3375
sweep,3104
sweep,2890
sweep,3177
sweep,2777
sweep,3468
sweep,2739
sweep,3195
sweep,2693
sweep,2940
sweep,3728
sweep,2700
sweep,2685
sweep,3077
sweep,2808
sweep,3408
sweep,3015
sweep,2530
sweep,2425
sweep,5753
sweep,9072
sweep,8629
sweep,8444
sweep,7989
sweep,5821
sweep,7823
sweep,4049
sweep,4230
sweep,4230
sweep,5742
sweep,5987
sweep,6651
sweep,289
mark,1028596
sweep,5285
sweep,3891
sweep,3967
sweep,4505
sweep,3977
sweep,4164
sweep,3671
sweep,3023
sweep,2768
sweep,3362
sweep,3103
sweep,3089
sweep,2746
sweep,2713
sweep,2624
sweep,2812
sweep,3309
sweep,3235
sweep,2954
sweep,3867
sweep,2450
sweep,2721
sweep,4012
sweep,2354
sweep,3074
sweep,1944
sweep,3596
sweep,3704
sweep,4107
sweep,3322
sweep,3105
sweep,3212
sweep,2969
sweep,3035
sweep,2922
sweep,3205
sweep,2698
sweep,3082
sweep,2675
sweep,2824
sweep,3683
sweep,2916
sweep,2725
sweep,2942
sweep,2838
sweep,3486
sweep,2729
sweep,2468
sweep,2484
sweep,3546
sweep,4347
sweep,4022
sweep,4202
sweep,6088
sweep,7540
sweep,5943
sweep,8452
sweep,8344
sweep,8533
sweep,7586
sweep,7204
sweep,7614
sweep,837
mark,1035567
sweep,4746
sweep,4046
sweep,3921
sweep,3928
sweep,3838
sweep,3976
sweep,3642
sweep,3085
sweep,2979
sweep,3295
sweep,3306
sweep,2689
sweep,2863
sweep,3039
sweep,2621
sweep,2681
sweep,3685
sweep,2927
sweep,3059
sweep,3333
sweep,2359
sweep,2349
sweep,4033
sweep,2654
sweep,3143
sweep,1935
sweep,3373
sweep,3973
sweep,4419
sweep,3686
sweep,3080
sweep,2992
sweep,2996
sweep,3039
sweep,2813
sweep,3265
sweep,2746
sweep,3152
sweep,2517
sweep,2728
sweep,3732
sweep,2788
sweep,2645
sweep,2877
sweep,2917
sweep,3370
sweep,2771
sweep,2522
sweep,2527
sweep,5631
sweep,8959
sweep,8689
sweep,8649
sweep,7431
sweep,6193
sweep,7230
sweep,4380
sweep,4333
sweep,5040
sweep,6057
sweep,5839
sweep,5837
sweep,221
mark,1029445
sweep,4822
sweep,3890
sweep,4119
sweep,3879
sweep,3910
sweep,4284
sweep,3580
sweep,3112
sweep,2994
sweep,3138
sweep,3167
sweep,3202
sweep,2697
sweep,3087
sweep,2901
sweep,2857
sweep,3414
sweep,3255
sweep,3174
sweep,3431
sweep,2298
sweep,2662
sweep,4036
sweep,2572
sweep,3016
sweep,2075
sweep,3578
sweep,3620
sweep,4372
sweep,3501
sweep,3390
sweep,2922
sweep,3136
sweep,3043
sweep,2897
sweep,3603
sweep,2745
sweep,3048
sweep,2612
sweep,3172
sweep,3706
sweep,2742
sweep,2955
sweep,3080
sweep,2805
sweep,3639
sweep,2770
sweep,2549
sweep,2499
sweep,3471
sweep,3921
sweep,4120
sweep,4115
sweep,6081
sweep,7554
sweep,5934
sweep,8848
sweep,8411
sweep,8704
sweep,8209
sweep,7513
sweep,7623
sweep,830
mark,1035654
sweep,4708
sweep,3863
sweep,4016
sweep,4071
sweep,3488
sweep,4429
sweep,3551
sweep,3174
sweep,3019
sweep,3257
sweep,3307
sweep,2835
sweep,2716
sweep,2913
sweep,2653
sweep,2729
sweep,3585
sweep,3159
sweep,3193
sweep,3723
sweep,2386
sweep,2389
sweep,3990
sweep,2639
sweep,3341
sweep,1850
sweep,3444
sweep,3631
sweep,4163
sweep,3748
sweep,3073
sweep,3239
sweep,2890
sweep,2883
sweep,2891
sweep,3427
sweep,2816
sweep,3323
sweep,2798
sweep,2748
sweep,3939
sweep,2698
sweep,2830
sweep,2948
sweep,2796
sweep,3732
sweep,2824
sweep,2465
sweep,2616
sweep,5865
sweep,8659
sweep,8733
sweep,8517
sweep,7657
sweep,6297
sweep,6843
sweep,4305
sweep,4313
sweep,4902
sweep,6338
sweep,5806
sweep,5964
sweep,228
mark,1035078
sweep,4865
sweep,4188
sweep,4065
sweep,4104
sweep,3816
sweep,4102
sweep,3774
sweep,3046
sweep,2957
sweep,3333
sweep,3232
sweep,3018
sweep,2771
sweep,2750
sweep,2587
sweep,2775
sweep,3311
sweep,2936
sweep,2899
sweep,3475
sweep,2304
sweep,2738
sweep,4025
sweep,2897
sweep,3465
sweep,1881
sweep,3632
sweep,3836
sweep,4587
sweep,3569
sweep,3196
sweep,2891
sweep,3207
sweep,2968
sweep,2839
sweep,3449
sweep,2988
sweep,3302
sweep,2773
sweep,2530
sweep,3778
sweep,2705
sweep,2803
sweep,3204
sweep,2857
sweep,3399
sweep,2845
sweep,2712
sweep,2600
sweep,3588
sweep,4290
sweep,4007
sweep,4281
sweep,5703
sweep,8387
sweep,6493
sweep,8400
sweep,8401
sweep,8632
sweep,7337
sweep,7404
sweep,7108
sweep,930
mark,1035144
sweep,5056
sweep,4278
sweep,3977
sweep,4178
sweep,3696
sweep,4563
sweep,3554
sweep,3217
sweep,3238
sweep,3376
sweep,2962
sweep,2731
sweep,2767
sweep,2797
sweep,2902
sweep,2718
sweep,3507
sweep,2910
sweep,2959
sweep,3391
sweep,2208
sweep,2455
sweep,3784
sweep,2304
sweep,3168
sweep,1921
sweep,3452
sweep,3822
sweep,4631
sweep,3786
sweep,3629
sweep,3088
sweep,2933
sweep,3096
sweep,3437
sweep,3465
sweep,2762
sweep,3353
sweep,2629
sweep,2708
sweep,3655
sweep,2925
sweep,2826
sweep,3126
sweep,3035
sweep,3380
sweep,2891
sweep,2545
sweep,2513
sweep,5823
sweep,8930
sweep,8335
sweep,8913
sweep,8407
sweep,6207
sweep,7608
sweep,4262
sweep,4621
sweep,4319
sweep,5618
sweep,5656
sweep,6423
sweep,244
mark,1043167
sweep,5085
sweep,3976
sweep,4068
sweep,4185
sweep,3846
sweep,4380
sweep,3695
sweep,3417
sweep,3113
sweep,3407
sweep,3554
sweep,3040
sweep,2895
sweep,3396
sweep,2733
sweep,2713
sweep,3403
sweep,2976
sweep,3121
sweep,3476
sweep,2380
sweep,2621
sweep,4013
sweep,2457
sweep,3529
sweep,2215
sweep,3360
sweep,3848
sweep,4055
sweep,3359
sweep,3312
sweep,3128
sweep,2869
sweep,3024
sweep,2807
sweep,3163
sweep,2997
sweep,3053
sweep,2487
sweep,2679
sweep,3820
sweep,3108
sweep,2656
sweep,3215
sweep,3033
sweep,3754
sweep,2842
sweep,2563
sweep,2491
sweep,3611
sweep,4470
sweep,4115
sweep,4161
sweep,5527
sweep,8446
sweep,6449
sweep,8859
sweep,8175
sweep,8342
sweep,7130
sweep,7612
sweep,7119
sweep,791
mark,1028118
sweep,5286
sweep,3884
sweep,4639
sweep,4293
sweep,3576
sweep,4031
sweep,3794
sweep,3045
sweep,3150
sweep,3135
sweep,3318
sweep,2814
sweep,2738
sweep,2720
sweep,2670
sweep,2687
sweep,3613
sweep,3108
sweep,3249
sweep,3734
sweep,2359
sweep,2774
sweep,3983
sweep,2389
sweep,3091
sweep,2088
sweep,3552
sweep,3729
sweep,4412
sweep,3981
sweep,3072
sweep,2874
sweep,2855
sweep,3053
sweep,2808
sweep,3240
sweep,2668
sweep,3111
sweep,2632
sweep,2839
sweep,3758
sweep,2724
sweep,2733
sweep,3027
sweep,2834
sweep,3411
sweep,2814
sweep,2510
sweep,2422
sweep,5594
sweep,9136
sweep,8938
sweep,8410
sweep,7713
sweep,6131
sweep,6904
sweep,4068
sweep,4545
sweep,4914
sweep,6297
sweep,5923
sweep,5826
sweep,212
mark,1035391
sweep,4977
sweep,3814
sweep,4464
sweep,4362
sweep,3521
sweep,4075
sweep,3668
sweep,3110
sweep,2989
sweep,3080
sweep,3440
sweep,2775
sweep,2886
sweep,3103
sweep,2877
sweep,2622
sweep,3419
sweep,2928
sweep,3084
sweep,3588
sweep,2299
sweep,2456
sweep,3744
sweep,2285
sweep,3116
sweep,2186
sweep,3530
sweep,3574
sweep,4496
sweep,3349
sweep,3143
sweep,3187
sweep,2987
sweep,3024
sweep,3151
sweep,3307
sweep,3087
sweep,3425
sweep,2726
sweep,3050
sweep,3630
sweep,2608
sweep,2948
sweep,3114
sweep,3097
sweep,3634
sweep,2837
sweep,2441
sweep,2708
sweep,3568
sweep,3851
sweep,3990
sweep,4126
sweep,5974
sweep,8235
sweep,6461
sweep,13933
sweep,16906
sweep,8538
sweep,7210
sweep,7213
sweep,7107
sweep,836
mark,1032406
sweep,4613
sweep,4055
sweep,4304
sweep,4373
sweep,3929
sweep,4046
sweep,3684
sweep,3413
sweep,3050
sweep,3298
sweep,3033
sweep,2693
sweep,2830
sweep,2779
sweep,2885
sweep,2726
sweep,3464
sweep,2850
sweep,3178
sweep,3366
sweep,2353
sweep,2633
sweep,3790
sweep,2337
sweep,3568
sweep,2189
sweep,3277
sweep,3972
sweep,4520
sweep,3507
sweep,3323
sweep,2874
sweep,2887
sweep,3076
sweep,2984
sweep,3407
sweep,2811
sweep,3018
sweep,2710
sweep,2682
sweep,3749
sweep,2834
sweep,2722
sweep,3157
sweep,3150
sweep,3315
sweep,2745
sweep,2458
sweep,2384
sweep,5477
sweep,9078
sweep,8448
sweep,8350
sweep,8101
sweep,6292
sweep,7487
sweep,4397
sweep,4288
sweep,5045
sweep,6343
sweep,5847
sweep,5772
sweep,283
mark,1027163
sweep,4862
sweep,4428
sweep,4390
sweep,4291
sweep,3775
sweep,4278
sweep,4016
sweep,3375
sweep,2723
sweep,3018
sweep,3138
sweep,2779
sweep,2867
sweep,2826
sweep,2576
sweep,2767
sweep,3431
sweep,2984
sweep,2997
sweep,3696
sweep,2326
sweep,2675
sweep,3692
sweep,2339
sweep,3128
sweep,1902
sweep,3415
sweep,4221
sweep,4281
sweep,3564
sweep,3137
sweep,3043
sweep,3213
sweep,3336
sweep,3019
sweep,3247
sweep,2774
sweep,3306
sweep,2709
sweep,3083
sweep,3858
sweep,2970
sweep,3139
sweep,3027
sweep,2913
sweep,3516
sweep,2810
sweep,2431
sweep,2597
sweep,3502
sweep,3910
sweep,4140
sweep,4244
sweep,5763
sweep,8410
sweep,6410
sweep,8675
sweep,8377
sweep,8806
sweep,8371
sweep,7567
sweep,7631
sweep,835
mark,1036029
sweep,4853
sweep,4315
sweep,4016
sweep,4074
sweep,3455
sweep,4023
sweep,3866
sweep,3192
sweep,2948
sweep,3316
sweep,3160
sweep,3209
sweep,3056
sweep,2937
sweep,2959
sweep,2775
sweep,3350
sweep,2898
sweep,2965
sweep,3467
sweep,2408
sweep,2364
sweep,3980
sweep,2574
sweep,3268
sweep,1899
sweep,3458
sweep,3669
sweep,4731
sweep,3780
sweep,3028
sweep,2957
sweep,2872
sweep,3329
sweep,2741
sweep,3145
sweep,2812
sweep,3206
sweep,2451
sweep,2621
sweep,3882
sweep,2816
sweep,2879
sweep,3089
sweep,2806
sweep,3734
sweep,2720
sweep,2708
sweep,2430
sweep,5720
sweep,8824
sweep,8542
sweep,8501
sweep,8030
sweep,5738
sweep,6841
sweep,3949
sweep,4569
sweep,4893
sweep,6176
sweep,5886
sweep,5931
sweep,240
mark,1042587
sweep,4899
sweep,4032
sweep,4186
sweep,4269
sweep,3594
sweep,4178
sweep,3524
sweep,3139
sweep,2802
sweep,3052
sweep,3158
sweep,3038
sweep,2777
sweep,3011
sweep,2556
sweep,2754
sweep,3514
sweep,3036
sweep,2958
sweep,3656
sweep,2442
sweep,2713
sweep,3700
sweep,2343
sweep,3296
sweep,1992
sweep,3436
sweep,3573
sweep,4129
sweep,3316
sweep,3411
sweep,3320
sweep,2861
sweep,2936
sweep,2780
sweep,3279
sweep,3146
sweep,3178
sweep,2699
sweep,2705
sweep,3801
sweep,2785
sweep,2764
sweep,2933
sweep,2837
sweep,3381
sweep,2597
sweep,2556
sweep,2496
sweep,3896
sweep,4103
sweep,3933
sweep,4243
sweep,5716
sweep,8087
sweep,5943
sweep,8356
sweep,8372
sweep,8578
sweep,7332
sweep,7125
sweep,7125
sweep,797
mark,1036772
sweep,4625
sweep,4032
sweep,4007
sweep,4096
sweep,3973
sweep,4227
sweep,3654
sweep,3399
sweep,3031
sweep,3513
sweep,3008
sweep,2732
sweep,2774
sweep,2828
sweep,2630
sweep,2842
sweep,3369
sweep,3234
sweep,3125
sweep,3486
sweep,2370
sweep,2443
sweep,4008
sweep,2291
sweep,3664
sweep,1904
sweep,3393
sweep,3897
sweep,4207
sweep,3773
sweep,3036
sweep,2905
sweep,2827
sweep,3195
sweep,2840
sweep,3339
sweep,2780
sweep,2967
sweep,2681
sweep,2642
sweep,3845
sweep,2885
sweep,2713
sweep,3139
sweep,2951
sweep,3410
sweep,2874
sweep,2839
sweep,2473
sweep,5802
sweep,8697
sweep,8454
sweep,8477
sweep,8263
sweep,6305
sweep,7501
sweep,4026
sweep,4347
sweep,4741
sweep,6223
sweep,5749
sweep,5825
sweep,230
mark,1030002
sweep,4606
sweep,4078
sweep,4360
sweep,4341
sweep,4003
sweep,3914
sweep,3578
sweep,3039
sweep,2726
sweep,3237
sweep,3108
sweep,3137
sweep,2688
sweep,2929
sweep,2519
sweep,2698
sweep,3545
sweep,3565
sweep,2944
sweep,3970
sweep,2304
sweep,2740
sweep,4006
sweep,2441
sweep,3115
sweep,1824
sweep,3452
sweep,3843
sweep,4531
sweep,3352
sweep,3210
sweep,3200
sweep,2893
sweep,2927
sweep,2887
sweep,3448
sweep,3082
sweep,2985
sweep,2765
sweep,2613
sweep,3765
sweep,2732
sweep,2782
sweep,2952
sweep,2814
sweep,3697
sweep,2918
sweep,2665
sweep,2488
sweep,3466
sweep,3911
sweep,4318
sweep,4435
sweep,6105
sweep,8206
sweep,6105
sweep,9073
sweep,8486
sweep,8567
sweep,7333
sweep,7409
sweep,7309
sweep,772
mark,1056468
sweep,5364
sweep,4140
sweep,3963
sweep,4224
sweep,3803
sweep,4255
sweep,3656
sweep,3454
sweep,3089
sweep,3502
sweep,3195
sweep,2725
sweep,2843
sweep,3291
sweep,2654
sweep,2743
sweep,3513
sweep,2891
sweep,3163
sweep,3478
sweep,2437
sweep,2475
sweep,3946
sweep,2414
sweep,3093
sweep,2020
sweep,3613
sweep,3860
sweep,4646
sweep,3471
sweep,3055
sweep,2920
sweep,2903
sweep,2969
sweep,2772
sweep,3071
sweep,3109
sweep,3541
sweep,2792
sweep,2664
sweep,3774
sweep,2652
sweep,2823
sweep,2873
sweep,2725
sweep,4046
sweep,2754
sweep,2526
sweep,2430
sweep,5521
sweep,9436
sweep,8564
sweep,8815
sweep,8277
sweep,6581
sweep,7557
sweep,4169
sweep,4276
sweep,5006
sweep,6177
sweep,5854
sweep,5913
sweep,224
mark,1055933
sweep,5005
sweep,4310
sweep,3869
sweep,4027
sweep,3773
sweep,4025
sweep,3609
sweep,3498
sweep,2863
sweep,3400
sweep,3360
sweep,2893
sweep,2817
sweep,2816
sweep,2540
sweep,2627
sweep,3222
sweep,2916
sweep,3023
sweep,3889
sweep,2544
sweep,2530
sweep,3945
sweep,2490
sweep,3071
sweep,1924
sweep,3341
sweep,3594
sweep,4431
sweep,3363
sweep,3565
sweep,3002
sweep,2810
sweep,2967
sweep,2799
sweep,3240
sweep,2688
sweep,3157
sweep,2837
sweep,2881
sweep,3725
sweep,2620
sweep,2961
sweep,3357
sweep,2726
sweep,3321
sweep,2985
sweep,2542
sweep,2661
sweep,3507
sweep,4058
sweep,3898
sweep,4121
sweep,6069
sweep,7613
sweep,6012
sweep,8954
sweep,8667
sweep,8418
sweep,8410
sweep,7560
sweep,7566
sweep,827
mark,1035417
sweep,4663
sweep,4247
sweep,3976
sweep,4104
sweep,3560
sweep,4092
sweep,3690
sweep,3098
sweep,2877
sweep,3444
sweep,3144
sweep,2753
sweep,2814
sweep,3065
sweep,2695
sweep,2932
sweep,3370
sweep,3121
sweep,3162
sweep,3528
sweep,2457
sweep,2621
sweep,3738
sweep,2321
sweep,3648
sweep,2350
sweep,3358
sweep,3671
sweep,4372
sweep,3662
sweep,3155
sweep,3025
sweep,2901
sweep,3040
sweep,2829
sweep,3530
sweep,2716
sweep,3260
sweep,2545
sweep,2830
sweep,3847
sweep,2824
sweep,3077
sweep,3436
sweep,3225
sweep,3435
sweep,2800
sweep,2741
sweep,2451
sweep,5525
sweep,9468
sweep,8450
sweep,8742
sweep,8132
sweep,5771
sweep,7315
sweep,4016
sweep,4450
sweep,4440
sweep,5627
sweep,5865
sweep,6375
sweep,224
mark,1033416
sweep,4656
sweep,3914
sweep,4375
sweep,4384
sweep,3631
sweep,4145
sweep,3626
sweep,3288
sweep,2795
sweep,3594
sweep,3160
sweep,2766
sweep,2692
sweep,2932
sweep,2492
sweep,2642
sweep,3541
sweep,3188
sweep,3097
sweep,3503
sweep,2373
sweep,2791
sweep,3691
sweep,2429
sweep,3081
sweep,2082
sweep,3303
sweep,3759
sweep,4271
sweep,3499
sweep,3114
sweep,3126
sweep,2885
sweep,3027
sweep,2786
sweep,3586
sweep,2908
sweep,3037
sweep,2567
sweep,2928
sweep,4077
sweep,2862
sweep,2819
sweep,2956
sweep,3040
sweep,3640
sweep,2862
sweep,2492
sweep,2742
sweep,3613
sweep,3909
sweep,4052
sweep,4228
sweep,5952
sweep,8125
sweep,5821
sweep,9399
sweep,8216
sweep,8380
sweep,7777
sweep,7304
sweep,7609
sweep,846
mark,1036256
sweep,5312
sweep,4115
sweep,3934
sweep,4191
sweep,3652
sweep,4118
sweep,3614
sweep,3103
sweep,3180
sweep,3503
sweep,3312
sweep,2858
sweep,2705
sweep,2802
sweep,2674
sweep,2872
sweep,3225
sweep,2936
sweep,3354
sweep,3661
sweep,2365
sweep,2427
sweep,3726
sweep,2500
sweep,3862
sweep,2036
sweep,3625
sweep,3902
sweep,4376
sweep,4016
sweep,3272
sweep,2993
sweep,3108
sweep,3176
sweep,2813
sweep,3315
sweep,2973
sweep,3100
sweep,2593
sweep,2756
sweep,3812
sweep,2680
sweep,2985
sweep,2852
sweep,2890
sweep,3415
sweep,2761
sweep,2722
sweep,2468
sweep,5323
sweep,8730
sweep,8619
sweep,8834
sweep,7548
sweep,6161
sweep,6952
sweep,3956
sweep,4337
sweep,4690
sweep,5724
sweep,5571
sweep,5814
sweep,223
mark,1030074
sweep,4686
sweep,3909
sweep,4155
sweep,4369
sweep,3914
sweep,3961
sweep,3514
sweep,3180
sweep,2871
sweep,3080
sweep,3330
sweep,2791
sweep,2715
sweep,2864
sweep,2548
sweep,2718
sweep,3567
sweep,2906
sweep,3067
sweep,3381
sweep,2377
sweep,2605
sweep,3995
sweep,2315
sweep,3122
sweep,2048
sweep,3455
sweep,3963
sweep,4253
sweep,3556
sweep,3220
sweep,3108
sweep,3207
sweep,3002
sweep,2900
sweep,3281
sweep,3009
sweep,2940
sweep,2997
sweep,3037
sweep,3894
sweep,2723
sweep,2575
sweep,2964
sweep,2786
sweep,3621
sweep,2747
sweep,2484
sweep,2689
sweep,3665
sweep,4115
sweep,3872
sweep,4194
sweep,5905
sweep,8916
sweep,6619
sweep,8845
sweep,8804
sweep,8268
sweep,8080
sweep,7190
sweep,7648
sweep,826
mark,1038587
sweep,4650
sweep,3975
sweep,4575
sweep,4052
sweep,3755
sweep,4298
sweep,3632
sweep,3431
sweep,2876
sweep,3247
sweep,2965
sweep,2772
sweep,2866
sweep,3114
sweep,2953
sweep,2952
sweep,3514
sweep,2878
sweep,2980
sweep,3374
sweep,2435
sweep,2641
sweep,3890
sweep,2372
sweep,3100
sweep,1865
sweep,3512
sweep,3687
sweep,4167
sweep,3583
sweep,3560
sweep,2972
sweep,2929
sweep,2905
sweep,2970
sweep,3280
sweep,2759
sweep,2992
sweep,2705
sweep,2806
sweep,3648
sweep,2718
sweep,3100
sweep,3513
sweep,2823
sweep,3790
sweep,2625
sweep,2696
sweep,2481
sweep,5683
sweep,8467
sweep,8895
sweep,8513
sweep,7730
sweep,5891
sweep,7095
sweep,4008
sweep,4246
sweep,5195
sweep,6182
sweep,5493
sweep,6823
sweep,218
mark,1027270
sweep,5250
sweep,3864
sweep,4489
sweep,4182
sweep,3895
sweep,4324
sweep,3504
sweep,3216
sweep,2779
sweep,3117
sweep,3028
sweep,3067
sweep,2769
sweep,2721
sweep,2662
sweep,2825
sweep,3204
sweep,2886
sweep,3251
sweep,3797
sweep,2336
sweep,2807
sweep,4065
sweep,2537
sweep,3078
sweep,1959
sweep,3439
sweep,3840
sweep,4369
sweep,3486
sweep,3254
sweep,3162
sweep,3002
sweep,3084
sweep,2765
sweep,3169
sweep,3001
sweep,3017
sweep,2749
sweep,2763
sweep,3720
sweep,2865
sweep,2737
sweep,3084
sweep,3117
sweep,3333
sweep,2916
sweep,2801
sweep,2713
sweep,3615
sweep,4149
sweep,4081
sweep,4182
sweep,6132
sweep,7639
sweep,6148
sweep,9033
sweep,8236
sweep,8448
sweep,8145
sweep,7451
sweep,7492
sweep,808
mark,1033534
sweep,4913
sweep,4206
sweep,4089
sweep,4171
sweep,3954
sweep,4139
sweep,3993
sweep,3324
sweep,3096
sweep,3123
sweep,3279
sweep,2840
sweep,2733
sweep,2826
sweep,2825
sweep,2631
sweep,3291
sweep,3590
sweep,3128
sweep,3507
sweep,2566
sweep,2616
sweep,3723
sweep,2634
sweep,3128
sweep,1885
sweep,3784
sweep,3707
sweep,4403
sweep,3669
sweep,2984
sweep,3119
sweep,2896
sweep,3129
sweep,2822
sweep,3420
sweep,2743
sweep,3301
sweep,2973
sweep,2961
sweep,3751
sweep,2652
sweep,2986
sweep,3213
sweep,2951
sweep,3394
sweep,2718
sweep,2520
sweep,2680
sweep,5368
sweep,8743
sweep,8685
sweep,8385
sweep,7819
sweep,5764
sweep,7429
sweep,4038
sweep,4448
sweep,4825
sweep,6152
sweep,5746
sweep,5797
sweep,228
mark,1026987
sweep,4794
sweep,3992
sweep,4230
sweep,4330
sweep,3616
sweep,4233
sweep,3536
sweep,3177
sweep,3101
sweep,3398
sweep,3027
sweep,3006
sweep,2954
sweep,2925
sweep,2951
sweep,2826
sweep,3420
sweep,2955
sweep,3154
sweep,3311
sweep,2423
sweep,2610
sweep,3736
sweep,2466
sweep,3611
sweep,2295
sweep,3386
sweep,3913
sweep,4233
sweep,3897
sweep,3242
sweep,3394
sweep,2875
sweep,3173
sweep,2964
sweep,3132
sweep,2766
sweep,3148
sweep,2513
sweep,3112
sweep,3889
sweep,2660
sweep,2923
sweep,2902
sweep,2852
sweep,3415
sweep,2767
sweep,2573
sweep,2516
sweep,3459
sweep,4088
sweep,3896
sweep,4449
sweep,5554
sweep,7969
sweep,6004
sweep,9247
sweep,8091
sweep,8715
sweep,7199
sweep,7440
sweep,7123
sweep,798
mark,1046880
sweep,4832
sweep,3942
sweep,4129
sweep,4044
sweep,3775
sweep,4418
sweep,3965
sweep,3228
sweep,2907
sweep,3204
sweep,3014
sweep,2944
sweep,2870
sweep,2970
sweep,2665
sweep,2736
sweep,3297
sweep,2998
sweep,2876
sweep,3407
sweep,2342
sweep,2533
sweep,3881
sweep,2331
sweep,3057
sweep,2185
sweep,3704
sweep,3689
sweep,4302
sweep,3374
sweep,3251
sweep,3118
sweep,2889
sweep,3183
sweep,2758
sweep,3334
sweep,2733
sweep,3291
sweep,2507
sweep,3000
sweep,3834
sweep,2718
sweep,2664
sweep,2923
sweep,2757
sweep,3630
sweep,2754
sweep,2536
sweep,2693
sweep,5496
sweep,8845
sweep,9256
sweep,8624
sweep,7820
sweep,5821
sweep,7304
sweep,4141
sweep,4371
sweep,4260
sweep,5831
sweep,6007
sweep,6232
sweep,248
mark,1027031
sweep,5076
sweep,3802
sweep,4460
sweep,3997
sweep,3506
sweep,4408
sweep,3536
sweep,3095
sweep,2872
sweep,2977
sweep,3128
sweep,2823
sweep,2968
sweep,2836
sweep,2776
sweep,2653
sweep,3163
sweep,2931
sweep,3109
sweep,3630
sweep,2775
sweep,2530
sweep,3905
sweep,2373
sweep,3227
sweep,1913
sweep,3306
sweep,3601
sweep,4521
sweep,3577
sweep,3112
sweep,3190
sweep,2895
sweep,3073
sweep,2819
sweep,3441
sweep,3067
sweep,3374
sweep,2475
sweep,2932
sweep,3767
sweep,2707
sweep,2855
sweep,2929
sweep,2861
sweep,3386
sweep,2815
sweep,2399
sweep,2699
sweep,3483
sweep,3976
sweep,4127
sweep,4133
sweep,6011
sweep,7513
sweep,5847
sweep,8707
sweep,8351
sweep,8673
sweep,8375
sweep,7392
sweep,7508
sweep,838
mark,1033736
sweep,4885
sweep,3874
sweep,3955
sweep,4157
sweep,3857
sweep,4413
sweep,3615
sweep,3210
sweep,2810
sweep,3272
sweep,2923
sweep,2744
sweep,2805
sweep,2979
sweep,2904
sweep,2639
sweep,3427
sweep,3157
sweep,2986
sweep,3428
sweep,2331
sweep,2644
sweep,3678
sweep,2310
sweep,3025
sweep,1941
sweep,3929
sweep,4147
sweep,4456
sweep,4020
sweep,3024
sweep,3436
sweep,3008
sweep,2913
sweep,2846
sweep,3161
sweep,2798
sweep,3315
sweep,2680
sweep,2667
sweep,3880
sweep,2829
sweep,2661
sweep,2914
sweep,2998
sweep,3685
sweep,2964
sweep,2648
sweep,2505
sweep,5368
sweep,9617
sweep,9291
sweep,9287
sweep,8837
sweep,5926
sweep,7833
sweep,4532
sweep,4495
sweep,4694
sweep,6535
sweep,6513
sweep,6544
sweep,218
mark,1068621
sweep,4901
sweep,4364
sweep,4163
sweep,4482
sweep,4032
sweep,4360
sweep,3644
sweep,3408
sweep,2903
sweep,3236
sweep,3088
sweep,3312
sweep,2610
sweep,2891
sweep,2736
sweep,2637
sweep,3561
sweep,2947
sweep,3008
sweep,3459
sweep,2363
sweep,2880
sweep,3822
sweep,2198
sweep,3050
sweep,1968
sweep,3294
sweep,3838
sweep,4794
sweep,3493
sweep,3174
sweep,3199
sweep,2970
sweep,3200
sweep,2723
sweep,3185
sweep,3036
sweep,3028
sweep,2458
sweep,2647
sweep,3766
sweep,2738
sweep,2698
sweep,2925
sweep,2855
sweep,3376
sweep,2620
sweep,2483
sweep,2558
sweep,3393
sweep,4209
sweep,4032
sweep,4085
sweep,5485
sweep,8663
sweep,6570
sweep,9290
sweep,8170
sweep,8868
sweep,7180
sweep,7562
sweep,7150
sweep,828
mark,1028823
sweep,4719
sweep,4011
sweep,4001
sweep,4341
sweep,3817
sweep,4122
sweep,3658
sweep,3216
sweep,2933
sweep,3407
sweep,3516
sweep,2676
sweep,2900
sweep,3056
sweep,2622
sweep,2730
sweep,3528
sweep,3123
sweep,3272
sweep,3428
sweep,2423
sweep,2565
sweep,3722
sweep,2885
sweep,3023
sweep,2178
sweep,3423
sweep,3888
sweep,4315
sweep,3325
sweep,3073
sweep,3209
sweep,2917
sweep,3218
sweep,2943
sweep,3187
sweep,2886
sweep,2948
sweep,2608
sweep,2687
sweep,3716
sweep,2738
sweep,2608
sweep,2847
sweep,2887
sweep,3485
sweep,2698
sweep,2489
sweep,2795
sweep,5375
sweep,8984
sweep,8459
sweep,8754
sweep,7862
sweep,6193
sweep,7612
sweep,4113
sweep,4428
sweep,4954
sweep,6284
sweep,5762
sweep,5786
sweep,231
mark,1026851
sweep,4809
sweep,4000
sweep,4335
sweep,4305
sweep,3812
sweep,4203
sweep,3639
sweep,3109
sweep,2900
sweep,2995
sweep,3269
sweep,2766
sweep,2727
sweep,2771
sweep,2606
sweep,2978
sweep,3228
sweep,3441
sweep,3237
sweep,3358
sweep,2323
sweep,2856
sweep,3808
sweep,2685
sweep,3101
sweep,1974
sweep,3460
sweep,3984
sweep,4501
sweep,3374
sweep,3061
sweep,3096
sweep,3401
sweep,3213
sweep,2906
sweep,3551
sweep,3095
sweep,3294
sweep,2794
sweep,3146
sweep,3784
sweep,2599
sweep,3197
sweep,3035
sweep,2900
sweep,3533
sweep,2686
sweep,2508
sweep,2425
sweep,3493
sweep,4347
sweep,3915
sweep,4182
sweep,6023
sweep,7707
sweep,6246
sweep,8504
sweep,8748
sweep,8558
sweep,8085
sweep,7373
sweep,7479
sweep,843
mark,1029262
sweep,4868
sweep,4039
sweep,3844
sweep,4238
sweep,3678
sweep,4276
sweep,3554
sweep,3192
sweep,3126
sweep,3392
sweep,3022
sweep,2955
sweep,3017
sweep,3512
sweep,2666
sweep,2697
sweep,3440
sweep,3078
sweep,3121
sweep,3411
sweep,2572
sweep,2634
sweep,4071
sweep,2402
sweep,3148
sweep,2156
sweep,3468
sweep,3610
sweep,4382
sweep,3294
sweep,2922
sweep,2976
sweep,2856
sweep,3168
sweep,2992
sweep,3114
sweep,2785
sweep,3088
sweep,2491
sweep,2980
sweep,3961
sweep,2604
sweep,2701
sweep,3357
sweep,2876
sweep,3612
sweep,2778
sweep,2510
sweep,2564
sweep,5645
sweep,8626
sweep,8568
sweep,8602
sweep,7667
sweep,6007
sweep,7564
sweep,4166
sweep,4668
sweep,4789
sweep,5743
sweep,6199
sweep,6037
sweep,218
mark,1029923
sweep,5140
sweep,4315
sweep,3943
sweep,4466
sweep,3737
sweep,4300
sweep,4085
sweep,3213
sweep,2844
sweep,3131
sweep,3128
sweep,2943
sweep,3057
sweep,2898
sweep,2517
sweep,2716
sweep,3211
sweep,3034
sweep,2938
sweep,3483
sweep,2321
sweep,2595
sweep,3847
sweep,2404
sweep,3726
sweep,2104
sweep,3326
sweep,3613
sweep,4397
sweep,3759
sweep,3124
sweep,3177
sweep,3470
sweep,3049
sweep,2886
sweep,3274
sweep,2824
sweep,3329
sweep,2501
sweep,2718
sweep,3867
sweep,2668
sweep,2675
sweep,3487
sweep,2880
sweep,4046
sweep,2919
sweep,2577
sweep,2536
sweep,3752
sweep,4349
sweep,4405
sweep,4153
sweep,6104
sweep,7604
sweep,5899
sweep,9053
sweep,8245
sweep,8484
sweep,7445
sweep,7354
sweep,7427
sweep,828
mark,1034464
sweep,4663
sweep,4245
sweep,3928
sweep,4295
sweep,3608
sweep,4621
sweep,3912
sweep,3178
sweep,2766
sweep,3369
sweep,3339
sweep,2707
sweep,2729
sweep,3166
sweep,2823
sweep,2927
sweep,3616
sweep,2980
sweep,3144
sweep,3600
sweep,2579
sweep,2505
sweep,3888
sweep,2329
sweep,3135
sweep,1929
sweep,3422
sweep,3729
sweep,4493
sweep,3936
sweep,3514
sweep,2916
sweep,2960
sweep,3100
sweep,2866
sweep,3312
sweep,3025
sweep,3192
sweep,2638
sweep,2560
sweep,3611
sweep,2914
sweep,2657
sweep,2834
sweep,3313
sweep,3641
sweep,2726
sweep,2450
sweep,2406
sweep,5452
sweep,8539
sweep,8848
sweep,9043
sweep,7952
sweep,5777
sweep,6896
sweep,4005
sweep,4440
sweep,4686
sweep,6207
sweep,5753
sweep,5748
sweep,255
mark,1029837
sweep,4921
sweep,4266
sweep,4590
sweep,4229
sweep,3841
sweep,4049
sweep,3666
sweep,3132
sweep,2990
sweep,3521
sweep,3357
sweep,3006
sweep,2730
sweep,2924
sweep,2607
sweep,2776
sweep,3183
sweep,3387
sweep,3195
sweep,3704
sweep,2316
sweep,2572
sweep,3670
sweep,2554
sweep,3085
sweep,1923
sweep,3653
sweep,3907
sweep,4101
sweep,3635
sweep,3318
sweep,3165
sweep,2945
sweep,3193
sweep,3020
sweep,3215
sweep,2805
sweep,3027
sweep,2649
sweep,2554
sweep,3807
sweep,3026
sweep,2911
sweep,3008
sweep,6342
sweep,3656
sweep,2725
sweep,2503
sweep,2743
sweep,3982
sweep,3839
sweep,4051
sweep,4467
sweep,5725
sweep,7665
sweep,6658
sweep,8331
sweep,8424
sweep,8621
sweep,7455
sweep,7057
sweep,6912
sweep,832
mark,1031021
sweep,4684
sweep,3944
sweep,4096
sweep,4067
sweep,3967
sweep,4226
sweep,3568
sweep,3155
sweep,3075
sweep,3263
sweep,3106
sweep,2746
sweep,2882
sweep,2770
sweep,2885
sweep,3100
sweep,3360
sweep,3286
sweep,3543
sweep,3517
sweep,2457
sweep,2443
sweep,3741
sweep,2494
sweep,3060
sweep,1939
sweep,3522
sweep,3941
sweep,4328
sweep,3404
sweep,3215
sweep,3015
sweep,2971
sweep,2995
sweep,2922
sweep,3297
sweep,2821
sweep,3027
sweep,2472
sweep,2684
sweep,3780
sweep,2634
sweep,2647
sweep,3120
sweep,2903
sweep,3402
sweep,2821
sweep,2781
sweep,2544
sweep,5723
sweep,9134
sweep,8756
sweep,8688
sweep,8263
sweep,6218
sweep,7400
sweep,4257
sweep,4444
sweep,4999
sweep,6275
sweep,5668
sweep,5765
sweep,227
mark,1024713
sweep,4888
sweep,4142
sweep,4403
sweep,3869
sweep,3598
sweep,4006
sweep,3446
sweep,3315
sweep,2752
sweep,2994
sweep,3188
sweep,3253
sweep,3072
sweep,2866
sweep,2645
sweep,2610
sweep,3482
sweep,2851
sweep,2949
sweep,3921
sweep,2499
sweep,2683
sweep,3954
sweep,2379
sweep,3072
sweep,1848
sweep,3299
sweep,3789
sweep,4106
sweep,3441
sweep,3153
sweep,3163
sweep,3359
sweep,3078
sweep,2798
sweep,3223
sweep,2975
sweep,3145
sweep,2562
sweep,2981
sweep,3640
sweep,2727
sweep,2762
sweep,3333
sweep,2860
sweep,3914
sweep,2971
sweep,2593
sweep,2456
sweep,3711
sweep,4291
sweep,4204
sweep,4275
sweep,6068
sweep,8573
sweep,6889
sweep,8864
sweep,8581
sweep,8761
sweep,7152
sweep,7215
sweep,7295
sweep,821
mark,1029979
sweep,4665
sweep,4072
sweep,4033
sweep,3983
sweep,3540
sweep,4307
sweep,3837
sweep,3140
sweep,2939
sweep,3356
sweep,3056
sweep,2767
sweep,3007
sweep,2977
sweep,2958
sweep,2754
sweep,3313
sweep,2897
sweep,3164
sweep,3184
sweep,2585
sweep,2406
sweep,3870
sweep,2467
sweep,3239
sweep,2102
sweep,3769
sweep,3603
sweep,4467
sweep,3861
sweep,3018
sweep,2913
sweep,3166
sweep,3199
sweep,2809
sweep,3113
sweep,2733
sweep,3148
sweep,2404
sweep,2911
sweep,3680
sweep,2740
sweep,3093
sweep,2925
sweep,2819
sweep,3704
sweep,2781
sweep,2546
sweep,2385
sweep,5486
sweep,9002
sweep,8839
sweep,8661
sweep,7672
sweep,5966
sweep,7058
sweep,3999
sweep,4548
sweep,4940
sweep,6267
sweep,5809
sweep,6697
sweep,236
mark,1033006
sweep,4824
sweep,4249
sweep,4136
sweep,4101
sweep,3794
sweep,4190
sweep,3591
sweep,3191
sweep,2931
sweep,3193
sweep,3165
sweep,2765
sweep,2943
sweep,2795
sweep,2575
sweep,2632
sweep,3199
sweep,3197
sweep,3119
sweep,3654
sweep,2536
sweep,2415
sweep,3775
sweep,2457
sweep,3113
sweep,1961
sweep,3592
sweep,3653
sweep,4364
sweep,3307
sweep,3131
sweep,2879
sweep,2878
sweep,3066
sweep,2703
sweep,3325
sweep,2745
sweep,2998
sweep,2554
sweep,2722
sweep,3691
sweep,2727
sweep,2822
sweep,3041
sweep,3098
sweep,3506
sweep,2911
sweep,2523
sweep,2470
sweep,3735
sweep,3997
sweep,4123
sweep,4106
sweep,6062
sweep,7851
sweep,6011
sweep,8504
sweep,8571
sweep,8385
sweep,8143
sweep,7301
sweep,7660
sweep,840
mark,1042875
sweep,4660
sweep,4347
sweep,3990
sweep,4253
sweep,3567
sweep,4228
sweep,3952
sweep,3159
sweep,2811
sweep,3296
sweep,3457
sweep,2702
sweep,2838
sweep,2815
sweep,2925
sweep,3104
sweep,3556
sweep,2972
sweep,3173
sweep,3374
sweep,2337
sweep,2324
sweep,3808
sweep,2472
sweep,3277
sweep,1970
sweep,3367
sweep,3653
sweep,4395
sweep,3570
sweep,3214
sweep,2992
sweep,3208
sweep,2959
sweep,2785
sweep,3323
sweep,2730
sweep,3129
sweep,2857
sweep,2705
sweep,3813
sweep,2679
sweep,2755
sweep,3046
sweep,2809
sweep,3674
sweep,2728
sweep,2494
sweep,2584
sweep,5556
sweep,9233
sweep,8761
sweep,8650
sweep,8005
sweep,6135
sweep,7427
sweep,4017
sweep,4229
sweep,4939
sweep,6403
sweep,5960
sweep,6707
sweep,227
mark,1035842
sweep,4395
sweep,3989
sweep,4098
sweep,4233
sweep,3945
sweep,4096
sweep,3476
sweep,3009
sweep,2747
sweep,3116
sweep,3415
sweep,3008
sweep,3000
sweep,2815
sweep,2716
sweep,2947
sweep,3757
sweep,2867
sweep,3016
sweep,3513
sweep,2277
sweep,2795
sweep,3960
sweep,2296
sweep,3181
sweep,2205
sweep,3282
sweep,4070
sweep,4027
sweep,3359
sweep,3525
sweep,3267
sweep,2966
sweep,3015
sweep,2877
sweep,3144
sweep,2807
sweep,3344
sweep,2682
sweep,2883
sweep,3723
sweep,2827
sweep,2862
sweep,2916
sweep,2721
sweep,3674
sweep,2798
sweep,2747
sweep,3160
sweep,3408
sweep,4186
sweep,3997
sweep,4094
sweep,5429
sweep,7854
sweep,5880
sweep,8929
sweep,8261
sweep,8307
sweep,7027
sweep,7115
sweep,7338
sweep,835
mark,1035323
sweep,5085
sweep,4127
sweep,4009
sweep,4148
sweep,3900
sweep,4293
sweep,3783
sweep,3240
sweep,2914
sweep,3249
sweep,3014
sweep,2794
sweep,2867
sweep,2952
sweep,2776
sweep,2704
sweep,3251
sweep,3251
sweep,3007
sweep,3479
sweep,2413
sweep,2611
sweep,3724
sweep,2342
sweep,3071
sweep,1964
sweep,3778
sweep,3636
sweep,4579
sweep,3902
sweep,3141
sweep,3190
sweep,3346
sweep,3163
sweep,2815
sweep,3096
sweep,2963
sweep,3231
sweep,2600
sweep,2677
sweep,3797
sweep,2793
sweep,3019
sweep,3402
sweep,2868
sweep,3605
sweep,2683
sweep,2476
sweep,2692
sweep,5515
sweep,8786
sweep,8509
sweep,8975
sweep,8249
sweep,6021
sweep,6962
sweep,4220
sweep,4332
sweep,5065
sweep,6122
sweep,6055
sweep,6088
sweep,222
mark,1026805
sweep,5047
sweep,3983
sweep,4040
sweep,4099
sweep,3639
sweep,4014
sweep,3811
sweep,3602
sweep,2995
sweep,3132
sweep,3170
sweep,3394
sweep,2877
sweep,2948
sweep,2533
sweep,2706
sweep,3566
sweep,2989
sweep,3192
sweep,3524
sweep,2550
sweep,2616
sweep,3772
sweep,2358
sweep,3408
sweep,2028
sweep,3414
sweep,3843
sweep,4281
sweep,3411
sweep,3304
sweep,3036
sweep,2977
sweep,3120
sweep,2875
sweep,3186
sweep,2901
sweep,3092
sweep,2576
sweep,2856
sweep,3694
sweep,2669
sweep,2677
sweep,3033
sweep,3035
sweep,3646
sweep,2769
sweep,2645
sweep,2521
sweep,3724
sweep,3839
sweep,4226
sweep,4011
sweep,6044
sweep,7872
sweep,6384
sweep,8669
sweep,8518
sweep,8589
sweep,8230
sweep,7421
sweep,7722
sweep,824
mark,1028992
sweep,4839
sweep,3839
sweep,4076
sweep,4150
sweep,3764
sweep,4358
sweep,3759
sweep,3186
sweep,3126
sweep,3350
sweep,2979
sweep,2973
sweep,2636
sweep,2981
sweep,2652
sweep,2706
sweep,3376
sweep,2975
sweep,3287
sweep,3540
sweep,2616
sweep,2487
sweep,3926
sweep,2631
sweep,3372
sweep,2146
sweep,3534
sweep,3562
sweep,4864
sweep,3365
sweep,3608
sweep,3021
sweep,2767
sweep,3070
sweep,2992
sweep,3297
sweep,2715
sweep,3107
sweep,2646
sweep,3237
sweep,3761
sweep,2659
sweep,2643
sweep,3019
sweep,2807
sweep,3424
sweep,3067
sweep,2468
sweep,2382
sweep,5563
sweep,9167
sweep,8599
sweep,8555
sweep,7966
sweep,6185
sweep,7235
sweep,4167
sweep,4459
sweep,4227
sweep,5780
sweep,5597
sweep,6115
sweep,238
mark,1049835
sweep,4645
sweep,3864
sweep,4485
sweep,4147
sweep,3766
sweep,4204
sweep,4050
sweep,2961
sweep,3058
sweep,3155
sweep,3047
sweep,2728
sweep,2777
sweep,3257
sweep,2832
sweep,2850
sweep,3196
sweep,3292
sweep,3498
sweep,3744
sweep,2396
sweep,2437
sweep,3781
sweep,2336
sweep,3214
sweep,1979
sweep,3316
sweep,3854
sweep,4382
sweep,3296
sweep,3217
sweep,3225
sweep,2904
sweep,3173
sweep,2736
sweep,3456
sweep,2962
sweep,3028
sweep,2729
sweep,2726
sweep,3671
sweep,2774
sweep,2710
sweep,3318
sweep,3237
sweep,3551
sweep,2679
sweep,2532
sweep,2476
sweep,3700
sweep,4142
sweep,4069
sweep,4088
sweep,5619
sweep,8376
sweep,6516
sweep,8817
sweep,8221
sweep,8677
sweep,8282
sweep,7496
sweep,7563
sweep,859
mark,1029537
sweep,4746
sweep,3969
sweep,4614
sweep,4082
sweep,3674
sweep,4313
sweep,3739
sweep,3212
sweep,3150
sweep,3512
sweep,2993
sweep,2916
sweep,2713
sweep,2821
sweep,2628
sweep,3004
sweep,3653
sweep,2991
sweep,2969
sweep,3445
sweep,2612
sweep,2693
sweep,3790
sweep,2474
sweep,3183
sweep,2102
sweep,3793
sweep,3984
sweep,4308
sweep,3331
sweep,3243
sweep,11614
sweep,3223
sweep,3257
sweep,2807
sweep,3093
sweep,2701
sweep,3017
sweep,2504
sweep,2901
sweep,3685
sweep,2878
sweep,2748
sweep,3061
sweep,2802
sweep,3734
sweep,2648
sweep,2729
sweep,2507
sweep,5859
sweep,9109
sweep,8660
sweep,8697
sweep,7788
sweep,6537
sweep,7287
sweep,3959
sweep,4247
sweep,4584
sweep,6200
sweep,5558
sweep,5865
sweep,222
mark,1069038
sweep,4838
sweep,3686
sweep,3879
sweep,4184
sweep,3790
sweep,4130
sweep,3495
sweep,3077
sweep,2775
sweep,3120
sweep,3256
sweep,3005
sweep,2804
sweep,3026
sweep,2894
sweep,2974
sweep,3485
sweep,3138
sweep,3178
sweep,3753
sweep,2309
sweep,2511
sweep,3767
sweep,2533
sweep,3076
sweep,1880
sweep,3307
sweep,3969
sweep,4358
sweep,3554
sweep,3372
sweep,3031
sweep,2914
sweep,3121
sweep,3149
sweep,3214
sweep,2971
sweep,3200
sweep,2591
sweep,3230
sweep,3812
sweep,2750
sweep,2749
sweep,3202
sweep,3077
sweep,3410
sweep,2782
sweep,2684
sweep,2560
sweep,3519
sweep,4036
sweep,4135
sweep,4150
sweep,6009
sweep,7700
sweep,5771
sweep,9335
sweep,8286
sweep,8261
sweep,7751
sweep,7366
sweep,7682
sweep,832
mark,1035738
sweep,5248
sweep,4159
sweep,3928
sweep,3942
sweep,3555
sweep,4383
sweep,3655
sweep,3248
sweep,3078
sweep,3304
sweep,2882
sweep,3021
sweep,2831
sweep,2962
sweep,2651
sweep,2769
sweep,3547
sweep,3209
sweep,2925
sweep,3665
sweep,2356
sweep,2410
sweep,3736
sweep,2279
sweep,3145
sweep,2610
sweep,3216
sweep,3974
sweep,4727
sweep,3492
sweep,3098
sweep,2907
sweep,2964
sweep,3200
sweep,3039
sweep,3134
sweep,2698
sweep,3315
sweep,2614
sweep,2740
sweep,3796
sweep,2562
sweep,2613
sweep,3067
sweep,2826
sweep,3730
sweep,2829
sweep,2723
sweep,2802
sweep,5404
sweep,8907
sweep,8569
sweep,8345
sweep,7662
sweep,5620
sweep,6880
sweep,3957
sweep,4374
sweep,4801
sweep,6258
sweep,5740
sweep,5880
sweep,217
mark,1021641
sweep,4526
sweep,3923
sweep,4534
sweep,4259
sweep,3676
sweep,4367
sweep,3653
sweep,3106
sweep,3034
sweep,3246
sweep,3098
sweep,3090
sweep,2749
sweep,2951
sweep,2723
sweep,2726
sweep,3223
sweep,3356
sweep,3459
sweep,3361
sweep,2606
sweep,2580
sweep,4019
sweep,2391
sweep,3343
sweep,2075
sweep,3331
sweep,3670
sweep,4669
sweep,3628
sweep,3104
sweep,3130
sweep,3025
sweep,3198
sweep,3122
sweep,3329
sweep,2836
sweep,3020
sweep,2664
sweep,2914
sweep,3687
sweep,2934
sweep,2626
sweep,3103
sweep,3093
sweep,3623
sweep,2995
sweep,2815
sweep,2482
sweep,3835
sweep,4006
sweep,4254
sweep,4396
sweep,6018
sweep,7866
sweep,6072
sweep,8503
sweep,8336
sweep,8422
sweep,7492
sweep,7072
sweep,7082
sweep,840
mark,1030614
sweep,4741
sweep,3881
sweep,3954
sweep,4133
sweep,3991
sweep,4225
sweep,3986
sweep,3075
sweep,2939
sweep,3493
sweep,3089
sweep,3124
sweep,2726
sweep,2848
sweep,2571
sweep,2758
sweep,3626
sweep,3066
sweep,3033
sweep,3479
sweep,2441
sweep,2482
sweep,3971
sweep,2509
sweep,3582
sweep,1870
sweep,3710
sweep,3761
sweep,4577
sweep,3267
sweep,3122
sweep,2897
sweep,2874
sweep,3186
sweep,2819
sweep,3210
sweep,2721
sweep,3341
sweep,2681
sweep,2712
sweep,3648
sweep,2547
sweep,2742
sweep,3101
sweep,2921
sweep,3899
sweep,2726
sweep,2639
sweep,2507
sweep,5459
sweep,9082
sweep,8503
sweep,8673
sweep,7759
sweep,6334
sweep,6925
sweep,4162
sweep,4317
sweep,5082
sweep,6190
sweep,6090
sweep,6285
sweep,235
mark,1032431
sweep,4902
sweep,4289
sweep,4315
sweep,4217
sweep,3708
sweep,4172
sweep,3538
sweep,3152
sweep,2915
sweep,3269
sweep,3088
sweep,2711
sweep,2800
sweep,2732
sweep,2893
sweep,2999
sweep,3204
sweep,2955
sweep,3041
sweep,3400
sweep,2395
sweep,2533
sweep,4045
sweep,2515
sweep,3650
sweep,1996
sweep,3524
sweep,3587
sweep,4603
sweep,3261
sweep,3372
sweep,3299
sweep,2888
sweep,3039
sweep,2786
sweep,3778
sweep,3077
sweep,3033
sweep,2506
sweep,2810
sweep,3805
sweep,2910
sweep,2849
sweep,3099
sweep,2840
sweep,3447
sweep,2744
sweep,2505
sweep,2419
sweep,3828
sweep,3930
sweep,4037
sweep,4090
sweep,5943
sweep,7783
sweep,6415
sweep,8578
sweep,8396
sweep,8654
sweep,8305
sweep,7338
sweep,7653
sweep,872
mark,1035566
sweep,4475
sweep,4231
sweep,3948
sweep,3937
sweep,3922
sweep,4192
sweep,3774
sweep,3144
sweep,2823
sweep,3595
sweep,3058
sweep,2797
sweep,2798
sweep,2778
sweep,2819
sweep,2801
sweep,3502
sweep,3058
sweep,2957
sweep,3584
sweep,2787
sweep,2509
sweep,3900
sweep,2467
sweep,3114
sweep,1903
sweep,3403
sweep,4007
sweep,4527
sweep,3668
sweep,2995
sweep,3506
sweep,3179
sweep,3220
sweep,2798
sweep,3184
sweep,2825
sweep,3218
sweep,2482
sweep,2780
sweep,3998
sweep,2954
sweep,2964
sweep,3192
sweep,3109
sweep,3695
sweep,2798
sweep,2905
sweep,2797
sweep,5592
sweep,8952
sweep,8368
sweep,8515
sweep,7977
sweep,6546
sweep,7373
sweep,3950
sweep,5087
sweep,4712
sweep,6045
sweep,5533
sweep,5855
sweep,220
mark,1023134
sweep,4922
sweep,4116
sweep,4125
sweep,4078
sweep,3537
sweep,4483
sweep,3601
sweep,3363
sweep,2958
sweep,3357
sweep,3118
sweep,2802
sweep,2657
sweep,2955
sweep,2744
sweep,2666
sweep,3215
sweep,3334
sweep,3126
sweep,3538
sweep,2426
sweep,2611
sweep,3727
sweep,2344
sweep,3349
sweep,1994
sweep,3429
sweep,3806
sweep,4053
sweep,3603
sweep,3120
sweep,3072
sweep,2846
sweep,3041
sweep,2783
sweep,3308
sweep,2782
sweep,3043
sweep,2465
sweep,2719
sweep,3758
sweep,2739
sweep,2904
sweep,3135
sweep,2973
sweep,3568
sweep,3028
sweep,2648
sweep,2921
sweep,3585
sweep,3872
sweep,4198
sweep,4193
sweep,5725
sweep,8044
sweep,6335
sweep,8478
sweep,8150
sweep,8660
sweep,7236
sweep,7628
sweep,7369
sweep,833
mark,1030957
sweep,5010
sweep,4079
sweep,4000
sweep,4153
sweep,3843
sweep,4290
sweep,3708
sweep,3117
sweep,2977
sweep,3290
sweep,3001
sweep,2746
sweep,2623
sweep,3042
sweep,2617
sweep,2728
sweep,3273
sweep,3021
sweep,2979
sweep,3468
sweep,2357
sweep,2740
sweep,3762
sweep,2453
sweep,3167
sweep,2062
sweep,3452
sweep,3733
sweep,4179
sweep,3397
sweep,3044
sweep,3358
sweep,3446
sweep,3338
sweep,3140
sweep,3071
sweep,3136
sweep,3255
sweep,2525
sweep,2643
sweep,3947
sweep,2589
sweep,2700
sweep,2876
sweep,3226
sweep,3634
sweep,2844
sweep,2891
sweep,2644
sweep,5221
sweep,13633
sweep,8464
sweep,8392
sweep,8165
sweep,6752
sweep,7191
sweep,3966
sweep,4240
sweep,5088
sweep,6340
sweep,5641
sweep,6010
sweep,219
mark,1026976
sweep,4615
sweep,3891
sweep,3980
sweep,4200
sweep,3554
sweep,4225
sweep,3666
sweep,3102
sweep,3039
sweep,3449
sweep,3166
sweep,2726
sweep,2628
sweep,2733
sweep,2495
sweep,2808
sweep,3594
sweep,3118
sweep,3263
sweep,3236
sweep,2537
sweep,2865
sweep,3924
sweep,2457
sweep,3141
sweep,1902
sweep,3325
sweep,3574
sweep,4321
sweep,3795
sweep,3074
sweep,3444
sweep,2876
sweep,3029
sweep,2801
sweep,3327
sweep,2892
sweep,3058
sweep,2853
sweep,2652
sweep,3829
sweep,2885
sweep,2720
sweep,2945
sweep,2854
sweep,3686
sweep,3023
sweep,2504
sweep,2474
sweep,3625
sweep,3970
sweep,3991
sweep,4375
sweep,5711
sweep,7652
sweep,6394
sweep,8446
sweep,8470
sweep,8338
sweep,7097
sweep,7355
sweep,7016
sweep,830
mark,1028991
sweep,4986
sweep,4110
sweep,4046
sweep,4450
sweep,3582
sweep,4123
sweep,3660
sweep,3228
sweep,2890
sweep,3348
sweep,3000
sweep,2716
sweep,3000
sweep,2936
sweep,2851
sweep,2686
sweep,3323
sweep,3122
sweep,3176
sweep,3407
sweep,2351
sweep,2621
sweep,3656
sweep,2659
sweep,3098
sweep,1989
sweep,3465
sweep,3962
sweep,4624
sweep,3427
sweep,3103
sweep,3057
sweep,3385
sweep,3171
sweep,2816
sweep,3135
sweep,2810
sweep,3010
sweep,2501
sweep,2599
sweep,3771
sweep,2642
sweep,2833
sweep,3128
sweep,2972
sweep,3517
sweep,2922
sweep,2427
sweep,2456
sweep,5610
sweep,8978
sweep,8799
sweep,8640
sweep,8216
sweep,5802
sweep,6966
sweep,3997
sweep,4749
sweep,5018
sweep,6166
sweep,5860
sweep,5852
sweep,240
mark,1026624
sweep,5175
sweep,4510
sweep,3907
sweep,3968
sweep,3572
sweep,4079
sweep,3615
sweep,3032
sweep,2761
sweep,3253
sweep,2992
sweep,2939
sweep,2609
sweep,2735
sweep,2588
sweep,2716
sweep,3472
sweep,3300
sweep,3255
sweep,3708
sweep,2412
sweep,3066
sweep,3755
sweep,2647
sweep,3186
sweep,2226
sweep,3760
sweep,3743
sweep,4301
sweep,3644
sweep,3357
sweep,3190
sweep,3451
sweep,3042
sweep,2808
sweep,3220
sweep,3042
sweep,2974
sweep,2583
sweep,2917
sweep,3756
sweep,2902
sweep,2709
sweep,3072
sweep,2930
sweep,3597
sweep,2737
sweep,2518
sweep,2455
sweep,3526
sweep,4388
sweep,4008
sweep,4431
sweep,5608
sweep,7696
sweep,5914
sweep,8589
sweep,9083
sweep,8403
sweep,7511
sweep,7172
sweep,7495
sweep,886
mark,1034188
sweep,4654
sweep,3928
sweep,4374
sweep,4257
sweep,3548
sweep,4131
sweep,3688
sweep,3460
sweep,2929
sweep,3267
sweep,3020
sweep,2957
sweep,2700
sweep,3161
sweep,2535
sweep,2790
sweep,3320
sweep,2864
sweep,3302
sweep,3374
sweep,2350
sweep,2534
sweep,4015
sweep,2792
sweep,3098
sweep,1916
sweep,3307
sweep,3669
sweep,4647
sweep,3320
sweep,3294
sweep,3174
sweep,2905
sweep,3034
sweep,2808
sweep,3346
sweep,2921
sweep,3023
sweep,2422
sweep,2612
sweep,3749
sweep,2718
sweep,2894
sweep,2961
sweep,2866
sweep,3481
sweep,2918
sweep,2496
sweep,2509
sweep,5954
sweep,8422
sweep,8860
sweep,8931
sweep,8454
sweep,5759
sweep,6766
sweep,3924
sweep,4818
sweep,4961
sweep,5828
sweep,5604
sweep,5990
sweep,223
mark,1022317
sweep,4898
sweep,4357
sweep,4074
sweep,4051
sweep,3984
sweep,4034
sweep,3627
sweep,3230
sweep,2796
sweep,3094
sweep,3084
sweep,2818
sweep,2876
sweep,2924
sweep,2940
sweep,2635
sweep,3471
sweep,3003
sweep,3025
sweep,3503
sweep,2345
sweep,2699
sweep,3873
sweep,2509
sweep,3361
sweep,2047
sweep,3371
sweep,3702
sweep,4564
sweep,3418
sweep,3351
sweep,3027
sweep,3024
sweep,3337
sweep,2791
sweep,3160
sweep,2773
sweep,3057
sweep,2539
sweep,2625
sweep,3629
sweep,2728
sweep,2733
sweep,3187
sweep,3339
sweep,3400
sweep,2784
sweep,2665
sweep,2785
sweep,3747
sweep,3938
sweep,4060
sweep,4237
sweep,5843
sweep,8193
sweep,6610
sweep,9187
sweep,8336
sweep,9133
sweep,7451
sweep,7670
sweep,6945
sweep,839
mark,1029833
sweep,4603
sweep,4080
sweep,3973
sweep,4029
sweep,3946
sweep,4349
sweep,3980
sweep,3086
sweep,2873
sweep,3423
sweep,3277
sweep,2818
sweep,2714
sweep,3083
sweep,2765
sweep,3051
sweep,3280
sweep,2849
sweep,3235
sweep,3271
sweep,2512
sweep,2418
sweep,4009
sweep,2438
sweep,3148
sweep,1965
sweep,3612
sweep,3627
sweep,4641
sweep,3593
sweep,3119
sweep,2947
sweep,3132
sweep,3458
sweep,2728
sweep,3077
sweep,3151
sweep,3264
sweep,2687
sweep,3032
sweep,3855
sweep,2842
sweep,3139
sweep,3440
sweep,3064
sweep,3676
sweep,2976
sweep,2504
sweep,2428
sweep,5599
sweep,9104
sweep,9075
sweep,8523
sweep,7906
sweep,6218
sweep,7167
sweep,4032
sweep,4237
sweep,4898
sweep,6314
sweep,5935
sweep,5988
sweep,225
mark,1028196
sweep,5070
sweep,3962
sweep,4474
sweep,4747
sweep,3528
sweep,4166
sweep,3591
sweep,3262
sweep,2845
sweep,3111
sweep,3223
sweep,3015
sweep,2764
sweep,2847
sweep,2968
sweep,2746
sweep,3239
sweep,2888
sweep,3081
sweep,3494
sweep,2334
sweep,2532
sweep,4035
sweep,2597
sweep,3107
sweep,1916
sweep,3327
sweep,3949
sweep,4550
sweep,3472
sweep,3070
sweep,3269
sweep,2878
sweep,3196
sweep,3017
sweep,3527
sweep,2732
sweep,3021
sweep,2551
sweep,2822
sweep,3685
sweep,2968
sweep,2703
sweep,3096
sweep,2993
sweep,3427
sweep,2779
sweep,3071
sweep,2429
sweep,3614
sweep,3896
sweep,4025
sweep,4145
sweep,6177
sweep,7792
sweep,6220
sweep,8754
sweep,8567
sweep,8729
sweep,8091
sweep,7337
sweep,7608
sweep,826
mark,1037517
sweep,4777
sweep,4016
sweep,4555
sweep,4156
sweep,3602
sweep,4164
sweep,3900
sweep,3183
sweep,2882
sweep,3280
sweep,3060
sweep,2766
sweep,2927
sweep,2782
sweep,2665
sweep,2709
sweep,3224
sweep,2990
sweep,3149
sweep,3258
sweep,2560
sweep,2501
sweep,4093
sweep,2357
sweep,3586
sweep,2108
sweep,3769
sweep,3761
sweep,4184
sweep,3531
sweep,2938
sweep,2954
sweep,3008
sweep,3304
sweep,2827
sweep,3190
sweep,2826
sweep,3340
sweep,2533
sweep,2909
sweep,3860
sweep,2606
sweep,2877
sweep,2871
sweep,2884
sweep,3611
sweep,2718
sweep,2550
sweep,2437
sweep,5843
sweep,8891
sweep,8539
sweep,8575
sweep,7874
sweep,6128
sweep,6718
sweep,3909
sweep,4201
sweep,4974
sweep,6250
sweep,5650
sweep,5821
sweep,225
mark,1045020
sweep,5067
sweep,4143
sweep,3972
sweep,4494
sweep,3588
sweep,4070
sweep,3594
sweep,3204
sweep,2836
sweep,3614
sweep,3040
sweep,2854
sweep,2820
sweep,2991
sweep,2706
sweep,2894
sweep,3287
sweep,2933
sweep,2826
sweep,3716
sweep,2302
sweep,2462
sweep,3836
sweep,2434
sweep,3032
sweep,1852
sweep,3583
sweep,3654
sweep,4188
sweep,3315
sweep,3379
sweep,3005
sweep,2887
sweep,3127
sweep,2889
sweep,3204
sweep,2715
sweep,3178
sweep,2740
sweep,2575
sweep,3779
sweep,2614
sweep,2950
sweep,3254
sweep,2817
sweep,3486
sweep,2780
sweep,2450
sweep,2635
sweep,3339
sweep,3950
sweep,4177
sweep,4178
sweep,6170
sweep,8030
sweep,6146
sweep,8366
sweep,8325
sweep,8409
sweep,7178
sweep,7103
sweep,7221
sweep,795
mark,1035269
sweep,5020
sweep,4261
sweep,3977
sweep,3871
sweep,3875
sweep,4223
sweep,3588
sweep,3130
sweep,2851
sweep,3465
sweep,3117
sweep,2885
sweep,3144
sweep,2923
sweep,2595
sweep,2744
sweep,3433
sweep,3327
sweep,3228
sweep,3414
sweep,2419
sweep,2593
sweep,3747
sweep,2446
sweep,3268
sweep,1922
sweep,3695
sweep,3998
sweep,4732
sweep,3661
sweep,3124
sweep,3255
sweep,2919
sweep,3280
sweep,3061
sweep,3435
sweep,2768
sweep,2985
sweep,2516
sweep,2660
sweep,3855
sweep,2766
sweep,3021
sweep,2937
sweep,2831
sweep,3341
sweep,2887
sweep,2508
sweep,2436
sweep,5912
sweep,8770
sweep,8481
sweep,8658
sweep,8135
sweep,6237
sweep,7433
sweep,4033
sweep,4384
sweep,4928
sweep,6344
sweep,5994
sweep,6010
sweep,234
mark,1036974
sweep,4641
sweep,3836
sweep,3937
sweep,4482
sweep,3478
sweep,3994
sweep,3519
sweep,3154
sweep,3063
sweep,3457
sweep,3031
sweep,2937
sweep,2743
sweep,2933
sweep,2590
sweep,2823
sweep,3367
sweep,3174
sweep,3308
sweep,3520
sweep,2307
sweep,2667
sweep,4290
sweep,2445
sweep,3028
sweep,2199
sweep,3376
sweep,3994
sweep,4234
sweep,3367
sweep,3133
sweep,3280
sweep,2980
sweep,3134
sweep,3172
sweep,3412
sweep,2756
sweep,3013
sweep,2840
sweep,2636
sweep,3665
sweep,2703
sweep,2656
sweep,3007
sweep,2782
sweep,3768
sweep,3339
sweep,2972
sweep,2444
sweep,3398
sweep,3992
sweep,3938
sweep,4111
sweep,6030
sweep,7432
sweep,6384
sweep,8548
sweep,8401
sweep,8831
sweep,8203
sweep,7504
sweep,7618
sweep,831
mark,1034395
sweep,5268
sweep,4180
sweep,3958
sweep,4167
sweep,3653
sweep,4352
sweep,3641
sweep,3490
sweep,3111
sweep,3392
sweep,3345
sweep,2821
sweep,3042
sweep,3079
sweep,2853
sweep,2736
sweep,3246
sweep,3160
sweep,3053
sweep,3616
sweep,2636
sweep,2625
sweep,3786
sweep,2368
sweep,4079
sweep,1911
sweep,3549
sweep,3645
sweep,4427
sweep,3592
sweep,3129
sweep,3080
sweep,2873
sweep,3294
sweep,2823
sweep,3152
sweep,2697
sweep,2993
sweep,2624
sweep,2622
sweep,3803
sweep,2644
sweep,2630
sweep,2967
sweep,2918
sweep,3820
sweep,3121
sweep,2748
sweep,2553
sweep,5641
sweep,8942
sweep,9000
sweep,8565
sweep,8034
sweep,6069
sweep,6731
sweep,4076
sweep,4289
sweep,5062
sweep,6364
sweep,5803
sweep,5864
sweep,227
mark,1028850
sweep,5046
sweep,4097
sweep,4255
sweep,4409
sweep,3518
sweep,4027
sweep,3797
sweep,3381
sweep,2820
sweep,3269
sweep,3089
sweep,2823
sweep,2624
sweep,2708
sweep,2584
sweep,2951
sweep,3300
sweep,3135
sweep,3057
sweep,3354
sweep,2365
sweep,2649
sweep,4066
sweep,2463
sweep,3180
sweep,2078
sweep,3509
sweep,3938
sweep,4473
sweep,3807
sweep,3100
sweep,3508
sweep,2855
sweep,3039
sweep,2832
sweep,3377
sweep,2758
sweep,3163
sweep,2916
sweep,3090
sweep,3700
sweep,2632
sweep,2676
sweep,2927
sweep,2870
sweep,3632
sweep,2650
sweep,2408
sweep,2437
sweep,3741
sweep,3880
sweep,3873
sweep,4139
sweep,5478
sweep,7985
sweep,6557
sweep,8758
sweep,8476
sweep,8751
sweep,8215
sweep,7407
sweep,7568
sweep,829
mark,1031018
sweep,4555
sweep,3798
sweep,4276
sweep,3846
sweep,3696
sweep,4139
sweep,3895
sweep,3109
sweep,2832
sweep,3515
sweep,2948
sweep,2775
sweep,2670
sweep,3417
sweep,2524
sweep,2639
sweep,3320
sweep,3285
sweep,2987
sweep,3503
sweep,2332
sweep,2463
sweep,3979
sweep,2320
sweep,3106
sweep,2018
sweep,3382
sweep,3835
sweep,4642
sweep,3898
sweep,3125
sweep,3119
sweep,2897
sweep,3040
sweep,2887
sweep,3129
sweep,2953
sweep,3060
sweep,2676
sweep,2627
sweep,3797
sweep,2680
sweep,3083
sweep,2894
sweep,2771
sweep,4028
sweep,2785
sweep,2433
sweep,2727
sweep,5353
sweep,9286
sweep,8910
sweep,8669
sweep,8220
sweep,5641
sweep,6922
sweep,4020
sweep,4483
sweep,4549
sweep,6149
sweep,5742
sweep,5877
sweep,224
mark,1026519
sweep,5093
sweep,4217
sweep,3808
sweep,4257
sweep,3675
sweep,4118
sweep,3583
sweep,3312
sweep,2870
sweep,3403
sweep,3132
sweep,3035
sweep,2560
sweep,2798
sweep,2637
sweep,2847
sweep,3363
sweep,3264
sweep,3201
sweep,3414
sweep,2614
sweep,2699
sweep,3819
sweep,2424
sweep,3252
sweep,1878
sweep,3655
sweep,3756
sweep,4448
sweep,3940
sweep,3593
sweep,3024
sweep,2963
sweep,3271
sweep,3206
sweep,3183
sweep,3047
sweep,2999
sweep,2553
sweep,2791
sweep,4077
sweep,3277
sweep,2603
sweep,3191
sweep,2878
sweep,3437
sweep,2816
sweep,2533
sweep,2437
sweep,3491
sweep,4097
sweep,4163
sweep,4365
sweep,6296
sweep,8013
sweep,5953
sweep,9048
sweep,8126
sweep,8222
sweep,8315
sweep,7345
sweep,7499
sweep,833
mark,1028116
sweep,4947
sweep,4343
sweep,4138
sweep,4141
sweep,3861
sweep,4045
sweep,3607
sweep,3304
sweep,3006
sweep,3369
sweep,3038
sweep,3035
sweep,2673
sweep,3010
sweep,2841
sweep,2827
sweep,3335
sweep,3149
sweep,2852
sweep,3345
sweep,2747
sweep,2379
sweep,3955
sweep,2426
sweep,3885
sweep,2181
sweep,3599
sweep,3882
sweep,4284
sweep,3331
sweep,3346
sweep,2987
sweep,2972
sweep,3029
sweep,2856
sweep,3412
sweep,2960
sweep,3093
sweep,2757
sweep,2719
sweep,3768
sweep,2923
sweep,2785
sweep,2996
sweep,2765
sweep,3493
sweep,2701
sweep,2548
sweep,2688
sweep,5321
sweep,9111
sweep,8954
sweep,8629
sweep,8147
sweep,5754
sweep,7557
sweep,4103
sweep,4402
sweep,4615
sweep,6193
sweep,5995
sweep,5776
sweep,238
mark,1027139
sweep,4900
sweep,3720
sweep,4437
sweep,4210
sweep,3575
sweep,4061
sweep,4106
sweep,3116
sweep,2826
sweep,3121
sweep,3042
sweep,2953
sweep,2856
sweep,3118
sweep,2549
sweep,2796
sweep,3171
sweep,3012
sweep,3092
sweep,3463
sweep,2463
sweep,2643
sweep,3819
sweep,2459
sweep,3106
sweep,2061
sweep,3435
sweep,3843
sweep,4158
sweep,3499
sweep,3133
sweep,3079
sweep,2924
sweep,2950
sweep,3283
sweep,3300
sweep,2797
sweep,3203
sweep,2897
sweep,3023
sweep,3793
sweep,2985
sweep,2869
sweep,3085
sweep,2842
sweep,3397
sweep,2802
sweep,2479
sweep,2489
sweep,3519
sweep,4094
sweep,4064
sweep,4152
sweep,6025
sweep,8727
sweep,6223
sweep,8914
sweep,8178
sweep,9179
sweep,7175
sweep,7647
sweep,7051
sweep,834
mark,1036701
sweep,4735
sweep,3998
sweep,3940
sweep,4223
sweep,3566
sweep,4012
sweep,3889
sweep,3116
sweep,2828
sweep,3509
sweep,2965
sweep,2709
sweep,2839
sweep,2885
sweep,2705
sweep,2735
sweep,3568
sweep,2930
sweep,3047
sweep,3380
sweep,2404
sweep,2432
sweep,3687
sweep,2433
sweep,3253
sweep,1926
sweep,3755
sweep,3628
sweep,4313
sweep,3280
sweep,3319
sweep,3349
sweep,2998
sweep,3079
sweep,2729
sweep,3368
sweep,2807
sweep,3262
sweep,2808
sweep,2732
sweep,3736
sweep,2802
sweep,2663
sweep,3238
sweep,2842
sweep,3524
sweep,2829
sweep,2813
sweep,2468
sweep,5590
sweep,8735
sweep,8672
sweep,8655
sweep,7570
sweep,6203
sweep,7054
sweep,4295
sweep,4217
sweep,5091
sweep,6177
sweep,5918
sweep,6007
sweep,216
mark,1029251
sweep,4911
sweep,4052
sweep,4159
sweep,4547
sweep,4006
sweep,4315
sweep,3836
sweep,3101
sweep,2870
sweep,3198
sweep,3408
sweep,2734
sweep,2750
sweep,3130
sweep,2556
sweep,2716
sweep,3134
sweep,3127
sweep,3321
sweep,3713
sweep,2373
sweep,2480
sweep,3889
sweep,2244
sweep,3076
sweep,1908
sweep,3708
sweep,3954
sweep,4436
sweep,3618
sweep,3069
sweep,3122
sweep,3002
sweep,3039
sweep,2834
sweep,3359
sweep,3025
sweep,3036
sweep,2695
sweep,2906
sweep,4034
sweep,2674
sweep,2997
sweep,3397
sweep,3047
sweep,3432
sweep,2903
sweep,2648
sweep,2727
sweep,3868
sweep,3989
sweep,4102
sweep,4525
sweep,5915
sweep,8066
sweep,6193
sweep,9018
sweep,9115
sweep,8619
sweep,7221
sweep,7490
sweep,7798
sweep,838
mark,1053941
sweep,4907
sweep,3865
sweep,4265
sweep,4220
sweep,3989
sweep,4261
sweep,3870
sweep,3082
sweep,3182
sweep,3478
sweep,3050
sweep,2725
sweep,2760
sweep,2771
sweep,2615
sweep,2791
sweep,3520
sweep,3018
sweep,3156
sweep,3428
sweep,2494
sweep,2613
sweep,3914
sweep,2446
sweep,3063
sweep,2128
sweep,3651
sweep,3612
sweep,4433
sweep,3504
sweep,3283
sweep,2937
sweep,3359
sweep,3046
sweep,2900
sweep,3214
sweep,2690
sweep,3244
sweep,2519
sweep,2700
sweep,4083
sweep,2635
sweep,2646
sweep,3005
sweep,2783
sweep,3621
sweep,2908
sweep,2572
sweep,2405
sweep,5352
sweep,8747
sweep,8651
sweep,8652
sweep,8152
sweep,6721
sweep,7610
sweep,4143
sweep,4263
sweep,4910
sweep,6096
sweep,5970
sweep,5753
sweep,239
mark,1024078
sweep,4459
sweep,3658
sweep,3864
sweep,3980
sweep,3791
sweep,4472
sweep,3601
sweep,3055
sweep,2892
sweep,3151
sweep,3384
sweep,3026
sweep,2815
sweep,2772
sweep,2553
sweep,2706
sweep,3236
sweep,2923
sweep,3083
sweep,3397
sweep,2615
sweep,2796
sweep,3817
sweep,2844
sweep,3125
sweep,2083
sweep,3385
sweep,3602
sweep,4119
sweep,3287
sweep,3176
sweep,3167
sweep,3311
sweep,3064
sweep,3052
sweep,3505
sweep,2685
sweep,3077
sweep,2461
sweep,3155
sweep,4010
sweep,2642
sweep,2958
sweep,3185
sweep,2826
sweep,3438
sweep,2884
sweep,2575
sweep,2615
sweep,3738
sweep,4178
sweep,3797
sweep,4119
sweep,5997
sweep,7682
sweep,6062
sweep,8395
sweep,8304
sweep,8308
sweep,7287
sweep,7047
sweep,6979
sweep,833
mark,1030766
sweep,4728
sweep,4141
sweep,3940
sweep,4016
sweep,3735
sweep,4483
sweep,3788
sweep,3199
sweep,3134
sweep,3228
sweep,3417
sweep,2734
sweep,3064
sweep,3072
sweep,2781
sweep,2920
sweep,3321
sweep,2939
sweep,2945
sweep,3663
sweep,2512
sweep,2340
sweep,3893
sweep,2664
sweep,3238
sweep,2404
sweep,3678
sweep,3943
sweep,4270
sweep,3358
sweep,3155
sweep,3101
sweep,2875
sweep,3141
sweep,2766
sweep,3405
sweep,3042
sweep,3092
sweep,2480
sweep,2682
sweep,3695
sweep,2931
sweep,2707
sweep,2940
sweep,2834
sweep,3679
sweep,2772
sweep,2599
sweep,2730
sweep,5730
sweep,8888
sweep,8454
sweep,8521
sweep,7918
sweep,6481
sweep,7434
sweep,4034
sweep,4343
sweep,4764
sweep,6276
sweep,5737
sweep,5882
sweep,228
mark,1025738
sweep,4729
sweep,4073
sweep,3914
sweep,4213
sweep,3808
sweep,4269
sweep,3834
sweep,3066
sweep,3186
sweep,3153
sweep,3341
sweep,2738
sweep,2723
sweep,2725
sweep,2823
sweep,2745
sweep,3565
sweep,2930
sweep,3221
sweep,3721
sweep,2607
sweep,2524
sweep,3992
sweep,2488
sweep,3242
sweep,1919
sweep,3668
sweep,4097
sweep,4168
sweep,3659
sweep,3115
sweep,3105
sweep,2853
sweep,3080
sweep,3081
sweep,3368
sweep,3019
sweep,2985
sweep,2769
sweep,3019
sweep,3878
sweep,2865
sweep,2705
sweep,3241
sweep,2922
sweep,3774
sweep,2757
sweep,2517
sweep,2530
sweep,3466
sweep,4008
sweep,3879
sweep,4360
sweep,5958
sweep,7727
sweep,6092
sweep,8524
sweep,8518
sweep,8964
sweep,8379
sweep,7454
sweep,7429
sweep,827
mark,1024244
sweep,4917
sweep,3950
sweep,4026
sweep,4233
sweep,3612
sweep,4397
sweep,3898
sweep,3407
sweep,2870
sweep,3401
sweep,3159
sweep,3026
sweep,3077
sweep,2765
sweep,2867
sweep,3003
sweep,3218
sweep,3003
sweep,3015
sweep,3389
sweep,2737
sweep,2536
sweep,3677
sweep,2452
sweep,3087
sweep,2212
sweep,3640
sweep,3747
sweep,4564
sweep,3812
sweep,3475
sweep,3012
sweep,2942
sweep,3166
sweep,3091
sweep,3541
sweep,2745
sweep,3162
sweep,2625
sweep,3143
sweep,3797
sweep,2997
sweep,2653
sweep,3022
sweep,3110
sweep,3449
sweep,2869
sweep,2420
sweep,2463
sweep,5746
sweep,9089
sweep,8810
sweep,8709
sweep,8273
sweep,5984
sweep,7335
sweep,4043
sweep,4793
sweep,4613
sweep,6183
sweep,5863
sweep,6003
sweep,223
mark,1028724
sweep,4993
sweep,3839
sweep,4240
sweep,4243
sweep,3801
sweep,4022
sweep,3610
sweep,3394
sweep,2873
sweep,3155
sweep,3262
sweep,3245
sweep,2841
sweep,2855
sweep,2587
sweep,2693
sweep,3171
sweep,3079
sweep,3146
sweep,3491
sweep,2319
sweep,2583
sweep,3776
sweep,2486
sweep,3430
sweep,2251
sweep,3256
sweep,3562
sweep,4410
sweep,3484
sweep,3222
sweep,3078
sweep,3283
sweep,3058
sweep,2642
sweep,3307
sweep,2793
sweep,3125
sweep,2389
sweep,2651
sweep,3967
sweep,2829
sweep,2776
sweep,3019
sweep,2901
sweep,3460
sweep,2775
sweep,2490
sweep,2534
sweep,3583
sweep,4092
sweep,3897
sweep,4534
sweep,5954
sweep,7512
sweep,6044
sweep,9422
sweep,8136
sweep,8258
sweep,8020
sweep,7378
sweep,7488
sweep,829
mark,1034186
sweep,5165
sweep,4513
sweep,3962
sweep,4105
sweep,3609
sweep,4277
sweep,3687
sweep,3417
sweep,3114
sweep,3463
sweep,2941
sweep,3225
sweep,3027
sweep,2754
sweep,2951
sweep,2882
sweep,3534
sweep,2923
sweep,3351
sweep,3462
sweep,2313
sweep,2739
sweep,4084
sweep,2443
sweep,3535
sweep,1901
sweep,3437
sweep,3678
sweep,4478
sweep,3827
sweep,3217
sweep,3161
sweep,2859
sweep,3029
sweep,2816
sweep,3124
sweep,2853
sweep,3207
sweep,2610
sweep,2673
sweep,3851
sweep,3017
sweep,2732
sweep,2954
sweep,2848
sweep,3697
sweep,2698
sweep,2489
sweep,2384
sweep,5643
sweep,9074
sweep,8960
sweep,8492
sweep,7686
sweep,6644
sweep,7060
sweep,3993
sweep,4263
sweep,4936
sweep,5980
sweep,5803
sweep,6235
sweep,267
mark,1033148
sweep,5456
sweep,4123
sweep,3789
sweep,4510
sweep,4088
sweep,4368
sweep,3701
sweep,3345
sweep,2799
sweep,3110
sweep,3122
sweep,2769
sweep,2985
sweep,2922
sweep,2607
sweep,2699
sweep,3135
sweep,2890
sweep,3194
sweep,3998
sweep,2384
sweep,2867
sweep,4186
sweep,2729
sweep,3095
sweep,1880
sweep,3435
sweep,3680
sweep,4268
sweep,3311
sweep,3088
sweep,3192
sweep,2919
sweep,3122
sweep,2885
sweep,3181
sweep,3037
sweep,3022
sweep,2576
sweep,2741
sweep,3775
sweep,2983
sweep,2672
sweep,3100
sweep,2800
sweep,3581
sweep,2778
sweep,2477
sweep,2556
sweep,3484
sweep,4038
sweep,4096
sweep,4171
sweep,6085
sweep,8043
sweep,6540
sweep,8691
sweep,8525
sweep,8601
sweep,8265
sweep,7487
sweep,7599
sweep,831
mark,1027562
sweep,4768
sweep,4060
sweep,3931
sweep,3914
sweep,3547
sweep,4331
sweep,3683
sweep,3616
sweep,2729
sweep,3169
sweep,2952
sweep,2716
sweep,2824
sweep,3146
sweep,2651
sweep,2657
sweep,3324
sweep,2925
sweep,2959
sweep,3422
sweep,2266
sweep,2496
sweep,3724
sweep,2577
sweep,3067
sweep,1994
sweep,3620
sweep,3967
sweep,4788
sweep,3449
sweep,3268
sweep,3020
sweep,2861
sweep,2984
sweep,2770
sweep,3308
sweep,2808
sweep,3318
sweep,2499
sweep,2974
sweep,3811
sweep,2837
sweep,2744
sweep,2860
sweep,2797
sweep,3535
sweep,3137
sweep,2736
sweep,2432
sweep,5584
sweep,9478
sweep,8682
sweep,8519
sweep,8441
sweep,5641
sweep,7484
sweep,3950
sweep,4357
sweep,4767
sweep,6153
sweep,5933
sweep,5873
sweep,231
mark,1028884
sweep,5014
sweep,4026
sweep,4360
sweep,4346
sweep,3939
sweep,4167
sweep,3616
sweep,3387
sweep,2804
sweep,3126
sweep,3106
sweep,2657
sweep,2671
sweep,2748
sweep,2678
sweep,2738
sweep,3203
sweep,2886
sweep,3085
sweep,3291
sweep,2630
sweep,2727
sweep,3840
sweep,2446
sweep,3542
sweep,1910
sweep,3349
sweep,4211
sweep,4306
sweep,3462
sweep,12007
sweep,3323
sweep,3379
sweep,3190
sweep,3299
sweep,3345
sweep,2790
sweep,3006
sweep,2744
sweep,2855
sweep,3621
sweep,2729
sweep,2659
sweep,3134
sweep,2721
sweep,3690
sweep,2829
sweep,2805
sweep,2479
sweep,3605
sweep,3773
sweep,4000
sweep,4044
sweep,5500
sweep,8540
sweep,6385
sweep,9085
sweep,8102
sweep,8787
sweep,7416
sweep,7614
sweep,7142
sweep,834
mark,1039367
sweep,4768
sweep,4066
sweep,4038
sweep,4057
sweep,3632
sweep,4502
sweep,3794
sweep,3431
sweep,2812
sweep,3728
sweep,3337
sweep,3032
sweep,2951
sweep,2895
sweep,2580
sweep,3121
sweep,3486
sweep,2870
sweep,3238
sweep,3522
sweep,2310
sweep,2550
sweep,3979
sweep,2837
sweep,3197
sweep,2103
sweep,3696
sweep,3726
sweep,4700
sweep,3360
sweep,3036
sweep,3508
sweep,3119
sweep,2973
sweep,2731
sweep,3078
sweep,2658
sweep,3054
sweep,2787
sweep,3043
sweep,3703
sweep,2663
sweep,2957
sweep,2844
sweep,3433
sweep,3537
sweep,2728
sweep,2547
sweep,2465
sweep,5559
sweep,8838
sweep,8650
sweep,8714
sweep,7823
sweep,6272
sweep,6885
sweep,4039
sweep,4197
sweep,4699
sweep,6093
sweep,5803
sweep,11227
sweep,241
mark,1030972
sweep,4975
sweep,4191
sweep,4259
sweep,4008
sweep,3652
sweep,4139
sweep,3864
sweep,3339
sweep,2790
sweep,3165
sweep,3125
sweep,3019
sweep,3062
sweep,2816
sweep,2753
sweep,2648
sweep,3422
sweep,2927
sweep,3004
sweep,3420
sweep,2232
sweep,2565
sweep,16338
sweep,2419
sweep,3111
sweep,1895
sweep,3362
sweep,3828
sweep,4200
sweep,3740
sweep,2980
sweep,3477
sweep,2878
sweep,3200
sweep,2755
sweep,3384
sweep,3079
sweep,3247
sweep,2873
sweep,2908
sweep,3689
sweep,2703
sweep,2698
sweep,2955
sweep,2745
sweep,3522
sweep,3053
sweep,2736
sweep,2439
sweep,3770
sweep,4011
sweep,3995
sweep,4322
sweep,6233
sweep,7503
sweep,6065
sweep,9169
sweep,7961
sweep,8930
sweep,7551
sweep,7657
sweep,7192
sweep,781
mark,1028403
sweep,4844
sweep,3699
sweep,4147
sweep,4386
sweep,3605
sweep,4133
sweep,3974
sweep,3227
sweep,3091
sweep,3442
sweep,3010
sweep,2948
sweep,2890
sweep,2884
sweep,2782
sweep,2807
sweep,3456
sweep,2919
sweep,3211
sweep,3519
sweep,2398
sweep,2879
sweep,3806
sweep,2334
sweep,3146
sweep,1934
sweep,3480
sweep,3588
sweep,4606
sweep,3917
sweep,3080
sweep,2988
sweep,2849
sweep,3012
sweep,2892
sweep,3157
sweep,3006
sweep,3051
sweep,2550
sweep,3044
sweep,3919
sweep,2734
sweep,2732
sweep,2992
sweep,3068
sweep,3816
sweep,2593
sweep,2552
sweep,3755
sweep,6058
sweep,9118
sweep,8783
sweep,8385
sweep,7690
sweep,5768
sweep,7525
sweep,4112
sweep,4193
sweep,4602
sweep,6309
sweep,5527
sweep,6168
sweep,231
mark,1022520
sweep,4642
sweep,4365
sweep,4438
sweep,4142
sweep,3817
sweep,3847
sweep,3850
sweep,3060
sweep,2702
sweep,2931
sweep,3124
sweep,3166
sweep,2837
sweep,2847
sweep,2595
sweep,2695
sweep,3218
sweep,3154
sweep,3333
sweep,4013
sweep,2304
sweep,2526
sweep,3985
sweep,2474
sweep,3350
sweep,1883
sweep,3494
sweep,3854
sweep,4307
sweep,3613
sweep,3618
sweep,3168
sweep,2869
sweep,3137
sweep,2840
sweep,3329
sweep,2732
sweep,3034
sweep,2491
sweep,2917
sweep,3907
sweep,2894
sweep,2874
sweep,2893
sweep,2730
sweep,3725
sweep,2680
sweep,2459
sweep,2752
sweep,3836
sweep,3951
sweep,4046
sweep,4142
sweep,5809
sweep,8089
sweep,6430
sweep,9076
sweep,8506
sweep,8585
sweep,7072
sweep,7536
sweep,6885
sweep,836
mark,1032729
sweep,5034
sweep,4146
sweep,4222
sweep,4230
sweep,3874
sweep,4003
sweep,4047
sweep,3124
sweep,3110
sweep,3554
sweep,2986
sweep,2689
sweep,2761
sweep,3004
sweep,2913
sweep,2778
sweep,3751
sweep,2918
sweep,3138
sweep,4025
sweep,2276
sweep,2547
sweep,3754
sweep,2339
sweep,3344
sweep,2165
sweep,3434
sweep,3737
sweep,4525
sweep,3931
sweep,2978
sweep,2987
sweep,2920
sweep,3092
sweep,2864
sweep,3626
sweep,2926
sweep,3071
sweep,2539
sweep,2910
sweep,3790
sweep,2782
sweep,2707
sweep,2878
sweep,3386
sweep,3680
sweep,2838
sweep,2433
sweep,2571
sweep,5718
sweep,8759
sweep,8485
sweep,8431
sweep,8175
sweep,6217
sweep,7076
sweep,4225
sweep,4298
sweep,4869
sweep,6308
sweep,5781
sweep,5932
sweep,274
mark,1030946
sweep,4640
sweep,4279
sweep,4042
sweep,4496
sweep,3605
sweep,4125
sweep,3621
sweep,3069
sweep,2830
sweep,3297
sweep,3128
sweep,3096
sweep,2649
sweep,2765
sweep,2534
sweep,2904
sweep,3314
sweep,3315
sweep,2992
sweep,3739
sweep,2570
sweep,2490
sweep,4049
sweep,2440
sweep,3063
sweep,2087
sweep,3432
sweep,3906
sweep,4023
sweep,3415
sweep,3094
sweep,3049
sweep,3200
sweep,3182
sweep,2810
sweep,3444
sweep,2788
sweep,3034
sweep,2636
sweep,2651
sweep,4117
sweep,2723
sweep,2838
sweep,2828
sweep,3039
sweep,3729
sweep,2608
sweep,2608
sweep,2474
sweep,3797
sweep,4065
sweep,3944
sweep,4171
sweep,6138
sweep,8306
sweep,6442
sweep,9671
sweep,8219
sweep,8602
sweep,7373
sweep,7690
sweep,7285
sweep,1128
mark,1031774
sweep,4900
sweep,4100
sweep,4200
sweep,3936
sweep,3634
sweep,4429
sweep,3698
sweep,3260
sweep,3114
sweep,3475
sweep,3117
sweep,3030
sweep,2904
sweep,2863
sweep,2974
sweep,2687
sweep,3246
sweep,2927
sweep,3155
sweep,3592
sweep,2648
sweep,2381
sweep,3854
sweep,2589
sweep,3157
sweep,1877
sweep,3565
sweep,3575
sweep,4431
sweep,3502
sweep,3282
sweep,3290
sweep,2809
sweep,3030
sweep,2828
sweep,3204
sweep,3073
sweep,3096
sweep,2470
sweep,2632
sweep,3644
sweep,2733
sweep,2924
sweep,2994
sweep,2823
sweep,3918
sweep,2835
sweep,2526
sweep,2409
sweep,5644
sweep,8832
sweep,8276
sweep,8611
sweep,8264
sweep,6602
sweep,7465
sweep,4349
sweep,4390
sweep,4886
sweep,6205
sweep,5910
sweep,5674
sweep,223
mark,1035837
sweep,4661
sweep,3971
sweep,4441
sweep,4286
sweep,3572
sweep,4362
sweep,3532
sweep,3353
sweep,2877
sweep,3363
sweep,3115
sweep,2750
sweep,2687
sweep,3049
sweep,2583
sweep,2773
sweep,3176
sweep,3355
sweep,3132
sweep,3460
sweep,2330
sweep,2494
sweep,3944
sweep,2756
sweep,3127
sweep,1841
sweep,3299
sweep,3623
sweep,4975
sweep,3449
sweep,3174
sweep,3268
sweep,3313
sweep,3189
sweep,2789
sweep,3097
sweep,2810
sweep,3034
sweep,2597
sweep,3113
sweep,3582
sweep,2849
sweep,2783
sweep,3026
sweep,3096
sweep,3747
sweep,2840
sweep,2582
sweep,2737
sweep,3455
sweep,4199
sweep,4315
sweep,4157
sweep,5642
sweep,7682
sweep,5930
sweep,8681
sweep,8957
sweep,8457
sweep,7557
sweep,7111
sweep,7545
sweep,840
mark,1055517
sweep,5013
sweep,4059
sweep,4063
sweep,4042
sweep,3685
sweep,4010
sweep,3618
sweep,3214
sweep,3036
sweep,3547
sweep,3039
sweep,3063
sweep,2855
sweep,2994
sweep,2616
sweep,2938
sweep,3289
sweep,2986
sweep,2992
sweep,4036
sweep,2616
sweep,2559
sweep,3705
sweep,2355
sweep,3165
sweep,1912
sweep,3696
sweep,3972
sweep,4710
sweep,3651
sweep,3552
sweep,2913
sweep,2898
sweep,3018
sweep,2997
sweep,3383
sweep,2716
sweep,3128
sweep,2462
sweep,2896
sweep,3679
sweep,2706
sweep,2798
sweep,3260
sweep,3128
sweep,3490
sweep,2730
sweep,2507
sweep,2451
sweep,5424
sweep,9237
sweep,8727
sweep,8483
sweep,8176
sweep,5575
sweep,7571
sweep,4085
sweep,4394
sweep,4979
sweep,5733
sweep,6087
sweep,6074
sweep,228
mark,1025440
sweep,4513
sweep,4389
sweep,3829
sweep,4273
sweep,3594
sweep,4021
sweep,3749
sweep,3250
sweep,2775
sweep,3158
sweep,3336
sweep,2788
sweep,2710
sweep,3161
sweep,2822
sweep,2740
sweep,3298
sweep,3357
sweep,3390
sweep,3361
sweep,2313
sweep,2744
sweep,3841
sweep,2454
sweep,3130
sweep,1895
sweep,3386
sweep,4078
sweep,4353
sweep,3361
sweep,3432
sweep,3131
sweep,3420
sweep,3302
sweep,3013
sweep,3434
sweep,2763
sweep,3274
sweep,2735
sweep,3083
sweep,3731
sweep,2831
sweep,2702
sweep,3009
sweep,3106
sweep,3781
sweep,2591
sweep,2470
sweep,2536
sweep,3398
sweep,3954
sweep,4035
sweep,4512
sweep,5869
sweep,8063
sweep,6410
sweep,8518
sweep,8516
sweep,8353
sweep,7410
sweep,7708
sweep,7099
sweep,822
mark,1037777
sweep,4941
sweep,4017
sweep,3942
sweep,4182
sweep,3805
sweep,4326
sweep,3795
sweep,3318
sweep,2812
sweep,3192
sweep,3305
sweep,2890
sweep,2758
sweep,3068
sweep,2688
sweep,2796
sweep,3335
sweep,2974
sweep,3219
sweep,3412
sweep,2336
sweep,2669
sweep,3976
sweep,2375
sweep,3185
sweep,1917
sweep,3682
sweep,3704
sweep,4326
sweep,3602
sweep,3341
sweep,3242
sweep,2963
sweep,3057
sweep,2916
sweep,3463
sweep,3295
sweep,3056
sweep,2576
sweep,2694
sweep,4028
sweep,2763
sweep,2923
sweep,2965
sweep,2920
sweep,3391
sweep,2778
sweep,2802
sweep,2504
sweep,5981
sweep,9180
sweep,8756
sweep,8447
sweep,7827
sweep,6432
sweep,7337
sweep,4057
sweep,4603
sweep,4801
sweep,6306
sweep,5572
sweep,5932
sweep,223
mark,1030325
sweep,4568
sweep,3932
sweep,3819
sweep,4281
sweep,3534
sweep,4104
sweep,3665
sweep,3222
sweep,2846
sweep,3317
sweep,3212
sweep,3156
sweep,2882
sweep,3004
sweep,2545
sweep,2760
sweep,3612
sweep,2938
sweep,3155
sweep,3357
sweep,2557
sweep,3014
sweep,4021
sweep,2513
sweep,3074
sweep,1884
sweep,3682
sweep,4103
sweep,4384
sweep,3284
sweep,3441
sweep,2985
sweep,2936
sweep,3121
sweep,3123
sweep,3367
sweep,2697
sweep,2976
sweep,2576
sweep,2741
sweep,3595
sweep,2571
sweep,2932
sweep,3175
sweep,3268
sweep,3442
sweep,3065
sweep,2541
sweep,2574
sweep,3765
sweep,3947
sweep,3956
sweep,4151
sweep,6147
sweep,8617
sweep,6520
sweep,8900
sweep,8122
sweep,9079
sweep,7237
sweep,7331
sweep,7192
sweep,830
mark,1037783
sweep,4583
sweep,4173
sweep,3849
sweep,4046
sweep,3916
sweep,3932
sweep,3941
sweep,3547
sweep,3137
sweep,3188
sweep,3213
sweep,2755
sweep,2790
sweep,3085
sweep,2604
sweep,2939
sweep,3420
sweep,2942
sweep,3178
sweep,3477
sweep,2672
sweep,2495
sweep,3960
sweep,2719
sweep,3070
sweep,2096
sweep,3632
sweep,3744
sweep,4408
sweep,3356
sweep,3064
sweep,2890
sweep,3207
sweep,2883
sweep,3061
sweep,3076
sweep,2696
sweep,3089
sweep,2594
sweep,2627
sweep,3888
sweep,2834
sweep,2925
sweep,2822
sweep,2847
sweep,3501
sweep,3205
sweep,3034
sweep,2465
sweep,5483
sweep,8639
sweep,8511
sweep,8466
sweep,8129
sweep,6136
sweep,7418
sweep,4089
sweep,4411
sweep,4795
sweep,6294
sweep,5597
sweep,5993
sweep,220
mark,1027242
sweep,4770
sweep,4056
sweep,3990
sweep,4170
sweep,3990
sweep,4442
sweep,3738
sweep,3092
sweep,3084
sweep,3349
sweep,3436
sweep,3317
sweep,2964
sweep,3417
sweep,2826
sweep,2685
sweep,3478
sweep,3197
sweep,3196
sweep,3403
sweep,2354
sweep,2463
sweep,3956
sweep,2516
sweep,3036
sweep,2084
sweep,3587
sweep,4040
sweep,4709
sweep,3681
sweep,3196
sweep,3238
sweep,2910
sweep,3037
sweep,3125
sweep,3457
sweep,2758
sweep,3075
sweep,2953
sweep,2894
sweep,3760
sweep,2596
sweep,2684
sweep,3045
sweep,2840
sweep,3583
sweep,2757
sweep,2758
sweep,2549
sweep,3718
sweep,3985
sweep,4077
sweep,4175
sweep,5485
sweep,8049
sweep,6551
sweep,8615
sweep,8417
sweep,8280
sweep,8256
sweep,7333
sweep,7534
sweep,826
mark,1034322
sweep,4574
sweep,4361
sweep,4320
sweep,4064
sweep,3588
sweep,4091
sweep,3479
sweep,3180
sweep,3101
sweep,3053
sweep,2975
sweep,3056
sweep,2626
sweep,2806
sweep,2651
sweep,2690
sweep,3289
sweep,3138
sweep,3015
sweep,3645
sweep,2599
sweep,2488
sweep,4210
sweep,2419
sweep,3101
sweep,1896
sweep,3558
sweep,3940
sweep,4189
sweep,3384
sweep,3200
sweep,3174
sweep,2916
sweep,3044
sweep,2958
sweep,3165
sweep,2983
sweep,3056
sweep,2528
sweep,2690
sweep,3861
sweep,2694
sweep,3032
sweep,2945
sweep,2768
sweep,3419
sweep,2946
sweep,2599
sweep,2695
sweep,5264
sweep,9011
sweep,8720
sweep,8554
sweep,7848
sweep,6240
sweep,7587
sweep,4031
sweep,4328
sweep,5033
sweep,6123
sweep,5573
sweep,5904
sweep,227
mark,1033883
sweep,5452
sweep,4310
sweep,3884
sweep,4110
sweep,3749
sweep,4062
sweep,3507
sweep,3163
sweep,3004
sweep,3537
sweep,3112
sweep,2847
sweep,3069
sweep,2970
sweep,2859
sweep,2656
sweep,3409
sweep,2948
sweep,3185
sweep,3558
sweep,2376
sweep,2424
sweep,3809
sweep,2675
sweep,3566
sweep,1966
sweep,3288
sweep,3968
sweep,4145
sweep,3367
sweep,2991
sweep,3402
sweep,3311
sweep,3072
sweep,3075
sweep,3166
sweep,3017
sweep,3375
sweep,2487
sweep,2780
sweep,3660
sweep,2605
sweep,2667
sweep,3140
sweep,2778
sweep,3356
sweep,2860
sweep,2571
sweep,2567
sweep,3908
sweep,4046
sweep,3860
sweep,4103
sweep,6017
sweep,7915
sweep,6219
sweep,8808
sweep,8256
sweep,8762
sweep,8194
sweep,7486
sweep,7519
sweep,832
mark,1033020
sweep,4695
sweep,3836
sweep,4039
sweep,4086
sweep,3763
sweep,4141
sweep,3659
sweep,3147
sweep,3025
sweep,3547
sweep,3344
sweep,3029
sweep,2783
sweep,2872
sweep,2603
sweep,2712
sweep,3467
sweep,2968
sweep,3106
sweep,3777
sweep,2587
sweep,2674
sweep,3753
sweep,2410
sweep,3147
sweep,2236
sweep,3362
sweep,3630
sweep,4640
sweep,3630
sweep,3149
sweep,3085
sweep,2799
sweep,3099
sweep,3002
sweep,3258
sweep,2699
sweep,3022
sweep,2779
sweep,2617
sweep,3748
sweep,2908
sweep,2721
sweep,2922
sweep,2886
sweep,3637
sweep,2731
sweep,2689
sweep,2404
sweep,5902
sweep,8921
sweep,8659
sweep,8743
sweep,7706
sweep,6160
sweep,7467
sweep,4017
sweep,4385
sweep,5073
sweep,6314
sweep,5846
sweep,5937
sweep,229
mark,1027721
sweep,4827
sweep,3977
sweep,4352
sweep,4367
sweep,3863
sweep,4250
sweep,3542
sweep,3504
sweep,2853
sweep,3157
sweep,3365
sweep,2833
sweep,2676
sweep,2883
sweep,2786
sweep,3062
sweep,3215
sweep,2941
sweep,3252
sweep,3570
sweep,2287
sweep,2467
sweep,3755
sweep,2310
sweep,3200
sweep,2247
sweep,3558
sweep,3887
sweep,4947
sweep,3389
sweep,3040
sweep,3189
sweep,2893
sweep,3092
sweep,2831
sweep,3183
sweep,2878
sweep,2989
sweep,2681
sweep,2705
sweep,3769
sweep,3165
sweep,2648
sweep,3116
sweep,2874
sweep,3709
sweep,2723
sweep,2549
sweep,2465
sweep,3743
sweep,4160
sweep,3981
sweep,4493
sweep,6102
sweep,7684
sweep,5957
sweep,8695
sweep,8424
sweep,8680
sweep,8221
sweep,7476
sweep,7758
sweep,837
mark,1033757
sweep,5455
sweep,3933
sweep,4564
sweep,4262
sweep,3669
sweep,4129
sweep,3613
sweep,3785
sweep,3087
sweep,3314
sweep,3184
sweep,2759
sweep,2705
sweep,2867
sweep,2666
sweep,2728
sweep,3283
sweep,2882
sweep,3159
sweep,3492
sweep,2332
sweep,2576
sweep,3843
sweep,2357
sweep,3768
sweep,1929
sweep,3554
sweep,3608
sweep,4168
sweep,3304
sweep,3062
sweep,3044
sweep,3140
sweep,3140
sweep,2815
sweep,3164
sweep,2767
sweep,3115
sweep,2485
sweep,2585
sweep,3672
sweep,2799
sweep,3021
sweep,2850
sweep,3117
sweep,3737
sweep,2760
sweep,2478
sweep,2613
sweep,6105
sweep,8764
sweep,8691
sweep,8811
sweep,7921
sweep,5997
sweep,7568
sweep,4011
sweep,4341
sweep,4415
sweep,5608
sweep,5839
sweep,6634
sweep,233
mark,1036484
sweep,4923
sweep,4041
sweep,4091
sweep,4141
sweep,3693
sweep,4206
sweep,3573
sweep,3162
sweep,3064
sweep,3245
sweep,3383
sweep,2887
sweep,2625
sweep,2862
sweep,2827
sweep,2733
sweep,3245
sweep,3005
sweep,2872
sweep,3728
sweep,2516
sweep,2467
sweep,4010
sweep,2486
sweep,3126
sweep,1890
sweep,3361
sweep,3639
sweep,4466
sweep,3318
sweep,3127
sweep,3081
sweep,2908
sweep,2930
sweep,2900
sweep,3548
sweep,3002
sweep,3053
sweep,2824
sweep,2739
sweep,3692
sweep,2983
sweep,2633
sweep,3069
sweep,2878
sweep,3476
sweep,2791
sweep,2584
sweep,2537
sweep,3539
sweep,4224
sweep,4013
sweep,4474
sweep,6107
sweep,8615
sweep,6283
sweep,8906
sweep,9094
sweep,9173
sweep,7329
sweep,7121
sweep,7199
sweep,839
mark,1045748
sweep,4883
sweep,4323
sweep,3967
sweep,4342
sweep,3933
sweep,4398
sweep,3647
sweep,3557
sweep,2809
sweep,3130
sweep,3135
sweep,2813
sweep,2685
sweep,3068
sweep,2824
sweep,3016
sweep,3365
sweep,2901
sweep,3113
sweep,3420
sweep,2322
sweep,2499
sweep,3744
sweep,2455
sweep,3148
sweep,1876
sweep,3761
sweep,3740
sweep,4312
sweep,3603
sweep,3277
sweep,3061
sweep,2848
sweep,3040
sweep,2781
sweep,3210
sweep,2758
sweep,3193
sweep,2577
sweep,3189
sweep,3933
sweep,3002
sweep,3427
sweep,2969
sweep,2878
sweep,3391
sweep,3092
sweep,2482
sweep,2494
sweep,5691
sweep,8870
sweep,8724
sweep,8656
sweep,8281
sweep,6010
sweep,7679
sweep,4516
sweep,4635
sweep,4496
sweep,5730
sweep,5646
sweep,6565
sweep,229
mark,1050864
sweep,4880
sweep,4005
sweep,4185
sweep,4508
sweep,3991
sweep,4290
sweep,3614
sweep,3143
sweep,3180
sweep,3162
sweep,3491
sweep,2908
sweep,2802
sweep,3194
sweep,2738
sweep,2786
sweep,3504
sweep,2892
sweep,3240
sweep,3466
sweep,2498
sweep,2879
sweep,3867
sweep,2786
sweep,3086
sweep,2179
sweep,3613
sweep,4223
sweep,4330
sweep,3515
sweep,3250
sweep,2915
sweep,3088
sweep,3018
sweep,2841
sweep,3201
sweep,2819
sweep,3246
sweep,2880
sweep,2826
sweep,4077
sweep,2663
sweep,2679
sweep,3107
sweep,2839
sweep,3905
sweep,2803
sweep,2691
sweep,2755
sweep,3779
sweep,4326
sweep,4566
sweep,4465
sweep,5731
sweep,7824
sweep,6114
sweep,8669
sweep,9182
sweep,8540
sweep,7427
sweep,7934
sweep,7519
sweep,774
mark,1037808
sweep,4505
sweep,3890
sweep,4620
sweep,4297
sweep,3831
sweep,4062
sweep,3858
sweep,3311
sweep,2726
sweep,3475
sweep,3371
sweep,3214
sweep,2822
sweep,2961
sweep,2620
sweep,2871
sweep,3200
sweep,3193
sweep,3157
sweep,3491
sweep,2562
sweep,2410
sweep,3740
sweep,2273
sweep,3042
sweep,2087
sweep,3247
sweep,3626
sweep,4243
sweep,3312
sweep,2957
sweep,3185
sweep,2893
sweep,3291
sweep,2723
sweep,3365
sweep,2789
sweep,3293
sweep,2407
sweep,2584
sweep,4063
sweep,2884
sweep,2801
sweep,2917
sweep,2896
sweep,3676
sweep,2811
sweep,2679
sweep,2333
sweep,5586
sweep,9077
sweep,8403
sweep,8459
sweep,8014
sweep,6202
sweep,7036
sweep,3970
sweep,4394
sweep,4672
sweep,5794
sweep,5589
sweep,5798
sweep,219
mark,1028603
sweep,4754
sweep,4320
sweep,4348
sweep,4312
sweep,3802
sweep,4357
sweep,3857
sweep,3129
sweep,3098
sweep,3058
sweep,2939
sweep,2722
sweep,2822
sweep,2784
sweep,2576
sweep,2868
sweep,3520
sweep,2940
sweep,2932
sweep,3514
sweep,2588
sweep,2551
sweep,3743
sweep,2257
sweep,3252
sweep,1910
sweep,3632
sweep,3502
sweep,4390
sweep,3288
sweep,3120
sweep,3599
sweep,3015
sweep,3364
sweep,2755
sweep,3475
sweep,2741
sweep,3056
sweep,2612
sweep,2840
sweep,3712
sweep,2808
sweep,2745
sweep,2906
sweep,2724
sweep,3552
sweep,2855
sweep,2492
sweep,2451
sweep,3401
sweep,3934
sweep,4080
sweep,4152
sweep,6097
sweep,8480
sweep,6610
sweep,8861
sweep,8324
sweep,8523
sweep,7101
sweep,7196
sweep,7128
sweep,828
mark,1024797
sweep,4469
sweep,4114
sweep,3905
sweep,4110
sweep,3735
sweep,4294
sweep,3781
sweep,3098
sweep,2861
sweep,3832
sweep,3076
sweep,3039
sweep,2845
sweep,2779
sweep,2857
sweep,2744
sweep,3212
sweep,3208
sweep,3064
sweep,3383
sweep,2360
sweep,2659
sweep,4081
sweep,2416
sweep,3206
sweep,1880
sweep,3537
sweep,3908
sweep,4537
sweep,3632
sweep,3381
sweep,3014
sweep,2911
sweep,3101
sweep,2876
sweep,3150
sweep,6081
sweep,3088
sweep,2747
sweep,2702
sweep,3913
sweep,2692
sweep,2878
sweep,3381
sweep,2947
sweep,3795
sweep,2729
sweep,2464
sweep,2400
sweep,5747
sweep,8670
sweep,8377
sweep,8926
sweep,8235
sweep,6333
sweep,7235
sweep,4079
sweep,4548
sweep,4879
sweep,6168
sweep,5647
sweep,6074
sweep,241
mark,1025688
sweep,5291
sweep,3941
sweep,4434
sweep,4217
sweep,3971
sweep,4232
sweep,4179
sweep,3137
sweep,3166
sweep,3051
sweep,3389
sweep,2959
sweep,3018
sweep,3019
sweep,2637
sweep,2668
sweep,3482
sweep,2902
sweep,3210
sweep,3454
sweep,2296
sweep,2991
sweep,3857
sweep,2659
sweep,3339
sweep,1940
sweep,3713
sweep,3652
sweep,4646
sweep,3392
sweep,3434
sweep,3194
sweep,2967
sweep,3338
sweep,2802
sweep,3363
sweep,2767
sweep,3154
sweep,2547
sweep,2607
sweep,3690
sweep,3095
sweep,2761
sweep,2954
sweep,2890
sweep,3504
sweep,3021
sweep,2471
sweep,2793
sweep,3761
sweep,3979
sweep,4059
sweep,4153
sweep,5946
sweep,7830
sweep,6063
sweep,8872
sweep,8622
sweep,8655
sweep,7299
sweep,7074
sweep,7091
sweep,928
mark,1029655
sweep,4577
sweep,4034
sweep,4155
sweep,4296
sweep,3720
sweep,4144
sweep,3636
sweep,3171
sweep,3127
sweep,3228
sweep,2997
sweep,2719
sweep,2994
sweep,2922
sweep,2635
sweep,2655
sweep,3294
sweep,2944
sweep,3068
sweep,3401
sweep,2342
sweep,2474
sweep,3768
sweep,2642
sweep,3073
sweep,2151
sweep,3621
sweep,3936
sweep,4403
sweep,3603
sweep,3387
sweep,3037
sweep,2830
sweep,3167
sweep,3090
sweep,3165
sweep,2838
sweep,3132
sweep,2535
sweep,2781
sweep,3761
sweep,2967
sweep,2884
sweep,3327
sweep,2853
sweep,3595
sweep,2986
sweep,2491
sweep,2498
sweep,5845
sweep,9208
sweep,8516
sweep,8516
sweep,7881
sweep,5886
sweep,6985
sweep,4033
sweep,4316
sweep,4273
sweep,5598
sweep,5876
sweep,6230
sweep,225
mark,1034571
sweep,4892
sweep,3935
sweep,4429
sweep,4227
sweep,3766
sweep,4115
sweep,3575
sweep,3147
sweep,2932
sweep,3478
sweep,3247
sweep,2731
sweep,2756
sweep,3057
sweep,2622
sweep,2683
sweep,3263
sweep,3177
sweep,3237
sweep,3455
sweep,2581
sweep,3023
sweep,4308
sweep,2789
sweep,3306
sweep,1933
sweep,3657
sweep,3909
sweep,4018
sweep,3437
sweep,3088
sweep,3287
sweep,2914
sweep,3050
sweep,2792
sweep,3257
sweep,3010
sweep,3027
sweep,2726
sweep,2910
sweep,3773
sweep,3113
sweep,2608
sweep,2880
sweep,2720
sweep,3439
sweep,2786
sweep,2493
sweep,2912
sweep,3478
sweep,4450
sweep,4202
sweep,4164
sweep,5484
sweep,7729
sweep,5801
sweep,9259
sweep,8373
sweep,8224
sweep,8321
sweep,7118
sweep,7592
sweep,837
mark,1034423
sweep,5129
sweep,4258
sweep,4213
sweep,4308
sweep,3973
sweep,4141
sweep,3865
sweep,3105
sweep,2878
sweep,3319
sweep,3019
sweep,2767
sweep,2691
sweep,2873
sweep,3052
sweep,2961
sweep,3461
sweep,2888
sweep,3141
sweep,3361
sweep,2352
sweep,2487
sweep,3983
sweep,2423
sweep,3147
sweep,1977
sweep,3413
sweep,3842
sweep,4757
sweep,3716
sweep,3329
sweep,3112
sweep,2854
sweep,3074
sweep,2773
sweep,3113
sweep,2801
sweep,3055
sweep,2514
sweep,3105
sweep,3710
sweep,2788
sweep,2709
sweep,2916
sweep,2844
sweep,3487
sweep,2972
sweep,2721
sweep,2515
sweep,5991
sweep,9055
sweep,8791
sweep,8912
sweep,7737
sweep,5783
sweep,7137
sweep,4043
sweep,4305
sweep,4332
sweep,5752
sweep,5590
sweep,5837
sweep,231
mark,1044203
sweep,4543
sweep,3756
sweep,3874
sweep,4128
sweep,3746
sweep,4255
sweep,3560
sweep,3365
sweep,3132
sweep,3130
sweep,3090
sweep,2803
sweep,2947
sweep,2769
sweep,2712
sweep,2751
sweep,3203
sweep,3181
sweep,3199
sweep,3582
sweep,2502
sweep,2819
sweep,4316
sweep,2498
sweep,3029
sweep,1865
sweep,3354
sweep,3872
sweep,4308
sweep,3508
sweep,3464
sweep,3105
sweep,2899
sweep,3053
sweep,3189
sweep,3358
sweep,2656
sweep,3144
sweep,2526
sweep,2657
sweep,3719
sweep,2604
sweep,2678
sweep,3031
sweep,2824
sweep,3537
sweep,2827
sweep,2692
sweep,2403
sweep,3518
sweep,4371
sweep,3904
sweep,4389
sweep,5811
sweep,8175
sweep,6487
sweep,9138
sweep,8173
sweep,8355
sweep,7286
sweep,7089
sweep,7347
sweep,831
mark,1052493
sweep,4701
sweep,4050
sweep,4168
sweep,4231
sweep,3809
sweep,4532
sweep,3663
sweep,3381
sweep,2971
sweep,3570
sweep,3042
sweep,3273
sweep,2764
sweep,3271
sweep,2829
sweep,2956
sweep,3287
sweep,2985
sweep,3155
sweep,3792
sweep,2381
sweep,2416
sweep,3898
sweep,2649
sweep,3098
sweep,1884
sweep,3520
sweep,4046
sweep,4570
sweep,3351
sweep,3061
sweep,3124
sweep,2904
sweep,2968
sweep,2773
sweep,3318
sweep,2739
sweep,3238
sweep,2587
sweep,2712
sweep,4007
sweep,3017
sweep,2978
sweep,2832
sweep,2800
sweep,3782
sweep,2818
sweep,2815
sweep,2438
sweep,5574
sweep,8812
sweep,8015
sweep,8433
sweep,8278
sweep,6149
sweep,7337
sweep,4048
sweep,4639
sweep,5051
sweep,6209
sweep,5711
sweep,5783
sweep,224
mark,1029109
sweep,5023
sweep,3731
sweep,4284
sweep,4237
sweep,3835
sweep,4036
sweep,3676
sweep,2978
sweep,2787
sweep,3058
sweep,3209
sweep,2805
sweep,2831
sweep,2893
sweep,2554
sweep,2704
sweep,3188
sweep,2856
sweep,2984
sweep,3384
sweep,2322
sweep,2692
sweep,4018
sweep,2706
sweep,3114
sweep,1921
sweep,3388
sweep,3581
sweep,4163
sweep,3403
sweep,3406
sweep,3157
sweep,3087
sweep,2983
sweep,2797
sweep,3098
sweep,2792
sweep,3067
sweep,2442
sweep,2857
sweep,3718
sweep,3112
sweep,2628
sweep,3003
sweep,3082
sweep,3568
sweep,2978
sweep,2594
sweep,2493
sweep,3369
sweep,3897
sweep,4132
sweep,4215
sweep,6159
sweep,7849
sweep,5989
sweep,8500
sweep,8358
sweep,8349
sweep,8192
sweep,7205
sweep,7628
sweep,835
mark,1035989
sweep,4662
sweep,3802
sweep,4003
sweep,4348
sweep,3711
sweep,4285
sweep,3602
sweep,3304
sweep,2977
sweep,3228
sweep,3318
sweep,2864
sweep,2765
sweep,3017
sweep,2862
sweep,2709
sweep,3198
sweep,2911
sweep,3229
sweep,3427
sweep,2421
sweep,2483
sweep,3759
sweep,2346
sweep,3114
sweep,1876
sweep,3536
sweep,3637
sweep,4455
sweep,3372
sweep,3172
sweep,3217
sweep,3095
sweep,3159
sweep,2773
sweep,3190
sweep,2698
sweep,3088
sweep,2510
sweep,2665
sweep,4055
sweep,3044
sweep,2807
sweep,3414
sweep,2779
sweep,3594
sweep,2622
sweep,2578
sweep,2616
sweep,6982
sweep,9066
sweep,8457
sweep,8663
sweep,8036
sweep,6309
sweep,7371
sweep,4212
sweep,4396
sweep,5295
sweep,6129
sweep,5594
sweep,5949
sweep,222
mark,1030477
sweep,4577
sweep,4053
sweep,4367
sweep,4029
sweep,3692
sweep,4067
sweep,3713
sweep,3367
sweep,3032
sweep,3274
sweep,3126
sweep,3063
sweep,2920
sweep,3017
sweep,2690
sweep,2725
sweep,3239
sweep,2889
sweep,3255
sweep,3388
sweep,2382
sweep,2390
sweep,3704
sweep,2647
sweep,3056
sweep,1940
sweep,3485
sweep,3880
sweep,4439
sweep,3365
sweep,3458
sweep,3420
sweep,3108
sweep,3051
sweep,2844
sweep,3245
sweep,2945
sweep,3087
sweep,2844
sweep,3192
sweep,3752
sweep,3243
sweep,2890
sweep,3090
sweep,2792
sweep,3440
sweep,3124
sweep,2438
sweep,2461
sweep,3686
sweep,4064
sweep,4027
sweep,4143
sweep,6156
sweep,7616
sweep,5901
sweep,8465
sweep,8339
sweep,8336
sweep,8232
sweep,7171
sweep,7617
sweep,833
mark,1031939
sweep,4602
sweep,3946
sweep,3924
sweep,4255
sweep,3901
sweep,4115
sweep,3874
sweep,3137
sweep,2964
sweep,3602
sweep,3221
sweep,2792
sweep,2616
sweep,3051
sweep,2638
sweep,2784
sweep,3290
sweep,3606
sweep,2968
sweep,3575
sweep,2443
sweep,2543
sweep,4183
sweep,2294
sweep,3121
sweep,1873
sweep,3720
sweep,3897
sweep,4257
sweep,3495
sweep,3138
sweep,3182
sweep,2887
sweep,2977
sweep,2869
sweep,3231
sweep,2879
sweep,3088
sweep,2561
sweep,2626
sweep,3721
sweep,2676
sweep,3104
sweep,3006
sweep,3338
sweep,3392
sweep,2938
sweep,2665
sweep,2407
sweep,5286
sweep,9004
sweep,8497
sweep,8451
sweep,7803
sweep,5894
sweep,7210
sweep,3999
sweep,4468
sweep,4238
sweep,5666
sweep,5779
sweep,6148
sweep,240
mark,1027339
sweep,4614
sweep,3923
sweep,4293
sweep,4307
sweep,3743
sweep,4193
sweep,3507
sweep,3150
sweep,3079
sweep,3294
sweep,3378
sweep,3085
sweep,2632
sweep,3066
sweep,2567
sweep,2636
sweep,3308
sweep,3352
sweep,3059
sweep,3667
sweep,2413
sweep,2489
sweep,3716
sweep,2375
sweep,3233
sweep,1860
sweep,3534
sweep,3715
sweep,4360
sweep,3403
sweep,3103
sweep,3162
sweep,2888
sweep,2978
sweep,2877
sweep,3063
sweep,2996
sweep,3004
sweep,2529
sweep,2635
sweep,3772
sweep,2675
sweep,2609
sweep,3007
sweep,2820
sweep,3347
sweep,3087
sweep,2446
sweep,2475
sweep,3529
sweep,3970
sweep,3979
sweep,4359
sweep,6106
sweep,7902
sweep,6243
sweep,8638
sweep,8242
sweep,8612
sweep,7364
sweep,7753
sweep,7008
sweep,830
mark,1036943
sweep,4922
sweep,4239
sweep,4245
sweep,3892
sweep,3529
sweep,4184
sweep,3913
sweep,3186
sweep,2865
sweep,3419
sweep,3285
sweep,2726
sweep,2701
sweep,2921
sweep,2866
sweep,2731
sweep,3640
sweep,2930
sweep,3266
sweep,3518
sweep,2458
sweep,2455
sweep,3701
sweep,2415
sweep,3204
sweep,1922
sweep,3523
sweep,3699
sweep,4593
sweep,3463
sweep,3172
sweep,3508
sweep,2942
sweep,3208
sweep,2814
sweep,3007
sweep,3049
sweep,3007
sweep,2461
sweep,2719
sweep,3797
sweep,2630
sweep,2938
sweep,3028
sweep,2811
sweep,3944
sweep,2961
sweep,2694
sweep,2552
sweep,5352
sweep,9151
sweep,8464
sweep,8561
sweep,8184
sweep,6528
sweep,7602
sweep,4126
sweep,4451
sweep,5020
sweep,6328
sweep,5863
sweep,5828
sweep,243
mark,1029193
sweep,4580
sweep,4369
sweep,4051
sweep,3996
sweep,3967
sweep,4400
sweep,3488
sweep,3056
sweep,2744
sweep,3067
sweep,3030
sweep,2736
sweep,2908
sweep,2853
sweep,2548
sweep,2912
sweep,3241
sweep,2895
sweep,3157
sweep,3705
sweep,2426
sweep,2437
sweep,4085
sweep,2523
sweep,3058
sweep,2065
sweep,3686
sweep,3593
sweep,4425
sweep,3821
sweep,3085
sweep,3188
sweep,2877
sweep,2992
sweep,2858
sweep,3686
sweep,2758
sweep,3045
sweep,2530
sweep,2640
sweep,3988
sweep,2686
sweep,2720
sweep,3071
sweep,3201
sweep,3365
sweep,2792
sweep,2548
sweep,2500
sweep,3645
sweep,3932
sweep,3921
sweep,4136
sweep,5970
sweep,7911
sweep,6082
sweep,8734
sweep,8264
sweep,8624
sweep,8236
sweep,7604
sweep,7599
sweep,841
mark,1028410
sweep,4872
sweep,3952
sweep,4054
sweep,4024
sweep,3789
sweep,3994
sweep,3591
sweep,3347
sweep,3337
sweep,3503
sweep,3407
sweep,2733
sweep,2829
sweep,3133
sweep,2662
sweep,2917
sweep,3613
sweep,3182
sweep,3032
sweep,3397
sweep,2406
sweep,2636
sweep,3812
sweep,2533
sweep,3208
sweep,2184
sweep,3839
sweep,3777
sweep,4567
sweep,3337
sweep,3485
sweep,3042
sweep,2853
sweep,3281
sweep,2735
sweep,3229
sweep,3048
sweep,3291
sweep,2658
sweep,3124
sweep,3956
sweep,2739
sweep,2869
sweep,3013
sweep,3328
sweep,3410
sweep,2854
sweep,2621
sweep,2553
sweep,5350
sweep,8741
sweep,8515
sweep,8646
sweep,7897
sweep,6132
sweep,6874
sweep,4037
sweep,4554
sweep,4771
sweep,6181
sweep,5912
sweep,5926
sweep,220
mark,1030969
sweep,4751
sweep,4026
sweep,4459
sweep,4031
sweep,3727
sweep,4388
sweep,3602
sweep,3106
sweep,2854
sweep,3188
sweep,3109
sweep,3022
sweep,2694
sweep,2849
sweep,2586
sweep,2758
sweep,3245
sweep,2888
sweep,3003
sweep,3458
sweep,2418
sweep,2466
sweep,3689
sweep,2586
sweep,3118
sweep,1904
sweep,3615
sweep,3652
sweep,4386
sweep,3401
sweep,3383
sweep,3176
sweep,3037
sweep,3172
sweep,2878
sweep,3231
sweep,2937
sweep,3028
sweep,2497
sweep,3021
sweep,3797
sweep,3231
sweep,2946
sweep,3267
sweep,2725
sweep,3438
sweep,2629
sweep,2464
sweep,2559
sweep,3558
sweep,4460
sweep,3984
sweep,4402
sweep,5483
sweep,8399
sweep,6467
sweep,8829
sweep,8292
sweep,8800
sweep,8198
sweep,7512
sweep,7596
sweep,838
mark,1032834
sweep,4864
sweep,4118
sweep,4410
sweep,4060
sweep,3920
sweep,4278
sweep,3874
sweep,3165
sweep,3091
sweep,3398
sweep,3261
sweep,2784
sweep,2669
sweep,3110
sweep,2595
sweep,2924
sweep,3288
sweep,3308
sweep,3090
sweep,3418
sweep,2409
sweep,2586
sweep,3936
sweep,2322
sweep,3191
sweep,1870
sweep,3391
sweep,3800
sweep,4859
sweep,3823
sweep,2975
sweep,3239
sweep,2829
sweep,3263
sweep,2912
sweep,3081
sweep,2774
sweep,3334
sweep,2787
sweep,2682
sweep,3753
sweep,2884
sweep,3075
sweep,3044
sweep,2757
sweep,3677
sweep,2875
sweep,2737
sweep,2425
sweep,5731
sweep,8930
sweep,8641
sweep,8593
sweep,7941
sweep,5941
sweep,7545
sweep,4117
sweep,4235
sweep,5039
sweep,6159
sweep,5839
sweep,5760
sweep,223
mark,1026997
sweep,4502
sweep,4237
sweep,4186
sweep,4104
sweep,3829
sweep,4287
sweep,3546
sweep,3041
sweep,3203
sweep,3007
sweep,3027
sweep,3025
sweep,2741
sweep,2689
sweep,2542
sweep,2811
sweep,3296
sweep,2896
sweep,2868
sweep,3667
sweep,2559
sweep,2554
sweep,4255
sweep,2353
sweep,3006
sweep,1927
sweep,3729
sweep,3624
sweep,4618
sweep,3407
sweep,3037
sweep,3049
sweep,3361
sweep,2860
sweep,2704
sweep,3255
sweep,2837
sweep,3087
sweep,2570
sweep,2785
sweep,3759
sweep,2521
sweep,2936
sweep,2874
sweep,2764
sweep,3324
sweep,2757
sweep,2573
sweep,2488
sweep,3524
sweep,4136
sweep,4488
sweep,4438
sweep,5481
sweep,7678
sweep,6127
sweep,8989
sweep,7961
sweep,8419
sweep,7223
sweep,7112
sweep,7386
sweep,825
mark,1034689
sweep,4894
sweep,4196
sweep,4096
sweep,4305
sweep,3739
sweep,4140
sweep,3727
sweep,3167
sweep,2871
sweep,3505
sweep,3045
sweep,2825
sweep,2899
sweep,2777
sweep,2659
sweep,2748
sweep,3411
sweep,3134
sweep,3027
sweep,3468
sweep,2586
sweep,2398
sweep,3749
sweep,2512
sweep,3603
sweep,1925
sweep,3359
sweep,3683
sweep,4509
sweep,3902
sweep,3224
sweep,3007
sweep,2954
sweep,3450
sweep,2767
sweep,3290
sweep,2766
sweep,3288
sweep,2520
sweep,2716
sweep,3673
sweep,2968
sweep,2796
sweep,2935
sweep,3352
sweep,3544
sweep,2721
sweep,2642
sweep,2454
sweep,5691
sweep,8832
sweep,8822
sweep,8561
sweep,7616
sweep,6223
sweep,6833
sweep,3997
sweep,4335
sweep,4698
sweep,6182
sweep,5979
sweep,6554
sweep,232
mark,1028848
sweep,4856
sweep,4163
sweep,3889
sweep,4237
sweep,3929
sweep,4122
sweep,3589
sweep,3209
sweep,3076
sweep,3182
sweep,3228
sweep,3393
sweep,2849
sweep,2853
sweep,2936
sweep,2836
sweep,3277
sweep,2915
sweep,2972
sweep,3433
sweep,2554
sweep,2516
sweep,3788
sweep,2289
sweep,3621
sweep,2170
sweep,3584
sweep,3593
sweep,4234
sweep,3479
sweep,3178
sweep,3251
sweep,2874
sweep,3316
sweep,2838
sweep,3192
sweep,2812
sweep,3036
sweep,2695
sweep,2677
sweep,3977
sweep,2860
sweep,3113
sweep,3123
sweep,2815
sweep,3675
sweep,2689
sweep,2569
sweep,2786
sweep,3506
sweep,3792
sweep,3836
sweep,4307
sweep,5820
sweep,7572
sweep,6004
sweep,8460
sweep,8647
sweep,8474
sweep,7436
sweep,7203
sweep,7491
sweep,831
mark,1038932
sweep,4878
sweep,3910
sweep,3984
sweep,3937
sweep,4029
sweep,4082
sweep,3628
sweep,3142
sweep,3129
sweep,3496
sweep,3193
sweep,2719
sweep,2801
sweep,2997
sweep,2623
sweep,2798
sweep,3340
sweep,2985
sweep,2972
sweep,3342
sweep,2555
sweep,2473
sweep,3885
sweep,2324
sweep,3214
sweep,1949
sweep,3434
sweep,3872
sweep,4355
sweep,3381
sweep,3046
sweep,3047
sweep,3037
sweep,3078
sweep,2992
sweep,3013
sweep,2725
sweep,3321
sweep,2532
sweep,2944
sweep,3835
sweep,2583
sweep,2829
sweep,2875
sweep,3158
sweep,3438
sweep,2821
sweep,2594
sweep,2497
sweep,5482
sweep,9129
sweep,8704
sweep,8403
sweep,8196
sweep,5682
sweep,7327
sweep,4309
sweep,4264
sweep,5006
sweep,6027
sweep,5892
sweep,5847
sweep,227
mark,1027472
sweep,4682
sweep,4265
sweep,4038
sweep,4405
sweep,3869
sweep,4051
sweep,3559
sweep,3034
sweep,2769
sweep,3254
sweep,3095
sweep,2740
sweep,2943
sweep,3088
sweep,2544
sweep,2771
sweep,3515
sweep,3293
sweep,2895
sweep,3720
sweep,2311
sweep,2548
sweep,3694
sweep,2335
sweep,3642
sweep,1926
sweep,3307
sweep,3930
sweep,4461
sweep,3497
sweep,3334
sweep,3016
sweep,2929
sweep,2888
sweep,2885
sweep,3620
sweep,2778
sweep,3230
sweep,2663
sweep,2732
sweep,4094
sweep,2654
sweep,2627
sweep,3084
sweep,2814
sweep,3374
sweep,2740
sweep,2496
sweep,2535
sweep,3762
sweep,3870
sweep,3997
sweep,4073
sweep,5949
sweep,7794
sweep,5850
sweep,8429
sweep,8330
sweep,8375
sweep,7412
sweep,7230
sweep,7029
sweep,829
mark,1030224
sweep,4854
sweep,3956
sweep,4268
sweep,4304
sweep,3556
sweep,4329
sweep,3634
sweep,3331
sweep,2990
sweep,3362
sweep,3059
sweep,2983
sweep,2956
sweep,3297
sweep,2814
sweep,3008
sweep,3319
sweep,2921
sweep,3208
sweep,3605
sweep,2358
sweep,2369
sweep,4178
sweep,2592
sweep,3242
sweep,1966
sweep,3727
sweep,4154
sweep,4475
sweep,3385
sweep,3178
sweep,3033
sweep,2933
sweep,3040
sweep,3084
sweep,3258
sweep,2696
sweep,3103
sweep,2963
sweep,2826
sweep,3769
sweep,2664
sweep,2754
sweep,3061
sweep,2962
sweep,3434
sweep,2756
sweep,2444
sweep,2648
sweep,5707
sweep,9065
sweep,8547
sweep,8692
sweep,8333
sweep,5511
sweep,6834
sweep,4041
sweep,4323
sweep,4784
sweep,6201
sweep,5815
sweep,5935
sweep,233
mark,1032733
sweep,4787
sweep,4187
sweep,4145
sweep,4037
sweep,3663
sweep,4297
sweep,3760
sweep,3078
sweep,3073
sweep,3547
sweep,3629
sweep,2793
sweep,2967
sweep,2799
sweep,2571
sweep,2730
sweep,3221
sweep,3008
sweep,2981
sweep,3468
sweep,2398
sweep,2493
sweep,3951
sweep,2397
sweep,3074
sweep,2106
sweep,3325
sweep,3943
sweep,4185
sweep,3287
sweep,3170
sweep,2956
sweep,2844
sweep,3092
sweep,3098
sweep,3476
sweep,2876
sweep,3005
sweep,2715
sweep,2973
sweep,12368
sweep,2707
sweep,2744
sweep,3328
sweep,3030
sweep,3729
sweep,2749
sweep,2543
sweep,2437
sweep,3551
sweep,3946
sweep,4027
sweep,4309
sweep,5704
sweep,8667
sweep,6214
sweep,8995
sweep,8967
sweep,9110
sweep,7159
sweep,7447
sweep,7780
sweep,843
mark,1050253
sweep,4756
sweep,4271
sweep,4357
sweep,3993
sweep,3935
sweep,4184
sweep,3659
sweep,3109
sweep,2820
sweep,3128
sweep,3322
sweep,2751
sweep,2697
sweep,2855
sweep,2678
sweep,2923
sweep,3448
sweep,3012
sweep,3023
sweep,3370
sweep,2340
sweep,2584
sweep,3846
sweep,2698
sweep,3191
sweep,2061
sweep,3989
sweep,4280
sweep,4454
sweep,3450
sweep,3071
sweep,3210
sweep,3088
sweep,3386
sweep,2885
sweep,3285
sweep,3017
sweep,3046
sweep,2596
sweep,2772
sweep,3737
sweep,2979
sweep,2833
sweep,2927
sweep,2883
sweep,3459
sweep,3021
sweep,2512
sweep,2597
sweep,5778
sweep,9129
sweep,8612
sweep,8437
sweep,8282
sweep,6207
sweep,7626
sweep,3975
sweep,4313
sweep,4291
sweep,5746
sweep,5727
sweep,6500
sweep,252
mark,1063727
sweep,5196
sweep,3880
sweep,4033
sweep,4306
sweep,3776
sweep,4316
sweep,3625
sweep,3356
sweep,2987
sweep,3277
sweep,3287
sweep,3347
sweep,2723
sweep,3137
sweep,2816
sweep,2749
sweep,3290
sweep,2885
sweep,3043
sweep,3632
sweep,2344
sweep,2487
sweep,4154
sweep,2632
sweep,3394
sweep,1905
sweep,3482
sweep,3763
sweep,4608
sweep,3686
sweep,3358
sweep,2902
sweep,2985
sweep,2965
sweep,2840
sweep,3558
sweep,2886
sweep,3202
sweep,2573
sweep,2797
sweep,3740
sweep,2846
sweep,2680
sweep,2930
sweep,3254
sweep,3801
sweep,2837
sweep,2763
sweep,2565
sweep,3833
sweep,4078
sweep,3924
sweep,4423
sweep,6045
sweep,7701
sweep,6373
sweep,8853
sweep,8297
sweep,8488
sweep,7402
sweep,7195
sweep,7668
sweep,848
mark,1050241
sweep,4886
sweep,4259
sweep,4014
sweep,4051
sweep,3739
sweep,4110
sweep,3648
sweep,3145
sweep,3273
sweep,3271
sweep,3319
sweep,3111
sweep,3126
sweep,2866
sweep,2855
sweep,2683
sweep,3500
sweep,3205
sweep,3068
sweep,3496
sweep,2674
sweep,2455
sweep,4065
sweep,2505
sweep,2997
sweep,1938
sweep,3669
sweep,3731
sweep,4765
sweep,3529
sweep,3047
sweep,3332
sweep,2940
sweep,2882
sweep,2813
sweep,3528
sweep,2734
sweep,3110
sweep,2554
sweep,2814
sweep,3863
sweep,2754
sweep,2632
sweep,3288
sweep,3023
sweep,3813
sweep,2962
sweep,2526
sweep,2454
sweep,5569
sweep,8946
sweep,8366
sweep,8652
sweep,8189
sweep,6335
sweep,7823
sweep,4228
sweep,4191
sweep,4338
sweep,6136
sweep,5907
sweep,6254
sweep,222
mark,1046319
sweep,4699
sweep,3838
sweep,4028
sweep,4484
sweep,3629
sweep,4165
sweep,3571
sweep,2952
sweep,3098
sweep,3304
sweep,3061
sweep,2802
sweep,2847
sweep,2928
sweep,2624
sweep,2872
sweep,3320
sweep,2913
sweep,3235
sweep,3461
sweep,2449
sweep,2545
sweep,3784
sweep,2909
sweep,3053
sweep,2137
sweep,3707
sweep,3972
sweep,4457
sweep,3774
sweep,3373
sweep,2989
sweep,3241
sweep,2908
sweep,2865
sweep,3229
sweep,2911
sweep,3124
sweep,2574
sweep,2699
sweep,3805
sweep,2759
sweep,2728
sweep,2988
sweep,3386
sweep,3507
sweep,2662
sweep,2534
sweep,2806
sweep,3855
sweep,4084
sweep,4670
sweep,4261
sweep,5745
sweep,7948
sweep,5938
sweep,8818
sweep,8468
sweep,8511
sweep,8394
sweep,7731
sweep,7680
sweep,831
mark,1048851
sweep,4804
sweep,3884
sweep,4002
sweep,4210
sweep,3768
sweep,4125
sweep,3720
sweep,3202
sweep,3280
sweep,3464
sweep,3077
sweep,3002
sweep,2693
sweep,3111
sweep,2649
sweep,2823
sweep,3294
sweep,2948
sweep,2983
sweep,3430
sweep,2360
sweep,2348
sweep,4020
sweep,2420
sweep,3409
sweep,1896
sweep,3515
sweep,3799
sweep,4210
sweep,3801
sweep,3068
sweep,3044
sweep,2912
sweep,3264
sweep,2842
sweep,3176
sweep,2744
sweep,3499
sweep,2692
sweep,2712
sweep,3754
sweep,2639
sweep,2749
sweep,2928
sweep,2856
sweep,3454
sweep,2852
sweep,2600
sweep,2684
sweep,5846
sweep,8971
sweep,8513
sweep,8666
sweep,8070
sweep,6696
sweep,7351
sweep,4176
sweep,4099
sweep,5087
sweep,6261
sweep,5839
sweep,5766
sweep,226
mark,1031147
sweep,5230
sweep,4189
sweep,3832
sweep,3799
sweep,3550
sweep,3940
sweep,3608
sweep,3355
sweep,3097
sweep,3620
sweep,3088
sweep,3392
sweep,2693
sweep,3232
sweep,2626
sweep,2650
sweep,3185
sweep,3097
sweep,3266
sweep,3431
sweep,2300
sweep,2517
sweep,3964
sweep,2334
sweep,3570
sweep,2155
sweep,3353
sweep,3993
sweep,4314
sweep,3300
sweep,3040
sweep,3154
sweep,3013
sweep,3165
sweep,2746
sweep,3280
sweep,2786
sweep,3382
sweep,2515
sweep,2720
sweep,3765
sweep,2624
sweep,3028
sweep,3096
sweep,2779
sweep,3506
sweep,2967
sweep,2471
sweep,2471
sweep,3711
sweep,3834
sweep,4106
sweep,4212
sweep,5741
sweep,8211
sweep,6021
sweep,8711
sweep,8639
sweep,8568
sweep,8251
sweep,7370
sweep,7030
sweep,933
mark,1030760
sweep,4567
sweep,4053
sweep,3957
sweep,4083
sweep,3798
sweep,4115
sweep,3965
sweep,3282
sweep,2860
sweep,3123
sweep,3096
sweep,2729
sweep,2744
sweep,2773
sweep,2801
sweep,2997
sweep,3314
sweep,2990
sweep,3055
sweep,3460
sweep,2343
sweep,2930
sweep,3745
sweep,2549
sweep,3668
sweep,2057
sweep,3596
sweep,3805
sweep,4604
sweep,4000
sweep,3276
sweep,3040
sweep,3504
sweep,3075
sweep,2805
sweep,3098
sweep,3010
sweep,3278
sweep,2653
sweep,2848
sweep,4359
sweep,2789
sweep,2715
sweep,2832
sweep,2817
sweep,3944
sweep,3233
sweep,2465
sweep,2454
sweep,5341
sweep,8501
sweep,8914
sweep,8853
sweep,7527
sweep,5830
sweep,7097
sweep,3953
sweep,4281
sweep,5113
sweep,6092
sweep,5906
sweep,5904
sweep,217
mark,1032914
sweep,4834
sweep,4077
sweep,3938
sweep,3984
sweep,3560
sweep,4058
sweep,3911
sweep,3278
sweep,2801
sweep,3311
sweep,3313
sweep,2868
sweep,2758
sweep,2773
sweep,2524
sweep,2766
sweep,3199
sweep,2887
sweep,3020
sweep,3343
sweep,2399
sweep,2597
sweep,3823
sweep,2548
sweep,3069
sweep,2109
sweep,3385
sweep,3632
sweep,4668
sweep,3429
sweep,3017
sweep,2902
sweep,2965
sweep,3355
sweep,2762
sweep,3330
sweep,2813
sweep,3251
sweep,2641
sweep,2657
sweep,3740
sweep,2657
sweep,2814
sweep,3034
sweep,3233
sweep,3427
sweep,2758
sweep,2852
sweep,2437
sweep,3649
sweep,4157
sweep,4237
sweep,4150
sweep,6109
sweep,7425
sweep,6134
sweep,8503
sweep,8526
sweep,8531
sweep,8588
sweep,7458
sweep,7451
sweep,895
mark,1036787
sweep,4672
sweep,3893
sweep,4135
sweep,4226
sweep,3819
sweep,4034
sweep,3729
sweep,3147
sweep,2872
sweep,3328
sweep,3045
sweep,3047
sweep,2583
sweep,2857
sweep,2614
sweep,2765
sweep,3297
sweep,2987
sweep,3051
sweep,3469
sweep,2401
sweep,2567
sweep,3870
sweep,2514
sweep,3105
sweep,2123
sweep,3448
sweep,3686
sweep,4276
sweep,3609
sweep,3127
sweep,3169
sweep,2923
sweep,3258
sweep,2877
sweep,3107
sweep,2826
sweep,3209
sweep,2477
sweep,3180
sweep,3918
sweep,2795
sweep,3028
sweep,3351
sweep,2856
sweep,3444
sweep,2698
sweep,2547
sweep,2688
sweep,5381
sweep,9088
sweep,8551
sweep,8265
sweep,8494
sweep,5737
sweep,7252
sweep,4077
sweep,4278
sweep,4119
sweep,5647
sweep,5914
sweep,6213
sweep,225
mark,1031642
sweep,4738
sweep,3820
sweep,4305
sweep,4035
sweep,3483
sweep,4398
sweep,3674
sweep,3057
sweep,2763
sweep,3196
sweep,3174
sweep,2745
sweep,2764
sweep,3057
sweep,2706
sweep,2821
sweep,3452
sweep,3138
sweep,3010
sweep,3448
sweep,2381
sweep,2764
sweep,4190
sweep,2361
sweep,3419
sweep,1825
sweep,3555
sweep,3980
sweep,4310
sweep,3251
sweep,3223
sweep,2961
sweep,2854
sweep,3213
sweep,2898
sweep,3336
sweep,2931
sweep,3028
sweep,3028
sweep,2768
sweep,3773
sweep,2672
sweep,2764
sweep,3060
sweep,2815
sweep,3477
sweep,3031
sweep,2539
sweep,2481
sweep,3780
sweep,3754
sweep,4091
sweep,4104
sweep,6052
sweep,7599
sweep,5986
sweep,9229
sweep,8256
sweep,8334
sweep,8107
sweep,7358
sweep,7618
sweep,878
mark,1038767
sweep,4978
sweep,3702
sweep,4059
sweep,4111
sweep,3622
sweep,3953
sweep,3607
sweep,3262
sweep,2789
sweep,3290
sweep,3004
sweep,3306
sweep,2987
sweep,3048
sweep,2690
sweep,2790
sweep,3287
sweep,2897
sweep,3013
sweep,3803
sweep,2263
sweep,2419
sweep,3803
sweep,2481
sweep,3658
sweep,2138
sweep,3519
sweep,3664
sweep,4249
sweep,3654
sweep,3485
sweep,2939
sweep,2868
sweep,3199
sweep,3083
sweep,3504
sweep,2824
sweep,3097
sweep,2516
sweep,2669
sweep,4197
sweep,2636
sweep,2802
sweep,3122
sweep,2759
sweep,3730
sweep,2791
sweep,2709
sweep,2403
sweep,5836
sweep,9097
sweep,8351
sweep,8544
sweep,8391
sweep,6039
sweep,7198
sweep,4252
sweep,4218
sweep,5045
sweep,6172
sweep,5995
sweep,5799
sweep,221
mark,1030348
sweep,4727
sweep,3942
sweep,3990
sweep,3959
sweep,3621
sweep,3896
sweep,3545
sweep,3207
sweep,2844
sweep,3288
sweep,3109
sweep,2872
sweep,2694
sweep,2703
sweep,2614
sweep,2686
sweep,3293
sweep,3120
sweep,2933
sweep,3578
sweep,2528
sweep,2785
sweep,4011
sweep,2593
sweep,3123
sweep,1915
sweep,3448
sweep,3764
sweep,4426
sweep,3213
sweep,3182
sweep,3027
sweep,2914
sweep,3177
sweep,2822
sweep,3125
sweep,2724
sweep,3020
sweep,2805
sweep,2726
sweep,3742
sweep,2697
sweep,2623
sweep,3084
sweep,2951
sweep,3438
sweep,2924
sweep,2480
sweep,2549
sweep,3543
sweep,4157
sweep,4001
sweep,4152
sweep,6067
sweep,7586
sweep,5817
sweep,8799
sweep,8322
sweep,8674
sweep,8188
sweep,7464
sweep,7694
sweep,867
mark,1028828
sweep,5182
sweep,3725
sweep,4322
sweep,4042
sweep,3874
sweep,4048
sweep,3895
sweep,3667
sweep,2847
sweep,3320
sweep,2983
sweep,3047
sweep,2871
sweep,2782
sweep,2664
sweep,2697
sweep,3648
sweep,2993
sweep,3003
sweep,3407
sweep,2285
sweep,2606
sweep,3741
sweep,2690
sweep,3228
sweep,1890
sweep,3640
sweep,4268
sweep,4898
sweep,3723
sweep,3226
sweep,2960
sweep,2964
sweep,2954
sweep,3057
sweep,2856
sweep,2710
sweep,3025
sweep,2536
sweep,2680
sweep,3919
sweep,2846
sweep,2595
sweep,2897
sweep,2717
sweep,3458
sweep,2726
sweep,2502
sweep,2572
sweep,5656
sweep,8635
sweep,8785
sweep,8575
sweep,8192
sweep,5879
sweep,6865
sweep,4039
sweep,4380
sweep,4963
sweep,6214
sweep,5608
sweep,5889
sweep,228
mark,1022075
sweep,4484
sweep,3797
sweep,4050
sweep,4204
sweep,3856
sweep,3986
sweep,3497
sweep,3413
sweep,3132
sweep,3222
sweep,3388
sweep,3174
sweep,2983
sweep,2851
sweep,2521
sweep,2747
sweep,3288
sweep,2902
sweep,3070
sweep,3435
sweep,2549
sweep,2488
sweep,3932
sweep,2669
sweep,3068
sweep,2033
sweep,3350
sweep,3647
sweep,4470
sweep,3245
sweep,3300
sweep,2994
sweep,3160
sweep,3067
sweep,2848
sweep,3258
sweep,2820
sweep,3042
sweep,2588
sweep,2646
sweep,3653
sweep,2671
sweep,3306
sweep,3098
sweep,2920
sweep,3347
sweep,2896
sweep,2540
sweep,2423
sweep,3381
sweep,3951
sweep,4062
sweep,4217
sweep,5712
sweep,8123
sweep,6446
sweep,8462
sweep,8389
sweep,8239
sweep,7357
sweep,7460
sweep,7382
sweep,827
mark,1029248
sweep,4500
sweep,3818
sweep,4396
sweep,4125
sweep,3644
sweep,4175
sweep,3677
sweep,3440
sweep,2968
sweep,3471
sweep,3135
sweep,3328
sweep,2831
sweep,2948
sweep,2641
sweep,2758
sweep,3347
sweep,2931
sweep,3031
sweep,3548
sweep,2411
sweep,2362
sweep,3789
sweep,2266
sweep,3111
sweep,2240
sweep,3502
sweep,3729
sweep,4366
sweep,3409
sweep,3407
sweep,3514
sweep,2948
sweep,3270
sweep,2806
sweep,3388
sweep,2700
sweep,3047
sweep,2817
sweep,2680
sweep,3772
sweep,2560
sweep,2748
sweep,2980
sweep,3128
sweep,3809
sweep,2692
sweep,2431
sweep,2501
sweep,5329
sweep,8821
sweep,8569
sweep,8606
sweep,8258
sweep,6403
sweep,7059
sweep,4275
sweep,4270
sweep,4893
sweep,6105
sweep,5591
sweep,6210
sweep,221
mark,1030255
sweep,4465
sweep,3965
sweep,4109
sweep,4091
sweep,3626
sweep,4072
sweep,3874
sweep,3102
sweep,2811
sweep,3178
sweep,3105
sweep,2876
sweep,2704
sweep,2788
sweep,2646
sweep,2874
sweep,3310
sweep,3140
sweep,3060
sweep,3421
sweep,2479
sweep,2516
sweep,3703
sweep,2607
sweep,3750
sweep,1934
sweep,3347
sweep,3870
sweep,4307
sweep,3510
sweep,3286
sweep,2911
sweep,2970
sweep,3178
sweep,2947
sweep,3565
sweep,3117
sweep,3138
sweep,2794
sweep,3019
sweep,3796
sweep,2729
sweep,2652
sweep,3165
sweep,2808
sweep,3461
sweep,2795
sweep,2520
sweep,2395
sweep,3498
sweep,4135
sweep,3986
sweep,4211
sweep,5886
sweep,8393
sweep,6471
sweep,8373
sweep,8515
sweep,8286
sweep,7248
sweep,7057
sweep,7182
sweep,880
mark,1036700
sweep,4670
sweep,4329
sweep,3970
sweep,4266
sweep,3698
sweep,4001
sweep,3641
sweep,3204
sweep,2835
sweep,3237
sweep,3000
sweep,2962
sweep,3189
sweep,2747
sweep,2738
sweep,3057
sweep,3256
sweep,3139
sweep,3127
sweep,3544
sweep,2535
sweep,2416
sweep,4215
sweep,2335
sweep,3134
sweep,1935
sweep,3669
sweep,3596
sweep,4165
sweep,3756
sweep,3089
sweep,3338
sweep,2873
sweep,3230
sweep,2868
sweep,3518
sweep,2998
sweep,3354
sweep,2699
sweep,3193
sweep,3979
sweep,2739
sweep,2961
sweep,2960
sweep,2829
sweep,3607
sweep,2872
sweep,2584
sweep,2553
sweep,5300
sweep,9114
sweep,8922
sweep,8892
sweep,8128
sweep,6441
sweep,7026
sweep,3926
sweep,4375
sweep,5061
sweep,6206
sweep,5550
sweep,5979
sweep,224
mark,1027429
sweep,4595
sweep,4099
sweep,4318
sweep,4042
sweep,3584
sweep,4121
sweep,3553
sweep,3344
sweep,3073
sweep,3258
sweep,3096
sweep,2943
sweep,2685
sweep,2834
sweep,2666
sweep,2900
sweep,3221
sweep,2948
sweep,3261
sweep,3761
sweep,2646
sweep,2786
sweep,3794
sweep,2441
sweep,3067
sweep,1998
sweep,3256
sweep,3622
sweep,4369
sweep,3580
sweep,3565
sweep,3109
sweep,2834
sweep,3054
sweep,2868
sweep,3250
sweep,3007
sweep,3206
sweep,2761
sweep,3209
sweep,3998
sweep,2935
sweep,2881
sweep,3080
sweep,2841
sweep,3501
sweep,2986
sweep,2877
sweep,2467
sweep,3742
sweep,4060
sweep,3913
sweep,4401
sweep,5662
sweep,8504
sweep,6425
sweep,8282
sweep,8307
sweep,8538
sweep,7539
sweep,7026
sweep,7420
sweep,833
mark,1037081
sweep,4782
sweep,3948
sweep,4029
sweep,4175
sweep,3756
sweep,3933
sweep,3622
sweep,3145
sweep,2893
sweep,3243
sweep,3046
sweep,2713
sweep,2819
sweep,2861
sweep,2951
sweep,3016
sweep,3276
sweep,3191
sweep,3179
sweep,3463
sweep,2375
sweep,2427
sweep,3714
sweep,2764
sweep,3280
sweep,2476
sweep,3608
sweep,3689
sweep,4659
sweep,3436
sweep,3274
sweep,3030
sweep,2894
sweep,3006
sweep,2827
sweep,3148
sweep,2837
sweep,3481
sweep,2431
sweep,2864
sweep,3793
sweep,2802
sweep,2656
sweep,3030
sweep,3107
sweep,3621
sweep,2872
sweep,2607
sweep,2666
sweep,5321
sweep,8873
sweep,8570
sweep,8645
sweep,7829
sweep,5771
sweep,7317
sweep,4097
sweep,4721
sweep,5103
sweep,6466
sweep,5853
sweep,6233
sweep,236
mark,1057207
sweep,4668
sweep,3816
sweep,3980
sweep,3987
sweep,3520
sweep,4456
sweep,3609
sweep,2992
sweep,3077
sweep,3108
sweep,3130
sweep,2765
sweep,2707
sweep,3027
sweep,2560
sweep,2881
sweep,3186
sweep,3025
sweep,3198
sweep,3761
sweep,2313
sweep,2595
sweep,3769
sweep,2298
sweep,3067
sweep,1985
sweep,3376
sweep,3778
sweep,4302
sweep,3297
sweep,3368
sweep,3027
sweep,2865
sweep,3307
sweep,2771
sweep,3216
sweep,2764
sweep,3112
sweep,2546
sweep,2768
sweep,3729
sweep,2584
sweep,2806
sweep,3094
sweep,2863
sweep,3528
sweep,2911
sweep,2553
sweep,2686
sweep,3599
sweep,4220
sweep,4027
sweep,4345
sweep,5837
sweep,8457
sweep,6523
sweep,8679
sweep,8545
sweep,8271
sweep,7594
sweep,7718
sweep,7694
sweep,788
mark,1030073
sweep,4364
sweep,3850
sweep,3899
sweep,4104
sweep,3651
sweep,4380
sweep,3946
sweep,3524
sweep,2804
sweep,3566
sweep,3300
sweep,2966
sweep,3094
sweep,2986
sweep,2806
sweep,2848
sweep,3475
sweep,2911
sweep,3121
sweep,3559
sweep,2460
sweep,2372
sweep,3787
sweep,2287
sweep,3057
sweep,2188
sweep,3301
sweep,3674
sweep,4423
sweep,3303
sweep,3263
sweep,3153
sweep,2853
sweep,3049
sweep,3099
sweep,3195
sweep,2749
sweep,3259
sweep,2753
sweep,2551
sweep,3905
sweep,2670
sweep,2676
sweep,3399
sweep,3120
sweep,3391
sweep,2931
sweep,2775
sweep,2505
sweep,5468
sweep,9108
sweep,8649
sweep,8403
sweep,8228
sweep,6024
sweep,6870
sweep,4050
sweep,4536
sweep,4991
sweep,6380
sweep,5800
sweep,5733
sweep,225
mark,1025382
sweep,4487
sweep,4141
sweep,3986
sweep,4148
sweep,3776
sweep,4413
sweep,3794
sweep,3132
sweep,3009
sweep,3125
sweep,3082
sweep,2751
sweep,2640
sweep,2770
sweep,2611
sweep,2690
sweep,3440
sweep,3127
sweep,3345
sweep,3657
sweep,2627
sweep,2534
sweep,3747
sweep,2767
sweep,3091
sweep,1863
sweep,3316
sweep,4239
sweep,4390
sweep,3589
sweep,3197
sweep,3566
sweep,2986
sweep,3420
sweep,2751
sweep,3204
sweep,2724
sweep,3032
sweep,2459
sweep,2819
sweep,3728
sweep,2683
sweep,2900
sweep,3070
sweep,2926
sweep,3519
sweep,2973
sweep,2626
sweep,2579
sweep,3567
sweep,4317
sweep,4351
sweep,4490
sweep,5643
sweep,8442
sweep,6534
sweep,8831
sweep,8190
sweep,8389
sweep,7026
sweep,7170
sweep,6915
sweep,824
mark,1027662
sweep,4846
sweep,3999
sweep,3988
sweep,4069
sweep,3767
sweep,4149
sweep,3872
sweep,3096
sweep,2953
sweep,3375
sweep,3340
sweep,3112
sweep,2981
sweep,2937
sweep,2729
sweep,2666
sweep,3421
sweep,3286
sweep,2926
sweep,3587
sweep,2351
sweep,2378
sweep,4333
sweep,2373
sweep,3152
sweep,2190
sweep,3420
sweep,3578
sweep,4160
sweep,3507
sweep,3060
sweep,3006
sweep,2884
sweep,2951
sweep,2988
sweep,3088
sweep,2794
sweep,3266
sweep,2522
sweep,2756
sweep,3911
sweep,2611
sweep,2689
sweep,2991
sweep,2998
sweep,3397
sweep,2825
sweep,2522
sweep,2397
sweep,5763
sweep,8515
sweep,8790
sweep,8808
sweep,7688
sweep,5930
sweep,7117
sweep,3900
sweep,4314
sweep,4703
sweep,6008
sweep,5882
sweep,5719
sweep,222
mark,1028945
sweep,4715
sweep,4175
sweep,3872
sweep,4034
sweep,3566
sweep,3936
sweep,3506
sweep,3080
sweep,2770
sweep,3304
sweep,3062
sweep,2740
sweep,2727
sweep,2753
sweep,3033
sweep,2916
sweep,3507
sweep,3332
sweep,3102
sweep,3569
sweep,2325
sweep,2496
sweep,3993
sweep,2423
sweep,3066
sweep,2115
sweep,3322
sweep,3742
sweep,4674
sweep,3692
sweep,3240
sweep,3067
sweep,3378
sweep,3117
sweep,2765
sweep,3202
sweep,3089
sweep,2940
sweep,2551
sweep,2871
sweep,3753
sweep,2805
sweep,2760
sweep,2990
sweep,2989
sweep,3585
sweep,2703
sweep,2442
sweep,2552
sweep,3660
sweep,4108
sweep,3964
sweep,4223
sweep,5677
sweep,7878
sweep,6004
sweep,9002
sweep,8303
sweep,8529
sweep,7529
sweep,7362
sweep,7209
sweep,837
mark,1032050
sweep,4556
sweep,4082
sweep,4022
sweep,4323
sweep,3599
sweep,4085
sweep,3839
sweep,3141
sweep,3116
sweep,3392
sweep,3147
sweep,2725
sweep,2781
sweep,3039
sweep,2616
sweep,2970
sweep,3274
sweep,2880
sweep,2960
sweep,3528
sweep,2301
sweep,2652
sweep,3747
sweep,2711
sweep,3162
sweep,2121
sweep,3482
sweep,4043
sweep,4340
sweep,3450
sweep,3245
sweep,3355
sweep,3035
sweep,2902
sweep,2931
sweep,3538
sweep,2841
sweep,3261
sweep,2634
sweep,2617
sweep,3753
sweep,2786
sweep,2851
sweep,2972
sweep,2928
sweep,3450
sweep,2704
sweep,2492
sweep,2487
sweep,6052
sweep,9105
sweep,8258
sweep,8742
sweep,8206
sweep,6532
sweep,7856
sweep,4609
sweep,4836
sweep,4464
sweep,5943
sweep,5492
sweep,6645
sweep,243
mark,1032165
sweep,4674
sweep,4231
sweep,3993
sweep,4448
sweep,3595
sweep,4084
sweep,3505
sweep,3100
sweep,2843
sweep,3187
sweep,3134
sweep,2699
sweep,2714
sweep,3083
sweep,2580
sweep,2838
sweep,3511
sweep,3201
sweep,3251
sweep,3499
sweep,2308
sweep,2710
sweep,4017
sweep,2499
sweep,3703
sweep,1946
sweep,3451
sweep,3721
sweep,4341
sweep,3773
sweep,3550
sweep,3329
sweep,2945
sweep,2982
sweep,2861
sweep,3555
sweep,2802
sweep,3015
sweep,2794
sweep,3056
sweep,3674
sweep,2742
sweep,2966
sweep,3307
sweep,3202
sweep,3908
sweep,2744
sweep,2562
sweep,2469
sweep,3524
sweep,4145
sweep,3873
sweep,4358
sweep,6370
sweep,7742
sweep,6354
sweep,8508
sweep,8390
sweep,8453
sweep,7337
sweep,7554
sweep,7666
sweep,843
mark,1030288
sweep,4702
sweep,3993
sweep,3947
sweep,4193
sweep,3577
sweep,4324
sweep,3795
sweep,3076
sweep,3073
sweep,3326
sweep,3568
sweep,3014
sweep,2837
sweep,2916
sweep,2739
sweep,2780
sweep,3325
sweep,2914
sweep,3051
sweep,3480
sweep,2367
sweep,2540
sweep,3828
sweep,2603
sweep,3511
sweep,1918
sweep,3382
sweep,3922
sweep,4675
sweep,3375
sweep,3084
sweep,3137
sweep,2868
sweep,2968
sweep,2787
sweep,3134
sweep,3137
sweep,3201
sweep,2756
sweep,2576
sweep,3966
sweep,3056
sweep,2686
sweep,2939
sweep,2932
sweep,3680
sweep,2816
sweep,2764
sweep,2391
sweep,5936
sweep,9248
sweep,8501
sweep,8623
sweep,8040
sweep,5989
sweep,7610
sweep,4314
sweep,4483
sweep,4277
sweep,5803
sweep,5561
sweep,6090
sweep,228
mark,1038049
sweep,4723
sweep,3790
sweep,4146
sweep,4255
sweep,3583
sweep,4295
sweep,4064
sweep,3417
sweep,2846
sweep,3058
sweep,3227
sweep,2766
sweep,2697
sweep,2938
sweep,2582
sweep,2749
sweep,3204
sweep,3444
sweep,3058
sweep,3484
sweep,2437
sweep,2504
sweep,3993
sweep,2710
sweep,3313
sweep,2068
sweep,3569
sweep,3696
sweep,4369
sweep,3413
sweep,3067
sweep,2970
sweep,2822
sweep,3079
sweep,2932
sweep,3258
sweep,2704
sweep,3038
sweep,2654
sweep,2646
sweep,3698
sweep,2652
sweep,2829
sweep,3053
sweep,2807
sweep,3405
sweep,2656
sweep,3010
sweep,2533
sweep,3712
sweep,4273
sweep,3979
sweep,4122
sweep,5598
sweep,8546
sweep,6548
sweep,8349
sweep,8431
sweep,8522
sweep,7472
sweep,7056
sweep,7193
sweep,825
mark,1036835
sweep,4599
sweep,4101
sweep,3940
sweep,4056
sweep,3813
sweep,4034
sweep,3625
sweep,3310
sweep,3111
sweep,3163
sweep,3075
sweep,3064
sweep,2829
sweep,2979
sweep,2648
sweep,3177
sweep,3215
sweep,2918
sweep,3255
sweep,3596
sweep,2365
sweep,2425
sweep,3899
sweep,2361
sweep,3067
sweep,1890
sweep,3550
sweep,3636
sweep,4648
sweep,3835
sweep,3541
sweep,3082
sweep,11841
sweep,3144
sweep,3200
sweep,2987
sweep,2806
sweep,3473
sweep,2603
sweep,3152
sweep,3844
sweep,3032
sweep,2715
sweep,2939
sweep,2824
sweep,3480
sweep,2824
sweep,2468
sweep,2682
sweep,5661
sweep,8984
sweep,8640
sweep,8751
sweep,8136
sweep,5805
sweep,7245
sweep,4006
sweep,4420
sweep,4222
sweep,5505
sweep,5575
sweep,5784
sweep,222
mark,1046983
sweep,4560
sweep,3946
sweep,4447
sweep,3940
sweep,3755
sweep,4179
sweep,3614
sweep,3139
sweep,2793
sweep,2984
sweep,3380
sweep,3002
sweep,2765
sweep,2814
sweep,2800
sweep,2863
sweep,3557
sweep,3292
sweep,3154
sweep,3528
sweep,2376
sweep,2555
sweep,3801
sweep,2379
sweep,3067
sweep,1984
sweep,3591
sweep,3896
sweep,4367
sweep,3540
sweep,3390
sweep,2950
sweep,3195
sweep,3059
sweep,2951
sweep,3270
sweep,2741
sweep,3070
sweep,2643
sweep,3153
sweep,3779
sweep,2781
sweep,2975
sweep,3269
sweep,3159
sweep,3508
sweep,2686
sweep,2510
sweep,2716
sweep,3627
sweep,3961
sweep,4290
sweep,4269
sweep,6088
sweep,7829
sweep,6256
sweep,8995
sweep,8147
sweep,8827
sweep,7465
sweep,7773
sweep,7095
sweep,834
mark,1030170
sweep,4552
sweep,4376
sweep,4026
sweep,4252
sweep,3881
sweep,4320
sweep,3719
sweep,3036
sweep,2799
sweep,3415
sweep,3235
sweep,2804
sweep,2743
sweep,2865
sweep,2673
sweep,2852
sweep,3341
sweep,2932
sweep,3187
sweep,3565
sweep,2666
sweep,2477
sweep,3886
sweep,2492
sweep,3170
sweep,2022
sweep,3431
sweep,3731
sweep,4394
sweep,3462
sweep,3418
sweep,3017
sweep,2992
sweep,3231
sweep,3037
sweep,3258
sweep,2932
sweep,3101
sweep,2461
sweep,2637
sweep,3775
sweep,3058
sweep,2682
sweep,2894
sweep,3071
sweep,3524
sweep,3154
sweep,2564
sweep,2528
sweep,5504
sweep,8948
sweep,8668
sweep,8894
sweep,8348
sweep,5905
sweep,6974
sweep,4468
sweep,4349
sweep,5074
sweep,6109
sweep,5859
sweep,6066
sweep,232
mark,1024275
sweep,5131
sweep,3711
sweep,4170
sweep,4413
sweep,4020
sweep,4082
sweep,3767
sweep,3335
sweep,2828
sweep,3034
sweep,3308
sweep,3134
sweep,2682
sweep,2976
sweep,2842
sweep,2980
sweep,3299
sweep,2881
sweep,2926
sweep,3810
sweep,2272
sweep,2786
sweep,3813
sweep,2379
sweep,3013
sweep,1847
sweep,3458
sweep,3613
sweep,4308
sweep,3442
sweep,3404
sweep,3374
sweep,2940
sweep,3052
sweep,2705
sweep,3351
sweep,2749
sweep,3328
sweep,2438
sweep,3233
sweep,3757
sweep,3181
sweep,2868
sweep,3096
sweep,4139
sweep,3618
sweep,2648
sweep,2467
sweep,2684
sweep,3771
sweep,3574
sweep,3999
sweep,4185
sweep,5732
sweep,7837
sweep,5847
sweep,8912
sweep,8189
sweep,8416
sweep,7356
sweep,6982
sweep,7389
sweep,879
mark,1064850
sweep,4969
sweep,4152
sweep,4025
sweep,4312
sweep,3697
sweep,4323
sweep,3882
sweep,3424
sweep,3145
sweep,3496
sweep,3012
sweep,2716
sweep,2774
sweep,2875
sweep,2701
sweep,2915
sweep,3607
sweep,2980
sweep,3054
sweep,3414
sweep,2355
sweep,2347
sweep,3672
sweep,2589
sweep,3547
sweep,2138
sweep,3408
sweep,3852
sweep,4244
sweep,3493
sweep,3109
sweep,3164
sweep,3328
sweep,3358
sweep,2755
sweep,3134
sweep,3011
sweep,3025
sweep,2571
sweep,2625
sweep,3736
sweep,2901
sweep,2734
sweep,3065
sweep,2845
sweep,3395
sweep,2685
sweep,2694
sweep,2586
sweep,5502
sweep,8980
sweep,8368
sweep,8282
sweep,7908
sweep,5761
sweep,6827
sweep,4076
sweep,4578
sweep,4768
sweep,6238
sweep,5697
sweep,5822
sweep,224
mark,1028273
sweep,4339
sweep,4170
sweep,3836
sweep,4308
sweep,4025
sweep,4384
sweep,3674
sweep,3236
sweep,3087
sweep,3264
sweep,3136
sweep,2949
sweep,2665
sweep,3001
sweep,2570
sweep,2617
sweep,3182
sweep,2926
sweep,3042
sweep,3343
sweep,2367
sweep,2600
sweep,4332
sweep,2445
sweep,3228
sweep,2125
sweep,6147
sweep,3837
sweep,5064
sweep,3248
sweep,3209
sweep,2975
sweep,3001
sweep,3102
sweep,2712
sweep,3461
sweep,2887
sweep,3136
sweep,2573
sweep,2746
sweep,3866
sweep,2889
sweep,2765
sweep,3062
sweep,2857
sweep,3468
sweep,2659
sweep,2446
sweep,2488
sweep,3498
sweep,3980
sweep,4184
sweep,4179
sweep,6015
sweep,8023
sweep,6002
sweep,9023
sweep,8189
sweep,8805
sweep,6892
sweep,7491
sweep,7024
sweep,840
mark,1036162
sweep,5118
sweep,4124
sweep,4014
sweep,4104
sweep,3701
sweep,4381
sweep,3774
sweep,3071
sweep,2984
sweep,3497
sweep,3218
sweep,3137
sweep,2733
sweep,2785
sweep,2817
sweep,2927
sweep,3654
sweep,3000
sweep,3292
sweep,3464
sweep,2604
sweep,2388
sweep,4009
sweep,2691
sweep,2998
sweep,2018
sweep,3718
sweep,3793
sweep,9523
sweep,3868
sweep,3130
sweep,2903
sweep,2868
sweep,2989
sweep,2822
sweep,3208
sweep,2756
sweep,3294
sweep,2555
sweep,2625
sweep,3847
sweep,2708
sweep,2887
sweep,3226
sweep,2793
sweep,3979
sweep,3077
sweep,2540
sweep,2531
sweep,5328
sweep,8940
sweep,8337
sweep,8876
sweep,8147
sweep,5929
sweep,7243
sweep,4247
sweep,4126
sweep,4989
sweep,6109
sweep,5918
sweep,5961
sweep,222
mark,1037531
sweep,4469
sweep,3953
sweep,4035
sweep,3897
sweep,3488
sweep,4225
sweep,3744
sweep,3360
sweep,2723
sweep,2872
sweep,3125
sweep,2788
sweep,2719
sweep,2908
sweep,2788
sweep,2686
sweep,3350
sweep,3112
sweep,3135
sweep,3719
sweep,2346
sweep,2685
sweep,4082
sweep,2333
sweep,3151
sweep,1868
sweep,3292
sweep,3627
sweep,4348
sweep,3834
sweep,3102
sweep,3175
sweep,2851
sweep,3015
sweep,2992
sweep,3252
sweep,2767
sweep,3242
sweep,2673
sweep,2854
sweep,3670
sweep,3117
sweep,2951
sweep,3093
sweep,2783
sweep,3546
sweep,2610
sweep,2566
sweep,2381
sweep,3672
sweep,4466
sweep,4040
sweep,4355
sweep,5943
sweep,8313
sweep,6704
sweep,8399
sweep,8307
sweep,8441
sweep,7507
sweep,7035
sweep,7216
sweep,826
mark,1037349
sweep,4690
sweep,4144
sweep,3919
sweep,4131
sweep,4015
sweep,4202
sweep,3922
sweep,3219
sweep,2919
sweep,3067
sweep,2961
sweep,2701
sweep,2660
sweep,2853
sweep,5428
sweep,2716
sweep,3585
sweep,3007
sweep,3005
sweep,3509
sweep,2347
sweep,2386
sweep,4268
sweep,2315
sweep,3084
sweep,1980
sweep,3645
sweep,3664
sweep,4591
sweep,3478
sweep,3238
sweep,3113
sweep,2882
sweep,3387
sweep,2824
sweep,3393
sweep,2957
sweep,3302
sweep,2478
sweep,2619
sweep,3827
sweep,2612
sweep,2885
sweep,3279
sweep,2871
sweep,3360
sweep,2728
sweep,2519
sweep,2725
sweep,5372
sweep,9287
sweep,8688
sweep,8592
sweep,8195
sweep,6521
sweep,6889
sweep,4000
sweep,4247
sweep,4880
sweep,6236
sweep,5979
sweep,5773
sweep,224
mark,1036895
sweep,4948
sweep,3944
sweep,4123
sweep,4284
sweep,3543
sweep,4278
sweep,3612
sweep,3350
sweep,2802
sweep,3460
sweep,3192
sweep,2906
sweep,2783
sweep,2806
sweep,2552
sweep,2688
sweep,3430
sweep,2976
sweep,2971
sweep,3520
sweep,2473
sweep,2514
sweep,4043
sweep,2409
sweep,3213
sweep,2146
sweep,3582
sweep,3636
sweep,4636
sweep,3284
sweep,3119
sweep,3072
sweep,2958
sweep,3227
sweep,2802
sweep,3204
sweep,2766
sweep,3010
sweep,2736
sweep,3004
sweep,3913
sweep,2958
sweep,2926
sweep,3520
sweep,2753
sweep,3464
sweep,2708
sweep,2534
sweep,2546
sweep,3745
sweep,4455
sweep,4027
sweep,4256
sweep,6191
sweep,7498
sweep,5902
sweep,8677
sweep,8229
sweep,8594
sweep,8355
sweep,7477
sweep,7529
sweep,777
mark,1034339
sweep,5239
sweep,3894
sweep,4108
sweep,4205
sweep,3801
sweep,4234
sweep,3605
sweep,3535
sweep,2797
sweep,3719
sweep,3053
sweep,2866
sweep,3185
sweep,2767
sweep,3153
sweep,2880
sweep,3563
sweep,2938
sweep,3011
sweep,3564
sweep,2495
sweep,2596
sweep,4059
sweep,2640
sweep,3364
sweep,1958
sweep,3355
sweep,3749
sweep,4543
sweep,3477
sweep,3149
sweep,2836
sweep,3354
sweep,3129
sweep,2878
sweep,3312
sweep,2700
sweep,3299
sweep,2832
sweep,2691
sweep,3759
sweep,2906
sweep,2727
sweep,2964
sweep,2902
sweep,3697
sweep,2927
sweep,2461
sweep,2650
sweep,5351
sweep,8763
sweep,8223
sweep,8385
sweep,8215
sweep,6670
sweep,6887
sweep,4463
sweep,4281
sweep,4795
sweep,6283
sweep,5849
sweep,6440
sweep,226
mark,1030823
sweep,4857
sweep,4106
sweep,4190
sweep,4308
sweep,3685
sweep,4258
sweep,3547
sweep,3348
sweep,2782
sweep,3068
sweep,3146
sweep,2945
sweep,2673
sweep,3290
sweep,2844
sweep,2833
sweep,3187
sweep,3212
sweep,3191
sweep,3468
sweep,2386
sweep,2968
sweep,3678
sweep,2456
sweep,3072
sweep,2005
sweep,3466
sweep,3773
sweep,12895
sweep,3843
sweep,3070
sweep,3141
sweep,3047
sweep,3254
sweep,2974
sweep,3289
sweep,2816
sweep,3077
sweep,2605
sweep,2738
sweep,3554
sweep,2710
sweep,2942
sweep,2896
sweep,2765
sweep,3379
sweep,2823
sweep,2493
sweep,2410
sweep,3507
sweep,3962
sweep,3943
sweep,4139
sweep,5426
sweep,8696
sweep,6550
sweep,8876
sweep,8252
sweep,8949
sweep,7165
sweep,7615
sweep,16732
sweep,832
mark,1031888
sweep,4688
sweep,3748
sweep,4372
sweep,4352
sweep,3822
sweep,4190
sweep,3765
sweep,3062
sweep,2925
sweep,3335
sweep,3004
sweep,3171
sweep,2637
sweep,2833
sweep,2786
sweep,2876
sweep,3494
sweep,2933
sweep,2983
sweep,3407
sweep,2533
sweep,2388
sweep,3854
sweep,2410
sweep,3060
sweep,2230
sweep,3473
sweep,3858
sweep,4642
sweep,3334
sweep,3239
sweep,3082
sweep,3248
sweep,2926
sweep,2914
sweep,3285
sweep,2774
sweep,3138
sweep,2473
sweep,3146
sweep,3819
sweep,2788
sweep,2871
sweep,2835
sweep,2916
sweep,3877
sweep,2677
sweep,2714
sweep,2426
sweep,5148
sweep,8741
sweep,8377
sweep,8617
sweep,7894
sweep,6589
sweep,6819
sweep,4031
sweep,4313
sweep,4836
sweep,6097
sweep,5803
sweep,5956
sweep,225
mark,1042940
sweep,4852
sweep,3870
sweep,4540
sweep,4260
sweep,3853
sweep,4139
sweep,3845
sweep,3486
sweep,2816
sweep,3179
sweep,3284
sweep,2859
sweep,2716
sweep,2924
sweep,2563
sweep,2656
sweep,3514
sweep,2964
sweep,2809
sweep,3520
sweep,2384
sweep,2963
sweep,3710
sweep,3176
sweep,3606
sweep,1901
sweep,3434
sweep,3940
sweep,4353
sweep,3773
sweep,3119
sweep,3511
sweep,2909
sweep,2975
sweep,2863
sweep,3458
sweep,2746
sweep,3361
sweep,2524
sweep,2985
sweep,3691
sweep,2987
sweep,2882
sweep,3151
sweep,2833
sweep,3426
sweep,2827
sweep,2385
sweep,2510
sweep,4049
sweep,4718
sweep,4197
sweep,4358
sweep,5638
sweep,8335
sweep,5892
sweep,9053
sweep,8016
sweep,8260
sweep,7101
sweep,7390
sweep,7367
sweep,838
mark,1034387
sweep,4747
sweep,4146
sweep,4026
sweep,4116
sweep,3659
sweep,4363
sweep,3514
sweep,3413
sweep,2896
sweep,3356
sweep,2972
sweep,3024
sweep,2825
sweep,3167
sweep,3105
sweep,2966
sweep,3507
sweep,3041
sweep,3092
sweep,3953
sweep,2346
sweep,2603
sweep,3870
sweep,2350
sweep,3132
sweep,2113
sweep,3512
sweep,3898
sweep,4240
sweep,3582
sweep,3280
sweep,3147
sweep,3047
sweep,3029
sweep,3069
sweep,3135
sweep,2891
sweep,3218
sweep,2711
sweep,2762
sweep,3978
sweep,2726
sweep,2764
sweep,3346
sweep,3137
sweep,3416
sweep,2952
sweep,2813
sweep,2447
sweep,5996
sweep,9302
sweep,8928
sweep,8580
sweep,8080
sweep,6204
sweep,7704
sweep,4001
sweep,4239
sweep,4867
sweep,6296
sweep,5933
sweep,5711
sweep,221
mark,1035505
sweep,4694
sweep,3916
sweep,4120
sweep,4323
sweep,3970
sweep,4274
sweep,3698
sweep,3157
sweep,2867
sweep,3006
sweep,3014
sweep,2785
sweep,3046
sweep,2872
sweep,2560
sweep,2749
sweep,3192
sweep,3175
sweep,3210
sweep,3458
sweep,2458
sweep,2723
sweep,4005
sweep,2463
sweep,3138
sweep,2368
sweep,3383
sweep,3725
sweep,4297
sweep,3357
sweep,3170
sweep,2906
sweep,2853
sweep,3132
sweep,2772
sweep,3258
sweep,2996
sweep,3097
sweep,2551
sweep,3145
sweep,4116
sweep,2724
sweep,2831
sweep,3344
sweep,2858
sweep,3712
sweep,2816
sweep,2477
sweep,2835
sweep,3519
sweep,4203
sweep,4043
sweep,4145
sweep,6227
sweep,7726
sweep,5934
sweep,8842
sweep,8355
sweep,8600
sweep,8219
sweep,7533
sweep,7520
sweep,811
mark,1038371
sweep,4699
sweep,3743
sweep,4229
sweep,4054
sweep,3957
sweep,4125
sweep,3617
sweep,3157
sweep,2916
sweep,3585
sweep,3187
sweep,2878
sweep,2969
sweep,3014
sweep,2653
sweep,3064
sweep,3220
sweep,3115
sweep,3028
sweep,3370
sweep,2448
sweep,2611
sweep,3775
sweep,2545
sweep,3116
sweep,1961
sweep,3383
sweep,3703
sweep,4432
sweep,3508
sweep,3195
sweep,3002
sweep,3341
sweep,3016
sweep,2915
sweep,3343
sweep,2768
sweep,3272
sweep,2552
sweep,3185
sweep,3849
sweep,2765
sweep,5771
sweep,2904
sweep,3408
sweep,3474
sweep,2838
sweep,2479
sweep,2444
sweep,5640
sweep,9130
sweep,8959
sweep,8779
sweep,8190
sweep,5625
sweep,6612
sweep,4007
sweep,4394
sweep,4787
sweep,6232
sweep,5966
sweep,5784
sweep,233
mark,1029996
sweep,4662
sweep,3959
sweep,3988
sweep,4594
sweep,3644
sweep,4235
sweep,3916
sweep,3152
sweep,3147
sweep,3135
sweep,3049
sweep,2719
sweep,2909
sweep,3134
sweep,2844
sweep,2943
sweep,3238
sweep,3016
sweep,3169
sweep,3508
sweep,2472
sweep,2659
sweep,3724
sweep,2659
sweep,3077
sweep,1880
sweep,3606
sweep,3793
sweep,4205
sweep,3240
sweep,3267
sweep,2975
sweep,3220
sweep,2964
sweep,2894
sweep,3260
sweep,2689
sweep,3096
sweep,2527
sweep,3202
sweep,3892
sweep,2835
sweep,2777
sweep,3144
sweep,3117
sweep,3359
sweep,2951
sweep,2517
sweep,2472
sweep,3536
sweep,3973
sweep,4115
sweep,4200
sweep,6055
sweep,7970
sweep,5707
sweep,8670
sweep,8142
sweep,8477
sweep,8161
sweep,7494
sweep,7414
sweep,822
mark,1029257
sweep,4855
sweep,3993
sweep,4274
sweep,4448
sweep,3705
sweep,4154
sweep,3555
sweep,7557
sweep,3118
sweep,3167
sweep,3044
sweep,2709
sweep,2822
sweep,2853
sweep,2573
sweep,2975
sweep,3398
sweep,2912
sweep,3017
sweep,3543
sweep,2581
sweep,2405
sweep,4180
sweep,2656
sweep,3135
sweep,1907
sweep,3393
sweep,3943
sweep,4437
sweep,3406
sweep,3131
sweep,3253
sweep,2820
sweep,3033
sweep,3109
sweep,3307
sweep,2775
sweep,3057
sweep,2661
sweep,2728
sweep,3869
sweep,2900
sweep,2626
sweep,2974
sweep,2964
sweep,3367
sweep,2928
sweep,2792
sweep,2485
sweep,5883
sweep,8976
sweep,8739
sweep,8716
sweep,8275
sweep,6476
sweep,7261
sweep,4056
sweep,4312
sweep,4813
sweep,6227
sweep,5877
sweep,5624
sweep,224
mark,1030036
sweep,4700
sweep,3961
sweep,4001
sweep,4497
sweep,3592
sweep,4128
sweep,3623
sweep,3276
sweep,3104
sweep,3182
sweep,3541
sweep,3034
sweep,2798
sweep,3054
sweep,2490
sweep,2652
sweep,3247
sweep,2978
sweep,3095
sweep,3513
sweep,2341
sweep,2685
sweep,4001
sweep,2807
sweep,3125
sweep,1935
sweep,3368
sweep,3702
sweep,4315
sweep,3251
sweep,3098
sweep,3215
sweep,3252
sweep,2979
sweep,2724
sweep,3214
sweep,2881
sweep,3010
sweep,2556
sweep,2987
sweep,3619
sweep,2716
sweep,2911
sweep,3053
sweep,3103
sweep,3649
sweep,2761
sweep,2764
sweep,2646
sweep,3777
sweep,4550
sweep,4165
sweep,4244
sweep,5649
sweep,8321
sweep,6084
sweep,8989
sweep,8439
sweep,9203
sweep,7373
sweep,7851
sweep,7228
sweep,799
mark,1058616
sweep,4699
sweep,4123
sweep,4254
sweep,4154
sweep,3783
sweep,4052
sweep,3637
sweep,3302
sweep,3031
sweep,3235
sweep,3030
sweep,2858
sweep,2709
sweep,3075
sweep,2623
sweep,2940
sweep,3650
sweep,2928
sweep,3106
sweep,3638
sweep,2543
sweep,2463
sweep,3840
sweep,2506
sweep,3394
sweep,1930
sweep,3386
sweep,4084
sweep,4326
sweep,3428
sweep,3070
sweep,2850
sweep,3403
sweep,3178
sweep,2765
sweep,3098
sweep,2916
sweep,3197
sweep,2842
sweep,3141
sweep,3805
sweep,2616
sweep,2767
sweep,2952
sweep,2865
sweep,3451
sweep,2797
sweep,2739
sweep,2526
sweep,5837
sweep,9061
sweep,8806
sweep,8440
sweep,7681
sweep,6118
sweep,6993
sweep,4058
sweep,4272
sweep,4749
sweep,6202
sweep,5925
sweep,5780
sweep,239
mark,1027592
sweep,4847
sweep,4016
sweep,4381
sweep,4248
sweep,3503
sweep,4230
sweep,3755
sweep,3235
sweep,2797
sweep,3185
sweep,3469
sweep,2858
sweep,2906
sweep,2679
sweep,2804
sweep,2764
sweep,3543
sweep,3208
sweep,3100
sweep,3418
sweep,2605
sweep,2534
sweep,4076
sweep,2355
sweep,3148
sweep,1872
sweep,3466
sweep,3674
sweep,4169
sweep,3350
sweep,3040
sweep,2925
sweep,2846
sweep,3103
sweep,2823
sweep,3179
sweep,3112
sweep,3098
sweep,2702
sweep,2692
sweep,3797
sweep,2752
sweep,2824
sweep,3392
sweep,3239
sweep,3483
sweep,2733
sweep,2670
sweep,2479
sweep,3730
sweep,4010
sweep,4031
sweep,4140
sweep,5983
sweep,7690
sweep,6069
sweep,8727
sweep,8206
sweep,8900
sweep,8225
sweep,7641
sweep,7761
sweep,831
mark,1036745
sweep,4960
sweep,4108
sweep,4252
sweep,4427
sweep,3759
sweep,4432
sweep,3479
sweep,3166
sweep,2937
sweep,3479
sweep,3185
sweep,2713
sweep,2644
sweep,3098
sweep,3119
sweep,2946
sweep,3586
sweep,2988
sweep,3208
sweep,3582
sweep,2374
sweep,2715
sweep,3802
sweep,2320
sweep,3667
sweep,1921
sweep,3511
sweep,3730
sweep,4198
sweep,3399
sweep,3429
sweep,3186
sweep,2872
sweep,3473
sweep,2776
sweep,3174
sweep,3193
sweep,3185
sweep,2679
sweep,2646
sweep,3687
sweep,2688
sweep,2584
sweep,2955
sweep,2897
sweep,3328
sweep,2992
sweep,2619
sweep,2473
sweep,5866
sweep,9298
sweep,8776
sweep,8739
sweep,16340
sweep,6518
sweep,7287
sweep,4004
sweep,4283
sweep,4982
sweep,6070
sweep,5700
sweep,5830
sweep,220
mark,1040132
sweep,4953
sweep,4427
sweep,4248
sweep,4460
sweep,3509
sweep,4023
sweep,3718
sweep,2982
sweep,2961
sweep,3113
sweep,3298
sweep,2861
sweep,2657
sweep,2828
sweep,2911
sweep,2810
sweep,3387
sweep,3092
sweep,2874
sweep,3334
sweep,2669
sweep,2500
sweep,3944
sweep,2485
sweep,3751
sweep,1934
sweep,3506
sweep,3859
sweep,5151
sweep,3508
sweep,3115
sweep,2848
sweep,3329
sweep,3100
sweep,2784
sweep,3026
sweep,3353
sweep,3599
sweep,2555
sweep,2607
sweep,3795
sweep,2554
sweep,3007
sweep,3059
sweep,2802
sweep,3403
sweep,3030
sweep,2645
sweep,2507
sweep,3401
sweep,3790
sweep,3906
sweep,4438
sweep,5978
sweep,8138
sweep,6619
sweep,8426
sweep,8559
sweep,8733
sweep,8299
sweep,7337
sweep,7895
sweep,848
mark,1027088
sweep,4618
sweep,3979
sweep,4279
sweep,4487
sweep,3755
sweep,4176
sweep,3717
sweep,3291
sweep,3087
sweep,3464
sweep,2884
sweep,2716
sweep,2955
sweep,3157
sweep,2645
sweep,3116
sweep,3273
sweep,2873
sweep,3476
sweep,3437
sweep,2350
sweep,2684
sweep,3991
sweep,2392
sweep,3378
sweep,1924
sweep,3393
sweep,3922
sweep,4295
sweep,3661
sweep,3111
sweep,2974
sweep,3411
sweep,3100
sweep,3259
sweep,2998
sweep,2708
sweep,2986
sweep,2711
sweep,2685
sweep,3910
sweep,2882
sweep,2718
sweep,2962
sweep,2775
sweep,3509
sweep,2981
sweep,2511
sweep,2415
sweep,5596
sweep,8733
sweep,9039
sweep,8608
sweep,8076
sweep,6299
sweep,7407
sweep,4106
sweep,4266
sweep,4886
sweep,6359
sweep,5759
sweep,5896
sweep,233
mark,1025766
sweep,4875
sweep,4143
sweep,4289
sweep,4042
sweep,3843
sweep,4241
sweep,3641
sweep,3226
sweep,3112
sweep,3336
sweep,3139
sweep,2716
sweep,2792
sweep,2740
sweep,2602
sweep,2736
sweep,3351
sweep,2813
sweep,3056
sweep,3468
sweep,2575
sweep,2622
sweep,3982
sweep,2412
sweep,3142
sweep,2059
sweep,3436
sweep,4165
sweep,4646
sweep,3880
sweep,3237
sweep,3217
sweep,2887
sweep,3243
sweep,2837
sweep,3228
sweep,3076
sweep,3105
sweep,2566
sweep,2609
sweep,3871
sweep,2912
sweep,2802
sweep,3069
sweep,2805
sweep,3440
sweep,3102
sweep,2441
sweep,2573
sweep,3601
sweep,3872
sweep,4147
sweep,4014
sweep,5646
sweep,8005
sweep,5954
sweep,8499
sweep,8479
sweep,8315
sweep,8449
sweep,7466
sweep,7727
sweep,806
mark,1028317
sweep,4624
sweep,3931
sweep,4344
sweep,4149
sweep,3882
sweep,3980
sweep,3805
sweep,3529
sweep,3155
sweep,3237
sweep,3258
sweep,2824
sweep,3011
sweep,2757
sweep,2866
sweep,2790
sweep,3581
sweep,3115
sweep,3016
sweep,3710
sweep,2316
sweep,2444
sweep,3691
sweep,2419
sweep,3118
sweep,1889
sweep,3597
sweep,3999
sweep,4207
sweep,3682
sweep,3030
sweep,3198
sweep,2870
sweep,3298
sweep,2779
sweep,3274
sweep,2915
sweep,3367
sweep,2611
sweep,2669
sweep,3847
sweep,2823
sweep,2654
sweep,3104
sweep,3373
sweep,3448
sweep,2935
sweep,2587
sweep,2872
sweep,5814
sweep,8947
sweep,8550
sweep,8459
sweep,8229
sweep,6079
sweep,7444
sweep,4216
sweep,4237
sweep,4769
sweep,6227
sweep,5802
sweep,5886
sweep,226
mark,1025538
sweep,4805
sweep,4591
sweep,4195
sweep,4189
sweep,3872
sweep,4360
sweep,3455
sweep,3032
sweep,2902
sweep,3105
sweep,3085
sweep,2749
sweep,2948
sweep,3109
sweep,2550
sweep,2739
sweep,3287
sweep,3039
sweep,3030
sweep,3643
sweep,2403
sweep,2476
sweep,4087
sweep,2421
sweep,3677
sweep,2103
sweep,3371
sweep,3638
sweep,4373
sweep,3561
sweep,3161
sweep,2945
sweep,2964
sweep,3162
sweep,2940
sweep,3623
sweep,2780
sweep,3032
sweep,2831
sweep,2756
sweep,3852
sweep,2733
sweep,2683
sweep,3276
sweep,2926
sweep,3699
sweep,2826
sweep,2606
sweep,2510
sweep,3543
sweep,3914
sweep,3963
sweep,4174
sweep,5685
sweep,8028
sweep,6454
sweep,8411
sweep,8368
sweep,8484
sweep,7464
sweep,7237
sweep,6985
sweep,833
mark,1030410
sweep,4824
sweep,3863
sweep,4294
sweep,4323
sweep,3889
sweep,4423
sweep,3764
sweep,3511
sweep,3045
sweep,3527
sweep,2983
sweep,2738
sweep,2684
sweep,3171
sweep,2607
sweep,2597
sweep,3290
sweep,2876
sweep,2991
sweep,3352
sweep,2548
sweep,2417
sweep,4081
sweep,2625
sweep,3470
sweep,1869
sweep,3711
sweep,3606
sweep,4505
sweep,3389
sweep,3000
sweep,3088
sweep,2851
sweep,2922
sweep,2809
sweep,3270
sweep,2984
sweep,3214
sweep,2775
sweep,2806
sweep,3741
sweep,3097
sweep,2663
sweep,3105
sweep,2885
sweep,3881
sweep,2677
sweep,2684
sweep,2437
sweep,5352
sweep,8511
sweep,8605
sweep,8565
sweep,7773
sweep,5944
sweep,6927
sweep,3982
sweep,4196
sweep,4924
sweep,6242
sweep,5703
sweep,5828
sweep,238
mark,1021452
sweep,4969
sweep,3766
sweep,4248
sweep,4572
sweep,3876
sweep,4135
sweep,3617
sweep,3200
sweep,3088
sweep,3208
sweep,3078
sweep,2773
sweep,2728
sweep,2823
sweep,2924
sweep,3064
sweep,3250
sweep,3228
sweep,3051
sweep,3705
sweep,2321
sweep,2511
sweep,4030
sweep,2738
sweep,3209
sweep,2056
sweep,3554
sweep,3987
sweep,4365
sweep,3524
sweep,2998
sweep,3266
sweep,2895
sweep,3217
sweep,2730
sweep,3431
sweep,2808
sweep,3134
sweep,2594
sweep,2722
sweep,4130
sweep,2895
sweep,2846
sweep,3278
sweep,3111
sweep,3415
sweep,3029
sweep,2551
sweep,2532
sweep,3415
sweep,4080
sweep,3896
sweep,4436
sweep,5551
sweep,7823
sweep,5894
sweep,8781
sweep,8460
sweep,8109
sweep,7933
sweep,7684
sweep,7556
sweep,785
mark,1049815
sweep,4878
sweep,3964
sweep,4142
sweep,3951
sweep,3678
sweep,4076
sweep,3841
sweep,3174
sweep,2820
sweep,3250
sweep,3082
sweep,3095
sweep,2853
sweep,3157
sweep,2695
sweep,2739
sweep,3392
sweep,3034
sweep,3060
sweep,3544
sweep,2393
sweep,2475
sweep,4200
sweep,2904
sweep,3646
sweep,1962
sweep,3736
sweep,3636
sweep,4233
sweep,3304
sweep,3037
sweep,3092
sweep,3095
sweep,3228
sweep,2876
sweep,3295
sweep,3244
sweep,3017
sweep,2780
sweep,2865
sweep,3754
sweep,2628
sweep,2650
sweep,2955
sweep,2751
sweep,3826
sweep,2787
sweep,2568
sweep,2442
sweep,5748
sweep,9121
sweep,8865
sweep,8679
sweep,7696
sweep,6699
sweep,7463
sweep,4090
sweep,4443
sweep,4710
sweep,6357
sweep,5804
sweep,6573
sweep,223
mark,1030673
sweep,4781
sweep,3706
sweep,3971
sweep,4551
sweep,3777
sweep,4120
sweep,3824
sweep,3581
sweep,3237
sweep,3027
sweep,3199
sweep,2747
sweep,2986
sweep,2760
sweep,2766
sweep,2866
sweep,3253
sweep,2896
sweep,3001
sweep,3487
sweep,2554
sweep,2491
sweep,3735
sweep,2220
sweep,3109
sweep,1860
sweep,3525
sweep,3918
sweep,4597
sweep,3476
sweep,3490
sweep,3317
sweep,3163
sweep,3111
sweep,3164
sweep,3436
sweep,2972
sweep,3378
sweep,2399
sweep,2974
sweep,3881
sweep,2671
sweep,2731
sweep,3222
sweep,2869
sweep,3503
sweep,2647
sweep,2474
sweep,2689
sweep,3453
sweep,4226
sweep,4300
sweep,4488
sweep,5695
sweep,8516
sweep,6021
sweep,8630
sweep,7824
sweep,8550
sweep,7082
sweep,7744
sweep,7120
sweep,833
mark,1028773
sweep,4538
sweep,3974
sweep,4030
sweep,4220
sweep,3674
sweep,4128
sweep,3714
sweep,3140
sweep,3025
sweep,3252
sweep,3168
sweep,3250
sweep,2873
sweep,2898
sweep,2739
sweep,2815
sweep,3673
sweep,2868
sweep,3100
sweep,3875
sweep,2361
sweep,2444
sweep,4083
sweep,2596
sweep,3148
sweep,1917
sweep,3592
sweep,3596
sweep,4156
sweep,3875
sweep,2950
sweep,2854
sweep,2867
sweep,3239
sweep,2843
sweep,3414
sweep,2896
sweep,3028
sweep,2497
sweep,2712
sweep,3970
sweep,2646
sweep,2849
sweep,3012
sweep,3116
sweep,3388
sweep,2610
sweep,2521
sweep,2705
sweep,5556
sweep,13934
sweep,8599
sweep,8601
sweep,8227
sweep,6244
sweep,7119
sweep,4001
sweep,4288
sweep,5038
sweep,6224
sweep,6047
sweep,6673
sweep,218
mark,1025612
sweep,4640
sweep,4166
sweep,4438
sweep,4148
sweep,3560
sweep,4322
sweep,3826
sweep,3097
sweep,2925
sweep,3072
sweep,3108
sweep,2820
sweep,3155
sweep,3122
sweep,2969
sweep,2708
sweep,3197
sweep,3033
sweep,3281
sweep,3348
sweep,2567
sweep,2775
sweep,4361
sweep,2905
sweep,3569
sweep,1898
sweep,3350
sweep,3681
sweep,4066
sweep,3395
sweep,3065
sweep,3364
sweep,2931
sweep,3242
sweep,2926
sweep,3566
sweep,2784
sweep,3029
sweep,2833
sweep,3172
sweep,3753
sweep,2628
sweep,2932
sweep,3071
sweep,2862
sweep,3400
sweep,3025
sweep,2734
sweep,2896
sweep,3557
sweep,3824
sweep,4238
sweep,4246
sweep,6163
sweep,7693
sweep,6529
sweep,8431
sweep,8343
sweep,8316
sweep,7698
sweep,6981
sweep,7179
sweep,932
mark,1029042
sweep,4829
sweep,3986
sweep,3873
sweep,3903
sweep,3924
sweep,4064
sweep,3722
sweep,3375
sweep,2862
sweep,3350
sweep,3098
sweep,2704
sweep,2741
sweep,2982
sweep,2648
sweep,2626
sweep,3493
sweep,3003
sweep,2977
sweep,3388
sweep,2287
sweep,2647
sweep,3755
sweep,2470
sweep,3094
sweep,1895
sweep,3444
sweep,3650
sweep,4166
sweep,3340
sweep,3027
sweep,3486
sweep,3078
sweep,3432
sweep,3151
sweep,3066
sweep,2796
sweep,3303
sweep,2523
sweep,2705
sweep,3840
sweep,2704
sweep,2653
sweep,3066
sweep,3057
sweep,3736
sweep,2890
sweep,2791
sweep,2762
sweep,5303
sweep,9172
sweep,8986
sweep,8710
sweep,8237
sweep,5953
sweep,6868
sweep,4000
sweep,4907
sweep,4880
sweep,6093
sweep,5934
sweep,6058
sweep,269
mark,1026040
sweep,4971
sweep,3914
sweep,4115
sweep,4059
sweep,3789
sweep,3987
sweep,3563
sweep,3177
sweep,2913
sweep,3134
sweep,3163
sweep,2872
sweep,2883
sweep,2799
sweep,2678
sweep,2726
sweep,3489
sweep,2966
sweep,3010
sweep,3737
sweep,2358
sweep,2677
sweep,3797
sweep,2308
sweep,3100
sweep,2052
sweep,3398
sweep,3700
sweep,4389
sweep,3663
sweep,3090
sweep,3075
sweep,3237
sweep,2903
sweep,2919
sweep,3596
sweep,2790
sweep,3216
sweep,2916
sweep,2731
sweep,3800
sweep,3141
sweep,2687
sweep,2855
sweep,2948
sweep,3470
sweep,2774
sweep,2563
sweep,2470
sweep,3590
sweep,3849
sweep,4120
sweep,4176
sweep,5932
sweep,8304
sweep,6493
sweep,8352
sweep,8383
sweep,8455
sweep,7601
sweep,7364
sweep,7084
sweep,793
mark,1027509
sweep,4989
sweep,4022
sweep,4364
sweep,3970
sweep,3980
sweep,4039
sweep,3929
sweep,3354
sweep,2887
sweep,3208
sweep,3063
sweep,2785
sweep,2718
sweep,2932
sweep,2604
sweep,2681
sweep,3761
sweep,2949
sweep,3038
sweep,3338
sweep,2611
sweep,2458
sweep,3948
sweep,2456
sweep,3166
sweep,2302
sweep,3674
sweep,3660
sweep,4210
sweep,3505
sweep,3302
sweep,2831
sweep,3089
sweep,3382
sweep,2763
sweep,3087
sweep,3066
sweep,3045
sweep,2499
sweep,2617
sweep,3689
sweep,2560
sweep,2968
sweep,3415
sweep,3043
sweep,3782
sweep,2957
sweep,2576
sweep,2518
sweep,5483
sweep,8741
sweep,8660
sweep,8606
sweep,7485
sweep,6212
sweep,6860
sweep,3921
sweep,4374
sweep,5045
sweep,5963
sweep,5496
sweep,5819
sweep,255
mark,1028940
sweep,4751
sweep,4311
sweep,4134
sweep,4115
sweep,3722
sweep,4162
sweep,3571
sweep,3124
sweep,2779
sweep,3075
sweep,3433
sweep,2765
sweep,3018
sweep,2815
sweep,2638
sweep,2880
sweep,3419
sweep,3196
sweep,3165
sweep,3466
sweep,2444
sweep,2534
sweep,3825
sweep,2354
sweep,3369
sweep,2163
sweep,3491
sweep,3943
sweep,4408
sweep,3407
sweep,3225
sweep,3352
sweep,2982
sweep,3120
sweep,2906
sweep,3540
sweep,3323
sweep,3023
sweep,2535
sweep,2677
sweep,3722
sweep,3035
sweep,2746
sweep,3037
sweep,2795
sweep,3714
sweep,2729
sweep,2424
sweep,2405
sweep,3688
sweep,4228
sweep,4039
sweep,4357
sweep,5678
sweep,8442
sweep,6553
sweep,8715
sweep,8900
sweep,8585
sweep,7194
sweep,7262
sweep,7466
sweep,831
mark,1034619
sweep,4755
sweep,3923
sweep,3894
sweep,4036
sweep,3846
sweep,4224
sweep,3876
sweep,3119
sweep,2754
sweep,3267
sweep,3289
sweep,2781
sweep,3033
sweep,2915
sweep,2803
sweep,2832
sweep,3468
sweep,2927
sweep,3005
sweep,3753
sweep,2333
sweep,2575
sweep,3694
sweep,2583
sweep,3135
sweep,2055
sweep,3652
sweep,3654
sweep,4544
sweep,3682
sweep,3373
sweep,2947
sweep,2883
sweep,3192
sweep,2738
sweep,3138
sweep,2690
sweep,3358
sweep,2760
sweep,2744
sweep,3570
sweep,2805
sweep,2829
sweep,2981
sweep,3285
sweep,3448
sweep,2825
sweep,2540
sweep,2467
sweep,5527
sweep,8632
sweep,8613
sweep,8748
sweep,7823
sweep,5939
sweep,7153
sweep,4117
sweep,4333
sweep,4848
sweep,6189
sweep,6044
sweep,5645
sweep,237
mark,1036820
sweep,4579
sweep,3863
sweep,4363
sweep,4407
sweep,3863
sweep,4178
sweep,3854
sweep,3132
sweep,3102
sweep,3313
sweep,3105
sweep,2755
sweep,2885
sweep,2758
sweep,2622
sweep,2804
sweep,3479
sweep,2916
sweep,3091
sweep,3611
sweep,2521
sweep,2529
sweep,3638
sweep,2588
sweep,3047
sweep,1903
sweep,3568
sweep,3769
sweep,4024
sweep,3706
sweep,3055
sweep,2979
sweep,2834
sweep,3007
sweep,2780
sweep,3585
sweep,2777
sweep,3142
sweep,2538
sweep,3041
sweep,3915
sweep,2701
sweep,2742
sweep,2957
sweep,2774
sweep,3431
sweep,2948
sweep,2460
sweep,2771
sweep,3811
sweep,4413
sweep,4419
sweep,4166
sweep,6160
sweep,8051
sweep,6596
sweep,9484
sweep,16766
sweep,8509
sweep,7082
sweep,7455
sweep,7672
sweep,827
mark,1037746
sweep,4531
sweep,4113
sweep,4040
sweep,3962
sweep,3928
sweep,4186
sweep,3901
sweep,3140
sweep,2806
sweep,3123
sweep,3276
sweep,2699
sweep,2956
sweep,3078
sweep,2717
sweep,2730
sweep,3222
sweep,2957
sweep,2988
sweep,3476
sweep,2314
sweep,2363
sweep,3742
sweep,2421
sweep,3078
sweep,2074
sweep,3669
sweep,4306
sweep,4241
sweep,3673
sweep,3148
sweep,3183
sweep,3413
sweep,2998
sweep,2806
sweep,3248
sweep,2736
sweep,3264
sweep,2459
sweep,2739
sweep,3811
sweep,2667
sweep,3058
sweep,3422
sweep,2837
sweep,3755
sweep,2768
sweep,2714
sweep,2459
sweep,5608
sweep,8907
sweep,8410
sweep,8396
sweep,8309
sweep,6684
sweep,7110
sweep,4174
sweep,4300
sweep,4872
sweep,6227
sweep,5556
sweep,5937
sweep,224
mark,1033651
sweep,4980
sweep,4174
sweep,4347
sweep,3866
sweep,3600
sweep,4299
sweep,3646
sweep,3049
sweep,2775
sweep,3107
sweep,3087
sweep,3074
sweep,2703
sweep,2962
sweep,2528
sweep,2690
sweep,3256
sweep,3151
sweep,2997
sweep,3483
sweep,2374
sweep,2725
sweep,3984
sweep,2826
sweep,3050
sweep,1904
sweep,3602
sweep,3595
sweep,4544
sweep,3434
sweep,3206
sweep,3112
sweep,2912
sweep,3273
sweep,2880
sweep,3144
sweep,2988
sweep,3209
sweep,2569
sweep,2732
sweep,3727
sweep,2866
sweep,2756
sweep,3367
sweep,2901
sweep,3482
sweep,2838
sweep,2483
sweep,2794
sweep,3789
sweep,3886
sweep,3878
sweep,4176
sweep,6007
sweep,8791
sweep,6452
sweep,9068
sweep,8062
sweep,8973
sweep,7242
sweep,7157
sweep,6937
sweep,835
mark,1037603
sweep,5043
sweep,4082
sweep,4380
sweep,4230
sweep,3885
sweep,4081
sweep,3810
sweep,3109
sweep,3150
sweep,3188
sweep,3305
sweep,2758
sweep,2712
sweep,2899
sweep,2705
sweep,2986
sweep,3520
sweep,3105
sweep,3816
sweep,3468
sweep,2444
sweep,2925
sweep,3866
sweep,2454
sweep,3187
sweep,2032
sweep,3365
sweep,3778
sweep,4540
sweep,3752
sweep,3057
sweep,3070
sweep,2901
sweep,3256
sweep,2869
sweep,2900
sweep,2704
sweep,3016
sweep,2416
sweep,2885
sweep,3726
sweep,3409
sweep,2719
sweep,3202
sweep,3311
sweep,3698
sweep,2910
sweep,2643
sweep,2403
sweep,5672
sweep,8786
sweep,8189
sweep,8609
sweep,8053
sweep,6262
sweep,7454
sweep,4109
sweep,4239
sweep,4955
sweep,6066
sweep,5710
sweep,5926
sweep,246
mark,1025174
sweep,4733
sweep,3781
sweep,4415
sweep,4102
sweep,3496
sweep,3973
sweep,3590
sweep,3240
sweep,2890
sweep,3335
sweep,3115
sweep,2740
sweep,2739
sweep,2727
sweep,2780
sweep,2729
sweep,3405
sweep,2926
sweep,3063
sweep,3669
sweep,2348
sweep,2917
sweep,3999
sweep,2400
sweep,3568
sweep,1976
sweep,3611
sweep,3881
sweep,4576
sweep,3393
sweep,3116
sweep,3194
sweep,3337
sweep,2969
sweep,3284
sweep,3093
sweep,2731
sweep,3327
sweep,2648
sweep,3000
sweep,3647
sweep,3080
sweep,3017
sweep,2927
sweep,2732
sweep,3882
sweep,2760
sweep,2504
sweep,2637
sweep,3616
sweep,3897
sweep,4095
sweep,4175
sweep,6007
sweep,7657
sweep,6201
sweep,8672
sweep,8263
sweep,8852
sweep,8126
sweep,7177
sweep,7355
sweep,849
mark,1027955
sweep,4648
sweep,4218
sweep,3901
sweep,4085
sweep,4013
sweep,3963
sweep,3853
sweep,3614
sweep,2841
sweep,3208
sweep,3311
sweep,2655
sweep,2882
sweep,2936
sweep,2581
sweep,2813
sweep,3633
sweep,3024
sweep,3563
sweep,3473
sweep,2323
sweep,2521
sweep,3752
sweep,2482
sweep,3552
sweep,1871
sweep,3426
sweep,3910
sweep,4372
sweep,4020
sweep,3539
sweep,3293
sweep,3332
sweep,3359
sweep,3384
sweep,3099
sweep,2657
sweep,3135
sweep,2694
sweep,2629
sweep,3758
sweep,2867
sweep,2716
sweep,3358
sweep,2937
sweep,3519
sweep,2730
sweep,2595
sweep,2448
sweep,5504
sweep,9091
sweep,8543
sweep,8589
sweep,8298
sweep,5847
sweep,7391
sweep,4001
sweep,4305
sweep,4474
sweep,5645
sweep,5779
sweep,6098
sweep,219
mark,1033067
sweep,4668
sweep,4170
sweep,4534
sweep,4532
sweep,3586
sweep,4277
sweep,3674
sweep,3157
sweep,2981
sweep,3159
sweep,3096
sweep,3220
sweep,2952
sweep,2964
sweep,2593
sweep,2738
sweep,3243
sweep,2968
sweep,3284
sweep,3270
sweep,2344
sweep,2692
sweep,3740
sweep,2732
sweep,3581
sweep,2174
sweep,3365
sweep,3580
sweep,4502
sweep,3810
sweep,3623
sweep,2977
sweep,3137
sweep,2993
sweep,3108
sweep,3397
sweep,2942
sweep,3047
sweep,2535
sweep,2989
sweep,3670
sweep,2697
sweep,2761
sweep,3305
sweep,2858
sweep,3493
sweep,2809
sweep,2457
sweep,2745
sweep,3910
sweep,4021
sweep,4108
sweep,4109
sweep,6036
sweep,7945
sweep,6238
sweep,8223
sweep,8523
sweep,8884
sweep,8292
sweep,7330
sweep,7530
sweep,832
mark,1038784
sweep,5046
sweep,3865
sweep,4151
sweep,3913
sweep,3532
sweep,4471
sweep,3580
sweep,3170
sweep,3106
sweep,3284
sweep,3042
sweep,3307
sweep,2688
sweep,2794
sweep,2923
sweep,3300
sweep,3515
sweep,3014
sweep,3048
sweep,3526
sweep,2509
sweep,2346
sweep,3717
sweep,2562
sweep,3636
sweep,2208
sweep,3345
sweep,3950
sweep,4596
sweep,3977
sweep,3441
sweep,2883
sweep,2952
sweep,3125
sweep,2746
sweep,3143
sweep,2764
sweep,3360
sweep,2898
sweep,2656
sweep,4036
sweep,2655
sweep,2852
sweep,3256
sweep,2831
sweep,3659
sweep,2826
sweep,2704
sweep,2766
sweep,5828
sweep,8850
sweep,8544
sweep,8846
sweep,8562
sweep,5493
sweep,7170
sweep,4388
sweep,4694
sweep,4770
sweep,5912
sweep,5650
sweep,5963
sweep,223
mark,1035686
sweep,4614
sweep,4434
sweep,3951
sweep,4255
sweep,3567
sweep,3999
sweep,3538
sweep,3290
sweep,2961
sweep,3017
sweep,3172
sweep,2739
sweep,2905
sweep,2878
sweep,2825
sweep,2938
sweep,3131
sweep,2907
sweep,3181
sweep,3517
sweep,2383
sweep,2746
sweep,3768
sweep,2394
sweep,3067
sweep,1902
sweep,3397
sweep,3676
sweep,4503
sweep,3369
sweep,3246
sweep,3120
sweep,3035
sweep,3089
sweep,2833
sweep,3315
sweep,2881
sweep,2985
sweep,2624
sweep,2673
sweep,3735
sweep,2875
sweep,2800
sweep,2964
sweep,2800
sweep,3444
sweep,2715
sweep,2503
sweep,2461
sweep,3686
sweep,4224
sweep,3894
sweep,4228
sweep,5771
sweep,8149
sweep,6447
sweep,8912
sweep,8359
sweep,8660
sweep,8490
sweep,7449
sweep,7812
sweep,827
mark,1039835
sweep,4912
sweep,3988
sweep,4363
sweep,3974
sweep,3710
sweep,3959
sweep,3494
sweep,3177
sweep,2871
sweep,3135
sweep,3142
sweep,2766
sweep,2939
sweep,3089
sweep,2705
sweep,2809
sweep,3194
sweep,2971
sweep,3012
sweep,3524
sweep,2390
sweep,2417
sweep,3830
sweep,2385
sweep,3119
sweep,2438
sweep,3473
sweep,3642
sweep,4263
sweep,3345
sweep,3456
sweep,2913
sweep,2821
sweep,3021
sweep,3078
sweep,3145
sweep,2821
sweep,3158
sweep,2608
sweep,2764
sweep,3743
sweep,2647
sweep,2778
sweep,3244
sweep,12062
sweep,3384
sweep,2785
sweep,2525
sweep,2438
sweep,5724
sweep,8530
sweep,8450
sweep,8330
sweep,7751
sweep,6043
sweep,6957
sweep,4164
sweep,4760
sweep,4943
sweep,5818
sweep,5528
sweep,5913
sweep,219
mark,1032608
sweep,4572
sweep,4205
sweep,4193
sweep,3902
sweep,3880
sweep,3928
sweep,3534
sweep,3127
sweep,2859
sweep,3296
sweep,3327
sweep,2771
sweep,2699
sweep,2727
sweep,2659
sweep,2775
sweep,3214
sweep,2938
sweep,2970
sweep,3759
sweep,2556
sweep,2649
sweep,3814
sweep,2500
sweep,3094
sweep,1916
sweep,3655
sweep,3654
sweep,4370
sweep,3300
sweep,3333
sweep,3374
sweep,2971
sweep,3029
sweep,2951
sweep,3457
sweep,3004
sweep,3192
sweep,2666
sweep,3215
sweep,3839
sweep,2725
sweep,2852
sweep,3233
sweep,2818
sweep,3376
sweep,2825
sweep,2812
sweep,2571
sweep,3525
sweep,4076
sweep,4235
sweep,4106
sweep,6107
sweep,7648
sweep,6043
sweep,9555
sweep,8198
sweep,8227
sweep,8325
sweep,7406
sweep,7701
sweep,839
mark,1036022
sweep,5008
sweep,3953
sweep,3789
sweep,4080
sweep,3892
sweep,3952
sweep,3590
sweep,3119
sweep,3153
sweep,3405
sweep,2978
sweep,2807
sweep,2759
sweep,2805
sweep,2610
sweep,2947
sweep,3690
sweep,2909
sweep,3217
sweep,3552
sweep,2342
sweep,2439
sweep,3712
sweep,2360
sweep,3064
sweep,1942
sweep,3743
sweep,3634
sweep,4808
sweep,3671
sweep,3593
sweep,3004
sweep,2828
sweep,3038
sweep,2840
sweep,2965
sweep,2822
sweep,3086
sweep,2639
sweep,2914
sweep,3968
sweep,2595
sweep,3041
sweep,3193
sweep,2765
sweep,3443
sweep,2722
sweep,2546
sweep,2484
sweep,5321
sweep,9067
sweep,8520
sweep,8528
sweep,8284
sweep,6041
sweep,7609
sweep,4284
sweep,4811
sweep,4356
sweep,5707
sweep,5640
sweep,6452
sweep,226
mark,1050548
sweep,4761
sweep,3886
sweep,4223
sweep,4456
sweep,3659
sweep,4275
sweep,3601
sweep,3690
sweep,3001
sweep,3196
sweep,3075
sweep,2909
sweep,2691
sweep,2889
sweep,2665
sweep,2725
sweep,3218
sweep,2950
sweep,3008
sweep,3586
sweep,2433
sweep,2822
sweep,3799
sweep,2515
sweep,3168
sweep,1965
sweep,3324
sweep,3971
sweep,4551
sweep,3704
sweep,3485
sweep,3045
sweep,2858
sweep,3306
sweep,3324
sweep,3392
sweep,3167
sweep,3091
sweep,2731
sweep,2645
sweep,3733
sweep,2832
sweep,2996
sweep,3273
sweep,2850
sweep,3454
sweep,3000
sweep,2508
sweep,2723
sweep,3607
sweep,4093
sweep,3971
sweep,4484
sweep,5613
sweep,8401
sweep,6120
sweep,9187
sweep,9176
sweep,8515
sweep,7188
sweep,7215
sweep,7870
sweep,833
mark,1045483
sweep,4692
sweep,4181
sweep,3950
sweep,4011
sweep,3581
sweep,4418
sweep,3690
sweep,3193
sweep,2864
sweep,3235
sweep,3250
sweep,3037
sweep,2893
sweep,2925
sweep,2858
sweep,3001
sweep,3404
sweep,3174
sweep,3068
sweep,3676
sweep,2377
sweep,2506
sweep,3676
sweep,2422
sweep,3210
sweep,2023
sweep,3591
sweep,3952
sweep,4445
sweep,3562
sweep,3206
sweep,3244
sweep,3061
sweep,2998
sweep,2785
sweep,3065
sweep,3000
sweep,3125
sweep,2770
sweep,2668
sweep,4161
sweep,2764
sweep,2650
sweep,3167
sweep,3191
sweep,3752
sweep,2850
sweep,2604
sweep,2763
sweep,5584
sweep,8984
sweep,8936
sweep,8983
sweep,7997
sweep,5986
sweep,7184
sweep,4241
sweep,4382
sweep,4443
sweep,5707
sweep,5695
sweep,6618
sweep,228
mark,1040187
sweep,4674
sweep,4007
sweep,4500
sweep,4416
sweep,3575
sweep,4376
sweep,3558
sweep,3158
sweep,2821
sweep,3128
sweep,3148
sweep,2755
sweep,2776
sweep,3125
sweep,2928
sweep,2659
sweep,3590
sweep,3024
sweep,2954
sweep,3401
sweep,2395
sweep,2443
sweep,3854
sweep,2391
sweep,3093
sweep,2125
sweep,3297
sweep,3794
sweep,4423
sweep,3799
sweep,3381
sweep,2996
sweep,2883
sweep,3013
sweep,2996
sweep,3626
sweep,2762
sweep,3312
sweep,2448
sweep,3003
sweep,3707
sweep,2907
sweep,2914
sweep,2934
sweep,2946
sweep,3882
sweep,2742
sweep,2527
sweep,2585
sweep,3476
sweep,4184
sweep,3959
sweep,4218
sweep,5660
sweep,8726
sweep,6401
sweep,8213
sweep,8284
sweep,8637
sweep,7629
sweep,7089
sweep,7146
sweep,821
mark,1027567
sweep,5070
sweep,4373
sweep,4325
sweep,4084
sweep,3709
sweep,3971
sweep,3715
sweep,3286
sweep,2818
sweep,3318
sweep,3306
sweep,2836
sweep,2998
sweep,2880
sweep,2621
sweep,2691
sweep,3324
sweep,3179
sweep,3250
sweep,3517
sweep,2346
sweep,2484
sweep,3995
sweep,2486
sweep,3269
sweep,1990
sweep,3448
sweep,3632
sweep,4378
sweep,3620
sweep,3601
sweep,2947
sweep,2839
sweep,3051
sweep,2790
sweep,3274
sweep,3145
sweep,3034
sweep,2502
sweep,2695
sweep,3745
sweep,2897
sweep,2816
sweep,3013
sweep,2872
sweep,3706
sweep,2801
sweep,2596
sweep,2604
sweep,5851
sweep,8619
sweep,8524
sweep,8710
sweep,8090
sweep,6324
sweep,7546
sweep,3942
sweep,4959
sweep,4570
sweep,5970
sweep,6037
sweep,6070
sweep,254
mark,1030797
sweep,4629
sweep,4032
sweep,3937
sweep,4259
sweep,3868
sweep,4410
sweep,3635
sweep,3326
sweep,2830
sweep,3385
sweep,3429
sweep,3032
sweep,2958
sweep,2794
sweep,2555
sweep,2858
sweep,3532
sweep,3029
sweep,2864
sweep,3582
sweep,2295
sweep,2791
sweep,4090
sweep,2302
sweep,3071
sweep,1933
sweep,3358
sweep,4126
sweep,4849
sweep,3566
sweep,3153
sweep,3031
sweep,2907
sweep,3170
sweep,2871
sweep,3495
sweep,2866
sweep,3254
sweep,2582
sweep,2608
sweep,3702
sweep,2904
sweep,2690
sweep,3040
sweep,3254
sweep,3673
sweep,2844
sweep,2554
sweep,2581
sweep,3738
sweep,4418
sweep,4021
sweep,4606
sweep,5758
sweep,7670
sweep,5878
sweep,9182
sweep,8292
sweep,8302
sweep,8371
sweep,7543
sweep,8056
sweep,817
mark,1042541
sweep,4616
sweep,4092
sweep,4042
sweep,4196
sweep,3528
sweep,4307
sweep,3810
sweep,3078
sweep,2760
sweep,3423
sweep,3060
sweep,3071
sweep,2993
sweep,2890
sweep,2889
sweep,2708
sweep,3320
sweep,3129
sweep,2940
sweep,3351
sweep,2279
sweep,2549
sweep,3751
sweep,2380
sweep,3200
sweep,2164
sweep,3599
sweep,3631
sweep,4617
sweep,3637
sweep,3122
sweep,3037
sweep,3190
sweep,3095
sweep,3124
sweep,3375
sweep,3195
sweep,3003
sweep,2457
sweep,2766
sweep,3579
sweep,3060
sweep,2674
sweep,2913
sweep,3136
sweep,3874
sweep,2813
sweep,2753
sweep,2613
sweep,5741
sweep,8859
sweep,8426
sweep,8520
sweep,8020
sweep,6228
sweep,7017
sweep,4308
sweep,4357
sweep,5182
sweep,5920
sweep,5553
sweep,5767
sweep,223
mark,1027003
sweep,4817
sweep,3751
sweep,4295
sweep,4565
sweep,3587
sweep,4594
sweep,3603
sweep,3320
sweep,2787
sweep,3047
sweep,3076
sweep,2736
sweep,2807
sweep,3024
sweep,2756
sweep,2706
sweep,3462
sweep,2913
sweep,2962
sweep,3515
sweep,2310
sweep,2539
sweep,3731
sweep,2503
sweep,3676
sweep,1826
sweep,3726
sweep,3867
sweep,4516
sweep,3686
sweep,3041
sweep,2881
sweep,3187
sweep,2953
sweep,2742
sweep,3370
sweep,2719
sweep,3132
sweep,2430
sweep,3051
sweep,3782
sweep,2951
sweep,2641
sweep,3006
sweep,2754
sweep,3578
sweep,3135
sweep,2582
sweep,2426
sweep,3819
sweep,4320
sweep,4034
sweep,4416
sweep,5946
sweep,8001
sweep,6438
sweep,8599
sweep,8726
sweep,9059
sweep,7361
sweep,7769
sweep,7158
sweep,832
mark,1036974
sweep,5101
sweep,4167
sweep,4146
sweep,4312
sweep,3559
sweep,4056
sweep,3690
sweep,3477
sweep,3075
sweep,3315
sweep,2951
sweep,2720
sweep,2966
sweep,2847
sweep,3164
sweep,2926
sweep,3292
sweep,3331
sweep,3183
sweep,3573
sweep,2353
sweep,2517
sweep,3799
sweep,2534
sweep,3196
sweep,2062
sweep,3555
sweep,3884
sweep,4387
sweep,3399
sweep,3072
sweep,3363
sweep,3183
sweep,3019
sweep,3083
sweep,3268
sweep,2778
sweep,3052
sweep,2452
sweep,2668
sweep,3741
sweep,2802
sweep,2722
sweep,3032
sweep,3156
sweep,3455
sweep,2928
sweep,2515
sweep,2422
sweep,5884
sweep,8837
sweep,8576
sweep,8660
sweep,8268
sweep,6731
sweep,7365
sweep,4296
sweep,4179
sweep,5159
sweep,6057
sweep,5568
sweep,5780
sweep,222
mark,1026712
sweep,4743
sweep,4093
sweep,3947
sweep,4148
sweep,3820
sweep,3943
sweep,3569
sweep,3064
sweep,2826
sweep,3274
sweep,3054
sweep,2738
sweep,2658
sweep,3018
sweep,2597
sweep,2675
sweep,3068
sweep,2899
sweep,2938
sweep,3382
sweep,2378
sweep,2508
sweep,3687
sweep,2438
sweep,3066
sweep,2118
sweep,3447
sweep,3820
sweep,4258
sweep,3335
sweep,3388
sweep,3029
sweep,3087
sweep,3227
sweep,2800
sweep,3149
sweep,2769
sweep,2974
sweep,2499
sweep,2635
sweep,3683
sweep,2932
sweep,2756
sweep,3216
sweep,2809
sweep,3407
sweep,2655
sweep,2449
sweep,2544
sweep,3439
sweep,3906
sweep,4234
sweep,4197
sweep,6148
sweep,8410
sweep,6551
sweep,8934
sweep,8388
sweep,8614
sweep,8373
sweep,7557
sweep,7645
sweep,836
mark,1028267
sweep,4833
sweep,4018
sweep,3802
sweep,4119
sweep,3702
sweep,4314
sweep,3939
sweep,3245
sweep,3169
sweep,3411
sweep,3277
sweep,2834
sweep,3008
sweep,3188
sweep,2908
sweep,2677
sweep,3305
sweep,3229
sweep,3077
sweep,3426
sweep,2353
sweep,2398
sweep,4010
sweep,2330
sweep,3141
sweep,2196
sweep,3438
sweep,3582
sweep,4822
sweep,3534
sweep,3086
sweep,3344
sweep,2924
sweep,2955
sweep,3196
sweep,3384
sweep,2921
sweep,3130
sweep,2479
sweep,2873
sweep,3861
sweep,2950
sweep,2957
sweep,3080
sweep,3163
sweep,3910
sweep,2719
sweep,2459
sweep,2525
sweep,5630
sweep,9116
sweep,8618
sweep,8695
sweep,8145
sweep,6217
sweep,7449
sweep,4073
sweep,4314
sweep,5138
sweep,6093
sweep,5790
sweep,5800
sweep,297
mark,1029521
sweep,4557
sweep,4284
sweep,4248
sweep,4179
sweep,3883
sweep,4354
sweep,3797
sweep,3251
sweep,3061
sweep,3195
sweep,3255
sweep,2942
sweep,2639
sweep,3338
sweep,2605
sweep,2836
sweep,3329
sweep,3035
sweep,3204
sweep,3436
sweep,2264
sweep,2742
sweep,3721
sweep,2366
sweep,3020
sweep,2217
sweep,3426
sweep,3929
sweep,4780
sweep,3925
sweep,3160
sweep,3340
sweep,3108
sweep,2981
sweep,2738
sweep,3148
sweep,3059
sweep,3047
sweep,2732
sweep,2686
sweep,3595
sweep,2611
sweep,2993
sweep,2937
sweep,2947
sweep,3322
sweep,2639
sweep,2396
sweep,2629
sweep,3685
sweep,3813
sweep,4149
sweep,4160
sweep,6005
sweep,8380
sweep,6083
sweep,8791
sweep,8820
sweep,8887
sweep,7052
sweep,7490
sweep,7120
sweep,835
mark,1025680
sweep,4658
sweep,3989
sweep,3892
sweep,4210
sweep,3775
sweep,4313
sweep,3707
sweep,3578
sweep,2715
sweep,3289
sweep,2916
sweep,2772
sweep,2986
sweep,3080
sweep,2929
sweep,2653
sweep,3268
sweep,3035
sweep,3062
sweep,3683
sweep,2356
sweep,2588
sweep,3893
sweep,2448
sweep,3144
sweep,1864
sweep,3466
sweep,3803
sweep,4514
sweep,3704
sweep,3046
sweep,2995
sweep,3019
sweep,3038
sweep,3110
sweep,2975
sweep,2655
sweep,3140
sweep,2766
sweep,2629
sweep,3696
sweep,2673
sweep,2787
sweep,3375
sweep,2748
sweep,3488
sweep,2929
sweep,2588
sweep,2433
sweep,5605
sweep,8554
sweep,8853
sweep,8534
sweep,7526
sweep,6049
sweep,6927
sweep,4245
sweep,4149
sweep,4941
sweep,6190
sweep,5861
sweep,6342
sweep,225
mark,1030558
sweep,4742
sweep,4145
sweep,4281
sweep,4370
sweep,3528
sweep,4372
sweep,3612
sweep,3289
sweep,2751
sweep,3053
sweep,3104
sweep,2776
sweep,2694
sweep,3104
sweep,2723
sweep,2999
sweep,3239
sweep,3011
sweep,2996
sweep,3356
sweep,2320
sweep,2490
sweep,3808
sweep,2393
sweep,3018
sweep,1859
sweep,3654
sweep,3636
sweep,4514
sweep,3691
sweep,3125
sweep,3043
sweep,2801
sweep,3085
sweep,2834
sweep,3321
sweep,2936
sweep,3160
sweep,2491
sweep,3164
sweep,4013
sweep,2936
sweep,2951
sweep,3216
sweep,2978
sweep,3706
sweep,2827
sweep,2506
sweep,2415
sweep,3516
sweep,4052
sweep,3993
sweep,4071
sweep,6285
sweep,7849
sweep,6488
sweep,8847
sweep,8319
sweep,8445
sweep,7120
sweep,7424
sweep,7072
sweep,827
mark,1026705
sweep,4751
sweep,4081
sweep,3996
sweep,3950
sweep,3845
sweep,4070
sweep,3704
sweep,3424
sweep,3247
sweep,3572
sweep,3023
sweep,2758
sweep,2769
sweep,2897
sweep,3078
sweep,2686
sweep,3268
sweep,3063
sweep,3325
sweep,3320
sweep,2271
sweep,2443
sweep,3827
sweep,2460
sweep,3169
sweep,1961
sweep,3571
sweep,3626
sweep,4304
sweep,3924
sweep,3181
sweep,3052
sweep,2917
sweep,3017
sweep,3290
sweep,3077
sweep,2997
sweep,3048
sweep,2558
sweep,2741
sweep,3743
sweep,2750
sweep,2760
sweep,3138
sweep,3093
sweep,3419
sweep,2825
sweep,2762
sweep,2511
sweep,5678
sweep,9224
sweep,8549
sweep,8167
sweep,7924
sweep,5752
sweep,7388
sweep,4030
sweep,4275
sweep,4217
sweep,5750
sweep,6218
sweep,6462
sweep,231
mark,1089535
sweep,4706
sweep,3684
sweep,4188
sweep,4025
sweep,3672
sweep,4417
sweep,3803
sweep,3335
sweep,2783
sweep,3307
sweep,3319
sweep,3052
sweep,2708
sweep,2833
sweep,2613
sweep,2798
sweep,3362
sweep,3226
sweep,3180
sweep,3423
sweep,2277
sweep,2552
sweep,3651
sweep,2313
sweep,3150
sweep,2046
sweep,3398
sweep,3827
sweep,4446
sweep,3466
sweep,3076
sweep,3155
sweep,2961
sweep,2952
sweep,2999
sweep,3234
sweep,2860
sweep,3170
sweep,2525
sweep,2619
sweep,3784
sweep,2746
sweep,2685
sweep,3128
sweep,2795
sweep,3716
sweep,2660
sweep,2506
sweep,2469
sweep,3927
sweep,4092
sweep,3991
sweep,4324
sweep,5860
sweep,8474
sweep,6457
sweep,8552
sweep,7910
sweep,8711
sweep,7482
sweep,7637
sweep,7116
sweep,833
mark,1038540
sweep,4988
sweep,4021
sweep,3918
sweep,4170
sweep,3713
sweep,4182
sweep,3686
sweep,3260
sweep,3069
sweep,3704
sweep,3121
sweep,2778
sweep,2812
sweep,2827
sweep,2604
sweep,2922
sweep,3561
sweep,2938
sweep,3122
sweep,3423
sweep,2278
sweep,2419
sweep,4003
sweep,2407
sweep,3252
sweep,1896
sweep,3750
sweep,4128
sweep,4713
sweep,3381
sweep,2996
sweep,3099
sweep,3423
sweep,3123
sweep,2777
sweep,3267
sweep,2685
sweep,3155
sweep,2880
sweep,2636
sweep,3779
sweep,2587
sweep,3257
sweep,2844
sweep,2862
sweep,3339
sweep,2724
sweep,2458
sweep,2479
sweep,5601
sweep,9087
sweep,8178
sweep,8589
sweep,7892
sweep,6544
sweep,6996
sweep,3926
sweep,4294
sweep,4466
sweep,6103
sweep,5874
sweep,5810
sweep,241
mark,1038198
sweep,4630
sweep,4163
sweep,4218
sweep,4532
sweep,3489
sweep,4131
sweep,3505
sweep,3167
sweep,3050
sweep,3055
sweep,3229
sweep,2816
sweep,2878
sweep,2810
sweep,2598
sweep,2763
sweep,3412
sweep,3155
sweep,3167
sweep,3761
sweep,2673
sweep,2475
sweep,3821
sweep,2562
sweep,3068
sweep,2054
sweep,3449
sweep,3787
sweep,4193
sweep,3910
sweep,3327
sweep,3284
sweep,2935
sweep,3014
sweep,2809
sweep,3228
sweep,3037
sweep,3206
sweep,2869
sweep,2717
sweep,3934
sweep,2828
sweep,2832
sweep,2987
sweep,2960
sweep,3457
sweep,2741
sweep,2369
sweep,2452
sweep,3493
sweep,3951
sweep,4020
sweep,4164
sweep,5510
sweep,8257
sweep,6254
sweep,8688
sweep,8908
sweep,8673
sweep,7079
sweep,7261
sweep,7030
sweep,829
mark,1032592
sweep,4789
sweep,4162
sweep,4037
sweep,3932
sweep,3753
sweep,4088
sweep,3790
sweep,3133
sweep,3293
sweep,3436
sweep,3047
sweep,2788
sweep,2738
sweep,2949
sweep,2630
sweep,2914
sweep,3281
sweep,2917
sweep,3209
sweep,3436
sweep,2424
sweep,2401
sweep,3882
sweep,2396
sweep,3072
sweep,1953
sweep,3343
sweep,3665
sweep,4878
sweep,3819
sweep,3143
sweep,2971
sweep,2881
sweep,3049
sweep,2913
sweep,3392
sweep,3335
sweep,3130
sweep,2463
sweep,2783
sweep,3923
sweep,2629
sweep,2833
sweep,2987
sweep,3043
sweep,3681
sweep,2920
sweep,2440
sweep,2507
sweep,5977
sweep,9213
sweep,8680
sweep,8704
sweep,8200
sweep,6278
sweep,7154
sweep,4097
sweep,4528
sweep,4844
sweep,6165
sweep,5723
sweep,5757
sweep,238
mark,1034584
sweep,4627
sweep,4289
sweep,4214
sweep,4168
sweep,3954
sweep,4122
sweep,3557
sweep,3341
sweep,2992
sweep,3206
sweep,3363
sweep,3018
sweep,2708
sweep,2807
sweep,2898
sweep,2716
sweep,3701
sweep,3069
sweep,3003
sweep,3714
sweep,2461
sweep,2503
sweep,4191
sweep,2365
sweep,3143
sweep,2098
sweep,3422
sweep,3689
sweep,4365
sweep,3326
sweep,3097
sweep,3266
sweep,2944
sweep,3266
sweep,2830
sweep,3172
sweep,2956
sweep,3000
sweep,2819
sweep,2724
sweep,3688
sweep,2683
sweep,2808
sweep,2937
sweep,2959
sweep,3432
sweep,3058
sweep,2506
sweep,2471
sweep,3788
sweep,3986
sweep,4350
sweep,4274
sweep,5600
sweep,8119
sweep,6564
sweep,8869
sweep,8371
sweep,8692
sweep,8220
sweep,7319
sweep,7426
sweep,791
mark,1040659
sweep,4923
sweep,3835
sweep,3878
sweep,4041
sweep,3468
sweep,4117
sweep,3822
sweep,3234
sweep,2902
sweep,3236
sweep,3008
sweep,2722
sweep,2717
sweep,3035
sweep,2836
sweep,2755
sweep,3545
sweep,3292
sweep,3163
sweep,3631
sweep,2371
sweep,2447
sweep,3698
sweep,2657
sweep,3059
sweep,2149
sweep,3388
sweep,3678
sweep,4472
sweep,3603
sweep,3038
sweep,3320
sweep,2903
sweep,2956
sweep,2966
sweep,3481
sweep,2743
sweep,3160
sweep,2595
sweep,2637
sweep,3915
sweep,2547
sweep,2706
sweep,3110
sweep,3294
sweep,3481
sweep,2924
sweep,2489
sweep,2709
sweep,5469
sweep,9098
sweep,8504
sweep,8518
sweep,8174
sweep,6485
sweep,7323
sweep,4010
sweep,4409
sweep,4722
sweep,6203
sweep,5842
sweep,5832
sweep,244
mark,1026171
sweep,4843
sweep,4048
sweep,4451
sweep,4544
sweep,3560
sweep,4358
sweep,3810
sweep,3532
sweep,3123
sweep,3449
sweep,3099
sweep,2821
sweep,2711
sweep,2762
sweep,3072
sweep,2682
sweep,3332
sweep,2931
sweep,2999
sweep,3630
sweep,2428
sweep,2478
sweep,4030
sweep,2490
sweep,3017
sweep,2072
sweep,3649
sweep,3954
sweep,4304
sweep,3840
sweep,3260
sweep,3362
sweep,3507
sweep,3141
sweep,2693
sweep,3387
sweep,2726
sweep,3160
sweep,2745
sweep,2710
sweep,3984
sweep,2640
sweep,2685
sweep,3105
sweep,2800
sweep,3566
sweep,2782
sweep,2759
sweep,2700
sweep,3490
sweep,4050
sweep,4181
sweep,4165
sweep,5915
sweep,8096
sweep,6399
sweep,8524
sweep,8418
sweep,8239
sweep,7338
sweep,7199
sweep,7043
sweep,830
mark,1034522
sweep,4964
sweep,3802
sweep,3831
sweep,4170
sweep,3609
sweep,4144
sweep,3607
sweep,3111
sweep,2878
sweep,3437
sweep,2973
sweep,2937
sweep,3048
sweep,2876
sweep,2609
sweep,2837
sweep,3267
sweep,3179
sweep,2999
sweep,3487
sweep,2391
sweep,2538
sweep,4215
sweep,2430
sweep,3520
sweep,1863
sweep,3615
sweep,3802
sweep,4281
sweep,3686
sweep,3136
sweep,2962
sweep,3076
sweep,3067
sweep,2836
sweep,3120
sweep,2750
sweep,3262
sweep,2559
sweep,2771
sweep,3948
sweep,2659
sweep,2937
sweep,3340
sweep,2907
sweep,3405
sweep,2580
sweep,2632
sweep,2688
sweep,5478
sweep,9165
sweep,9051
sweep,8796
sweep,7951
sweep,6256
sweep,7478
sweep,4150
sweep,4244
sweep,5236
sweep,6148
sweep,5581
sweep,5967
sweep,223
mark,1025724
sweep,4706
sweep,4059
sweep,3852
sweep,4146
sweep,3791
sweep,4131
sweep,3780
sweep,3138
sweep,2969
sweep,3384
sweep,3185
sweep,2796
sweep,2990
sweep,3061
sweep,2652
sweep,2921
sweep,3290
sweep,3077
sweep,2965
sweep,3281
sweep,2698
sweep,2647
sweep,3771
sweep,2349
sweep,3586
sweep,2006
sweep,3636
sweep,3835
sweep,4939
sweep,3651
sweep,3159
sweep,3069
sweep,3013
sweep,3136
sweep,2773
sweep,3220
sweep,3137
sweep,3233
sweep,2807
sweep,3135
sweep,3655
sweep,3022
sweep,2892
sweep,3145
sweep,2863
sweep,3437
sweep,3017
sweep,2532
sweep,2514
sweep,3752
sweep,3869
sweep,4260
sweep,4089
sweep,6072
sweep,7938
sweep,6177
sweep,8240
sweep,8286
sweep,8259
sweep,8019
sweep,7686
sweep,7491
sweep,836
mark,1039682
sweep,4730
sweep,3868
sweep,4542
sweep,4108
sweep,3783
sweep,4410
sweep,3834
sweep,3168
sweep,2879
sweep,3274
sweep,3231
sweep,2708
sweep,2876
sweep,2852
sweep,2831
sweep,2660
sweep,3291
sweep,3449
sweep,3066
sweep,3629
sweep,2504
sweep,2382
sweep,4009
sweep,2621
sweep,3287
sweep,1901
sweep,3383
sweep,3618
sweep,4819
sweep,3815
sweep,3251
sweep,3222
sweep,2814
sweep,3047
sweep,2849
sweep,3493
sweep,2696
sweep,3286
sweep,2462
sweep,3124
sweep,3999
sweep,3066
sweep,2736
sweep,2899
sweep,3147
sweep,3339
sweep,2758
sweep,2480
sweep,2928
sweep,5444
sweep,8910
sweep,8543
sweep,8749
sweep,7457
sweep,6072
sweep,7591
sweep,4028
sweep,4588
sweep,4817
sweep,6309
sweep,5882
sweep,5992
sweep,224
mark,1027406
sweep,4573
sweep,4226
sweep,4431
sweep,4438
sweep,3601
sweep,4179
sweep,3634
sweep,3309
sweep,3077
sweep,3164
sweep,3068
sweep,2652
sweep,2977
sweep,3018
sweep,2599
sweep,2707
sweep,3432
sweep,2908
sweep,2909
sweep,3335
sweep,2319
sweep,2910
sweep,4121
sweep,2436
sweep,3153
sweep,2064
sweep,3632
sweep,3846
sweep,4328
sweep,3676
sweep,3093
sweep,3326
sweep,2947
sweep,3388
sweep,2835
sweep,3122
sweep,2867
sweep,3112
sweep,2791
sweep,2763
sweep,3683
sweep,2678
sweep,2649
sweep,3043
sweep,3112
sweep,3406
sweep,2694
sweep,2423
sweep,2569
sweep,3419
sweep,3927
sweep,4442
sweep,4488
sweep,5800
sweep,7848
sweep,6558
sweep,8335
sweep,8538
sweep,8437
sweep,8191
sweep,7383
sweep,7683
sweep,870
mark,1035541
sweep,4834
sweep,4062
sweep,4134
sweep,4033
sweep,3909
sweep,4092
sweep,3732
sweep,3404
sweep,2860
sweep,3222
sweep,3029
sweep,2941
sweep,2662
sweep,2757
sweep,3016
sweep,2700
sweep,3492
sweep,2945
sweep,3015
sweep,3662
sweep,2233
sweep,2813
sweep,4055
sweep,2705
sweep,3068
sweep,1867
sweep,3703
sweep,3633
sweep,4269
sweep,3478
sweep,3027
sweep,3396
sweep,3245
sweep,2982
sweep,2940
sweep,3485
sweep,2958
sweep,2987
sweep,2919
sweep,2636
sweep,3998
sweep,2926
sweep,2707
sweep,2898
sweep,3364
sweep,3631
sweep,3084
sweep,2543
sweep,2489
sweep,5828
sweep,9483
sweep,8645
sweep,8557
sweep,7961
sweep,6605
sweep,7414
sweep,4279
sweep,4274
sweep,4621
sweep,6332
sweep,5523
sweep,5937
sweep,243
mark,1024471
sweep,4687
sweep,4449
sweep,3933
sweep,4148
sweep,3775
sweep,4317
sweep,3803
sweep,3110
sweep,2982
sweep,3231
sweep,3074
sweep,2832
sweep,2764
sweep,3120
sweep,2971
sweep,2717
sweep,3192
sweep,2985
sweep,3170
sweep,3635
sweep,2356
sweep,2572
sweep,3992
sweep,2369
sweep,3388
sweep,1822
sweep,3357
sweep,3922
sweep,4218
sweep,3398
sweep,3146
sweep,3287
sweep,3198
sweep,3090
sweep,2775
sweep,3600
sweep,2827
sweep,3105
sweep,2864
sweep,2706
sweep,3977
sweep,2937
sweep,2658
sweep,2983
sweep,2925
sweep,3551
sweep,2759
sweep,2480
sweep,2424
sweep,3607
sweep,4041
sweep,4085
sweep,4170
sweep,5741
sweep,7842
sweep,5935
sweep,8952
sweep,9068
sweep,8786
sweep,7289
sweep,7204
sweep,7093
sweep,823
mark,1030728
sweep,4748
sweep,3920
sweep,4320
sweep,3955
sweep,3473
sweep,4052
sweep,3665
sweep,3331
sweep,2945
sweep,3729
sweep,3002
sweep,2978
sweep,2844
sweep,3067
sweep,2641
sweep,2706
sweep,3400
sweep,3255
sweep,3227
sweep,3924
sweep,2550
sweep,2424
sweep,3698
sweep,2506
sweep,3070
sweep,1915
sweep,3492
sweep,3839
sweep,4586
sweep,3809
sweep,3122
sweep,2919
sweep,2980
sweep,3030
sweep,2805
sweep,3419
sweep,2939
sweep,3191
sweep,2650
sweep,2656
sweep,3976
sweep,2673
sweep,2709
sweep,2816
sweep,2869
sweep,3407
sweep,2828
sweep,2418
sweep,2507
sweep,5559
sweep,8625
sweep,8718
sweep,8278
sweep,7860
sweep,5976
sweep,7220
sweep,4034
sweep,4386
sweep,4552
sweep,6140
sweep,5620
sweep,5835
sweep,257
mark,1022429
sweep,4671
sweep,4192
sweep,4043
sweep,3983
sweep,3580
sweep,4016
sweep,4058
sweep,3307
sweep,2839
sweep,3350
sweep,3518
sweep,2937
sweep,2858
sweep,2927
sweep,3052
sweep,2709
sweep,3136
sweep,3204
sweep,2975
sweep,3675
sweep,2336
sweep,2506
sweep,3679
sweep,2268
sweep,3059
sweep,1849
sweep,3327
sweep,3902
sweep,4166
sweep,3315
sweep,3204
sweep,3020
sweep,3039
sweep,2958
sweep,3056
sweep,3069
sweep,3014
sweep,3063
sweep,2749
sweep,3131
sweep,3860
sweep,3082
sweep,2665
sweep,3171
sweep,3374
sweep,3533
sweep,2806
sweep,2465
sweep,2536
sweep,3562
sweep,4321
sweep,4336
sweep,4194
sweep,5901
sweep,7976
sweep,6155
sweep,9355
sweep,8304
sweep,8310
sweep,7267
sweep,7425
sweep,7177
sweep,803
mark,1027553
sweep,4691
sweep,4122
sweep,3907
sweep,4058
sweep,3781
sweep,4230
sweep,3583
sweep,3164
sweep,2876
sweep,3449
sweep,2957
sweep,2952
sweep,2809
sweep,3024
sweep,2910
sweep,3271
sweep,3500
sweep,3392
sweep,2966
sweep,3803
sweep,2359
sweep,2597
sweep,4086
sweep,2300
sweep,3605
sweep,2157
sweep,3806
sweep,3628
sweep,4579
sweep,3366
sweep,3082
sweep,2912
sweep,3150
sweep,3167
sweep,2924
sweep,3061
sweep,2949
sweep,3404
sweep,2496
sweep,2659
sweep,3824
sweep,3029
sweep,2682
sweep,2773
sweep,2950
sweep,4218
sweep,2589
sweep,2869
sweep,2447
sweep,5463
sweep,8966
sweep,8747
sweep,8681
sweep,7886
sweep,5914
sweep,7445
sweep,4072
sweep,4478
sweep,4589
sweep,6262
sweep,6153
sweep,5946
sweep,231
mark,1017005
sweep,5085
sweep,4173
sweep,4452
sweep,4235
sweep,4027
sweep,4040
sweep,3711
sweep,3085
sweep,2894
sweep,3170
sweep,3294
sweep,2680
sweep,2930
sweep,2760
sweep,2564
sweep,2699
sweep,3431
sweep,3144
sweep,3080
sweep,3517
sweep,2348
sweep,2516
sweep,3886
sweep,2459
sweep,3038
sweep,1954
sweep,3642
sweep,3619
sweep,4130
sweep,3238
sweep,3257
sweep,3341
sweep,2953
sweep,3143
sweep,2755
sweep,3248
sweep,2840
sweep,3289
sweep,2768
sweep,2587
sweep,4063
sweep,2860
sweep,2677
sweep,3042
sweep,2845
sweep,3545
sweep,3097
sweep,2504
sweep,3066
sweep,3465
sweep,4095
sweep,3990
sweep,4112
sweep,5698
sweep,8509
sweep,5903
sweep,8715
sweep,8808
sweep,8665
sweep,7229
sweep,7136
sweep,7199
sweep,841
mark,1031930
sweep,4931
sweep,4080
sweep,4059
sweep,3869
sweep,3737
sweep,4794
sweep,3788
sweep,3090
sweep,3093
sweep,3144
sweep,2996
sweep,2833
sweep,2976
sweep,2909
sweep,2905
sweep,2738
sweep,3256
sweep,2935
sweep,3138
sweep,3712
sweep,2333
sweep,2727
sweep,4224
sweep,2556
sweep,3230
sweep,2048
sweep,3472
sweep,3552
sweep,4489
sweep,3619
sweep,3405
sweep,3145
sweep,3270
sweep,2885
sweep,2998
sweep,3162
sweep,3045
sweep,3121
sweep,2570
sweep,3146
sweep,3798
sweep,2588
sweep,2687
sweep,3176
sweep,2924
sweep,3941
sweep,2880
sweep,2411
sweep,2459
sweep,5713
sweep,8711
sweep,8406
sweep,8648
sweep,8104
sweep,6589
sweep,7546
sweep,4248
sweep,4343
sweep,5088
sweep,6048
sweep,6174
sweep,6138
sweep,223
mark,1035029
sweep,5450
sweep,4019
sweep,4352
sweep,4019
sweep,3550
sweep,4109
sweep,3672
sweep,3153
sweep,3041
sweep,3109
sweep,3336
sweep,2737
sweep,2884
sweep,2782
sweep,2628
sweep,2769
sweep,3208
sweep,3193
sweep,2962
sweep,3397
sweep,2362
sweep,2517
sweep,3779
sweep,2306
sweep,3659
sweep,1833
sweep,3457
sweep,3673
sweep,4510
sweep,3373
sweep,3769
sweep,3289
sweep,2915
sweep,3034
sweep,2875
sweep,3205
sweep,2967
sweep,3160
sweep,2720
sweep,2668
sweep,3616
sweep,2727
sweep,2716
sweep,3067
sweep,3073
sweep,3398
sweep,3281
sweep,2545
sweep,2561
sweep,3542
sweep,4021
sweep,3979
sweep,4203
sweep,6332
sweep,7720
sweep,5986
sweep,8851
sweep,8142
sweep,8311
sweep,7398
sweep,7015
sweep,7192
sweep,832
mark,1034215
sweep,5222
sweep,4373
sweep,3882
sweep,4381
sweep,3921
sweep,4135
sweep,3680
sweep,3197
sweep,2793
sweep,3865
sweep,3287
sweep,2932
sweep,2699
sweep,3157
sweep,2777
sweep,2732
sweep,3602
sweep,3028
sweep,3001
sweep,3444
sweep,2555
sweep,2329
sweep,3794
sweep,2462
sweep,3066
sweep,1834
sweep,3367
sweep,3984
sweep,4448
sweep,3420
sweep,3117
sweep,2991
sweep,2861
sweep,2919
sweep,2810
sweep,3224
sweep,2776
sweep,3344
sweep,2595
sweep,2976
sweep,3765
sweep,2938
sweep,2741
sweep,2936
sweep,3124
sweep,3551
sweep,2712
sweep,2814
sweep,2421
sweep,5874
sweep,8859
sweep,8264
sweep,8521
sweep,8072
sweep,6339
sweep,7116
sweep,3952
sweep,4401
sweep,4857
sweep,6176
sweep,5782
sweep,6296
sweep,491
mark,1026536
sweep,4953
sweep,4247
sweep,4262
sweep,4020
sweep,3506
sweep,3996
sweep,4138
sweep,3087
sweep,2754
sweep,3298
sweep,3001
sweep,3255
sweep,2757
sweep,2777
sweep,2923
sweep,3161
sweep,3227
sweep,3141
sweep,3014
sweep,3502
sweep,2550
sweep,2472
sweep,3769
sweep,2560
sweep,3119
sweep,1872
sweep,3507
sweep,3849
sweep,4728
sweep,3337
sweep,3274
sweep,2960
sweep,2989
sweep,3248
sweep,2742
sweep,3107
sweep,2744
sweep,3212
sweep,2733
sweep,2957
sweep,3652
sweep,2659
sweep,2896
sweep,2952
sweep,2756
sweep,3392
sweep,2737
sweep,2508
sweep,2705
sweep,4134
sweep,3973
sweep,4060
sweep,4141
sweep,6066
sweep,7837
sweep,6247
sweep,8599
sweep,8203
sweep,8642
sweep,8387
sweep,7509
sweep,7599
sweep,838
mark,1036081
sweep,4524
sweep,3912
sweep,3860
sweep,4242
sweep,3505
sweep,4016
sweep,3644
sweep,3052
sweep,3133
sweep,3152
sweep,3279
sweep,2724
sweep,2671
sweep,3006
sweep,2791
sweep,2796
sweep,3625
sweep,2860
sweep,3207
sweep,3331
sweep,2585
sweep,2371
sweep,3906
sweep,2604
sweep,3095
sweep,2094
sweep,3398
sweep,3778
sweep,4488
sweep,3686
sweep,3023
sweep,3202
sweep,2859
sweep,3335
sweep,2807
sweep,3138
sweep,2757
sweep,3194
sweep,2477
sweep,2835
sweep,3771
sweep,2715
sweep,2903
sweep,2956
sweep,3148
sweep,3398
sweep,2665
sweep,2817
sweep,2691
sweep,5684
sweep,8491
sweep,8928
sweep,8195
sweep,7714
sweep,6096
sweep,6918
sweep,3900
sweep,4450
sweep,4908
sweep,6337
sweep,6055
sweep,5819
sweep,226
mark,1037142
sweep,4894
sweep,3910
sweep,3791
sweep,4286
sweep,3882
sweep,4011
sweep,3461
sweep,3396
sweep,2783
sweep,3035
sweep,3256
sweep,2755
sweep,2757
sweep,3316
sweep,2851
sweep,2838
sweep,3413
sweep,3139
sweep,3057
sweep,3459
sweep,2259
sweep,2467
sweep,3696
sweep,2775
sweep,3333
sweep,2171
sweep,3637
sweep,3664
sweep,4219
sweep,3445
sweep,3290
sweep,3191
sweep,2906
sweep,3136
sweep,2784
sweep,3484
sweep,2816
sweep,3091
sweep,2573
sweep,2866
sweep,3647
sweep,2945
sweep,2733
sweep,3094
sweep,2916
sweep,3390
sweep,3070
sweep,2480
sweep,2492
sweep,3501
sweep,3991
sweep,3973
sweep,4206
sweep,5433
sweep,7716
sweep,6357
sweep,8385
sweep,8406
sweep,8502
sweep,7167
sweep,7485
sweep,7340
sweep,832
mark,1032598
sweep,4729
sweep,4074
sweep,4019
sweep,4111
sweep,3811
sweep,4273
sweep,3814
sweep,3393
sweep,3095
sweep,3217
sweep,2935
sweep,2750
sweep,2767
sweep,2799
sweep,2832
sweep,2808
sweep,3572
sweep,3143
sweep,2934
sweep,3472
sweep,2407
sweep,2622
sweep,3770
sweep,2308
sweep,3250
sweep,1901
sweep,3474
sweep,3623
sweep,4242
sweep,3784
sweep,3278
sweep,2885
sweep,2899
sweep,3065
sweep,2874
sweep,3298
sweep,2702
sweep,3412
sweep,2422
sweep,2824
sweep,3511
sweep,2852
sweep,2838
sweep,2872
sweep,2837
sweep,3598
sweep,2671
sweep,2487
sweep,2464
sweep,5879
sweep,8510
sweep,8479
sweep,8587
sweep,7991
sweep,6154
sweep,6851
sweep,3998
sweep,4434
sweep,5061
sweep,6189
sweep,5866
sweep,5839
sweep,224
mark,1019186
sweep,4431
sweep,3893
sweep,4090
sweep,4159
sweep,3779
sweep,4468
sweep,3565
sweep,2980
sweep,2701
sweep,3246
sweep,3078
sweep,2815
sweep,2770
sweep,3106
sweep,2699
sweep,2711
sweep,3252
sweep,2858
sweep,3293
sweep,3412
sweep,2593
sweep,2563
sweep,3911
sweep,2412
sweep,3183
sweep,1904
sweep,3327
sweep,3906
sweep,4497
sweep,3359
sweep,3176
sweep,3267
sweep,3300
sweep,3038
sweep,3136
sweep,3427
sweep,3057
sweep,3266
sweep,2613
sweep,3149
sweep,3836
sweep,2743
sweep,2644
sweep,3274
sweep,3095
sweep,3523
sweep,2712
sweep,2428
sweep,2698
sweep,3802
sweep,3890
sweep,3953
sweep,4184
sweep,6043
sweep,8035
sweep,6377
sweep,8919
sweep,8265
sweep,9017
sweep,7351
sweep,7353
sweep,7000
sweep,788
mark,1029673
sweep,4846
sweep,4134
sweep,4031
sweep,4418
sweep,3939
sweep,4146
sweep,3864
sweep,3300
sweep,2904
sweep,3484
sweep,3345
sweep,2991
sweep,2923
sweep,3316
sweep,2811
sweep,2882
sweep,3283
sweep,2924
sweep,3008
sweep,3418
sweep,2357
sweep,2757
sweep,3942
sweep,2363
sweep,3105
sweep,2156
sweep,3734
sweep,3793
sweep,4293
sweep,3620
sweep,3369
sweep,2989
sweep,2979
sweep,3263
sweep,3129
sweep,2969
sweep,2664
sweep,3349
sweep,2662
sweep,2808
sweep,3965
sweep,3012
sweep,2773
sweep,2888
sweep,3177
sweep,3366
sweep,2719
sweep,2641
sweep,2509
sweep,5794
sweep,8792
sweep,8661
sweep,8677
sweep,7532
sweep,6252
sweep,6842
sweep,4122
sweep,4366
sweep,5119
sweep,6294
sweep,5958
sweep,5893
sweep,524
mark,1029760
sweep,4739
sweep,4179
sweep,4401
sweep,4428
sweep,3721
sweep,4165
sweep,3944
sweep,3209
sweep,3129
sweep,3207
sweep,3176
sweep,2911
sweep,2714
sweep,2773
sweep,2616
sweep,2847
sweep,3342
sweep,3267
sweep,3245
sweep,3586
sweep,2355
sweep,2386
sweep,3966
sweep,2349
sweep,3166
sweep,1859
sweep,3484
sweep,3820
sweep,4397
sweep,3393
sweep,3186
sweep,2935
sweep,2886
sweep,3116
sweep,2841
sweep,3083
sweep,2765
sweep,3132
sweep,2504
sweep,2774
sweep,3957
sweep,2945
sweep,2999
sweep,2967
sweep,3074
sweep,3408
sweep,2885
sweep,2488
sweep,2597
sweep,3488
sweep,4174
sweep,4035
sweep,4229
sweep,5929
sweep,7865
sweep,5761
sweep,8756
sweep,8258
sweep,8530
sweep,8126
sweep,7327
sweep,7510
sweep,851
mark,1029997
sweep,4719
sweep,4326
sweep,3900
sweep,3972
sweep,3855
sweep,4461
sweep,3864
sweep,3134
sweep,2863
sweep,3145
sweep,3046
sweep,3111
sweep,2722
sweep,2909
sweep,2697
sweep,2605
sweep,3584
sweep,3243
sweep,3015
sweep,3686
sweep,2591
sweep,2410
sweep,3925
sweep,2360
sweep,3296
sweep,1947
sweep,3697
sweep,3690
sweep,4238
sweep,3346
sweep,3044
sweep,3139
sweep,2788
sweep,3100
sweep,2783
sweep,3167
sweep,2717
sweep,3043
sweep,2492
sweep,2718
sweep,3718
sweep,2925
sweep,2703
sweep,3260
sweep,2780
sweep,3457
sweep,2692
sweep,2531
sweep,2400
sweep,5709
sweep,8495
sweep,8689
sweep,8781
sweep,8012
sweep,6020
sweep,6979
sweep,3960
sweep,4480
sweep,4807
sweep,6390
sweep,5759
sweep,5731
sweep,242
mark,1036077
sweep,4529
sweep,4031
sweep,4207
sweep,4198
sweep,3852
sweep,4206
sweep,3563
sweep,3873
sweep,2938
sweep,3241
sweep,3384
sweep,2736
sweep,2730
sweep,2857
sweep,2628
sweep,2660
sweep,3413
sweep,3141
sweep,3190
sweep,3865
sweep,2315
sweep,2657
sweep,3879
sweep,2343
sweep,3189
sweep,2147
sweep,3351
sweep,3580
sweep,4600
sweep,3402
sweep,3187
sweep,3321
sweep,3362
sweep,3170
sweep,2791
sweep,3265
sweep,2952
sweep,3036
sweep,2617
sweep,2903
sweep,3876
sweep,2709
sweep,2981
sweep,3523
sweep,3369
sweep,3377
sweep,3378
sweep,2503
sweep,2421
sweep,3445
sweep,3931
sweep,4000
sweep,4066
sweep,5607
sweep,8248
sweep,6023
sweep,8840
sweep,8366
sweep,8320
sweep,7013
sweep,7067
sweep,7428
sweep,832
mark,1034728
sweep,4902
sweep,4145
sweep,4008
sweep,4009
sweep,3970
sweep,4142
sweep,3900
sweep,3234
sweep,2831
sweep,3461
sweep,3020
sweep,2772
sweep,2727
sweep,3303
sweep,2562
sweep,3131
sweep,3473
sweep,2915
sweep,3408
sweep,3534
sweep,2406
sweep,2540
sweep,3747
sweep,2308
sweep,3177
sweep,2047
sweep,3615
sweep,4141
sweep,4198
sweep,3377
sweep,3180
sweep,2965
sweep,3225
sweep,3048
sweep,2802
sweep,3300
sweep,2836
sweep,3390
sweep,2684
sweep,2644
sweep,3877
sweep,2709
sweep,3173
sweep,2970
sweep,3069
sweep,3798
sweep,2670
sweep,2526
sweep,2470
sweep,5411
sweep,8971
sweep,8661
sweep,8867
sweep,8116
sweep,6182
sweep,7669
sweep,4353
sweep,4311
sweep,4939
sweep,6425
sweep,5636
sweep,5881
sweep,225
mark,1024606
sweep,4744
sweep,3703
sweep,4410
sweep,4025
sweep,3951
sweep,4419
sweep,3800
sweep,3150
sweep,2715
sweep,3106
sweep,3008
sweep,3130
sweep,2673
sweep,2827
sweep,2642
sweep,2946
sweep,3403
sweep,3182
sweep,3216
sweep,3406
sweep,2639
sweep,2601
sweep,4113
sweep,2336
sweep,3068
sweep,2182
sweep,3693
sweep,3975
sweep,4273
sweep,3413
sweep,3171
sweep,3067
sweep,2917
sweep,2987
sweep,2916
sweep,3260
sweep,2732
sweep,3419
sweep,2540
sweep,2734
sweep,3693
sweep,2737
sweep,2785
sweep,3404
sweep,2802
sweep,3364
sweep,2742
sweep,2596
sweep,2767
sweep,3955
sweep,3996
sweep,4013
sweep,4046
sweep,5489
sweep,7749
sweep,5918
sweep,8923
sweep,8067
sweep,8350
sweep,7357
sweep,7145
sweep,7201
sweep,796
mark,1028499
sweep,4525
sweep,3764
sweep,4092
sweep,4025
sweep,3628
sweep,4203
sweep,3546
sweep,3154
sweep,3028
sweep,3444
sweep,3235
sweep,2746
sweep,2721
sweep,2853
sweep,3127
sweep,2675
sweep,3541
sweep,3135
sweep,2799
sweep,3582
sweep,2416
sweep,2414
sweep,4093
sweep,2489
sweep,3265
sweep,1837
sweep,3520
sweep,3701
sweep,4202
sweep,3698
sweep,3171
sweep,3030
sweep,2872
sweep,3246
sweep,2834
sweep,3216
sweep,2739
sweep,3100
sweep,2457
sweep,2758
sweep,3799
sweep,2599
sweep,2834
sweep,3239
sweep,2795
sweep,3467
sweep,3001
sweep,2584
sweep,2488
sweep,5459
sweep,9251
sweep,8834
sweep,8323
sweep,7988
sweep,5673
sweep,7544
sweep,4231
sweep,4297
sweep,4543
sweep,6326
sweep,5974
sweep,5789
sweep,222
mark,1025860
sweep,4759
sweep,4135
sweep,3836
sweep,4227
sweep,3920
sweep,4037
sweep,3959
sweep,3009
sweep,2945
sweep,3168
sweep,3290
sweep,2791
sweep,2792
sweep,2829
sweep,2687
sweep,2704
sweep,3343
sweep,2938
sweep,2998
sweep,3470
sweep,2644
sweep,2507
sweep,3767
sweep,2252
sweep,3680
sweep,1908
sweep,3547
sweep,3746
sweep,4170
sweep,3629
sweep,3141
sweep,3135
sweep,2851
sweep,3146
sweep,3065
sweep,3250
sweep,2664
sweep,3297
sweep,2762
sweep,2852
sweep,3884
sweep,2582
sweep,2857
sweep,2920
sweep,3280
sweep,3691
sweep,2862
sweep,2552
sweep,2488
sweep,3860
sweep,3834
sweep,3875
sweep,4228
sweep,6040
sweep,7942
sweep,6204
sweep,8367
sweep,8339
sweep,8461
sweep,7111
sweep,6990
sweep,7137
sweep,824
mark,1029292
sweep,4692
sweep,4026
sweep,4023
sweep,4252
sweep,3865
sweep,4059
sweep,3656
sweep,3227
sweep,2886
sweep,3587
sweep,3020
sweep,3393
sweep,2860
sweep,3061
sweep,2625
sweep,2980
sweep,3259
sweep,2926
sweep,2987
sweep,3798
sweep,2366
sweep,2367
sweep,4266
sweep,2617
sweep,3121
sweep,1875
sweep,3357
sweep,3678
sweep,4507
sweep,3572
sweep,3244
sweep,3103
sweep,2872
sweep,3513
sweep,2780
sweep,3147
sweep,2716
sweep,3253
sweep,2774
sweep,2831
sweep,3774
sweep,2925
sweep,2940
sweep,3119
sweep,2780
sweep,3433
sweep,2706
sweep,2700
sweep,2461
sweep,5541
sweep,8764
sweep,8478
sweep,8757
sweep,8074
sweep,6234
sweep,7244
sweep,4238
sweep,4746
sweep,5152
sweep,6336
sweep,5594
sweep,5831
sweep,220
mark,1022465
sweep,4878
sweep,3809
sweep,3934
sweep,4058
sweep,3859
sweep,3972
sweep,3513
sweep,3086
sweep,2854
sweep,3467
sweep,3092
sweep,2733
sweep,3020
sweep,3034
sweep,2560
sweep,2618
sweep,3224
sweep,3248
sweep,3200
sweep,3727
sweep,2467
sweep,2515
sweep,3714
sweep,2458
sweep,3063
sweep,2103
sweep,3656
sweep,3619
sweep,4640
sweep,3463
sweep,3201
sweep,3281
sweep,3100
sweep,3068
sweep,2767
sweep,3252
sweep,3017
sweep,3026
sweep,2577
sweep,3046
sweep,3889
sweep,2766
sweep,2675
sweep,3006
sweep,2809
sweep,3466
sweep,3027
sweep,2659
sweep,2569
sweep,3827
sweep,3869
sweep,3980
sweep,4518
sweep,6010
sweep,7627
sweep,5972
sweep,8469
sweep,8314
sweep,8260
sweep,7077
sweep,7410
sweep,7343
sweep,837
mark,1026085
sweep,4630
sweep,3879
sweep,4431
sweep,4007
sweep,3965
sweep,4331
sweep,3660
sweep,3217
sweep,3318
sweep,3368
sweep,3038
sweep,3280
sweep,3146
sweep,2684
sweep,2673
sweep,2626
sweep,3686
sweep,3346
sweep,3130
sweep,3888
sweep,2677
sweep,2499
sweep,4020
sweep,2200
sweep,3091
sweep,2454
sweep,3587
sweep,3815
sweep,4182
sweep,3784
sweep,3178
sweep,2972
sweep,2940
sweep,2999
sweep,3248
sweep,3303
sweep,2990
sweep,3016
sweep,2444
sweep,2766
sweep,3722
sweep,2572
sweep,2698
sweep,3280
sweep,2825
sweep,3407
sweep,2744
sweep,2777
sweep,2684
sweep,5682
sweep,8617
sweep,8628
sweep,8611
sweep,8348
sweep,6229
sweep,6944
sweep,4209
sweep,4367
sweep,4752
sweep,6180
sweep,5854
sweep,5753
sweep,237
mark,1032083
sweep,4639
sweep,4000
sweep,3990
sweep,4059
sweep,3917
sweep,4270
sweep,3510
sweep,3262
sweep,3085
sweep,3139
sweep,3017
sweep,2774
sweep,2894
sweep,2722
sweep,2748
sweep,2956
sweep,3326
sweep,3053
sweep,3002
sweep,3335
sweep,2395
sweep,2478
sweep,3910
sweep,2725
sweep,3172
sweep,2079
sweep,3509
sweep,3717
sweep,4263
sweep,3693
sweep,3384
sweep,3005
sweep,2857
sweep,3125
sweep,2857
sweep,3255
sweep,2802
sweep,3084
sweep,5764
sweep,2929
sweep,3625
sweep,2868
sweep,3011
sweep,2934
sweep,2883
sweep,3425
sweep,2672
sweep,2636
sweep,2473
sweep,3496
sweep,4046
sweep,3916
sweep,4234
sweep,6250
sweep,7864
sweep,5906
sweep,8553
sweep,8274
sweep,8266
sweep,7239
sweep,7525
sweep,7083
sweep,828
mark,1029058
sweep,4956
sweep,4393
sweep,4380
sweep,4190
sweep,3594
sweep,4630
sweep,3813
sweep,3502
sweep,3070
sweep,3287
sweep,2972
sweep,3153
sweep,2814
sweep,3032
sweep,2603
sweep,2974
sweep,3312
sweep,2960
sweep,2974
sweep,3315
sweep,2606
sweep,2427
sweep,4106
sweep,2615
sweep,3128
sweep,1898
sweep,3718
sweep,3554
sweep,4389
sweep,3456
sweep,3332
sweep,2990
sweep,2879
sweep,3015
sweep,2862
sweep,3122
sweep,2715
sweep,3007
sweep,2563
sweep,2629
sweep,3923
sweep,2761
sweep,2674
sweep,3007
sweep,2923
sweep,3854
sweep,2764
sweep,2593
sweep,2596
sweep,5724
sweep,8665
sweep,8954
sweep,8430
sweep,7660
sweep,6135
sweep,6909
sweep,3930
sweep,4584
sweep,4717
sweep,6110
sweep,5701
sweep,5931
sweep,223
mark,1029497
sweep,5133
sweep,3982
sweep,4200
sweep,4424
sweep,3748
sweep,4145
sweep,3690
sweep,3104
sweep,2972
sweep,3327
sweep,3115
sweep,2707
sweep,2860
sweep,3226
sweep,3114
sweep,2892
sweep,3233
sweep,3054
sweep,3164
sweep,3322
sweep,2356
sweep,2717
sweep,3743
sweep,2344
sweep,3298
sweep,1940
sweep,3534
sweep,3879
sweep,4107
sweep,3311
sweep,3132
sweep,3017
sweep,2950
sweep,3101
sweep,2710
sweep,3393
sweep,2729
sweep,3086
sweep,2524
sweep,2697
sweep,3596
sweep,2674
sweep,2605
sweep,3379
sweep,3006
sweep,3462
sweep,2785
sweep,2908
sweep,2501
sweep,3508
sweep,3898
sweep,4011
sweep,4142
sweep,5547
sweep,7974
sweep,6059
sweep,8773
sweep,8799
sweep,8587
sweep,7155
sweep,7127
sweep,7102
sweep,836
mark,1032928
sweep,4735
sweep,3746
sweep,3876
sweep,4163
sweep,3713
sweep,4074
sweep,3590
sweep,3065
sweep,3081
sweep,3210
sweep,2997
sweep,2927
sweep,2861
sweep,2853
sweep,2997
sweep,2811
sweep,3392
sweep,2857
sweep,2984
sweep,3314
sweep,2408
sweep,2396
sweep,3958
sweep,2365
sweep,3745
sweep,1908
sweep,3565
sweep,3695
sweep,4179
sweep,3773
sweep,3275
sweep,3028
sweep,2945
sweep,3207
sweep,2890
sweep,3291
sweep,2889
sweep,3457
sweep,2553
sweep,3125
sweep,3943
sweep,2610
sweep,2643
sweep,2927
sweep,2932
sweep,3762
sweep,2784
sweep,2811
sweep,2526
sweep,5219
sweep,8862
sweep,8682
sweep,8559
sweep,7949
sweep,6229
sweep,7618
sweep,4386
sweep,4265
sweep,5164
sweep,6282
sweep,5895
sweep,5809
sweep,231
mark,1025867
sweep,4741
sweep,4303
sweep,3978
sweep,4168
sweep,3584
sweep,4117
sweep,3802
sweep,3053
sweep,2889
sweep,3660
sweep,3373
sweep,2742
sweep,2751
sweep,2692
sweep,2737
sweep,2712
sweep,3311
sweep,3012
sweep,2916
sweep,3438
sweep,2500
sweep,2452
sweep,4046
sweep,2524
sweep,3680
sweep,2176
sweep,3497
sweep,3632
sweep,4394
sweep,3331
sweep,3286
sweep,3058
sweep,2848
sweep,3311
sweep,3337
sweep,3295
sweep,2851
sweep,3229
sweep,2632
sweep,2699
sweep,3882
sweep,2904
sweep,2952
sweep,3103
sweep,2925
sweep,3512
sweep,2788
sweep,2764
sweep,2633
sweep,3442
sweep,4048
sweep,4083
sweep,4373
sweep,5797
sweep,8013
sweep,6555
sweep,8440
sweep,8415
sweep,8340
sweep,7481
sweep,7016
sweep,7057
sweep,829
mark,1030230
sweep,4768
sweep,4128
sweep,3923
sweep,4225
sweep,3656
sweep,4083
sweep,3712
sweep,3038
sweep,2951
sweep,3621
sweep,3069
sweep,2699
sweep,2643
sweep,3092
sweep,2537
sweep,2766
sweep,3623
sweep,2888
sweep,2867
sweep,3455
sweep,2408
sweep,2491
sweep,4038
sweep,2348
sweep,3067
sweep,1896
sweep,3577
sweep,3826
sweep,4513
sweep,3313
sweep,3090
sweep,3420
sweep,3413
sweep,3327
sweep,2820
sweep,3161
sweep,3018
sweep,3349
sweep,2597
sweep,2897
sweep,4207
sweep,3192
sweep,2670
sweep,3017
sweep,2951
sweep,3603
sweep,2834
sweep,2736
sweep,2789
sweep,5441
sweep,8265
sweep,8424
sweep,8496
sweep,7600
sweep,5844
sweep,6921
sweep,4168
sweep,4280
sweep,5125
sweep,6338
sweep,5818
sweep,5820
sweep,226
mark,1027127
sweep,4730
sweep,4161
sweep,4008
sweep,4382
sweep,3561
sweep,3870
sweep,3709
sweep,3274
sweep,2830
sweep,3755
sweep,3408
sweep,2679
sweep,2700
sweep,2822
sweep,2661
sweep,2728
sweep,3531
sweep,3165
sweep,2967
sweep,3638
sweep,2363
sweep,2563
sweep,4167
sweep,2402
sweep,3060
sweep,2016
sweep,3642
sweep,3669
sweep,4496
sweep,4000
sweep,3153
sweep,3134
sweep,3206
sweep,3151
sweep,2783
sweep,3227
sweep,3084
sweep,3100
sweep,2498
sweep,2845
sweep,3724
sweep,2707
sweep,2727
sweep,3003
sweep,2931
sweep,3709
sweep,3080
sweep,2510
sweep,2485
sweep,3454
sweep,4285
sweep,3982
sweep,4166
sweep,5783
sweep,8504
sweep,6412
sweep,9102
sweep,8196
sweep,8838
sweep,7008
sweep,7381
sweep,7292
sweep,808
mark,1034786
sweep,4642
sweep,4069
sweep,4153
sweep,4052
sweep,3915
sweep,3977
sweep,3776
sweep,3172
sweep,2837
sweep,3409
sweep,2966
sweep,2942
sweep,2788
sweep,3265
sweep,2515
sweep,2935
sweep,3286
sweep,3311
sweep,2988
sweep,3560
sweep,2300
sweep,2394
sweep,3951
sweep,2397
sweep,3595
sweep,1979
sweep,3427
sweep,3632
sweep,4449
sweep,3769
sweep,3011
sweep,3278
sweep,2886
sweep,3217
sweep,2924
sweep,3331
sweep,3067
sweep,3306
sweep,2410
sweep,2772
sweep,3914
sweep,2650
sweep,2617
sweep,3165
sweep,2912
sweep,3589
sweep,2680
sweep,2834
sweep,2549
sweep,5647
sweep,9429
sweep,8605
sweep,8771
sweep,8071
sweep,5789
sweep,7294
sweep,4082
sweep,4280
sweep,4562
sweep,6152
sweep,5731
sweep,5814
sweep,223
mark,1029894
sweep,4638
sweep,3820
sweep,4086
sweep,4244
sweep,3899
sweep,4245
sweep,3628
sweep,3226
sweep,2762
sweep,3018
sweep,3046
sweep,3157
sweep,2920
sweep,3182
sweep,2607
sweep,2861
sweep,3237
sweep,3120
sweep,3102
sweep,3385
sweep,2290
sweep,2444
sweep,4218
sweep,2398
sweep,3134
sweep,1881
sweep,3606
sweep,3570
sweep,4585
sweep,3269
sweep,3452
sweep,3197
sweep,3218
sweep,3065
sweep,2749
sweep,3466
sweep,2815
sweep,3154
sweep,2770
sweep,2608
sweep,3928
sweep,3128
sweep,2674
sweep,2949
sweep,2855
sweep,3485
sweep,2759
sweep,2596
sweep,2655
sweep,3755
sweep,3943
sweep,3938
sweep,4131
sweep,5831
sweep,8857
sweep,6561
sweep,8394
sweep,8248
sweep,8511
sweep,7065
sweep,7245
sweep,7038
sweep,835
mark,1037275
sweep,4798
sweep,3913
sweep,3854
sweep,3994
sweep,3927
sweep,4391
sweep,3824
sweep,3392
sweep,3004
sweep,3390
sweep,2945
sweep,2744
sweep,2974
sweep,2922
sweep,3146
sweep,3168
sweep,3563
sweep,2941
sweep,3042
sweep,3376
sweep,2278
sweep,2516
sweep,3790
sweep,2510
sweep,3492
sweep,1837
sweep,3745
sweep,3554
sweep,4571
sweep,3176
sweep,3371
sweep,3133
sweep,3175
sweep,3343
sweep,2873
sweep,3488
sweep,2694
sweep,3079
sweep,2401
sweep,2667
sweep,3773
sweep,2865
sweep,2902
sweep,2904
sweep,3088
sweep,3495
sweep,2767
sweep,2497
sweep,2553
sweep,5925
sweep,8972
sweep,8478
sweep,8387
sweep,8164
sweep,5807
sweep,7371
sweep,4063
sweep,4328
sweep,4343
sweep,5613
sweep,15122
sweep,5789
sweep,235
mark,1036472
sweep,4535
sweep,4060
sweep,4074
sweep,4171
sweep,3796
sweep,4105
sweep,3626
sweep,3201
sweep,3158
sweep,3089
sweep,3145
sweep,2789
sweep,2748
sweep,2793
sweep,2555
sweep,2610
sweep,3486
sweep,2925
sweep,3048
sweep,3222
sweep,2325
sweep,2472
sweep,3761
sweep,2555
sweep,3025
sweep,2264
sweep,3428
sweep,3770
sweep,4194
sweep,3647
sweep,3242
sweep,2935
sweep,3018
sweep,3095
sweep,2844
sweep,3230
sweep,2729
sweep,3068
sweep,2605
sweep,2657
sweep,3842
sweep,2646
sweep,2854
sweep,3283
sweep,3056
sweep,3488
sweep,2992
sweep,2539
sweep,2568
sweep,3616
sweep,4082
sweep,3987
sweep,4202
sweep,5978
sweep,7602
sweep,6039
sweep,8775
sweep,8454
sweep,8641
sweep,8091
sweep,7258
sweep,6986
sweep,874
mark,1029358
sweep,4568
sweep,3949
sweep,3943
sweep,4018
sweep,3958
sweep,4296
sweep,3700
sweep,3251
sweep,3125
sweep,3538
sweep,3030
sweep,2774
sweep,2757
sweep,2816
sweep,2763
sweep,2631
sweep,3649
sweep,3193
sweep,2957
sweep,3514
sweep,2674
sweep,2378
sweep,4320
sweep,2485
sweep,3061
sweep,1867
sweep,3410
sweep,3751
sweep,4435
sweep,3362
sweep,3339
sweep,3485
sweep,3153
sweep,3058
sweep,2820
sweep,3513
sweep,2763
sweep,3387
sweep,2507
sweep,2871
sweep,3838
sweep,2595
sweep,2982
sweep,2966
sweep,3017
sweep,3869
sweep,2718
sweep,2450
sweep,2442
sweep,6009
sweep,8878
sweep,9095
sweep,8423
sweep,8373
sweep,6503
sweep,7377
sweep,4257
sweep,4349
sweep,4927
sweep,6209
sweep,5714
sweep,6024
sweep,213
mark,1034831
sweep,4681
sweep,3742
sweep,4114
sweep,4295
sweep,3565
sweep,3936
sweep,3669
sweep,3146
sweep,3046
sweep,2966
sweep,3002
sweep,3369
sweep,3024
sweep,2833
sweep,2821
sweep,2665
sweep,3470
sweep,3347
sweep,2945
sweep,3537
sweep,2304
sweep,2766
sweep,3701
sweep,2374
sweep,3016
sweep,2147
sweep,3381
sweep,3884
sweep,4385
sweep,3881
sweep,3154
sweep,3098
sweep,3221
sweep,3033
sweep,2934
sweep,3331
sweep,2722
sweep,3055
sweep,2822
sweep,2646
sweep,3786
sweep,2838
sweep,2823
sweep,3138
sweep,2810
sweep,3640
sweep,2760
sweep,2584
sweep,2612
sweep,3616
sweep,3976
sweep,4209
sweep,4145
sweep,5912
sweep,7907
sweep,6128
sweep,8411
sweep,8461
sweep,8441
sweep,7304
sweep,7152
sweep,7081
sweep,834
mark,1038502
sweep,5083
sweep,4132
sweep,3970
sweep,4101
sweep,3878
sweep,4155
sweep,3660
sweep,3294
sweep,2799
sweep,3565
sweep,3116
sweep,3128
sweep,2725
sweep,3257
sweep,2614
sweep,2884
sweep,3441
sweep,3233
sweep,3146
sweep,3464
sweep,2321
sweep,2357
sweep,3695
sweep,2385
sweep,3185
sweep,1958
sweep,3416
sweep,3680
sweep,4217
sweep,3831
sweep,3099
sweep,2981
sweep,2997
sweep,3002
sweep,2910
sweep,3298
sweep,2785
sweep,3268
sweep,2677
sweep,2681
sweep,3822
sweep,2733
sweep,3077
sweep,2850
sweep,3344
sweep,3729
sweep,2792
sweep,2448
sweep,2615
sweep,5786
sweep,8766
sweep,8535
sweep,8861
sweep,8007
sweep,6106
sweep,7136
sweep,4270
sweep,4345
sweep,4790
sweep,6212
sweep,5770
sweep,6300
sweep,243
mark,1031693
sweep,4900
sweep,3969
sweep,4226
sweep,4338
sweep,3853
sweep,4069
sweep,3638
sweep,3423
sweep,2796
sweep,3139
sweep,2984
sweep,2787
sweep,2789
sweep,2936
sweep,2606
sweep,2946
sweep,3248
sweep,2913
sweep,3008
sweep,3858
sweep,2258
sweep,2755
sweep,3764
sweep,2532
sweep,3204
sweep,1900
sweep,3294
sweep,3700
sweep,4388
sweep,3373
sweep,3259
sweep,3087
sweep,3331
sweep,2946
sweep,2880
sweep,3210
sweep,2734
sweep,3157
sweep,2818
sweep,2653
sweep,3901
sweep,2698
sweep,2729
sweep,3206
sweep,2832
sweep,3428
sweep,2752
sweep,2412
sweep,2729
sweep,3472
sweep,4123
sweep,4046
sweep,4177
sweep,6190
sweep,7781
sweep,6110
sweep,8369
sweep,8241
sweep,8398
sweep,7321
sweep,7574
sweep,7138
sweep,837
mark,1033564
sweep,5039
sweep,3766
sweep,4479
sweep,3955
sweep,3681
sweep,4210
sweep,3657
sweep,3227
sweep,2804
sweep,3410
sweep,2926
sweep,2856
sweep,3023
sweep,2920
sweep,2589
sweep,2736
sweep,3363
sweep,2876
sweep,3241
sweep,3396
sweep,2286
sweep,2903
sweep,4544
sweep,2636
sweep,3143
sweep,1864
sweep,3499
sweep,3906
sweep,4311
sweep,3685
sweep,3252
sweep,3522
sweep,2873
sweep,3201
sweep,2765
sweep,3253
sweep,2778
sweep,3263
sweep,2818
sweep,2679
sweep,3684
sweep,2632
sweep,2928
sweep,3184
sweep,3400
sweep,3467
sweep,2714
sweep,2493
sweep,2513
sweep,5654
sweep,9168
sweep,8779
sweep,8619
sweep,8183
sweep,6023
sweep,7493
sweep,4079
sweep,4465
sweep,4322
sweep,5655
sweep,5744
sweep,6745
sweep,250
mark,1052240
sweep,4509
sweep,4034
sweep,4154
sweep,4790
sweep,3541
sweep,4164
sweep,3553
sweep,3188
sweep,2894
sweep,3162
sweep,3160
sweep,3000
sweep,3048
sweep,2959
sweep,2573
sweep,2743
sweep,3228
sweep,2938
sweep,3144
sweep,3325
sweep,2643
sweep,2543
sweep,3984
sweep,2567
sweep,3650
sweep,1864
sweep,3588
sweep,3620
sweep,4268
sweep,3684
sweep,3071
sweep,2996
sweep,2876
sweep,3025
sweep,3111
sweep,3212
sweep,3051
sweep,2991
sweep,2798
sweep,2749
sweep,3967
sweep,2902
sweep,3112
sweep,3403
sweep,2890
sweep,3612
sweep,2975
sweep,2456
sweep,2508
sweep,3411
sweep,4189
sweep,4295
sweep,4240
sweep,6413
sweep,7905
sweep,6115
sweep,8257
sweep,8511
sweep,8558
sweep,7503
sweep,7221
sweep,7124
sweep,849
mark,1053627
sweep,4749
sweep,3758
sweep,3891
sweep,4121
sweep,3938
sweep,4340
sweep,4214
sweep,3440
sweep,3077
sweep,3237
sweep,3095
sweep,3036
sweep,2706
sweep,2850
sweep,2973
sweep,2772
sweep,3573
sweep,2873
sweep,2991
sweep,3593
sweep,2557
sweep,2360
sweep,3716
sweep,2566
sweep,3148
sweep,2154
sweep,3642
sweep,3728
sweep,4621
sweep,3443
sweep,3115
sweep,3138
sweep,2875
sweep,3222
sweep,2817
sweep,3149
sweep,2932
sweep,3112
sweep,2796
sweep,2672
sweep,3889
sweep,2857
sweep,2796
sweep,3134
sweep,2868
sweep,3508
sweep,2739
sweep,2461
sweep,2481
sweep,5409
sweep,9282
sweep,8701
sweep,8578
sweep,8061
sweep,5738
sweep,7522
sweep,4334
sweep,4270
sweep,5199
sweep,6204
sweep,5562
sweep,5793
sweep,239
mark,1035406
sweep,4561
sweep,4153
sweep,4293
sweep,4605
sweep,3547
sweep,4095
sweep,3559
sweep,3197
sweep,3045
sweep,3155
sweep,3116
sweep,3157
sweep,2792
sweep,2969
sweep,2696
sweep,2714
sweep,3308
sweep,2941
sweep,3232
sweep,3406
sweep,2504
sweep,2845
sweep,3961
sweep,2595
sweep,3334
sweep,1935
sweep,3864
sweep,4113
sweep,4753
sweep,3732
sweep,2964
sweep,2694
sweep,2869
sweep,3034
sweep,2711
sweep,3528
sweep,3002
sweep,3061
sweep,2540
sweep,2570
sweep,3495
sweep,2646
sweep,2980
sweep,2820
sweep,2751
sweep,3554
sweep,2605
sweep,2544
sweep,2389
sweep,3754
sweep,4160
sweep,4186
sweep,4397
sweep,5733
sweep,8055
sweep,6472
sweep,8538
sweep,8354
sweep,8393
sweep,8348
sweep,7436
sweep,7644
sweep,828
mark,1051159
sweep,4698
sweep,4080
sweep,4282
sweep,4275
sweep,3955
sweep,4028
sweep,3684
sweep,3296
sweep,3109
sweep,3272
sweep,2931
sweep,3037
sweep,3005
sweep,2957
sweep,2885
sweep,2823
sweep,3640
sweep,2845
sweep,3640
sweep,3397
sweep,2306
sweep,2696
sweep,3750
sweep,2489
sweep,3036
sweep,1922
sweep,3368
sweep,3725
sweep,4480
sweep,3651
sweep,3023
sweep,3102
sweep,2788
sweep,3306
sweep,2780
sweep,3403
sweep,2918
sweep,3088
sweep,2761
sweep,2728
sweep,3737
sweep,2692
sweep,2799
sweep,2890
sweep,2708
sweep,3405
sweep,2711
sweep,2518
sweep,2437
sweep,5788
sweep,8920
sweep,8639
sweep,8386
sweep,7914
sweep,6184
sweep,6969
sweep,4021
sweep,4582
sweep,4882
sweep,6167
sweep,5922
sweep,5857
sweep,279
mark,1028399
sweep,4698
sweep,4173
sweep,4387
sweep,4341
sweep,3884
sweep,3960
sweep,3554
sweep,3310
sweep,2954
sweep,3047
sweep,3176
sweep,2794
sweep,2669
sweep,2957
sweep,2594
sweep,3069
sweep,3168
sweep,2970
sweep,3048
sweep,3527
sweep,2354
sweep,2424
sweep,3985
sweep,2375
sweep,3009
sweep,2158
sweep,3572
sweep,3558
sweep,4442
sweep,3428
sweep,3427
sweep,3103
sweep,2854
sweep,3033
sweep,2841
sweep,3270
sweep,2752
sweep,3197
sweep,2884
sweep,2836
sweep,3712
sweep,2944
sweep,2668
sweep,3144
sweep,3011
sweep,3366
sweep,2813
sweep,2488
sweep,2674
sweep,3814
sweep,3855
sweep,3890
sweep,4182
sweep,5573
sweep,8607
sweep,6463
sweep,9148
sweep,7940
sweep,9013
sweep,7451
sweep,7666
sweep,7748
sweep,831
mark,1027696
sweep,4831
sweep,3850
sweep,4041
sweep,4053
sweep,3676
sweep,4086
sweep,3602
sweep,3113
sweep,2849
sweep,3408
sweep,3024
sweep,2860
sweep,2746
sweep,2982
sweep,2748
sweep,2824
sweep,3312
sweep,2840
sweep,3078
sweep,3338
sweep,2300
sweep,2559
sweep,3678
sweep,2288
sweep,3710
sweep,1948
sweep,3567
sweep,3652
sweep,4496
sweep,3724
sweep,3285
sweep,3060
sweep,2988
sweep,2990
sweep,2859
sweep,3249
sweep,2806
sweep,3115
sweep,2672
sweep,2631
sweep,4003
sweep,2746
sweep,2855
sweep,2848
sweep,2872
sweep,3708
sweep,3004
sweep,2504
sweep,2467
sweep,5328
sweep,8772
sweep,9064
sweep,8648
sweep,7931
sweep,6328
sweep,7146
sweep,4007
sweep,4333
sweep,4946
sweep,6123
sweep,5587
sweep,5939
sweep,217
mark,1048338
sweep,4706
sweep,3914
sweep,4017
sweep,4248
sweep,3675
sweep,4181
sweep,3628
sweep,3060
sweep,2795
sweep,3231
sweep,3068
sweep,2786
sweep,2636
sweep,2834
sweep,2613
sweep,2976
sweep,3457
sweep,3371
sweep,2965
sweep,3445
sweep,2693
sweep,2439
sweep,3974
sweep,2438
sweep,3648
sweep,1942
sweep,3676
sweep,3822
sweep,4336
sweep,3374
sweep,3427
sweep,3027
sweep,2960
sweep,3083
sweep,2730
sweep,3372
sweep,2690
sweep,3324
sweep,2671
sweep,3170
sweep,3733
sweep,3231
sweep,2875
sweep,3052
sweep,2766
sweep,3616
sweep,2806
sweep,2500
sweep,2473
sweep,3872
sweep,4083
sweep,4044
sweep,4034
sweep,6097
sweep,8175
sweep,6062
sweep,9341
sweep,8189
sweep,8948
sweep,7467
sweep,7318
sweep,7165
sweep,826
mark,1039601
sweep,4773
sweep,4040
sweep,4167
sweep,4014
sweep,3587
sweep,4074
sweep,3694
sweep,3497
sweep,2950
sweep,3721
sweep,3062
sweep,2749
sweep,2736
sweep,3093
sweep,2761
sweep,2887
sweep,3312
sweep,3216
sweep,3388
sweep,3748
sweep,2351
sweep,2610
sweep,3903
sweep,2828
sweep,3503
sweep,1892
sweep,3572
sweep,3678
sweep,4344
sweep,3754
sweep,3020
sweep,3113
sweep,2915
sweep,3101
sweep,2772
sweep,3369
sweep,2888
sweep,3119
sweep,2744
sweep,2671
sweep,3776
sweep,2549
sweep,2830
sweep,2913
sweep,2992
sweep,3436
sweep,2708
sweep,2462
sweep,2690
sweep,5223
sweep,9334
sweep,8686
sweep,8457
sweep,8381
sweep,5844
sweep,7159
sweep,3982
sweep,4302
sweep,4931
sweep,6237
sweep,5956
sweep,5887
sweep,234
mark,1032785
sweep,4734
sweep,3976
sweep,4075
sweep,4449
sweep,3898
sweep,4078
sweep,3831
sweep,3080
sweep,2805
sweep,3548
sweep,3127
sweep,2948
sweep,3140
sweep,3059
sweep,2488
sweep,2794
sweep,3138
sweep,2979
sweep,3205
sweep,3572
sweep,2490
sweep,2901
sweep,4029
sweep,2378
sweep,3115
sweep,1972
sweep,3467
sweep,3820
sweep,4174
sweep,3513
sweep,3312
sweep,3288
sweep,2919
sweep,3046
sweep,2901
sweep,3425
sweep,3015
sweep,3026
sweep,2884
sweep,2669
sweep,3849
sweep,2735
sweep,2775
sweep,3047
sweep,2847
sweep,3406
sweep,2769
sweep,2526
sweep,2451
sweep,3452
sweep,4025
sweep,4156
sweep,4202
sweep,5913
sweep,8108
sweep,7407
sweep,18078
sweep,8967
sweep,9119
sweep,7378
sweep,8010
sweep,7869
sweep,833
mark,1061503
sweep,4775
sweep,4031
sweep,4064
sweep,4097
sweep,3562
sweep,4368
sweep,3518
sweep,3094
sweep,3083
sweep,3202
sweep,2904
sweep,2977
sweep,2932
sweep,2791
sweep,2886
sweep,2682
sweep,3554
sweep,2885
sweep,3299
sweep,3508
sweep,2429
sweep,2337
sweep,4061
sweep,2342
sweep,3319
sweep,1934
sweep,3394
sweep,4012
sweep,4399
sweep,3341
sweep,3032
sweep,2870
sweep,3268
sweep,3071
sweep,3187
sweep,3477
sweep,3327
sweep,3461
sweep,2694
sweep,2643
sweep,3601
sweep,3196
sweep,2664
sweep,3132
sweep,2983
sweep,3680
sweep,2719
sweep,2435
sweep,2471
sweep,5246
sweep,9447
sweep,8558
sweep,8540
sweep,8361
sweep,5814
sweep,7162
sweep,4148
sweep,4495
sweep,4718
sweep,5927
sweep,5740
sweep,5782
sweep,229
mark,1034280
sweep,5367
sweep,4275
sweep,4519
sweep,4204
sweep,3414
sweep,4044
sweep,4075
sweep,3208
sweep,2805
sweep,3105
sweep,3123
sweep,2734
sweep,2767
sweep,2768
sweep,3001
sweep,3073
sweep,3267
sweep,2944
sweep,2933
sweep,3551
sweep,2549
sweep,2754
sweep,3969
sweep,2337
sweep,3036
sweep,1949
sweep,3329
sweep,4061
sweep,4368
sweep,3329
sweep,3214
sweep,3003
sweep,3286
sweep,3256
sweep,2810
sweep,3468
sweep,2925
sweep,3062
sweep,2594
sweep,3159
sweep,3740
sweep,3261
sweep,2950
sweep,3075
sweep,2851
sweep,3483
sweep,2986
sweep,2554
sweep,2553
sweep,3839
sweep,4381
sweep,4343
sweep,4177
sweep,6691
sweep,7953
sweep,5769
sweep,9403
sweep,8119
sweep,8202
sweep,8252
sweep,7365
sweep,7503
sweep,829
mark,1036754
sweep,4858
sweep,4049
sweep,3959
sweep,4094
sweep,3592
sweep,4239
sweep,3862
sweep,3618
sweep,3203
sweep,3321
sweep,2969
sweep,3246
sweep,2873
sweep,2842
sweep,2999
sweep,6214
sweep,3303
sweep,2937
sweep,2945
sweep,3525
sweep,2526
sweep,2926
sweep,4382
sweep,2598
sweep,3152
sweep,2120
sweep,3401
sweep,3740
sweep,4518
sweep,3466
sweep,3050
sweep,3388
sweep,3027
sweep,3206
sweep,2807
sweep,3215
sweep,2628
sweep,3197
sweep,2472
sweep,2970
sweep,4022
sweep,2912
sweep,2702
sweep,3004
sweep,2846
sweep,3726
sweep,2789
sweep,2660
sweep,2447
sweep,5620
sweep,9127
sweep,9063
sweep,8561
sweep,7720
sweep,5882
sweep,7410
sweep,4143
sweep,4391
sweep,5193
sweep,6389
sweep,5867
sweep,5897
sweep,254
mark,1028969
sweep,4541
sweep,3885
sweep,4230
sweep,4026
sweep,3370
sweep,4039
sweep,4040
sweep,3051
sweep,2791
sweep,3129
sweep,3221
sweep,2720
sweep,2705
sweep,3093
sweep,2538
sweep,2704
sweep,3334
sweep,2887
sweep,2997
sweep,3435
sweep,2355
sweep,2625
sweep,4051
sweep,2639
sweep,3655
sweep,2349
sweep,3357
sweep,3842
sweep,4089
sweep,3138
sweep,3382
sweep,3064
sweep,2855
sweep,3079
sweep,2836
sweep,3340
sweep,3053
sweep,3273
sweep,2493
sweep,2892
sweep,3866
sweep,2658
sweep,2771
sweep,3096
sweep,2752
sweep,3693
sweep,2667
sweep,2555
sweep,2584
sweep,3435
sweep,4128
sweep,4005
sweep,4151
sweep,5882
sweep,7809
sweep,6147
sweep,8438
sweep,8383
sweep,8609
sweep,7477
sweep,7217
sweep,7139
sweep,822
mark,1029733
sweep,5197
sweep,4030
sweep,4322
sweep,4262
sweep,3864
sweep,4161
sweep,3619
sweep,3460
sweep,3153
sweep,3258
sweep,3144
sweep,2980
sweep,2960
sweep,2877
sweep,2839
sweep,2695
sweep,3232
sweep,2972
sweep,3288
sweep,3485
sweep,2443
sweep,2655
sweep,3739
sweep,2736
sweep,3092
sweep,1919
sweep,3596
sweep,3965
sweep,4409
sweep,3618
sweep,3290
sweep,2983
sweep,3104
sweep,2936
sweep,2860
sweep,3229
sweep,2842
sweep,3291
sweep,2453
sweep,2721
sweep,3740
sweep,2823
sweep,2735
sweep,3408
sweep,3080
sweep,3451
sweep,3053
sweep,2591
sweep,2520
sweep,5995
sweep,8920
sweep,8544
sweep,8696
sweep,7744
sweep,6050
sweep,6990
sweep,4287
sweep,4258
sweep,4770
sweep,6302
sweep,5733
sweep,5931
sweep,221
mark,1029549
sweep,4759
sweep,3860
sweep,4515
sweep,4200
sweep,3667
sweep,4335
sweep,3499
sweep,2995
sweep,2924
sweep,3313
sweep,3414
sweep,2779
sweep,2782
sweep,2962
sweep,2577
sweep,2730
sweep,3487
sweep,2964
sweep,2857
sweep,3412
sweep,2699
sweep,2708
sweep,3771
sweep,2575
sweep,3366
sweep,1900
sweep,3599
sweep,3911
sweep,4251
sweep,3800
sweep,3251
sweep,3338
sweep,2912
sweep,3222
sweep,3121
sweep,3288
sweep,2772
sweep,3138
sweep,2551
sweep,2826
sweep,4355
sweep,2587
sweep,2867
sweep,3058
sweep,2766
sweep,3902
sweep,2804
sweep,2796
sweep,2713
sweep,3426
sweep,3861
sweep,4008
sweep,4161
sweep,6282
sweep,7704
sweep,5974
sweep,8732
sweep,8499
sweep,8756
sweep,8273
sweep,7480
sweep,7674
sweep,837
mark,1029919
sweep,4558
sweep,3795
sweep,4142
sweep,4424
sweep,3889
sweep,4065
sweep,3567
sweep,3337
sweep,2872
sweep,3638
sweep,2991
sweep,2987
sweep,2736
sweep,2973
sweep,2845
sweep,2672
sweep,3286
sweep,2930
sweep,3182
sweep,3349
sweep,2445
sweep,2987
sweep,3909
sweep,2441
sweep,3103
sweep,2228
sweep,3645
sweep,3705
sweep,4281
sweep,3766
sweep,3101
sweep,3181
sweep,2998
sweep,3337
sweep,2962
sweep,3533
sweep,2733
sweep,3006
sweep,2400
sweep,2769
sweep,4014
sweep,2651
sweep,2808
sweep,2913
sweep,2907
sweep,3606
sweep,2916
sweep,2641
sweep,2697
sweep,5349
sweep,8744
sweep,8348
sweep,8689
sweep,8055
sweep,6551
sweep,7805
sweep,4369
sweep,4512
sweep,5012
sweep,6196
sweep,6052
sweep,5826
sweep,215
mark,1027415
sweep,4531
sweep,3739
sweep,3893
sweep,4186
sweep,3752
sweep,3961
sweep,4040
sweep,3143
sweep,2839
sweep,3029
sweep,3073
sweep,2720
sweep,3001
sweep,3031
sweep,3159
sweep,2677
sweep,3274
sweep,3097
sweep,3159
sweep,3405
sweep,2307
sweep,2592
sweep,3994
sweep,2484
sweep,3152
sweep,2074
sweep,3456
sweep,3548
sweep,4383
sweep,3217
sweep,3167
sweep,3203
sweep,3467
sweep,3063
sweep,3155
sweep,3367
sweep,2809
sweep,3018
sweep,2483
sweep,2610
sweep,3872
sweep,2674
sweep,2862
sweep,3012
sweep,2884
sweep,3656
sweep,2767
sweep,2466
sweep,2563
sweep,3703
sweep,4048
sweep,4047
sweep,4261
sweep,6078
sweep,7762
sweep,6311
sweep,8492
sweep,8460
sweep,8564
sweep,8108
sweep,7405
sweep,7656
sweep,839
mark,1029255
sweep,5011
sweep,3924
sweep,3870
sweep,4177
sweep,3832
sweep,4224
sweep,3595
sweep,3391
sweep,2984
sweep,3346
sweep,2938
sweep,2776
sweep,2691
sweep,3314
sweep,2601
sweep,2758
sweep,3240
sweep,2879
sweep,3030
sweep,3629
sweep,2357
sweep,2404
sweep,3787
sweep,2696
sweep,3033
sweep,2045
sweep,3589
sweep,3637
sweep,4286
sweep,3819
sweep,3139
sweep,2948
sweep,2894
sweep,3000
sweep,2986
sweep,3074
sweep,2781
sweep,3041
sweep,2438
sweep,2653
sweep,3895
sweep,2609
sweep,2944
sweep,2918
sweep,3101
sweep,3717
sweep,2874
sweep,2484
sweep,2483
sweep,5998
sweep,8463
sweep,9130
sweep,8939
sweep,7892
sweep,5705
sweep,6889
sweep,3976
sweep,4338
sweep,4910
sweep,6113
sweep,5650
sweep,5853
sweep,224
mark,1029314
sweep,4981
sweep,3966
sweep,4072
sweep,4124
sweep,3472
sweep,4224
sweep,3731
sweep,3350
sweep,2820
sweep,3167
sweep,3274
sweep,2744
sweep,2821
sweep,2896
sweep,2746
sweep,2687
sweep,3366
sweep,3212
sweep,3091
sweep,3469
sweep,2379
sweep,2453
sweep,4033
sweep,2551
sweep,3311
sweep,2200
sweep,3317
sweep,3563
sweep,4450
sweep,3300
sweep,3111
sweep,3469
sweep,3277
sweep,3046
sweep,2994
sweep,3145
sweep,2928
sweep,3049
sweep,2582
sweep,3146
sweep,3774
sweep,2707
sweep,2932
sweep,3159
sweep,2918
sweep,3399
sweep,2742
sweep,2527
sweep,2614
sweep,3470
sweep,4253
sweep,3989
sweep,4302
sweep,5849
sweep,7499
sweep,5735
sweep,9241
sweep,8100
sweep,8170
sweep,8082
sweep,7443
sweep,7541
sweep,825
mark,1026728
sweep,4892
sweep,4068
sweep,4057
sweep,3938
sweep,3769
sweep,4079
sweep,3641
sweep,3128
sweep,3089
sweep,3306
sweep,3351
sweep,3041
sweep,2752
sweep,2821
sweep,2887
sweep,2887
sweep,3527
sweep,2939
sweep,3122
sweep,3531
sweep,2316
sweep,2482
sweep,3690
sweep,2360
sweep,3152
sweep,2133
sweep,3353
sweep,3619
sweep,4213
sweep,3633
sweep,3656
sweep,3051
sweep,3462
sweep,3010
sweep,2753
sweep,3104
sweep,2915
sweep,3336
sweep,2478
sweep,2582
sweep,3779
sweep,3019
sweep,2667
sweep,2928
sweep,3125
sweep,3512
sweep,2796
sweep,2978
sweep,2472
sweep,5491
sweep,8733
sweep,8655
sweep,8702
sweep,8191
sweep,6479
sweep,7036
sweep,4029
sweep,4256
sweep,4833
sweep,6214
sweep,5923
sweep,5894
sweep,219
mark,1032669
sweep,4584
sweep,3687
sweep,3978
sweep,4638
sweep,3741
sweep,4114
sweep,3735
sweep,3101
sweep,3027
sweep,3166
sweep,3090
sweep,2957
sweep,2906
sweep,2977
sweep,2828
sweep,2682
sweep,3209
sweep,2915
sweep,3266
sweep,3597
sweep,2248
sweep,2492
sweep,4281
sweep,2610
sweep,3134
sweep,2351
sweep,3374
sweep,3910
sweep,4440
sweep,3223
sweep,3475
sweep,3370
sweep,3053
sweep,3141
sweep,2733
sweep,3453
sweep,2720
sweep,3078
sweep,2715
sweep,2784
sweep,3791
sweep,2818
sweep,2596
sweep,3026
sweep,3081
sweep,3772
sweep,2773
sweep,2498
sweep,2693
sweep,3775
sweep,3920
sweep,4077
sweep,4202
sweep,5976
sweep,7845
sweep,6274
sweep,9416
sweep,8071
sweep,8850
sweep,7440
sweep,7743
sweep,7214
sweep,795
mark,1036571
sweep,4589
sweep,4050
sweep,3895
sweep,4339
sweep,3878
sweep,4150
sweep,3922
sweep,3261
sweep,2943
sweep,3303
sweep,3278
sweep,3092
sweep,2950
sweep,3398
sweep,2840
sweep,2837
sweep,3224
sweep,2976
sweep,2997
sweep,3286
sweep,2407
sweep,2516
sweep,3756
sweep,2415
sweep,3194
sweep,1966
sweep,3737
sweep,3737
sweep,4511
sweep,4048
sweep,3356
sweep,3062
sweep,3119
sweep,2909
sweep,2729
sweep,3179
sweep,2825
sweep,3308
sweep,2538
sweep,2777
sweep,3537
sweep,2639
sweep,3037
sweep,3244
sweep,3279
sweep,3489
sweep,2673
sweep,2426
sweep,2357
sweep,5464
sweep,8659
sweep,8482
sweep,8510
sweep,7726
sweep,6060
sweep,7140
sweep,3968
sweep,4427
sweep,4768
sweep,6091
sweep,6121
sweep,5925
sweep,223
mark,1023102
sweep,4505
sweep,4085
sweep,3898
sweep,4093
sweep,3830
sweep,4200
sweep,3712
sweep,3325
sweep,2736
sweep,3283
sweep,3125
sweep,2677
sweep,2704
sweep,2792
sweep,2580
sweep,2760
sweep,3219
sweep,2912
sweep,3336
sweep,3297
sweep,2319
sweep,2537
sweep,4190
sweep,2394
sweep,3164
sweep,2144
sweep,3645
sweep,3825
sweep,4342
sweep,3371
sweep,3737
sweep,3054
sweep,2941
sweep,3286
sweep,2807
sweep,3260
sweep,2848
sweep,3207
sweep,2645
sweep,2761
sweep,3811
sweep,2752
sweep,2692
sweep,3418
sweep,2713
sweep,3489
sweep,2875
sweep,2538
sweep,2673
sweep,3455
sweep,4059
sweep,3945
sweep,4072
sweep,6136
sweep,8622
sweep,6951
sweep,8736
sweep,8322
sweep,8686
sweep,8214
sweep,7381
sweep,7542
sweep,826
mark,1029454
sweep,4896
sweep,3980
sweep,3993
sweep,4276
sweep,3642
sweep,4264
sweep,3847
sweep,3056
sweep,3000
sweep,3282
sweep,3056
sweep,3027
sweep,2617
sweep,2837
sweep,2671
sweep,2698
sweep,3387
sweep,3393
sweep,2963
sweep,3613
sweep,2352
sweep,2421
sweep,4037
sweep,2364
sweep,3146
sweep,1833
sweep,3466
sweep,3892
sweep,4328
sweep,3625
sweep,3401
sweep,3255
sweep,2861
sweep,3379
sweep,2846
sweep,3227
sweep,3030
sweep,3419
sweep,2595
sweep,2958
sweep,3783
sweep,2642
sweep,2667
sweep,3000
sweep,2755
sweep,3714
sweep,2919
sweep,2865
sweep,2709
sweep,5863
sweep,8696
sweep,8418
sweep,8476
sweep,7538
sweep,6439
sweep,7380
sweep,4386
sweep,4293
sweep,4684
sweep,6143
sweep,5937
sweep,5813
sweep,260
mark,1025886
sweep,4573
sweep,4232
sweep,4343
sweep,4055
sweep,3857
sweep,4188
sweep,3538
sweep,2990
sweep,2877
sweep,3127
sweep,3255
sweep,2722
sweep,2655
sweep,2866
sweep,2674
sweep,2710
sweep,3229
sweep,2960
sweep,3116
sweep,3755
sweep,2527
sweep,2445
sweep,4002
sweep,2776
sweep,3072
sweep,1899
sweep,3487
sweep,3984
sweep,4347
sweep,3541
sweep,3404
sweep,3337
sweep,3271
sweep,3126
sweep,2698
sweep,3306
sweep,3052
sweep,3050
sweep,2575
sweep,2704
sweep,4068
sweep,2905
sweep,2696
sweep,2939
sweep,2960
sweep,3504
sweep,2955
sweep,2420
sweep,2816
sweep,3716
sweep,4358
sweep,3978
sweep,4211
sweep,5593
sweep,7693
sweep,5816
sweep,9310
sweep,8044
sweep,8358
sweep,8219
sweep,7391
sweep,7167
sweep,808
mark,1029965
sweep,4679
sweep,3947
sweep,4046
sweep,3955
sweep,3644
sweep,4183
sweep,3849
sweep,3156
sweep,2964
sweep,3718
sweep,3078
sweep,2963
sweep,2572
sweep,2878
sweep,2653
sweep,2862
sweep,3260
sweep,2868
sweep,3149
sweep,3349
sweep,2519
sweep,2672
sweep,4228
sweep,2340
sweep,3157
sweep,1989
sweep,3406
sweep,3663
sweep,4386
sweep,3528
sweep,3113
sweep,2996
sweep,2965
sweep,3112
sweep,3349
sweep,3291
sweep,2968
sweep,3046
sweep,2496
sweep,2954
sweep,3816
sweep,3032
sweep,2773
sweep,2977
sweep,2817
sweep,3414
sweep,2845
sweep,2792
sweep,2428
sweep,5741
sweep,9355
sweep,8801
sweep,8672
sweep,7959
sweep,5841
sweep,7299
sweep,4108
sweep,4419
sweep,4826
sweep,6385
sweep,5858
sweep,5756
sweep,242
mark,1032663
sweep,4870
sweep,4285
sweep,4058
sweep,4084
sweep,3612
sweep,4073
sweep,3915
sweep,2982
sweep,2903
sweep,3501
sweep,3081
sweep,2822
sweep,2767
sweep,2769
sweep,2523
sweep,2759
sweep,3177
sweep,3308
sweep,3136
sweep,3352
sweep,2348
sweep,2696
sweep,3903
sweep,2642
sweep,3036
sweep,2040
sweep,3525
sweep,3871
sweep,4330
sweep,3658
sweep,3417
sweep,3178
sweep,3387
sweep,3036
sweep,2764
sweep,3371
sweep,3087
sweep,3281
sweep,2843
sweep,3159
sweep,3674
sweep,2629
sweep,2662
sweep,2948
sweep,2816
sweep,3933
sweep,2736
sweep,2544
sweep,2526
sweep,3529
sweep,4140
sweep,3935
sweep,4318
sweep,6073
sweep,7793
sweep,6208
sweep,8295
sweep,8336
sweep,8611
sweep,7547
sweep,7221
sweep,7165
sweep,786
mark,1044140
sweep,4809
sweep,3985
sweep,3979
sweep,4338
sweep,3877
sweep,4074
sweep,3620
sweep,3530
sweep,3171
sweep,3264
sweep,3012
sweep,2960
sweep,2716
sweep,2960
sweep,3169
sweep,2951
sweep,3289
sweep,3257
sweep,3330
sweep,3419
sweep,2369
sweep,2457
sweep,3748
sweep,2413
sweep,3244
sweep,2010
sweep,3628
sweep,3866
sweep,4766
sweep,3487
sweep,2995
sweep,3106
sweep,2901
sweep,3156
sweep,2867
sweep,3297
sweep,2678
sweep,3252
sweep,2526
sweep,2638
sweep,3764
sweep,2771
sweep,3004
sweep,3243
sweep,3201
sweep,3768
sweep,2794
sweep,2437
sweep,2430
sweep,5382
sweep,9358
sweep,8889
sweep,8328
sweep,8030
sweep,5782
sweep,7464
sweep,4133
sweep,4434
sweep,4328
sweep,5646
sweep,5966
sweep,6136
sweep,236
mark,1031438
sweep,4808
sweep,4274
sweep,4155
sweep,4312
sweep,3607
sweep,3965
sweep,3736
sweep,3011
sweep,3163
sweep,3088
sweep,3046
sweep,2778
sweep,2849
sweep,3083
sweep,2660
sweep,2957
sweep,3176
sweep,2881
sweep,3244
sweep,3577
sweep,2311
sweep,2528
sweep,3975
sweep,2352
sweep,3362
sweep,1832
sweep,3260
sweep,4086
sweep,4379
sweep,3331
sweep,3090
sweep,2940
sweep,2789
sweep,2973
sweep,2931
sweep,3454
sweep,2846
sweep,3217
sweep,2498
sweep,2676
sweep,3741
sweep,2852
sweep,2850
sweep,3244
sweep,3039
sweep,3528
sweep,2880
sweep,2466
sweep,2555
sweep,4226
sweep,3740
sweep,3924
sweep,4167
sweep,5944
sweep,7819
sweep,5913
sweep,8383
sweep,8283
sweep,8441
sweep,7770
sweep,7409
sweep,7049
sweep,832
mark,1041576
sweep,4745
sweep,3676
sweep,4067
sweep,4156
sweep,3579
sweep,4477
sweep,3635
sweep,3158
sweep,2816
sweep,3464
sweep,3250
sweep,2856
sweep,2885
sweep,2855
sweep,2593
sweep,2733
sweep,3389
sweep,3118
sweep,3101
sweep,3588
sweep,2592
sweep,2411
sweep,4042
sweep,2405
sweep,3719
sweep,1840
sweep,3443
sweep,3749
sweep,4343
sweep,3745
sweep,3329
sweep,3071
sweep,11527
sweep,3200
sweep,3099
sweep,3181
sweep,2856
sweep,3164
sweep,2642
sweep,2685
sweep,3882
sweep,2958
sweep,3017
sweep,3385
sweep,2843
sweep,3487
sweep,2814
sweep,2586
sweep,2407
sweep,5593
sweep,9252
sweep,8812
sweep,8515
sweep,8018
sweep,5724
sweep,7543
sweep,4222
sweep,4522
sweep,5090
sweep,6215
sweep,5911
sweep,5890
sweep,223
mark,1029804
sweep,4886
sweep,3991
sweep,4450
sweep,4616
sweep,4014
sweep,4029
sweep,3775
sweep,3178
sweep,3044
sweep,3107
sweep,3111
sweep,2856
sweep,2631
sweep,2805
sweep,2661
sweep,2768
sweep,3237
sweep,2911
sweep,2961
sweep,3407
sweep,2318
sweep,2744
sweep,3919
sweep,2609
sweep,3464
sweep,1954
sweep,3664
sweep,3924
sweep,4352
sweep,3241
sweep,3223
sweep,3209
sweep,2967
sweep,3052
sweep,3127
sweep,3245
sweep,2778
sweep,3213
sweep,2501
sweep,2756
sweep,3498
sweep,2617
sweep,2884
sweep,3008
sweep,2811
sweep,3357
sweep,2650
sweep,2366
sweep,2525
sweep,3512
sweep,3889
sweep,3961
sweep,4117
sweep,6175
sweep,8218
sweep,6421
sweep,8374
sweep,8423
sweep,8387
sweep,7559
sweep,7044
sweep,7135
sweep,798
mark,1035428
sweep,4861
sweep,3867
sweep,3981
sweep,4099
sweep,3620
sweep,4088
sweep,3600
sweep,3107
sweep,3228
sweep,3546
sweep,3044
sweep,2780
sweep,2868
sweep,2968
sweep,2861
sweep,2720
sweep,3533
sweep,2976
sweep,2977
sweep,3383
sweep,2418
sweep,2450
sweep,4098
sweep,2439
sweep,3277
sweep,1894
sweep,3580
sweep,3782
sweep,4249
sweep,3518
sweep,3147
sweep,3110
sweep,3412
sweep,2992
sweep,2822
sweep,3392
sweep,2999
sweep,3260
sweep,2502
sweep,2775
sweep,3857
sweep,2653
sweep,2891
sweep,2967
sweep,2821
sweep,3402
sweep,2887
sweep,2867
sweep,2525
sweep,5625
sweep,8925
sweep,9143
sweep,8608
sweep,7720
sweep,6080
sweep,6885
sweep,4056
sweep,4580
sweep,4545
sweep,6311
sweep,5891
sweep,5863
sweep,222
mark,1025377
sweep,4650
sweep,4150
sweep,4105
sweep,4348
sweep,3914
sweep,4079
sweep,3573
sweep,3288
sweep,2934
sweep,3445
sweep,3075
sweep,3065
sweep,2972
sweep,3169
sweep,2662
sweep,2769
sweep,3333
sweep,3215
sweep,3371
sweep,3447
sweep,2485
sweep,2533
sweep,3850
sweep,2413
sweep,3140
sweep,1905
sweep,3463
sweep,3868
sweep,4097
sweep,3305
sweep,3101
sweep,3107
sweep,2968
sweep,3098
sweep,2761
sweep,3497
sweep,2780
sweep,3123
sweep,2520
sweep,2876
sweep,3801
sweep,2742
sweep,2675
sweep,3217
sweep,3054
sweep,3453
sweep,2907
sweep,2760
sweep,2664
sweep,3758
sweep,4043
sweep,4129
sweep,4283
sweep,5930
sweep,7513
sweep,6071
sweep,8791
sweep,8653
sweep,8885
sweep,8337
sweep,7442
sweep,7748
sweep,931
mark,1028689
sweep,5093
sweep,3997
sweep,4130
sweep,4330
sweep,3633
sweep,4109
sweep,3782
sweep,3349
sweep,2869
sweep,3402
sweep,2995
sweep,2795
sweep,2836
sweep,3026
sweep,2879
sweep,2788
sweep,3322
sweep,3175
sweep,3083
sweep,3529
sweep,2580
sweep,2947
sweep,3795
sweep,2278
sweep,3148
sweep,2199
sweep,3462
sweep,3890
sweep,4302
sweep,3530
sweep,3348
sweep,3011
sweep,3358
sweep,3328
sweep,2814
sweep,3362
sweep,2727
sweep,3192
sweep,2437
sweep,2967
sweep,3999
sweep,2622
sweep,2893
sweep,2891
sweep,2822
sweep,3644
sweep,2780
sweep,2450
sweep,2795
sweep,5487
sweep,8340
sweep,8766
sweep,8715
sweep,7874
sweep,6007
sweep,7363
sweep,4044
sweep,4220
sweep,4297
sweep,5799
sweep,5586
sweep,6024
sweep,242
mark,1029676
sweep,4810
sweep,3989
sweep,4158
sweep,4219
sweep,3820
sweep,4001
sweep,3540
sweep,3190
sweep,2886
sweep,3044
sweep,3118
sweep,2840
sweep,2862
sweep,2894
sweep,2625
sweep,3037
sweep,3524
sweep,3067
sweep,2947
sweep,3538
sweep,2306
sweep,2428
sweep,3822
sweep,2355
sweep,3269
sweep,1953
sweep,3429
sweep,3731
sweep,4232
sweep,3257
sweep,3070
sweep,3077
sweep,2928
sweep,3013
sweep,2837
sweep,3464
sweep,2909
sweep,3206
sweep,2667
sweep,2686
sweep,3805
sweep,2886
sweep,2692
sweep,3008
sweep,3417
sweep,3427
sweep,2910
sweep,2526
sweep,2463
sweep,3800
sweep,3937
sweep,4232
sweep,4395
sweep,6270
sweep,7639
sweep,6004
sweep,8523
sweep,8350
sweep,8307
sweep,7303
sweep,7007
sweep,7093
sweep,795
mark,1028634
sweep,4539
sweep,4001
sweep,3818
sweep,3906
sweep,3694
sweep,4426
sweep,3710
sweep,3102
sweep,3000
sweep,3624
sweep,3257
sweep,2714
sweep,2646
sweep,2864
sweep,2671
sweep,2689
sweep,3588
sweep,3040
sweep,2960
sweep,3398
sweep,2317
sweep,2567
sweep,3829
sweep,2478
sweep,3180
sweep,1932
sweep,3588
sweep,4083
sweep,4326
sweep,3301
sweep,3346
sweep,2900
sweep,2919
sweep,3114
sweep,2716
sweep,3513
sweep,2786
sweep,2983
sweep,2578
sweep,3130
sweep,4031
sweep,2763
sweep,2932
sweep,3291
sweep,2926
sweep,3472
sweep,2753
sweep,2442
sweep,2549
sweep,5613
sweep,8834
sweep,8531
sweep,8556
sweep,7855
sweep,5758
sweep,7415
sweep,3962
sweep,4630
sweep,4693
sweep,6089
sweep,5857
sweep,5862
sweep,226
mark,1028114
sweep,4607
sweep,3864
sweep,4193
sweep,4050
sweep,3904
sweep,4062
sweep,3674
sweep,3065
sweep,2755
sweep,3296
sweep,3123
sweep,2694
sweep,2800
sweep,2712
sweep,2616
sweep,2657
sweep,3246
sweep,3182
sweep,3186
sweep,3456
sweep,2375
sweep,2735
sweep,3992
sweep,2421
sweep,3450
sweep,2184
sweep,3645
sweep,3934
sweep,4179
sweep,3544
sweep,3106
sweep,3157
sweep,3221
sweep,3141
sweep,2829
sweep,3186
sweep,2861
sweep,3034
sweep,2574
sweep,2906
sweep,3738
sweep,2654
sweep,3200
sweep,2928
sweep,2864
sweep,3430
sweep,2917
sweep,2535
sweep,2658
sweep,3649
sweep,4119
sweep,3879
sweep,4151
sweep,5800
sweep,8551
sweep,6410
sweep,8277
sweep,8257
sweep,8522
sweep,7150
sweep,7263
sweep,6810
sweep,835
mark,1028250
sweep,5003
sweep,3791
sweep,4106
sweep,4453
sweep,3944
sweep,4300
sweep,3620
sweep,3434
sweep,3092
sweep,3216
sweep,2970
sweep,2781
sweep,2888
sweep,2906
sweep,2639
sweep,2674
sweep,3684
sweep,3267
sweep,3311
sweep,3592
sweep,2480
sweep,2349
sweep,3678
sweep,2420
sweep,3570
sweep,1913
sweep,3745
sweep,3737
sweep,4236
sweep,3957
sweep,3056
sweep,3157
sweep,2927
sweep,3238
sweep,2886
sweep,3416
sweep,2770
sweep,3021
sweep,2703
sweep,2982
sweep,3771
sweep,2821
sweep,2726
sweep,2890
sweep,2813
sweep,3481
sweep,2723
sweep,2528
sweep,2409
sweep,5534
sweep,8860
sweep,8529
sweep,8842
sweep,8227
sweep,6365
sweep,7048
sweep,4336
sweep,4546
sweep,5112
sweep,6295
sweep,6080
sweep,5876
sweep,310
mark,1152575
sweep,4991
sweep,3832
sweep,4214
sweep,4355
sweep,3690
sweep,4375
sweep,3590
sweep,3434
sweep,2809
sweep,3477
sweep,3385
sweep,2961
sweep,2984
sweep,2773
sweep,2793
sweep,2700
sweep,3480
sweep,2868
sweep,3076
sweep,3801
sweep,2487
sweep,2472
sweep,3958
sweep,2444
sweep,3317
sweep,2460
sweep,3430
sweep,3642
sweep,4285
sweep,3690
sweep,3455
sweep,3128
sweep,3183
sweep,3023
sweep,2755
sweep,3291
sweep,2827
sweep,2974
sweep,2887
sweep,2888
sweep,3698
sweep,2719
sweep,2653
sweep,2992
sweep,3115
sweep,3477
sweep,2965
sweep,2606
sweep,2475
sweep,3688
sweep,4257
sweep,4123
sweep,4011
sweep,5656
sweep,16081
sweep,6636
sweep,8447
sweep,8426
sweep,8566
sweep,7442
sweep,7176
sweep,7056
sweep,804
mark,1030136
sweep,4753
sweep,3996
sweep,3928
sweep,4104
sweep,3921
sweep,4316
sweep,3577
sweep,3164
sweep,2848
sweep,3521
sweep,2974
sweep,2776
sweep,2926
sweep,3129
sweep,2663
sweep,2685
sweep,3469
sweep,2996
sweep,3121
sweep,3359
sweep,2331
sweep,2341
sweep,3916
sweep,2423
sweep,3160
sweep,1889
sweep,3450
sweep,3605
sweep,4375
sweep,3524
sweep,3311
sweep,3122
sweep,3024
sweep,2918
sweep,2913
sweep,3354
sweep,2722
sweep,3098
sweep,2734
sweep,2658
sweep,4043
sweep,2954
sweep,2965
sweep,2876
sweep,3393
sweep,3723
sweep,2793
sweep,2506
sweep,2750
sweep,6096
sweep,8914
sweep,8494
sweep,8776
sweep,7917
sweep,5842
sweep,7306
sweep,4039
sweep,4285
sweep,4155
sweep,5559
sweep,5906
sweep,5946
sweep,221
mark,1035170
sweep,4726
sweep,3929
sweep,4485
sweep,4009
sweep,3466
sweep,4022
sweep,3606
sweep,3450
sweep,3000
sweep,3154
sweep,3598
sweep,2753
sweep,2886
sweep,2830
sweep,2527
sweep,2700
sweep,3393
sweep,2899
sweep,3223
sweep,3609
sweep,2310
sweep,2434
sweep,3991
sweep,2391
sweep,3024
sweep,2079
sweep,3591
sweep,3802
sweep,4143
sweep,3541
sweep,3364
sweep,3032
sweep,3384
sweep,3382
sweep,2820
sweep,3459
sweep,2905
sweep,3091
sweep,2509
sweep,2779
sweep,3581
sweep,3032
sweep,2949
sweep,3216
sweep,2817
sweep,3526
sweep,2842
sweep,2506
sweep,2478
sweep,3479
sweep,3942
sweep,3976
sweep,4441
sweep,6304
sweep,8506
sweep,6186
sweep,9299
sweep,8919
sweep,8946
sweep,7779
sweep,7836
sweep,7675
sweep,840
mark,1079373
sweep,5020
sweep,4219
sweep,4538
sweep,4279
sweep,4012
sweep,5537
sweep,3661
sweep,3073
sweep,3064
sweep,3671
sweep,3111
sweep,3149
sweep,2746
sweep,2978
sweep,3076
sweep,2720
sweep,3657
sweep,3081
sweep,2986
sweep,3393
sweep,2341
sweep,2472
sweep,3692
sweep,2242
sweep,3509
sweep,1968
sweep,3439
sweep,3856
sweep,4268
sweep,3540
sweep,3029
sweep,3147
sweep,2900
sweep,3110
sweep,2713
sweep,3100
sweep,3260
sweep,3233
sweep,2425
sweep,2865
sweep,4003
sweep,2920
sweep,2943
sweep,3255
sweep,2875
sweep,3414
sweep,2656
sweep,2519
sweep,2385
sweep,5591
sweep,8443
sweep,8850
sweep,8464
sweep,7780
sweep,5682
sweep,6905
sweep,3903
sweep,4300
sweep,4996
sweep,5741
sweep,5603
sweep,5710
sweep,235
mark,1027725
sweep,4560
sweep,3898
sweep,3957
sweep,4198
sweep,3955
sweep,4159
sweep,3514
sweep,3400
sweep,2925
sweep,3180
sweep,3128
sweep,2701
sweep,2714
sweep,2796
sweep,2649
sweep,3126
sweep,3397
sweep,3108
sweep,3179
sweep,3510
sweep,2513
sweep,2832
sweep,4055
sweep,2608
sweep,3014
sweep,2155
sweep,3799
sweep,3599
sweep,4239
sweep,3622
sweep,3220
sweep,3061
sweep,2926
sweep,3044
sweep,2699
sweep,3274
sweep,2817
sweep,3239
sweep,2824
sweep,2609
sweep,4084
sweep,2970
sweep,2816
sweep,3369
sweep,2726
sweep,3485
sweep,2678
sweep,2433
sweep,2653
sweep,3651
sweep,3967
sweep,4027
sweep,4238
sweep,5733
sweep,7834
sweep,6466
sweep,8557
sweep,8222
sweep,8258
sweep,7383
sweep,7118
sweep,7027
sweep,782
mark,1029968
sweep,4840
sweep,4270
sweep,3836
sweep,4117
sweep,3915
sweep,4124
sweep,3922
sweep,3058
sweep,2922
sweep,3610
sweep,3065
sweep,2998
sweep,2749
sweep,2804
sweep,2625
sweep,2819
sweep,3520
sweep,2898
sweep,3555
sweep,3411
sweep,2259
sweep,2432
sweep,3806
sweep,2460
sweep,3056
sweep,1847
sweep,3446
sweep,3672
sweep,4651
sweep,3343
sweep,3025
sweep,3101
sweep,2980
sweep,3271
sweep,2787
sweep,3117
sweep,2887
sweep,3174
sweep,2448
sweep,2601
sweep,3747
sweep,2616
sweep,2907
sweep,2976
sweep,2775
sweep,3921
sweep,2954
sweep,2698
sweep,2827
sweep,5403
sweep,8879
sweep,8494
sweep,8462
sweep,8330
sweep,6162
sweep,7724
sweep,3980
sweep,4373
sweep,4965
sweep,6074
sweep,5689
sweep,5781
sweep,220
mark,1027304
sweep,4789
sweep,3985
sweep,4156
sweep,4620
sweep,3883
sweep,4171
sweep,3677
sweep,3070
sweep,2870
sweep,3163
sweep,3400
sweep,2994
sweep,2923
sweep,2699
sweep,2636
sweep,2806
sweep,3424
sweep,3113
sweep,3100
sweep,3789
sweep,2410
sweep,2743
sweep,3726
sweep,2396
sweep,3046
sweep,2147
sweep,3556
sweep,3758
sweep,4275
sweep,3345
sweep,3447
sweep,3043
sweep,3187
sweep,3003
sweep,2855
sweep,3341
sweep,2729
sweep,3350
sweep,2861
sweep,2828
sweep,3990
sweep,2691
sweep,2762
sweep,3403
sweep,2847
sweep,3727
sweep,2859
sweep,2744
sweep,2510
sweep,3597
sweep,3932
sweep,3991
sweep,4293
sweep,5653
sweep,7860
sweep,6240
sweep,8832
sweep,8203
sweep,9145
sweep,7382
sweep,7762
sweep,7028
sweep,832
mark,1030884
sweep,4399
sweep,4123
sweep,4013
sweep,4183
sweep,3895
sweep,4246
sweep,3966
sweep,3087
sweep,3132
sweep,3210
sweep,3311
sweep,2838
sweep,2743
sweep,2792
sweep,3002
sweep,2764
sweep,3216
sweep,2941
sweep,3186
sweep,3464
sweep,2347
sweep,2602
sweep,4046
sweep,2701
sweep,3750
sweep,1926
sweep,3557
sweep,3822
sweep,4301
sweep,3362
sweep,3359
sweep,3000
sweep,2874
sweep,3240
sweep,2782
sweep,3127
sweep,2802
sweep,3168
sweep,2601
sweep,2838
sweep,3821
sweep,2720
sweep,3045
sweep,2887
sweep,2787
sweep,3615
sweep,2749
sweep,2518
sweep,2449
sweep,5418
sweep,8802
sweep,9134
sweep,8860
sweep,8235
sweep,5797
sweep,7141
sweep,4043
sweep,4546
sweep,5145
sweep,6082
sweep,5493
sweep,6037
sweep,225
mark,1038370
sweep,4797
sweep,3858
sweep,3790
sweep,4202
sweep,3888
sweep,4350
sweep,3587
sweep,3530
sweep,3051
sweep,3027
sweep,3291
sweep,2704
sweep,2721
sweep,2917
sweep,2600
sweep,2591
sweep,3387
sweep,3162
sweep,3245
sweep,3444
sweep,2350
sweep,2419
sweep,4299
sweep,2459
sweep,3025
sweep,1981
sweep,3426
sweep,3603
sweep,4428
sweep,3362
sweep,3115
sweep,3062
sweep,2992
sweep,3367
sweep,2696
sweep,3523
sweep,2757
sweep,3036
sweep,2669
sweep,2713
sweep,3950
sweep,3176
sweep,2796
sweep,2957
sweep,2801
sweep,3507
sweep,2784
sweep,2484
sweep,2748
sweep,3444
sweep,4318
sweep,4023
sweep,4366
sweep,5604
sweep,8180
sweep,6505
sweep,8574
sweep,8248
sweep,8645
sweep,8259
sweep,7461
sweep,7433
sweep,828
mark,1035647
sweep,4982
sweep,4270
sweep,3947
sweep,4270
sweep,3815
sweep,4493
sweep,3923
sweep,3110
sweep,3142
sweep,3436
sweep,3047
sweep,3007
sweep,2666
sweep,2953
sweep,3071
sweep,2838
sweep,3321
sweep,2971
sweep,2986
sweep,3430
sweep,2309
sweep,2376
sweep,4051
sweep,2322
sweep,3159
sweep,2298
sweep,3610
sweep,3677
sweep,4504
sweep,3497
sweep,3075
sweep,3313
sweep,3377
sweep,3202
sweep,3093
sweep,3271
sweep,2792
sweep,3284
sweep,2657
sweep,2938
sweep,3665
sweep,2553
sweep,2956
sweep,2890
sweep,2830
sweep,3452
sweep,2735
sweep,2501
sweep,2774
sweep,5166
sweep,8818
sweep,8557
sweep,8617
sweep,7887
sweep,5985
sweep,6908
sweep,4039
sweep,4135
sweep,4617
sweep,5711
sweep,5680
sweep,5752
sweep,228
mark,1026362
sweep,4856
sweep,4137
sweep,4466
sweep,4231
sweep,3608
sweep,3925
sweep,3769
sweep,3422
sweep,2868
sweep,3130
sweep,3052
sweep,2729
sweep,2930
sweep,2739
sweep,2554
sweep,2738
sweep,3348
sweep,3028
sweep,2973
sweep,3668
sweep,2366
sweep,2652
sweep,3971
sweep,2409
sweep,3066
sweep,1862
sweep,3446
sweep,3629
sweep,4191
sweep,3971
sweep,3367
sweep,3045
sweep,3155
sweep,3012
sweep,2895
sweep,3279
sweep,2742
sweep,3003
sweep,2662
sweep,2661
sweep,3628
sweep,2795
sweep,3127
sweep,2997
sweep,3151
sweep,3497
sweep,3160
sweep,2584
sweep,2466
sweep,3469
sweep,3953
sweep,3926
sweep,4478
sweep,6322
sweep,7486
sweep,5907
sweep,8623
sweep,8123
sweep,8487
sweep,8295
sweep,7319
sweep,7523
sweep,843
mark,1033302
sweep,4859
sweep,4245
sweep,4079
sweep,4335
sweep,3748
sweep,4373
sweep,3724
sweep,3144
sweep,2911
sweep,3113
sweep,2943
sweep,2702
sweep,2639
sweep,2824
sweep,2730
sweep,2686
sweep,3638
sweep,2886
sweep,3064
sweep,3410
sweep,2598
sweep,2609
sweep,3811
sweep,2443
sweep,3644
sweep,1904
sweep,3379
sweep,3800
sweep,4429
sweep,3818
sweep,3174
sweep,3178
sweep,2952
sweep,3046
sweep,3022
sweep,2921
sweep,2981
sweep,3315
sweep,2464
sweep,2704
sweep,3878
sweep,2754
sweep,2789
sweep,2873
sweep,2761
sweep,3358
sweep,2824
sweep,2682
sweep,2443
sweep,5459
sweep,8995
sweep,8753
sweep,8340
sweep,8210
sweep,5752
sweep,7000
sweep,4051
sweep,4340
sweep,4366
sweep,5809
sweep,5726
sweep,6685
sweep,220
mark,1029836
sweep,4870
sweep,4207
sweep,4141
sweep,3980
sweep,3913
sweep,3941
sweep,3755
sweep,3256
sweep,3240
sweep,3009
sweep,3077
sweep,3061
sweep,2847
sweep,2817
sweep,2615
sweep,2646
sweep,3234
sweep,2902
sweep,3311
sweep,3450
sweep,2413
sweep,2536
sweep,4310
sweep,2527
sweep,3085
sweep,1866
sweep,3471
sweep,3870
sweep,4277
sweep,3367
sweep,3149
sweep,2911
sweep,2985
sweep,3182
sweep,2868
sweep,3220
sweep,2726
sweep,3003
sweep,2572
sweep,2564
sweep,3916
sweep,2838
sweep,2768
sweep,2997
sweep,2804
sweep,3742
sweep,2833
sweep,2521
sweep,2484
sweep,3585
sweep,4144
sweep,3998
sweep,4128
sweep,5722
sweep,7825
sweep,6086
sweep,8540
sweep,8178
sweep,8448
sweep,7161
sweep,7055
sweep,7120
sweep,843
mark,1038601
sweep,4580
sweep,4099
sweep,4011
sweep,4096
sweep,3797
sweep,4254
sweep,3578
sweep,3078
sweep,2839
sweep,3574
sweep,3012
sweep,2943
sweep,3031
sweep,3228
sweep,2650
sweep,2748
sweep,3606
sweep,3026
sweep,2973
sweep,3458
sweep,2613
sweep,2504
sweep,3708
sweep,2558
sweep,3129
sweep,1902
sweep,3438
sweep,3683
sweep,4197
sweep,3477
sweep,3050
sweep,3098
sweep,2935
sweep,2952
sweep,2990
sweep,3218
sweep,2718
sweep,2989
sweep,2499
sweep,2621
sweep,3947
sweep,2645
sweep,2765
sweep,3132
sweep,2789
sweep,3727
sweep,2704
sweep,2443
sweep,2521
sweep,5953
sweep,8885
sweep,8594
sweep,8783
sweep,7697
sweep,6179
sweep,6989
sweep,4067
sweep,4326
sweep,4919
sweep,6293
sweep,5575
sweep,5997
sweep,223
mark,1030560
sweep,4648
sweep,3842
sweep,4417
sweep,4281
sweep,3882
sweep,4083
sweep,3814
sweep,3448
sweep,2807
sweep,3231
sweep,3331
sweep,2962
sweep,2786
sweep,2876
sweep,2840
sweep,3083
sweep,3256
sweep,3237
sweep,3253
sweep,3775
sweep,2613
sweep,2879
sweep,3704
sweep,2555
sweep,3686
sweep,1878
sweep,3397
sweep,3586
sweep,4113
sweep,3547
sweep,3136
sweep,3238
sweep,2890
sweep,3068
sweep,3208
sweep,3313
sweep,2738
sweep,2936
sweep,2554
sweep,2574
sweep,3803
sweep,2651
sweep,2726
sweep,3431
sweep,3180
sweep,3647
sweep,2793
sweep,2548
sweep,2517
sweep,3585
sweep,4361
sweep,3963
sweep,4391
sweep,5919
sweep,8820
sweep,6330
sweep,9067
sweep,8112
sweep,8810
sweep,7228
sweep,7534
sweep,7142
sweep,821
mark,1032805
sweep,4938
sweep,4039
sweep,4044
sweep,4129
sweep,3857
sweep,3898
sweep,3896
sweep,3330
sweep,2905
sweep,3536
sweep,3227
sweep,2726
sweep,2799
sweep,3165
sweep,2611
sweep,2704
sweep,3702
sweep,2893
sweep,2895
sweep,3396
sweep,2375
sweep,2357
sweep,4078
sweep,2341
sweep,3848
sweep,1945
sweep,3751
sweep,4139
sweep,4821
sweep,3486
sweep,3186
sweep,3096
sweep,2852
sweep,3201
sweep,2960
sweep,3119
sweep,3013
sweep,3279
sweep,2460
sweep,2740
sweep,3929
sweep,2756
sweep,2728
sweep,2952
sweep,2953
sweep,3854
sweep,2792
sweep,2458
sweep,2483
sweep,5773
sweep,8567
sweep,8522
sweep,8636
sweep,8124
sweep,6563
sweep,7376
sweep,4398
sweep,4378
sweep,4717
sweep,6144
sweep,5569
sweep,6032
sweep,223
mark,1028363
sweep,4491
sweep,4040
sweep,4607
sweep,4241
sweep,3720
sweep,4191
sweep,3815
sweep,3271
sweep,3109
sweep,3271
sweep,3089
sweep,2966
sweep,2823
sweep,3053
sweep,2581
sweep,2718
sweep,3212
sweep,3179
sweep,3009
sweep,3842
sweep,2552
sweep,2592
sweep,3936
sweep,2404
sweep,3057
sweep,1945
sweep,3347
sweep,3926
sweep,4249
sweep,3486
sweep,3076
sweep,3005
sweep,2963
sweep,3000
sweep,2774
sweep,3381
sweep,2784
sweep,3311
sweep,2592
sweep,2748
sweep,3781
sweep,2837
sweep,2653
sweep,3204
sweep,2721
sweep,3457
sweep,2843
sweep,2545
sweep,2456
sweep,3774
sweep,3998
sweep,4288
sweep,4231
sweep,5491
sweep,8388
sweep,5983
sweep,8554
sweep,8207
sweep,8296
sweep,7224
sweep,7397
sweep,7089
sweep,828
mark,1030909
sweep,4978
sweep,3910
sweep,4501
sweep,4077
sweep,3814
sweep,4096
sweep,3591
sweep,3121
sweep,2892
sweep,3305
sweep,3231
sweep,2927
sweep,2992
sweep,2903
sweep,2673
sweep,2820
sweep,3378
sweep,3049
sweep,3083
sweep,3406
sweep,2706
sweep,2541
sweep,3949
sweep,2373
sweep,3221
sweep,1985
sweep,3393
sweep,3654
sweep,4298
sweep,3488
sweep,3091
sweep,3253
sweep,2887
sweep,3090
sweep,2822
sweep,3235
sweep,3047
sweep,3370
sweep,2547
sweep,3140
sweep,3891
sweep,2827
sweep,2695
sweep,2837
sweep,2917
sweep,3625
sweep,2989
sweep,2403
sweep,2546
sweep,5513
sweep,9246
sweep,8714
sweep,8577
sweep,7720
sweep,5973
sweep,7106
sweep,4082
sweep,4636
sweep,4924
sweep,6225
sweep,5517
sweep,5773
sweep,233
mark,1025505
sweep,4621
sweep,3799
sweep,3986
sweep,4158
sweep,3655
sweep,4211
sweep,3468
sweep,3149
sweep,2830
sweep,3556
sweep,3399
sweep,2848
sweep,2698
sweep,3055
sweep,2621
sweep,2902
sweep,3201
sweep,2979
sweep,3034
sweep,3420
sweep,2621
sweep,2567
sweep,3868
sweep,2337
sweep,3177
sweep,1907
sweep,3291
sweep,3880
sweep,4231
sweep,3389
sweep,3189
sweep,2905
sweep,2850
sweep,3068
sweep,2750
sweep,3384
sweep,3066
sweep,3283
sweep,2503
sweep,2796
sweep,3761
sweep,2652
sweep,2677
sweep,3090
sweep,3260
sweep,3630
sweep,3115
sweep,2637
sweep,2719
sweep,3565
sweep,4324
sweep,3982
sweep,4082
sweep,6096
sweep,8259
sweep,6847
sweep,8557
sweep,8364
sweep,8643
sweep,8155
sweep,7324
sweep,7425
sweep,784
mark,1037609
sweep,4550
sweep,3857
sweep,4488
sweep,4075
sweep,3597
sweep,4085
sweep,3910
sweep,3104
sweep,3134
sweep,3387
sweep,3021
sweep,2951
sweep,2690
sweep,2936
sweep,2618
sweep,2850
sweep,3575
sweep,2959
sweep,11892
sweep,3833
sweep,2568
sweep,2738
sweep,3953
sweep,2258
sweep,3140
sweep,1993
sweep,3418
sweep,4197
sweep,4307
sweep,3412
sweep,3495
sweep,3297
sweep,3269
sweep,2930
sweep,2708
sweep,3237
sweep,2889
sweep,3078
sweep,2942
sweep,2974
sweep,3605
sweep,2931
sweep,2594
sweep,3052
sweep,2818
sweep,3578
sweep,2952
sweep,2504
sweep,2515
sweep,5846
sweep,8814
sweep,13788
sweep,8595
sweep,7809
sweep,6376
sweep,7463
sweep,4178
sweep,4309
sweep,5107
sweep,6302
sweep,5922
sweep,5886
sweep,235
mark,1029182
sweep,4794
sweep,3968
sweep,3868
sweep,4296
sweep,3968
sweep,4133
sweep,3689
sweep,3311
sweep,3111
sweep,3412
sweep,3106
sweep,3032
sweep,2703
sweep,2976
sweep,3036
sweep,2740
sweep,3419
sweep,3040
sweep,3105
sweep,3357
sweep,2550
sweep,2779
sweep,3797
sweep,2510
sweep,3318
sweep,1898
sweep,3365
sweep,3784
sweep,4605
sweep,3865
sweep,3079
sweep,3555
sweep,2939
sweep,3039
sweep,2777
sweep,3637
sweep,2710
sweep,3034
sweep,2587
sweep,2607
sweep,3714
sweep,2730
sweep,2930
sweep,3096
sweep,2878
sweep,3515
sweep,2722
sweep,2534
sweep,2644
sweep,3719
sweep,4058
sweep,4241
sweep,4209
sweep,6070
sweep,7813
sweep,6041
sweep,8548
sweep,8409
sweep,8446
sweep,8291
sweep,7511
sweep,7662
sweep,839
mark,1032866
sweep,4713
sweep,3809
sweep,4469
sweep,4016
sweep,3955
sweep,3972
sweep,3673
sweep,3162
sweep,3010
sweep,3570
sweep,3357
sweep,2678
sweep,2867
sweep,2924
sweep,2792
sweep,2704
sweep,3403
sweep,3187
sweep,3129
sweep,3382
sweep,2480
sweep,2423
sweep,3939
sweep,2598
sweep,3104
sweep,2003
sweep,3456
sweep,3606
sweep,4339
sweep,3288
sweep,2998
sweep,3056
sweep,3399
sweep,3228
sweep,2768
sweep,3138
sweep,3034
sweep,3333
sweep,2617
sweep,2990
sweep,3747
sweep,2880
sweep,2715
sweep,2915
sweep,3127
sweep,3464
sweep,2731
sweep,2766
sweep,2568
sweep,5701
sweep,8906
sweep,8459
sweep,8560
sweep,8242
sweep,6348
sweep,7532
sweep,4117
sweep,4561
sweep,4472
sweep,5815
sweep,6107
sweep,5823
sweep,232
mark,1025470
sweep,4766
sweep,4359
sweep,4504
sweep,4330
sweep,3925
sweep,4026
sweep,3710
sweep,3178
sweep,2895
sweep,3223
sweep,3104
sweep,2981
sweep,2786
sweep,2805
sweep,2802
sweep,2679
sweep,3317
sweep,3084
sweep,3617
sweep,3459
sweep,2554
sweep,2544
sweep,3991
sweep,2817
sweep,3400
sweep,1920
sweep,3277
sweep,3671
sweep,5034
sweep,3635
sweep,3251
sweep,3150
sweep,3043
sweep,3053
sweep,2604
sweep,3250
sweep,2972
sweep,3183
sweep,2513
sweep,2569
sweep,3672
sweep,3118
sweep,2911
sweep,3014
sweep,3177
sweep,3419
sweep,2861
sweep,2658
sweep,2521
sweep,3787
sweep,3873
sweep,4153
sweep,4296
sweep,6197
sweep,7662
sweep,6105
sweep,8697
sweep,8367
sweep,8858
sweep,8279
sweep,7486
sweep,7485
sweep,836
mark,1033216
sweep,4975
sweep,4279
sweep,4527
sweep,4329
sweep,3808
sweep,4141
sweep,3799
sweep,3298
sweep,3139
sweep,3239
sweep,3384
sweep,2931
sweep,2796
sweep,2867
sweep,2623
sweep,2839
sweep,3305
sweep,3000
sweep,2919
sweep,3983
sweep,2605
sweep,2550
sweep,4142
sweep,2969
sweep,3992
sweep,1963
sweep,3323
sweep,3588
sweep,4159
sweep,3604
sweep,2939
sweep,2985
sweep,2898
sweep,3070
sweep,2767
sweep,3141
sweep,3076
sweep,3305
sweep,2666
sweep,2801
sweep,3824
sweep,2679
sweep,2697
sweep,3075
sweep,2827
sweep,3344
sweep,2887
sweep,2530
sweep,2505
sweep,5674
sweep,8874
sweep,8522
sweep,8420
sweep,7702
sweep,5790
sweep,7433
sweep,4096
sweep,4378
sweep,4885
sweep,6214
sweep,5726
sweep,5809
sweep,226
mark,1032893
sweep,4623
sweep,4365
sweep,4375
sweep,4362
sweep,4042
sweep,4061
sweep,3444
sweep,3145
sweep,2927
sweep,3158
sweep,3091
sweep,3117
sweep,2750
sweep,2807
sweep,2536
sweep,2982
sweep,3338
sweep,2943
sweep,3013
sweep,3455
sweep,2409
sweep,2696
sweep,4155
sweep,2349
sweep,3025
sweep,2435
sweep,3633
sweep,3892
sweep,4528
sweep,3285
sweep,3092
sweep,3112
sweep,3129
sweep,3088
sweep,3211
sweep,3267
sweep,2900
sweep,3185
sweep,2528
sweep,3190
sweep,3795
sweep,2925
sweep,2941
sweep,2926
sweep,2938
sweep,3468
sweep,2751
sweep,2586
sweep,2709
sweep,3527
sweep,3878
sweep,4060
sweep,4102
sweep,6057
sweep,7867
sweep,6600
sweep,8345
sweep,8539
sweep,8304
sweep,7365
sweep,7099
sweep,7131
sweep,833
mark,1035096
sweep,5246
sweep,3920
sweep,4055
sweep,3997
sweep,3608
sweep,4258
sweep,3676
sweep,3231
sweep,3211
sweep,3562
sweep,3143
sweep,2876
sweep,3089
sweep,3077
sweep,2556
sweep,2855
sweep,3517
sweep,2955
sweep,2991
sweep,3642
sweep,2298
sweep,2503
sweep,3710
sweep,2371
sweep,3144
sweep,1986
sweep,3717
sweep,3884
sweep,4066
sweep,3610
sweep,3569
sweep,3176
sweep,3055
sweep,3034
sweep,2891
sweep,3156
sweep,2990
sweep,3109
sweep,3116
sweep,2852
sweep,3980
sweep,2762
sweep,2693
sweep,3325
sweep,2851
sweep,3589
sweep,3031
sweep,2348
sweep,2519
sweep,5878
sweep,8715
sweep,8703
sweep,8188
sweep,7629
sweep,5972
sweep,7054
sweep,3952
sweep,4372
sweep,5063
sweep,6235
sweep,5853
sweep,5773
sweep,218
mark,1024429
sweep,5134
sweep,4232
sweep,4287
sweep,4324
sweep,4101
sweep,4364
sweep,3625
sweep,3174
sweep,2701
sweep,3287
sweep,2972
sweep,2746
sweep,2667
sweep,2804
sweep,2653
sweep,2875
sweep,3112
sweep,2987
sweep,3052
sweep,3438
sweep,2357
sweep,2549
sweep,3764
sweep,2349
sweep,3086
sweep,1954
sweep,3718
sweep,3654
sweep,4638
sweep,3532
sweep,3118
sweep,2908
sweep,2852
sweep,3007
sweep,3359
sweep,3175
sweep,2823
sweep,3005
sweep,2787
sweep,2629
sweep,3759
sweep,2735
sweep,2698
sweep,3036
sweep,2889
sweep,3648
sweep,2857
sweep,2813
sweep,2532
sweep,3386
sweep,3970
sweep,3963
sweep,4524
sweep,5920
sweep,7589
sweep,5818
sweep,8306
sweep,8194
sweep,8336
sweep,7282
sweep,7675
sweep,6939
sweep,797
mark,1036562
sweep,4689
sweep,3989
sweep,4074
sweep,3922
sweep,3662
sweep,4038
sweep,3839
sweep,3311
sweep,3073
sweep,3510
sweep,3018
sweep,2684
sweep,2678
sweep,2792
sweep,2606
sweep,2995
sweep,3566
sweep,2946
sweep,3781
sweep,3540
sweep,2375
sweep,2411
sweep,4021
sweep,2591
sweep,3581
sweep,2132
sweep,3726
sweep,3553
sweep,4180
sweep,3657
sweep,3039
sweep,3282
sweep,2974
sweep,3247
sweep,2773
sweep,3314
sweep,2872
sweep,3270
sweep,2548
sweep,2624
sweep,3869
sweep,2567
sweep,3010
sweep,3212
sweep,2914
sweep,3728
sweep,2756
sweep,2484
sweep,2450
sweep,5547
sweep,9106
sweep,8539
sweep,8450
sweep,8126
sweep,6165
sweep,7503
sweep,4130
sweep,4391
sweep,5205
sweep,5903
sweep,5603
sweep,5885
sweep,224
mark,1031726
sweep,4760
sweep,4021
sweep,4506
sweep,4254
sweep,3584
sweep,4104
sweep,3596
sweep,3013
sweep,2752
sweep,3274
sweep,3206
sweep,2744
sweep,2672
sweep,3083
sweep,2526
sweep,2652
sweep,3394
sweep,3068
sweep,2993
sweep,3310
sweep,2306
sweep,2430
sweep,3762
sweep,2647
sweep,3632
sweep,1936
sweep,3466
sweep,3995
sweep,4518
sweep,3401
sweep,3043
sweep,3181
sweep,3235
sweep,3321
sweep,2762
sweep,3401
sweep,2811
sweep,3142
sweep,2537
sweep,2728
sweep,4148
sweep,2880
sweep,2658
sweep,3054
sweep,3125
sweep,3456
sweep,2748
sweep,2422
sweep,2410
sweep,3462
sweep,4128
sweep,3971
sweep,4225
sweep,6293
sweep,8057
sweep,6086
sweep,9432
sweep,9076
sweep,8434
sweep,7444
sweep,7651
sweep,7902
sweep,834
mark,1059913
sweep,4982
sweep,4324
sweep,3922
sweep,4001
sweep,4040
sweep,4477
sweep,3636
sweep,3114
sweep,3188
sweep,3431
sweep,2963
sweep,2807
sweep,2883
sweep,3174
sweep,2902
sweep,2600
sweep,3471
sweep,3111
sweep,3040
sweep,3465
sweep,2663
sweep,2710
sweep,3876
sweep,2623
sweep,3600
sweep,1954
sweep,3641
sweep,3844
sweep,4318
sweep,3384
sweep,3066
sweep,3169
sweep,2892
sweep,3270
sweep,2838
sweep,3340
sweep,2792
sweep,3219
sweep,2510
sweep,2881
sweep,3845
sweep,2781
sweep,2762
sweep,3094
sweep,2870
sweep,3796
sweep,3031
sweep,2649
sweep,2895
sweep,5733
sweep,8622
sweep,8456
sweep,8663
sweep,8321
sweep,5866
sweep,7361
sweep,4244
sweep,4526
sweep,4247
sweep,5783
sweep,5741
sweep,6580
sweep,231
mark,1055755
sweep,4783
sweep,4013
sweep,4506
sweep,4348
sweep,3815
sweep,4247
sweep,3708
sweep,3060
sweep,2801
sweep,3068
sweep,3054
sweep,2732
sweep,2789
sweep,3100
sweep,2813
sweep,2937
sweep,3504
sweep,3211
sweep,2970
sweep,3723
sweep,2638
sweep,2534
sweep,3696
sweep,2552
sweep,3283
sweep,2154
sweep,3465
sweep,3932
sweep,4785
sweep,3368
sweep,3300
sweep,2951
sweep,3365
sweep,3130
sweep,2768
sweep,3334
sweep,2727
sweep,3018
sweep,2449
sweep,3026
sweep,3897
sweep,2703
sweep,2818
sweep,3230
sweep,3118
sweep,3522
sweep,2805
sweep,2507
sweep,2462
sweep,3646
sweep,4033
sweep,3963
sweep,4056
sweep,5642
sweep,8659
sweep,6644
sweep,9131
sweep,8020
sweep,9027
sweep,7208
sweep,7661
sweep,7144
sweep,823
mark,1031578
sweep,4841
sweep,3982
sweep,4019
sweep,3999
sweep,3900
sweep,4315
sweep,3855
sweep,3248
sweep,2794
sweep,3394
sweep,3056
sweep,2693
sweep,2946
sweep,2775
sweep,2795
sweep,2756
sweep,3267
sweep,2994
sweep,3333
sweep,3443
sweep,2572
sweep,2602
sweep,3876
sweep,2429
sweep,3135
sweep,2003
sweep,3395
sweep,3622
sweep,4806
sweep,3453
sweep,3098
sweep,2995
sweep,3287
sweep,2978
sweep,2706
sweep,3416
sweep,2863
sweep,3395
sweep,2786
sweep,3053
sweep,3817
sweep,2621
sweep,2707
sweep,3043
sweep,2863
sweep,3449
sweep,2698
sweep,2560
sweep,2445
sweep,5671
sweep,8772
sweep,8481
sweep,8547
sweep,7927
sweep,6465
sweep,7306
sweep,4122
sweep,4244
sweep,4700
sweep,6187
sweep,5960
sweep,5962
sweep,238
mark,1026205
sweep,5254
sweep,4290
sweep,4215
sweep,4228
sweep,8916
sweep,4494
sweep,3551
sweep,3394
sweep,3119
sweep,3541
sweep,3128
sweep,2693
sweep,2690
sweep,2724
sweep,2868
sweep,2937
sweep,3266
sweep,2927
sweep,3014
sweep,3423
sweep,2702
sweep,2615
sweep,3977
sweep,2563
sweep,3005
sweep,2011
sweep,3460
sweep,3781
sweep,4189
sweep,3590
sweep,3191
sweep,2994
sweep,3417
sweep,3104
sweep,2729
sweep,3340
sweep,2924
sweep,2962
sweep,2531
sweep,2874
sweep,3881
sweep,2722
sweep,2771
sweep,3022
sweep,2866
sweep,3401
sweep,2805
sweep,2476
sweep,2759
sweep,3402
sweep,4094
sweep,4274
sweep,4146
sweep,6145
sweep,7755
sweep,6283
sweep,8326
sweep,8220
sweep,8675
sweep,7401
sweep,7084
sweep,7341
sweep,799
mark,1034785
sweep,4727
sweep,3925
sweep,3974
sweep,3992
sweep,3613
sweep,4314
sweep,3567
sweep,3418
sweep,2978
sweep,3113
sweep,3226
sweep,2762
sweep,2992
sweep,2779
sweep,2624
sweep,2692
sweep,3444
sweep,3062
sweep,3272
sweep,3414
sweep,2701
sweep,2446
sweep,3717
sweep,2307
sweep,3145
sweep,2214
sweep,3622
sweep,3791
sweep,4481
sweep,3262
sweep,3092
sweep,2915
sweep,2858
sweep,3329
sweep,2776
sweep,3253
sweep,2995
sweep,2947
sweep,2457
sweep,2851
sweep,3977
sweep,2854
sweep,2994
sweep,3109
sweep,2911
sweep,3469
sweep,2755
sweep,2515
sweep,2459
sweep,5509
sweep,8726
sweep,8626
sweep,8653
sweep,7795
sweep,6154
sweep,6863
sweep,4496
sweep,4397
sweep,5133
sweep,6250
sweep,5844
sweep,5743
sweep,218
mark,1022933
sweep,4522
sweep,3952
sweep,4087
sweep,4579
sweep,3714
sweep,4153
sweep,3584
sweep,3066
sweep,2804
sweep,3197
sweep,3031
sweep,3036
sweep,2779
sweep,2756
sweep,2634
sweep,2807
sweep,3272
sweep,2951
sweep,3178
sweep,3486
sweep,2379
sweep,2727
sweep,3766
sweep,2440
sweep,3099
sweep,1997
sweep,3401
sweep,3894
sweep,4496
sweep,3355
sweep,3008
sweep,6826
sweep,2846
sweep,2988
sweep,2709
sweep,3087
sweep,3145
sweep,3086
sweep,2483
sweep,2663
sweep,3866
sweep,2601
sweep,2990
sweep,3275
sweep,2880
sweep,3450
sweep,3129
sweep,2694
sweep,2500
sweep,3764
sweep,3830
sweep,4296
sweep,4282
sweep,5568
sweep,8558
sweep,6550
sweep,9355
sweep,8149
sweep,8994
sweep,7491
sweep,7805
sweep,7148
sweep,831
mark,1029413
sweep,4832
sweep,4104
sweep,4063
sweep,4005
sweep,3763
sweep,4326
sweep,3662
sweep,3237
sweep,2997
sweep,3487
sweep,3307
sweep,2818
sweep,2695
sweep,3110
sweep,3123
sweep,2611
sweep,3308
sweep,2907
sweep,2960
sweep,3660
sweep,2292
sweep,2385
sweep,3927
sweep,2357
sweep,3133
sweep,1948
sweep,3445
sweep,3580
sweep,4368
sweep,3446
sweep,3037
sweep,3068
sweep,2911
sweep,3219
sweep,2867
sweep,3075
sweep,2746
sweep,3228
sweep,2409
sweep,2721
sweep,3875
sweep,2834
sweep,2802
sweep,2980
sweep,2757
sweep,3516
sweep,2830
sweep,2525
sweep,2775
sweep,5496
sweep,8459
sweep,8888
sweep,8379
sweep,7774
sweep,6015
sweep,7092
sweep,4059
sweep,4573
sweep,4737
sweep,6566
sweep,5810
sweep,5984
sweep,244
mark,1037451
sweep,4807
sweep,4062
sweep,3939
sweep,4294
sweep,3826
sweep,3974
sweep,3538
sweep,3016
sweep,2836
sweep,3114
sweep,3082
sweep,2720
sweep,2811
sweep,2778
sweep,2712
sweep,2847
sweep,3213
sweep,3139
sweep,3303
sweep,3668
sweep,2359
sweep,2449
sweep,3963
sweep,2683
sweep,3058
sweep,1937
sweep,3382
sweep,3845
sweep,4401
sweep,3772
sweep,3214
sweep,3145
sweep,2905
sweep,3102
sweep,3075
sweep,3475
sweep,2981
sweep,3186
sweep,2528
sweep,2684
sweep,3966
sweep,3465
sweep,2957
sweep,3026
sweep,3179
sweep,3667
sweep,2774
sweep,2587
sweep,2376
sweep,3565
sweep,4020
sweep,3976
sweep,4086
sweep,6136
sweep,7949
sweep,6024
sweep,8923
sweep,8201
sweep,8252
sweep,7288
sweep,7524
sweep,7127
sweep,837
mark,1034405
sweep,4692
sweep,4260
sweep,3995
sweep,3985
sweep,3617
sweep,4280
sweep,3807
sweep,3486
sweep,3050
sweep,3249
sweep,2946
sweep,2807
sweep,2701
sweep,2775
sweep,2993
sweep,3023
sweep,3517
sweep,3177
sweep,3099
sweep,3381
sweep,2402
sweep,2394
sweep,3723
sweep,2307
sweep,3217
sweep,2136
sweep,3537
sweep,3902
sweep,4340
sweep,3384
sweep,3102
sweep,3044
sweep,2995
sweep,3106
sweep,2799
sweep,3441
sweep,2724
sweep,3348
sweep,2589
sweep,2715
sweep,3728
sweep,2909
sweep,2662
sweep,2838
sweep,2749
sweep,3767
sweep,2837
sweep,2505
sweep,2494
sweep,5996
sweep,8729
sweep,8386
sweep,8740
sweep,8206
sweep,6314
sweep,7637
sweep,4059
sweep,4322
sweep,4334
sweep,5706
sweep,5648
sweep,5981
sweep,257
mark,1026490
sweep,4905
sweep,4239
sweep,4101
sweep,3952
sweep,3545
sweep,3941
sweep,3717
sweep,3032
sweep,2960
sweep,3013
sweep,3087
sweep,3059
sweep,2735
sweep,3093
sweep,3050
sweep,2986
sweep,3297
sweep,2907
sweep,3163
sweep,3383
sweep,2573
sweep,2511
sweep,4282
sweep,2421
sweep,3240
sweep,2123
sweep,3327
sweep,3850
sweep,4291
sweep,3879
sweep,3290
sweep,3181
sweep,3170
sweep,3402
sweep,3163
sweep,3623
sweep,2824
sweep,3260
sweep,2708
sweep,2791
sweep,3648
sweep,2703
sweep,2660
sweep,2985
sweep,2888
sweep,3874
sweep,2804
sweep,2721
sweep,2516
sweep,3846
sweep,3969
sweep,3977
sweep,4592
sweep,6091
sweep,7677
sweep,6923
sweep,8734
sweep,8674
sweep,8714
sweep,7875
sweep,7931
sweep,7294
sweep,831
mark,1061091
sweep,4800
sweep,4100
sweep,4108
sweep,4370
sweep,3969
sweep,4206
sweep,3625
sweep,3693
sweep,3152
sweep,3393
sweep,2985
sweep,2856
sweep,3097
sweep,3076
sweep,3006
sweep,2690
sweep,3495
sweep,3011
sweep,3175
sweep,3626
sweep,2470
sweep,2460
sweep,3972
sweep,2373
sweep,3300
sweep,2250
sweep,3460
sweep,3725
sweep,4245
sweep,3394
sweep,3098
sweep,3052
sweep,2862
sweep,3015
sweep,2871
sweep,3096
sweep,3075
sweep,3277
sweep,2658
sweep,2674
sweep,3668
sweep,2686
sweep,3112
sweep,3430
sweep,3090
sweep,3705
sweep,2933
sweep,2559
sweep,2445
sweep,5998
sweep,9044
sweep,8712
sweep,8816
sweep,8265
sweep,6314
sweep,7891
sweep,3987
sweep,4346
sweep,4576
sweep,5781
sweep,5887
sweep,6295
sweep,239
mark,1043649
sweep,4674
sweep,4376
sweep,4068
sweep,4139
sweep,3926
sweep,4027
sweep,3632
sweep,3388
sweep,2917
sweep,3307
sweep,3282
sweep,2841
sweep,2786
sweep,2855
sweep,2605
sweep,2728
sweep,3830
sweep,2987
sweep,3018
sweep,3408
sweep,2399
sweep,2764
sweep,3983
sweep,2313
sweep,3096
sweep,1810
sweep,3523
sweep,3694
sweep,4352
sweep,3380
sweep,3182
sweep,3273
sweep,2944
sweep,3000
sweep,2832
sweep,3456
sweep,3027
sweep,3035
sweep,2490
sweep,2606
sweep,3994
sweep,2695
sweep,2982
sweep,3171
sweep,2724
sweep,3592
sweep,2826
sweep,2433
sweep,2596
sweep,3672
sweep,3728
sweep,4161
sweep,4051
sweep,6062
sweep,8052
sweep,5950
sweep,8812
sweep,8372
sweep,8809
sweep,8324
sweep,7211
sweep,7609
sweep,1007
mark,1022953
sweep,4874
sweep,4159
sweep,4014
sweep,4217
sweep,3784
sweep,4296
sweep,3774
sweep,3323
sweep,2848
sweep,3304
sweep,3362
sweep,2698
sweep,2796
sweep,2954
sweep,2906
sweep,2702
sweep,3489
sweep,2957
sweep,3656
sweep,3505
sweep,2519
sweep,2548
sweep,3871
sweep,2299
sweep,3220
sweep,2120
sweep,3748
sweep,4125
sweep,4616
sweep,4049
sweep,3199
sweep,3171
sweep,2902
sweep,3096
sweep,2693
sweep,2959
sweep,2698
sweep,3165
sweep,2690
sweep,2938
sweep,3710
sweep,2666
sweep,2808
sweep,3347
sweep,2851
sweep,3352
sweep,2616
sweep,2503
sweep,2633
sweep,5889
sweep,8615
sweep,8628
sweep,8451
sweep,7819
sweep,6179
sweep,6838
sweep,4348
sweep,4376
sweep,4978
sweep,6260
sweep,5474
sweep,6995
sweep,224
mark,1040277
sweep,4644
sweep,3957
sweep,4519
sweep,4301
sweep,3991
sweep,4219
sweep,3960
sweep,3094
sweep,3254
sweep,3187
sweep,3125
sweep,3280
sweep,2654
sweep,2777
sweep,2727
sweep,2719
sweep,3179
sweep,3117
sweep,2975
sweep,3362
sweep,2309
sweep,2715
sweep,3924
sweep,2612
sweep,3130
sweep,1874
sweep,3382
sweep,3550
sweep,4223
sweep,3660
sweep,3422
sweep,3078
sweep,3338
sweep,3023
sweep,2741
sweep,3218
sweep,2807
sweep,3090
sweep,2478
sweep,2679
sweep,3979
sweep,3046
sweep,2680
sweep,3067
sweep,2984
sweep,3743
sweep,2778
sweep,2544
sweep,2421
sweep,3840
sweep,3820
sweep,3902
sweep,4237
sweep,5950
sweep,7662
sweep,6786
sweep,9140
sweep,8043
sweep,9232
sweep,7386
sweep,7118
sweep,7082
sweep,830
mark,1028690
sweep,5054
sweep,4140
sweep,4304
sweep,4218
sweep,3708
sweep,3970
sweep,3942
sweep,3154
sweep,2797
sweep,3203
sweep,3294
sweep,2778
sweep,2767
sweep,3082
sweep,3087
sweep,2751
sweep,3647
sweep,2887
sweep,3025
sweep,3368
sweep,2326
sweep,2387
sweep,4089
sweep,2362
sweep,3574
sweep,2195
sweep,3391
sweep,3959
sweep,4398
sweep,3403
sweep,3038
sweep,3107
sweep,3183
sweep,3067
sweep,2769
sweep,3177
sweep,2727
sweep,3165
sweep,2541
sweep,2738
sweep,3666
sweep,2819
sweep,2586
sweep,3104
sweep,2838
sweep,3424
sweep,2681
sweep,2502
sweep,2579
sweep,5830
sweep,9010
sweep,8685
sweep,8700
sweep,7457
sweep,5754
sweep,7358
sweep,4168
sweep,4620
sweep,4202
sweep,5765
sweep,5922
sweep,6487
sweep,295
mark,1029552
sweep,4779
sweep,3957
sweep,3750
sweep,4207
sweep,3625
sweep,4249
sweep,3658
sweep,3018
sweep,2719
sweep,2997
sweep,3142
sweep,2694
sweep,2924
sweep,3378
sweep,2708
sweep,2884
sweep,3271
sweep,2935
sweep,3564
sweep,3243
sweep,2381
sweep,2466
sweep,3695
sweep,2364
sweep,3099
sweep,1816
sweep,3438
sweep,3686
sweep,4252
sweep,3515
sweep,3119
sweep,3067
sweep,2800
sweep,2953
sweep,2772
sweep,3346
sweep,2977
sweep,3327
sweep,2544
sweep,2953
sweep,3892
sweep,2894
sweep,2693
sweep,3037
sweep,2843
sweep,3427
sweep,2879
sweep,2619
sweep,2619
sweep,3558
sweep,4122
sweep,4121
sweep,4013
sweep,5788
sweep,7896
sweep,6072
sweep,8780
sweep,8351
sweep,8689
sweep,8441
sweep,7487
sweep,7240
sweep,845
mark,1036268
sweep,4928
sweep,4003
sweep,3960
sweep,4027
sweep,3556
sweep,4049
sweep,3631
sweep,3127
sweep,2872
sweep,3340
sweep,3019
sweep,2714
sweep,3107
sweep,2865
sweep,2945
sweep,2748
sweep,3304
sweep,2922
sweep,3244
sweep,3549
sweep,2368
sweep,2425
sweep,3733
sweep,2397
sweep,3389
sweep,1964
sweep,3795
sweep,3966
sweep,4746
sweep,3758
sweep,3538
sweep,2882
sweep,2812
sweep,3245
sweep,3162
sweep,3078
sweep,2970
sweep,3430
sweep,2507
sweep,2768
sweep,3789
sweep,2695
sweep,2902
sweep,3134
sweep,3085
sweep,3444
sweep,2747
sweep,2537
sweep,2563
sweep,5495
sweep,9277
sweep,8573
sweep,8494
sweep,8199
sweep,5943
sweep,7222
sweep,4276
sweep,4379
sweep,4268
sweep,5775
sweep,5619
sweep,5894
sweep,222
mark,1028740
sweep,5152
sweep,3816
sweep,3854
sweep,4084
sweep,3823
sweep,4023
sweep,3483
sweep,3117
sweep,2714
sweep,3170
sweep,3418
sweep,3227
sweep,2769
sweep,2824
sweep,2678
sweep,2848
sweep,3451
sweep,2926
sweep,3113
sweep,3583
sweep,2405
sweep,2531
sweep,3866
sweep,2341
sweep,3208
sweep,2142
sweep,3455
sweep,3871
sweep,4532
sweep,3509
sweep,3039
sweep,3124
sweep,2907
sweep,3394
sweep,2804
sweep,3253
sweep,3032
sweep,3275
sweep,2730
sweep,2645
sweep,3896
sweep,2897
sweep,3009
sweep,2912
sweep,2810
sweep,3404
sweep,2846
sweep,2465
sweep,2392
sweep,3579
sweep,3903
sweep,4189
sweep,4179
sweep,6016
sweep,7666
sweep,5992
sweep,8725
sweep,8614
sweep,8830
sweep,8161
sweep,7529
sweep,7799
sweep,831
mark,1036624
sweep,4913
sweep,4311
sweep,3954
sweep,4205
sweep,3695
sweep,4223
sweep,3862
sweep,3198
sweep,2910
sweep,3244
sweep,3039
sweep,2773
sweep,2701
sweep,2924
sweep,2640
sweep,2789
sweep,3326
sweep,2928
sweep,3254
sweep,3733
sweep,2374
sweep,2395
sweep,3701
sweep,2441
sweep,3038
sweep,1889
sweep,3385
sweep,3593
sweep,4509
sweep,3529
sweep,3272
sweep,3134
sweep,2870
sweep,3028
sweep,3370
sweep,3298
sweep,2702
sweep,3055
sweep,2752
sweep,2582
sweep,3915
sweep,2815
sweep,2740
sweep,2953
sweep,2873
sweep,3766
sweep,2963
sweep,2481
sweep,2465
sweep,5264
sweep,8691
sweep,8515
sweep,8805
sweep,7955
sweep,6612
sweep,7235
sweep,3939
sweep,4333
sweep,4823
sweep,6152
sweep,5922
sweep,5660
sweep,228
mark,1033505
sweep,4692
sweep,4250
sweep,3850
sweep,4000
sweep,3547
sweep,3921
sweep,3733
sweep,3348
sweep,2827
sweep,3094
sweep,2978
sweep,3280
sweep,2688
sweep,2950
sweep,2667
sweep,3124
sweep,3457
sweep,2899
sweep,3098
sweep,3866
sweep,2650
sweep,2678
sweep,3770
sweep,2363
sweep,3462
sweep,1872
sweep,3675
sweep,3776
sweep,4303
sweep,3561
sweep,3163
sweep,2931
sweep,2930
sweep,3119
sweep,2757
sweep,3322
sweep,2904
sweep,3094
sweep,2514
sweep,2756
sweep,3561
sweep,2553
sweep,2626
sweep,3166
sweep,3095
sweep,4118
sweep,2653
sweep,2536
sweep,2465
sweep,3436
sweep,3960
sweep,4069
sweep,4176
sweep,6035
sweep,7459
sweep,5932
sweep,8573
sweep,8107
sweep,8418
sweep,7497
sweep,7022
sweep,7172
sweep,832
mark,1037277
sweep,4800
sweep,4020
sweep,4090
sweep,3858
sweep,3896
sweep,4307
sweep,3652
sweep,3212
sweep,3187
sweep,3213
sweep,3108
sweep,3052
sweep,2787
sweep,2782
sweep,2905
sweep,3056
sweep,3360
sweep,3172
sweep,3198
sweep,3524
sweep,2489
sweep,2397
sweep,3814
sweep,2259
sweep,3062
sweep,1952
sweep,3365
sweep,3724
sweep,4282
sweep,3247
sweep,3591
sweep,3188
sweep,3029
sweep,2998
sweep,2813
sweep,3027
sweep,2709
sweep,3178
sweep,2467
sweep,2743
sweep,3680
sweep,2681
sweep,2658
sweep,3111
sweep,3016
sweep,3412
sweep,2769
sweep,2444
sweep,2516
sweep,5604
sweep,9050
sweep,8683
sweep,8400
sweep,8258
sweep,5800
sweep,7880
sweep,4333
sweep,4226
sweep,4942
sweep,6207
sweep,5649
sweep,6005
sweep,250
mark,1034055
sweep,5130
sweep,4171
sweep,4218
sweep,4134
sweep,4030
sweep,4296
sweep,3571
sweep,3039
sweep,2773
sweep,3297
sweep,3186
sweep,2769
sweep,2659
sweep,2819
sweep,2700
sweep,2782
sweep,3192
sweep,3245
sweep,2981
sweep,3523
sweep,2339
sweep,2739
sweep,4037
sweep,2364
sweep,3197
sweep,2112
sweep,3251
sweep,3923
sweep,4232
sweep,3359
sweep,2955
sweep,3054
sweep,3235
sweep,2963
sweep,2689
sweep,3324
sweep,2744
sweep,3244
sweep,2716
sweep,2703
sweep,3742
sweep,2875
sweep,2708
sweep,3623
sweep,3027
sweep,3539
sweep,3101
sweep,2520
sweep,2432
sweep,3401
sweep,4081
sweep,3948
sweep,4211
sweep,6109
sweep,7694
sweep,5781
sweep,9166
sweep,7816
sweep,8348
sweep,7572
sweep,7022
sweep,7341
sweep,793
mark,1044699
sweep,4570
sweep,3823
sweep,3952
sweep,4228
sweep,3955
sweep,3941
sweep,3737
sweep,3454
sweep,3204
sweep,3311
sweep,3089
sweep,2725
sweep,2786
sweep,2886
sweep,3078
sweep,2666
sweep,3423
sweep,2947
sweep,3160
sweep,3404
sweep,2487
sweep,2472
sweep,3862
sweep,2731
sweep,3116
sweep,2491
sweep,3726
sweep,3643
sweep,4539
sweep,3504
sweep,3008
sweep,3002
sweep,3063
sweep,3276
sweep,2735
sweep,3128
sweep,2712
sweep,3038
sweep,2511
sweep,2614
sweep,3865
sweep,2645
sweep,2563
sweep,2888
sweep,3257
sweep,3508
sweep,2873
sweep,2656
sweep,2474
sweep,5194
sweep,8700
sweep,8743
sweep,8304
sweep,8181
sweep,5712
sweep,7709
sweep,4273
sweep,4283
sweep,4893
sweep,6031
sweep,5424
sweep,6000
sweep,237
mark,1037688
sweep,5133
sweep,3912
sweep,3940
sweep,4139
sweep,3908
sweep,3902
sweep,3638
sweep,3157
sweep,2914
sweep,2975
sweep,3022
sweep,2786
sweep,2747
sweep,3148
sweep,2506
sweep,2890
sweep,3204
sweep,3256
sweep,3073
sweep,3458
sweep,2371
sweep,2390
sweep,3819
sweep,2750
sweep,3347
sweep,2199
sweep,3294
sweep,4066
sweep,4261
sweep,3392
sweep,3093
sweep,3272
sweep,3320
sweep,3060
sweep,3362
sweep,3322
sweep,2733
sweep,3008
sweep,2553
sweep,2871
sweep,3731
sweep,2657
sweep,3085
sweep,3154
sweep,2740
sweep,3320
sweep,2892
sweep,2739
sweep,2524
sweep,3407
sweep,3867
sweep,4034
sweep,4177
sweep,6027
sweep,7720
sweep,5962
sweep,8725
sweep,8346
sweep,8423
sweep,8195
sweep,7369
sweep,7751
sweep,782
mark,1040141
sweep,5165
sweep,3898
sweep,4492
sweep,4216
sweep,3548
sweep,4285
sweep,3755
sweep,3251
sweep,3001
sweep,3290
sweep,3077
sweep,2742
sweep,2768
sweep,2894
sweep,2843
sweep,2701
sweep,3188
sweep,3059
sweep,3035
sweep,3860
sweep,2351
sweep,2543
sweep,3791
sweep,2337
sweep,3607
sweep,1958
sweep,3442
sweep,3862
sweep,4261
sweep,3701
sweep,3013
sweep,3012
sweep,2985
sweep,3279
sweep,2816
sweep,3283
sweep,2751
sweep,3013
sweep,2455
sweep,2752
sweep,4063
sweep,2955
sweep,2736
sweep,2967
sweep,2787
sweep,3547
sweep,2877
sweep,2456
sweep,2396
sweep,5413
sweep,8549
sweep,8742
sweep,8665
sweep,7553
sweep,5890
sweep,7221
sweep,3967
sweep,4317
sweep,4760
sweep,6207
sweep,5805
sweep,5801
sweep,222
mark,1028030
sweep,4549
sweep,4450
sweep,4309
sweep,4602
sweep,3607
sweep,4428
sweep,3498
sweep,3201
sweep,3009
sweep,3418
sweep,3280
sweep,3671
sweep,2850
sweep,2721
sweep,2757
sweep,2709
sweep,3211
sweep,2934
sweep,3020
sweep,3543
sweep,2381
sweep,2585
sweep,3631
sweep,2349
sweep,3535
sweep,2154
sweep,3410
sweep,3622
sweep,4700
sweep,3785
sweep,3178
sweep,3062
sweep,2940
sweep,3299
sweep,2818
sweep,3209
sweep,2746
sweep,3054
sweep,2478
sweep,2779
sweep,3818
sweep,2887
sweep,2758
sweep,3378
sweep,3251
sweep,3452
sweep,2874
sweep,2603
sweep,2709
sweep,3494
sweep,3901
sweep,3958
sweep,4137
sweep,5963
sweep,8516
sweep,6434
sweep,8541
sweep,8462
sweep,8414
sweep,7251
sweep,7158
sweep,7259
sweep,821
mark,1031163
sweep,4460
sweep,3946
sweep,3909
sweep,3864
sweep,4064
sweep,4235
sweep,3639
sweep,3114
sweep,2904
sweep,3568
sweep,3207
sweep,2828
sweep,2892
sweep,2960
sweep,2576
sweep,2665
sweep,3413
sweep,2924
sweep,2893
sweep,3338
sweep,2341
sweep,2651
sweep,3767
sweep,2552
sweep,3167
sweep,1911
sweep,3762
sweep,3688
sweep,4295
sweep,3927
sweep,3126
sweep,2869
sweep,2894
sweep,3089
sweep,2789
sweep,3282
sweep,2965
sweep,3232
sweep,2471
sweep,2747
sweep,3709
sweep,2595
sweep,2669
sweep,3138
sweep,2781
sweep,3734
sweep,2812
sweep,2644
sweep,2596
sweep,5370
sweep,8845
sweep,8500
sweep,8551
sweep,8002
sweep,5948
sweep,6841
sweep,4067
sweep,4321
sweep,4806
sweep,6302
sweep,5674
sweep,5858
sweep,224
mark,1025654
sweep,4823
sweep,3961
sweep,4119
sweep,4039
sweep,3632
sweep,4126
sweep,3548
sweep,3381
sweep,3138
sweep,3231
sweep,3088
sweep,2704
sweep,2983
sweep,2750
sweep,2678
sweep,2617
sweep,3622
sweep,2862
sweep,3102
sweep,3401
sweep,2455
sweep,2530
sweep,3948
sweep,2416
sweep,3244
sweep,2260
sweep,3568
sweep,3948
sweep,4294
sweep,3316
sweep,3192
sweep,2976
sweep,2914
sweep,3095
sweep,2766
sweep,3326
sweep,2860
sweep,3078
sweep,2641
sweep,2952
sweep,3663
sweep,3164
sweep,2831
sweep,3061
sweep,3007
sweep,3427
sweep,3036
sweep,2455
sweep,2546
sweep,3870
sweep,4148
sweep,4078
sweep,4111
sweep,5544
sweep,7911
sweep,5892
sweep,9086
sweep,8131
sweep,8422
sweep,7442
sweep,6988
sweep,7499
sweep,836
mark,1032084
sweep,4913
sweep,3833
sweep,4172
sweep,4423
sweep,3709
sweep,4183
sweep,3717
sweep,3150
sweep,2947
sweep,3084
sweep,3268
sweep,2737
sweep,2724
sweep,2975
sweep,3002
sweep,2679
sweep,3825
sweep,2922
sweep,2940
sweep,3677
sweep,2719
sweep,2366
sweep,3694
sweep,2505
sweep,3228
sweep,2034
sweep,3615
sweep,3740
sweep,4320
sweep,3929
sweep,3537
sweep,3133
sweep,2874
sweep,2901
sweep,3126
sweep,3481
sweep,2878
sweep,3065
sweep,2570
sweep,2822
sweep,3690
sweep,2643
sweep,2834
sweep,3197
sweep,3430
sweep,3875
sweep,2852
sweep,2599
sweep,2664
sweep,5703
sweep,9179
sweep,8496
sweep,9175
sweep,8501
sweep,5887
sweep,7667
sweep,4071
sweep,4619
sweep,5210
sweep,6009
sweep,6274
sweep,6849
sweep,227
mark,1065675
sweep,5228
sweep,4106
sweep,3910
sweep,4471
sweep,3555
sweep,4172
sweep,4120
sweep,3515
sweep,2841
sweep,3428
sweep,3194
sweep,3141
sweep,2922
sweep,3068
sweep,2600
sweep,2818
sweep,3319
sweep,2964
sweep,3129
sweep,3350
sweep,2374
sweep,2483
sweep,3805
sweep,2622
sweep,3194
sweep,1907
sweep,3679
sweep,3694
sweep,4388
sweep,3438
sweep,3688
sweep,3124
sweep,2959
sweep,3424
sweep,2783
sweep,3204
sweep,3051
sweep,3083
sweep,2607
sweep,3000
sweep,3927
sweep,2773
sweep,3113
sweep,2971
sweep,2738
sweep,3497
sweep,2774
sweep,2664
sweep,2809
sweep,3947
sweep,4175
sweep,4594
sweep,4149
sweep,5789
sweep,7785
sweep,5967
sweep,9317
sweep,8096
sweep,8589
sweep,7626
sweep,7393
sweep,13401
sweep,925
mark,1074452
sweep,4778
sweep,3986
sweep,3947
sweep,4396
sweep,3934
sweep,4079
sweep,3636
sweep,3521
sweep,3073
sweep,3090
sweep,3033
sweep,2734
sweep,2629
sweep,3157
sweep,2669
sweep,2661
sweep,3455
sweep,2953
sweep,3231
sweep,3480
sweep,2324
sweep,2363
sweep,3848
sweep,2383
sweep,3125
sweep,2009
sweep,3695
sweep,3934
sweep,4327
sweep,3412
sweep,3442
sweep,3076
sweep,3232
sweep,3151
sweep,2938
sweep,3170
sweep,2837
sweep,3422
sweep,2582
sweep,3098
sweep,3895
sweep,2835
sweep,2651
sweep,2999
sweep,2929
sweep,3461
sweep,2828
sweep,2710
sweep,2610
sweep,5649
sweep,9088
sweep,8679
sweep,8756
sweep,8060
sweep,6144
sweep,7265
sweep,4038
sweep,4509
sweep,4691
sweep,6033
sweep,5685
sweep,6550
sweep,252
mark,1045048
sweep,4769
sweep,3914
sweep,3826
sweep,4063
sweep,3782
sweep,4373
sweep,4121
sweep,3204
sweep,2765
sweep,3526
sweep,3348
sweep,2708
sweep,2725
sweep,3019
sweep,2612
sweep,2686
sweep,3309
sweep,2954
sweep,3035
sweep,3680
sweep,2595
sweep,2745
sweep,3924
sweep,2393
sweep,3050
sweep,2156
sweep,3347
sweep,3904
sweep,4503
sweep,3637
sweep,3082
sweep,3285
sweep,3143
sweep,3013
sweep,3086
sweep,3553
sweep,2793
sweep,3447
sweep,2893
sweep,2876
sweep,4007
sweep,2842
sweep,2847
sweep,3272
sweep,3053
sweep,3411
sweep,3073
sweep,2490
sweep,2486
sweep,3373
sweep,4098
sweep,4083
sweep,4027
sweep,5926
sweep,7815
sweep,6251
sweep,8438
sweep,8343
sweep,8507
sweep,7453
sweep,6975
sweep,7133
sweep,825
mark,1025890
sweep,4704
sweep,3781
sweep,4491
sweep,4331
sweep,3888
sweep,4270
sweep,3715
sweep,3213
sweep,2854
sweep,3470
sweep,3022
sweep,2718
sweep,2949
sweep,2865
sweep,2894
sweep,2924
sweep,3422
sweep,2927
sweep,3146
sweep,3336
sweep,2468
sweep,2413
sweep,4059
sweep,2281
sweep,3848
sweep,1904
sweep,3539
sweep,3688
sweep,4243
sweep,3529
sweep,3295
sweep,3001
sweep,3191
sweep,3232
sweep,2787
sweep,3179
sweep,2637
sweep,3129
sweep,2500
sweep,3286
sweep,3931
sweep,2632
sweep,2963
sweep,2946
sweep,2803
sweep,3608
sweep,2722
sweep,2734
sweep,2622
sweep,5477
sweep,8415
sweep,8479
sweep,8218
sweep,7543
sweep,6089
sweep,6754
sweep,4320
sweep,4399
sweep,4595
sweep,6075
sweep,5526
sweep,5904
sweep,222
mark,1027636
sweep,4614
sweep,4062
sweep,4384
sweep,4224
sweep,3665
sweep,4043
sweep,3794
sweep,3393
sweep,3119
sweep,3361
sweep,3324
sweep,2903
sweep,2792
sweep,3028
sweep,2630
sweep,2776
sweep,3176
sweep,3339
sweep,3019
sweep,3587
sweep,2606
sweep,2642
sweep,4270
sweep,2612
sweep,3112
sweep,1949
sweep,3375
sweep,3957
sweep,5028
sweep,3489
sweep,3119
sweep,3026
sweep,2873
sweep,3111
sweep,2863
sweep,3687
sweep,2846
sweep,3105
sweep,2410
sweep,3039
sweep,3994
sweep,3173
sweep,2960
sweep,3045
sweep,2887
sweep,3410
sweep,2948
sweep,2511
sweep,2736
sweep,3493
sweep,3906
sweep,4148
sweep,4074
sweep,5882
sweep,8042
sweep,6009
sweep,8629
sweep,8421
sweep,8810
sweep,8294
sweep,7332
sweep,7278
sweep,833
mark,1029424
sweep,4814
sweep,3967
sweep,4031
sweep,4058
sweep,3898
sweep,3988
sweep,3966
sweep,3177
sweep,2759
sweep,3608
sweep,3313
sweep,2744
sweep,2774
sweep,2876
sweep,3225
sweep,2781
sweep,3615
sweep,3046
sweep,3220
sweep,3816
sweep,2484
sweep,2426
sweep,3990
sweep,2406
sweep,3133
sweep,1932
sweep,3482
sweep,3856
sweep,4260
sweep,3489
sweep,3222
sweep,2995
sweep,2992
sweep,3107
sweep,3000
sweep,3109
sweep,2946
sweep,3036
sweep,2433
sweep,2637
sweep,3716
sweep,2614
sweep,2720
sweep,3252
sweep,3057
sweep,3920
sweep,2821
sweep,2688
sweep,2536
sweep,5571
sweep,9105
sweep,8611
sweep,8614
sweep,7727
sweep,6068
sweep,6855
sweep,4098
sweep,4224
sweep,4796
sweep,6183
sweep,5804
sweep,5893
sweep,226
mark,1027239
sweep,4744
sweep,4291
sweep,4306
sweep,4360
sweep,3775
sweep,4314
sweep,4169
sweep,3241
sweep,3117
sweep,3754
sweep,2978
sweep,2677
sweep,2667
sweep,3267
sweep,2623
sweep,2973
sweep,3206
sweep,2992
sweep,3350
sweep,3683
sweep,2421
sweep,2423
sweep,3730
sweep,2519
sweep,3322
sweep,1944
sweep,3423
sweep,3724
sweep,4122
sweep,3457
sweep,3029
sweep,2973
sweep,2884
sweep,2984
sweep,2752
sweep,3629
sweep,2802
sweep,3016
sweep,2507
sweep,2943
sweep,3756
sweep,2995
sweep,2546
sweep,3042
sweep,2823
sweep,3484
sweep,2738
sweep,2435
sweep,2563
sweep,3728
sweep,4038
sweep,4183
sweep,4281
sweep,6117
sweep,7782
sweep,6402
sweep,8648
sweep,8364
sweep,8353
sweep,7401
sweep,7986
sweep,7277
sweep,874
mark,1028857
sweep,4548
sweep,4234
sweep,3913
sweep,4145
sweep,3835
sweep,4302
sweep,3620
sweep,3202
sweep,3184
sweep,3475
sweep,11993
sweep,2757
sweep,2791
sweep,2881
sweep,2867
sweep,2661
sweep,3473
sweep,2967
sweep,2968
sweep,3932
sweep,2498
sweep,2690
sweep,4066
sweep,2405
sweep,3680
sweep,1909
sweep,3386
sweep,3771
sweep,4215
sweep,3474
sweep,3523
sweep,3059
sweep,3278
sweep,3009
sweep,2811
sweep,3113
sweep,2784
sweep,3245
sweep,2669
sweep,2624
sweep,3950
sweep,2647
sweep,2624
sweep,2948
sweep,2956
sweep,3557
sweep,2946
sweep,2867
sweep,2464
sweep,5442
sweep,9116
sweep,8426
sweep,8463
sweep,8099
sweep,5703
sweep,6851
sweep,4017
sweep,4464
sweep,4592
sweep,6092
sweep,5887
sweep,5724
sweep,226
mark,1027388
sweep,4621
sweep,4037
sweep,4300
sweep,4069
sweep,3596
sweep,3986
sweep,3624
sweep,3173
sweep,2811
sweep,3613
sweep,3058
sweep,3109
sweep,3051
sweep,3133
sweep,2505
sweep,2713
sweep,3228
sweep,3038
sweep,3118
sweep,3514
sweep,2450
sweep,2550
sweep,3715
sweep,2455
sweep,3541
sweep,1932
sweep,3312
sweep,3538
sweep,4470
sweep,3418
sweep,3375
sweep,3374
sweep,3003
sweep,3086
sweep,3060
sweep,3169
sweep,2822
sweep,3178
sweep,2670
sweep,2751
sweep,4001
sweep,2864
sweep,2963
sweep,3044
sweep,2894
sweep,3700
sweep,2851
sweep,2468
sweep,2432
sweep,3822
sweep,4130
sweep,3980
sweep,4163
sweep,5986
sweep,7717
sweep,5860
sweep,8983
sweep,7981
sweep,8311
sweep,7194
sweep,7192
sweep,7235
sweep,796
mark,1042992
sweep,4554
sweep,3937
sweep,3860
sweep,4300
sweep,3638
sweep,4314
sweep,3615
sweep,3080
sweep,2846
sweep,3514
sweep,3261
sweep,3031
sweep,2834
sweep,2775
sweep,2518
sweep,2646
sweep,3485
sweep,2933
sweep,3267
sweep,3319
sweep,2308
sweep,2636
sweep,4214
sweep,2788
sweep,3438
sweep,2101
sweep,3676
sweep,3728
sweep,4344
sweep,3698
sweep,3334
sweep,3006
sweep,2857
sweep,3156
sweep,2728
sweep,3473
sweep,3298
sweep,3087
sweep,2454
sweep,2654
sweep,3825
sweep,2675
sweep,3035
sweep,2994
sweep,2906
sweep,3472
sweep,2797
sweep,2672
sweep,2524
sweep,5524
sweep,8794
sweep,8738
sweep,13153
sweep,7845
sweep,5930
sweep,7248
sweep,4126
sweep,4898
sweep,4369
sweep,5964
sweep,6080
sweep,6074
sweep,230
mark,1047390
sweep,4721
sweep,4041
sweep,4446
sweep,3964
sweep,3867
sweep,4388
sweep,3564
sweep,3068
sweep,2842
sweep,3211
sweep,3545
sweep,2919
sweep,2799
sweep,2912
sweep,2884
sweep,3247
sweep,3447
sweep,2934
sweep,3223
sweep,3485
sweep,2467
sweep,2524
sweep,3825
sweep,2578
sweep,3367
sweep,2308
sweep,3593
sweep,3757
sweep,4647
sweep,3746
sweep,3147
sweep,3083
sweep,3168
sweep,2993
sweep,2827
sweep,3318
sweep,2794
sweep,3240
sweep,2563
sweep,2717
sweep,3986
sweep,2626
sweep,2671
sweep,3190
sweep,2909
sweep,3430
sweep,2911
sweep,2452
sweep,2445
sweep,3503
sweep,3975
sweep,3949
sweep,4218
sweep,5785
sweep,7929
sweep,5959
sweep,8488
sweep,8212
sweep,8291
sweep,7490
sweep,7367
sweep,7247
sweep,827
mark,1034080
sweep,4505
sweep,4271
sweep,4300
sweep,4020
sweep,3821
sweep,4294
sweep,3700
sweep,3110
sweep,2859
sweep,3522
sweep,3294
sweep,2721
sweep,2921
sweep,3072
sweep,2752
sweep,2621
sweep,3294
sweep,2976
sweep,2956
sweep,3638
sweep,2408
sweep,2442
sweep,3849
sweep,2543
sweep,3652
sweep,1959
sweep,3512
sweep,3682
sweep,4190
sweep,3384
sweep,3120
sweep,3034
sweep,3317
sweep,2937
sweep,3049
sweep,3208
sweep,2967
sweep,3090
sweep,2722
sweep,2761
sweep,3926
sweep,2707
sweep,2885
sweep,3133
sweep,2728
sweep,3465
sweep,3000
sweep,2523
sweep,2391
sweep,6086
sweep,8945
sweep,9154
sweep,8765
sweep,7766
sweep,6159
sweep,6867
sweep,4037
sweep,4534
sweep,4900
sweep,6164
sweep,5996
sweep,5796
sweep,223
mark,1027484
sweep,4696
sweep,4249
sweep,4513
sweep,4201
sweep,3756
sweep,3960
sweep,3715
sweep,3388
sweep,2821
sweep,3645
sweep,3303
sweep,2726
sweep,2771
sweep,3230
sweep,2647
sweep,2919
sweep,3214
sweep,3265
sweep,3057
sweep,3365
sweep,2383
sweep,2501
sweep,3946
sweep,2364
sweep,3394
sweep,1898
sweep,3701
sweep,3599
sweep,4317
sweep,3380
sweep,3137
sweep,3115
sweep,3055
sweep,3328
sweep,2795
sweep,3452
sweep,2860
sweep,2999
sweep,2521
sweep,2905
sweep,3719
sweep,2793
sweep,2645
sweep,3320
sweep,2903
sweep,3428
sweep,2833
sweep,2431
sweep,2537
sweep,3511
sweep,3891
sweep,4057
sweep,4066
sweep,5998
sweep,7876
sweep,5882
sweep,8330
sweep,8357
sweep,8391
sweep,7705
sweep,7017
sweep,7234
sweep,802
mark,1036029
sweep,4952
sweep,4294
sweep,4066
sweep,3952
sweep,4159
sweep,4292
sweep,3588
sweep,3136
sweep,2861
sweep,3320
sweep,3344
sweep,3063
sweep,2758
sweep,2733
sweep,2563
sweep,2726
sweep,3294
sweep,2937
sweep,2981
sweep,3582
sweep,2375
sweep,2434
sweep,3736
sweep,2363
sweep,3731
sweep,1936
sweep,3307
sweep,3560
sweep,4613
sweep,3563
sweep,3197
sweep,3127
sweep,3391
sweep,2940
sweep,3014
sweep,3422
sweep,2951
sweep,3045
sweep,2513
sweep,3024
sweep,3921
sweep,2594
sweep,2670
sweep,2904
sweep,2803
sweep,3448
sweep,2693
sweep,2716
sweep,2475
sweep,5574
sweep,8994
sweep,8420
sweep,8420
sweep,8172
sweep,5719
sweep,7024
sweep,4348
sweep,4396
sweep,4880
sweep,6283
sweep,5804
sweep,5740
sweep,223
mark,1027183
sweep,4635
sweep,4594
sweep,3858
sweep,4163
sweep,3808
sweep,4039
sweep,3604
sweep,3103
sweep,3167
sweep,3193
sweep,3383
sweep,3032
sweep,2773
sweep,2846
sweep,2629
sweep,2755
sweep,3200
sweep,2902
sweep,2873
sweep,3969
sweep,2574
sweep,2541
sweep,4003
sweep,2561
sweep,3646
sweep,1938
sweep,3539
sweep,3633
sweep,4447
sweep,3381
sweep,3212
sweep,3072
sweep,2878
sweep,3123
sweep,2771
sweep,3207
sweep,3154
sweep,3040
sweep,2724
sweep,2893
sweep,3719
sweep,2812
sweep,2642
sweep,3092
sweep,2854
sweep,3681
sweep,2745
sweep,2485
sweep,2526
sweep,3409
sweep,3862
sweep,4039
sweep,4459
sweep,5763
sweep,8015
sweep,6489
sweep,8375
sweep,8317
sweep,8430
sweep,7715
sweep,7440
sweep,7193
sweep,834
mark,1028615
sweep,4605
sweep,4256
sweep,3839
sweep,4111
sweep,3761
sweep,4066
sweep,3564
sweep,3444
sweep,2889
sweep,3518
sweep,2957
sweep,2743
sweep,2655
sweep,2934
sweep,2571
sweep,2693
sweep,3527
sweep,2913
sweep,3085
sweep,3722
sweep,2378
sweep,2465
sweep,3721
sweep,2438
sweep,3279
sweep,1929
sweep,3693
sweep,3976
sweep,4674
sweep,3376
sweep,2980
sweep,3497
sweep,2893
sweep,3066
sweep,3054
sweep,3408
sweep,2696
sweep,3092
sweep,2826
sweep,2722
sweep,3752
sweep,2597
sweep,2954
sweep,3318
sweep,2885
sweep,3438
sweep,2862
sweep,2536
sweep,2550
sweep,5691
sweep,8754
sweep,8542
sweep,8531
sweep,7478
sweep,5915
sweep,6760
sweep,3886
sweep,4367
sweep,4969
sweep,5896
sweep,5616
sweep,5768
sweep,253
mark,1025741
sweep,5066
sweep,3976
sweep,3868
sweep,4263
sweep,3516
sweep,4234
sweep,3523
sweep,3177
sweep,2869
sweep,2957
sweep,3046
sweep,2772
sweep,2651
sweep,2771
sweep,2837
sweep,2902
sweep,3190
sweep,2939
sweep,3399
sweep,3483
sweep,2359
sweep,2752
sweep,3740
sweep,2374
sweep,3098
sweep,2065
sweep,3645
sweep,3679
sweep,4252
sweep,3201
sweep,3252
sweep,3022
sweep,2910
sweep,3088
sweep,2910
sweep,3388
sweep,2929
sweep,3082
sweep,2623
sweep,2938
sweep,3991
sweep,2865
sweep,2722
sweep,3097
sweep,2746
sweep,3576
sweep,3001
sweep,2440
sweep,2377
sweep,3597
sweep,4132
sweep,3886
sweep,4461
sweep,5972
sweep,8283
sweep,6493
sweep,8733
sweep,8302
sweep,8701
sweep,8167
sweep,7447
sweep,7499
sweep,828
mark,1034353
sweep,5115
sweep,3980
sweep,3953
sweep,4247
sweep,3632
sweep,4323
sweep,3765
sweep,3209
sweep,3014
sweep,3506
sweep,3144
sweep,2821
sweep,2746
sweep,2886
sweep,2672
sweep,2758
sweep,3177
sweep,2888
sweep,3437
sweep,3602
sweep,2412
sweep,2463
sweep,4149
sweep,2568
sweep,3109
sweep,1917
sweep,3619
sweep,3962
sweep,4373
sweep,3459
sweep,3220
sweep,3197
sweep,2985
sweep,3037
sweep,2858
sweep,3422
sweep,2944
sweep,3085
sweep,2557
sweep,2849
sweep,3916
sweep,2709
sweep,2966
sweep,2935
sweep,2795
sweep,3750
sweep,2719
sweep,2537
sweep,2663
sweep,5562
sweep,8847
sweep,8639
sweep,8541
sweep,8205
sweep,6340
sweep,7359
sweep,4118
sweep,4491
sweep,4951
sweep,6400
sweep,5803
sweep,6070
sweep,222
mark,1034076
sweep,4906
sweep,3929
sweep,4094
sweep,3925
sweep,3925
sweep,4139
sweep,3513
sweep,3076
sweep,2781
sweep,3422
sweep,3418
sweep,2851
sweep,2733
sweep,3066
sweep,2587
sweep,2932
sweep,3229
sweep,3341
sweep,3301
sweep,3938
sweep,2415
sweep,2469
sweep,3991
sweep,2541
sweep,3113
sweep,1995
sweep,3399
sweep,3748
sweep,4048
sweep,3498
sweep,3097
sweep,2975
sweep,3115
sweep,2991
sweep,2727
sweep,3227
sweep,2721
sweep,3082
sweep,2587
sweep,3197
sweep,3608
sweep,3039
sweep,2773
sweep,3084
sweep,2847
sweep,3718
sweep,2885
sweep,2645
sweep,2575
sweep,3648
sweep,3857
sweep,4089
sweep,4158
sweep,6116
sweep,7865
sweep,5762
sweep,8309
sweep,8305
sweep,8318
sweep,7382
sweep,7004
sweep,7264
sweep,819
mark,1064280
sweep,5316
sweep,4216
sweep,4322
sweep,3953
sweep,3667
sweep,4369
sweep,3670
sweep,3369
sweep,3110
sweep,3444
sweep,3411
sweep,3047
sweep,3030
sweep,3204
sweep,2855
sweep,2671
sweep,3305
sweep,3004
sweep,3118
sweep,3348
sweep,2617
sweep,2463
sweep,3848
sweep,2661
sweep,3619
sweep,2197
sweep,3709
sweep,3815
sweep,4653
sweep,3969
sweep,3299
sweep,3085
sweep,2883
sweep,3268
sweep,2844
sweep,3303
sweep,2916
sweep,3100
sweep,2518
sweep,2916
sweep,3840
sweep,2896
sweep,2689
sweep,2982
sweep,2983
sweep,3926
sweep,2789
sweep,2422
sweep,2504
sweep,5925
sweep,8821
sweep,8540
sweep,8596
sweep,8224
sweep,6182
sweep,7645
sweep,4315
sweep,4872
sweep,4471
sweep,5877
sweep,5733
sweep,5894
sweep,223
mark,1041760
sweep,4830
sweep,3808
sweep,4375
sweep,4351
sweep,3747
sweep,4339
sweep,3563
sweep,3142
sweep,3144
sweep,3404
sweep,3335
sweep,3038
sweep,2740
sweep,2775
sweep,2760
sweep,2677
sweep,3537
sweep,3055
sweep,3105
sweep,3666
sweep,5454
sweep,2543
sweep,3792
sweep,2523
sweep,3076
sweep,1937
sweep,3590
sweep,3729
sweep,4149
sweep,3845
sweep,3140
sweep,3051
sweep,3014
sweep,3095
sweep,3346
sweep,3259
sweep,2918
sweep,3371
sweep,2566
sweep,3062
sweep,3867
sweep,2712
sweep,2678
sweep,3409
sweep,2839
sweep,3474
sweep,2777
sweep,2818
sweep,2528
sweep,3911
sweep,3937
sweep,3980
sweep,4341
sweep,5511
sweep,8574
sweep,6310
sweep,8928
sweep,8963
sweep,9053
sweep,7185
sweep,7439
sweep,7174
sweep,769
mark,1048540
sweep,4841
sweep,4381
sweep,4451
sweep,4056
sweep,3615
sweep,4445
sweep,3792
sweep,3227
sweep,2845
sweep,3528
sweep,3016
sweep,2788
sweep,2735
sweep,2847
sweep,2781
sweep,2866
sweep,3478
sweep,3068
sweep,3288
sweep,3534
sweep,2372
sweep,2571
sweep,3806
sweep,2485
sweep,3109
sweep,1902
sweep,3700
sweep,3853
sweep,4571
sweep,3451
sweep,3001
sweep,3069
sweep,3197
sweep,3137
sweep,3028
sweep,3383
sweep,2732
sweep,3128
sweep,2448
sweep,3101
sweep,3788
sweep,2761
sweep,2786
sweep,2936
sweep,3071
sweep,3927
sweep,2892
sweep,2698
sweep,2517
sweep,7242
sweep,8672
sweep,8557
sweep,8471
sweep,7604
sweep,5932
sweep,7590
sweep,4240
sweep,5106
sweep,5067
sweep,6215
sweep,5976
sweep,5860
sweep,228
mark,1060877
sweep,4787
sweep,3981
sweep,4082
sweep,3928
sweep,3654
sweep,3827
sweep,3577
sweep,3368
sweep,3101
sweep,3293
sweep,3078
sweep,3086
sweep,2667
sweep,2997
sweep,2490
sweep,2726
sweep,3316
sweep,3058
sweep,3046
sweep,3221
sweep,2561
sweep,2424
sweep,3628
sweep,2613
sweep,3633
sweep,1921
sweep,3549
sweep,3853
sweep,4382
sweep,3296
sweep,3241
sweep,3011
sweep,2875
sweep,3114
sweep,2842
sweep,3511
sweep,2733
sweep,3302
sweep,2835
sweep,2844
sweep,3747
sweep,2977
sweep,3148
sweep,3267
sweep,3076
sweep,3443
sweep,2787
sweep,2539
sweep,2482
sweep,3715
sweep,3997
sweep,3937
sweep,4577
sweep,6232
sweep,7503
sweep,6171
sweep,8375
sweep,8676
sweep,8418
sweep,8181
sweep,7347
sweep,7640
sweep,833
mark,1035440
sweep,4569
sweep,4127
sweep,3948
sweep,4312
sweep,3836
sweep,4054
sweep,3821
sweep,3392
sweep,2856
sweep,3447
sweep,2974
sweep,3296
sweep,2917
sweep,2835
sweep,2561
sweep,2769
sweep,3563
sweep,3170
sweep,3166
sweep,3476
sweep,2634
sweep,2413
sweep,3946
sweep,2838
sweep,3206
sweep,1936
sweep,3376
sweep,3667
sweep,4828
sweep,3664
sweep,3138
sweep,3095
sweep,3027
sweep,2952
sweep,2767
sweep,3247
sweep,2733
sweep,3031
sweep,2704
sweep,2685
sweep,3724
sweep,2667
sweep,2777
sweep,2894
sweep,3026
sweep,3587
sweep,2886
sweep,2466
sweep,2454
sweep,5936
sweep,9096
sweep,8885
sweep,8121
sweep,8288
sweep,5695
sweep,7477
sweep,4163
sweep,4431
sweep,4752
sweep,6282
sweep,5852
sweep,6060
sweep,232
mark,1029875
sweep,4452
sweep,3735
sweep,4006
sweep,4170
sweep,3510
sweep,4193
sweep,3834
sweep,3029
sweep,3050
sweep,2987
sweep,3264
sweep,2845
sweep,2738
sweep,2776
sweep,2738
sweep,2757
sweep,3281
sweep,3315
sweep,3238
sweep,3539
sweep,2298
sweep,2474
sweep,3936
sweep,2723
sweep,3106
sweep,2136
sweep,3599
sweep,3734
sweep,4362
sweep,3242
sweep,3128
sweep,2872
sweep,2900
sweep,2971
sweep,2878
sweep,3168
sweep,2998
sweep,3058
sweep,2651
sweep,2595
sweep,3949
sweep,2857
sweep,3020
sweep,3196
sweep,2873
sweep,3346
sweep,2746
sweep,2841
sweep,2698
sweep,3947
sweep,3784
sweep,4092
sweep,4199
sweep,6197
sweep,7803
sweep,6233
sweep,9225
sweep,8238
sweep,8190
sweep,7845
sweep,7549
sweep,7384
sweep,832
mark,1042000
sweep,4673
sweep,3878
sweep,3853
sweep,4143
sweep,3765
sweep,4245
sweep,4064
sweep,3186
sweep,2815
sweep,3421
sweep,3229
sweep,3038
sweep,2669
sweep,2990
sweep,2683
sweep,2701
sweep,3267
sweep,2957
sweep,3033
sweep,3527
sweep,2343
sweep,2507
sweep,3780
sweep,2475
sweep,3674
sweep,1996
sweep,3667
sweep,3589
sweep,4456
sweep,3657
sweep,3180
sweep,3055
sweep,2959
sweep,3079
sweep,2969
sweep,3410
sweep,2715
sweep,3103
sweep,2582
sweep,2949
sweep,3903
sweep,2902
sweep,2712
sweep,3313
sweep,2803
sweep,3449
sweep,2958
sweep,2446
sweep,2436
sweep,6035
sweep,8822
sweep,8593
sweep,9143
sweep,8021
sweep,6249
sweep,7135
sweep,4291
sweep,4417
sweep,5053
sweep,6039
sweep,5762
sweep,5857
sweep,227
mark,1028203
sweep,4627
sweep,3842
sweep,4028
sweep,3945
sweep,3684
sweep,4071
sweep,3528
sweep,3100
sweep,2820
sweep,3203
sweep,3286
sweep,2784
sweep,2624
sweep,2766
sweep,2501
sweep,2640
sweep,3163
sweep,2998
sweep,3156
sweep,3222
sweep,2393
sweep,2522
sweep,3680
sweep,2352
sweep,3126
sweep,1920
sweep,3414
sweep,3629
sweep,4199
sweep,3417
sweep,3378
sweep,3201
sweep,2885
sweep,3074
sweep,2981
sweep,3281
sweep,2944
sweep,3306
sweep,2774
sweep,2802
sweep,3861
sweep,2592
sweep,2973
sweep,3166
sweep,2826
sweep,3530
sweep,2879
sweep,2507
sweep,2833
sweep,3384
sweep,4333
sweep,4230
sweep,4489
sweep,5658
sweep,8446
sweep,6400
sweep,8840
sweep,8283
sweep,8993
sweep,7442
sweep,7854
sweep,6977
sweep,888
mark,1030076
sweep,4935
sweep,3852
sweep,4259
sweep,4137
sweep,3558
sweep,4194
sweep,3678
sweep,3109
sweep,2925
sweep,3385
sweep,2989
sweep,2937
sweep,2958
sweep,2854
sweep,2792
sweep,2769
sweep,3338
sweep,3133
sweep,3278
sweep,3977
sweep,2525
sweep,2688
sweep,4052
sweep,2342
sweep,3801
sweep,1921
sweep,3394
sweep,3625
sweep,4261
sweep,3498
sweep,3143
sweep,3070
sweep,3256
sweep,3155
sweep,3240
sweep,3212
sweep,2996
sweep,3027
sweep,2527
sweep,2750
sweep,3923
sweep,2658
sweep,2891
sweep,3025
sweep,2907
sweep,3489
sweep,2760
sweep,2625
sweep,2726
sweep,5429
sweep,9188
sweep,8396
sweep,8778
sweep,7856
sweep,5452
sweep,6852
sweep,3969
sweep,4393
sweep,4812
sweep,6100
sweep,5591
sweep,5734
sweep,223
mark,1029019
sweep,4973
sweep,4251
sweep,4216
sweep,4456
sweep,3861
sweep,4434
sweep,3518
sweep,3276
sweep,3005
sweep,3052
sweep,3147
sweep,2789
sweep,2952
sweep,2863
sweep,2633
sweep,2680
sweep,3420
sweep,3240
sweep,3121
sweep,3619
sweep,2481
sweep,2695
sweep,4041
sweep,2377
sweep,3344
sweep,1943
sweep,3755
sweep,3725
sweep,4081
sweep,3374
sweep,3153
sweep,3329
sweep,3338
sweep,3385
sweep,2921
sweep,3297
sweep,2853
sweep,3347
sweep,2902
sweep,2651
sweep,3735
sweep,2797
sweep,2995
sweep,2940
sweep,2878
sweep,3553
sweep,2963
sweep,2492
sweep,2567
sweep,3692
sweep,3870
sweep,4100
sweep,4420
sweep,5679
sweep,7706
sweep,6106
sweep,9044
sweep,9493
sweep,8596
sweep,7385
sweep,8014
sweep,7277
sweep,839
mark,1047300
sweep,4914
sweep,4239
sweep,3885
sweep,4071
sweep,3544
sweep,4387
sweep,3671
sweep,3465
sweep,2944
sweep,3225
sweep,2918
sweep,2833
sweep,2836
sweep,2979
sweep,3003
sweep,2671
sweep,3472
sweep,3218
sweep,3259
sweep,3538
sweep,2378
sweep,2441
sweep,4028
sweep,2616
sweep,3166
sweep,1853
sweep,3304
sweep,3838
sweep,4357
sweep,3500
sweep,3331
sweep,2919
sweep,2949
sweep,3228
sweep,3203
sweep,3187
sweep,2816
sweep,3032
sweep,2687
sweep,3097
sweep,4068
sweep,2838
sweep,3065
sweep,2986
sweep,2911
sweep,3604
sweep,2990
sweep,2792
sweep,2433
sweep,5334
sweep,8937
sweep,8474
sweep,8804
sweep,8357
sweep,6597
sweep,7403
sweep,4291
sweep,4300
sweep,5081
sweep,6173
sweep,5967
sweep,5777
sweep,225
mark,1021655
sweep,4577
sweep,3932
sweep,4013
sweep,4340
sweep,3903
sweep,4000
sweep,3781
sweep,3194
sweep,3026
sweep,3090
sweep,3133
sweep,2789
sweep,2994
sweep,2846
sweep,2558
sweep,2887
sweep,3280
sweep,3009
sweep,2932
sweep,3472
sweep,2661
sweep,2603
sweep,4067
sweep,2746
sweep,3150
sweep,1825
sweep,3410
sweep,4219
sweep,4422
sweep,3805
sweep,3676
sweep,2889
sweep,2982
sweep,3037
sweep,2826
sweep,3485
sweep,2650
sweep,3076
sweep,2759
sweep,3165
sweep,3749
sweep,2781
sweep,2828
sweep,3379
sweep,2817
sweep,3492
sweep,2793
sweep,2510
sweep,2677
sweep,3528
sweep,4353
sweep,4391
sweep,4159
sweep,5575
sweep,8662
sweep,6417
sweep,9251
sweep,8060
sweep,8903
sweep,7498
sweep,7549
sweep,6972
sweep,831
mark,1029960
sweep,4526
sweep,3897
sweep,3979
sweep,4012
sweep,3553
sweep,4286
sweep,3918
sweep,3658
sweep,3013
sweep,3532
sweep,3150
sweep,2726
sweep,2791
sweep,3013
sweep,2571
sweep,2671
sweep,3395
sweep,2918
sweep,2972
sweep,3467
sweep,2678
sweep,2385
sweep,3792
sweep,2487
sweep,3152
sweep,2494
sweep,3409
sweep,3887
sweep,4189
sweep,3781
sweep,3151
sweep,3165
sweep,2873
sweep,2917
sweep,3108
sweep,3204
sweep,2814
sweep,3277
sweep,2479
sweep,3018
sweep,3956
sweep,2897
sweep,2754
sweep,3047
sweep,2815
sweep,3736
sweep,2822
sweep,2563
sweep,2721
sweep,5518
sweep,8998
sweep,8799
sweep,8875
sweep,8123
sweep,5796
sweep,7562
sweep,4167
sweep,4307
sweep,4913
sweep,6432
sweep,5775
sweep,5805
sweep,227
mark,1025957
sweep,4736
sweep,4319
sweep,4261
sweep,4446
sweep,3498
sweep,4005
sweep,3695
sweep,3467
sweep,3062
sweep,3098
sweep,3197
sweep,3180
sweep,2906
sweep,3047
sweep,2780
sweep,2707
sweep,3213
sweep,3092
sweep,2983
sweep,3399
sweep,2557
sweep,2497
sweep,3668
sweep,2634
sweep,3007
sweep,1949
sweep,3381
sweep,3829
sweep,4248
sweep,3450
sweep,3379
sweep,3176
sweep,3077
sweep,2942
sweep,2832
sweep,3456
sweep,2711
sweep,3197
sweep,2731
sweep,2737
sweep,3824
sweep,2630
sweep,2785
sweep,3369
sweep,2800
sweep,3436
sweep,2769
sweep,2461
sweep,2500
sweep,3881
sweep,4029
sweep,3950
sweep,4284
sweep,5846
sweep,8137
sweep,6318
sweep,8440
sweep,8477
sweep,8466
sweep,8218
sweep,7221
sweep,7565
sweep,837
mark,1035552
sweep,4590
sweep,4260
sweep,4001
sweep,4437
sweep,3566
sweep,4230
sweep,3628
sweep,3084
sweep,2896
sweep,3672
sweep,3458
sweep,2697
sweep,2746
sweep,3178
sweep,2579
sweep,3020
sweep,3241
sweep,2999
sweep,3160
sweep,3447
sweep,2434
sweep,2447
sweep,3604
sweep,2426
sweep,3747
sweep,2114
sweep,3413
sweep,3918
sweep,4372
sweep,3543
sweep,3331
sweep,3098
sweep,2862
sweep,3268
sweep,2708
sweep,3226
sweep,2705
sweep,3099
sweep,2543
sweep,2701
sweep,3816
sweep,3124
sweep,2897
sweep,3207
sweep,2929
sweep,3840
sweep,2755
sweep,2620
sweep,2506
sweep,5540
sweep,8510
sweep,8915
sweep,8893
sweep,7610
sweep,6023
sweep,7094
sweep,4046
sweep,4476
sweep,5226
sweep,6187
sweep,5451
sweep,5960
sweep,241
mark,1035176
sweep,4903
sweep,4237
sweep,4329
sweep,4183
sweep,3614
sweep,4094
sweep,3694
sweep,3335
sweep,2795
sweep,3362
sweep,3096
sweep,2779
sweep,2939
sweep,2746
sweep,2710
sweep,2952
sweep,3349
sweep,3005
sweep,3211
sweep,3250
sweep,2600
sweep,2655
sweep,3672
sweep,2414
sweep,3654
sweep,2092
sweep,3724
sweep,3671
sweep,4173
sweep,3583
sweep,3101
sweep,3540
sweep,2916
sweep,3041
sweep,2940
sweep,3259
sweep,2774
sweep,2990
sweep,2493
sweep,2796
sweep,3954
sweep,2708
sweep,2953
sweep,3443
sweep,2869
sweep,3819
sweep,2741
sweep,2511
sweep,2610
sweep,3794
sweep,3893
sweep,4203
sweep,4570
sweep,5583
sweep,7590
sweep,5874
sweep,9162
sweep,8097
sweep,8400
sweep,8073
sweep,7420
sweep,7616
sweep,774
mark,1028973
sweep,5029
sweep,3900
sweep,3929
sweep,4224
sweep,3605
sweep,4200
sweep,3671
sweep,3128
sweep,2951
sweep,3449
sweep,3037
sweep,3255
sweep,2806
sweep,2967
sweep,2753
sweep,2936
sweep,3531
sweep,3181
sweep,3368
sweep,3412
sweep,2344
sweep,2695
sweep,3670
sweep,2628
sweep,3425
sweep,2049
sweep,3561
sweep,3912
sweep,4248
sweep,3535
sweep,3106
sweep,3028
sweep,2922
sweep,2978
sweep,3196
sweep,3363
sweep,2853
sweep,3345
sweep,2678
sweep,2776
sweep,4088
sweep,2679
sweep,2696
sweep,3330
sweep,3328
sweep,3917
sweep,3046
sweep,2482
sweep,2616
sweep,5402
sweep,9232
sweep,9128
sweep,8727
sweep,8101
sweep,6851
sweep,7067
sweep,4085
sweep,4485
sweep,4504
sweep,6006
sweep,5625
sweep,5999
sweep,271
mark,1026885
sweep,5182
sweep,4026
sweep,3899
sweep,3965
sweep,3602
sweep,4356
sweep,3493
sweep,3156
sweep,3029
sweep,2977
sweep,3007
sweep,3002
sweep,2838
sweep,2944
sweep,2575
sweep,2755
sweep,3327
sweep,3190
sweep,3657
sweep,3711
sweep,2319
sweep,2569
sweep,3676
sweep,2397
sweep,3278
sweep,1927
sweep,3480
sweep,3884
sweep,4100
sweep,3340
sweep,3290
sweep,2977
sweep,2961
sweep,3101
sweep,2750
sweep,3548
sweep,2736
sweep,3315
sweep,2474
sweep,3172
sweep,3791
sweep,2650
sweep,2766
sweep,2958
sweep,3096
sweep,3477
sweep,2569
sweep,2455
sweep,2628
sweep,3858
sweep,4201
sweep,4194
sweep,4315
sweep,5521
sweep,7767
sweep,6000
sweep,8690
sweep,8723
sweep,8494
sweep,7459
sweep,7072
sweep,7261
sweep,837
mark,1033333
sweep,5119
sweep,4294
sweep,4131
sweep,4070
sweep,3722
sweep,4098
sweep,3741
sweep,3317
sweep,3009
sweep,3644
sweep,3223
sweep,3011
sweep,2699
sweep,2848
sweep,2662
sweep,2827
sweep,3214
sweep,3070
sweep,3327
sweep,3767
sweep,2312
sweep,2436
sweep,3760
sweep,2359
sweep,3739
sweep,1902
sweep,3692
sweep,3577
sweep,4228
sweep,3788
sweep,3322
sweep,3318
sweep,3002
sweep,3125
sweep,2825
sweep,3368
sweep,2723
sweep,3090
sweep,2697
sweep,2790
sweep,3622
sweep,3021
sweep,2743
sweep,2986
sweep,2923
sweep,3940
sweep,2660
sweep,2826
sweep,2454
sweep,5680
sweep,8996
sweep,8733
sweep,8662
sweep,8225
sweep,5788
sweep,7335
sweep,4094
sweep,4543
sweep,4883
sweep,6247
sweep,5838
sweep,6159
sweep,225
mark,1025415
sweep,4880
sweep,3656
sweep,4349
sweep,4708
sweep,3613
sweep,4338
sweep,3852
sweep,3591
sweep,2869
sweep,3223
sweep,3186
sweep,2785
sweep,2638
sweep,2805
sweep,2886
sweep,2616
sweep,3300
sweep,2979
sweep,2989
sweep,3662
sweep,2329
sweep,2679
sweep,4116
sweep,2701
sweep,2983
sweep,1924
sweep,3538
sweep,3804
sweep,4559
sweep,3856
sweep,3676
sweep,2999
sweep,2897
sweep,3085
sweep,2725
sweep,3232
sweep,2832
sweep,3020
sweep,2629
sweep,2850
sweep,3753
sweep,2976
sweep,2608
sweep,2969
sweep,2763
sweep,3521
sweep,2818
sweep,2378
sweep,2540
sweep,3485
sweep,4016
sweep,4125
sweep,4222
sweep,5544
sweep,7879
sweep,6404
sweep,8892
sweep,8876
sweep,8882
sweep,7118
sweep,7033
sweep,6876
sweep,829
mark,1031457
sweep,5144
sweep,4380
sweep,4043
sweep,4184
sweep,3579
sweep,4132
sweep,3693
sweep,3810
sweep,3064
sweep,7254
sweep,3451
sweep,2711
sweep,2773
sweep,2994
sweep,2630
sweep,2951
sweep,3202
sweep,3156
sweep,3041
sweep,3470
sweep,2553
sweep,2642
sweep,3862
sweep,2386
sweep,3208
sweep,2289
sweep,3445
sweep,3636
sweep,4430
sweep,3473
sweep,3439
sweep,2928
sweep,2907
sweep,2922
sweep,2759
sweep,3377
sweep,2756
sweep,3309
sweep,2489
sweep,3005
sweep,3974
sweep,2673
sweep,2762
sweep,3131
sweep,2934
sweep,3441
sweep,2776
sweep,2476
sweep,2417
sweep,5822
sweep,8739
sweep,8679
sweep,8713
sweep,7667
sweep,6053
sweep,7503
sweep,4352
sweep,4327
sweep,5004
sweep,6196
sweep,5464
sweep,5792
sweep,257
mark,1029622
sweep,4620
sweep,4156
sweep,4581
sweep,4203
sweep,3760
sweep,4093
sweep,3556
sweep,3082
sweep,2812
sweep,3057
sweep,3134
sweep,2993
sweep,3149
sweep,2734
sweep,2774
sweep,2635
sweep,3503
sweep,3322
sweep,3165
sweep,3910
sweep,2435
sweep,2807
sweep,4009
sweep,2686
sweep,3127
sweep,2150
sweep,3333
sweep,3601
sweep,4637
sweep,3476
sweep,3321
sweep,2998
sweep,2960
sweep,3116
sweep,2824
sweep,3192
sweep,3023
sweep,3304
sweep,2706
sweep,2650
sweep,3881
sweep,2741
sweep,2747
sweep,2990
sweep,2838
sweep,3715
sweep,2797
sweep,2507
sweep,2639
sweep,3786
sweep,4260
sweep,4250
sweep,4093
sweep,5582
sweep,7922
sweep,5753
sweep,9161
sweep,8074
sweep,8251
sweep,8160
sweep,7543
sweep,7693
sweep,864
mark,1028496
sweep,4679
sweep,4128
sweep,3901
sweep,4290
sweep,3581
sweep,4180
sweep,3880
sweep,3091
sweep,3108
sweep,3716
sweep,3255
sweep,2899
sweep,2766
sweep,2841
sweep,2786
sweep,2812
sweep,3576
sweep,2885
sweep,3160
sweep,3403
sweep,2244
sweep,2749
sweep,3714
sweep,2266
sweep,3212
sweep,1933
sweep,3471
sweep,3873
sweep,4482
sweep,3423
sweep,3008
sweep,2905
sweep,2980
sweep,3152
sweep,2810
sweep,3438
sweep,2698
sweep,3109
sweep,2445
sweep,2685
sweep,3514
sweep,3034
sweep,2630
sweep,3122
sweep,3073
sweep,3474
sweep,2732
sweep,2557
sweep,2677
sweep,5485
sweep,8717
sweep,8619
sweep,8540
sweep,7818
sweep,6069
sweep,6987
sweep,3974
sweep,4363
sweep,5002
sweep,6235
sweep,5906
sweep,5836
sweep,221
mark,1031690
sweep,4712
sweep,4024
sweep,3886
sweep,4298
sweep,3567
sweep,4130
sweep,3822
sweep,3053
sweep,2885
sweep,3285
sweep,3227
sweep,2759
sweep,2705
sweep,2940
sweep,2584
sweep,2758
sweep,3257
sweep,2950
sweep,3036
sweep,3481
sweep,2297
sweep,2961
sweep,3798
sweep,2476
sweep,3716
sweep,1903
sweep,3278
sweep,3939
sweep,4391
sweep,3716
sweep,3043
sweep,2974
sweep,2959
sweep,3116
sweep,2988
sweep,3436
sweep,2815
sweep,3073
sweep,2908
sweep,2751
sweep,3791
sweep,2832
sweep,2666
sweep,2952
sweep,2866
sweep,3626
sweep,2648
sweep,2519
sweep,2728
sweep,3741
sweep,4062
sweep,4005
sweep,4099
sweep,5757
sweep,8010
sweep,6512
sweep,9373
sweep,7903
sweep,8850
sweep,7523
sweep,7600
sweep,7169
sweep,836
mark,1036250
sweep,5072
sweep,4126
sweep,3893
sweep,4076
sweep,3551
sweep,4152
sweep,3610
sweep,3135
sweep,2839
sweep,3161
sweep,3064
sweep,2988
sweep,2866
sweep,3053
sweep,2866
sweep,2720
sweep,3495
sweep,2982
sweep,3093
sweep,3328
sweep,2624
sweep,2407
sweep,3726
sweep,2283
sweep,3076
sweep,1905
sweep,3526
sweep,3656
sweep,4363
sweep,3470
sweep,3322
sweep,3068
sweep,3351
sweep,3321
sweep,2822
sweep,3716
sweep,2929
sweep,3090
sweep,2793
sweep,3084
sweep,3791
sweep,2813
sweep,2985
sweep,2938
sweep,2903
sweep,3814
sweep,2923
sweep,2674
sweep,2443
sweep,6010
sweep,8873
sweep,8980
sweep,8726
sweep,8305
sweep,6362
sweep,7490
sweep,3960
sweep,4322
sweep,4761
sweep,6081
sweep,5652
sweep,5874
sweep,265
mark,1028598
sweep,4620
sweep,4179
sweep,4169
sweep,4083
sweep,3360
sweep,4160
sweep,3799
sweep,3588
sweep,2744
sweep,3043
sweep,3305
sweep,2858
sweep,2742
sweep,2795
sweep,3153
sweep,2908
sweep,3274
sweep,3189
sweep,3370
sweep,3426
sweep,2341
sweep,2583
sweep,3947
sweep,2589
sweep,3543
sweep,1904
sweep,3308
sweep,3648
sweep,4345
sweep,3425
sweep,3350
sweep,2910
sweep,2901
sweep,3092
sweep,3094
sweep,3225
sweep,2820
sweep,3087
sweep,2600
sweep,2655
sweep,4001
sweep,2859
sweep,2761
sweep,3358
sweep,2878
sweep,3994
sweep,2749
sweep,2651
sweep,2444
sweep,3725
sweep,3953
sweep,4180
sweep,4121
sweep,5835
sweep,8521
sweep,6585
sweep,8830
sweep,8493
sweep,8375
sweep,8305
sweep,7396
sweep,7354
sweep,832
mark,1029804
sweep,5097
sweep,3816
sweep,4198
sweep,4069
sweep,3707
sweep,4063
sweep,3684
sweep,3040
sweep,2889
sweep,3342
sweep,2979
sweep,3024
sweep,2724
sweep,2891
sweep,2704
sweep,2636
sweep,3680
sweep,3102
sweep,3566
sweep,3265
sweep,2621
sweep,2355
sweep,4046
sweep,2536
sweep,3253
sweep,2192
sweep,3354
sweep,3634
sweep,4543
sweep,3311
sweep,3173
sweep,3082
sweep,3148
sweep,3074
sweep,2770
sweep,3063
sweep,2687
sweep,3030
sweep,2786
sweep,2601
sweep,3810
sweep,2727
sweep,2673
sweep,2986
sweep,2731
sweep,3750
sweep,2681
sweep,2463
sweep,2462
sweep,5322
sweep,8973
sweep,8470
sweep,8521
sweep,8130
sweep,5999
sweep,7504
sweep,4187
sweep,4261
sweep,4818
sweep,6288
sweep,5920
sweep,5771
sweep,223
mark,1034771
sweep,4635
sweep,4148
sweep,4282
sweep,4338
sweep,3653
sweep,4000
sweep,3515
sweep,3296
sweep,2761
sweep,2991
sweep,3032
sweep,3020
sweep,2737
sweep,3102
sweep,2553
sweep,2635
sweep,3728
sweep,3192
sweep,3003
sweep,3441
sweep,2337
sweep,2421
sweep,4049
sweep,2583
sweep,3048
sweep,2123
sweep,3604
sweep,3610
sweep,4202
sweep,3642
sweep,3089
sweep,3306
sweep,2933
sweep,3021
sweep,2785
sweep,3254
sweep,2762
sweep,3093
sweep,2574
sweep,2799
sweep,3941
sweep,2648
sweep,2652
sweep,2944
sweep,2773
sweep,3618
sweep,2946
sweep,2530
sweep,2436
sweep,3822
sweep,4027
sweep,4008
sweep,4071
sweep,5703
sweep,7927
sweep,6483
sweep,8403
sweep,8482
sweep,8375
sweep,7661
sweep,7074
sweep,7090
sweep,937
mark,1034012
sweep,4895
sweep,3919
sweep,4343
sweep,4439
sweep,3539
sweep,4160
sweep,3787
sweep,3118
sweep,2852
sweep,3384
sweep,2929
sweep,2913
sweep,2672
sweep,2818
sweep,2513
sweep,2858
sweep,3457
sweep,3024
sweep,2926
sweep,3467
sweep,2322
sweep,2634
sweep,3795
sweep,2616
sweep,3066
sweep,2206
sweep,3640
sweep,3646
sweep,4202
sweep,3370
sweep,3232
sweep,3116
sweep,2852
sweep,3269
sweep,3294
sweep,3099
sweep,3280
sweep,2987
sweep,2590
sweep,2704
sweep,3720
sweep,2730
sweep,3079
sweep,3332
sweep,2855
sweep,3442
sweep,2866
sweep,2556
sweep,2482
sweep,6125
sweep,8957
sweep,9160
sweep,8449
sweep,8115
sweep,5917
sweep,7603
sweep,4242
sweep,4351
sweep,4493
sweep,5772
sweep,6037
sweep,6113
sweep,223
mark,1034477
sweep,4672
sweep,4274
sweep,4124
sweep,4112
sweep,3776
sweep,4285
sweep,3832
sweep,3162
sweep,2833
sweep,3129
sweep,3052
sweep,3154
sweep,2992
sweep,2838
sweep,2585
sweep,2605
sweep,3173
sweep,2887
sweep,3283
sweep,3521
sweep,2260
sweep,2584
sweep,3760
sweep,2409
sweep,3122
sweep,2494
sweep,3444
sweep,3715
sweep,4322
sweep,3233
sweep,3395
sweep,3014
sweep,3167
sweep,3019
sweep,2859
sweep,3269
sweep,2749
sweep,3057
sweep,2718
sweep,2996
sweep,4058
sweep,2687
sweep,2748
sweep,3179
sweep,2900
sweep,3403
sweep,2938
sweep,2552
sweep,2557
sweep,3430
sweep,3941
sweep,4173
sweep,4072
sweep,6119
sweep,7985
sweep,6277
sweep,8507
sweep,8594
sweep,8318
sweep,7495
sweep,7205
sweep,7305
sweep,815
mark,1036944
sweep,4750
sweep,3997
sweep,3968
sweep,3988
sweep,3745
sweep,4015
sweep,3632
sweep,3602
sweep,2939
sweep,3683
sweep,3219
sweep,2832
sweep,2737
sweep,2873
sweep,2600
sweep,2699
sweep,3534
sweep,3135
sweep,3282
sweep,3879
sweep,2464
sweep,2390
sweep,3771
sweep,2397
sweep,3152
sweep,1913
sweep,3604
sweep,3660
sweep,4412
sweep,3828
sweep,3131
sweep,3061
sweep,3378
sweep,2984
sweep,3377
sweep,3026
sweep,2752
sweep,3136
sweep,2541
sweep,2673
sweep,3832
sweep,2853
sweep,2854
sweep,3179
sweep,3011
sweep,3781
sweep,2985
sweep,2514
sweep,2462
sweep,5767
sweep,8763
sweep,8399
sweep,8482
sweep,8065
sweep,5786
sweep,7503
sweep,4064
sweep,4344
sweep,4811
sweep,6321
sweep,5495
sweep,6174
sweep,230
mark,1026949
sweep,4856
sweep,3691
sweep,4229
sweep,3934
sweep,3659
sweep,4063
sweep,3560
sweep,3378
sweep,3100
sweep,3330
sweep,3381
sweep,2884
sweep,2706
sweep,3002
sweep,2657
sweep,2638
sweep,3385
sweep,2904
sweep,2989
sweep,3371
sweep,2641
sweep,2460
sweep,3821
sweep,2423
sweep,3223
sweep,1890
sweep,3361
sweep,3809
sweep,4221
sweep,3256
sweep,3519
sweep,2884
sweep,2819
sweep,3048
sweep,2839
sweep,3329
sweep,2811
sweep,3006
sweep,2714
sweep,2790
sweep,3743
sweep,2857
sweep,2948
sweep,3195
sweep,2807
sweep,3688
sweep,3116
sweep,2484
sweep,2447
sweep,3551
sweep,3870
sweep,4059
sweep,4451
sweep,6187
sweep,7860
sweep,6413
sweep,8524
sweep,8346
sweep,8722
sweep,8252
sweep,7452
sweep,7559
sweep,836
mark,1029875
sweep,4519
sweep,4003
sweep,4027
sweep,3949
sweep,3881
sweep,4138
sweep,3732
sweep,3124
sweep,3028
sweep,3167
sweep,3217
sweep,2731
sweep,2799
sweep,2753
sweep,2857
sweep,2732
sweep,3389
sweep,2934
sweep,3068
sweep,3374
sweep,2583
sweep,2508
sweep,3675
sweep,2319
sweep,3365
sweep,2263
sweep,3528
sweep,3862
sweep,4205
sweep,3424
sweep,3676
sweep,3335
sweep,2842
sweep,3106
sweep,2840
sweep,3180
sweep,2988
sweep,3052
sweep,2660
sweep,2660
sweep,4055
sweep,2901
sweep,2838
sweep,3255
sweep,2757
sweep,3477
sweep,2897
sweep,2684
sweep,2511
sweep,5343
sweep,9006
sweep,8586
sweep,8229
sweep,8008
sweep,5889
sweep,7024
sweep,3946
sweep,4469
sweep,4402
sweep,5797
sweep,6195
sweep,6094
sweep,226
mark,1027766
sweep,4703
sweep,3892
sweep,4107
sweep,4276
sweep,3697
sweep,4058
sweep,3793
sweep,3150
sweep,2806
sweep,3152
sweep,2983
sweep,3119
sweep,2784
sweep,2816
sweep,2961
sweep,2977
sweep,3311
sweep,3324
sweep,3148
sweep,3364
sweep,2363
sweep,2774
sweep,4040
sweep,2518
sweep,3043
sweep,2047
sweep,3511
sweep,3641
sweep,4300
sweep,3547
sweep,3409
sweep,3379
sweep,2955
sweep,3136
sweep,2748
sweep,3394
sweep,2808
sweep,3134
sweep,2527
sweep,2894
sweep,3925
sweep,2595
sweep,2721
sweep,3342
sweep,3097
sweep,3393
sweep,2831
sweep,2522
sweep,2524
sweep,3722
sweep,4222
sweep,4358
sweep,4161
sweep,6107
sweep,8744
sweep,6573
sweep,8292
sweep,8246
sweep,8449
sweep,7399
sweep,7052
sweep,7025
sweep,840
mark,1034276
sweep,4809
sweep,3951
sweep,4026
sweep,4575
sweep,3586
sweep,4361
sweep,3766
sweep,3230
sweep,3230
sweep,3163
sweep,3053
sweep,2735
sweep,2809
sweep,2886
sweep,2752
sweep,2793
sweep,3421
sweep,3022
sweep,3172
sweep,3675
sweep,2462
sweep,2418
sweep,4085
sweep,2419
sweep,3077
sweep,1988
sweep,3568
sweep,4159
sweep,4551
sweep,3527
sweep,3203
sweep,3032
sweep,2874
sweep,3099
sweep,2753
sweep,3259
sweep,2903
sweep,3009
sweep,2509
sweep,2745
sweep,4062
sweep,3001
sweep,2738
sweep,3273
sweep,2879
sweep,3849
sweep,2732
sweep,2559
sweep,2583
sweep,5782
sweep,9358
sweep,8902
sweep,9243
sweep,8656
sweep,6193
sweep,7116
sweep,4316
sweep,4239
sweep,4868
sweep,6296
sweep,5888
sweep,5917
sweep,225
mark,1027550
sweep,4759
sweep,3791
sweep,4107
sweep,4360
sweep,3797
sweep,4033
sweep,3731
sweep,3096
sweep,3057
sweep,3446
sweep,3394
sweep,2895
sweep,2963
sweep,2841
sweep,2916
sweep,3116
sweep,3470
sweep,3113
sweep,3312
sweep,3473
sweep,2526
sweep,2647
sweep,3872
sweep,2328
sweep,3291
sweep,1969
sweep,3325
sweep,3691
sweep,4493
sweep,3389
sweep,3101
sweep,3118
sweep,2897
sweep,3080
sweep,3052
sweep,3575
sweep,2887
sweep,3304
sweep,2463
sweep,2691
sweep,3711
sweep,3111
sweep,2668
sweep,3016
sweep,3225
sweep,3487
sweep,3034
sweep,2456
sweep,2585
sweep,3667
sweep,4135
sweep,4218
sweep,4316
sweep,6060
sweep,7976
sweep,6691
sweep,8318
sweep,8363
sweep,8256
sweep,7153
sweep,7247
sweep,7061
sweep,829
mark,1028561
sweep,4671
sweep,4280
sweep,3997
sweep,4325
sweep,3554
sweep,4079
sweep,3678
sweep,3351
sweep,2812
sweep,3178
sweep,2951
sweep,2738
sweep,2880
sweep,2733
sweep,2799
sweep,2684
sweep,3476
sweep,2925
sweep,3072
sweep,3465
sweep,2364
sweep,2589
sweep,3702
sweep,2439
sweep,3153
sweep,2491
sweep,3546
sweep,3822
sweep,4403
sweep,3541
sweep,3048
sweep,3484
sweep,2849
sweep,3026
sweep,2819
sweep,3370
sweep,2895
sweep,3109
sweep,2415
sweep,2798
sweep,3662
sweep,2734
sweep,2964
sweep,3371
sweep,2903
sweep,3425
sweep,2873
sweep,2678
sweep,2724
sweep,5390
sweep,9446
sweep,8920
sweep,8923
sweep,8220
sweep,6228
sweep,7631
sweep,3944
sweep,4420
sweep,4502
sweep,5795
sweep,5529
sweep,5889
sweep,237
mark,1026833
sweep,4884
sweep,3787
sweep,3838
sweep,4292
sweep,3621
sweep,4058
sweep,3505
sweep,3184
sweep,3020
sweep,3037
sweep,3004
sweep,3009
sweep,2840
sweep,3212
sweep,2554
sweep,2727
sweep,3524
sweep,3170
sweep,3162
sweep,3374
sweep,2329
sweep,2691
sweep,3914
sweep,2631
sweep,3373
sweep,1865
sweep,3625
sweep,3981
sweep,4144
sweep,3683
sweep,3148
sweep,3002
sweep,3527
sweep,3074
sweep,3014
sweep,3460
sweep,2775
sweep,2969
sweep,2515
sweep,2574
sweep,3731
sweep,2672
sweep,3046
sweep,3338
sweep,2777
sweep,3510
sweep,2764
sweep,2444
sweep,2565
sweep,3842
sweep,3970
sweep,3827
sweep,4105
sweep,5956
sweep,8614
sweep,6583
sweep,8874
sweep,8522
sweep,8529
sweep,8350
sweep,7633
sweep,7626
sweep,770
mark,1035846
sweep,4454
sweep,4111
sweep,3978
sweep,3925
sweep,3760
sweep,4290
sweep,4049
sweep,3548
sweep,2873
sweep,3359
sweep,2960
sweep,2740
sweep,3085
sweep,2779
sweep,2582
sweep,2629
sweep,3528
sweep,3170
sweep,3487
sweep,3409
sweep,2507
sweep,2378
sweep,3793
sweep,2375
sweep,3381
sweep,1907
sweep,3681
sweep,3790
sweep,4623
sweep,3388
sweep,3120
sweep,2995
sweep,3124
sweep,3284
sweep,2813
sweep,3224
sweep,2928
sweep,3066
sweep,2697
sweep,2727
sweep,3775
sweep,2975
sweep,2716
sweep,2868
sweep,2791
sweep,3546
sweep,2864
sweep,2491
sweep,2697
sweep,5717
sweep,8673
sweep,8352
sweep,8476
sweep,8248
sweep,6193
sweep,7258
sweep,4019
sweep,4273
sweep,4873
sweep,6113
sweep,5753
sweep,5985
sweep,222
mark,1022233
sweep,4491
sweep,3689
sweep,4184
sweep,4156
sweep,3617
sweep,3966
sweep,3760
sweep,3129
sweep,2760
sweep,3081
sweep,3082
sweep,2791
sweep,2768
sweep,2973
sweep,2689
sweep,2856
sweep,3354
sweep,3140
sweep,3234
sweep,3419
sweep,2539
sweep,2508
sweep,3796
sweep,2595
sweep,3378
sweep,1956
sweep,3488
sweep,3932
sweep,4149
sweep,3612
sweep,3143
sweep,3047
sweep,2937
sweep,2983
sweep,2843
sweep,3270
sweep,2844
sweep,3033
sweep,2512
sweep,3032
sweep,3831
sweep,3089
sweep,2684
sweep,3155
sweep,3199
sweep,3395
sweep,2771
sweep,2468
sweep,2559
sweep,3970
sweep,4488
sweep,3917
sweep,4065
sweep,6069
sweep,8545
sweep,6770
sweep,8807
sweep,8392
sweep,8612
sweep,8338
sweep,7490
sweep,7603
sweep,836
mark,1027747
sweep,4568
sweep,4447
sweep,3912
sweep,4078
sweep,3778
sweep,4340
sweep,3615
sweep,3443
sweep,3096
sweep,3250
sweep,2920
sweep,2766
sweep,2626
sweep,2794
sweep,2738
sweep,2819
sweep,3557
sweep,3045
sweep,3133
sweep,3900
sweep,2412
sweep,2648
sweep,3877
sweep,2692
sweep,3705
sweep,1908
sweep,3532
sweep,3723
sweep,4514
sweep,3465
sweep,3147
sweep,2957
sweep,2982
sweep,2969
sweep,2760
sweep,3454
sweep,2697
sweep,3436
sweep,2539
sweep,2758
sweep,4286
sweep,2694
sweep,2695
sweep,3047
sweep,2729
sweep,3674
sweep,2751
sweep,2718
sweep,2456
sweep,5818
sweep,9201
sweep,8602
sweep,8441
sweep,7863
sweep,6036
sweep,7163
sweep,3983
sweep,4491
sweep,4700
sweep,6209
sweep,6168
sweep,5991
sweep,225
mark,1028506
sweep,4541
sweep,4118
sweep,3807
sweep,3944
sweep,3527
sweep,4083
sweep,3583
sweep,3046
sweep,2854
sweep,3067
sweep,3228
sweep,3106
sweep,2685
sweep,3053
sweep,2907
sweep,2686
sweep,3230
sweep,3291
sweep,2971
sweep,3449
sweep,2591
sweep,2536
sweep,4218
sweep,2693
sweep,3600
sweep,1996
sweep,3600
sweep,4019
sweep,5221
sweep,3645
sweep,3559
sweep,3226
sweep,3012
sweep,3210
sweep,2717
sweep,3173
sweep,2774
sweep,3206
sweep,2532
sweep,2900
sweep,3526
sweep,2645
sweep,2946
sweep,3150
sweep,2779
sweep,3762
sweep,2997
sweep,2514
sweep,2411
sweep,3708
sweep,3793
sweep,3933
sweep,4321
sweep,11193
sweep,8312
sweep,6496
sweep,8579
sweep,8792
sweep,8971
sweep,7482
sweep,7396
sweep,7099
sweep,836
mark,1030476
sweep,4853
sweep,3772
sweep,4458
sweep,4472
sweep,3652
sweep,4380
sweep,4071
sweep,3538
sweep,2899
sweep,3182
sweep,3006
sweep,3169
sweep,2710
sweep,2882
sweep,3144
sweep,2962
sweep,3309
sweep,2919
sweep,3145
sweep,3696
sweep,2427
sweep,2542
sweep,3738
sweep,2649
sweep,3161
sweep,1869
sweep,3314
sweep,3559
sweep,4674
sweep,3352
sweep,3301
sweep,3085
sweep,3069
sweep,3371
sweep,2939
sweep,3549
sweep,2762
sweep,3005
sweep,2503
sweep,2784
sweep,3682
sweep,2681
sweep,2667
sweep,2885
sweep,2763
sweep,3425
sweep,2887
sweep,2577
sweep,2487
sweep,5952
sweep,8939
sweep,8924
sweep,8784
sweep,7927
sweep,5668
sweep,7622
sweep,4179
sweep,4268
sweep,4329
sweep,6581
sweep,5948
sweep,5890
sweep,224
mark,1029141
sweep,5037
sweep,3958
sweep,3833
sweep,4144
sweep,3680
sweep,4120
sweep,3482
sweep,3047
sweep,3093
sweep,3090
sweep,3066
sweep,3330
sweep,2665
sweep,2827
sweep,2981
sweep,2812
sweep,3220
sweep,2957
sweep,3081
sweep,3451
sweep,2286
sweep,2447
sweep,3896
sweep,2466
sweep,3013
sweep,2004
sweep,3616
sweep,3925
sweep,4587
sweep,3758
sweep,3296
sweep,3157
sweep,2931
sweep,3076
sweep,2865
sweep,3226
sweep,3082
sweep,3017
sweep,2507
sweep,2621
sweep,4019
sweep,3051
sweep,2845
sweep,3497
sweep,3326
sweep,3907
sweep,2886
sweep,2834
sweep,2430
sweep,3713
sweep,3922
sweep,3977
sweep,4242
sweep,5577
sweep,8461
sweep,6318
sweep,8571
sweep,8173
sweep,8681
sweep,7148
sweep,7394
sweep,7154
sweep,804
mark,1030057
sweep,4652
sweep,4026
sweep,3950
sweep,4165
sweep,3807
sweep,4072
sweep,3728
sweep,3112
sweep,3361
sweep,3288
sweep,2922
sweep,3051
sweep,2992
sweep,3071
sweep,2608
sweep,2701
sweep,3560
sweep,3132
sweep,3112
sweep,3398
sweep,2610
sweep,2681
sweep,3941
sweep,2361
sweep,3113
sweep,2209
sweep,3881
sweep,3777
sweep,4265
sweep,3561
sweep,3166
sweep,2926
sweep,2989
sweep,3103
sweep,2833
sweep,3317
sweep,2818
sweep,3226
sweep,2492
sweep,2955
sweep,4204
sweep,2958
sweep,2638
sweep,2890
sweep,2868
sweep,3424
sweep,2689
sweep,2601
sweep,2414
sweep,6385
sweep,8884
sweep,8472
sweep,8517
sweep,8150
sweep,6186
sweep,7491
sweep,4056
sweep,4154
sweep,5009
sweep,6251
sweep,5768
sweep,5804
sweep,223
mark,1026852
sweep,4662
sweep,4541
sweep,3922
sweep,4099
sweep,3569
sweep,4091
sweep,3558
sweep,3224
sweep,3052
sweep,3263
sweep,3413
sweep,2804
sweep,3092
sweep,2871
sweep,3124
sweep,2880
sweep,3428
sweep,2932
sweep,3086
sweep,3972
sweep,2320
sweep,2705
sweep,4033
sweep,2571
sweep,3700
sweep,1921
sweep,3523
sweep,3889
sweep,4199
sweep,3520
sweep,3158
sweep,3043
sweep,3336
sweep,3105
sweep,3077
sweep,3367
sweep,2941
sweep,2975
sweep,2975
sweep,2758
sweep,3787
sweep,2701
sweep,2706
sweep,3014
sweep,2741
sweep,3695
sweep,3063
sweep,2659
sweep,2774
sweep,3723
sweep,4143
sweep,3969
sweep,4230
sweep,5518
sweep,7899
sweep,6242
sweep,8382
sweep,8255
sweep,8325
sweep,7273
sweep,7267
sweep,7007
sweep,875
mark,1031439
sweep,5528
sweep,4460
sweep,3837
sweep,3971
sweep,3605
sweep,4095
sweep,3682
sweep,3174
sweep,3048
sweep,3529
sweep,3026
sweep,2763
sweep,2725
sweep,2804
sweep,2653
sweep,2657
sweep,3275
sweep,2883
sweep,3066
sweep,3719
sweep,2492
sweep,2392
sweep,3744
sweep,2526
sweep,3684
sweep,1976
sweep,3500
sweep,3836
sweep,4513
sweep,3446
sweep,3033
sweep,2906
sweep,2803
sweep,2975
sweep,2761
sweep,3001
sweep,2725
sweep,3198
sweep,2395
sweep,3287
sweep,3634
sweep,3160
sweep,2683
sweep,3164
sweep,2883
sweep,3724
sweep,2799
sweep,2515
sweep,2613
sweep,5445
sweep,8963
sweep,8319
sweep,8454
sweep,8103
sweep,6517
sweep,7213
sweep,4320
sweep,4220
sweep,4601
sweep,6200
sweep,5915
sweep,5699
sweep,226
mark,1037672
sweep,4757
sweep,3948
sweep,3802
sweep,4340
sweep,3535
sweep,4189
sweep,3589
sweep,3052
sweep,2790
sweep,3056
sweep,3210
sweep,2720
sweep,2617
sweep,2799
sweep,2581
sweep,2731
sweep,3235
sweep,3016
sweep,2974
sweep,3378
sweep,2290
sweep,2666
sweep,3981
sweep,2360
sweep,3585
sweep,2017
sweep,3517
sweep,3655
sweep,4335
sweep,3939
sweep,3103
sweep,3291
sweep,3396
sweep,3032
sweep,2892
sweep,3460
sweep,2717
sweep,3397
sweep,2836
sweep,2826
sweep,3890
sweep,2665
sweep,3011
sweep,3142
sweep,3059
sweep,3573
sweep,3004
sweep,2621
sweep,2662
sweep,3447
sweep,3927
sweep,4021
sweep,4057
sweep,5524
sweep,7782
sweep,5901
sweep,9010
sweep,8044
sweep,8334
sweep,6975
sweep,7182
sweep,7186
sweep,795
mark,1033109
sweep,5016
sweep,3920
sweep,4032
sweep,4153
sweep,3493
sweep,4243
sweep,3861
sweep,3140
sweep,3056
sweep,3307
sweep,3178
sweep,3262
sweep,2692
sweep,2916
sweep,2868
sweep,3040
sweep,3458
sweep,2947
sweep,3323
sweep,3415
sweep,2540
sweep,2641
sweep,3766
sweep,2283
sweep,3064
sweep,1950
sweep,3521
sweep,3963
sweep,4398
sweep,3359
sweep,3324
sweep,2909
sweep,2882
sweep,3143
sweep,2844
sweep,3194
sweep,2691
sweep,3093
sweep,2573
sweep,2915
sweep,3778
sweep,2708
sweep,2769
sweep,3090
sweep,3030
sweep,3646
sweep,2799
sweep,2477
sweep,2464
sweep,5807
sweep,9009
sweep,8843
sweep,8714
sweep,7684
sweep,5914
sweep,7167
sweep,4392
sweep,4633
sweep,4377
sweep,6474
sweep,5967
sweep,6405
sweep,263
mark,1042935
sweep,4851
sweep,3913
sweep,4136
sweep,4048
sweep,3761
sweep,4256
sweep,3920
sweep,3006
sweep,3081
sweep,3245
sweep,3280
sweep,2760
sweep,2659
sweep,3329
sweep,2764
sweep,2834
sweep,3322
sweep,3089
sweep,3306
sweep,3431
sweep,2424
sweep,2794
sweep,3757
sweep,2491
sweep,3341
sweep,2049
sweep,3767
sweep,3643
sweep,4800
sweep,3515
sweep,3180
sweep,3010
sweep,2956
sweep,3292
sweep,2840
sweep,3160
sweep,3302
sweep,3298
sweep,2561
sweep,2689
sweep,4052
sweep,2727
sweep,2862
sweep,3096
sweep,2928
sweep,3653
sweep,2949
sweep,2730
sweep,2467
sweep,3542
sweep,4288
sweep,3973
sweep,4674
sweep,6334
sweep,8262
sweep,5897
sweep,8934
sweep,8980
sweep,9137
sweep,7381
sweep,7354
sweep,7729
sweep,861
mark,1055629
sweep,4962
sweep,3915
sweep,4537
sweep,3964
sweep,3553
sweep,4205
sweep,3609
sweep,3089
sweep,3062
sweep,3260
sweep,3129
sweep,3002
sweep,2803
sweep,2933
sweep,2678
sweep,2992
sweep,3339
sweep,2980
sweep,3203
sweep,3487
sweep,2551
sweep,2406
sweep,4005
sweep,2565
sweep,3052
sweep,1880
sweep,3617
sweep,3926
sweep,4689
sweep,3458
sweep,3077
sweep,3309
sweep,3113
sweep,2971
sweep,2903
sweep,3390
sweep,2746
sweep,3396
sweep,2376
sweep,2716
sweep,3883
sweep,2879
sweep,2701
sweep,3413
sweep,3101
sweep,3396
sweep,2738
sweep,2632
sweep,2725
sweep,5263
sweep,8882
sweep,8532
sweep,8821
sweep,8165
sweep,5842
sweep,7211
sweep,4031
sweep,4302
sweep,4954
sweep,6137
sweep,5460
sweep,5935
sweep,240
mark,1028852
sweep,4475
sweep,3865
sweep,4341
sweep,4170
sweep,3807
sweep,4202
sweep,3715
sweep,3118
sweep,2886
sweep,3156
sweep,3154
sweep,3164
sweep,2731
sweep,2779
sweep,2555
sweep,2717
sweep,3154
sweep,3057
sweep,2940
sweep,3869
sweep,2693
sweep,2476
sweep,3774
sweep,2475
sweep,3304
sweep,2107
sweep,3508
sweep,3953
sweep,4179
sweep,3361
sweep,3147
sweep,2993
sweep,3005
sweep,3131
sweep,2790
sweep,3319
sweep,3044
sweep,2968
sweep,2533
sweep,2693
sweep,3942
sweep,2661
sweep,2814
sweep,3204
sweep,2801
sweep,3404
sweep,2845
sweep,2471
sweep,2637
sweep,3617
sweep,3780
sweep,4145
sweep,4093
sweep,6102
sweep,7639
sweep,6384
sweep,8438
sweep,8436
sweep,8353
sweep,7522
sweep,7046
sweep,7246
sweep,829
mark,1029462
sweep,4709
sweep,4078
sweep,3940
sweep,4134
sweep,3872
sweep,4280
sweep,3832
sweep,3036
sweep,2898
sweep,3342
sweep,2983
sweep,2710
sweep,2761
sweep,2767
sweep,2806
sweep,2811
sweep,3209
sweep,2981
sweep,3135
sweep,3358
sweep,2413
sweep,2412
sweep,3974
sweep,2420
sweep,3412
sweep,1872
sweep,3393
sweep,3836
sweep,4971
sweep,3672
sweep,3086
sweep,3118
sweep,3193
sweep,3276
sweep,2810
sweep,3519
sweep,2679
sweep,3159
sweep,2557
sweep,2776
sweep,3808
sweep,2983
sweep,2671
sweep,3006
sweep,2945
sweep,3433
sweep,2635
sweep,2902
sweep,2607
sweep,5721
sweep,8433
sweep,9137
sweep,8933
sweep,8275
sweep,6020
sweep,6983
sweep,4111
sweep,4345
sweep,4940
sweep,6312
sweep,5836
sweep,5752
sweep,221
mark,1029765
sweep,4670
sweep,3850
sweep,4073
sweep,4286
sweep,3885
sweep,4350
sweep,3567
sweep,3081
sweep,2833
sweep,3310
sweep,3290
sweep,2841
sweep,2712
sweep,2977
sweep,2579
sweep,2766
sweep,3296
sweep,3086
sweep,2949
sweep,3365
sweep,2290
sweep,2625
sweep,3787
sweep,2743
sweep,3063
sweep,2009
sweep,3569
sweep,3631
sweep,4174
sweep,3341
sweep,3252
sweep,3321
sweep,2913
sweep,2993
sweep,2779
sweep,3277
sweep,2969
sweep,2986
sweep,2558
sweep,2697
sweep,4115
sweep,3222
sweep,2714
sweep,3028
sweep,2894
sweep,3402
sweep,2785
sweep,2431
sweep,2529
sweep,3835
sweep,3982
sweep,4030
sweep,4042
sweep,6043
sweep,7801
sweep,6104
sweep,8733
sweep,8365
sweep,8507
sweep,8373
sweep,7512
sweep,7587
sweep,784
mark,1028469
sweep,4863
sweep,3892
sweep,3914
sweep,4098
sweep,3798
sweep,4115
sweep,3592
sweep,3111
sweep,3088
sweep,3247
sweep,3019
sweep,2763
sweep,2650
sweep,2930
sweep,2641
sweep,2700
sweep,3727
sweep,2911
sweep,3365
sweep,3449
sweep,2348
sweep,2365
sweep,3902
sweep,2341
sweep,3200
sweep,1960
sweep,3607
sweep,3674
sweep,4568
sweep,4051
sweep,3140
sweep,3051
sweep,2811
sweep,3335
sweep,2724
sweep,3449
sweep,2862
sweep,3085
sweep,2482
sweep,3074
sweep,3762
sweep,2868
sweep,3000
sweep,3122
sweep,2926
sweep,3444
sweep,2720
sweep,2444
sweep,2516
sweep,5688
sweep,8404
sweep,8854
sweep,8545
sweep,7711
sweep,5659
sweep,7625
sweep,4200
sweep,4406
sweep,5025
sweep,6168
sweep,5794
sweep,5829
sweep,223
mark,1030150
sweep,4401
sweep,3926
sweep,4310
sweep,4514
sweep,3471
sweep,4195
sweep,3606
sweep,3470
sweep,2883
sweep,3536
sweep,3368
sweep,2901
sweep,2719
sweep,2922
sweep,2474
sweep,2900
sweep,3241
sweep,3172
sweep,3022
sweep,3409
sweep,2339
sweep,2491
sweep,4197
sweep,2305
sweep,3047
sweep,1889
sweep,3340
sweep,3999
sweep,4429
sweep,3632
sweep,3173
sweep,3116
sweep,2964
sweep,2991
sweep,2744
sweep,3247
sweep,3024
sweep,3012
sweep,2586
sweep,2935
sweep,3864
sweep,2654
sweep,2672
sweep,3077
sweep,3098
sweep,3579
sweep,2774
sweep,2551
sweep,2572
sweep,3765
sweep,3941
sweep,4075
sweep,4208
sweep,5816
sweep,8688
sweep,6657
sweep,9432
sweep,8080
sweep,8989
sweep,7540
sweep,7592
sweep,7468
sweep,800
mark,1041406
sweep,5054
sweep,3860
sweep,3879
sweep,3929
sweep,3682
sweep,4316
sweep,3943
sweep,3036
sweep,2759
sweep,3572
sweep,3207
sweep,2702
sweep,2815
sweep,2986
sweep,2650
sweep,2670
sweep,3576
sweep,3080
sweep,3147
sweep,3807
sweep,2362
sweep,2490
sweep,3704
sweep,2458
sweep,3152
sweep,1905
sweep,3504
sweep,3619
sweep,4294
sweep,3449
sweep,3250
sweep,2868
sweep,2885
sweep,2997
sweep,2798
sweep,3285
sweep,2776
sweep,3108
sweep,2640
sweep,2640
sweep,3647
sweep,3007
sweep,2675
sweep,3019
sweep,2763
sweep,3346
sweep,2922
sweep,2828
sweep,2525
sweep,5533
sweep,8710
sweep,8107
sweep,8735
sweep,7980
sweep,6562
sweep,7020
sweep,3948
sweep,4363
sweep,5134
sweep,6141
sweep,5609
sweep,5952
sweep,227
mark,1026612
sweep,4607
sweep,3944
sweep,3956
sweep,4585
sweep,3924
sweep,4380
sweep,3567
sweep,3019
sweep,2730
sweep,3420
sweep,3136
sweep,3028
sweep,2724
sweep,2842
sweep,2625
sweep,2955
sweep,3812
sweep,2914
sweep,3624
sweep,3476
sweep,2260
sweep,2870
sweep,3694
sweep,2563
sweep,3684
sweep,2067
sweep,3653
sweep,3630
sweep,4408
sweep,3378
sweep,3102
sweep,2887
sweep,2954
sweep,3340
sweep,2784
sweep,3474
sweep,2800
sweep,3083
sweep,2534
sweep,3206
sweep,3645
sweep,2812
sweep,2804
sweep,3005
sweep,2849
sweep,3438
sweep,2803
sweep,2551
sweep,2708
sweep,3588
sweep,4072
sweep,4202
sweep,4527
sweep,6266
sweep,7718
sweep,6048
sweep,9159
sweep,8237
sweep,8217
sweep,7420
sweep,7458
sweep,7729
sweep,836
mark,1044464
sweep,5132
sweep,4260
sweep,4418
sweep,4278
sweep,3633
sweep,4420
sweep,3874
sweep,3090
sweep,3190
sweep,3411
sweep,3020
sweep,3080
sweep,3170
sweep,2855
sweep,2717
sweep,2721
sweep,3663
sweep,3122
sweep,2992
sweep,3446
sweep,2317
sweep,2495
sweep,3872
sweep,2266
sweep,3213
sweep,1881
sweep,3571
sweep,3773
sweep,4581
sweep,3343
sweep,3015
sweep,3197
sweep,2980
sweep,3078
sweep,2707
sweep,3453
sweep,2930
sweep,3077
sweep,2476
sweep,2623
sweep,3862
sweep,2742
sweep,2674
sweep,3052
sweep,3334
sweep,3711
sweep,2652
sweep,2643
sweep,2437
sweep,5274
sweep,9179
sweep,8513
sweep,8591
sweep,8376
sweep,5769
sweep,6866
sweep,3916
sweep,4350
sweep,4533
sweep,6174
sweep,5572
sweep,6256
sweep,217
mark,1030740
sweep,4938
sweep,3878
sweep,4226
sweep,3954
sweep,3620
sweep,4445
sweep,3801
sweep,3388
sweep,2807
sweep,3073
sweep,3144
sweep,2710
sweep,2730
sweep,3208
sweep,2643
sweep,2952
sweep,3184
sweep,3333
sweep,3035
sweep,3787
sweep,2556
sweep,2584
sweep,4027
sweep,2772
sweep,3283
sweep,1879
sweep,3543
sweep,3897
sweep,4626
sweep,3336
sweep,3124
sweep,3361
sweep,2941
sweep,3137
sweep,2742
sweep,3166
sweep,2759
sweep,2993
sweep,2760
sweep,2958
sweep,3827
sweep,2835
sweep,2953
sweep,2901
sweep,2734
sweep,3902
sweep,2753
sweep,2446
sweep,2466
sweep,3602
sweep,3979
sweep,4260
sweep,4360
sweep,5703
sweep,7878
sweep,5897
sweep,8615
sweep,8157
sweep,8631
sweep,7286
sweep,7436
sweep,6933
sweep,835
mark,1031379
sweep,4516
sweep,3947
sweep,4203
sweep,3937
sweep,3878
sweep,4389
sweep,3939
sweep,3383
sweep,2933
sweep,3638
sweep,2983
sweep,2965
sweep,2605
sweep,2864
sweep,2599
sweep,2722
sweep,3258
sweep,2966
sweep,3057
sweep,3540
sweep,2601
sweep,2626
sweep,3915
sweep,2659
sweep,3747
sweep,2162
sweep,3751
sweep,3901
sweep,4896
sweep,3751
sweep,3196
sweep,3048
sweep,2904
sweep,2999
sweep,2824
sweep,3578
sweep,3050
sweep,3431
sweep,2774
sweep,3247
sweep,3794
sweep,3053
sweep,2759
sweep,2920
sweep,3071
sweep,3212
sweep,2870
sweep,2585
sweep,2568
sweep,5649
sweep,8860
sweep,8482
sweep,8749
sweep,7764
sweep,5618
sweep,6728
sweep,4022
sweep,4601
sweep,4840
sweep,6062
sweep,5595
sweep,6425
sweep,223
mark,1044449
sweep,4555
sweep,3862
sweep,4294
sweep,4188
sweep,4004
sweep,4076
sweep,3757
sweep,3003
sweep,2781
sweep,3198
sweep,3204
sweep,3476
sweep,3044
sweep,2767
sweep,3193
sweep,2752
sweep,3688
sweep,3320
sweep,3252
sweep,3276
sweep,2618
sweep,2523
sweep,4275
sweep,2455
sweep,3522
sweep,1993
sweep,3780
sweep,4362
sweep,4844
sweep,3596
sweep,3420
sweep,3195
sweep,2714
sweep,3186
sweep,2785
sweep,3099
sweep,3090
sweep,3377
sweep,2554
sweep,2648
sweep,3822
sweep,2994
sweep,2911
sweep,2945
sweep,2888
sweep,3283
sweep,2557
sweep,2546
sweep,2478
sweep,3525
sweep,3786
sweep,4263
sweep,4208
sweep,6079
sweep,7969
sweep,6187
sweep,8463
sweep,8464
sweep,8531
sweep,8358
sweep,7682
sweep,7288
sweep,837
mark,1033010
sweep,4714
sweep,3953
sweep,4514
sweep,3998
sweep,3846
sweep,4087
sweep,3589
sweep,3634
sweep,3108
sweep,3391
sweep,3011
sweep,2746
sweep,2984
sweep,2905
sweep,2634
sweep,3049
sweep,3488
sweep,3136
sweep,3092
sweep,3539
sweep,2427
sweep,2503
sweep,4417
sweep,2473
sweep,3663
sweep,2549
sweep,3631
sweep,4200
sweep,4345
sweep,3508
sweep,3269
sweep,3015
sweep,2880
sweep,2948
sweep,2754
sweep,3388
sweep,2906
sweep,3066
sweep,2727
sweep,2763
sweep,3722
sweep,2598
sweep,2714
sweep,2884
sweep,2788
sweep,3672
sweep,2742
sweep,2530
sweep,2483
sweep,5527
sweep,8704
sweep,8863
sweep,8748
sweep,7932
sweep,6358
sweep,6917
sweep,3991
sweep,4499
sweep,4856
sweep,6075
sweep,5968
sweep,5816
sweep,241
mark,1024685
sweep,4611
sweep,4401
sweep,4353
sweep,4481
sweep,3654
sweep,4404
sweep,3587
sweep,3107
sweep,3119
sweep,3589
sweep,3381
sweep,2713
sweep,2806
sweep,3234
sweep,2732
sweep,2755
sweep,3432
sweep,2892
sweep,3181
sweep,3638
sweep,2617
sweep,2411
sweep,4011
sweep,2340
sweep,3565
sweep,2210
sweep,3396
sweep,3691
sweep,4351
sweep,3161
sweep,3036
sweep,3119
sweep,3121
sweep,2977
sweep,2801
sweep,3230
sweep,2877
sweep,3209
sweep,2615
sweep,3085
sweep,3775
sweep,2796
sweep,2621
sweep,2957
sweep,2734
sweep,3426
sweep,2986
sweep,2543
sweep,2692
sweep,3811
sweep,4245
sweep,4388
sweep,4120
sweep,5752
sweep,8906
sweep,6513
sweep,8600
sweep,8536
sweep,8600
sweep,8094
sweep,7570
sweep,7544
sweep,870
mark,1028200
sweep,4551
sweep,3865
sweep,3883
sweep,4282
sweep,3595
sweep,4479
sweep,3948
sweep,3164
sweep,2938
sweep,3380
sweep,2939
sweep,2720
sweep,3029
sweep,3104
sweep,2660
sweep,2695
sweep,3374
sweep,3116
sweep,2916
sweep,3709
sweep,2616
sweep,2442
sweep,4060
sweep,2400
sweep,3399
sweep,1958
sweep,3734
sweep,3761
sweep,4451
sweep,3359
sweep,3270
sweep,3218
sweep,2909
sweep,3085
sweep,2827
sweep,3519
sweep,2802
sweep,3211
sweep,2428
sweep,2717
sweep,3897
sweep,2899
sweep,2718
sweep,2975
sweep,2856
sweep,3404
sweep,3075
sweep,2806
sweep,2433
sweep,5873
sweep,8505
sweep,9047
sweep,8406
sweep,7649
sweep,6104
sweep,6935
sweep,4228
sweep,4230
sweep,5051
sweep,6288
sweep,5938
sweep,6024
sweep,233
mark,1025381
sweep,4809
sweep,4155
sweep,4322
sweep,4102
sweep,3561
sweep,4295
sweep,3830
sweep,3098
sweep,3166
sweep,3197
sweep,3146
sweep,2815
sweep,5711
sweep,2756
sweep,2565
sweep,2855
sweep,3280
sweep,2911
sweep,2962
sweep,3371
sweep,2302
sweep,2563
sweep,4002
sweep,2464
sweep,3041
sweep,1925
sweep,3358
sweep,4013
sweep,4233
sweep,3544
sweep,3328
sweep,3382
sweep,2942
sweep,3034
sweep,2875
sweep,3426
sweep,2718
sweep,3479
sweep,2621
sweep,3127
sweep,3897
sweep,2648
sweep,3005
sweep,2984
sweep,2809
sweep,3394
sweep,2803
sweep,2596
sweep,2524
sweep,3829
sweep,4123
sweep,4320
sweep,4280
sweep,5942
sweep,8669
sweep,6298
sweep,8773
sweep,8124
sweep,8971
sweep,7549
sweep,7609
sweep,7130
sweep,838
mark,1028518
sweep,4906
sweep,4268
sweep,3999
sweep,4173
sweep,3556
sweep,4005
sweep,3611
sweep,3164
sweep,3133
sweep,3227
sweep,3115
sweep,2763
sweep,3121
sweep,2859
sweep,2827
sweep,2993
sweep,3327
sweep,3080
sweep,2950
sweep,3374
sweep,2399
sweep,2507
sweep,3846
sweep,2475
sweep,3324
sweep,2066
sweep,3443
sweep,3630
sweep,4404
sweep,3603
sweep,3007
sweep,3053
sweep,2935
sweep,2946
sweep,3154
sweep,3286
sweep,2832
sweep,3300
sweep,2704
sweep,2908
sweep,3784
sweep,2646
sweep,2633
sweep,2807
sweep,3276
sweep,3754
sweep,2800
sweep,2536
sweep,2752
sweep,5473
sweep,8983
sweep,8567
sweep,8531
sweep,8101
sweep,5672
sweep,6779
sweep,4103
sweep,4577
sweep,4760
sweep,6159
sweep,5580
sweep,5762
sweep,238
mark,1038491
sweep,4437
sweep,3935
sweep,3902
sweep,4253
sweep,3568
sweep,4295
sweep,3491
sweep,3007
sweep,2914
sweep,3165
sweep,3270
sweep,2820
sweep,2770
sweep,3354
sweep,2636
sweep,2756
sweep,3553
sweep,3291
sweep,3063
sweep,3897
sweep,2369
sweep,2509
sweep,3895
sweep,2639
sweep,3709
sweep,2093
sweep,3573
sweep,4147
sweep,4526
sweep,3372
sweep,3089
sweep,3467
sweep,2909
sweep,3277
sweep,2727
sweep,3707
sweep,3047
sweep,3307
sweep,2480
sweep,2998
sweep,4049
sweep,3040
sweep,2898
sweep,3002
sweep,3316
sweep,3704
sweep,2821
sweep,2518
sweep,2438
sweep,3817
sweep,4666
sweep,3944
sweep,4349
sweep,5766
sweep,8129
sweep,6396
sweep,8692
sweep,8319
sweep,8440
sweep,8134
sweep,7718
sweep,7267
sweep,792
mark,1027309
sweep,4891
sweep,4013
sweep,3929
sweep,4095
sweep,3589
sweep,4381
sweep,3535
sweep,3169
sweep,2860
sweep,3150
sweep,2928
sweep,2794
sweep,2760
sweep,2813
sweep,2665
sweep,2756
sweep,3428
sweep,3031
sweep,3165
sweep,3435
sweep,2672
sweep,2547
sweep,3704
sweep,2771
sweep,3091
sweep,2308
sweep,3491
sweep,4005
sweep,4717
sweep,3626
sweep,3164
sweep,3176
sweep,2998
sweep,3078
sweep,2836
sweep,3137
sweep,2764
sweep,3065
sweep,2689
sweep,2777
sweep,3701
sweep,3006
sweep,2766
sweep,3099
sweep,2858
sweep,3402
sweep,2747
sweep,2553
sweep,2520
sweep,5865
sweep,8726
sweep,8828
sweep,8936
sweep,8409
sweep,6241
sweep,7492
sweep,4301
sweep,4565
sweep,4610
sweep,5988
sweep,5520
sweep,5921
sweep,231
mark,1025488
sweep,4661
sweep,4326
sweep,4219
sweep,4218
sweep,3453
sweep,4211
sweep,3728
sweep,3080
sweep,3091
sweep,3169
sweep,3089
sweep,2727
sweep,2936
sweep,2931
sweep,2981
sweep,2781
sweep,3511
sweep,3044
sweep,3012
sweep,3669
sweep,2518
sweep,2535
sweep,3993
sweep,2319
sweep,3041
sweep,2223
sweep,3628
sweep,3574
sweep,4398
sweep,3372
sweep,3415
sweep,3258
sweep,2927
sweep,2981
sweep,2892
sweep,3375
sweep,2984
sweep,3204
sweep,2567
sweep,2625
sweep,3768
sweep,3048
sweep,2769
sweep,3156
sweep,2805
sweep,3700
sweep,2662
sweep,2661
sweep,2528
sweep,3573
sweep,4263
sweep,4042
sweep,4032
sweep,6115
sweep,8150
sweep,6449
sweep,8148
sweep,8268
sweep,8548
sweep,8139
sweep,7357
sweep,7493
sweep,828
mark,1027561
sweep,4816
sweep,4339
sweep,4171
sweep,4126
sweep,3511
sweep,4081
sweep,3586
sweep,3292
sweep,2825
sweep,3231
sweep,2907
sweep,2729
sweep,2993
sweep,3045
sweep,2741
sweep,2637
sweep,3419
sweep,3067
sweep,3038
sweep,3420
sweep,2374
sweep,2484
sweep,3924
sweep,2339
sweep,3174
sweep,1924
sweep,3500
sweep,3744
sweep,4460
sweep,3613
sweep,3087
sweep,3153
sweep,3005
sweep,2977
sweep,2816
sweep,3156
sweep,2987
sweep,2996
sweep,2559
sweep,2605
sweep,4030
sweep,2806
sweep,2740
sweep,3280
sweep,2927
sweep,3932
sweep,2798
sweep,2494
sweep,2529
sweep,5617
sweep,8903
sweep,8451
sweep,8623
sweep,8220
sweep,6721
sweep,7061
sweep,3982
sweep,4763
sweep,4760
sweep,5905
sweep,5962
sweep,5925
sweep,236
mark,1030733
sweep,4444
sweep,3913
sweep,4174
sweep,4124
sweep,3442
sweep,4279
sweep,3809
sweep,3382
sweep,2791
sweep,3137
sweep,3064
sweep,2824
sweep,2937
sweep,2917
sweep,2836
sweep,2606
sweep,3212
sweep,2953
sweep,3234
sweep,3393
sweep,2298
sweep,2584
sweep,3928
sweep,2372
sweep,3137
sweep,1917
sweep,3402
sweep,3593
sweep,4648
sweep,3467
sweep,3050
sweep,2943
sweep,2987
sweep,3107
sweep,2935
sweep,3206
sweep,3124
sweep,3327
sweep,2569
sweep,3126
sweep,3977
sweep,2971
sweep,2730
sweep,2968
sweep,3123
sweep,3644
sweep,2664
sweep,2548
sweep,2514
sweep,3717
sweep,3787
sweep,4130
sweep,4174
sweep,6013
sweep,8223
sweep,6591
sweep,8650
sweep,8435
sweep,8700
sweep,8119
sweep,7308
sweep,7658
sweep,830
mark,1029023
sweep,5078
sweep,4031
sweep,4015
sweep,3992
sweep,3999
sweep,4319
sweep,3668
sweep,3237
sweep,3141
sweep,3447
sweep,3301
sweep,2965
sweep,2786
sweep,2817
sweep,3164
sweep,2815
sweep,3425
sweep,3113
sweep,3388
sweep,3545
sweep,2326
sweep,2445
sweep,3699
sweep,2296
sweep,3155
sweep,2055
sweep,3407
sweep,3603
sweep,4160
sweep,3510
sweep,3298
sweep,2977
sweep,2948
sweep,2965
sweep,2767
sweep,3297
sweep,2799
sweep,3061
sweep,2698
sweep,2917
sweep,3958
sweep,2693
sweep,2976
sweep,3376
sweep,2920
sweep,3713
sweep,2668
sweep,2503
sweep,2827
sweep,5401
sweep,8761
sweep,8647
sweep,8408
sweep,7621
sweep,6194
sweep,6984
sweep,4157
sweep,4575
sweep,4802
sweep,6189
sweep,5655
sweep,5807
sweep,244
mark,1031873
sweep,4962
sweep,4161
sweep,4326
sweep,4362
sweep,3517
sweep,4080
sweep,3891
sweep,3089
sweep,2732
sweep,3742
sweep,3185
sweep,3080
sweep,2715
sweep,2835
sweep,2550
sweep,2712
sweep,3284
sweep,3166
sweep,3018
sweep,3646
sweep,2324
sweep,2553
sweep,4020
sweep,2379
sweep,3349
sweep,1864
sweep,3438
sweep,3650
sweep,4455
sweep,3437
sweep,3108
sweep,3196
sweep,2954
sweep,2967
sweep,2829
sweep,3564
sweep,2813
sweep,3148
sweep,2488
sweep,3082
sweep,3994
sweep,3094
sweep,2674
sweep,3078
sweep,3071
sweep,3610
sweep,2815
sweep,2649
sweep,2465
sweep,3601
sweep,3990
sweep,3978
sweep,4181
sweep,5960
sweep,8830
sweep,6378
sweep,8404
sweep,8207
sweep,8492
sweep,7615
sweep,7263
sweep,7021
sweep,819
mark,1028464
sweep,4593
sweep,4184
sweep,3941
sweep,4000
sweep,3574
sweep,4441
sweep,3835
sweep,3199
sweep,3064
sweep,3269
sweep,3372
sweep,2894
sweep,2722
sweep,3072
sweep,2845
sweep,2654
sweep,3448
sweep,2946
sweep,2946
sweep,3226
sweep,2356
sweep,2487
sweep,3758
sweep,2575
sweep,3113
sweep,1940
sweep,3660
sweep,3819
sweep,4562
sweep,3842
sweep,3339
sweep,3276
sweep,2957
sweep,3143
sweep,3012
sweep,3276
sweep,2762
sweep,3170
sweep,2547
sweep,2730
sweep,3774
sweep,2643
sweep,3215
sweep,3235
sweep,2813
sweep,3689
sweep,2767
sweep,2781
sweep,2416
sweep,5495
sweep,8749
sweep,8620
sweep,8435
sweep,8155
sweep,6403
sweep,7041
sweep,4218
sweep,4353
sweep,4815
sweep,6299
sweep,5875
sweep,6240
sweep,500
mark,1029907
sweep,4727
sweep,4189
sweep,4398
sweep,4298
sweep,3902
sweep,4027
sweep,3660
sweep,3163
sweep,2726
sweep,3006
sweep,3198
sweep,2734
sweep,2638
sweep,3233
sweep,2918
sweep,2616
sweep,3355
sweep,3330
sweep,2957
sweep,3792
sweep,2585
sweep,2440
sweep,4066
sweep,2340
sweep,3163
sweep,1858
sweep,3516
sweep,3652
sweep,4149
sweep,3763
sweep,3073
sweep,3180
sweep,2870
sweep,3128
sweep,2768
sweep,3392
sweep,3129
sweep,3312
sweep,2625
sweep,2670
sweep,3885
sweep,2788
sweep,3016
sweep,3171
sweep,3071
sweep,3418
sweep,3192
sweep,2687
sweep,2446
sweep,3511
sweep,3969
sweep,4039
sweep,4105
sweep,5450
sweep,8270
sweep,6540
sweep,8510
sweep,8658
sweep,8890
sweep,8579
sweep,7749
sweep,7014
sweep,835
mark,1036054
sweep,5232
sweep,4214
sweep,3897
sweep,4013
sweep,3827
sweep,4119
sweep,3652
sweep,3114
sweep,2848
sweep,3215
sweep,3315
sweep,2786
sweep,2952
sweep,2938
sweep,3027
sweep,2971
sweep,3514
sweep,3535
sweep,3060
sweep,3623
sweep,2326
sweep,2345
sweep,4045
sweep,2568
sweep,3150
sweep,1884
sweep,3413
sweep,3603
sweep,4220
sweep,3362
sweep,3474
sweep,3065
sweep,3142
sweep,3057
sweep,3101
sweep,3174
sweep,2971
sweep,3210
sweep,2730
sweep,2640
sweep,3628
sweep,2818
sweep,2642
sweep,3037
sweep,3043
sweep,3422
sweep,2968
sweep,2667
sweep,2402
sweep,5611
sweep,8610
sweep,8914
sweep,9042
sweep,7574
sweep,6005
sweep,7163
sweep,4047
sweep,4617
sweep,4812
sweep,6200
sweep,5858
sweep,6022
sweep,223
mark,1029684
sweep,4571
sweep,3880
sweep,3976
sweep,4291
sweep,3632
sweep,4044
sweep,3622
sweep,3499
sweep,2921
sweep,3080
sweep,3176
sweep,2896
sweep,2961
sweep,3047
sweep,2688
sweep,2687
sweep,3256
sweep,2903
sweep,3001
sweep,3771
sweep,2657
sweep,2532
sweep,4102
sweep,2369
sweep,3137
sweep,1899
sweep,3394
sweep,3683
sweep,4202
sweep,3624
sweep,3123
sweep,3379
sweep,3100
sweep,3267
sweep,2879
sweep,3291
sweep,2764
sweep,3086
sweep,2764
sweep,2689
sweep,3777
sweep,2910
sweep,2665
sweep,3077
sweep,2774
sweep,3496
sweep,2784
sweep,2523
sweep,2772
sweep,3573
sweep,4198
sweep,4372
sweep,4412
sweep,6721
sweep,7968
sweep,6899
sweep,8940
sweep,9074
sweep,8891
sweep,7175
sweep,7368
sweep,7121
sweep,824
mark,1048047
sweep,4809
sweep,4350
sweep,4245
sweep,4199
sweep,3536
sweep,4161
sweep,3604
sweep,3081
sweep,3103
sweep,3395
sweep,2963
sweep,2742
sweep,2723
sweep,2854
sweep,3047
sweep,3007
sweep,3431
sweep,3004
sweep,3050
sweep,4038
sweep,2412
sweep,2489
sweep,4008
sweep,2720
sweep,3144
sweep,2113
sweep,3694
sweep,3718
sweep,12782
sweep,3490
sweep,3079
sweep,3276
sweep,2866
sweep,3053
sweep,2893
sweep,3544
sweep,2684
sweep,3036
sweep,2966
sweep,2645
sweep,3722
sweep,2552
sweep,2839
sweep,2881
sweep,3019
sweep,3659
sweep,2809
sweep,2585
sweep,2639
sweep,5656
sweep,8914
sweep,9216
sweep,8708
sweep,8008
sweep,6090
sweep,7069
sweep,4048
sweep,4485
sweep,4849
sweep,6025
sweep,5747
sweep,6321
sweep,244
mark,1042899
sweep,5011
sweep,3975
sweep,3991
sweep,4043
sweep,3663
sweep,4010
sweep,3877
sweep,3181
sweep,3123
sweep,3002
sweep,3053
sweep,2745
sweep,3072
sweep,2769
sweep,2912
sweep,2681
sweep,3373
sweep,2966
sweep,3157
sweep,3430
sweep,2338
sweep,2470
sweep,4030
sweep,2444
sweep,3163
sweep,2325
sweep,3539
sweep,3681
sweep,4362
sweep,3351
sweep,3257
sweep,3220
sweep,2928
sweep,3070
sweep,3099
sweep,3436
sweep,2833
sweep,3001
sweep,2811
sweep,2629
sweep,3717
sweep,2773
sweep,2945
sweep,3075
sweep,2838
sweep,3668
sweep,2872
sweep,2608
sweep,2655
sweep,3326
sweep,5058
sweep,4346
sweep,4036
sweep,6120
sweep,7742
sweep,6484
sweep,8567
sweep,8522
sweep,8348
sweep,8184
sweep,7412
sweep,7596
sweep,835
mark,1052847
sweep,4872
sweep,3864
sweep,4067
sweep,3978
sweep,3735
sweep,4098
sweep,3609
sweep,2991
sweep,3039
sweep,3570
sweep,3081
sweep,3019
sweep,2644
sweep,2751
sweep,2601
sweep,2761
sweep,3211
sweep,2876
sweep,3252
sweep,3446
sweep,2395
sweep,2553
sweep,3771
sweep,2270
sweep,3196
sweep,1951
sweep,3625
sweep,3641
sweep,4333
sweep,3879
sweep,3347
sweep,2985
sweep,2905
sweep,3079
sweep,2825
sweep,3275
sweep,2808
sweep,3095
sweep,2798
sweep,3033
sweep,3843
sweep,2885
sweep,3101
sweep,2959
sweep,2824
sweep,3553
sweep,2662
sweep,2497
sweep,2516
sweep,5417
sweep,8745
sweep,8549
sweep,8510
sweep,7722
sweep,5968
sweep,6942
sweep,4076
sweep,4374
sweep,4962
sweep,6104
sweep,5919
sweep,5821
sweep,236
mark,1037836
sweep,4632
sweep,3815
sweep,4433
sweep,4319
sweep,3466
sweep,4008
sweep,3766
sweep,3367
sweep,3107
sweep,3077
sweep,3088
sweep,2737
sweep,2725
sweep,2959
sweep,2645
sweep,2588
sweep,3146
sweep,3087
sweep,3106
sweep,3490
sweep,2428
sweep,3083
sweep,3975
sweep,2425
sweep,3398
sweep,2145
sweep,3704
sweep,3739
sweep,4312
sweep,3367
sweep,3186
sweep,3283
sweep,2928
sweep,3253
sweep,2830
sweep,3189
sweep,2771
sweep,3096
sweep,2645
sweep,3167
sweep,3705
sweep,2725
sweep,2895
sweep,3149
sweep,2845
sweep,3386
sweep,2648
sweep,2402
sweep,2783
sweep,3397
sweep,4294
sweep,4368
sweep,4367
sweep,6229
sweep,7517
sweep,6151
sweep,8666
sweep,8293
sweep,8505
sweep,8319
sweep,7380
sweep,7699
sweep,833
mark,1055240
sweep,4968
sweep,4376
sweep,4301
sweep,4229
sweep,3774
sweep,4340
sweep,3875
sweep,3139
sweep,2842
sweep,3125
sweep,3137
sweep,2772
sweep,2718
sweep,2800
sweep,2684
sweep,2718
sweep,3262
sweep,3191
sweep,2889
sweep,3412
sweep,2574
sweep,2408
sweep,3718
sweep,2461
sweep,3605
sweep,2168
sweep,3418
sweep,3653
sweep,4157
sweep,3434
sweep,3139
sweep,2904
sweep,3010
sweep,3128
sweep,2872
sweep,3428
sweep,3032
sweep,3349
sweep,2568
sweep,2666
sweep,3877
sweep,2683
sweep,3112
sweep,2779
sweep,2926
sweep,3530
sweep,2779
sweep,2495
sweep,2805
sweep,5617
sweep,9007
sweep,9091
sweep,8601
sweep,8005
sweep,6070
sweep,6908
sweep,3961
sweep,4264
sweep,5122
sweep,6288
sweep,5845
sweep,5697
sweep,216
mark,1031822
sweep,4609
sweep,4230
sweep,3873
sweep,3975
sweep,3633
sweep,4294
sweep,3618
sweep,3114
sweep,2838
sweep,3267
sweep,3132
sweep,3042
sweep,2934
sweep,3090
sweep,2844
sweep,2720
sweep,3171
sweep,3064
sweep,2957
sweep,3724
sweep,2581
sweep,2562
sweep,3824
sweep,2448
sweep,3078
sweep,2111
sweep,3510
sweep,3584
sweep,4371
sweep,3308
sweep,3079
sweep,3030
sweep,3284
sweep,3018
sweep,2733
sweep,3115
sweep,3001
sweep,3213
sweep,2609
sweep,2751
sweep,3786
sweep,3186
sweep,2751
sweep,3423
sweep,2779
sweep,3407
sweep,2756
sweep,2654
sweep,2615
sweep,3857
sweep,4035
sweep,4197
sweep,4255
sweep,6362
sweep,7813
sweep,6465
sweep,8460
sweep,8404
sweep,8482
sweep,7471
sweep,7335
sweep,7086
sweep,839
mark,1034751
sweep,5463
sweep,4151
sweep,3843
sweep,4044
sweep,3567
sweep,4473
sweep,3709
sweep,3463
sweep,3027
sweep,3589
sweep,3120
sweep,3038
sweep,2631
sweep,3102
sweep,2510
sweep,2661
sweep,3592
sweep,2991
sweep,2847
sweep,3849
sweep,2346
sweep,2297
sweep,3787
sweep,2726
sweep,3150
sweep,1945
sweep,3675
sweep,3707
sweep,4547
sweep,3989
sweep,3341
sweep,3011
sweep,2947
sweep,3251
sweep,2825
sweep,3192
sweep,2967
sweep,3045
sweep,2855
sweep,2750
sweep,3959
sweep,2812
sweep,2988
sweep,3394
sweep,3037
sweep,3456
sweep,2681
sweep,2643
sweep,2419
sweep,5711
sweep,8957
sweep,8758
sweep,8503
sweep,8286
sweep,6401
sweep,7400
sweep,4246
sweep,4462
sweep,4862
sweep,6308
sweep,5837
sweep,5853
sweep,226
mark,1028746
sweep,4835
sweep,4478
sweep,4414
sweep,4188
sweep,3851
sweep,3932
sweep,3855
sweep,3173
sweep,2884
sweep,3173
sweep,3073
sweep,3022
sweep,2657
sweep,3014
sweep,2495
sweep,2754
sweep,3513
sweep,3023
sweep,2990
sweep,3343
sweep,2336
sweep,2609
sweep,4061
sweep,2437
sweep,3075
sweep,1925
sweep,3369
sweep,3752
sweep,4195
sweep,3302
sweep,3465
sweep,3096
sweep,2985
sweep,3016
sweep,3203
sweep,3183
sweep,2908
sweep,3053
sweep,2762
sweep,2626
sweep,3778
sweep,2829
sweep,3012
sweep,3126
sweep,2884
sweep,3414
sweep,3116
sweep,2548
sweep,2436
sweep,3608
sweep,4134
sweep,4088
sweep,4141
sweep,5909
sweep,7788
sweep,6174
sweep,8509
sweep,8363
sweep,8307
sweep,7285
sweep,7210
sweep,7126
sweep,834
mark,1052481
sweep,4749
sweep,4029
sweep,4270
sweep,3919
sweep,4095
sweep,4020
sweep,3981
sweep,3440
sweep,3081
sweep,3212
sweep,2994
sweep,2948
sweep,2624
sweep,2731
sweep,2861
sweep,2714
sweep,3239
sweep,2900
sweep,3062
sweep,3855
sweep,2555
sweep,2355
sweep,3766
sweep,2387
sweep,3213
sweep,1913
sweep,3616
sweep,3700
sweep,4318
sweep,3721
sweep,3105
sweep,3064
sweep,3133
sweep,2992
sweep,3168
sweep,3206
sweep,3358
sweep,3229
sweep,2814
sweep,2990
sweep,3868
sweep,2777
sweep,3236
sweep,2969
sweep,3050
sweep,3432
sweep,2882
sweep,2489
sweep,2471
sweep,5340
sweep,8381
sweep,8765
sweep,8555
sweep,7440
sweep,6196
sweep,7056
sweep,3979
sweep,4460
sweep,4847
sweep,6228
sweep,5856
sweep,5747
sweep,232
mark,1083600
sweep,5033
sweep,4000
sweep,4376
sweep,4191
sweep,3812
sweep,3920
sweep,3639
sweep,3226
sweep,2824
sweep,3111
sweep,3181
sweep,2755
sweep,2990
sweep,3097
sweep,2538
sweep,2584
sweep,3447
sweep,2875
sweep,2945
sweep,3431
sweep,2347
sweep,2470
sweep,3775
sweep,2406
sweep,3078
sweep,2213
sweep,3567
sweep,3661
sweep,4373
sweep,3568
sweep,3162
sweep,3354
sweep,2908
sweep,3136
sweep,2798
sweep,3292
sweep,2809
sweep,3258
sweep,2491
sweep,2842
sweep,3901
sweep,2575
sweep,2776
sweep,2958
sweep,2811
sweep,3431
sweep,2648
sweep,2520
sweep,2500
sweep,3489
sweep,3886
sweep,4177
sweep,4132
sweep,6062
sweep,7792
sweep,6077
sweep,9491
sweep,8594
sweep,8234
sweep,7577
sweep,7535
sweep,7697
sweep,800
mark,1036116
sweep,4860
sweep,4126
sweep,3969
sweep,4107
sweep,3853
sweep,4182
sweep,3903
sweep,3414
sweep,3108
sweep,3282
sweep,2979
sweep,3034
sweep,2667
sweep,3268
sweep,2641
sweep,2737
sweep,3307
sweep,3262
sweep,3037
sweep,3544
sweep,2350
sweep,2729
sweep,3709
sweep,2452
sweep,3197
sweep,1978
sweep,3430
sweep,3617
sweep,4635
sweep,4001
sweep,3046
sweep,3011
sweep,2856
sweep,3102
sweep,2844
sweep,3176
sweep,2718
sweep,3018
sweep,2543
sweep,2597
sweep,3582
sweep,2669
sweep,3083
sweep,2714
sweep,3086
sweep,3408
sweep,2684
sweep,2580
sweep,2492
sweep,5714
sweep,9000
sweep,8630
sweep,8328
sweep,7949
sweep,5909
sweep,7444
sweep,4080
sweep,4333
sweep,4866
sweep,5785
sweep,5854
sweep,5772
sweep,228
mark,1027131
sweep,4803
sweep,3830
sweep,4139
sweep,3947
sweep,3527
sweep,3896
sweep,3888
sweep,3119
sweep,2809
sweep,3337
sweep,3098
sweep,2857
sweep,2875
sweep,2770
sweep,2644
sweep,2711
sweep,3226
sweep,2947
sweep,3008
sweep,3292
sweep,2426
sweep,2516
sweep,4001
sweep,2537
sweep,3156
sweep,2095
sweep,3304
sweep,3599
sweep,4368
sweep,3466
sweep,3185
sweep,2896
sweep,2971
sweep,3042
sweep,2955
sweep,3559
sweep,2769
sweep,3238
sweep,2692
sweep,2704
sweep,3729
sweep,2635
sweep,2916
sweep,3103
sweep,3025
sweep,3620
sweep,2920
sweep,2469
sweep,2541
sweep,3742
sweep,4037
sweep,3972
sweep,4182
sweep,6103
sweep,7513
sweep,6036
sweep,8708
sweep,8324
sweep,8788
sweep,8115
sweep,7470
sweep,7655
sweep,823
mark,1032852
sweep,4602
sweep,3883
sweep,4001
sweep,4152
sweep,3913
sweep,4064
sweep,3484
sweep,3291
sweep,2879
sweep,3519
sweep,3292
sweep,3240
sweep,2704
sweep,2773
sweep,2713
sweep,2664
sweep,3313
sweep,3367
sweep,2987
sweep,3380
sweep,2386
sweep,2625
sweep,4234
sweep,2674
sweep,3266
sweep,2225
sweep,3508
sweep,3977
sweep,4628
sweep,3854
sweep,3041
sweep,3211
sweep,3176
sweep,3066
sweep,2914
sweep,3133
sweep,2746
sweep,3120
sweep,2683
sweep,2977
sweep,3741
sweep,2998
sweep,2687
sweep,3092
sweep,3053
sweep,3341
sweep,2977
sweep,2504
sweep,2676
sweep,5377
sweep,9011
sweep,8629
sweep,8415
sweep,8345
sweep,5765
sweep,7397
sweep,3982
sweep,4625
sweep,4261
sweep,6166
sweep,5571
sweep,5820
sweep,236
mark,1027320
sweep,4728
sweep,3738
sweep,4453
sweep,4314
sweep,3691
sweep,4016
sweep,3650
sweep,3053
sweep,2865
sweep,3516
sweep,3421
sweep,2805
sweep,2699
sweep,2786
sweep,3067
sweep,2758
sweep,3231
sweep,3114
sweep,3172
sweep,3772
sweep,2668
sweep,2417
sweep,4127
sweep,2711
sweep,3288
sweep,1872
sweep,3469
sweep,3635
sweep,4179
sweep,3324
sweep,3038
sweep,3029
sweep,2901
sweep,3020
sweep,2800
sweep,3682
sweep,2739
sweep,3249
sweep,2565
sweep,2636
sweep,3794
sweep,3306
sweep,2681
sweep,3027
sweep,2820
sweep,3675
sweep,2750
sweep,2510
sweep,2498
sweep,3892
sweep,4098
sweep,3951
sweep,4307
sweep,5595
sweep,8460
sweep,6591
sweep,9089
sweep,8518
sweep,8337
sweep,7130
sweep,7182
sweep,7162
sweep,747
mark,1037633
sweep,4968
sweep,4076
sweep,3890
sweep,4404
sweep,3649
sweep,4186
sweep,3631
sweep,3263
sweep,3125
sweep,3408
sweep,2897
sweep,3334
sweep,2957
sweep,2902
sweep,2841
sweep,2711
sweep,3316
sweep,2969
sweep,3059
sweep,3437
sweep,2467
sweep,2363
sweep,4049
sweep,2424
sweep,3221
sweep,2263
sweep,3636
sweep,3895
sweep,4149
sweep,3509
sweep,3559
sweep,3060
sweep,2849
sweep,2999
sweep,2893
sweep,3517
sweep,3102
sweep,3329
sweep,2812
sweep,2814
sweep,3771
sweep,2683
sweep,2885
sweep,2968
sweep,2827
sweep,3411
sweep,3038
sweep,2455
sweep,2702
sweep,5367
sweep,8767
sweep,8617
sweep,13782
sweep,8065
sweep,6492
sweep,7378
sweep,3993
sweep,4216
sweep,5318
sweep,6239
sweep,5888
sweep,5811
sweep,216
mark,1024028
sweep,4784
sweep,4432
sweep,4186
sweep,3929
sweep,3506
sweep,4090
sweep,3490
sweep,3270
sweep,3145
sweep,3775
sweep,3400
sweep,2993
sweep,2675
sweep,2823
sweep,2584
sweep,2672
sweep,3417
sweep,3215
sweep,2915
sweep,3462
sweep,2376
sweep,2540
sweep,4200
sweep,2251
sweep,3335
sweep,2314
sweep,3426
sweep,3685
sweep,4231
sweep,3375
sweep,3284
sweep,3495
sweep,2902
sweep,3312
sweep,2917
sweep,3360
sweep,2689
sweep,3103
sweep,2495
sweep,2631
sweep,3868
sweep,3174
sweep,2587
sweep,3078
sweep,3002
sweep,3406
sweep,3094
sweep,2565
sweep,2479
sweep,3497
sweep,4013
sweep,4090
sweep,4133
sweep,5666
sweep,8358
sweep,6466
sweep,8922
sweep,8416
sweep,8783
sweep,7977
sweep,7134
sweep,7675
sweep,833
mark,1028922
sweep,4545
sweep,4259
sweep,3895
sweep,4213
sweep,3944
sweep,4244
sweep,3947
sweep,3377
sweep,3257
sweep,3206
sweep,3036
sweep,2691
sweep,2776
sweep,3071
sweep,2594
sweep,2756
sweep,3287
sweep,3205
sweep,3107
sweep,3341
sweep,2532
sweep,2608
sweep,3983
sweep,2274
sweep,3363
sweep,2217
sweep,3769
sweep,3652
sweep,4627
sweep,3312
sweep,2927
sweep,3189
sweep,3432
sweep,3018
sweep,3095
sweep,3436
sweep,2795
sweep,3364
sweep,2504
sweep,2743
sweep,3834
sweep,2766
sweep,2929
sweep,2843
sweep,2892
sweep,3620
sweep,2703
sweep,2578
sweep,2468
sweep,5344
sweep,9324
sweep,8753
sweep,8640
sweep,8327
sweep,6552
sweep,6986
sweep,4104
sweep,4521
sweep,4763
sweep,5714
sweep,5620
sweep,5716
sweep,220
mark,1026959
sweep,4528
sweep,4184
sweep,3977
sweep,4473
sweep,3806
sweep,4006
sweep,3710
sweep,3188
sweep,2896
sweep,3122
sweep,3191
sweep,2711
sweep,2817
sweep,3022
sweep,2623
sweep,2690
sweep,3459
sweep,3239
sweep,2909
sweep,3258
sweep,2322
sweep,2520
sweep,3788
sweep,2384
sweep,3062
sweep,2016
sweep,3380
sweep,3880
sweep,4442
sweep,3662
sweep,3249
sweep,3007
sweep,3194
sweep,3375
sweep,2833
sweep,3507
sweep,3099
sweep,3049
sweep,2578
sweep,2813
sweep,3932
sweep,2588
sweep,2907
sweep,2885
sweep,3197
sweep,3501
sweep,2924
sweep,2521
sweep,2611
sweep,3554
sweep,4054
sweep,3898
sweep,4393
sweep,5637
sweep,8500
sweep,6520
sweep,9065
sweep,8246
sweep,8737
sweep,6932
sweep,7238
sweep,7219
sweep,840
mark,1029949
sweep,4502
sweep,3846
sweep,3881
sweep,4027
sweep,3591
sweep,4321
sweep,3681
sweep,3519
sweep,2888
sweep,3369
sweep,3022
sweep,2833
sweep,2997
sweep,2961
sweep,2706
sweep,2680
sweep,3231
sweep,3098
sweep,3636
sweep,3402
sweep,2355
sweep,2750
sweep,3962
sweep,2423
sweep,3221
sweep,2016
sweep,3735
sweep,4029
sweep,4549
sweep,3496
sweep,3265
sweep,3060
sweep,2852
sweep,3056
sweep,3023
sweep,3089
sweep,2720
sweep,3241
sweep,2447
sweep,2694
sweep,3962
sweep,2659
sweep,2779
sweep,3193
sweep,3165
sweep,3634
sweep,2763
sweep,2681
sweep,2788
sweep,5625
sweep,8717
sweep,8312
sweep,8463
sweep,8100
sweep,6046
sweep,7198
sweep,4310
sweep,4175
sweep,4474
sweep,5601
sweep,5677
sweep,6221
sweep,223
mark,1029005
sweep,5005
sweep,3821
sweep,3865
sweep,3996
sweep,3634
sweep,4151
sweep,3869
sweep,3112
sweep,2860
sweep,3595
sweep,3092
sweep,2711
sweep,2743
sweep,2800
sweep,2883
sweep,2972
sweep,3176
sweep,3278
sweep,3226
sweep,3414
sweep,2351
sweep,2596
sweep,4078
sweep,2536
sweep,3029
sweep,1866
sweep,3371
sweep,4148
sweep,4121
sweep,3422
sweep,3598
sweep,3079
sweep,2903
sweep,3015
sweep,2880
sweep,3290
sweep,2949
sweep,3170
sweep,2857
sweep,2959
sweep,3967
sweep,2655
sweep,2729
sweep,3314
sweep,2877
sweep,3514
sweep,2638
sweep,2681
sweep,2509
sweep,3953
sweep,3893
sweep,4184
sweep,4125
sweep,5664
sweep,7771
sweep,5986
sweep,8801
sweep,8851
sweep,8767
sweep,7211
sweep,7081
sweep,6880
sweep,838
mark,1027456
sweep,4765
sweep,3969
sweep,3864
sweep,4122
sweep,3614
sweep,3968
sweep,3705
sweep,3179
sweep,3020
sweep,3474
sweep,3418
sweep,3011
sweep,2933
sweep,2860
sweep,2686
sweep,2640
sweep,3739
sweep,3004
sweep,3256
sweep,3614
sweep,2533
sweep,5049
sweep,3677
sweep,2439
sweep,3050
sweep,1832
sweep,3684
sweep,3770
sweep,4700
sweep,3627
sweep,3076
sweep,3342
sweep,2905
sweep,3378
sweep,2679
sweep,3139
sweep,2867
sweep,3237
sweep,2831
sweep,2639
sweep,3664
sweep,2678
sweep,2623
sweep,2907
sweep,3065
sweep,3540
sweep,2768
sweep,2561
sweep,2680
sweep,5521
sweep,9112
sweep,8706
sweep,8562
sweep,8120
sweep,6607
sweep,7084
sweep,4272
sweep,4441
sweep,4822
sweep,6183
sweep,5871
sweep,5761
sweep,222
mark,1026396
sweep,5021
sweep,3927
sweep,4538
sweep,4233
sweep,3725
sweep,4148
sweep,3897
sweep,3322
sweep,3037
sweep,3172
sweep,3350
sweep,3108
sweep,2905
sweep,2867
sweep,3059
sweep,2886
sweep,3396
sweep,2884
sweep,3147
sweep,3431
sweep,2316
sweep,2741
sweep,3996
sweep,2588
sweep,3314
sweep,1915
sweep,3623
sweep,3889
sweep,4937
sweep,3850
sweep,3102
sweep,2856
sweep,2980
sweep,3088
sweep,2745
sweep,3303
sweep,3083
sweep,3342
sweep,2544
sweep,2667
sweep,4216
sweep,2753
sweep,2658
sweep,2807
sweep,2874
sweep,3781
sweep,2786
sweep,2594
sweep,2542
sweep,3500
sweep,3830
sweep,4014
sweep,4505
sweep,5991
sweep,7707
sweep,6045
sweep,9090
sweep,7948
sweep,8577
sweep,8356
sweep,7514
sweep,7521
sweep,840
mark,1036904
sweep,4885
sweep,3875
sweep,4046
sweep,4083
sweep,3890
sweep,4031
sweep,3582
sweep,3183
sweep,2780
sweep,3437
sweep,3053
sweep,2831
sweep,2737
sweep,3116
sweep,2681
sweep,2909
sweep,3950
sweep,3446
sweep,3056
sweep,3307
sweep,2315
sweep,2600
sweep,3968
sweep,2394
sweep,3638
sweep,2089
sweep,3533
sweep,4155
sweep,4812
sweep,3629
sweep,3191
sweep,3076
sweep,2870
sweep,3032
sweep,3034
sweep,3242
sweep,2824
sweep,3198
sweep,2425
sweep,2718
sweep,3738
sweep,2654
sweep,2840
sweep,3031
sweep,3275
sweep,3422
sweep,3007
sweep,2836
sweep,2805
sweep,5537
sweep,9048
sweep,8642
sweep,8800
sweep,7881
sweep,5958
sweep,7213
sweep,4014
sweep,4275
sweep,4288
sweep,6398
sweep,5873
sweep,5871
sweep,262
mark,1029862
sweep,4652
sweep,3964
sweep,4144
sweep,4336
sweep,3893
sweep,4130
sweep,3741
sweep,3451
sweep,2796
sweep,3478
sweep,3037
sweep,3249
sweep,2675
sweep,2816
sweep,2857
sweep,2754
sweep,3237
sweep,3228
sweep,3537
sweep,3384
sweep,2318
sweep,2545
sweep,3983
sweep,2692
sweep,3121
sweep,2240
sweep,3632
sweep,3782
sweep,4451
sweep,3296
sweep,3138
sweep,2991
sweep,2907
sweep,3061
sweep,2810
sweep,3276
sweep,2891
sweep,3248
sweep,2679
sweep,2634
sweep,3874
sweep,3050
sweep,3010
sweep,2995
sweep,2899
sweep,3748
sweep,3068
sweep,2503
sweep,2514
sweep,3487
sweep,4041
sweep,4015
sweep,4327
sweep,5763
sweep,8445
sweep,6895
sweep,8469
sweep,8625
sweep,8925
sweep,8427
sweep,7282
sweep,7491
sweep,822
mark,1029437
sweep,4860
sweep,3885
sweep,4248
sweep,4215
sweep,3557
sweep,4012
sweep,3950
sweep,3314
sweep,2997
sweep,3497
sweep,3208
sweep,3151
sweep,2677
sweep,3252
sweep,2700
sweep,2796
sweep,3514
sweep,2941
sweep,3127
sweep,3569
sweep,2307
sweep,2455
sweep,3980
sweep,2732
sweep,3704
sweep,1904
sweep,3778
sweep,3616
sweep,4538
sweep,3381
sweep,3184
sweep,2937
sweep,2917
sweep,3311
sweep,2785
sweep,3293
sweep,2722
sweep,3399
sweep,2434
sweep,2676
sweep,3531
sweep,2937
sweep,2968
sweep,2962
sweep,2845
sweep,3415
sweep,2924
sweep,2501
sweep,2643
sweep,5733
sweep,8885
sweep,8408
sweep,8158
sweep,8509
sweep,6302
sweep,7176
sweep,4003
sweep,4274
sweep,4826
sweep,5906
sweep,5881
sweep,6538
sweep,274
mark,1030255
sweep,4730
sweep,4234
sweep,3830
sweep,3986
sweep,3657
sweep,4079
sweep,3595
sweep,3094
sweep,2898
sweep,3174
sweep,3188
sweep,2714
sweep,2972
sweep,2864
sweep,2577
sweep,2559
sweep,3261
sweep,3204
sweep,3278
sweep,3556
sweep,2326
sweep,2456
sweep,3875
sweep,2609
sweep,3116
sweep,2154
sweep,3645
sweep,3835
sweep,5092
sweep,3290
sweep,3243
sweep,3065
sweep,3254
sweep,3100
sweep,3099
sweep,3117
sweep,2719
sweep,3007
sweep,2606
sweep,2970
sweep,3938
sweep,3092
sweep,2740
sweep,3185
sweep,2766
sweep,3714
sweep,2777
sweep,2733
sweep,2472
sweep,3565
sweep,4184
sweep,4016
sweep,4317
sweep,5806
sweep,8200
sweep,6612
sweep,8777
sweep,8809
sweep,9055
sweep,7278
sweep,7898
sweep,7351
sweep,832
mark,1039518
sweep,4510
sweep,3986
sweep,4085
sweep,4098
sweep,3670
sweep,4113
sweep,3648
sweep,3152
sweep,3086
sweep,3307
sweep,3354
sweep,2749
sweep,2656
sweep,2807
sweep,3031
sweep,3010
sweep,3404
sweep,3226
sweep,3230
sweep,3275
sweep,2297
sweep,2630
sweep,4046
sweep,2364
sweep,3329
sweep,2108
sweep,3577
sweep,3691
sweep,4544
sweep,3772
sweep,3121
sweep,3021
sweep,2976
sweep,3291
sweep,2902
sweep,3290
sweep,2956
sweep,3024
sweep,2799
sweep,2966
sweep,3656
sweep,2717
sweep,2682
sweep,3386
sweep,3115
sweep,3421
sweep,2753
sweep,2480
sweep,2399
sweep,5416
sweep,8763
sweep,8694
sweep,8384
sweep,7675
sweep,5553
sweep,7460
sweep,4133
sweep,4321
sweep,4310
sweep,5660
sweep,5971
sweep,6226
sweep,274
mark,1025224
sweep,4658
sweep,4023
sweep,4080
sweep,4099
sweep,3821
sweep,4477
sweep,3617
sweep,3067
sweep,3070
sweep,3045
sweep,3439
sweep,2840
sweep,2742
sweep,2835
sweep,2717
sweep,2638
sweep,3222
sweep,2930
sweep,3165
sweep,3394
sweep,2327
sweep,2557
sweep,3669
sweep,2734
sweep,3086
sweep,1840
sweep,3240
sweep,3577
sweep,4351
sweep,3962
sweep,3174
sweep,3187
sweep,3121
sweep,3126
sweep,2765
sweep,3440
sweep,2954
sweep,3204
sweep,2560
sweep,2727
sweep,3810
sweep,2681
sweep,2757
sweep,2992
sweep,2855
sweep,3423
sweep,2716
sweep,2425
sweep,2402
sweep,3753
sweep,4110
sweep,4090
sweep,4059
sweep,5972
sweep,8322
sweep,6494
sweep,9243
sweep,9003
sweep,8997
sweep,17189
sweep,17043
sweep,8239
sweep,864
mark,1090656
sweep,4895
sweep,4261
sweep,4071
sweep,4042
sweep,3788
sweep,4141
sweep,3833
sweep,3176
sweep,2855
sweep,3401
sweep,3278
sweep,3187
sweep,2719
sweep,2843
sweep,2705
sweep,2630
sweep,3311
sweep,3088
sweep,3181
sweep,3754
sweep,2386
sweep,2666
sweep,4065
sweep,2426
sweep,3136
sweep,1901
sweep,3386
sweep,3942
sweep,4592
sweep,3302
sweep,3070
sweep,2938
sweep,2968
sweep,3100
sweep,2884
sweep,3146
sweep,2957
sweep,3185
sweep,2508
sweep,2875
sweep,3859
sweep,2640
sweep,2742
sweep,2908
sweep,2982
sweep,3459
sweep,2776
sweep,2642
sweep,2590
sweep,5579
sweep,9011
sweep,8344
sweep,8854
sweep,8264
sweep,6190
sweep,6901
sweep,4082
sweep,4450
sweep,4448
sweep,5645
sweep,5651
sweep,6675
sweep,223
mark,1043855
sweep,5089
sweep,3819
sweep,4113
sweep,4331
sweep,3502
sweep,4037
sweep,3628
sweep,3149
sweep,2870
sweep,3157
sweep,3391
sweep,2710
sweep,2764
sweep,2714
sweep,2769
sweep,2823
sweep,3327
sweep,3353
sweep,3255
sweep,3469
sweep,2657
sweep,2500
sweep,4235
sweep,2518
sweep,3091
sweep,1977
sweep,3358
sweep,3907
sweep,4715
sweep,3191
sweep,3133
sweep,3006
sweep,3069
sweep,3079
sweep,2722
sweep,3523
sweep,2795
sweep,3205
sweep,2503
sweep,2757
sweep,3671
sweep,2633
sweep,2708
sweep,3019
sweep,3044
sweep,3692
sweep,2898
sweep,2561
sweep,2409
sweep,3679
sweep,4198
sweep,3989
sweep,4198
sweep,6129
sweep,7589
sweep,6005
sweep,8365
sweep,8538
sweep,8860
sweep,8256
sweep,7277
sweep,7671
sweep,829
mark,1034991
sweep,4675
sweep,4232
sweep,3937
sweep,4399
sweep,3642
sweep,4110
sweep,3686
sweep,3378
sweep,2836
sweep,3228
sweep,3026
sweep,2704
sweep,2939
sweep,2901
sweep,2618
sweep,2654
sweep,3398
sweep,2958
sweep,3118
sweep,3787
sweep,2655
sweep,2625
sweep,3643
sweep,2925
sweep,3132
sweep,1939
sweep,3826
sweep,3665
sweep,4262
sweep,3844
sweep,3043
sweep,3113
sweep,3041
sweep,3275
sweep,2787
sweep,3537
sweep,2741
sweep,3311
sweep,2565
sweep,2678
sweep,3807
sweep,2951
sweep,2828
sweep,2911
sweep,2809
sweep,3372
sweep,3104
sweep,2496
sweep,2684
sweep,5572
sweep,8947
sweep,8240
sweep,8433
sweep,7919
sweep,5809
sweep,7062
sweep,4211
sweep,4491
sweep,5099
sweep,6288
sweep,5820
sweep,5842
sweep,229
mark,1029197
sweep,4953
sweep,3927
sweep,4067
sweep,3979
sweep,3538
sweep,4135
sweep,3658
sweep,3113
sweep,2898
sweep,3123
sweep,3367
sweep,2761
sweep,2674
sweep,3099
sweep,2489
sweep,2658
sweep,3350
sweep,3097
sweep,2904
sweep,3663
sweep,2275
sweep,2527
sweep,3759
sweep,2332
sweep,3305
sweep,1953
sweep,3317
sweep,3851
sweep,4250
sweep,3471
sweep,3457
sweep,3028
sweep,2956
sweep,3084
sweep,2783
sweep,3272
sweep,2815
sweep,3036
sweep,2718
sweep,2789
sweep,3797
sweep,2659
sweep,2665
sweep,3022
sweep,2826
sweep,3468
sweep,2802
sweep,2704
sweep,2493
sweep,3750
sweep,3981
sweep,4018
sweep,4509
sweep,5467
sweep,8683
sweep,6481
sweep,9004
sweep,8357
sweep,9005
sweep,7376
sweep,7669
sweep,6952
sweep,832
mark,1032676
sweep,5033
sweep,4041
sweep,4257
sweep,4027
sweep,3469
sweep,4271
sweep,4050
sweep,3210
sweep,3380
sweep,3147
sweep,2963
sweep,2993
sweep,2776
sweep,2821
sweep,2583
sweep,2685
sweep,3760
sweep,2886
sweep,2968
sweep,3315
sweep,2313
sweep,2476
sweep,3997
sweep,2322
sweep,3067
sweep,1918
sweep,3698
sweep,3773
sweep,4189
sweep,3465
sweep,3053
sweep,3100
sweep,3369
sweep,2998
sweep,2765
sweep,3052
sweep,2982
sweep,3158
sweep,2496
sweep,2581
sweep,3841
sweep,2892
sweep,2954
sweep,2946
sweep,3083
sweep,3969
sweep,2844
sweep,2712
sweep,2520
sweep,5605
sweep,8919
sweep,8537
sweep,8641
sweep,7899
sweep,6256
sweep,7364
sweep,3939
sweep,4721
sweep,4254
sweep,5913
sweep,5614
sweep,6083
sweep,222
mark,1023342
sweep,4849
sweep,3989
sweep,4086
sweep,3901
sweep,3839
sweep,4045
sweep,3558
sweep,3191
sweep,2792
sweep,3106
sweep,3151
sweep,2757
sweep,2728
sweep,2864
sweep,2984
sweep,2732
sweep,3310
sweep,2951
sweep,2930
sweep,3344
sweep,2270
sweep,2647
sweep,3789
sweep,2338
sweep,3091
sweep,1921
sweep,3366
sweep,3588
sweep,4147
sweep,3473
sweep,3127
sweep,3145
sweep,2945
sweep,3043
sweep,2892
sweep,3230
sweep,2808
sweep,3212
sweep,2399
sweep,2674
sweep,3769
sweep,3090
sweep,2699
sweep,3026
sweep,2868
sweep,3632
sweep,2892
sweep,2512
sweep,2473
sweep,3644
sweep,3903
sweep,4113
sweep,4433
sweep,5904
sweep,8434
sweep,6986
sweep,9760
sweep,9740
sweep,9687
sweep,7657
sweep,7585
sweep,7717
sweep,836
mark,1040229
sweep,4742
sweep,4049
sweep,3977
sweep,4174
sweep,3693
sweep,4038
sweep,3616
sweep,3073
sweep,2861
sweep,3085
sweep,2991
sweep,2731
sweep,2772
sweep,3226
sweep,2609
sweep,2669
sweep,3240
sweep,2938
sweep,2989
sweep,3398
sweep,2620
sweep,2423
sweep,3978
sweep,2423
sweep,3811
sweep,2140
sweep,3360
sweep,3771
sweep,4560
sweep,3384
sweep,3140
sweep,3129
sweep,2999
sweep,3022
sweep,3350
sweep,3073
sweep,2844
sweep,3076
sweep,2397
sweep,2749
sweep,3968
sweep,2630
sweep,2628
sweep,2929
sweep,3214
sweep,3504
sweep,2865
sweep,2462
sweep,2565
sweep,5690
sweep,8797
sweep,8563
sweep,8209
sweep,8167
sweep,5829
sweep,7248
sweep,3973
sweep,4309
sweep,4193
sweep,6001
sweep,6039
sweep,6175
sweep,243
mark,1027479
sweep,4424
sweep,3697
sweep,4254
sweep,4621
sweep,3551
sweep,4194
sweep,3756
sweep,3142
sweep,2827
sweep,3444
sweep,2982
sweep,2837
sweep,2660
sweep,2741
sweep,2987
sweep,2612
sweep,3485
sweep,2838
sweep,3157
sweep,3780
sweep,2585
sweep,2676
sweep,3772
sweep,2491
sweep,3075
sweep,1899
sweep,3550
sweep,3607
sweep,4389
sweep,3583
sweep,3259
sweep,3064
sweep,2918
sweep,3005
sweep,2878
sweep,3547
sweep,2748
sweep,3048
sweep,2826
sweep,3026
sweep,3757
sweep,3018
sweep,2675
sweep,3377
sweep,2947
sweep,3474
sweep,2921
sweep,2527
sweep,2430
sweep,3967
sweep,3897
sweep,4122
sweep,4201
sweep,5931
sweep,8623
sweep,6574
sweep,8677
sweep,8233
sweep,8866
sweep,7354
sweep,7642
sweep,7045
sweep,784
mark,1034540
sweep,5271
sweep,3904
sweep,3894
sweep,4440
sweep,3959
sweep,3992
sweep,4014
sweep,3183
sweep,2871
sweep,3547
sweep,3071
sweep,2715
sweep,2784
sweep,3302
sweep,2790
sweep,2685
sweep,3260
sweep,2914
sweep,3346
sweep,3465
sweep,2318
sweep,2434
sweep,3971
sweep,2581
sweep,3550
sweep,2142
sweep,3906
sweep,3764
sweep,4449
sweep,3427
sweep,3362
sweep,3198
sweep,2849
sweep,3023
sweep,2767
sweep,3342
sweep,2743
sweep,3106
sweep,2520
sweep,2959
sweep,3715
sweep,2820
sweep,2707
sweep,3051
sweep,2804
sweep,3589
sweep,2821
sweep,2548
sweep,2806
sweep,5634
sweep,9186
sweep,8591
sweep,8747
sweep,8306
sweep,6097
sweep,7387
sweep,3966
sweep,4234
sweep,4431
sweep,5587
sweep,5984
sweep,6161
sweep,239
mark,1034524
sweep,4990
sweep,3746
sweep,4338
sweep,4036
sweep,3842
sweep,4432
sweep,3624
sweep,3245
sweep,2989
sweep,3174
sweep,3148
sweep,3010
sweep,2666
sweep,3340
sweep,2629
sweep,2696
sweep,3795
sweep,2947
sweep,2979
sweep,3684
sweep,2561
sweep,2606
sweep,3954
sweep,2462
sweep,3482
sweep,1914
sweep,3423
sweep,4032
sweep,4434
sweep,3370
sweep,3056
sweep,3062
sweep,2999
sweep,3487
sweep,3229
sweep,3223
sweep,2864
sweep,3728
sweep,2557
sweep,3061
sweep,3740
sweep,2769
sweep,2614
sweep,3065
sweep,3098
sweep,3442
sweep,2756
sweep,2452
sweep,2422
sweep,3584
sweep,3799
sweep,4015
sweep,4101
sweep,5694
sweep,7777
sweep,6509
sweep,8720
sweep,8253
sweep,8673
sweep,8322
sweep,7394
sweep,7002
sweep,832
mark,1029114
sweep,4714
sweep,4087
sweep,3946
sweep,4226
sweep,3555
sweep,3905
sweep,3730
sweep,3180
sweep,2896
sweep,3438
sweep,3050
sweep,2751
sweep,2659
sweep,2938
sweep,2938
sweep,2960
sweep,3303
sweep,2936
sweep,2979
sweep,3412
sweep,2698
sweep,2549
sweep,4071
sweep,2514
sweep,3112
sweep,1931
sweep,3740
sweep,3625
sweep,4220
sweep,3395
sweep,2992
sweep,3234
sweep,2810
sweep,3049
sweep,2877
sweep,3317
sweep,3016
sweep,3133
sweep,2613
sweep,2751
sweep,3769
sweep,2837
sweep,2726
sweep,2954
sweep,2768
sweep,3441
sweep,2754
sweep,2502
sweep,2465
sweep,5778
sweep,8570
sweep,9098
sweep,9053
sweep,7540
sweep,6008
sweep,7003
sweep,3977
sweep,4919
sweep,4545
sweep,6480
sweep,5864
sweep,5861
sweep,224
mark,1033426
sweep,4860
sweep,4235
sweep,4399
sweep,3838
sweep,3628
sweep,4258
sweep,3736
sweep,3389
sweep,3104
sweep,3187
sweep,3108
sweep,2799
sweep,2964
sweep,3026
sweep,2521
sweep,3035
sweep,3284
sweep,3206
sweep,3170
sweep,3370
sweep,2275
sweep,2577
sweep,3785
sweep,2670
sweep,3189
sweep,1885
sweep,3592
sweep,3750
sweep,4535
sweep,3349
sweep,3023
sweep,3036
sweep,3501
sweep,3100
sweep,3024
sweep,3556
sweep,2795
sweep,3187
sweep,2598
sweep,3167
sweep,3665
sweep,2549
sweep,3012
sweep,3015
sweep,3070
sweep,3644
sweep,2650
sweep,2553
sweep,2531
sweep,3517
sweep,4099
sweep,3890
sweep,4150
sweep,6058
sweep,7952
sweep,5863
sweep,8810
sweep,8672
sweep,8495
sweep,8437
sweep,7481
sweep,7844
sweep,828
mark,1035584
sweep,4713
sweep,3852
sweep,3928
sweep,4039
sweep,3687
sweep,4170
sweep,3952
sweep,3071
sweep,2988
sweep,3448
sweep,3018
sweep,2741
sweep,2612
sweep,2839
sweep,2604
sweep,2675
sweep,3675
sweep,2879
sweep,3151
sweep,3626
sweep,2320
sweep,2663
sweep,4023
sweep,2473
sweep,3362
sweep,2117
sweep,3382
sweep,3944
sweep,4213
sweep,3716
sweep,3216
sweep,3102
sweep,2806
sweep,3196
sweep,2748
sweep,3312
sweep,2679
sweep,3298
sweep,2723
sweep,2625
sweep,3744
sweep,2712
sweep,2724
sweep,2868
sweep,2786
sweep,3521
sweep,2696
sweep,2646
sweep,2395
sweep,5446
sweep,8801
sweep,8581
sweep,8481
sweep,8223
sweep,5812
sweep,7062
sweep,4057
sweep,4476
sweep,5013
sweep,6248
sweep,5738
sweep,5912
sweep,241
mark,1025689
sweep,4928
sweep,3983
sweep,4442
sweep,4196
sweep,3973
sweep,4006
sweep,3512
sweep,3501
sweep,2831
sweep,3142
sweep,3281
sweep,3136
sweep,2713
sweep,2950
sweep,5953
sweep,2838
sweep,3267
sweep,2864
sweep,3064
sweep,3427
sweep,2255
sweep,2972
sweep,3707
sweep,2394
sweep,3029
sweep,1848
sweep,3400
sweep,3555
sweep,4362
sweep,3618
sweep,3383
sweep,3168
sweep,2942
sweep,3044
sweep,2790
sweep,3481
sweep,2738
sweep,3115
sweep,2675
sweep,3105
sweep,4092
sweep,3108
sweep,2753
sweep,3105
sweep,2846
sweep,3383
sweep,3087
sweep,2486
sweep,2732
sweep,3490
sweep,4148
sweep,4029
sweep,4193
sweep,6032
sweep,7961
sweep,6263
sweep,8395
sweep,8587
sweep,8665
sweep,8300
sweep,7552
sweep,7579
sweep,821
mark,1036642
sweep,4628
sweep,4255
sweep,4328
sweep,4120
sweep,3744
sweep,3939
sweep,3826
sweep,3180
sweep,2840
sweep,3378
sweep,3402
sweep,2707
sweep,2925
sweep,2837
sweep,2654
sweep,2982
sweep,3260
sweep,3056
sweep,3058
sweep,3583
sweep,2310
sweep,2395
sweep,3756
sweep,2625
sweep,3191
sweep,2074
sweep,3424
sweep,4096
sweep,4260
sweep,3672
sweep,3097
sweep,3239
sweep,2917
sweep,3006
sweep,2934
sweep,3111
sweep,2899
sweep,2973
sweep,2727
sweep,2697
sweep,3792
sweep,2746
sweep,2815
sweep,2961
sweep,2936
sweep,3548
sweep,2942
sweep,2450
sweep,2574
sweep,5975
sweep,8956
sweep,8499
sweep,8783
sweep,7980
sweep,6194
sweep,6838
sweep,4167
sweep,4332
sweep,5059
sweep,6215
sweep,5707
sweep,5868
sweep,231
mark,1033700
sweep,4772
sweep,3940
sweep,3893
sweep,3939
sweep,3561
sweep,4266
sweep,3739
sweep,3009
sweep,2873
sweep,3061
sweep,3136
sweep,2778
sweep,3044
sweep,2954
sweep,2722
sweep,2707
sweep,3510
sweep,2908
sweep,2957
sweep,3394
sweep,2618
sweep,2658
sweep,3812
sweep,2707
sweep,3005
sweep,1798
sweep,3330
sweep,3629
sweep,4451
sweep,3840
sweep,3179
sweep,3047
sweep,2951
sweep,3040
sweep,2787
sweep,3592
sweep,2838
sweep,3368
sweep,2543
sweep,2910
sweep,3765
sweep,2687
sweep,3012
sweep,3067
sweep,2896
sweep,3447
sweep,2711
sweep,2413
sweep,2584
sweep,3638
sweep,4207
sweep,3873
sweep,4399
sweep,6039
sweep,7910
sweep,6206
sweep,8285
sweep,8617
sweep,8385
sweep,7517
sweep,7048
sweep,7008
sweep,880
mark,1029113
sweep,4375
sweep,3930
sweep,4018
sweep,4178
sweep,3576
sweep,4338
sweep,3702
sweep,3595
sweep,3047
sweep,3203
sweep,3455
sweep,3203
sweep,3026
sweep,3111
sweep,3007
sweep,2739
sweep,3247
sweep,3062
sweep,2988
sweep,3527
sweep,2313
sweep,2411
sweep,4039
sweep,2327
sweep,3264
sweep,1870
sweep,3423
sweep,3605
sweep,4501
sweep,3546
sweep,3199
sweep,2999
sweep,2894
sweep,3073
sweep,2727
sweep,3269
sweep,2742
sweep,2983
sweep,2680
sweep,2765
sweep,3729
sweep,2881
sweep,2726
sweep,3351
sweep,2846
sweep,3355
sweep,2913
sweep,2464
sweep,2398
sweep,5343
sweep,8934
sweep,8943
sweep,8876
sweep,7969
sweep,5778
sweep,6814
sweep,4062
sweep,4712
sweep,4772
sweep,6196
sweep,6019
sweep,6343
sweep,225
mark,1037521
sweep,4734
sweep,3817
sweep,4202
sweep,4185
sweep,3525
sweep,4194
sweep,3780
sweep,3020
sweep,3033
sweep,3715
sweep,3330
sweep,3217
sweep,2814
sweep,2790
sweep,2777
sweep,3029
sweep,3500
sweep,3011
sweep,3036
sweep,3671
sweep,2710
sweep,2454
sweep,3876
sweep,2639
sweep,3192
sweep,1854
sweep,3587
sweep,3682
sweep,4486
sweep,3593
sweep,3370
sweep,2919
sweep,3390
sweep,3098
sweep,2844
sweep,3736
sweep,3098
sweep,3295
sweep,2846
sweep,3026
sweep,3748
sweep,3055
sweep,2885
sweep,3003
sweep,3098
sweep,3636
sweep,3002
sweep,2538
sweep,2532
sweep,3740
sweep,4069
sweep,4150
sweep,4187
sweep,5920
sweep,7621
sweep,5989
sweep,8428
sweep,8434
sweep,8378
sweep,7091
sweep,7165
sweep,7090
sweep,846
mark,1060081
sweep,4837
sweep,3827
sweep,3974
sweep,4200
sweep,3839
sweep,4100
sweep,3602
sweep,3310
sweep,2718
sweep,3325
sweep,3057
sweep,3055
sweep,2977
sweep,2789
sweep,2630
sweep,2726
sweep,3568
sweep,2925
sweep,2961
sweep,3947
sweep,2539
sweep,2450
sweep,3766
sweep,2506
sweep,3819
sweep,1896
sweep,3562
sweep,3782
sweep,4289
sweep,3802
sweep,3581
sweep,2987
sweep,3049
sweep,3183
sweep,2867
sweep,3536
sweep,2723
sweep,3345
sweep,2786
sweep,3181
sweep,3774
sweep,3139
sweep,2846
sweep,3111
sweep,2717
sweep,4008
sweep,2893
sweep,2641
sweep,2441
sweep,5497
sweep,8658
sweep,8591
sweep,8639
sweep,8139
sweep,6002
sweep,7064
sweep,3944
sweep,4344
sweep,5077
sweep,6290
sweep,5694
sweep,5822
sweep,223
mark,1031734
sweep,5010
sweep,4351
sweep,4208
sweep,4161
sweep,3812
sweep,4016
sweep,3732
sweep,3128
sweep,3051
sweep,3285
sweep,3127
sweep,2874
sweep,2737
sweep,2736
sweep,2554
sweep,2794
sweep,3559
sweep,3281
sweep,3047
sweep,3399
sweep,2372
sweep,3125
sweep,3704
sweep,2307
sweep,3735
sweep,2205
sweep,3571
sweep,3711
sweep,4570
sweep,3984
sweep,3552
sweep,2965
sweep,3059
sweep,3138
sweep,2809
sweep,3454
sweep,3113
sweep,3332
sweep,2751
sweep,3059
sweep,4018
sweep,3135
sweep,2918
sweep,3084
sweep,3105
sweep,3633
sweep,2791
sweep,2518
sweep,2452
sweep,3481
sweep,3907
sweep,4103
sweep,4106
sweep,6072
sweep,7860
sweep,6245
sweep,8348
sweep,8401
sweep,8079
sweep,7430
sweep,7339
sweep,7009
sweep,833
mark,1052681
sweep,5299
sweep,4000
sweep,3880
sweep,4140
sweep,3774
sweep,4533
sweep,4157
sweep,3167
sweep,2870
sweep,3454
sweep,3148
sweep,2776
sweep,3020
sweep,2872
sweep,2621
sweep,2842
sweep,3245
sweep,3284
sweep,3188
sweep,3807
sweep,2353
sweep,2374
sweep,4096
sweep,2615
sweep,3092
sweep,1921
sweep,3486
sweep,3780
sweep,4518
sweep,3828
sweep,3335
sweep,2982
sweep,2894
sweep,3232
sweep,3072
sweep,2973
sweep,2777
sweep,3011
sweep,2517
sweep,2667
sweep,3667
sweep,2713
sweep,2990
sweep,2925
sweep,2915
sweep,3454
sweep,2791
sweep,2494
sweep,2763
sweep,5360
sweep,8962
sweep,8864
sweep,8603
sweep,7959
sweep,6099
sweep,6970
sweep,4091
sweep,4793
sweep,4851
sweep,6015
sweep,5637
sweep,5863
sweep,214
mark,1028944
sweep,4915
sweep,4381
sweep,3868
sweep,4109
sweep,3376
sweep,4193
sweep,3555
sweep,3083
sweep,2914
sweep,2926
sweep,3049
sweep,2911
sweep,2724
sweep,2726
sweep,2531
sweep,2653
sweep,3578
sweep,2922
sweep,2920
sweep,3875
sweep,2397
sweep,2438
sweep,3708
sweep,2668
sweep,3118
sweep,1842
sweep,3390
sweep,3708
sweep,4226
sweep,3485
sweep,3290
sweep,3074
sweep,2897
sweep,3060
sweep,3041
sweep,3426
sweep,2903
sweep,3102
sweep,2668
sweep,2797
sweep,3547
sweep,3226
sweep,2969
sweep,2986
sweep,2735
sweep,3766
sweep,2664
sweep,2735
sweep,2667
sweep,3495
sweep,4219
sweep,3935
sweep,4230
sweep,6288
sweep,7638
sweep,5949
sweep,8420
sweep,8442
sweep,8477
sweep,7400
sweep,7117
sweep,7096
sweep,824
mark,1035927
sweep,5136
sweep,4101
sweep,3985
sweep,4294
sweep,3538
sweep,4086
sweep,4043
sweep,3600
sweep,2890
sweep,3174
sweep,3048
sweep,3207
sweep,2696
sweep,2910
sweep,2575
sweep,2625
sweep,3330
sweep,2993
sweep,3047
sweep,3660
sweep,2224
sweep,2422
sweep,3721
sweep,2401
sweep,3790
sweep,1857
sweep,3497
sweep,3615
sweep,4335
sweep,3435
sweep,3355
sweep,3137
sweep,2926
sweep,3011
sweep,2897
sweep,3131
sweep,2720
sweep,3022
sweep,2616
sweep,2654
sweep,3788
sweep,2637
sweep,2638
sweep,3035
sweep,2875
sweep,3398
sweep,2863
sweep,2513
sweep,2878
sweep,5346
sweep,8846
sweep,8226
sweep,8560
sweep,8291
sweep,6602
sweep,7265
sweep,4218
sweep,4332
sweep,4697
sweep,6356
sweep,5823
sweep,5756
sweep,227
mark,1028531
sweep,4871
sweep,3918
sweep,3992
sweep,4109
sweep,3679
sweep,4130
sweep,3498
sweep,3026
sweep,2860
sweep,3111
sweep,3131
sweep,2842
sweep,3091
sweep,2784
sweep,2630
sweep,2641
sweep,3223
sweep,2938
sweep,2939
sweep,3562
sweep,2441
sweep,2505
sweep,3941
sweep,2377
sweep,3150
sweep,1935
sweep,3570
sweep,4002
sweep,4401
sweep,3297
sweep,3376
sweep,2984
sweep,3206
sweep,3393
sweep,2751
sweep,3599
sweep,2899
sweep,2998
sweep,2545
sweep,2605
sweep,3777
sweep,3161
sweep,2668
sweep,3050
sweep,2783
sweep,3715
sweep,2928
sweep,2505
sweep,2685
sweep,3794
sweep,4108
sweep,3953
sweep,4239
sweep,5796
sweep,8585
sweep,6403
sweep,9032
sweep,8114
sweep,8975
sweep,7244
sweep,7403
sweep,7055
sweep,831
mark,1037212
sweep,4689
sweep,4160
sweep,3904
sweep,4338
sweep,3654
sweep,3986
sweep,3596
sweep,3228
sweep,3158
sweep,3316
sweep,3190
sweep,3091
sweep,2972
sweep,2933
sweep,2769
sweep,2834
sweep,3235
sweep,2936
sweep,3115
sweep,3430
sweep,2704
sweep,2494
sweep,3997
sweep,2358
sweep,3149
sweep,2404
sweep,3359
sweep,4211
sweep,4243
sweep,3902
sweep,7484
sweep,3013
sweep,2945
sweep,3068
sweep,2733
sweep,3202
sweep,2736
sweep,3223
sweep,2704
sweep,2715
sweep,3887
sweep,2779
sweep,2886
sweep,3129
sweep,2815
sweep,3409
sweep,2751
sweep,2473
sweep,2709
sweep,5727
sweep,9050
sweep,8402
sweep,8520
sweep,7991
sweep,6343
sweep,7444
sweep,4077
sweep,4446
sweep,4923
sweep,6115
sweep,5893
sweep,6034
sweep,217
mark,1030281
sweep,5084
sweep,4204
sweep,4424
sweep,4050
sweep,3907
sweep,4364
sweep,3679
sweep,3404
sweep,3101
sweep,3356
sweep,3192
sweep,2726
sweep,2907
sweep,2754
sweep,2837
sweep,2941
sweep,3178
sweep,3037
sweep,3465
sweep,3377
sweep,2594
sweep,2709
sweep,3913
sweep,2312
sweep,3228
sweep,1983
sweep,3777
sweep,3889
sweep,4101
sweep,3394
sweep,3093
sweep,3245
sweep,2924
sweep,3022
sweep,2745
sweep,3442
sweep,2995
sweep,2980
sweep,2804
sweep,2781
sweep,3781
sweep,2700
sweep,3159
sweep,3019
sweep,2843
sweep,3448
sweep,2763
sweep,2484
sweep,2513
sweep,3527
sweep,3920
sweep,4133
sweep,4351
sweep,5791
sweep,8246
sweep,6765
sweep,8966
sweep,8282
sweep,8648
sweep,8222
sweep,7459
sweep,7543
sweep,818
mark,1033174
sweep,5330
sweep,4278
sweep,3982
sweep,4076
sweep,3659
sweep,4170
sweep,3592
sweep,3376
sweep,3095
sweep,3250
sweep,3027
sweep,2883
sweep,2598
sweep,3327
sweep,2772
sweep,2660
sweep,3408
sweep,3125
sweep,3069
sweep,3775
sweep,2428
sweep,2497
sweep,3923
sweep,2399
sweep,3055
sweep,1885
sweep,3421
sweep,3787
sweep,4167
sweep,3433
sweep,3037
sweep,3101
sweep,3199
sweep,3234
sweep,2977
sweep,3080
sweep,2890
sweep,3016
sweep,2528
sweep,2871
sweep,3951
sweep,2963
sweep,2744
sweep,2791
sweep,3048
sweep,3441
sweep,2679
sweep,2445
sweep,2602
sweep,5898
sweep,9104
sweep,8802
sweep,8618
sweep,8274
sweep,5877
sweep,7685
sweep,4079
sweep,4365
sweep,4565
sweep,6022
sweep,5535
sweep,5773
sweep,219
mark,1026538
sweep,4957
sweep,3936
sweep,3862
sweep,4537
sweep,3978
sweep,4234
sweep,3578
sweep,3520
sweep,2759
sweep,3173
sweep,3169
sweep,2732
sweep,2613
sweep,2775
sweep,2761
sweep,3020
sweep,3467
sweep,3111
sweep,2987
sweep,3470
sweep,2376
sweep,2552
sweep,3804
sweep,2717
sweep,3067
sweep,1923
sweep,3608
sweep,3722
sweep,4523
sweep,3698
sweep,3072
sweep,2883
sweep,3027
sweep,3061
sweep,2782
sweep,3484
sweep,2782
sweep,3197
sweep,2739
sweep,2834
sweep,4021
sweep,2766
sweep,2682
sweep,3157
sweep,2940
sweep,3502
sweep,2774
sweep,2617
sweep,2604
sweep,3418
sweep,3969
sweep,4149
sweep,4274
sweep,5866
sweep,8565
sweep,6525
sweep,8693
sweep,8511
sweep,8766
sweep,8413
sweep,7483
sweep,7378
sweep,838
mark,1031798
sweep,4615
sweep,4038
sweep,4118
sweep,4191
sweep,3721
sweep,4035
sweep,3608
sweep,3286
sweep,2821
sweep,3224
sweep,3033
sweep,3097
sweep,2906
sweep,2997
sweep,2545
sweep,2971
sweep,3237
sweep,2932
sweep,3384
sweep,3402
sweep,2327
sweep,2495
sweep,3686
sweep,2482
sweep,3576
sweep,2015
sweep,3644
sweep,3626
sweep,4197
sweep,3454
sweep,2985
sweep,2971
sweep,3019
sweep,3024
sweep,2809
sweep,3078
sweep,2803
sweep,3109
sweep,2541
sweep,2660
sweep,3738
sweep,2596
sweep,2729
sweep,3136
sweep,2793
sweep,3425
sweep,2680
sweep,2508
sweep,2454
sweep,5677
sweep,8992
sweep,8982
sweep,8627
sweep,8617
sweep,6171
sweep,7390
sweep,4023
sweep,4342
sweep,4491
sweep,6442
sweep,6036
sweep,6733
sweep,259
mark,1062905
sweep,4582
sweep,3702
sweep,3969
sweep,4138
sweep,3641
sweep,4260
sweep,3649
sweep,3151
sweep,2817
sweep,3455
sweep,3087
sweep,2851
sweep,2629
sweep,2793
sweep,2678
sweep,2965
sweep,3253
sweep,3026
sweep,2958
sweep,4066
sweep,2602
sweep,3004
sweep,3804
sweep,2584
sweep,3181
sweep,1935
sweep,3752
sweep,3679
sweep,4074
sweep,3507
sweep,3102
sweep,3026
sweep,2938
sweep,3124
sweep,3044
sweep,3296
sweep,2836
sweep,3187
sweep,2539
sweep,2719
sweep,3719
sweep,2836
sweep,2735
sweep,2976
sweep,3273
sweep,3410
sweep,2872
sweep,2540
sweep,2807
sweep,3428
sweep,4052
sweep,4144
sweep,4352
sweep,5741
sweep,16643
sweep,6065
sweep,9051
sweep,8179
sweep,8534
sweep,7187
sweep,7171
sweep,7155
sweep,828
mark,1034303
sweep,4522
sweep,4150
sweep,4125
sweep,4115
sweep,3839
sweep,4035
sweep,3922
sweep,3033
sweep,2973
sweep,3299
sweep,2952
sweep,2917
sweep,2853
sweep,2968
sweep,2850
sweep,3107
sweep,3250
sweep,3023
sweep,3052
sweep,3471
sweep,2372
sweep,2698
sweep,3914
sweep,2668
sweep,3780
sweep,1879
sweep,3453
sweep,3697
sweep,4425
sweep,3825
sweep,3300
sweep,3272
sweep,2980
sweep,3157
sweep,3367
sweep,3432
sweep,2829
sweep,3053
sweep,2694
sweep,2636
sweep,3824
sweep,2673
sweep,2855
sweep,2921
sweep,2995
sweep,3408
sweep,3049
sweep,2757
sweep,2414
sweep,5536
sweep,8840
sweep,8840
sweep,9072
sweep,8382
sweep,5773
sweep,6745
sweep,4033
sweep,4308
sweep,4960
sweep,6278
sweep,5652
sweep,5944
sweep,256
mark,1023515
sweep,5037
sweep,4197
sweep,4508
sweep,4253
sweep,3403
sweep,3918
sweep,3611
sweep,3096
sweep,2829
sweep,3102
sweep,3420
sweep,2844
sweep,2792
sweep,2932
sweep,2615
sweep,2782
sweep,3175
sweep,3027
sweep,3179
sweep,3601
sweep,2396
sweep,2497
sweep,3758
sweep,2466
sweep,3171
sweep,2233
sweep,3391
sweep,3814
sweep,4202
sweep,3637
sweep,3337
sweep,2921
sweep,3294
sweep,3083
sweep,2813
sweep,3200
sweep,2765
sweep,3206
sweep,2601
sweep,2896
sweep,3748
sweep,3034
sweep,2629
sweep,2903
sweep,2987
sweep,3429
sweep,2720
sweep,2390
sweep,2408
sweep,3372
sweep,4017
sweep,3918
sweep,4107
sweep,5662
sweep,8329
sweep,6581
sweep,8541
sweep,8424
sweep,8350
sweep,7316
sweep,7698
sweep,7122
sweep,921
mark,1026111
sweep,4563
sweep,4264
sweep,3979
sweep,4009
sweep,3633
sweep,4248
sweep,3629
sweep,3021
sweep,3081
sweep,3861
sweep,2982
sweep,2935
sweep,2691
sweep,2830
sweep,2718
sweep,2669
sweep,3368
sweep,2907
sweep,3079
sweep,3635
sweep,2579
sweep,2428
sweep,3792
sweep,2601
sweep,3640
sweep,1939
sweep,3594
sweep,3662
sweep,4314
sweep,3404
sweep,3035
sweep,3026
sweep,2928
sweep,3446
sweep,2877
sweep,3177
sweep,2765
sweep,3249
sweep,2610
sweep,2725
sweep,3900
sweep,2667
sweep,2576
sweep,2844
sweep,2732
sweep,3388
sweep,2576
sweep,2537
sweep,2484
sweep,5474
sweep,8749
sweep,8494
sweep,8662
sweep,7705
sweep,6229
sweep,6893
sweep,4062
sweep,4361
sweep,4983
sweep,5702
sweep,5510
sweep,6023
sweep,230
mark,1024635
sweep,4490
sweep,3927
sweep,4195
sweep,4417
sweep,3882
sweep,4178
sweep,3554
sweep,3240
sweep,3049
sweep,3038
sweep,3152
sweep,2980
sweep,3001
sweep,2694
sweep,2671
sweep,2818
sweep,3614
sweep,2904
sweep,2957
sweep,3419
sweep,2518
sweep,2517
sweep,4029
sweep,2286
sweep,3280
sweep,1885
sweep,3460
sweep,3932
sweep,4434
sweep,3278
sweep,3147
sweep,3187
sweep,2972
sweep,3069
sweep,2767
sweep,3183
sweep,3050
sweep,3092
sweep,2521
sweep,2665
sweep,3681
sweep,2623
sweep,2897
sweep,2907
sweep,3088
sweep,3621
sweep,2768
sweep,2489
sweep,2532
sweep,3786
sweep,4185
sweep,3974
sweep,4132
sweep,5534
sweep,7781
sweep,6028
sweep,9054
sweep,8132
sweep,8389
sweep,7353
sweep,6994
sweep,7392
sweep,821
mark,1024426
sweep,4709
sweep,3998
sweep,4147
sweep,4126
sweep,3676
sweep,3825
sweep,3575
sweep,3438
sweep,2914
sweep,3241
sweep,2914
sweep,2739
sweep,2773
sweep,2720
sweep,3055
sweep,2685
sweep,3344
sweep,2964
sweep,3185
sweep,3523
sweep,2504
sweep,2583
sweep,3784
sweep,2328
sweep,3795
sweep,1960
sweep,3471
sweep,3924
sweep,4435
sweep,3475
sweep,2961
sweep,2918
sweep,2959
sweep,3148
sweep,3085
sweep,3046
sweep,2773
sweep,3150
sweep,2788
sweep,2704
sweep,3873
sweep,2866
sweep,2672
sweep,2892
sweep,3099
sweep,3349
sweep,3029
sweep,2799
sweep,2436
sweep,5836
sweep,8837
sweep,8368
sweep,8510
sweep,8326
sweep,6361
sweep,7062
sweep,3944
sweep,4474
sweep,4970
sweep,6213
sweep,6002
sweep,6132
sweep,251
mark,1032576
sweep,4978
sweep,3680
sweep,4040
sweep,4163
sweep,3751
sweep,4135
sweep,3579
sweep,3456
sweep,2877
sweep,3183
sweep,3111
sweep,2748
sweep,3053
sweep,2985
sweep,2607
sweep,3008
sweep,3389
sweep,2923
sweep,3084
sweep,3435
sweep,2489
sweep,2464
sweep,3943
sweep,2411
sweep,3014
sweep,2159
sweep,3236
sweep,3567
sweep,4140
sweep,3665
sweep,3120
sweep,3078
sweep,2927
sweep,3102
sweep,3155
sweep,3359
sweep,3037
sweep,3060
sweep,2514
sweep,2629
sweep,3758
sweep,2826
sweep,2876
sweep,3455
sweep,2915
sweep,3716
sweep,2609
sweep,2697
sweep,2727
sweep,3566
sweep,4202
sweep,3948
sweep,4452
sweep,5837
sweep,8093
sweep,6433
sweep,8474
sweep,8470
sweep,8920
sweep,8415
sweep,7583
sweep,7199
sweep,910
mark,1027925
sweep,4820
sweep,3952
sweep,4550
sweep,3882
sweep,3513
sweep,4036
sweep,3917
sweep,3189
sweep,3100
sweep,3499
sweep,3079
sweep,2695
sweep,2924
sweep,3019
sweep,2669
sweep,2865
sweep,3384
sweep,2864
sweep,3312
sweep,3525
sweep,2369
sweep,2456
sweep,3855
sweep,2349
sweep,3118
sweep,1943
sweep,3369
sweep,3671
sweep,4334
sweep,3698
sweep,3006
sweep,3251
sweep,2837
sweep,3023
sweep,2804
sweep,3064
sweep,2959
sweep,3076
sweep,2451
sweep,2606
sweep,3595
sweep,2705
sweep,2987
sweep,2982
sweep,3195
sweep,3995
sweep,2997
sweep,2459
sweep,2461
sweep,5089
sweep,9106
sweep,8171
sweep,8833
sweep,7925
sweep,6499
sweep,7110
sweep,4007
sweep,4272
sweep,5068
sweep,6227
sweep,5508
sweep,5869
sweep,227
mark,1043411
sweep,4521
sweep,4330
sweep,4401
sweep,3940
sweep,3587
sweep,4299
sweep,3670
sweep,3375
sweep,2888
sweep,3148
sweep,3447
sweep,2768
sweep,2927
sweep,2791
sweep,2558
sweep,2710
sweep,3513
sweep,3159
sweep,3019
sweep,3516
sweep,2702
sweep,2516
sweep,4027
sweep,2616
sweep,3016
sweep,1903
sweep,3197
sweep,3922
sweep,4430
sweep,3740
sweep,3162
sweep,3297
sweep,2869
sweep,3116
sweep,2848
sweep,3170
sweep,2701
sweep,3007
sweep,2521
sweep,2747
sweep,3821
sweep,2968
sweep,2671
sweep,3388
sweep,3160
sweep,3430
sweep,2955
sweep,2544
sweep,2721
sweep,3526
sweep,3965
sweep,4146
sweep,4240
sweep,5921
sweep,7898
sweep,5962
sweep,8786
sweep,8506
sweep,8578
sweep,8240
sweep,7536
sweep,7687
sweep,750
mark,1042438
sweep,4700
sweep,4026
sweep,4010
sweep,4141
sweep,4011
sweep,4230
sweep,3831
sweep,3324
sweep,2889
sweep,3392
sweep,3200
sweep,2725
sweep,2670
sweep,2967
sweep,3025
sweep,2678
sweep,3319
sweep,3171
sweep,3038
sweep,3456
sweep,2265
sweep,2458
sweep,3798
sweep,2510
sweep,3705
sweep,2267
sweep,3538
sweep,4032
sweep,4804
sweep,3419
sweep,3126
sweep,3454
sweep,3008
sweep,3290
sweep,2786
sweep,3343
sweep,2781
sweep,3409
sweep,2518
sweep,2792
sweep,3763
sweep,2932
sweep,2700
sweep,2990
sweep,2971
sweep,3667
sweep,2851
sweep,2487
sweep,2455
sweep,5252
sweep,8738
sweep,8790
sweep,8688
sweep,7783
sweep,6049
sweep,7043
sweep,3867
sweep,4655
sweep,4770
sweep,6003
sweep,5652
sweep,5849
sweep,224
mark,1036898
sweep,4628
sweep,4078
sweep,4617
sweep,4164
sweep,3545
sweep,4235
sweep,3690
sweep,3196
sweep,2753
sweep,2958
sweep,3457
sweep,2990
sweep,2669
sweep,3379
sweep,2712
sweep,2866
sweep,3492
sweep,2917
sweep,3184
sweep,3693
sweep,2285
sweep,2716
sweep,3673
sweep,2388
sweep,3357
sweep,1984
sweep,3370
sweep,3901
sweep,4412
sweep,3435
sweep,3192
sweep,2994
sweep,2898
sweep,3012
sweep,2973
sweep,3418
sweep,3042
sweep,3262
sweep,2600
sweep,2837
sweep,3631
sweep,2747
sweep,2648
sweep,3067
sweep,2795
sweep,3493
sweep,2823
sweep,2426
sweep,2542
sweep,3376
sweep,3973
sweep,4187
sweep,4084
sweep,6176
sweep,7968
sweep,6517
sweep,8602
sweep,8356
sweep,8356
sweep,7382
sweep,7590
sweep,7200
sweep,837
mark,1038940
sweep,4656
sweep,4081
sweep,4256
sweep,4045
sweep,3777
sweep,4293
sweep,3631
sweep,3213
sweep,3189
sweep,3247
sweep,3332
sweep,3105
sweep,2756
sweep,2869
sweep,3035
sweep,2653
sweep,3357
sweep,2902
sweep,3224
sweep,3485
sweep,2622
sweep,2629
sweep,3793
sweep,2448
sweep,3185
sweep,1905
sweep,3436
sweep,3683
sweep,4683
sweep,3478
sweep,3095
sweep,3044
sweep,2845
sweep,3167
sweep,3013
sweep,3367
sweep,2790
sweep,3122
sweep,2822
sweep,2642
sweep,3800
sweep,2634
sweep,3052
sweep,3255
sweep,2950
sweep,3763
sweep,2843
sweep,2416
sweep,2706
sweep,5470
sweep,9099
sweep,8503
sweep,8729
sweep,7986
sweep,6034
sweep,7367
sweep,4041
sweep,4492
sweep,4358
sweep,5621
sweep,6296
sweep,6228
sweep,228
mark,1034497
sweep,4819
sweep,3942
sweep,4154
sweep,4314
sweep,3652
sweep,4323
sweep,3531
sweep,3264
sweep,2801
sweep,3115
sweep,3029
sweep,3078
sweep,2725
sweep,3094
sweep,2660
sweep,2665
sweep,3340
sweep,2911
sweep,3048
sweep,3520
sweep,2293
sweep,2548
sweep,3743
sweep,2699
sweep,3459
sweep,1873
sweep,3522
sweep,4077
sweep,4348
sweep,3385
sweep,3094
sweep,3004
sweep,2927
sweep,3114
sweep,2766
sweep,3220
sweep,2704
sweep,3024
sweep,2750
sweep,3008
sweep,4031
sweep,3061
sweep,2951
sweep,3484
sweep,3143
sweep,3495
sweep,2828
sweep,2512
sweep,2486
sweep,3381
sweep,4410
sweep,3937
sweep,4452
sweep,5788
sweep,8541
sweep,6513
sweep,8404
sweep,8330
sweep,8291
sweep,7225
sweep,7090
sweep,7112
sweep,828
mark,1036458
sweep,4907
sweep,3886
sweep,3978
sweep,4063
sweep,3733
sweep,4102
sweep,3578
sweep,3282
sweep,3081
sweep,3420
sweep,3327
sweep,2877
sweep,3085
sweep,3119
sweep,2651
sweep,3059
sweep,3288
sweep,2956
sweep,3298
sweep,3518
sweep,2324
sweep,2355
sweep,3735
sweep,2386
sweep,3067
sweep,2191
sweep,3347
sweep,4028
sweep,4717
sweep,3347
sweep,3413
sweep,3211
sweep,2867
sweep,2971
sweep,2828
sweep,3362
sweep,2950
sweep,3329
sweep,2557
sweep,2896
sweep,3731
sweep,2633
sweep,3002
sweep,3218
sweep,2799
sweep,3527
sweep,2739
sweep,2627
sweep,2426
sweep,5316
sweep,8927
sweep,8646
sweep,8425
sweep,8021
sweep,5977
sweep,7153
sweep,4179
sweep,4492
sweep,4362
sweep,5631
sweep,5603
sweep,5842
sweep,225
mark,1026507
sweep,5103
sweep,4117
sweep,4041
sweep,3891
sweep,3592
sweep,4349
sweep,3782
sweep,3164
sweep,2968
sweep,3150
sweep,3327
sweep,2745
sweep,2929
sweep,3003
sweep,2618
sweep,2776
sweep,3481
sweep,2836
sweep,2992
sweep,3828
sweep,2616
sweep,2486
sweep,3731
sweep,2401
sweep,3652
sweep,1981
sweep,3344
sweep,3585
sweep,4081
sweep,3197
sweep,3189
sweep,3102
sweep,3185
sweep,3123
sweep,3243
sweep,3184
sweep,2869
sweep,3193
sweep,2656
sweep,2584
sweep,3548
sweep,2640
sweep,2815
sweep,3176
sweep,3040
sweep,3618
sweep,2940
sweep,2706
sweep,2719
sweep,3651
sweep,4072
sweep,3981
sweep,4509
sweep,5653
sweep,7980
sweep,6648
sweep,8463
sweep,8382
sweep,8327
sweep,7103
sweep,7411
sweep,7101
sweep,840
mark,1028531
sweep,4634
sweep,3933
sweep,4146
sweep,4113
sweep,3910
sweep,3910
sweep,3984
sweep,3157
sweep,2916
sweep,3585
sweep,3269
sweep,3022
sweep,2727
sweep,2942
sweep,2832
sweep,2795
sweep,3321
sweep,2930
sweep,3012
sweep,3659
sweep,2444
sweep,2645
sweep,3652
sweep,2570
sweep,3074
sweep,2018
sweep,3386
sweep,3665
sweep,4245
sweep,3717
sweep,3049
sweep,2933
sweep,2852
sweep,3211
sweep,2846
sweep,3351
sweep,2905
sweep,3295
sweep,2541
sweep,3015
sweep,3932
sweep,2701
sweep,2719
sweep,2930
sweep,3227
sweep,3518
sweep,2782
sweep,2632
sweep,2508
sweep,5421
sweep,8833
sweep,8704
sweep,8830
sweep,7577
sweep,6025
sweep,6897
sweep,3966
sweep,4492
sweep,5186
sweep,6139
sweep,5820
sweep,5820
sweep,235
mark,1021962
sweep,4542
sweep,3796
sweep,4513
sweep,4339
sweep,4012
sweep,4058
sweep,3627
sweep,3311
sweep,2897
sweep,3343
sweep,3101
sweep,2741
sweep,3008
sweep,2817
sweep,3143
sweep,2572
sweep,3359
sweep,3109
sweep,2975
sweep,3377
sweep,2623
sweep,2467
sweep,3715
sweep,2402
sweep,3151
sweep,1925
sweep,3361
sweep,3608
sweep,4327
sweep,3346
sweep,3265
sweep,3077
sweep,2945
sweep,3088
sweep,2691
sweep,3518
sweep,3046
sweep,3323
sweep,2692
sweep,3011
sweep,3730
sweep,2962
sweep,2688
sweep,3561
sweep,2962
sweep,3675
sweep,2706
sweep,2560
sweep,2569
sweep,3581
sweep,3885
sweep,4117
sweep,4160
sweep,6147
sweep,7513
sweep,6088
sweep,8759
sweep,8380
sweep,8607
sweep,8494
sweep,7550
sweep,7563
sweep,836
mark,1033446
sweep,5103
sweep,4137
sweep,4075
sweep,8811
sweep,3720
sweep,4036
sweep,3698
sweep,3144
sweep,3274
sweep,3235
sweep,3105
sweep,2827
sweep,2828
sweep,2941
sweep,2633
sweep,2974
sweep,3468
sweep,3264
sweep,3057
sweep,3469
sweep,2440
sweep,2662
sweep,3973
sweep,2398
sweep,3174
sweep,2196
sweep,3706
sweep,3782
sweep,4258
sweep,3809
sweep,3060
sweep,3226
sweep,3127
sweep,3277
sweep,3016
sweep,3208
sweep,2982
sweep,3013
sweep,2396
sweep,2720
sweep,3818
sweep,3183
sweep,2651
sweep,3078
sweep,2974
sweep,3430
sweep,2764
sweep,2773
sweep,2789
sweep,5330
sweep,8838
sweep,8522
sweep,8654
sweep,7921
sweep,5667
sweep,7129
sweep,3957
sweep,4200
sweep,4942
sweep,6131
sweep,5623
sweep,5881
sweep,223
mark,1022907
sweep,4617
sweep,3771
sweep,4627
sweep,4145
sweep,3517
sweep,3974
sweep,3540
sweep,3089
sweep,2825
sweep,3109
sweep,3262
sweep,3106
sweep,2692
sweep,2898
sweep,2608
sweep,2707
sweep,3406
sweep,2979
sweep,3048
sweep,3533
sweep,2369
sweep,2654
sweep,3917
sweep,2584
sweep,3033
sweep,2147
sweep,3320
sweep,3648
sweep,4298
sweep,3523
sweep,3439
sweep,3286
sweep,3131
sweep,3001
sweep,2760
sweep,3362
sweep,2955
sweep,3090
sweep,2815
sweep,2575
sweep,4297
sweep,2914
sweep,2659
sweep,3064
sweep,2947
sweep,3701
sweep,2882
sweep,2670
sweep,2419
sweep,3454
sweep,4099
sweep,4099
sweep,4440
sweep,5838
sweep,8017
sweep,6753
sweep,8798
sweep,8184
sweep,8649
sweep,8319
sweep,7536
sweep,7663
sweep,828
mark,1035513
sweep,4718
sweep,4275
sweep,3983
sweep,4033
sweep,3517
sweep,4140
sweep,3645
sweep,3607
sweep,2973
sweep,3173
sweep,2966
sweep,2693
sweep,2805
sweep,3236
sweep,2602
sweep,2604
sweep,3265
sweep,3020
sweep,3171
sweep,3505
sweep,2351
sweep,2584
sweep,3743
sweep,2646
sweep,3196
sweep,2357
sweep,3711
sweep,3768
sweep,4394
sweep,3289
sweep,2986
sweep,3365
sweep,2927
sweep,2864
sweep,2801
sweep,3172
sweep,2767
sweep,3023
sweep,2723
sweep,2895
sweep,3822
sweep,2646
sweep,2618
sweep,3096
sweep,3262
sweep,3649
sweep,2709
sweep,2538
sweep,2477
sweep,5408
sweep,8861
sweep,8703
sweep,8571
sweep,7779
sweep,5762
sweep,7304
sweep,3992
sweep,4541
sweep,4730
sweep,6216
sweep,5602
sweep,5982
sweep,235
mark,1046943
sweep,4612
sweep,3848
sweep,3926
sweep,4101
sweep,3692
sweep,4377
sweep,3570
sweep,3402
sweep,2963
sweep,3233
sweep,3402
sweep,2980
sweep,2774
sweep,3033
sweep,2848
sweep,3206
sweep,3605
sweep,2948
sweep,2929
sweep,6512
sweep,2535
sweep,2483
sweep,3805
sweep,2646
sweep,3215
sweep,1952
sweep,3298
sweep,3630
sweep,4229
sweep,3229
sweep,3219
sweep,3153
sweep,3009
sweep,3215
sweep,3014
sweep,3463
sweep,2794
sweep,3357
sweep,2584
sweep,3193
sweep,3639
sweep,2873
sweep,2780
sweep,3028
sweep,2836
sweep,3500
sweep,2675
sweep,2499
sweep,2394
sweep,3462
sweep,4199
sweep,4279
sweep,4271
sweep,5675
sweep,7940
sweep,6695
sweep,8721
sweep,8621
sweep,9168
sweep,7232
sweep,7562
sweep,7250
sweep,832
mark,1060025
sweep,4869
sweep,4200
sweep,4254
sweep,4515
sweep,3684
sweep,4280
sweep,3761
sweep,3242
sweep,2850
sweep,3102
sweep,3367
sweep,3025
sweep,2636
sweep,2787
sweep,3015
sweep,3025
sweep,3404
sweep,3354
sweep,3143
sweep,3641
sweep,2472
sweep,2425
sweep,4172
sweep,2979
sweep,3100
sweep,2239
sweep,3481
sweep,4028
sweep,4371
sweep,3269
sweep,3173
sweep,3258
sweep,2996
sweep,3058
sweep,2709
sweep,3290
sweep,2740
sweep,3593
sweep,2422
sweep,3273
sweep,3796
sweep,2720
sweep,2639
sweep,3124
sweep,2994
sweep,3699
sweep,3015
sweep,2772
sweep,2774
sweep,5959
sweep,9284
sweep,8502
sweep,8414
sweep,8026
sweep,5626
sweep,7003
sweep,4355
sweep,5039
sweep,4801
sweep,5954
sweep,5851
sweep,6120
sweep,231
mark,1054568
sweep,5038
sweep,3898
sweep,4291
sweep,4325
sweep,3976
sweep,4123
sweep,3609
sweep,3072
sweep,2808
sweep,3314
sweep,3388
sweep,2857
sweep,2819
sweep,3013
sweep,3163
sweep,2865
sweep,3178
sweep,2910
sweep,3008
sweep,3845
sweep,2368
sweep,2507
sweep,3813
sweep,2575
sweep,3723
sweep,1946
sweep,3409
sweep,3919
sweep,4419
sweep,3307
sweep,3428
sweep,3009
sweep,2829
sweep,3338
sweep,2779
sweep,3273
sweep,2833
sweep,3228
sweep,2724
sweep,2676
sweep,3784
sweep,3110
sweep,2753
sweep,3027
sweep,3217
sweep,3349
sweep,2815
sweep,2449
sweep,2527
sweep,3728
sweep,3952
sweep,4007
sweep,4121
sweep,5793
sweep,8042
sweep,6588
sweep,8901
sweep,8211
sweep,9002
sweep,7148
sweep,7690
sweep,7146
sweep,879
mark,1029352
sweep,4828
sweep,4065
sweep,4039
sweep,4159
sweep,3856
sweep,4237
sweep,3659
sweep,3140
sweep,2789
sweep,3332
sweep,3009
sweep,2770
sweep,2750
sweep,3115
sweep,2608
sweep,2683
sweep,3307
sweep,3000
sweep,2979
sweep,3582
sweep,2412
sweep,2387
sweep,3607
sweep,2446
sweep,3829
sweep,1952
sweep,3611
sweep,3697
sweep,4318
sweep,3450
sweep,3423
sweep,3146
sweep,2925
sweep,3169
sweep,2840
sweep,3228
sweep,2889
sweep,3337
sweep,2430
sweep,2913
sweep,3778
sweep,2887
sweep,2942
sweep,3380
sweep,2946
sweep,3609
sweep,3105
sweep,2529
sweep,2525
sweep,5528
sweep,8927
sweep,8713
sweep,9001
sweep,7888
sweep,6098
sweep,7488
sweep,4169
sweep,4344
sweep,5005
sweep,5850
sweep,5512
sweep,5830
sweep,218
mark,1032432
sweep,4772
sweep,3941
sweep,4338
sweep,3919
sweep,3628
sweep,3949
sweep,3560
sweep,3547
sweep,3133
sweep,3130
sweep,3068
sweep,2751
sweep,3018
sweep,2863
sweep,2584
sweep,2720
sweep,3283
sweep,2995
sweep,2907
sweep,3352
sweep,2386
sweep,2826
sweep,3743
sweep,2958
sweep,3033
sweep,1967
sweep,3449
sweep,3861
sweep,4239
sweep,3703
sweep,3056
sweep,3097
sweep,2976
sweep,3019
sweep,2879
sweep,3497
sweep,2973
sweep,3033
sweep,2876
sweep,2564
sweep,3734
sweep,2918
sweep,2939
sweep,3081
sweep,2879
sweep,3749
sweep,2978
sweep,2468
sweep,2667
sweep,3424
sweep,3968
sweep,4205
sweep,4235
sweep,5800
sweep,8523
sweep,6382
sweep,8939
sweep,8114
sweep,8963
sweep,7521
sweep,7556
sweep,6980
sweep,923
mark,1027686
sweep,4716
sweep,3954
sweep,3995
sweep,4085
sweep,3813
sweep,3955
sweep,3688
sweep,3084
sweep,3264
sweep,3478
sweep,3023
sweep,2959
sweep,2907
sweep,2849
sweep,2755
sweep,2644
sweep,3515
sweep,2956
sweep,3142
sweep,3417
sweep,2360
sweep,2501
sweep,3948
sweep,2513
sweep,3730
sweep,1910
sweep,3480
sweep,3685
sweep,4263
sweep,3416
sweep,3039
sweep,3255
sweep,2891
sweep,3323
sweep,3164
sweep,3388
sweep,3051
sweep,3044
sweep,2585
sweep,2709
sweep,3776
sweep,2824
sweep,2914
sweep,3178
sweep,2776
sweep,3859
sweep,2971
sweep,2642
sweep,2635
sweep,5514
sweep,8687
sweep,8484
sweep,8577
sweep,8231
sweep,6098
sweep,7328
sweep,3959
sweep,4428
sweep,4931
sweep,6182
sweep,5661
sweep,5745
sweep,222
mark,1028695
sweep,4714
sweep,3724
sweep,3946
sweep,4221
sweep,3531
sweep,4108
sweep,3629
sweep,3120
sweep,2774
sweep,3134
sweep,3034
sweep,2714
sweep,2733
sweep,3039
sweep,2722
sweep,2994
sweep,3206
sweep,2859
sweep,3200
sweep,3436
sweep,2536
sweep,2485
sweep,4242
sweep,2423
sweep,3646
sweep,1900
sweep,3425
sweep,3884
sweep,4118
sweep,3762
sweep,3084
sweep,3277
sweep,2965
sweep,2953
sweep,2872
sweep,3162
sweep,2905
sweep,3152
sweep,2773
sweep,3113
sweep,3746
sweep,2695
sweep,2662
sweep,3256
sweep,2743
sweep,3439
sweep,2792
sweep,2481
sweep,2729
sweep,3555
sweep,4040
sweep,4115
sweep,4127
sweep,6036
sweep,7652
sweep,6719
sweep,9199
sweep,8269
sweep,8831
sweep,7513
sweep,7837
sweep,7036
sweep,830
mark,1030036
sweep,4765
sweep,4124
sweep,4035
sweep,4291
sweep,3879
sweep,4249
sweep,3796
sweep,3386
sweep,2946
sweep,8345
sweep,3035
sweep,3162
sweep,3008
sweep,2968
sweep,2649
sweep,2737
sweep,3199
sweep,2906
sweep,2943
sweep,3535
sweep,2334
sweep,2411
sweep,3684
sweep,2559
sweep,3117
sweep,1932
sweep,3534
sweep,3821
sweep,4266
sweep,3517
sweep,3092
sweep,2954
sweep,2887
sweep,3008
sweep,3337
sweep,3215
sweep,2943
sweep,3161
sweep,2432
sweep,2979
sweep,3846
sweep,2596
sweep,3001
sweep,2947
sweep,3119
sweep,3428
sweep,2786
sweep,2512
sweep,2770
sweep,5689
sweep,8383
sweep,8981
sweep,8408
sweep,7618
sweep,5800
sweep,6754
sweep,4047
sweep,4480
sweep,4645
sweep,6212
sweep,5912
sweep,5833
sweep,268
mark,1025389
sweep,4946
sweep,3952
sweep,3990
sweep,4048
sweep,3876
sweep,4157
sweep,3569
sweep,3466
sweep,2767
sweep,3102
sweep,3125
sweep,2999
sweep,2922
sweep,2781
sweep,2636
sweep,2673
sweep,3250
sweep,2884
sweep,3337
sweep,3447
sweep,2316
sweep,2567
sweep,3716
sweep,2692
sweep,3605
sweep,2135
sweep,3346
sweep,3877
sweep,4412
sweep,3392
sweep,3124
sweep,2958
sweep,2896
sweep,3159
sweep,2762
sweep,3274
sweep,3051
sweep,3124
sweep,2472
sweep,2666
sweep,3517
sweep,2713
sweep,2876
sweep,2944
sweep,3113
sweep,3502
sweep,2821
sweep,2702
sweep,2794
sweep,4330
sweep,4076
sweep,4170
sweep,4685
sweep,6075
sweep,8471
sweep,5971
sweep,8653
sweep,8966
sweep,8443
sweep,7402
sweep,7232
sweep,7739
sweep,831
mark,1045257
sweep,4646
sweep,4251
sweep,4180
sweep,4134
sweep,3603
sweep,4188
sweep,12130
sweep,3140
sweep,2801
sweep,3385
sweep,3003
sweep,3155
sweep,2986
sweep,3526
sweep,2722
sweep,2653
sweep,3528
sweep,2977
sweep,3207
sweep,3392
sweep,2387
sweep,2534
sweep,3781
sweep,2460
sweep,3538
sweep,1962
sweep,3353
sweep,3989
sweep,4851
sweep,3810
sweep,3496
sweep,3233
sweep,2895
sweep,3348
sweep,3127
sweep,3208
sweep,2762
sweep,3017
sweep,2718
sweep,3083
sweep,3723
sweep,2544
sweep,2668
sweep,2841
sweep,3512
sweep,3742
sweep,2713
sweep,2525
sweep,2467
sweep,5495
sweep,9149
sweep,8815
sweep,8625
sweep,8410
sweep,5945
sweep,7471
sweep,3989
sweep,4612
sweep,5025
sweep,6268
sweep,5888
sweep,6032
sweep,238
mark,1030315
sweep,4828
sweep,3913
sweep,4491
sweep,4076
sweep,3732
sweep,4251
sweep,3964
sweep,3185
sweep,2713
sweep,3421
sweep,3114
sweep,2736
sweep,2877
sweep,2985
sweep,2907
sweep,2916
sweep,3189
sweep,3268
sweep,3036
sweep,3778
sweep,2397
sweep,2813
sweep,4285
sweep,2386
sweep,3221
sweep,1963
sweep,3313
sweep,3667
sweep,4286
sweep,3408
sweep,3290
sweep,3090
sweep,2817
sweep,3040
sweep,2839
sweep,3535
sweep,2776
sweep,3063
sweep,2992
sweep,3017
sweep,3762
sweep,2632
sweep,2730
sweep,3092
sweep,3122
sweep,3701
sweep,2986
sweep,2578
sweep,2620
sweep,3721
sweep,4025
sweep,3983
sweep,4079
sweep,6051
sweep,8030
sweep,6485
sweep,9111
sweep,7882
sweep,9002
sweep,7123
sweep,7796
sweep,7071
sweep,834
mark,1030334
sweep,5037
sweep,4055
sweep,3898
sweep,4196
sweep,3578
sweep,4086
sweep,3620
sweep,3115
sweep,2841
sweep,3278
sweep,3382
sweep,3026
sweep,2748
sweep,2978
sweep,2571
sweep,2643
sweep,3887
sweep,3202
sweep,3027
sweep,3566
sweep,2396
sweep,2671
sweep,3893
sweep,2398
sweep,3172
sweep,1986
sweep,3538
sweep,3749
sweep,4501
sweep,3979
sweep,2954
sweep,3022
sweep,2892
sweep,2997
sweep,2944
sweep,3068
sweep,3113
sweep,3084
sweep,2388
sweep,2671
sweep,3735
sweep,3081
sweep,2604
sweep,2938
sweep,3266
sweep,3979
sweep,3108
sweep,2466
sweep,2481
sweep,5926
sweep,9440
sweep,8937
sweep,8497
sweep,8276
sweep,5706
sweep,6872
sweep,4013
sweep,4576
sweep,4875
sweep,6189
sweep,5546
sweep,5964
sweep,223
mark,1029007
sweep,4689
sweep,3723
sweep,4493
sweep,4452
sweep,3528
sweep,4123
sweep,3688
sweep,3412
sweep,2802
sweep,3150
sweep,3142
sweep,3303
sweep,2693
sweep,2821
sweep,2570
sweep,2884
sweep,3255
sweep,3253
sweep,3020
sweep,3836
sweep,2343
sweep,2736
sweep,3717
sweep,2429
sweep,3085
sweep,1936
sweep,3322
sweep,4009
sweep,4386
sweep,3358
sweep,3404
sweep,3136
sweep,2964
sweep,2917
sweep,2721
sweep,3447
sweep,3202
sweep,2973
sweep,2818
sweep,2795
sweep,3853
sweep,3040
sweep,2980
sweep,2996
sweep,3131
sweep,3457
sweep,3035
sweep,2481
sweep,2785
sweep,3766
sweep,4154
sweep,3877
sweep,9338
sweep,5638
sweep,7822
sweep,6309
sweep,9022
sweep,8278
sweep,8846
sweep,7190
sweep,7810
sweep,7104
sweep,785
mark,1030016
sweep,5119
sweep,4021
sweep,3906
sweep,4023
sweep,3690
sweep,4263
sweep,3602
sweep,3140
sweep,2881
sweep,3255
sweep,2985
sweep,2721
sweep,2624
sweep,2929
sweep,2942
sweep,3016
sweep,3513
sweep,2995
sweep,3126
sweep,3349
sweep,2356
sweep,2459
sweep,3698
sweep,2451
sweep,3113
sweep,1991
sweep,3487
sweep,3647
sweep,4146
sweep,3651
sweep,3296
sweep,2967
sweep,3225
sweep,2922
sweep,2891
sweep,3530
sweep,2738
sweep,3300
sweep,2717
sweep,3018
sweep,3714
sweep,2652
sweep,2581
sweep,3020
sweep,2847
sweep,3866
sweep,2728
sweep,2564
sweep,2675
sweep,5788
sweep,8722
sweep,8548
sweep,8576
sweep,8122
sweep,6461
sweep,6952
sweep,4417
sweep,4285
sweep,4878
sweep,5891
sweep,5547
sweep,5838
sweep,256
mark,1030079
sweep,4516
sweep,4316
sweep,3774
sweep,4212
sweep,3661
sweep,4378
sweep,3684
sweep,3424
sweep,3014
sweep,3131
sweep,3352
sweep,2710
sweep,2648
sweep,2892
sweep,2993
sweep,2729
sweep,3189
sweep,2899
sweep,3229
sweep,3464
sweep,2321
sweep,2419
sweep,3888
sweep,2283
sweep,3372
sweep,1865
sweep,3608
sweep,3673
sweep,4591
sweep,3538
sweep,3654
sweep,3058
sweep,3070
sweep,3084
sweep,2852
sweep,3155
sweep,2771
sweep,3114
sweep,2601
sweep,2637
sweep,3871
sweep,2783
sweep,2645
sweep,3411
sweep,2827
sweep,3454
sweep,2857
sweep,2570
sweep,2509
sweep,3683
sweep,4030
sweep,3895
sweep,4104
sweep,6096
sweep,7555
sweep,6159
sweep,9434
sweep,8068
sweep,8644
sweep,7571
sweep,7688
sweep,7335
sweep,836
mark,1032059
sweep,4622
sweep,3964
sweep,4498
sweep,4436
sweep,3687
sweep,4363
sweep,3613
sweep,3066
sweep,2866
sweep,3583
sweep,2987
sweep,3346
sweep,2762
sweep,2801
sweep,2906
sweep,2700
sweep,3199
sweep,3263
sweep,3312
sweep,3824
sweep,2325
sweep,2554
sweep,3662
sweep,2323
sweep,3641
sweep,1979
sweep,3569
sweep,3662
sweep,4386
sweep,3761
sweep,3273
sweep,3029
sweep,2795
sweep,3085
sweep,2747
sweep,3258
sweep,2809
sweep,3137
sweep,2514
sweep,2695
sweep,3934
sweep,2857
sweep,2717
sweep,3055
sweep,3044
sweep,3473
sweep,3017
sweep,2482
sweep,2463
sweep,5494
sweep,8789
sweep,8900
sweep,8547
sweep,7964
sweep,6463
sweep,7539
sweep,4020
sweep,4574
sweep,4913
sweep,6167
sweep,5909
sweep,5810
sweep,238
mark,1034846
sweep,4961
sweep,4165
sweep,3914
sweep,4168
sweep,3550
sweep,4484
sweep,3490
sweep,3005
sweep,3056
sweep,3141
sweep,3167
sweep,2776
sweep,3099
sweep,2800
sweep,2844
sweep,2708
sweep,3508
sweep,2919
sweep,3012
sweep,3718
sweep,2376
sweep,2717
sweep,3666
sweep,2670
sweep,3349
sweep,2164
sweep,3290
sweep,4071
sweep,4771
sweep,3577
sweep,3492
sweep,3202
sweep,2909
sweep,3124
sweep,3025
sweep,3276
sweep,2775
sweep,3489
sweep,2876
sweep,2901
sweep,3627
sweep,3123
sweep,2843
sweep,3083
sweep,2787
sweep,3559
sweep,2713
sweep,2568
sweep,2807
sweep,3783
sweep,3989
sweep,3995
sweep,4045
sweep,5632
sweep,8589
sweep,6537
sweep,9267
sweep,7890
sweep,9065
sweep,7400
sweep,7603
sweep,7154
sweep,836
mark,1035270
sweep,5051
sweep,4163
sweep,3959
sweep,4032
sweep,3516
sweep,4189
sweep,3689
sweep,3229
sweep,2779
sweep,3289
sweep,3031
sweep,2881
sweep,2930
sweep,2899
sweep,2633
sweep,2696
sweep,3524
sweep,2984
sweep,3021
sweep,3473
sweep,2331
sweep,2445
sweep,3933
sweep,2364
sweep,3280
sweep,1889
sweep,3690
sweep,3653
sweep,4387
sweep,3727
sweep,3125
sweep,2876
sweep,2852
sweep,3009
sweep,2812
sweep,3223
sweep,2715
sweep,3100
sweep,2454
sweep,2673
sweep,3700
sweep,2778
sweep,2843
sweep,2838
sweep,2764
sweep,3449
sweep,2746
sweep,2871
sweep,2516
sweep,5801
sweep,8836
sweep,8489
sweep,8598
sweep,8184
sweep,6391
sweep,7341
sweep,4008
sweep,4430
sweep,5150
sweep,6197
sweep,5892
sweep,5764
sweep,230
mark,1034331
sweep,5436
sweep,4108
sweep,3892
sweep,3939
sweep,3837
sweep,4456
sweep,3737
sweep,3756
sweep,3213
sweep,3616
sweep,3079
sweep,3042
sweep,2705
sweep,2838
sweep,2604
sweep,3066
sweep,3174
sweep,3297
sweep,3157
sweep,3498
sweep,2347
sweep,2574
sweep,3979
sweep,2588
sweep,3127
sweep,1972
sweep,3625
sweep,4190
sweep,4653
sweep,3807
sweep,3238
sweep,3165
sweep,3507
sweep,3072
sweep,2763
sweep,3454
sweep,2830
sweep,3102
sweep,2498
sweep,2947
sweep,3849
sweep,2650
sweep,2665
sweep,3077
sweep,3323
sweep,3722
sweep,2861
sweep,2542
sweep,2585
sweep,3493
sweep,3847
sweep,4147
sweep,4286
sweep,5906
sweep,8043
sweep,6083
sweep,9419
sweep,8225
sweep,9261
sweep,7297
sweep,7856
sweep,7141
sweep,832
mark,1059241
sweep,4527
sweep,3895
sweep,3921
sweep,4394
sweep,3688
sweep,4392
sweep,3714
sweep,3468
sweep,2933
sweep,3410
sweep,3089
sweep,3048
sweep,2760
sweep,2963
sweep,2675
sweep,2768
sweep,3439
sweep,2973
sweep,3157
sweep,3299
sweep,2413
sweep,2683
sweep,4104
sweep,2697
sweep,3102
sweep,1867
sweep,3744
sweep,3933
sweep,4311
sweep,3460
sweep,3005
sweep,3052
sweep,3383
sweep,2983
sweep,3150
sweep,3429
sweep,2795
sweep,3204
sweep,2646
sweep,2930
sweep,4113
sweep,2687
sweep,2811
sweep,2955
sweep,2921
sweep,3682
sweep,2845
sweep,2628
sweep,2479
sweep,5752
sweep,9063
sweep,8529
sweep,8434
sweep,7921
sweep,6208
sweep,7353
sweep,4052
sweep,4493
sweep,4303
sweep,5936
sweep,5885
sweep,6645
sweep,231
mark,1039907
sweep,4897
sweep,3933
sweep,4524
sweep,3938
sweep,3921
sweep,4219
sweep,3825
sweep,3209
sweep,2812
sweep,3029
sweep,3562
sweep,2771
sweep,2739
sweep,2819
sweep,2612
sweep,2758
sweep,3281
sweep,3232
sweep,3228
sweep,3569
sweep,2398
sweep,2770
sweep,3863
sweep,2550
sweep,3648
sweep,1935
sweep,3651
sweep,3828
sweep,4468
sweep,3384
sweep,3232
sweep,3378
sweep,3011
sweep,3052
sweep,3119
sweep,3231
sweep,3092
sweep,3372
sweep,2940
sweep,2947
sweep,4081
sweep,2709
sweep,2957
sweep,3274
sweep,2839
sweep,3825
sweep,2719
sweep,2553
sweep,2523
sweep,3774
sweep,3947
sweep,4002
sweep,4264
sweep,6059
sweep,8524
sweep,6224
sweep,8802
sweep,8842
sweep,8854
sweep,7424
sweep,7771
sweep,7377
sweep,901
mark,1071833
sweep,4692
sweep,4340
sweep,3983
sweep,4273
sweep,3829
sweep,4160
sweep,3898
sweep,3171
sweep,3168
sweep,3732
sweep,3094
sweep,3180
sweep,2750
sweep,3068
sweep,2842
sweep,2729
sweep,3352
sweep,3254
sweep,2868
sweep,3325
sweep,2665
sweep,2559
sweep,3992
sweep,2301
sweep,3072
sweep,1924
sweep,3309
sweep,3791
sweep,4266
sweep,3324
sweep,3308
sweep,3108
sweep,2815
sweep,3534
sweep,2817
sweep,3354
sweep,2646
sweep,2985
sweep,2739
sweep,2728
sweep,4000
sweep,2646
sweep,2899
sweep,3019
sweep,2797
sweep,3399
sweep,2785
sweep,2718
sweep,2628
sweep,5950
sweep,8765
sweep,8672
sweep,8423
sweep,7922
sweep,6497
sweep,7641
sweep,4210
sweep,4220
sweep,4822
sweep,6318
sweep,6013
sweep,5916
sweep,231
mark,1032581
sweep,4605
sweep,4317
sweep,4383
sweep,4226
sweep,3695
sweep,4067
sweep,3765
sweep,3006
sweep,2828
sweep,3029
sweep,3110
sweep,2846
sweep,2709
sweep,2940
sweep,2588
sweep,2653
sweep,3406
sweep,3143
sweep,2962
sweep,3383
sweep,2375
sweep,2554
sweep,4132
sweep,2532
sweep,3068
sweep,1866
sweep,3471
sweep,3583
sweep,4289
sweep,3623
sweep,3417
sweep,3069
sweep,2917
sweep,2976
sweep,3107
sweep,3241
sweep,2778
sweep,3190
sweep,2642
sweep,2724
sweep,3760
sweep,2888
sweep,2801
sweep,3310
sweep,2999
sweep,3738
sweep,2931
sweep,2799
sweep,2609
sweep,3845
sweep,4050
sweep,4207
sweep,4119
sweep,5982
sweep,7693
sweep,5993
sweep,8683
sweep,9106
sweep,8467
sweep,7417
sweep,6933
sweep,7490
sweep,831
mark,1036748
sweep,4819
sweep,3817
sweep,4031
sweep,3943
sweep,3773
sweep,4017
sweep,3958
sweep,3269
sweep,2969
sweep,3666
sweep,2971
sweep,2703
sweep,2693
sweep,2939
sweep,3151
sweep,2777
sweep,3307
sweep,2911
sweep,3164
sweep,3471
sweep,2587
sweep,2411
sweep,3963
sweep,2507
sweep,3109
sweep,1942
sweep,3699
sweep,3686
sweep,4135
sweep,3524
sweep,3437
sweep,3104
sweep,2843
sweep,3048
sweep,2806
sweep,3369
sweep,3002
sweep,2973
sweep,2497
sweep,2731
sweep,3756
sweep,2642
sweep,3119
sweep,3046
sweep,2781
sweep,3690
sweep,2903
sweep,2571
sweep,2466
sweep,5586
sweep,8950
sweep,8386
sweep,8374
sweep,8245
sweep,6332
sweep,7905
sweep,4176
sweep,4244
sweep,4540
sweep,5686
sweep,5630
sweep,5871
sweep,226
mark,1032392
sweep,5271
sweep,3955
sweep,4494
sweep,4149
sweep,3825
sweep,4080
sweep,3535
sweep,3149
sweep,2912
sweep,3118
sweep,3076
sweep,3032
sweep,2954
sweep,2880
sweep,2902
sweep,2678
sweep,3232
sweep,3049
sweep,3235
sweep,3859
sweep,2344
sweep,2506
sweep,4082
sweep,2305
sweep,3147
sweep,2006
sweep,3689
sweep,3676
sweep,4218
sweep,3357
sweep,3548
sweep,3393
sweep,2926
sweep,3292
sweep,2948
sweep,3239
sweep,2753
sweep,3219
sweep,2614
sweep,2644
sweep,3964
sweep,3125
sweep,2823
sweep,3093
sweep,3326
sweep,3504
sweep,2769
sweep,2740
sweep,2441
sweep,3796
sweep,4208
sweep,4089
sweep,4209
sweep,5601
sweep,9195
sweep,6494
sweep,8724
sweep,8423
sweep,8766
sweep,8309
sweep,7570
sweep,7417
sweep,862
mark,1036322
sweep,5103
sweep,4183
sweep,4037
sweep,4112
sweep,4034
sweep,4013
sweep,3818
sweep,3098
sweep,3068
sweep,3185
sweep,3034
sweep,2808
sweep,2737
sweep,2757
sweep,2765
sweep,2817
sweep,3463
sweep,3028
sweep,2910
sweep,3421
sweep,2338
sweep,2652
sweep,3710
sweep,2662
sweep,3128
sweep,1842
sweep,3375
sweep,3642
sweep,4259
sweep,3771
sweep,3069
sweep,3137
sweep,3338
sweep,3211
sweep,2898
sweep,3045
sweep,2744
sweep,3016
sweep,2513
sweep,2739
sweep,3655
sweep,2801
sweep,2699
sweep,2992
sweep,3152
sweep,3360
sweep,3086
sweep,2552
sweep,2686
sweep,5858
sweep,8996
sweep,8469
sweep,8591
sweep,7730
sweep,6197
sweep,7360
sweep,4409
sweep,4359
sweep,4793
sweep,6004
sweep,5811
sweep,6501
sweep,226
mark,1028385
sweep,4764
sweep,3809
sweep,4293
sweep,4286
sweep,3945
sweep,4031
sweep,3959
sweep,3535
sweep,3017
sweep,3169
sweep,3223
sweep,2782
sweep,2761
sweep,3076
sweep,2598
sweep,3011
sweep,3254
sweep,3221
sweep,3124
sweep,3529
sweep,2506
sweep,2446
sweep,4032
sweep,2321
sweep,3071
sweep,1808
sweep,3608
sweep,3830
sweep,4283
sweep,3652
sweep,3149
sweep,3270
sweep,2935
sweep,2983
sweep,2794
sweep,3494
sweep,2847
sweep,2990
sweep,2777
sweep,2663
sweep,3739
sweep,2992
sweep,2825
sweep,2953
sweep,2851
sweep,3380
sweep,2717
sweep,2532
sweep,2720
sweep,3472
sweep,4184
sweep,4480
sweep,4143
sweep,5570
sweep,8471
sweep,6485
sweep,9273
sweep,8073
sweep,8925
sweep,7619
sweep,7602
sweep,7040
sweep,835
mark,1029634
sweep,5182
sweep,4468
sweep,4360
sweep,4263
sweep,3976
sweep,4099
sweep,3836
sweep,3530
sweep,3252
sweep,3698
sweep,3017
sweep,3066
sweep,2749
sweep,2793
sweep,2661
sweep,2703
sweep,3324
sweep,2883
sweep,2954
sweep,3314
sweep,2422
sweep,2604
sweep,3742
sweep,2433
sweep,3280
sweep,2163
sweep,3341
sweep,3727
sweep,4363
sweep,3328
sweep,3130
sweep,3428
sweep,3121
sweep,3253
sweep,2842
sweep,3344
sweep,2716
sweep,2993
sweep,2391
sweep,2793
sweep,4142
sweep,2667
sweep,2827
sweep,2927
sweep,2824
sweep,3408
sweep,2844
sweep,2633
sweep,2469
sweep,5783
sweep,9202
sweep,8685
sweep,8561
sweep,7789
sweep,5870
sweep,7520
sweep,4200
sweep,4332
sweep,5169
sweep,6268
sweep,5878
sweep,5834
sweep,221
mark,1025921
sweep,4734
sweep,4248
sweep,4005
sweep,4354
sweep,3850
sweep,4422
sweep,3968
sweep,3211
sweep,3077
sweep,3492
sweep,3310
sweep,2821
sweep,2688
sweep,2779
sweep,2829
sweep,2718
sweep,3234
sweep,3243
sweep,2893
sweep,3301
sweep,2400
sweep,2534
sweep,4225
sweep,2315
sweep,3070
sweep,1884
sweep,3267
sweep,3678
sweep,4510
sweep,3358
sweep,3259
sweep,2991
sweep,2924
sweep,3177
sweep,2768
sweep,3177
sweep,2734
sweep,3043
sweep,2507
sweep,3007
sweep,4055
sweep,2610
sweep,2934
sweep,3228
sweep,3237
sweep,3485
sweep,2701
sweep,2493
sweep,2552
sweep,3482
sweep,3945
sweep,4113
sweep,4285
sweep,6001
sweep,7671
sweep,6159
sweep,8765
sweep,8490
sweep,8386
sweep,8285
sweep,7535
sweep,7468
sweep,833
mark,1033273
sweep,4862
sweep,4114
sweep,3926
sweep,4035
sweep,3901
sweep,4213
sweep,3856
sweep,3589
sweep,2813
sweep,3117
sweep,2998
sweep,2746
sweep,2988
sweep,3041
sweep,2862
sweep,2945
sweep,3448
sweep,2943
sweep,3037
sweep,12257
sweep,2386
sweep,2727
sweep,3689
sweep,2414
sweep,3132
sweep,1838
sweep,3428
sweep,3922
sweep,4141
sweep,3491
sweep,3336
sweep,2932
sweep,3014
sweep,2989
sweep,2880
sweep,3069
sweep,2807
sweep,3346
sweep,2570
sweep,2802
sweep,3632
sweep,2978
sweep,2859
sweep,3212
sweep,3096
sweep,3799
sweep,2699
sweep,2602
sweep,2389
sweep,5371
sweep,9225
sweep,8532
sweep,8588
sweep,7734
sweep,6299
sweep,6949
sweep,4050
sweep,4470
sweep,4948
sweep,6089
sweep,5529
sweep,5950
sweep,226
mark,1038157
sweep,4405
sweep,3950
sweep,4088
sweep,4156
sweep,3526
sweep,4267
sweep,3790
sweep,3122
sweep,3087
sweep,3565
sweep,3458
sweep,2848
sweep,2767
sweep,2816
sweep,2598
sweep,2627
sweep,3291
sweep,2952
sweep,3244
sweep,3625
sweep,2337
sweep,2410
sweep,4067
sweep,2335
sweep,3730
sweep,1884
sweep,3320
sweep,3917
sweep,4083
sweep,3553
sweep,3227
sweep,3274
sweep,3190
sweep,3019
sweep,2833
sweep,3227
sweep,2794
sweep,2949
sweep,2586
sweep,2963
sweep,3788
sweep,2853
sweep,2831
sweep,3175
sweep,2777
sweep,3448
sweep,2745
sweep,2702
sweep,2494
sweep,3450
sweep,4174
sweep,4000
sweep,4165
sweep,6081
sweep,7690
sweep,5952
sweep,8744
sweep,8609
sweep,8644
sweep,8413
sweep,7399
sweep,7653
sweep,838
mark,1035488
sweep,4632
sweep,3925
sweep,3865
sweep,4118
sweep,3561
sweep,4020
sweep,3603
sweep,3418
sweep,2868
sweep,3331
sweep,3113
sweep,3034
sweep,2774
sweep,2802
sweep,2630
sweep,3279
sweep,3474
sweep,2924
sweep,3205
sweep,3385
sweep,2629
sweep,2626
sweep,3692
sweep,2324
sweep,3574
sweep,1933
sweep,3708
sweep,3604
sweep,4217
sweep,3568
sweep,3027
sweep,3164
sweep,2929
sweep,3030
sweep,2868
sweep,3253
sweep,2675
sweep,3292
sweep,2679
sweep,2823
sweep,3876
sweep,3037
sweep,2880
sweep,3011
sweep,2873
sweep,3450
sweep,2877
sweep,2875
sweep,2421
sweep,5640
sweep,8768
sweep,8379
sweep,8849
sweep,8090
sweep,6326
sweep,7506
sweep,4074
sweep,4446
sweep,4950
sweep,5911
sweep,5593
sweep,5743
sweep,223
mark,1026906
sweep,4513
sweep,4038
sweep,3894
sweep,4513
sweep,3833
sweep,4003
sweep,3844
sweep,3163
sweep,2783
sweep,2954
sweep,3120
sweep,2722
sweep,2884
sweep,3105
sweep,2873
sweep,2989
sweep,3440
sweep,3268
sweep,2924
sweep,3505
sweep,2426
sweep,2807
sweep,3686
sweep,2388
sweep,3322
sweep,2205
sweep,3366
sweep,3758
sweep,4307
sweep,3354
sweep,3008
sweep,3063
sweep,2900
sweep,3071
sweep,2792
sweep,3471
sweep,2748
sweep,3024
sweep,2750
sweep,2891
sweep,3677
sweep,2727
sweep,2931
sweep,2989
sweep,2960
sweep,3440
sweep,2730
sweep,2776
sweep,2516
sweep,3482
sweep,4154
sweep,4147
sweep,4180
sweep,5508
sweep,8953
sweep,6596
sweep,9390
sweep,8384
sweep,8407
sweep,7489
sweep,7579
sweep,7082
sweep,839
mark,1030189
sweep,4710
sweep,4154
sweep,3900
sweep,4157
sweep,3869
sweep,4305
sweep,3819
sweep,3401
sweep,3149
sweep,3725
sweep,3198
sweep,2747
sweep,2737
sweep,3431
sweep,2739
sweep,2828
sweep,3269
sweep,2950
sweep,3269
sweep,3423
sweep,2321
sweep,2592
sweep,4028
sweep,2424
sweep,3740
sweep,2431
sweep,3370
sweep,3959
sweep,4296
sweep,3778
sweep,3107
sweep,3080
sweep,3439
sweep,3231
sweep,2767
sweep,3247
sweep,2753
sweep,3016
sweep,2421
sweep,2710
sweep,4020
sweep,2566
sweep,2713
sweep,3222
sweep,2814
sweep,3959
sweep,2754
sweep,2882
sweep,2772
sweep,5845
sweep,9107
sweep,8658
sweep,8540
sweep,7869
sweep,6356
sweep,7034
sweep,4019
sweep,4529
sweep,5298
sweep,6160
sweep,5565
sweep,5757
sweep,222
mark,1025541
sweep,4841
sweep,3796
sweep,4020
sweep,4317
sweep,3831
sweep,4136
sweep,3889
sweep,3471
sweep,2745
sweep,3509
sweep,3033
sweep,2815
sweep,2797
sweep,2714
sweep,2945
sweep,2886
sweep,3250
sweep,3138
sweep,2988
sweep,3425
sweep,2351
sweep,2493
sweep,3985
sweep,2769
sweep,3150
sweep,1900
sweep,3439
sweep,3892
sweep,4432
sweep,3921
sweep,3200
sweep,3006
sweep,3044
sweep,2926
sweep,2819
sweep,3468
sweep,2778
sweep,3014
sweep,2458
sweep,2685
sweep,4125
sweep,2671
sweep,2622
sweep,3164
sweep,2897
sweep,3660
sweep,3098
sweep,2534
sweep,2829
sweep,3395
sweep,4121
sweep,3942
sweep,4197
sweep,6290
sweep,7557
sweep,5940
sweep,9315
sweep,8076
sweep,8191
sweep,8248
sweep,7498
sweep,7388
sweep,824
mark,1027620
sweep,4662
sweep,4229
sweep,3975
sweep,4086
sweep,3667
sweep,4130
sweep,3761
sweep,3371
sweep,3072
sweep,3271
sweep,3003
sweep,2703
sweep,2796
sweep,2784
sweep,2568
sweep,2868
sweep,3234
sweep,3025
sweep,3125
sweep,3697
sweep,2328
sweep,2596
sweep,3935
sweep,2399
sweep,3069
sweep,2105
sweep,3326
sweep,3887
sweep,4569
sweep,3620
sweep,3293
sweep,2889
sweep,3225
sweep,2946
sweep,3042
sweep,3118
sweep,2802
sweep,3189
sweep,2486
sweep,2903
sweep,3947
sweep,2954
sweep,3187
sweep,2963
sweep,2836
sweep,3750
sweep,2666
sweep,2816
sweep,2672
sweep,5594
sweep,8985
sweep,8499
sweep,8544
sweep,7925
sweep,6325
sweep,7163
sweep,4080
sweep,4189
sweep,5017
sweep,6419
sweep,5659
sweep,5872
sweep,222
mark,1029293
sweep,4639
sweep,3890
sweep,4073
sweep,4411
sweep,3533
sweep,4124
sweep,3636
sweep,3061
sweep,2748
sweep,3352
sweep,3297
sweep,2958
sweep,2800
sweep,2746
sweep,2567
sweep,2741
sweep,3236
sweep,3159
sweep,3106
sweep,3456
sweep,2329
sweep,2686
sweep,3769
sweep,2698
sweep,3163
sweep,2126
sweep,3639
sweep,3578
sweep,4494
sweep,3286
sweep,3004
sweep,3047
sweep,2903
sweep,3195
sweep,2804
sweep,3256
sweep,3016
sweep,3308
sweep,2655
sweep,3053
sweep,3725
sweep,2844
sweep,2842
sweep,2948
sweep,3067
sweep,3471
sweep,2809
sweep,2733
sweep,2590
sweep,3597
sweep,4067
sweep,3922
sweep,4500
sweep,5930
sweep,7675
sweep,6282
sweep,9194
sweep,8270
sweep,8848
sweep,7316
sweep,7676
sweep,7185
sweep,832
mark,1030020
sweep,4475
sweep,3884
sweep,3780
sweep,4319
sweep,3835
sweep,4272
sweep,3630
sweep,3189
sweep,2857
sweep,3431
sweep,3482
sweep,2722
sweep,2968
sweep,2827
sweep,2731
sweep,2751
sweep,3349
sweep,3118
sweep,3008
sweep,3525
sweep,2328
sweep,2642
sweep,3748
sweep,2376
sweep,3377
sweep,1844
sweep,3450
sweep,3721
sweep,4475
sweep,3449
sweep,3459
sweep,3116
sweep,2906
sweep,3061
sweep,2920
sweep,3438
sweep,2832
sweep,3207
sweep,2850
sweep,3071
sweep,3773
sweep,2929
sweep,2891
sweep,2937
sweep,3074
sweep,3415
sweep,2699
sweep,2457
sweep,2390
sweep,6034
sweep,8568
sweep,8216
sweep,8409
sweep,7899
sweep,6604
sweep,7290
sweep,4264
sweep,4258
sweep,4791
sweep,6339
sweep,5888
sweep,6241
sweep,237
mark,1030076
sweep,5092
sweep,3932
sweep,4116
sweep,4191
sweep,3497
sweep,4012
sweep,3765
sweep,3520
sweep,2874
sweep,3191
sweep,3079
sweep,2827
sweep,2595
sweep,2831
sweep,2873
sweep,2971
sweep,3149
sweep,2950
sweep,3153
sweep,3494
sweep,2355
sweep,2517
sweep,3750
sweep,2352
sweep,3069
sweep,1810
sweep,3388
sweep,3636
sweep,4857
sweep,3776
sweep,3714
sweep,2915
sweep,2878
sweep,3168
sweep,2724
sweep,3079
sweep,2941
sweep,3261
sweep,2711
sweep,2735
sweep,3902
sweep,2834
sweep,2768
sweep,3012
sweep,3283
sweep,3700
sweep,3092
sweep,2516
sweep,2662
sweep,3598
sweep,3876
sweep,3974
sweep,4240
sweep,5958
sweep,7642
sweep,5884
sweep,8648
sweep,8989
sweep,8544
sweep,7349
sweep,7145
sweep,6962
sweep,798
mark,1052809
sweep,4604
sweep,4251
sweep,4008
sweep,4404
sweep,3583
sweep,3998
sweep,3533
sweep,3123
sweep,3112
sweep,3411
sweep,3224
sweep,2695
sweep,2709
sweep,2775
sweep,2713
sweep,3042
sweep,3260
sweep,2884
sweep,3183
sweep,3648
sweep,2271
sweep,2507
sweep,3729
sweep,2654
sweep,3178
sweep,1924
sweep,3375
sweep,3769
sweep,4541
sweep,4012
sweep,3248
sweep,3082
sweep,2944
sweep,3027
sweep,2773
sweep,3140
sweep,2775
sweep,3084
sweep,2608
sweep,2735
sweep,3760
sweep,2716
sweep,2819
sweep,3007
sweep,3005
sweep,3369
sweep,2773
sweep,2688
sweep,2708
sweep,5844
sweep,8919
sweep,8509
sweep,8650
sweep,8280
sweep,6143
sweep,7389
sweep,4240
sweep,4376
sweep,5133
sweep,6219
sweep,5818
sweep,5731
sweep,227
mark,1029813
sweep,4655
sweep,4183
sweep,4031
sweep,4184
sweep,3546
sweep,4502
sweep,3950
sweep,3054
sweep,2840
sweep,3233
sweep,3198
sweep,2754
sweep,2641
sweep,2968
sweep,3055
sweep,2805
sweep,3249
sweep,3332
sweep,2996
sweep,3540
sweep,2582
sweep,2419
sweep,4335
sweep,2605
sweep,3502
sweep,1909
sweep,3262
sweep,4146
sweep,4374
sweep,3880
sweep,2900
sweep,2692
sweep,3262
sweep,2925
sweep,2983
sweep,3226
sweep,3046
sweep,3074
sweep,2492
sweep,2987
sweep,3454
sweep,2827
sweep,2700
sweep,2919
sweep,2759
sweep,3414
sweep,2641
sweep,3055
sweep,2508
sweep,3669
sweep,4114
sweep,3973
sweep,4279
sweep,5871
sweep,8611
sweep,6872
sweep,9003
sweep,7992
sweep,8326
sweep,7304
sweep,7065
sweep,7223
sweep,839
mark,1026817
sweep,4528
sweep,3801
sweep,4087
sweep,4291
sweep,4018
sweep,4128
sweep,3669
sweep,3106
sweep,2876
sweep,3466
sweep,3256
sweep,2996
sweep,2942
sweep,2780
sweep,2618
sweep,2884
sweep,3315
sweep,2884
sweep,2909
sweep,3687
sweep,2336
sweep,2419
sweep,3837
sweep,2513
sweep,3023
sweep,1916
sweep,3438
sweep,3622
sweep,4490
sweep,3722
sweep,3184
sweep,2945
sweep,2971
sweep,3338
sweep,3118
sweep,3124
sweep,2989
sweep,3163
sweep,2706
sweep,2655
sweep,4003
sweep,2676
sweep,2712
sweep,2876
sweep,3017
sweep,3380
sweep,3027
sweep,2549
sweep,2527
sweep,5428
sweep,8662
sweep,8402
sweep,8603
sweep,8069
sweep,6692
sweep,6933
sweep,4057
sweep,4232
sweep,5158
sweep,6125
sweep,5692
sweep,6094
sweep,229
mark,1030404
sweep,4580
sweep,3937
sweep,3919
sweep,4423
sweep,3537
sweep,4296
sweep,3646
sweep,3211
sweep,3136
sweep,3375
sweep,3128
sweep,2745
sweep,2793
sweep,3116
sweep,2939
sweep,3030
sweep,3337
sweep,2923
sweep,3027
sweep,3441
sweep,2316
sweep,2788
sweep,3797
sweep,2521
sweep,3081
sweep,1902
sweep,3323
sweep,3987
sweep,4283
sweep,3584
sweep,3070
sweep,2933
sweep,3078
sweep,3348
sweep,2790
sweep,3362
sweep,2699
sweep,3044
sweep,2470
sweep,2772
sweep,4023
sweep,3008
sweep,2789
sweep,3136
sweep,3004
sweep,3678
sweep,2949
sweep,2462
sweep,2432
sweep,3689
sweep,4217
sweep,3978
sweep,4135
sweep,5846
sweep,8332
sweep,6150
sweep,9072
sweep,8314
sweep,8351
sweep,7370
sweep,7217
sweep,7760
sweep,818
mark,1031937
sweep,4716
sweep,4005
sweep,4210
sweep,4031
sweep,3618
sweep,3955
sweep,3819
sweep,3045
sweep,2785
sweep,3627
sweep,3047
sweep,2755
sweep,2913
sweep,3020
sweep,2664
sweep,2669
sweep,3339
sweep,2878
sweep,3200
sweep,3641
sweep,2684
sweep,2458
sweep,3764
sweep,2573
sweep,3263
sweep,2150
sweep,3665
sweep,3934
sweep,4319
sweep,3415
sweep,3125
sweep,3141
sweep,3037
sweep,2915
sweep,3239
sweep,3320
sweep,2947
sweep,3253
sweep,2818
sweep,2781
sweep,4281
sweep,2711
sweep,2856
sweep,3409
sweep,2903
sweep,3494
sweep,2684
sweep,2591
sweep,2536
sweep,5897
sweep,8923
sweep,8680
sweep,8935
sweep,7914
sweep,6032
sweep,7205
sweep,4008
sweep,4270
sweep,5110
sweep,6358
sweep,5863
sweep,6926
sweep,219
mark,1027912
sweep,4776
sweep,3765
sweep,4346
sweep,4269
sweep,3679
sweep,4213
sweep,3828
sweep,3081
sweep,2791
sweep,3100
sweep,3509
sweep,2943
sweep,2999
sweep,2850
sweep,2551
sweep,2751
sweep,3250
sweep,2933
sweep,2979
sweep,3440
sweep,2372
sweep,2598
sweep,3734
sweep,2452
sweep,3491
sweep,1901
sweep,3342
sweep,3555
sweep,4183
sweep,3526
sweep,3144
sweep,3278
sweep,2819
sweep,3504
sweep,2796
sweep,3573
sweep,2885
sweep,3000
sweep,2509
sweep,2848
sweep,3757
sweep,2770
sweep,2727
sweep,3002
sweep,3056
sweep,3865
sweep,2736
sweep,2485
sweep,2675
sweep,3841
sweep,4048
sweep,3988
sweep,4182
sweep,5430
sweep,8437
sweep,6482
sweep,8717
sweep,8374
sweep,8887
sweep,8332
sweep,7709
sweep,7003
sweep,734
mark,1037461
sweep,4594
sweep,4154
sweep,4046
sweep,4041
sweep,3746
sweep,4432
sweep,3632
sweep,3173
sweep,3112
sweep,3288
sweep,2975
sweep,3237
sweep,2733
sweep,3032
sweep,2681
sweep,2759
sweep,3892
sweep,3068
sweep,3154
sweep,3654
sweep,2486
sweep,2378
sweep,4224
sweep,2445
sweep,3042
sweep,1806
sweep,3617
sweep,3785
sweep,4156
sweep,3820
sweep,3175
sweep,3108
sweep,3020
sweep,3216
sweep,3215
sweep,3097
sweep,2768
sweep,3366
sweep,2798
sweep,2629
sweep,3670
sweep,2747
sweep,2668
sweep,2844
sweep,3086
sweep,3571
sweep,3000
sweep,2710
sweep,2436
sweep,5676
sweep,8962
sweep,8456
sweep,8620
sweep,8346
sweep,6518
sweep,7458
sweep,4041
sweep,4372
sweep,4791
sweep,6290
sweep,6095
sweep,5724
sweep,225
mark,1034844
sweep,4529
sweep,4015
sweep,4330
sweep,4205
sweep,3897
sweep,4048
sweep,3590
sweep,3051
sweep,2907
sweep,3043
sweep,3197
sweep,2753
sweep,2674
sweep,2891
sweep,2613
sweep,2985
sweep,3745
sweep,3251
sweep,3168
sweep,3445
sweep,2224
sweep,2511
sweep,3822
sweep,2873
sweep,3045
sweep,1811
sweep,3479
sweep,3821
sweep,4072
sweep,3636
sweep,3139
sweep,3269
sweep,2957
sweep,3248
sweep,2706
sweep,3334
sweep,2725
sweep,3089
sweep,2460
sweep,2955
sweep,3934
sweep,2671
sweep,2647
sweep,3422
sweep,2783
sweep,3685
sweep,3093
sweep,2444
sweep,2792
sweep,3487
sweep,4121
sweep,4246
sweep,4178
sweep,6083
sweep,8123
sweep,5952
sweep,8421
sweep,8281
sweep,8415
sweep,7106
sweep,7051
sweep,7069
sweep,931
mark,1036955
sweep,4700
sweep,4264
sweep,3992
sweep,4260
sweep,3910
sweep,4308
sweep,3667
sweep,3119
sweep,2918
sweep,3529
sweep,3088
sweep,2705
sweep,2907
sweep,3009
sweep,2575
sweep,2784
sweep,3188
sweep,2915
sweep,3283
sweep,3484
sweep,2289
sweep,2418
sweep,4309
sweep,2407
sweep,3088
sweep,1944
sweep,3702
sweep,3852
sweep,4276
sweep,3310
sweep,3516
sweep,2963
sweep,2861
sweep,3397
sweep,2999
sweep,3113
sweep,2731
sweep,3233
sweep,2547
sweep,2852
sweep,3845
sweep,2732
sweep,2672
sweep,3071
sweep,3155
sweep,3771
sweep,2707
sweep,2625
sweep,2579
sweep,5539
sweep,8777
sweep,8960
sweep,8783
sweep,8181
sweep,6368
sweep,6986
sweep,3938
sweep,4317
sweep,4761
sweep,6277
sweep,5649
sweep,5723
sweep,241
mark,1065608
sweep,5169
sweep,4322
sweep,4332
sweep,4445
sweep,3919
sweep,4158
sweep,3609
sweep,3327
sweep,2801
sweep,3063
sweep,3116
sweep,2740
sweep,3087
sweep,3088
sweep,2552
sweep,2697
sweep,3374
sweep,2911
sweep,3006
sweep,3547
sweep,2430
sweep,2580
sweep,4137
sweep,2276
sweep,3190
sweep,1984
sweep,3289
sweep,4220
sweep,4114
sweep,3410
sweep,3130
sweep,3008
sweep,2787
sweep,2986
sweep,2843
sweep,3300
sweep,2701
sweep,3548
sweep,2678
sweep,2696
sweep,3774
sweep,3173
sweep,2748
sweep,3210
sweep,3156
sweep,3405
sweep,3000
sweep,2624
sweep,2512
sweep,3417
sweep,3955
sweep,4228
sweep,4574
sweep,5877
sweep,7704
sweep,6714
sweep,8560
sweep,8158
sweep,8742
sweep,7405
sweep,7710
sweep,7239
sweep,836
mark,1029473
sweep,4909
sweep,4098
sweep,4005
sweep,4110
sweep,3908
sweep,4237
sweep,3703
sweep,3190
sweep,3072
sweep,3548
sweep,3030
sweep,2777
sweep,2928
sweep,3076
sweep,2858
sweep,2694
sweep,3293
sweep,2980
sweep,2969
sweep,3369
sweep,2330
sweep,2455
sweep,3908
sweep,2446
sweep,3077
sweep,2009
sweep,3428
sweep,3849
sweep,4545
sweep,3479
sweep,3578
sweep,3041
sweep,3207
sweep,3172
sweep,2787
sweep,3252
sweep,2966
sweep,3112
sweep,2603
sweep,2650
sweep,4161
sweep,2694
sweep,2762
sweep,3017
sweep,2984
sweep,3671
sweep,2746
sweep,2631
sweep,2568
sweep,5480
sweep,9373
sweep,8874
sweep,8512
sweep,8055
sweep,6313
sweep,7275
sweep,3999
sweep,4384
sweep,4796
sweep,5810
sweep,5741
sweep,6454
sweep,227
mark,1033097
sweep,4904
sweep,4188
sweep,4377
sweep,4151
sweep,3476
sweep,3958
sweep,3659
sweep,3167
sweep,2798
sweep,3174
sweep,3086
sweep,2748
sweep,2893
sweep,3056
sweep,2507
sweep,2697
sweep,3471
sweep,3068
sweep,3168
sweep,3445
sweep,2539
sweep,2426
sweep,4033
sweep,2576
sweep,3056
sweep,1846
sweep,3567
sweep,3622
sweep,4294
sweep,3260
sweep,3277
sweep,3167
sweep,2968
sweep,3043
sweep,2904
sweep,3107
sweep,2828
sweep,3053
sweep,2601
sweep,2628
sweep,3837
sweep,3216
sweep,2746
sweep,3272
sweep,2931
sweep,3437
sweep,2900
sweep,2551
sweep,2556
sweep,3451
sweep,3997
sweep,3933
sweep,4480
sweep,5801
sweep,8129
sweep,6658
sweep,8759
sweep,8316
sweep,8671
sweep,8264
sweep,7230
sweep,7138
sweep,826
mark,1038863
sweep,4894
sweep,4072
sweep,4006
sweep,4131
sweep,3906
sweep,4355
sweep,3925
sweep,3501
sweep,3098
sweep,3638
sweep,3044
sweep,2908
sweep,2717
sweep,2931
sweep,2625
sweep,2862
sweep,3525
sweep,3175
sweep,3000
sweep,3529
sweep,2500
sweep,2403
sweep,4086
sweep,2378
sweep,3317
sweep,1930
sweep,3501
sweep,9258
sweep,4222
sweep,3896
sweep,3531
sweep,3240
sweep,2944
sweep,3018
sweep,2826
sweep,3419
sweep,3225
sweep,3148
sweep,2583
sweep,2890
sweep,3952
sweep,2658
sweep,3179
sweep,2998
sweep,2956
sweep,3577
sweep,2673
sweep,2485
sweep,2498
sweep,5472
sweep,8670
sweep,8256
sweep,8962
sweep,8213
sweep,6059
sweep,6943
sweep,4293
sweep,4386
sweep,5000
sweep,6196
sweep,5954
sweep,6058
sweep,237
mark,1028411
sweep,4458
sweep,4361
sweep,4010
sweep,4008
sweep,3642
sweep,3990
sweep,3461
sweep,3053
sweep,3052
sweep,3026
sweep,3337
sweep,3241
sweep,2834
sweep,2756
sweep,2637
sweep,3038
sweep,3692
sweep,3228
sweep,2875
sweep,3684
sweep,2722
sweep,2455
sweep,3801
sweep,2404
sweep,3152
sweep,1911
sweep,3510
sweep,3552
sweep,4206
sweep,3442
sweep,3299
sweep,2936
sweep,2965
sweep,3148
sweep,3044
sweep,3442
sweep,2700
sweep,3007
sweep,2471
sweep,3097
sweep,3784
sweep,3042
sweep,2645
sweep,2961
sweep,2910
sweep,3402
sweep,2969
sweep,2762
sweep,2480
sweep,3758
sweep,3879
sweep,4012
sweep,4139
sweep,5948
sweep,7473
sweep,6253
sweep,9282
sweep,8136
sweep,8247
sweep,7802
sweep,7552
sweep,7470
sweep,829
mark,1028488
sweep,4832
sweep,3791
sweep,3955
sweep,4001
sweep,3810
sweep,4151
sweep,3725
sweep,3498
sweep,3069
sweep,3212
sweep,3408
sweep,3023
sweep,2689
sweep,2741
sweep,2807
sweep,2817
sweep,3486
sweep,2968
sweep,3015
sweep,3589
sweep,2398
sweep,2479
sweep,3881
sweep,2409
sweep,3050
sweep,2045
sweep,3480
sweep,3642
sweep,4245
sweep,3457
sweep,3269
sweep,3323
sweep,2968
sweep,3088
sweep,2932
sweep,3430
sweep,2715
sweep,3031
sweep,2413
sweep,2702
sweep,4036
sweep,2953
sweep,2701
sweep,2975
sweep,3484
sweep,3721
sweep,2733
sweep,2613
sweep,2525
sweep,5747
sweep,8598
sweep,8916
sweep,8578
sweep,7851
sweep,5762
sweep,7316
sweep,3998
sweep,4195
sweep,4309
sweep,5650
sweep,5606
sweep,6273
sweep,217
mark,1023435
sweep,4921
sweep,4368
sweep,4328
sweep,4154
sweep,3758
sweep,4214
sweep,3859
sweep,3360
sweep,2845
sweep,3202
sweep,3367
sweep,2721
sweep,2765
sweep,2833
sweep,2946
sweep,2669
sweep,3212
sweep,2934
sweep,3067
sweep,3353
sweep,2393
sweep,2679
sweep,3871
sweep,2367
sweep,3426
sweep,1994
sweep,3596
sweep,4230
sweep,4653
sweep,3701
sweep,3422
sweep,3105
sweep,3020
sweep,3031
sweep,3128
sweep,3383
sweep,2739
sweep,3130
sweep,2536
sweep,2747
sweep,3900
sweep,2969
sweep,2605
sweep,3112
sweep,2831
sweep,3442
sweep,2802
sweep,2912
sweep,2467
sweep,3554
sweep,4040
sweep,4099
sweep,4130
sweep,6406
sweep,7856
sweep,5990
sweep,8447
sweep,8224
sweep,8591
sweep,7595
sweep,7366
sweep,7140
sweep,828
mark,1036403
sweep,4810
sweep,3911
sweep,3803
sweep,4146
sweep,3623
sweep,4208
sweep,3547
sweep,3043
sweep,2885
sweep,3469
sweep,2996
sweep,3135
sweep,2739
sweep,3281
sweep,2896
sweep,2790
sweep,3423
sweep,2879
sweep,2974
sweep,3431
sweep,2483
sweep,2467
sweep,3773
sweep,2344
sweep,3072
sweep,2079
sweep,3546
sweep,3580
sweep,4148
sweep,3963
sweep,3065
sweep,3301
sweep,3465
sweep,3177
sweep,2748
sweep,3415
sweep,2952
sweep,3269
sweep,2764
sweep,2789
sweep,3744
sweep,2967
sweep,2762
sweep,3006
sweep,3147
sweep,3667
sweep,2689
sweep,2444
sweep,2471
sweep,5392
sweep,9237
sweep,8879
sweep,8578
sweep,8138
sweep,6625
sweep,7046
sweep,3970
sweep,4350
sweep,4682
sweep,6297
sweep,5775
sweep,5842
sweep,236
mark,1029917
sweep,4586
sweep,3866
sweep,4059
sweep,4202
sweep,3986
sweep,4323
sweep,3418
sweep,3128
sweep,3071
sweep,3171
sweep,3049
sweep,3086
sweep,2697
sweep,2800
sweep,2575
sweep,2769
sweep,3250
sweep,2966
sweep,2961
sweep,3478
sweep,2354
sweep,2853
sweep,3807
sweep,2415
sweep,3405
sweep,2205
sweep,3549
sweep,3914
sweep,4451
sweep,3392
sweep,3118
sweep,3359
sweep,2939
sweep,2989
sweep,2804
sweep,3359
sweep,2867
sweep,3075
sweep,2618
sweep,2755
sweep,3607
sweep,2748
sweep,2653
sweep,3172
sweep,2965
sweep,3538
sweep,2990
sweep,2532
sweep,2470
sweep,3607
sweep,4336
sweep,3907
sweep,4578
sweep,5479
sweep,7754
sweep,5884
sweep,9244
sweep,8079
sweep,8369
sweep,8449
sweep,7560
sweep,7524
sweep,932
mark,1144475
sweep,5106
sweep,4570
sweep,4093
sweep,4111
sweep,3656
sweep,4436
sweep,3785
sweep,3045
sweep,3129
sweep,3512
sweep,3031
sweep,3260
sweep,2872
sweep,2947
sweep,2664
sweep,2985
sweep,3438
sweep,3450
sweep,3041
sweep,3490
sweep,2642
sweep,2665
sweep,3867
sweep,2667
sweep,3113
sweep,2059
sweep,3473
sweep,3986
sweep,4228
sweep,3381
sweep,3207
sweep,3177
sweep,2909
sweep,3223
sweep,3077
sweep,3167
sweep,3052
sweep,3080
sweep,2469
sweep,2984
sweep,4066
sweep,2634
sweep,2992
sweep,3252
sweep,3367
sweep,3364
sweep,2859
sweep,2804
sweep,2846
sweep,5696
sweep,8949
sweep,8546
sweep,8529
sweep,8188
sweep,6509
sweep,7034
sweep,4030
sweep,4238
sweep,4884
sweep,6231
sweep,5456
sweep,5925
sweep,234
mark,1029699
sweep,5043
sweep,3835
sweep,3902
sweep,4238
sweep,3549
sweep,4312
sweep,3750
sweep,3187
sweep,2986
sweep,3289
sweep,3118
sweep,2680
sweep,2843
sweep,3263
sweep,2913
sweep,2943
sweep,3429
sweep,3181
sweep,2913
sweep,3712
sweep,2306
sweep,2648
sweep,4026
sweep,2546
sweep,3186
sweep,2234
sweep,3407
sweep,3542
sweep,4144
sweep,3372
sweep,3165
sweep,2958
sweep,2922
sweep,3020
sweep,2758
sweep,3427
sweep,3038
sweep,3038
sweep,2575
sweep,2687
sweep,3934
sweep,2657
sweep,2706
sweep,3117
sweep,2803
sweep,3416
sweep,2810
sweep,2574
sweep,2631
sweep,4071
sweep,3977
sweep,4129
sweep,4181
sweep,6080
sweep,7848
sweep,5859
sweep,8493
sweep,8452
sweep,8331
sweep,7502
sweep,7834
sweep,7291
sweep,838
mark,1029798
sweep,5023
sweep,3961
sweep,3846
sweep,4075
sweep,3824
sweep,4461
sweep,3600
sweep,3434
sweep,2898
sweep,3426
sweep,3324
sweep,3011
sweep,2888
sweep,3097
sweep,2813
sweep,2801
sweep,3569
sweep,2885
sweep,3249
sweep,3300
sweep,2309
sweep,2356
sweep,3979
sweep,2572
sweep,3225
sweep,1898
sweep,3498
sweep,3560
sweep,4211
sweep,3385
sweep,3094
sweep,3565
sweep,3084
sweep,3265
sweep,2891
sweep,3060
sweep,3069
sweep,3614
sweep,2490
sweep,2709
sweep,4264
sweep,2838
sweep,2796
sweep,3218
sweep,3411
sweep,3791
sweep,2686
sweep,2497
sweep,2502
sweep,5508
sweep,8757
sweep,8799
sweep,8370
sweep,7692
sweep,6162
sweep,7446
sweep,4179
sweep,4192
sweep,4929
sweep,6233
sweep,5606
sweep,5786
sweep,230
mark,1022997
sweep,4424
sweep,3682
sweep,3818
sweep,4048
sweep,3617
sweep,4173
sweep,3490
sweep,3241
sweep,2844
sweep,3296
sweep,3115
sweep,2938
sweep,2977
sweep,3069
sweep,2885
sweep,2849
sweep,3407
sweep,3220
sweep,3070
sweep,3374
sweep,2356
sweep,2816
sweep,3690
sweep,2582
sweep,3268
sweep,1843
sweep,3351
sweep,3694
sweep,4382
sweep,3617
sweep,3584
sweep,3242
sweep,2983
sweep,3045
sweep,2861
sweep,3257
sweep,2756
sweep,3150
sweep,2726
sweep,2691
sweep,3827
sweep,2588
sweep,2698
sweep,3204
sweep,2866
sweep,3435
sweep,2780
sweep,2509
sweep,2649
sweep,3448
sweep,3945
sweep,4037
sweep,4133
sweep,6108
sweep,8115
sweep,6290
sweep,8749
sweep,8168
sweep,8747
sweep,8210
sweep,7227
sweep,7573
sweep,836
mark,1029321
sweep,4978
sweep,3896
sweep,4040
sweep,4105
sweep,3878
sweep,4103
sweep,3583
sweep,3137
sweep,2844
sweep,3488
sweep,2958
sweep,2849
sweep,2873
sweep,2852
sweep,2569
sweep,2791
sweep,3362
sweep,3315
sweep,3114
sweep,3309
sweep,2673
sweep,2397
sweep,3911
sweep,2737
sweep,3274
sweep,1907
sweep,3697
sweep,4006
sweep,4243
sweep,3388
sweep,3098
sweep,2984
sweep,2824
sweep,3012
sweep,2779
sweep,3434
sweep,2688
sweep,3342
sweep,2697
sweep,2905
sweep,3718
sweep,2926
sweep,2675
sweep,3031
sweep,2817
sweep,3425
sweep,2937
sweep,2590
sweep,2419
sweep,5498
sweep,8852
sweep,8468
sweep,8478
sweep,7944
sweep,5988
sweep,7356
sweep,4372
sweep,4612
sweep,4817
sweep,6191
sweep,5871
sweep,5922
sweep,220
mark,1023953
sweep,5070
sweep,4478
sweep,4248
sweep,8668
sweep,3789
sweep,3979
sweep,3643
sweep,3625
sweep,2825
sweep,3339
sweep,3051
sweep,2790
sweep,2756
sweep,2978
sweep,2632
sweep,2587
sweep,3424
sweep,3035
sweep,2846
sweep,3398
sweep,2408
sweep,2576
sweep,3821
sweep,2391
sweep,3231
sweep,2360
sweep,3367
sweep,3635
sweep,4473
sweep,3642
sweep,3305
sweep,3256
sweep,2915
sweep,3158
sweep,2817
sweep,3357
sweep,2733
sweep,3292
sweep,2825
sweep,2722
sweep,3725
sweep,2630
sweep,2693
sweep,3479
sweep,2817
sweep,3418
sweep,2638
sweep,2698
sweep,2457
sweep,3771
sweep,3837
sweep,4013
sweep,4064
sweep,6203
sweep,8651
sweep,6649
sweep,9053
sweep,8292
sweep,8631
sweep,7135
sweep,7470
sweep,7156
sweep,824
mark,1031913
sweep,4785
sweep,3984
sweep,3948
sweep,4307
sweep,3577
sweep,4295
sweep,3565
sweep,3293
sweep,2815
sweep,3305
sweep,3288
sweep,2698
sweep,2856
sweep,2919
sweep,2641
sweep,2959
sweep,3308
sweep,2924
sweep,2982
sweep,3410
sweep,2414
sweep,2501
sweep,3925
sweep,2299
sweep,3601
sweep,1885
sweep,3365
sweep,4223
sweep,4480
sweep,3507
sweep,3009
sweep,2996
sweep,3114
sweep,3316
sweep,2825
sweep,3479
sweep,2868
sweep,3246
sweep,2590
sweep,3125
sweep,3719
sweep,3111
sweep,2773
sweep,3386
sweep,2868
sweep,3694
sweep,2941
sweep,2531
sweep,2486
sweep,5511
sweep,8602
sweep,8501
sweep,8582
sweep,8056
sweep,6472
sweep,7479
sweep,4112
sweep,4286
sweep,5189
sweep,6453
sweep,5881
sweep,5835
sweep,234
mark,1029171
sweep,5009
sweep,3933
sweep,3846
sweep,4367
sweep,3948
sweep,4388
sweep,3743
sweep,3443
sweep,2907
sweep,3193
sweep,3091
sweep,2989
sweep,2947
sweep,2822
sweep,2558
sweep,2849
sweep,3202
sweep,3088
sweep,3516
sweep,3384
sweep,2684
sweep,2387
sweep,4165
sweep,2629
sweep,3100
sweep,1939
sweep,3412
sweep,3939
sweep,4354
sweep,3495
sweep,3666
sweep,3453
sweep,3179
sweep,3091
sweep,3070
sweep,3468
sweep,2848
sweep,3299
sweep,2556
sweep,2841
sweep,3913
sweep,2841
sweep,2726
sweep,3136
sweep,2857
sweep,3759
sweep,2849
sweep,2504
sweep,2519
sweep,3400
sweep,4256
sweep,4155
sweep,4280
sweep,6085
sweep,7794
sweep,5913
sweep,8882
sweep,8241
sweep,8747
sweep,8235
sweep,7609
sweep,7804
sweep,783
mark,1027991
sweep,4750
sweep,4450
sweep,4324
sweep,4050
sweep,3596
sweep,4186
sweep,3624
sweep,3158
sweep,3025
sweep,3245
sweep,3111
sweep,2775
sweep,2904
sweep,3081
sweep,2827
sweep,2751
sweep,3517
sweep,2962
sweep,2986
sweep,3813
sweep,2339
sweep,2371
sweep,4038
sweep,2344
sweep,3411
sweep,1891
sweep,3344
sweep,3692
sweep,4275
sweep,3939
sweep,2990
sweep,3185
sweep,2916
sweep,2982
sweep,3216
sweep,3161
sweep,3372
sweep,3338
sweep,2545
sweep,2675
sweep,3789
sweep,2721
sweep,2775
sweep,3063
sweep,3199
sweep,3406
sweep,2844
sweep,2758
sweep,2824
sweep,5565
sweep,9215
sweep,8483
sweep,8607
sweep,8270
sweep,5854
sweep,6945
sweep,4196
sweep,4342
sweep,4292
sweep,6094
sweep,5638
sweep,6156
sweep,260
mark,1033543
sweep,4588
sweep,3899
sweep,4068
sweep,4180
sweep,3639
sweep,4048
sweep,3646
sweep,3334
sweep,2756
sweep,3463
sweep,3339
sweep,2963
sweep,2748
sweep,2969
sweep,2762
sweep,3030
sweep,3463
sweep,3381
sweep,3210
sweep,3658
sweep,2415
sweep,3090
sweep,3757
sweep,2673
sweep,3010
sweep,2186
sweep,3444
sweep,3693
sweep,4295
sweep,3841
sweep,3180
sweep,3310
sweep,2980
sweep,3301
sweep,3302
sweep,3617
sweep,2799
sweep,3328
sweep,2598
sweep,2687
sweep,3908
sweep,2940
sweep,2737
sweep,2967
sweep,3204
sweep,3519
sweep,2824
sweep,2438
sweep,2578
sweep,3520
sweep,4071
sweep,4044
sweep,4217
sweep,6145
sweep,8155
sweep,6011
sweep,8488
sweep,8456
sweep,8414
sweep,7385
sweep,7400
sweep,7066
sweep,796
mark,1029103
sweep,4526
sweep,4175
sweep,4093
sweep,3942
sweep,3780
sweep,4186
sweep,3720
sweep,3169
sweep,3024
sweep,3016
sweep,2996
sweep,2764
sweep,2638
sweep,2946
sweep,2855
sweep,2723
sweep,3522
sweep,2951
sweep,2969
sweep,3712
sweep,2501
sweep,2456
sweep,3893
sweep,2494
sweep,3048
sweep,1919
sweep,3491
sweep,3659
sweep,4260
sweep,3414
sweep,3006
sweep,3091
sweep,3054
sweep,3119
sweep,2779
sweep,3264
sweep,3124
sweep,3028
sweep,2728
sweep,2718
sweep,3827
sweep,2956
sweep,2933
sweep,2923
sweep,2907
sweep,3528
sweep,2683
sweep,2551
sweep,2788
sweep,5316
sweep,8861
sweep,8296
sweep,8471
sweep,8178
sweep,6202
sweep,7389
sweep,3986
sweep,4712
sweep,4635
sweep,5860
sweep,5567
sweep,5781
sweep,260
mark,1027256
sweep,4514
sweep,3865
sweep,3981
sweep,4262
sweep,3485
sweep,4201
sweep,3972
sweep,3076
sweep,2727
sweep,3107
sweep,3363
sweep,2999
sweep,2758
sweep,2838
sweep,2630
sweep,2696
sweep,3253
sweep,3144
sweep,3270
sweep,3425
sweep,2569
sweep,2587
sweep,3845
sweep,2381
sweep,3227
sweep,2172
sweep,3324
sweep,3649
sweep,4368
sweep,3370
sweep,3248
sweep,3123
sweep,2938
sweep,3330
sweep,2980
sweep,3582
sweep,2965
sweep,3029
sweep,2534
sweep,2702
sweep,3708
sweep,2778
sweep,3013
sweep,3441
sweep,3098
sweep,3729
sweep,2869
sweep,2581
sweep,2732
sweep,3415
sweep,3896
sweep,4367
sweep,4320
sweep,5753
sweep,8445
sweep,6584
sweep,8638
sweep,8491
sweep,8685
sweep,8390
sweep,7392
sweep,7638
sweep,838
mark,1029310
sweep,4858
sweep,3950
sweep,3960
sweep,4328
sweep,3792
sweep,4164
sweep,3677
sweep,3328
sweep,2896
sweep,3451
sweep,3358
sweep,2739
sweep,2801
sweep,3020
sweep,2569
sweep,2753
sweep,3450
sweep,2874
sweep,3244
sweep,3472
sweep,2380
sweep,2524
sweep,3673
sweep,2331
sweep,3246
sweep,2002
sweep,3635
sweep,3677
sweep,4316
sweep,3468
sweep,2955
sweep,3159
sweep,3018
sweep,2926
sweep,2879
sweep,3078
sweep,2825
sweep,3079
sweep,2484
sweep,2820
sweep,3781
sweep,2979
sweep,2577
sweep,2853
sweep,2786
sweep,3830
sweep,2765
sweep,2488
sweep,2629
sweep,5401
sweep,8850
sweep,8439
sweep,8896
sweep,7735
sweep,6107
sweep,7302
sweep,4206
sweep,4317
sweep,4732
sweep,5999
sweep,5542
sweep,5716
sweep,219
mark,1027114
sweep,4606
sweep,4148
sweep,3813
sweep,4607
sweep,3914
sweep,3996
sweep,4139
sweep,3193
sweep,2797
sweep,3156
sweep,3426
sweep,3057
sweep,3019
sweep,2760
sweep,2575
sweep,2708
sweep,3437
sweep,2932
sweep,3031
sweep,3652
sweep,2595
sweep,2551
sweep,3720
sweep,2345
sweep,3488
sweep,1889
sweep,3278
sweep,3616
sweep,4562
sweep,3893
sweep,3187
sweep,3131
sweep,2989
sweep,3094
sweep,2867
sweep,3277
sweep,2835
sweep,3481
sweep,2921
sweep,3003
sweep,3863
sweep,2904
sweep,3189
sweep,2951
sweep,2859
sweep,3649
sweep,3057
sweep,2424
sweep,2572
sweep,3435
sweep,3883
sweep,4201
sweep,4124
sweep,5573
sweep,8076
sweep,6240
sweep,8467
sweep,8764
sweep,8936
sweep,7149
sweep,7565
sweep,7304
sweep,938
mark,1032823
sweep,4976
sweep,3711
sweep,3899
sweep,4325
sweep,3532
sweep,4235
sweep,3598
sweep,3099
sweep,3055
sweep,3255
sweep,3291
sweep,2735
sweep,2704
sweep,2844
sweep,2766
sweep,2812
sweep,3287
sweep,2985
sweep,3293
sweep,3322
sweep,2435
sweep,2427
sweep,3770
sweep,2562
sweep,3190
sweep,1910
sweep,3435
sweep,3928
sweep,4419
sweep,3879
sweep,3196
sweep,3177
sweep,2887
sweep,2954
sweep,2803
sweep,3365
sweep,2771
sweep,3218
sweep,2675
sweep,2580
sweep,3864
sweep,2782
sweep,2770
sweep,3184
sweep,3142
sweep,3491
sweep,2939
sweep,2529
sweep,2714
sweep,5737
sweep,9356
sweep,8692
sweep,8743
sweep,8437
sweep,5753
sweep,7415
sweep,3872
sweep,4492
sweep,4780
sweep,6085
sweep,5569
sweep,5733
sweep,264
mark,1026421
sweep,4809
sweep,3843
sweep,3958
sweep,4024
sweep,3606
sweep,4209
sweep,3784
sweep,3295
sweep,2747
sweep,3505
sweep,3119
sweep,2983
sweep,2710
sweep,2717
sweep,2686
sweep,2742
sweep,3201
sweep,3053
sweep,3270
sweep,3985
sweep,2362
sweep,2535
sweep,3803
sweep,2349
sweep,3317
sweep,2148
sweep,3640
sweep,3646
sweep,4482
sweep,3338
sweep,3533
sweep,3324
sweep,2927
sweep,3135
sweep,2990
sweep,3189
sweep,2737
sweep,3147
sweep,2826
sweep,3230
sweep,3724
sweep,2704
sweep,2758
sweep,3024
sweep,2715
sweep,3427
sweep,2802
sweep,2479
sweep,2567
sweep,3495
sweep,4136
sweep,4056
sweep,4155
sweep,6341
sweep,7768
sweep,5891
sweep,8377
sweep,8445
sweep,8451
sweep,7574
sweep,7304
sweep,7037
sweep,825
mark,1034413
sweep,5034
sweep,3834
sweep,4091
sweep,4253
sweep,3769
sweep,4048
sweep,3815
sweep,3138
sweep,3101
sweep,3223
sweep,2993
sweep,2718
sweep,3063
sweep,2913
sweep,2729
sweep,2685
sweep,3194
sweep,2876
sweep,3312
sweep,3461
sweep,2294
sweep,2655
sweep,3785
sweep,2367
sweep,3124
sweep,2228
sweep,3475
sweep,4011
sweep,4549
sweep,3743
sweep,3077
sweep,2849
sweep,3228
sweep,3028
sweep,2729
sweep,3187
sweep,2824
sweep,3281
sweep,2953
sweep,2770
sweep,3787
sweep,2708
sweep,2707
sweep,3223
sweep,2825
sweep,3767
sweep,2792
sweep,2573
sweep,2445
sweep,5412
sweep,8831
sweep,8741
sweep,8326
sweep,7892
sweep,6057
sweep,7329
sweep,4127
sweep,4285
sweep,4951
sweep,6124
sweep,5679
sweep,5821
sweep,222
mark,1032998
sweep,4770
sweep,3961
sweep,3908
sweep,4237
sweep,3676
sweep,4277
sweep,3757
sweep,3071
sweep,3052
sweep,3132
sweep,3082
sweep,2750
sweep,3112
sweep,2810
sweep,2678
sweep,2731
sweep,3274
sweep,3218
sweep,2970
sweep,3591
sweep,2363
sweep,2445
sweep,3770
sweep,2518
sweep,3052
sweep,1935
sweep,3756
sweep,3938
sweep,4199
sweep,3334
sweep,3050
sweep,3224
sweep,2848
sweep,3009
sweep,3014
sweep,3375
sweep,2734
sweep,2979
sweep,2616
sweep,2644
sweep,3839
sweep,2906
sweep,2649
sweep,3326
sweep,2774
sweep,3613
sweep,2757
sweep,2749
sweep,2398
sweep,3476
sweep,4208
sweep,4009
sweep,4380
sweep,5973
sweep,8488
sweep,6446
sweep,8436
sweep,8409
sweep,8348
sweep,7173
sweep,6962
sweep,7229
sweep,830
mark,1044837
sweep,4979
sweep,4121
sweep,3853
sweep,4093
sweep,3717
sweep,4325
sweep,3846
sweep,3388
sweep,2818
sweep,3369
sweep,3034
sweep,3195
sweep,2802
sweep,2959
sweep,2688
sweep,2758
sweep,3316
sweep,2920
sweep,3036
sweep,3234
sweep,2265
sweep,2398
sweep,4068
sweep,2284
sweep,3317
sweep,1956
sweep,3804
sweep,3815
sweep,4389
sweep,3441
sweep,3366
sweep,3129
sweep,2979
sweep,3070
sweep,2790
sweep,3169
sweep,2718
sweep,3382
sweep,2743
sweep,2773
sweep,3871
sweep,2702
sweep,2762
sweep,2894
sweep,3386
sweep,3559
sweep,2766
sweep,2488
sweep,2560
sweep,5297
sweep,9177
sweep,8801
sweep,8770
sweep,7763
sweep,5836
sweep,7290
sweep,4078
sweep,4349
sweep,4445
sweep,5919
sweep,5629
sweep,6056
sweep,224
mark,1029062
sweep,5048
sweep,3884
sweep,4069
sweep,4463
sweep,3982
sweep,3940
sweep,3767
sweep,3216
sweep,2777
sweep,3292
sweep,3039
sweep,3344
sweep,2975
sweep,2920
sweep,2599
sweep,3164
sweep,3780
sweep,2986
sweep,3205
sweep,3353
sweep,2599
sweep,2956
sweep,3743
sweep,2698
sweep,3176
sweep,1930
sweep,3769
sweep,3646
sweep,4183
sweep,3519
sweep,3562
sweep,2891
sweep,2918
sweep,3022
sweep,2780
sweep,3147
sweep,3114
sweep,3291
sweep,2633
sweep,2928
sweep,3632
sweep,2743
sweep,2663
sweep,3046
sweep,3409
sweep,3541
sweep,2846
sweep,2530
sweep,2661
sweep,3857
sweep,3852
sweep,4088
sweep,4420
sweep,6300
sweep,7644
sweep,5706
sweep,9416
sweep,8020
sweep,8340
sweep,7986
sweep,7411
sweep,7495
sweep,860
mark,1031013
sweep,4561
sweep,4000
sweep,3918
sweep,4023
sweep,3767
sweep,4206
sweep,3745
sweep,3640
sweep,3035
sweep,3074
sweep,3001
sweep,3027
sweep,2766
sweep,2792
sweep,2745
sweep,2818
sweep,3330
sweep,2978
sweep,3171
sweep,3477
sweep,2613
sweep,2444
sweep,3778
sweep,2461
sweep,3182
sweep,1871
sweep,3424
sweep,3776
sweep,4276
sweep,3543
sweep,3339
sweep,3322
sweep,3066
sweep,3066
sweep,2784
sweep,3102
sweep,2973
sweep,3338
sweep,2847
sweep,2738
sweep,3599
sweep,3053
sweep,2978
sweep,2825
sweep,2862
sweep,3513
sweep,2716
sweep,2488
sweep,2435
sweep,5622
sweep,8829
sweep,8559
sweep,8597
sweep,8028
sweep,6486
sweep,7337
sweep,4157
sweep,4268
sweep,4886
sweep,6136
sweep,5804
sweep,5963
sweep,219
mark,1034512
sweep,4473
sweep,4364
sweep,4493
sweep,4108
sweep,3583
sweep,4187
sweep,3669
sweep,3147
sweep,3098
sweep,3068
sweep,3114
sweep,2802
sweep,2842
sweep,2796
sweep,2514
sweep,2680
sweep,3467
sweep,3098
sweep,3251
sweep,3379
sweep,2461
sweep,2712
sweep,3998
sweep,2446
sweep,3724
sweep,1828
sweep,3341
sweep,3854
sweep,4450
sweep,3536
sweep,3017
sweep,3007
sweep,2852
sweep,2905
sweep,2734
sweep,3507
sweep,2746
sweep,3239
sweep,2958
sweep,3081
sweep,3770
sweep,3049
sweep,2607
sweep,3375
sweep,3218
sweep,3593
sweep,2602
sweep,2423
sweep,2463
sweep,3969
sweep,4347
sweep,4175
sweep,4335
sweep,5740
sweep,7847
sweep,5971
sweep,8867
sweep,9035
sweep,8465
sweep,7220
sweep,7968
sweep,7620
sweep,842
mark,1116259
sweep,5067
sweep,4086
sweep,3895
sweep,4160
sweep,3620
sweep,4443
sweep,3772
sweep,3126
sweep,3082
sweep,3437
sweep,3092
sweep,2702
sweep,2701
sweep,3056
sweep,2637
sweep,2968
sweep,3257
sweep,2877
sweep,3320
sweep,3355
sweep,2292
sweep,2603
sweep,3901
sweep,2356
sweep,3451
sweep,1910
sweep,3363
sweep,3611
sweep,4318
sweep,3642
sweep,3052
sweep,2774
sweep,2897
sweep,3117
sweep,3057
sweep,3260
sweep,2784
sweep,3200
sweep,2990
sweep,3078
sweep,3727
sweep,2768
sweep,2948
sweep,3037
sweep,2796
sweep,3638
sweep,2559
sweep,2604
sweep,2428
sweep,5640
sweep,9059
sweep,8949
sweep,8760
sweep,8038
sweep,5972
sweep,7294
sweep,4107
sweep,4442
sweep,4831
sweep,6161
sweep,5874
sweep,5831
sweep,226
mark,1034399
sweep,5317
sweep,4089
sweep,4334
sweep,4254
sweep,3770
sweep,4213
sweep,3608
sweep,3115
sweep,2870
sweep,3104
sweep,3051
sweep,3034
sweep,2857
sweep,2745
sweep,2556
sweep,2706
sweep,3358
sweep,3102
sweep,3027
sweep,3670
sweep,2232
sweep,2507
sweep,4004
sweep,2669
sweep,2997
sweep,2161
sweep,3347
sweep,3674
sweep,4452
sweep,3663
sweep,3128
sweep,3001
sweep,2943
sweep,3019
sweep,3454
sweep,3351
sweep,3083
sweep,3007
sweep,2544
sweep,2668
sweep,3678
sweep,2876
sweep,2742
sweep,2970
sweep,3057
sweep,3754
sweep,2803
sweep,2471
sweep,2455
sweep,3373
sweep,3978
sweep,4392
sweep,4293
sweep,6205
sweep,7748
sweep,5770
sweep,8868
sweep,8424
sweep,8589
sweep,8188
sweep,7356
sweep,7730
sweep,839
mark,1035488
sweep,4702
sweep,3830
sweep,3934
sweep,4386
sweep,3685
sweep,4224
sweep,3725
sweep,3562
sweep,3146
sweep,3181
sweep,3040
sweep,2678
sweep,2963
sweep,2862
sweep,2513
sweep,2739
sweep,3237
sweep,2906
sweep,2928
sweep,3434
sweep,2385
sweep,2670
sweep,3989
sweep,2422
sweep,3124
sweep,2086
sweep,3322
sweep,3594
sweep,4634
sweep,3487
sweep,3489
sweep,2947
sweep,3090
sweep,3010
sweep,3215
sweep,3371
sweep,3163
sweep,3106
sweep,2621
sweep,2753
sweep,3665
sweep,2632
sweep,2958
sweep,2867
sweep,2947
sweep,3795
sweep,2749
sweep,2463
sweep,2603
sweep,5597
sweep,8760
sweep,8298
sweep,8817
sweep,8112
sweep,6654
sweep,7005
sweep,4098
sweep,4474
sweep,5094
sweep,6206
sweep,5801
sweep,5821
sweep,223
mark,1034987
sweep,4736
sweep,4237
sweep,3863
sweep,4482
sweep,4015
sweep,3927
sweep,3581
sweep,3025
sweep,2766
sweep,3226
sweep,3023
sweep,2880
sweep,2964
sweep,3117
sweep,2645
sweep,2736
sweep,3287
sweep,2914
sweep,2909
sweep,3622
sweep,2595
sweep,2701
sweep,3989
sweep,2361
sweep,3055
sweep,1860
sweep,3673
sweep,3883
sweep,4549
sweep,3534
sweep,3104
sweep,3201
sweep,2843
sweep,2991
sweep,3028
sweep,3443
sweep,2966
sweep,3114
sweep,2686
sweep,2620
sweep,3783
sweep,2951
sweep,2750
sweep,3314
sweep,2816
sweep,3451
sweep,2746
sweep,2446
sweep,2583
sweep,3765
sweep,4046
sweep,4053
sweep,4095
sweep,5689
sweep,8189
sweep,6300
sweep,8389
sweep,8176
sweep,8417
sweep,7424
sweep,7194
sweep,7062
sweep,830
mark,1045389
sweep,5169
sweep,4043
sweep,3940
sweep,4015
sweep,3927
sweep,4173
sweep,3671
sweep,3166
sweep,2872
sweep,3225
sweep,3231
sweep,2749
sweep,2740
sweep,2780
sweep,2715
sweep,2776
sweep,3207
sweep,3492
sweep,2980
sweep,3437
sweep,2335
sweep,2678
sweep,4207
sweep,2332
sweep,3088
sweep,2215
sweep,3451
sweep,3691
sweep,4519
sweep,4058
sweep,3205
sweep,2951
sweep,2973
sweep,3027
sweep,2887
sweep,3600
sweep,2738
sweep,3294
sweep,2576
sweep,2680
sweep,3874
sweep,2709
sweep,2765
sweep,2926
sweep,2691
sweep,3516
sweep,2738
sweep,2533
sweep,2815
sweep,5741
sweep,9202
sweep,8738
sweep,8404
sweep,8247
sweep,5863
sweep,7662
sweep,4190
sweep,4344
sweep,4953
sweep,6292
sweep,5801
sweep,6035
sweep,235
mark,1037332
sweep,4681
sweep,4107
sweep,3822
sweep,4556
sweep,3949
sweep,3911
sweep,4130
sweep,3201
sweep,3105
sweep,3328
sweep,3056
sweep,2829
sweep,2698
sweep,3090
sweep,2541
sweep,2775
sweep,3197
sweep,2914
sweep,2918
sweep,3381
sweep,2273
sweep,2432
sweep,3826
sweep,2682
sweep,3081
sweep,1884
sweep,3588
sweep,3921
sweep,4475
sweep,3375
sweep,3425
sweep,3309
sweep,2920
sweep,3037
sweep,2815
sweep,3635
sweep,2980
sweep,3114
sweep,2605
sweep,2645
sweep,3967
sweep,2873
sweep,2779
sweep,3045
sweep,2883
sweep,3405
sweep,2674
sweep,2474
sweep,2519
sweep,3794
sweep,3957
sweep,4014
sweep,4203
sweep,6160
sweep,8400
sweep,6448
sweep,8741
sweep,8211
sweep,8591
sweep,8485
sweep,7310
sweep,7624
sweep,833
mark,1043504
sweep,4875
sweep,4171
sweep,3989
sweep,4264
sweep,3592
sweep,4046
sweep,3823
sweep,3186
sweep,2862
sweep,3259
sweep,2998
sweep,2783
sweep,2568
sweep,2735
sweep,2671
sweep,2646
sweep,3638
sweep,3254
sweep,3062
sweep,3971
sweep,2359
sweep,2622
sweep,3733
sweep,2411
sweep,3581
sweep,1843
sweep,3458
sweep,3699
sweep,4381
sweep,3595
sweep,3027
sweep,3436
sweep,2995
sweep,3189
sweep,2915
sweep,3223
sweep,2777
sweep,3102
sweep,2660
sweep,2677
sweep,3855
sweep,3125
sweep,2933
sweep,3214
sweep,2837
sweep,3850
sweep,2840
sweep,2488
sweep,2456
sweep,5396
sweep,9190
sweep,8549
sweep,8762
sweep,7968
sweep,6328
sweep,7281
sweep,4428
sweep,4468
sweep,4262
sweep,5678
sweep,5637
sweep,6521
sweep,243
mark,1052214
sweep,4487
sweep,3956
sweep,4440
sweep,4258
sweep,3893
sweep,3934
sweep,3567
sweep,3392
sweep,2882
sweep,3259
sweep,2963
sweep,3034
sweep,2631
sweep,2833
sweep,2576
sweep,2712
sweep,3238
sweep,3001
sweep,3305
sweep,3665
sweep,2352
sweep,2497
sweep,3834
sweep,2517
sweep,3037
sweep,1989
sweep,3440
sweep,3678
sweep,4222
sweep,3553
sweep,3335
sweep,2908
sweep,2867
sweep,3000
sweep,2885
sweep,3279
sweep,2871
sweep,3118
sweep,2616
sweep,2900
sweep,3733
sweep,2674
sweep,2760
sweep,2877
sweep,2824
sweep,3692
sweep,2772
sweep,2665
sweep,2596
sweep,3915
sweep,4114
sweep,3921
sweep,4402
sweep,5657
sweep,8365
sweep,6244
sweep,8820
sweep,8525
sweep,8951
sweep,7542
sweep,7766
sweep,7377
sweep,836
mark,1041286
sweep,5078
sweep,3819
sweep,4299
sweep,4242
sweep,3592
sweep,4021
sweep,3592
sweep,3207
sweep,2961
sweep,3262
sweep,3223
sweep,2974
sweep,2775
sweep,2840
sweep,2574
sweep,2778
sweep,3329
sweep,2962
sweep,3017
sweep,3390
sweep,2320
sweep,2453
sweep,3797
sweep,2671
sweep,3653
sweep,1906
sweep,3387
sweep,3593
sweep,4438
sweep,3605
sweep,3064
sweep,3324
sweep,3073
sweep,3445
sweep,2784
sweep,3589
sweep,2699
sweep,3242
sweep,2781
sweep,2936
sweep,3641
sweep,2887
sweep,2670
sweep,2952
sweep,2816
sweep,3424
sweep,2844
sweep,2515
sweep,2719
sweep,5673
sweep,8883
sweep,8575
sweep,8766
sweep,8227
sweep,6097
sweep,7055
sweep,4021
sweep,4560
sweep,4857
sweep,6138
sweep,5951
sweep,5938
sweep,226
mark,1026574
sweep,5276
sweep,4110
sweep,3954
sweep,4312
sweep,3600
sweep,4053
sweep,3479
sweep,3285
sweep,2937
sweep,3190
sweep,3138
sweep,3045
sweep,2875
sweep,3303
sweep,2913
sweep,2907
sweep,3488
sweep,2971
sweep,3031
sweep,3303
sweep,2491
sweep,2622
sweep,3904
sweep,2456
sweep,3570
sweep,2091
sweep,3602
sweep,3576
sweep,4628
sweep,3626
sweep,3388
sweep,3420
sweep,2918
sweep,2958
sweep,2973
sweep,3585
sweep,2717
sweep,3442
sweep,2737
sweep,2720
sweep,3743
sweep,2713
sweep,2962
sweep,3510
sweep,2716
sweep,3405
sweep,2775
sweep,2685
sweep,2687
sweep,3537
sweep,3974
sweep,3958
sweep,4167
sweep,6152
sweep,7553
sweep,5988
sweep,8572
sweep,8148
sweep,8405
sweep,7459
sweep,7139
sweep,7076
sweep,887
mark,1029876
sweep,4670
sweep,4093
sweep,3930
sweep,3908
sweep,3840
sweep,4297
sweep,3688
sweep,3215
sweep,3201
sweep,3436
sweep,3021
sweep,3112
sweep,2770
sweep,2845
sweep,2616
sweep,2998
sweep,3587
sweep,3002
sweep,2897
sweep,3635
sweep,2651
sweep,2372
sweep,3891
sweep,2655
sweep,3053
sweep,1946
sweep,3636
sweep,3652
sweep,4551
sweep,3413
sweep,3162
sweep,2949
sweep,2878
sweep,2966
sweep,2967
sweep,3798
sweep,2770
sweep,3415
sweep,2738
sweep,2656
sweep,3643
sweep,3004
sweep,2785
sweep,2970
sweep,2821
sweep,3389
sweep,2781
sweep,2494
sweep,2751
sweep,5448
sweep,8631
sweep,8422
sweep,8902
sweep,7672
sweep,6122
sweep,6998
sweep,3978
sweep,4508
sweep,5228
sweep,6232
sweep,5833
sweep,5860
sweep,221
mark,1050515
sweep,4878
sweep,4294
sweep,4243
sweep,4408
sweep,3671
sweep,4154
sweep,3794
sweep,3377
sweep,2975
sweep,3097
sweep,2973
sweep,2765
sweep,3148
sweep,2988
sweep,2791
sweep,2624
sweep,3251
sweep,2943
sweep,3090
sweep,3646
sweep,2328
sweep,2424
sweep,4241
sweep,2587
sweep,3132
sweep,2093
sweep,3356
sweep,3898
sweep,4229
sweep,3381
sweep,3241
sweep,3041
sweep,3250
sweep,2932
sweep,2859
sweep,3291
sweep,2901
sweep,3099
sweep,2911
sweep,2654
sweep,3926
sweep,2638
sweep,2700
sweep,3182
sweep,3006
sweep,3695
sweep,2745
sweep,2577
sweep,2474
sweep,3580
sweep,3750
sweep,4063
sweep,4336
sweep,5884
sweep,7992
sweep,6461
sweep,8479
sweep,8428
sweep,8502
sweep,8171
sweep,7258
sweep,7425
sweep,837
mark,1026803
sweep,4782
sweep,4220
sweep,3860
sweep,4169
sweep,3680
sweep,4348
sweep,3661
sweep,3205
sweep,2910
sweep,3541
sweep,2993
sweep,2746
sweep,2716
sweep,2820
sweep,2656
sweep,2785
sweep,3234
sweep,3177
sweep,3126
sweep,3368
sweep,2374
sweep,2504
sweep,4094
sweep,2433
sweep,3077
sweep,2161
sweep,3384
sweep,3742
sweep,4504
sweep,3401
sweep,3003
sweep,3026
sweep,2933
sweep,3527
sweep,2825
sweep,3270
sweep,2743
sweep,3168
sweep,2661
sweep,2733
sweep,3851
sweep,2855
sweep,2657
sweep,2949
sweep,2940
sweep,3378
sweep,2812
sweep,2833
sweep,2523
sweep,5693
sweep,8816
sweep,8401
sweep,9022
sweep,8348
sweep,6062
sweep,7074
sweep,4121
sweep,4444
sweep,4437
sweep,5619
sweep,5861
sweep,6079
sweep,249
mark,1054372
sweep,5285
sweep,4134
sweep,4468
sweep,4350
sweep,3768
sweep,3876
sweep,3502
sweep,3045
sweep,3034
sweep,3188
sweep,3036
sweep,2767
sweep,2833
sweep,3065
sweep,2554
sweep,2708
sweep,3259
sweep,2971
sweep,2861
sweep,3386
sweep,2473
sweep,2799
sweep,3776
sweep,2341
sweep,3278
sweep,2278
sweep,3458
sweep,3937
sweep,4271
sweep,3281
sweep,3186
sweep,3341
sweep,2857
sweep,3031
sweep,2911
sweep,3207
sweep,2830
sweep,3013
sweep,2486
sweep,2748
sweep,3856
sweep,2694
sweep,2910
sweep,2940
sweep,2790
sweep,3387
sweep,2801
sweep,2626
sweep,2525
sweep,3911
sweep,4557
sweep,4360
sweep,4571
sweep,6168
sweep,7600
sweep,6142
sweep,9469
sweep,9602
sweep,8607
sweep,7624
sweep,7715
sweep,7165
sweep,836
mark,1033795
sweep,4795
sweep,4225
sweep,4198
sweep,4115
sweep,3564
sweep,4181
sweep,3646
sweep,3178
sweep,2876
sweep,3304
sweep,3023
sweep,2797
sweep,2719
sweep,2946
sweep,2602
sweep,2684
sweep,3288
sweep,3089
sweep,3016
sweep,3692
sweep,2508
sweep,2443
sweep,3737
sweep,2678
sweep,3635
sweep,1992
sweep,3608
sweep,3602
sweep,4496
sweep,3357
sweep,3067
sweep,2921
sweep,2893
sweep,3155
sweep,2879
sweep,3181
sweep,3074
sweep,3165
sweep,2472
sweep,2572
sweep,3714
sweep,2636
sweep,2648
sweep,2946
sweep,2875
sweep,3629
sweep,2763
sweep,2690
sweep,2441
sweep,5238
sweep,8966
sweep,8963
sweep,8863
sweep,8031
sweep,5829
sweep,6854
sweep,4031
sweep,4379
sweep,4634
sweep,6013
sweep,6155
sweep,6040
sweep,222
mark,1028302
sweep,4589
sweep,4328
sweep,4417
sweep,4125
sweep,3575
sweep,3947
sweep,3566
sweep,3220
sweep,2866
sweep,3281
sweep,3183
sweep,2821
sweep,2738
sweep,2817
sweep,2910
sweep,2567
sweep,3430
sweep,3192
sweep,3042
sweep,3483
sweep,2529
sweep,2472
sweep,3704
sweep,2509
sweep,3580
sweep,2087
sweep,3470
sweep,3941
sweep,4724
sweep,3418
sweep,3438
sweep,2998
sweep,3045
sweep,3103
sweep,2826
sweep,3107
sweep,3099
sweep,3106
sweep,2731
sweep,2675
sweep,3734
sweep,2647
sweep,2761
sweep,3020
sweep,2883
sweep,3634
sweep,3033
sweep,2729
sweep,2429
sweep,3926
sweep,3908
sweep,4054
sweep,4072
sweep,6107
sweep,8320
sweep,5845
sweep,8831
sweep,8789
sweep,8621
sweep,7173
sweep,7100
sweep,7093
sweep,837
mark,1031241
sweep,5147
sweep,4397
sweep,4141
sweep,4393
sweep,3617
sweep,4501
sweep,3839
sweep,3275
sweep,3012
sweep,3529
sweep,3261
sweep,2724
sweep,2700
sweep,2961
sweep,2967
sweep,2685
sweep,3540
sweep,3204
sweep,3431
sweep,3482
sweep,2417
sweep,2459
sweep,4236
sweep,2734
sweep,3789
sweep,2175
sweep,3641
sweep,3618
sweep,4562
sweep,3545
sweep,3058
sweep,2943
sweep,3218
sweep,11604
sweep,2770
sweep,3468
sweep,2876
sweep,3315
sweep,2527
sweep,2982
sweep,3703
sweep,2913
sweep,2706
sweep,3330
sweep,2807
sweep,3473
sweep,2816
sweep,2523
sweep,2422
sweep,5737
sweep,8738
sweep,8505
sweep,8808
sweep,8127
sweep,5898
sweep,7267
sweep,3954
sweep,4660
sweep,4531
sweep,5915
sweep,5910
sweep,6178
sweep,244
mark,1073769
sweep,4775
sweep,3866
sweep,4636
sweep,4157
sweep,3842
sweep,4024
sweep,3557
sweep,3021
sweep,2884
sweep,3149
sweep,3105
sweep,2809
sweep,2947
sweep,2980
sweep,2641
sweep,2748
sweep,3649
sweep,3098
sweep,3195
sweep,3405
sweep,2308
sweep,2564
sweep,3886
sweep,2607
sweep,3072
sweep,1976
sweep,3628
sweep,3791
sweep,4336
sweep,3400
sweep,3058
sweep,2898
sweep,2978
sweep,3101
sweep,2919
sweep,3576
sweep,3055
sweep,3026
sweep,2721
sweep,2748
sweep,3970
sweep,2914
sweep,2666
sweep,3186
sweep,3170
sweep,3370
sweep,2875
sweep,2530
sweep,2491
sweep,3673
sweep,4368
sweep,3905
sweep,4203
sweep,5927
sweep,7680
sweep,5952
sweep,9116
sweep,8156
sweep,8566
sweep,7261
sweep,7426
sweep,7384
sweep,836
mark,1034605
sweep,4717
sweep,4173
sweep,3937
sweep,4060
sweep,3645
sweep,4057
sweep,3668
sweep,3590
sweep,3146
sweep,3356
sweep,3241
sweep,2711
sweep,2710
sweep,3023
sweep,2618
sweep,2693
sweep,3482
sweep,3130
sweep,3253
sweep,4011
sweep,2544
sweep,2525
sweep,4281
sweep,2528
sweep,3689
sweep,1972
sweep,3614
sweep,3588
sweep,4097
sweep,3320
sweep,3199
sweep,3116
sweep,2918
sweep,3026
sweep,2811
sweep,3407
sweep,2810
sweep,3013
sweep,2557
sweep,2687
sweep,3995
sweep,2909
sweep,2649
sweep,2990
sweep,2696
sweep,3711
sweep,2684
sweep,2633
sweep,2475
sweep,6168
sweep,8906
sweep,8493
sweep,8779
sweep,7867
sweep,6006
sweep,7029
sweep,4133
sweep,4255
sweep,4816
sweep,5979
sweep,5569
sweep,5681
sweep,223
mark,1026761
sweep,4661
sweep,3834
sweep,4155
sweep,4100
sweep,3699
sweep,4054
sweep,3863
sweep,3210
sweep,3059
sweep,3145
sweep,3356
sweep,2769
sweep,3059
sweep,2976
sweep,2963
sweep,2851
sweep,3323
sweep,3096
sweep,2943
sweep,11775
sweep,2341
sweep,2749
sweep,3814
sweep,2593
sweep,3941
sweep,2221
sweep,3350
sweep,3901
sweep,4400
sweep,3585
sweep,3096
sweep,3048
sweep,2938
sweep,2882
sweep,2681
sweep,3176
sweep,3017
sweep,3232
sweep,2945
sweep,2648
sweep,4083
sweep,2752
sweep,3062
sweep,3308
sweep,2993
sweep,3455
sweep,2637
sweep,2531
sweep,2439
sweep,3635
sweep,4125
sweep,3986
sweep,4423
sweep,5847
sweep,8492
sweep,6564
sweep,8703
sweep,8352
sweep,8944
sweep,8309
sweep,7567
sweep,7619
sweep,834
mark,1031389
sweep,5354
sweep,3673
sweep,4010
sweep,4093
sweep,3828
sweep,4066
sweep,3593
sweep,3202
sweep,3165
sweep,3201
sweep,3301
sweep,2751
sweep,2740
sweep,2996
sweep,2691
sweep,2945
sweep,3327
sweep,3258
sweep,3110
sweep,3436
sweep,2305
sweep,2665
sweep,3795
sweep,2711
sweep,3945
sweep,2293
sweep,3798
sweep,3905
sweep,4519
sweep,3718
sweep,2959
sweep,3019
sweep,2984
sweep,3200
sweep,2746
sweep,3507
sweep,2822
sweep,3585
sweep,2676
sweep,2801
sweep,3848
sweep,2668
sweep,2691
sweep,2868
sweep,2909
sweep,3420
sweep,2787
sweep,2520
sweep,2485
sweep,5623
sweep,8877
sweep,8546
sweep,8420
sweep,7873
sweep,6257
sweep,6892
sweep,4118
sweep,4406
sweep,4996
sweep,6279
sweep,5523
sweep,6008
sweep,223
mark,1029831
sweep,4682
sweep,3788
sweep,3878
sweep,4137
sweep,3891
sweep,4051
sweep,3836
sweep,3419
sweep,3012
sweep,3372
sweep,3355
sweep,2716
sweep,2718
sweep,2770
sweep,2531
sweep,2806
sweep,3177
sweep,3069
sweep,3235
sweep,3500
sweep,2338
sweep,2781
sweep,4286
sweep,2406
sweep,3012
sweep,2106
sweep,3430
sweep,3653
sweep,4197
sweep,3609
sweep,3278
sweep,3052
sweep,2876
sweep,3101
sweep,2774
sweep,3384
sweep,3108
sweep,3496
sweep,2895
sweep,2902
sweep,3762
sweep,2653
sweep,2716
sweep,3147
sweep,2895
sweep,3662
sweep,2935
sweep,2715
sweep,2744
sweep,3715
sweep,4076
sweep,4470
sweep,4141
sweep,5646
sweep,7643
sweep,5974
sweep,8584
sweep,9087
sweep,8723
sweep,7402
sweep,7280
sweep,7184
sweep,833
mark,1045881
sweep,4751
sweep,3984
sweep,4351
sweep,3973
sweep,3849
sweep,4081
sweep,3901
sweep,3114
sweep,3053
sweep,3464
sweep,2895
sweep,2847
sweep,2771
sweep,3087
sweep,2590
sweep,2707
sweep,3278
sweep,2944
sweep,3331
sweep,3731
sweep,2351
sweep,2440
sweep,4023
sweep,2406
sweep,3639
sweep,2012
sweep,3557
sweep,3905
sweep,4129
sweep,3423
sweep,3087
sweep,3166
sweep,2818
sweep,3050
sweep,2921
sweep,3017
sweep,3016
sweep,3254
sweep,2873
sweep,2627
sweep,3727
sweep,2887
sweep,2693
sweep,2873
sweep,2971
sweep,3465
sweep,3092
sweep,2506
sweep,2757
sweep,5445
sweep,9058
sweep,9013
sweep,8807
sweep,8484
sweep,5756
sweep,7692
sweep,4272
sweep,4167
sweep,5076
sweep,6343
sweep,5934
sweep,5826
sweep,253
mark,1027505
sweep,4620
sweep,4030
sweep,4485
sweep,4162
sweep,3702
sweep,4247
sweep,3516
sweep,3085
sweep,3046
sweep,3337
sweep,3240
sweep,2707
sweep,2669
sweep,2851
sweep,2534
sweep,2777
sweep,3580
sweep,3161
sweep,2932
sweep,3769
sweep,2397
sweep,2776
sweep,3734
sweep,2846
sweep,3028
sweep,1918
sweep,3378
sweep,3684
sweep,4213
sweep,3451
sweep,3042
sweep,2893
sweep,3018
sweep,2983
sweep,2777
sweep,3293
sweep,2799
sweep,3040
sweep,2496
sweep,2691
sweep,4041
sweep,2960
sweep,2901
sweep,3158
sweep,2901
sweep,3649
sweep,2968
sweep,2540
sweep,2501
sweep,3461
sweep,4103
sweep,3931
sweep,4091
sweep,5931
sweep,8129
sweep,6607
sweep,8539
sweep,8569
sweep,8464
sweep,8363
sweep,7303
sweep,7661
sweep,801
mark,1030375
sweep,4832
sweep,3953
sweep,4269
sweep,4181
sweep,3678
sweep,4015
sweep,3604
sweep,3323
sweep,2874
sweep,3197
sweep,3379
sweep,2741
sweep,2639
sweep,3354
sweep,2611
sweep,2784
sweep,3591
sweep,2944
sweep,3163
sweep,3476
sweep,2396
sweep,2351
sweep,3708
sweep,2369
sweep,3661
sweep,1897
sweep,3713
sweep,3835
sweep,4163
sweep,3403
sweep,3068
sweep,3332
sweep,2992
sweep,3121
sweep,2803
sweep,3281
sweep,3056
sweep,3389
sweep,2539
sweep,2608
sweep,3902
sweep,2581
sweep,2874
sweep,3450
sweep,2820
sweep,3375
sweep,2745
sweep,2502
sweep,2560
sweep,5874
sweep,9192
sweep,8476
sweep,8611
sweep,7638
sweep,6267
sweep,6868
sweep,4039
sweep,4553
sweep,4737
sweep,6043
sweep,5596
sweep,5856
sweep,248
mark,1030751
sweep,4674
sweep,4033
sweep,4112
sweep,4203
sweep,3475
sweep,4388
sweep,3789
sweep,3074
sweep,3075
sweep,3056
sweep,3352
sweep,3031
sweep,2713
sweep,3252
sweep,2587
sweep,2797
sweep,3494
sweep,2868
sweep,2991
sweep,3401
sweep,2524
sweep,2428
sweep,3811
sweep,2546
sweep,3661
sweep,2013
sweep,3437
sweep,4297
sweep,4574
sweep,3338
sweep,3055
sweep,3075
sweep,3002
sweep,3231
sweep,2815
sweep,3216
sweep,2901
sweep,3036
sweep,2488
sweep,2956
sweep,3820
sweep,3180
sweep,2834
sweep,3087
sweep,2817
sweep,3536
sweep,2732
sweep,2498
sweep,2532
sweep,3941
sweep,4036
sweep,4021
sweep,4206
sweep,6036
sweep,7954
sweep,5897
sweep,8991
sweep,8270
sweep,8793
sweep,7494
sweep,7372
sweep,7021
sweep,836
mark,1035120
sweep,5183
sweep,4219
sweep,3849
sweep,4177
sweep,3546
sweep,4438
sweep,3903
sweep,3170
sweep,2863
sweep,3467
sweep,3026
sweep,2689
sweep,2948
sweep,3038
sweep,2652
sweep,3204
sweep,3526
sweep,2968
sweep,3443
sweep,3731
sweep,2476
sweep,2359
sweep,3765
sweep,2377
sweep,3095
sweep,2087
sweep,3670
sweep,3666
sweep,4251
sweep,3392
sweep,2972
sweep,3094
sweep,3266
sweep,3227
sweep,3335
sweep,3230
sweep,2971
sweep,3020
sweep,2712
sweep,2776
sweep,4019
sweep,3370
sweep,2715
sweep,2922
sweep,2791
sweep,3689
sweep,2723
sweep,2489
sweep,2443
sweep,6045
sweep,8883
sweep,8957
sweep,8669
sweep,8072
sweep,6373
sweep,7394
sweep,4060
sweep,4397
sweep,5075
sweep,6144
sweep,5680
sweep,5859
sweep,227
mark,1031596
sweep,5062
sweep,4313
sweep,4320
sweep,4359
sweep,3858
sweep,4191
sweep,3654
sweep,3097
sweep,3046
sweep,3206
sweep,3135
sweep,2791
sweep,2809
sweep,2860
sweep,2838
sweep,2655
sweep,3593
sweep,2878
sweep,2949
sweep,3448
sweep,2343
sweep,2567
sweep,3972
sweep,2568
sweep,3493
sweep,2214
sweep,3546
sweep,3677
sweep,4392
sweep,3357
sweep,3283
sweep,2987
sweep,3022
sweep,3121
sweep,3085
sweep,3422
sweep,2927
sweep,3262
sweep,2600
sweep,2606
sweep,4052
sweep,3195
sweep,2578
sweep,3315
sweep,3098
sweep,3798
sweep,2781
sweep,2448
sweep,2450
sweep,3598
sweep,3900
sweep,4042
sweep,4152
sweep,5628
sweep,8384
sweep,6249
sweep,9021
sweep,8288
sweep,8963
sweep,7226
sweep,7573
sweep,7113
sweep,833
mark,1031913
sweep,4691
sweep,4112
sweep,3861
sweep,4098
sweep,3525
sweep,4162
sweep,3800
sweep,3114
sweep,2839
sweep,3613
sweep,3054
sweep,3194
sweep,2706
sweep,2945
sweep,2733
sweep,3256
sweep,3466
sweep,2867
sweep,3056
sweep,3723
sweep,2541
sweep,2410
sweep,3773
sweep,2813
sweep,3058
sweep,1920
sweep,3582
sweep,3809
sweep,4555
sweep,3289
sweep,3252
sweep,3020
sweep,2974
sweep,2973
sweep,2961
sweep,3073
sweep,2965
sweep,3278
sweep,2766
sweep,2673
sweep,3760
sweep,2658
sweep,2919
sweep,3037
sweep,3152
sweep,3379
sweep,2619
sweep,2447
sweep,2692
sweep,5597
sweep,8706
sweep,8166
sweep,8495
sweep,7797
sweep,6080
sweep,7137
sweep,3934
sweep,4199
sweep,4935
sweep,6110
sweep,5500
sweep,6026
sweep,245
mark,1030278
sweep,4828
sweep,3962
sweep,3842
sweep,4107
sweep,3803
sweep,4051
sweep,3491
sweep,3250
sweep,2892
sweep,3108
sweep,3140
sweep,2702
sweep,2669
sweep,2899
sweep,2841
sweep,3174
sweep,3177
sweep,3085
sweep,3046
sweep,3710
sweep,2612
sweep,2858
sweep,3993
sweep,2384
sweep,3085
sweep,1942
sweep,3395
sweep,3880
sweep,4424
sweep,3468
sweep,3290
sweep,3173
sweep,3142
sweep,3175
sweep,2958
sweep,3448
sweep,2815
sweep,3012
sweep,2476
sweep,2730
sweep,4041
sweep,3082
sweep,2619
sweep,3060
sweep,2758
sweep,3471
sweep,2785
sweep,2505
sweep,2511
sweep,3583
sweep,4116
sweep,4188
sweep,4132
sweep,5659
sweep,8611
sweep,6765
sweep,8516
sweep,8225
sweep,8451
sweep,7505
sweep,7432
sweep,7267
sweep,795
mark,1057844
sweep,4778
sweep,4063
sweep,3909
sweep,4030
sweep,3708
sweep,4360
sweep,4050
sweep,3218
sweep,2953
sweep,3234
sweep,2999
sweep,2723
sweep,2871
sweep,2896
sweep,2583
sweep,2972
sweep,3342
sweep,3397
sweep,3078
sweep,3515
sweep,2627
sweep,2707
sweep,3915
sweep,2517
sweep,3754
sweep,2158
sweep,3642
sweep,3629
sweep,4171
sweep,3921
sweep,3098
sweep,3021
sweep,2869
sweep,2977
sweep,3125
sweep,3166
sweep,2889
sweep,3149
sweep,2664
sweep,2668
sweep,3723
sweep,2771
sweep,2601
sweep,3433
sweep,2972
sweep,3539
sweep,2673
sweep,2647
sweep,2533
sweep,5394
sweep,8803
sweep,8477
sweep,8572
sweep,7835
sweep,5985
sweep,7210
sweep,4393
sweep,4397
sweep,5039
sweep,6254
sweep,5853
sweep,5897
sweep,236
mark,1037266
sweep,4901
sweep,3758
sweep,4064
sweep,4439
sweep,3872
sweep,4080
sweep,3903
sweep,3181
sweep,2961
sweep,3153
sweep,3080
sweep,2884
sweep,2720
sweep,2628
sweep,2812
sweep,2770
sweep,3318
sweep,3246
sweep,3174
sweep,3686
sweep,2339
sweep,2538
sweep,4063
sweep,2398
sweep,3095
sweep,2086
sweep,3348
sweep,3633
sweep,4164
sweep,3545
sweep,3169
sweep,3286
sweep,3386
sweep,2972
sweep,2810
sweep,3228
sweep,2725
sweep,2997
sweep,2847
sweep,3064
sweep,3923
sweep,2853
sweep,2665
sweep,3508
sweep,2818
sweep,3568
sweep,3031
sweep,2756
sweep,2611
sweep,3536
sweep,3879
sweep,4145
sweep,4217
sweep,6132
sweep,7811
sweep,5975
sweep,8686
sweep,8460
sweep,8716
sweep,8239
sweep,7428
sweep,7353
sweep,834
mark,1036368
sweep,5097
sweep,4069
sweep,3953
sweep,4409
sweep,3891
sweep,4367
sweep,3816
sweep,3309
sweep,2901
sweep,3210
sweep,2942
sweep,2726
sweep,2752
sweep,3070
sweep,2498
sweep,2986
sweep,3246
sweep,3049
sweep,2935
sweep,3709
sweep,2576
sweep,2359
sweep,4002
sweep,2332
sweep,3047
sweep,1883
sweep,3751
sweep,3771
sweep,4235
sweep,3457
sweep,3259
sweep,3181
sweep,2872
sweep,3210
sweep,2762
sweep,3039
sweep,2941
sweep,3087
sweep,2531
sweep,2734
sweep,3682
sweep,2609
sweep,3037
sweep,2922
sweep,2858
sweep,3652
sweep,2629
sweep,2628
sweep,2492
sweep,5445
sweep,9165
sweep,8883
sweep,8590
sweep,8472
sweep,6681
sweep,7334
sweep,4069
sweep,4433
sweep,4757
sweep,6326
sweep,6062
sweep,5734
sweep,220
mark,1029341
sweep,5126
sweep,3998
sweep,3959
sweep,4306
sweep,3883
sweep,4268
sweep,3487
sweep,3257
sweep,2724
sweep,3045
sweep,3413
sweep,2816
sweep,2729
sweep,2785
sweep,2527
sweep,2828
sweep,3481
sweep,3120
sweep,3263
sweep,3498
sweep,2276
sweep,2833
sweep,3708
sweep,2664
sweep,3425
sweep,1894
sweep,3303
sweep,4020
sweep,4230
sweep,3635
sweep,3091
sweep,3137
sweep,2879
sweep,3105
sweep,2766
sweep,3345
sweep,2733
sweep,3050
sweep,2817
sweep,2703
sweep,3735
sweep,2741
sweep,3132
sweep,3025
sweep,2773
sweep,3539
sweep,2849
sweep,2490
sweep,2768
sweep,3797
sweep,4119
sweep,4070
sweep,4283
sweep,5971
sweep,7538
sweep,5903
sweep,8355
sweep,8428
sweep,8468
sweep,7597
sweep,7188
sweep,7212
sweep,830
mark,1036542
sweep,4872
sweep,3949
sweep,4008
sweep,4284
sweep,3757
sweep,4232
sweep,3841
sweep,3415
sweep,2908
sweep,3293
sweep,2950
sweep,2803
sweep,2876
sweep,3354
sweep,2817
sweep,2965
sweep,3613
sweep,2940
sweep,3031
sweep,3461
sweep,2415
sweep,2540
sweep,3760
sweep,2699
sweep,3150
sweep,1908
sweep,3403
sweep,3880
sweep,4169
sweep,3565
sweep,3373
sweep,2958
sweep,3457
sweep,3021
sweep,2875
sweep,3103
sweep,2975
sweep,3263
sweep,2488
sweep,2697
sweep,4116
sweep,2726
sweep,2804
sweep,2936
sweep,2916
sweep,3524
sweep,2905
sweep,2466
sweep,2471
sweep,5313
sweep,8848
sweep,8542
sweep,8622
sweep,8183
sweep,5891
sweep,7378
sweep,4033
sweep,4318
sweep,4324
sweep,5667
sweep,5763
sweep,6069
sweep,221
mark,1027489
sweep,4439
sweep,3913
sweep,4650
sweep,4272
sweep,3862
sweep,4051
sweep,3718
sweep,3326
sweep,3214
sweep,3054
sweep,2938
sweep,2759
sweep,2993
sweep,2733
sweep,2544
sweep,2889
sweep,3265
sweep,3283
sweep,3058
sweep,3274
sweep,2444
sweep,2482
sweep,3827
sweep,2398
sweep,3630
sweep,1975
sweep,3332
sweep,3841
sweep,4342
sweep,3452
sweep,3493
sweep,3384
sweep,2894
sweep,3269
sweep,2907
sweep,3529
sweep,2836
sweep,3087
sweep,2786
sweep,2718
sweep,3774
sweep,2622
sweep,2986
sweep,3026
sweep,3066
sweep,3599
sweep,2750
sweep,2519
sweep,2499
sweep,3587
sweep,4036
sweep,3957
sweep,4297
sweep,5688
sweep,8558
sweep,5840
sweep,9349
sweep,8228
sweep,8888
sweep,7451
sweep,7754
sweep,7403
sweep,837
mark,1057708
sweep,4758
sweep,4287
sweep,4002
sweep,4195
sweep,3683
sweep,4365
sweep,3669
sweep,3356
sweep,2906
sweep,3509
sweep,2960
sweep,3111
sweep,2750
sweep,2929
sweep,2687
sweep,2701
sweep,3302
sweep,2979
sweep,3081
sweep,3630
sweep,2536
sweep,2574
sweep,3812
sweep,2395
sweep,3513
sweep,2237
sweep,3645
sweep,3717
sweep,4371
sweep,3403
sweep,3213
sweep,3256
sweep,2902
sweep,3118
sweep,2863
sweep,3189
sweep,2980
sweep,3056
sweep,2783
sweep,2635
sweep,3738
sweep,2650
sweep,3062
sweep,2903
sweep,2697
sweep,3394
sweep,2706
sweep,2454
sweep,2720
sweep,5526
sweep,8827
sweep,8494
sweep,8421
sweep,8352
sweep,6047
sweep,7819
sweep,4187
sweep,4383
sweep,5025
sweep,6276
sweep,5794
sweep,5798
sweep,228
mark,1034604
sweep,4913
sweep,4327
sweep,4465
sweep,4183
sweep,3884
sweep,4045
sweep,3535
sweep,3195
sweep,2843
sweep,3304
sweep,3151
sweep,2867
sweep,2890
sweep,2797
sweep,2873
sweep,3040
sweep,3409
sweep,3023
sweep,3020
sweep,3465
sweep,2341
sweep,2782
sweep,3785
sweep,2231
sweep,3220
sweep,1903
sweep,3558
sweep,3708
sweep,4269
sweep,3414
sweep,3190
sweep,3031
sweep,2871
sweep,2982
sweep,2787
sweep,3236
sweep,2782
sweep,3126
sweep,2453
sweep,2772
sweep,3712
sweep,2686
sweep,2876
sweep,2915
sweep,3022
sweep,3447
sweep,3050
sweep,2612
sweep,2540
sweep,3424
sweep,3957
sweep,4239
sweep,4181
sweep,6144
sweep,8239
sweep,6518
sweep,8766
sweep,8011
sweep,8180
sweep,8304
sweep,7424
sweep,7762
sweep,935
mark,1034343
sweep,5011
sweep,4229
sweep,4092
sweep,4233
sweep,3578
sweep,4173
sweep,3827
sweep,3407
sweep,3077
sweep,3150
sweep,3146
sweep,3261
sweep,3042
sweep,3238
sweep,2603
sweep,2806
sweep,3345
sweep,2995
sweep,2900
sweep,3700
sweep,2330
sweep,2536
sweep,3908
sweep,2522
sweep,3621
sweep,2154
sweep,3501
sweep,3853
sweep,4746
sweep,3370
sweep,3759
sweep,3018
sweep,2899
sweep,2942
sweep,2768
sweep,2920
sweep,2718
sweep,2993
sweep,2846
sweep,2708
sweep,3796
sweep,2889
sweep,2898
sweep,3360
sweep,2741
sweep,3650
sweep,2922
sweep,2428
sweep,2749
sweep,5863
sweep,8741
sweep,8598
sweep,7913
sweep,7866
sweep,5624
sweep,7376
sweep,3998
sweep,4869
sweep,4166
sweep,6026
sweep,5559
sweep,5922
sweep,217
mark,1030302
sweep,4842
sweep,4149
sweep,4371
sweep,4294
sweep,3467
sweep,4238
sweep,3788
sweep,3189
sweep,2880
sweep,3197
sweep,3047
sweep,2697
sweep,2932
sweep,3372
sweep,2866
sweep,2692
sweep,3256
sweep,3157
sweep,3102
sweep,3419
sweep,2421
sweep,2674
sweep,3711
sweep,2520
sweep,3020
sweep,1878
sweep,3348
sweep,3860
sweep,4429
sweep,3279
sweep,3180
sweep,3022
sweep,2876
sweep,3069
sweep,2822
sweep,3263
sweep,2730
sweep,2987
sweep,2453
sweep,2898
sweep,3760
sweep,2543
sweep,2823
sweep,3037
sweep,3050
sweep,3681
sweep,2856
sweep,2415
sweep,2541
sweep,3687
sweep,3981
sweep,4017
sweep,4188
sweep,6085
sweep,7439
sweep,6095
sweep,8625
sweep,8763
sweep,8572
sweep,8202
sweep,7413
sweep,7760
sweep,839
mark,1040852
sweep,4793
sweep,3741
sweep,4009
sweep,4278
sweep,4031
sweep,4138
sweep,3698
sweep,3116
sweep,2828
sweep,3445
sweep,3272
sweep,2748
sweep,2723
sweep,2904
sweep,2731
sweep,2831
sweep,3273
sweep,3346
sweep,3131
sweep,3908
sweep,2402
sweep,2568
sweep,3719
sweep,2442
sweep,3182
sweep,1930
sweep,3563
sweep,3693
sweep,4181
sweep,3394
sweep,3121
sweep,2982
sweep,2882
sweep,2811
sweep,2901
sweep,3607
sweep,2733
sweep,3127
sweep,2801
sweep,3056
sweep,3884
sweep,3085
sweep,3097
sweep,3235
sweep,2812
sweep,4025
sweep,3121
sweep,2538
sweep,2435
sweep,5807
sweep,9019
sweep,8448
sweep,8788
sweep,7847
sweep,6672
sweep,6952
sweep,3987
sweep,4383
sweep,4997
sweep,6310
sweep,6028
sweep,5832
sweep,222
mark,1030149
sweep,4440
sweep,3883
sweep,4109
sweep,4125
sweep,3670
sweep,4395
sweep,3514
sweep,3494
sweep,3029
sweep,3020
sweep,2985
sweep,2794
sweep,2688
sweep,2720
sweep,2569
sweep,2631
sweep,3279
sweep,3147
sweep,3284
sweep,3410
sweep,2401
sweep,2585
sweep,4209
sweep,2765
sweep,3233
sweep,1842
sweep,3582
sweep,3910
sweep,4249
sweep,3709
sweep,3258
sweep,2910
sweep,2873
sweep,3032
sweep,2834
sweep,3216
sweep,2917
sweep,3088
sweep,2633
sweep,2941
sweep,3832
sweep,3003
sweep,2859
sweep,3057
sweep,2878
sweep,3337
sweep,2722
sweep,2531
sweep,2442
sweep,3607
sweep,3891
sweep,4255
sweep,4212
sweep,5726
sweep,8134
sweep,6782
sweep,8634
sweep,8284
sweep,8621
sweep,8113
sweep,7422
sweep,7713
sweep,838
mark,1029683
sweep,4637
sweep,4162
sweep,3930
sweep,4021
sweep,3645
sweep,4284
sweep,3859
sweep,3130
sweep,2972
sweep,3572
sweep,2973
sweep,3003
sweep,2847
sweep,2838
sweep,2893
sweep,3055
sweep,3576
sweep,3506
sweep,3072
sweep,3526
sweep,2347
sweep,2399
sweep,3859
sweep,2464
sweep,3493
sweep,1964
sweep,3520
sweep,3753
sweep,4673
sweep,3283
sweep,3198
sweep,2996
sweep,2857
sweep,3325
sweep,3011
sweep,3584
sweep,3004
sweep,3355
sweep,2483
sweep,2732
sweep,3792
sweep,3016
sweep,2803
sweep,3306
sweep,3202
sweep,3496
sweep,2637
sweep,2465
sweep,2445
sweep,5340
sweep,8840
sweep,8561
sweep,8519
sweep,7675
sweep,5975
sweep,7198
sweep,4363
sweep,4238
sweep,4870
sweep,6222
sweep,5682
sweep,5835
sweep,223
mark,1029661
sweep,4758
sweep,3871
sweep,3923
sweep,3870
sweep,3476
sweep,4108
sweep,3584
sweep,3261
sweep,3104
sweep,3377
sweep,3077
sweep,2726
sweep,2756
sweep,3018
sweep,2637
sweep,2734
sweep,3344
sweep,2859
sweep,3124
sweep,3605
sweep,2428
sweep,2457
sweep,3948
sweep,2402
sweep,3710
sweep,1860
sweep,3372
sweep,3588
sweep,4557
sweep,3617
sweep,3252
sweep,3146
sweep,2946
sweep,3365
sweep,2835
sweep,3235
sweep,2840
sweep,3032
sweep,2735
sweep,2664
sweep,3684
sweep,2736
sweep,3109
sweep,3143
sweep,3083
sweep,3403
sweep,2811
sweep,2498
sweep,2492
sweep,3799
sweep,4249
sweep,4230
sweep,4282
sweep,6491
sweep,7505
sweep,6064
sweep,9502
sweep,8110
sweep,8154
sweep,8135
sweep,7330
sweep,7664
sweep,832
mark,1029385
sweep,4834
sweep,4106
sweep,4279
sweep,4162
sweep,3624
sweep,4013
sweep,3736
sweep,3661
sweep,2819
sweep,3673
sweep,3197
sweep,2715
sweep,2944
sweep,2903
sweep,2558
sweep,2667
sweep,3355
sweep,3214
sweep,2983
sweep,3331
sweep,2296
sweep,2600
sweep,3811
sweep,2513
sweep,3807
sweep,2024
sweep,3792
sweep,3840
sweep,4681
sweep,3799
sweep,3136
sweep,2896
sweep,3294
sweep,3010
sweep,2843
sweep,3327
sweep,2919
sweep,3171
sweep,2478
sweep,3111
sweep,3993
sweep,2656
sweep,2920
sweep,3057
sweep,2847
sweep,3589
sweep,2843
sweep,2499
sweep,2485
sweep,5825
sweep,9210
sweep,8504
sweep,8565
sweep,8344
sweep,6595
sweep,7424
sweep,4412
sweep,4377
sweep,4818
sweep,6339
sweep,5903
sweep,5790
sweep,228
mark,1028912
sweep,4745
sweep,3889
sweep,4540
sweep,4151
sweep,3883
sweep,4122
sweep,3711
sweep,3040
sweep,2827
sweep,3381
sweep,3084
sweep,2877
sweep,2878
sweep,2717
sweep,2593
sweep,2710
sweep,3530
sweep,2920
sweep,2983
sweep,3393
sweep,2352
sweep,2546
sweep,4099
sweep,2587
sweep,3040
sweep,2083
sweep,3585
sweep,3737
sweep,4098
sweep,3391
sweep,3610
sweep,3032
sweep,3068
sweep,3365
sweep,2771
sweep,3468
sweep,3028
sweep,3352
sweep,2781
sweep,2790
sweep,4108
sweep,2610
sweep,2791
sweep,3172
sweep,2783
sweep,3718
sweep,6519
sweep,2572
sweep,2574
sweep,3432
sweep,4260
sweep,4171
sweep,4531
sweep,5651
sweep,7770
sweep,5996
sweep,9376
sweep,8076
sweep,8627
sweep,7103
sweep,7289
sweep,7196
sweep,832
mark,1045608
sweep,4830
sweep,3796
sweep,4335
sweep,4076
sweep,3723
sweep,4362
sweep,3564
sweep,3380
sweep,2859
sweep,3489
sweep,3360
sweep,3032
sweep,2755
sweep,3085
sweep,2761
sweep,2707
sweep,3255
sweep,3268
sweep,3311
sweep,3575
sweep,2599
sweep,2758
sweep,3979
sweep,2513
sweep,3399
sweep,2244
sweep,3927
sweep,3948
sweep,4409
sweep,3408
sweep,3177
sweep,2946
sweep,2923
sweep,3067
sweep,2831
sweep,3477
sweep,3007
sweep,3077
sweep,2898
sweep,2706
sweep,4046
sweep,2601
sweep,2962
sweep,3041
sweep,2816
sweep,3455
sweep,2717
sweep,2601
sweep,2448
sweep,5861
sweep,8782
sweep,9037
sweep,8623
sweep,7664
sweep,5900
sweep,7210
sweep,3977
sweep,4655
sweep,4743
sweep,6224
sweep,5722
sweep,6511
sweep,221
mark,1047604
sweep,4740
sweep,3956
sweep,4379
sweep,4055
sweep,3643
sweep,4093
sweep,4137
sweep,3366
sweep,3095
sweep,3663
sweep,3622
sweep,3455
sweep,2631
sweep,3135
sweep,2722
sweep,3122
sweep,3342
sweep,3221
sweep,3049
sweep,3536
sweep,2348
sweep,2537
sweep,3818
sweep,2593
sweep,3022
sweep,1915
sweep,3448
sweep,3878
sweep,4274
sweep,3714
sweep,3119
sweep,2906
sweep,3292
sweep,3019
sweep,2829
sweep,3318
sweep,2805
sweep,3044
sweep,2853
sweep,3039
sweep,3910
sweep,2670
sweep,2987
sweep,2972
sweep,2752
sweep,3726
sweep,2726
sweep,2480
sweep,2737
sweep,3817
sweep,4004
sweep,4153
sweep,4430
sweep,5918
sweep,8283
sweep,6677
sweep,8822
sweep,8933
sweep,9098
sweep,7296
sweep,7445
sweep,7267
sweep,831
mark,1048852
sweep,4727
sweep,3883
sweep,3976
sweep,4612
sweep,4078
sweep,4433
sweep,3723
sweep,3463
sweep,2977
sweep,3548
sweep,3267
sweep,2757
sweep,2801
sweep,2896
sweep,2792
sweep,2638
sweep,3330
sweep,3161
sweep,3189
sweep,3391
sweep,2376
sweep,2489
sweep,3865
sweep,2413
sweep,3687
sweep,2158
sweep,3337
sweep,3648
sweep,4489
sweep,4046
sweep,3078
sweep,3280
sweep,2836
sweep,3068
sweep,2913
sweep,3210
sweep,3133
sweep,3112
sweep,2526
sweep,2998
sweep,3809
sweep,2760
sweep,2951
sweep,2982
sweep,2807
sweep,3910
sweep,3017
sweep,2455
sweep,2434
sweep,5529
sweep,8905
sweep,8640
sweep,8580
sweep,8159
sweep,6477
sweep,7134
sweep,4089
sweep,4212
sweep,5084
sweep,5897
sweep,5594
sweep,5974
sweep,253
mark,1027065
sweep,4747
sweep,3925
sweep,3955
sweep,4052
sweep,3567
sweep,4243
sweep,3728
sweep,3028
sweep,2741
sweep,3179
sweep,3157
sweep,2704
sweep,2659
sweep,2640
sweep,2646
sweep,2795
sweep,3438
sweep,3173
sweep,2952
sweep,3442
sweep,2337
sweep,2566
sweep,3800
sweep,2427
sweep,3010
sweep,1854
sweep,3431
sweep,3667
sweep,4531
sweep,3349
sweep,3168
sweep,3185
sweep,3005
sweep,3183
sweep,2969
sweep,3035
sweep,2897
sweep,3028
sweep,2510
sweep,2721
sweep,3740
sweep,2647
sweep,2716
sweep,3151
sweep,2746
sweep,3693
sweep,2969
sweep,2548
sweep,2478
sweep,3824
sweep,4098
sweep,3950
sweep,4178
sweep,5834
sweep,8051
sweep,6114
sweep,9047
sweep,7989
sweep,8381
sweep,7235
sweep,7350
sweep,7195
sweep,838
mark,1028058
sweep,4888
sweep,4005
sweep,4100
sweep,4039
sweep,3741
sweep,3936
sweep,3628
sweep,3132
sweep,3041
sweep,3244
sweep,3107
sweep,2848
sweep,2785
sweep,2867
sweep,3020
sweep,3049
sweep,3246
sweep,3237
sweep,3165
sweep,3684
sweep,2364
sweep,2682
sweep,3758
sweep,2352
sweep,3168
sweep,2269
sweep,3343
sweep,3932
sweep,4260
sweep,3514
sweep,2976
sweep,2962
sweep,3477
sweep,3118
sweep,2865
sweep,3092
sweep,2753
sweep,3109
sweep,2450
sweep,3318
sweep,3895
sweep,2704
sweep,2717
sweep,2922
sweep,2787
sweep,3976
sweep,2829
sweep,2583
sweep,2508
sweep,5433
sweep,9134
sweep,8873
sweep,8634
sweep,8000
sweep,5930
sweep,7296
sweep,3987
sweep,4353
sweep,4353
sweep,5779
sweep,5956
sweep,6645
sweep,231
mark,1033384
sweep,4728
sweep,3886
sweep,4186
sweep,4136
sweep,3757
sweep,4260
sweep,3667
sweep,3311
sweep,3061
sweep,3076
sweep,3166
sweep,3124
sweep,2669
sweep,2933
sweep,2584
sweep,2963
sweep,3428
sweep,3262
sweep,3412
sweep,3662
sweep,2350
sweep,2559
sweep,3729
sweep,2400
sweep,3087
sweep,2015
sweep,3507
sweep,3778
sweep,4426
sweep,3462
sweep,3483
sweep,3206
sweep,3112
sweep,3006
sweep,3132
sweep,3573
sweep,2776
sweep,3066
sweep,2762
sweep,2928
sweep,3739
sweep,2888
sweep,2677
sweep,3499
sweep,3211
sweep,3905
sweep,2747
sweep,2448
sweep,2507
sweep,3655
sweep,4060
sweep,4035
sweep,4103
sweep,6045
sweep,7878
sweep,5979
sweep,8468
sweep,8653
sweep,8406
sweep,8400
sweep,7558
sweep,7475
sweep,833
mark,1043312
sweep,4702
sweep,3977
sweep,4046
sweep,4164
sweep,3733
sweep,4194
sweep,3926
sweep,3443
sweep,2804
sweep,3791
sweep,3162
sweep,2733
sweep,3004
sweep,3130
sweep,2631
sweep,2655
sweep,3488
sweep,2996
sweep,3018
sweep,3506
sweep,2557
sweep,2526
sweep,3926
sweep,2401
sweep,3071
sweep,1886
sweep,3623
sweep,3945
sweep,4377
sweep,3587
sweep,3015
sweep,3106
sweep,3422
sweep,3297
sweep,2743
sweep,3090
sweep,2722
sweep,3078
sweep,2717
sweep,3125
sweep,3813
sweep,2884
sweep,3025
sweep,2973
sweep,2807
sweep,3784
sweep,2706
sweep,2466
sweep,2531
sweep,5385
sweep,8690
sweep,8399
sweep,9009
sweep,8176
sweep,6000
sweep,6917
sweep,4090
sweep,4548
sweep,4858
sweep,6436
sweep,5905
sweep,6041
sweep,217
mark,1036718
sweep,4919
sweep,3878
sweep,3950
sweep,4274
sweep,3903
sweep,4012
sweep,3767
sweep,3281
sweep,3017
sweep,3428
sweep,3045
sweep,3120
sweep,2983
sweep,3088
sweep,2602
sweep,2680
sweep,3385
sweep,2933
sweep,3172
sweep,3652
sweep,2321
sweep,2445
sweep,4183
sweep,2325
sweep,3112
sweep,1909
sweep,3406
sweep,4301
sweep,4238
sweep,3303
sweep,3166
sweep,3075
sweep,2918
sweep,2897
sweep,2955
sweep,3466
sweep,2766
sweep,3289
sweep,2690
sweep,2656
sweep,3870
sweep,2723
sweep,2764
sweep,3477
sweep,2805
sweep,3360
sweep,2982
sweep,2514
sweep,2558
sweep,3610
sweep,4050
sweep,4069
sweep,4091
sweep,5981
sweep,7835
sweep,5978
sweep,8284
sweep,8342
sweep,8476
sweep,7577
sweep,7658
sweep,7343
sweep,785
mark,1037723
sweep,5157
sweep,3878
sweep,3792
sweep,4023
sweep,3781
sweep,4032
sweep,3697
sweep,3188
sweep,2881
sweep,3401
sweep,2930
sweep,2742
sweep,2690
sweep,2820
sweep,3158
sweep,3013
sweep,3489
sweep,3141
sweep,3203
sweep,3901
sweep,2309
sweep,2453
sweep,3709
sweep,2360
sweep,3178
sweep,1921
sweep,3445
sweep,4183
sweep,4183
sweep,3555
sweep,3068
sweep,2996
sweep,2852
sweep,3201
sweep,3090
sweep,3094
sweep,2797
sweep,3044
sweep,2758
sweep,3028
sweep,3907
sweep,2651
sweep,2747
sweep,2890
sweep,3257
sweep,3895
sweep,2737
sweep,2544
sweep,2448
sweep,5671
sweep,8972
sweep,8911
sweep,8817
sweep,8150
sweep,6261
sweep,7007
sweep,3994
sweep,4449
sweep,4978
sweep,6174
sweep,5769
sweep,6078
sweep,259
mark,1036732
sweep,5006
sweep,3719
sweep,4500
sweep,4249
sweep,3592
sweep,4061
sweep,3547
sweep,2974
sweep,3089
sweep,3078
sweep,3882
sweep,2904
sweep,2898
sweep,3235
sweep,2605
sweep,2747
sweep,3285
sweep,3050
sweep,3134
sweep,3780
sweep,2406
sweep,2731
sweep,3767
sweep,2754
sweep,3375
sweep,2227
sweep,3611
sweep,3606
sweep,5136
sweep,3686
sweep,3291
sweep,3340
sweep,2998
sweep,3337
sweep,2874
sweep,3144
sweep,2778
sweep,3304
sweep,2625
sweep,3012
sweep,4013
sweep,3189
sweep,2752
sweep,3028
sweep,2815
sweep,3658
sweep,2783
sweep,2393
sweep,2453
sweep,3556
sweep,4162
sweep,4441
sweep,4540
sweep,5813
sweep,8191
sweep,6143
sweep,8891
sweep,8181
sweep,9048
sweep,7136
sweep,7780
sweep,7391
sweep,836
mark,1049578
sweep,4837
sweep,4200
sweep,3958
sweep,4039
sweep,3891
sweep,4108
sweep,3710
sweep,3352
sweep,3151
sweep,3587
sweep,3253
sweep,2721
sweep,2957
sweep,2879
sweep,2688
sweep,2655
sweep,3465
sweep,2962
sweep,3008
sweep,3539
sweep,2440
sweep,2810
sweep,3793
sweep,2449
sweep,3195
sweep,1969
sweep,3820
sweep,3881
sweep,4831
sweep,3622
sweep,3245
sweep,3307
sweep,2890
sweep,3169
sweep,2896
sweep,3436
sweep,2875
sweep,3227
sweep,2505
sweep,2796
sweep,3852
sweep,2730
sweep,2847
sweep,3072
sweep,2923
sweep,3498
sweep,2753
sweep,2518
sweep,2707
sweep,6023
sweep,8650
sweep,8372
sweep,8597
sweep,8142
sweep,6100
sweep,7215
sweep,4204
sweep,4661
sweep,4478
sweep,5776
sweep,5662
sweep,5891
sweep,233
mark,1043410
sweep,5442
sweep,3821
sweep,4166
sweep,4668
sweep,3677
sweep,4409
sweep,3598
sweep,3253
sweep,3084
sweep,3201
sweep,3245
sweep,2844
sweep,2730
sweep,2646
sweep,2584
sweep,2642
sweep,3231
sweep,3342
sweep,3330
sweep,3576
sweep,2487
sweep,2553
sweep,3748
sweep,2753
sweep,3457
sweep,1899
sweep,3606
sweep,3994
sweep,4623
sweep,3701
sweep,3222
sweep,3437
sweep,2885
sweep,3238
sweep,2979
sweep,3462
sweep,3020
sweep,4134
sweep,2748
sweep,3068
sweep,4017
sweep,2532
sweep,2776
sweep,3475
sweep,2778
sweep,3856
sweep,2639
sweep,2510
sweep,2461
sweep,3494
sweep,3700
sweep,3938
sweep,4128
sweep,5853
sweep,8323
sweep,6534
sweep,8766
sweep,8364
sweep,8269
sweep,7654
sweep,7474
sweep,7467
sweep,814
mark,1034632
sweep,4666
sweep,4036
sweep,4186
sweep,4220
sweep,3900
sweep,4152
sweep,4116
sweep,3056
sweep,2989
sweep,3255
sweep,3001
sweep,2743
sweep,2682
sweep,2874
sweep,2657
sweep,2739
sweep,3237
sweep,3090
sweep,3176
sweep,3348
sweep,2465
sweep,2480
sweep,3800
sweep,2388
sweep,3287
sweep,2065
sweep,3396
sweep,4058
sweep,4489
sweep,3447
sweep,3070
sweep,3012
sweep,3163
sweep,3003
sweep,2862
sweep,3314
sweep,2693
sweep,3300
sweep,2735
sweep,3189
sweep,3629
sweep,2851
sweep,2993
sweep,2990
sweep,3073
sweep,3353
sweep,2678
sweep,2539
sweep,2758
sweep,5489
sweep,8843
sweep,8627
sweep,8357
sweep,7976
sweep,6259
sweep,7186
sweep,3977
sweep,4664
sweep,4974
sweep,6109
sweep,5841
sweep,5749
sweep,227
mark,1027383
sweep,4726
sweep,4203
sweep,4177
sweep,4065
sweep,3668
sweep,3912
sweep,3762
sweep,3364
sweep,2758
sweep,3085
sweep,3284
sweep,2747
sweep,2793
sweep,2783
sweep,2724
sweep,2743
sweep,3538
sweep,3236
sweep,2842
sweep,3599
sweep,2335
sweep,2525
sweep,3814
sweep,2418
sweep,3037
sweep,1993
sweep,3323
sweep,3537
sweep,4234
sweep,3794
sweep,3654
sweep,2926
sweep,2847
sweep,3015
sweep,2842
sweep,3521
sweep,3006
sweep,3192
sweep,2823
sweep,2687
sweep,3590
sweep,2943
sweep,2705
sweep,2997
sweep,3243
sweep,3357
sweep,2895
sweep,2464
sweep,2805
sweep,3515
sweep,4075
sweep,4156
sweep,4377
sweep,5974
sweep,7433
sweep,5975
sweep,8829
sweep,8379
sweep,8694
sweep,8244
sweep,7559
sweep,7700
sweep,838
mark,1039908
sweep,4819
sweep,3783
sweep,3908
sweep,4471
sweep,3623
sweep,4358
sweep,3716
sweep,3358
sweep,3098
sweep,3505
sweep,2925
sweep,2759
sweep,2675
sweep,3198
sweep,2607
sweep,2717
sweep,3337
sweep,3025
sweep,2857
sweep,3464
sweep,2335
sweep,2561
sweep,3776
sweep,2483
sweep,3073
sweep,1987
sweep,3444
sweep,3529
sweep,4352
sweep,3457
sweep,3360
sweep,2864
sweep,2853
sweep,3229
sweep,2974
sweep,3122
sweep,2906
sweep,3223
sweep,2669
sweep,2672
sweep,3806
sweep,2991
sweep,2807
sweep,3347
sweep,3023
sweep,3673
sweep,2815
sweep,2431
sweep,2626
sweep,5290
sweep,8648
sweep,8228
sweep,8489
sweep,8127
sweep,6693
sweep,8184
sweep,3884
sweep,4430
sweep,4804
sweep,6230
sweep,5618
sweep,5843
sweep,247
mark,1030894
sweep,4546
sweep,4290
sweep,4413
sweep,4319
sweep,3806
sweep,4111
sweep,3544
sweep,3012
sweep,2893
sweep,3189
sweep,3040
sweep,2686
sweep,2794
sweep,2885
sweep,2742
sweep,2654
sweep,3267
sweep,2858
sweep,3169
sweep,3306
sweep,2570
sweep,2596
sweep,4100
sweep,2525
sweep,3499
sweep,1903
sweep,3560
sweep,4061
sweep,4096
sweep,3408
sweep,3266
sweep,3019
sweep,2910
sweep,3142
sweep,2635
sweep,3637
sweep,2776
sweep,3401
sweep,2481
sweep,2744
sweep,3698
sweep,2578
sweep,2624
sweep,3122
sweep,2964
sweep,3613
sweep,3142
sweep,2473
sweep,2546
sweep,3845
sweep,4262
sweep,4303
sweep,4282
sweep,5768
sweep,8060
sweep,6414
sweep,8552
sweep,8399
sweep,8435
sweep,7467
sweep,7417
sweep,7062
sweep,827
mark,1037223
sweep,4608
sweep,4021
sweep,3913
sweep,4221
sweep,3598
sweep,4046
sweep,3744
sweep,3070
sweep,2992
sweep,3385
sweep,3036
sweep,2714
sweep,2833
sweep,2803
sweep,2695
sweep,2733
sweep,3590
sweep,3343
sweep,3225
sweep,3459
sweep,2426
sweep,2555
sweep,3748
sweep,2439
sweep,3339
sweep,1974
sweep,3517
sweep,3688
sweep,4643
sweep,3669
sweep,3305
sweep,3278
sweep,2906
sweep,3005
sweep,3066
sweep,3261
sweep,2747
sweep,3179
sweep,2693
sweep,2723
sweep,3801
sweep,2577
sweep,2677
sweep,3085
sweep,3099
sweep,3388
sweep,2729
sweep,2543
sweep,2442
sweep,5400
sweep,9149
sweep,8632
sweep,8603
sweep,7859
sweep,5963
sweep,7547
sweep,4012
sweep,4326
sweep,4235
sweep,5696
sweep,6113
sweep,6195
sweep,240
mark,1031742
sweep,4801
sweep,4250
sweep,4374
sweep,4234
sweep,3579
sweep,4229
sweep,3519
sweep,3116
sweep,3255
sweep,3209
sweep,3112
sweep,2725
sweep,2811
sweep,2837
sweep,2474
sweep,3033
sweep,3252
sweep,2923
sweep,3039
sweep,3398
sweep,2652
sweep,2528
sweep,3788
sweep,2308
sweep,3598
sweep,1928
sweep,3307
sweep,4269
sweep,4144
sweep,3552
sweep,3362
sweep,3469
sweep,3464
sweep,3254
sweep,2756
sweep,3312
sweep,3052
sweep,3317
sweep,2544
sweep,2786
sweep,3752
sweep,2729
sweep,2721
sweep,3121
sweep,2851
sweep,3731
sweep,2916
sweep,2636
sweep,2395
sweep,3429
sweep,4321
sweep,4100
sweep,4270
sweep,5769
sweep,8408
sweep,6605
sweep,8774
sweep,8319
sweep,8804
sweep,8143
sweep,7414
sweep,7587
sweep,934
mark,1032804
sweep,4567
sweep,4213
sweep,4372
sweep,4067
sweep,3591
sweep,4166
sweep,3639
sweep,3061
sweep,3135
sweep,3405
sweep,3086
sweep,2737
sweep,2827
sweep,2931
sweep,2989
sweep,2899
sweep,3568
sweep,3248
sweep,3342
sweep,3529
sweep,2448
sweep,2612
sweep,3991
sweep,2285
sweep,3263
sweep,1930
sweep,3477
sweep,3553
sweep,4420
sweep,3842
sweep,3004
sweep,3016
sweep,2948
sweep,3184
sweep,2822
sweep,3398
sweep,2716
sweep,3361
sweep,2673
sweep,3375
sweep,3745
sweep,3004
sweep,2725
sweep,3188
sweep,3181
sweep,3521
sweep,2905
sweep,2516
sweep,2495
sweep,5697
sweep,8843
sweep,8586
sweep,8772
sweep,7938
sweep,14962
sweep,7012
sweep,4129
sweep,4353
sweep,4785
sweep,6191
sweep,5879
sweep,5774
sweep,224
mark,1026027
sweep,5038
sweep,4229
sweep,4572
sweep,4158
sweep,3850
sweep,4302
sweep,3566
sweep,3435
sweep,3053
sweep,3358
sweep,3043
sweep,2799
sweep,2959
sweep,3214
sweep,2973
sweep,2759
sweep,3499
sweep,2965
sweep,3181
sweep,3491
sweep,2429
sweep,2719
sweep,4039
sweep,2410
sweep,3308
sweep,1894
sweep,3535
sweep,3627
sweep,4529
sweep,3636
sweep,3181
sweep,3009
sweep,2976
sweep,3455
sweep,2775
sweep,3296
sweep,2850
sweep,3183
sweep,2768
sweep,2658
sweep,3695
sweep,2664
sweep,2883
sweep,3222
sweep,3117
sweep,3569
sweep,2678
sweep,2540
sweep,2469
sweep,3671
sweep,3947
sweep,3990
sweep,4379
sweep,5750
sweep,8288
sweep,6738
sweep,8565
sweep,8242
sweep,8479
sweep,7027
sweep,7395
sweep,6966
sweep,828
mark,1030155
sweep,4809
sweep,4134
sweep,3984
sweep,4197
sweep,3560
sweep,4353
sweep,3869
sweep,3101
sweep,3040
sweep,3636
sweep,3297
sweep,3065
sweep,2726
sweep,2829
sweep,2845
sweep,2808
sweep,3174
sweep,2930
sweep,2975
sweep,3494
sweep,2391
sweep,2714
sweep,3774
sweep,2274
sweep,3075
sweep,1987
sweep,3466
sweep,3757
sweep,4290
sweep,3766
sweep,3544
sweep,3269
sweep,3281
sweep,2954
sweep,2751
sweep,3325
sweep,2798
sweep,3259
sweep,2752
sweep,2699
sweep,3937
sweep,2617
sweep,2740
sweep,3201
sweep,2873
sweep,3754
sweep,2835
sweep,2473
sweep,2519
sweep,5377
sweep,8913
sweep,8248
sweep,8585
sweep,8573
sweep,6370
sweep,7666
sweep,4028
sweep,4915
sweep,4165
sweep,6033
sweep,5481
sweep,5794
sweep,219
mark,1026535
sweep,4646
sweep,3895
sweep,4534
sweep,4253
sweep,4095
sweep,4152
sweep,3739
sweep,3092
sweep,2832
sweep,3372
sweep,3166
sweep,2773
sweep,2689
sweep,2870
sweep,2671
sweep,2780
sweep,3464
sweep,3195
sweep,3247
sweep,3952
sweep,2570
sweep,2600
sweep,3812
sweep,2405
sweep,3305
sweep,1996
sweep,3757
sweep,3608
sweep,4159
sweep,3265
sweep,3046
sweep,3024
sweep,2838
sweep,2944
sweep,2862
sweep,3215
sweep,2854
sweep,3188
sweep,2510
sweep,2687
sweep,3781
sweep,2899
sweep,2696
sweep,3015
sweep,3134
sweep,3434
sweep,2986
sweep,2608
sweep,2523
sweep,3648
sweep,3949
sweep,4060
sweep,4168
sweep,5873
sweep,8436
sweep,6528
sweep,8460
sweep,8500
sweep,8571
sweep,8270
sweep,7359
sweep,7672
sweep,780
mark,1028247
sweep,4918
sweep,3838
sweep,3916
sweep,4235
sweep,3592
sweep,4187
sweep,3642
sweep,3200
sweep,2837
sweep,3453
sweep,3120
sweep,2820
sweep,2676
sweep,3067
sweep,2608
sweep,2709
sweep,3309
sweep,3271
sweep,3220
sweep,3364
sweep,2335
sweep,2531
sweep,3839
sweep,2523
sweep,3032
sweep,1951
sweep,3515
sweep,3920
sweep,4308
sweep,3411
sweep,3137
sweep,3012
sweep,2883
sweep,3286
sweep,2803
sweep,3153
sweep,2792
sweep,3101
sweep,2461
sweep,2605
sweep,3881
sweep,2568
sweep,2901
sweep,2891
sweep,2869
sweep,3493
sweep,2725
sweep,2494
sweep,2423
sweep,5605
sweep,8966
sweep,8544
sweep,8692
sweep,8133
sweep,6432
sweep,6859
sweep,3939
sweep,4228
sweep,4779
sweep,5870
sweep,5895
sweep,5957
sweep,220
mark,1027884
sweep,4684
sweep,3757
sweep,4194
sweep,3893
sweep,3800
sweep,4069
sweep,3580
sweep,2986
sweep,2797
sweep,3404
sweep,3074
sweep,2750
sweep,2924
sweep,2830
sweep,2538
sweep,2725
sweep,3456
sweep,3171
sweep,3019
sweep,3791
sweep,2285
sweep,2539
sweep,3875
sweep,2514
sweep,3270
sweep,2130
sweep,3652
sweep,3765
sweep,4704
sweep,3592
sweep,3243
sweep,2951
sweep,2955
sweep,3114
sweep,2750
sweep,3224
sweep,2838
sweep,3006
sweep,2535
sweep,2793
sweep,4074
sweep,2689
sweep,3034
sweep,3051
sweep,2996
sweep,3554
sweep,2577
sweep,2456
sweep,2712
sweep,3880
sweep,3906
sweep,4022
sweep,4162
sweep,5851
sweep,7979
sweep,6197
sweep,8518
sweep,8408
sweep,8337
sweep,8448
sweep,7169
sweep,7564
sweep,806
mark,1028971
sweep,5021
sweep,3916
sweep,3999
sweep,4102
sweep,3637
sweep,4292
sweep,3680
sweep,3619
sweep,2969
sweep,3556
sweep,3099
sweep,2739
sweep,2588
sweep,2939
sweep,2615
sweep,2954
sweep,3409
sweep,2903
sweep,2924
sweep,3423
sweep,2359
sweep,2485
sweep,4019
sweep,2328
sweep,3620
sweep,2212
sweep,3420
sweep,3707
sweep,4643
sweep,3386
sweep,3431
sweep,3009
sweep,2930
sweep,3267
sweep,2949
sweep,3456
sweep,2693
sweep,3448
sweep,2431
sweep,2727
sweep,3831
sweep,2819
sweep,2595
sweep,3269
sweep,3185
sweep,3664
sweep,2755
sweep,2746
sweep,2426
sweep,5527
sweep,8915
sweep,8913
sweep,8671
sweep,7951
sweep,6161
sweep,6985
sweep,4043
sweep,4679
sweep,5302
sweep,6105
sweep,5684
sweep,6217
sweep,223
mark,1027456
sweep,5467
sweep,4009
sweep,4165
sweep,4301
sweep,3547
sweep,4058
sweep,3678
sweep,3671
sweep,3099
sweep,3380
sweep,3451
sweep,3008
sweep,2745
sweep,2839
sweep,2947
sweep,2623
sweep,3410
sweep,3084
sweep,3220
sweep,3410
sweep,2312
sweep,2710
sweep,4002
sweep,2455
sweep,3090
sweep,2019
sweep,3578
sweep,3666
sweep,4250
sweep,3552
sweep,3193
sweep,2976
sweep,2799
sweep,3113
sweep,3336
sweep,3182
sweep,2662
sweep,3066
sweep,2538
sweep,2956
sweep,3916
sweep,2776
sweep,2686
sweep,3387
sweep,3055
sweep,3747
sweep,2867
sweep,2473
sweep,2521
sweep,3947
sweep,3890
sweep,4205
sweep,4292
sweep,6028
sweep,8093
sweep,6106
sweep,8393
sweep,8159
sweep,8532
sweep,7480
sweep,7408
sweep,7833
sweep,837
mark,1037201
sweep,4936
sweep,4173
sweep,4086
sweep,4036
sweep,3778
sweep,4301
sweep,3725
sweep,3537
sweep,2953
sweep,3272
sweep,3115
sweep,2866
sweep,2636
sweep,2898
sweep,2880
sweep,2947
sweep,3623
sweep,3084
sweep,3137
sweep,3421
sweep,2291
sweep,2491
sweep,3715
sweep,2832
sweep,3574
sweep,1883
sweep,3358
sweep,3781
sweep,4199
sweep,3475
sweep,3534
sweep,3517
sweep,2926
sweep,3237
sweep,2770
sweep,3087
sweep,3204
sweep,3323
sweep,2415
sweep,2674
sweep,3554
sweep,2856
sweep,2636
sweep,2847
sweep,2771
sweep,3526
sweep,2894
sweep,2438
sweep,2389
sweep,5436
sweep,8847
sweep,8540
sweep,8689
sweep,7504
sweep,6503
sweep,6831
sweep,4262
sweep,4323
sweep,4722
sweep,6282
sweep,5785
sweep,5932
sweep,219
mark,1044421
sweep,4876
sweep,3709
sweep,3979
sweep,4273
sweep,3926
sweep,4107
sweep,3892
sweep,3176
sweep,2960
sweep,3156
sweep,3122
sweep,2827
sweep,2632
sweep,2876
sweep,2542
sweep,2677
sweep,3500
sweep,2958
sweep,3017
sweep,3832
sweep,2380
sweep,2494
sweep,3863
sweep,2592
sweep,3675
sweep,2182
sweep,3406
sweep,3699
sweep,4326
sweep,3551
sweep,3358
sweep,3604
sweep,3119
sweep,3178
sweep,2714
sweep,3098
sweep,2680
sweep,3098
sweep,2968
sweep,2856
sweep,3676
sweep,2611
sweep,2752
sweep,2917
sweep,3077
sweep,3490
sweep,2846
sweep,2497
sweep,2446
sweep,3750
sweep,4316
sweep,3917
sweep,4293
sweep,6075
sweep,8345
sweep,6381
sweep,9174
sweep,8415
sweep,8561
sweep,7441
sweep,7664
sweep,7146
sweep,843
mark,1038341
sweep,5177
sweep,4036
sweep,4087
sweep,3959
sweep,3770
sweep,4178
sweep,3788
sweep,3454
sweep,2821
sweep,3607
sweep,3095
sweep,2874
sweep,2630
sweep,2785
sweep,2695
sweep,2711
sweep,3344
sweep,2870
sweep,2979
sweep,3478
sweep,2562
sweep,2565
sweep,3744
sweep,2591
sweep,3722
sweep,1940
sweep,3355
sweep,3655
sweep,4275
sweep,3746
sweep,3237
sweep,3028
sweep,2896
sweep,3082
sweep,2793
sweep,3114
sweep,2716
sweep,3076
sweep,2502
sweep,2909
sweep,3895
sweep,2809
sweep,2809
sweep,3018
sweep,3325
sweep,3983
sweep,2761
sweep,2517
sweep,2723
sweep,5757
sweep,8917
sweep,8585
sweep,8950
sweep,8054
sweep,5968
sweep,6860
sweep,4108
sweep,4234
sweep,4247
sweep,5710
sweep,5542
sweep,6376
sweep,260
mark,1045894
sweep,5047
sweep,3737
sweep,3973
sweep,4345
sweep,3688
sweep,4423
sweep,3781
sweep,3080
sweep,2737
sweep,3173
sweep,3399
sweep,2787
sweep,2692
sweep,3347
sweep,2694
sweep,2879
sweep,3444
sweep,3296
sweep,2952
sweep,3899
sweep,2549
sweep,3063
sweep,3978
sweep,2610
sweep,3523
sweep,1859
sweep,3511
sweep,4011
sweep,4360
sweep,3906
sweep,3330
sweep,2974
sweep,3100
sweep,3138
sweep,3079
sweep,3169
sweep,2840
sweep,3094
sweep,2921
sweep,3041
sweep,4397
sweep,2914
sweep,2686
sweep,3251
sweep,3035
sweep,3489
sweep,2764
sweep,2530
sweep,2489
sweep,3569
sweep,3969
sweep,4228
sweep,4577
sweep,5730
sweep,7949
sweep,5967
sweep,9378
sweep,8237
sweep,8677
sweep,7564
sweep,7304
sweep,6983
sweep,831
mark,1045634
sweep,4853
sweep,3855
sweep,4054
sweep,4086
sweep,3536
sweep,3914
sweep,3608
sweep,3264
sweep,2947
sweep,3395
sweep,3076
sweep,2750
sweep,3058
sweep,2801
sweep,2571
sweep,2690
sweep,3231
sweep,2985
sweep,3022
sweep,3471
sweep,2607
sweep,2327
sweep,4070
sweep,2601
sweep,3090
sweep,1987
sweep,3645
sweep,3882
sweep,4288
sweep,3276
sweep,3044
sweep,3567
sweep,2943
sweep,3077
sweep,2776
sweep,3467
sweep,2758
sweep,3351
sweep,2401
sweep,2777
sweep,3822
sweep,2979
sweep,2723
sweep,3030
sweep,3485
sweep,3489
sweep,2956
sweep,2617
sweep,2729
sweep,5725
sweep,8513
sweep,14419
sweep,17028
sweep,8096
sweep,5496
sweep,7310
sweep,3993
sweep,4503
sweep,5264
sweep,7046
sweep,5670
sweep,6081
sweep,227
mark,1082897
sweep,4522
sweep,4043
sweep,3918
sweep,4076
sweep,3727
sweep,4129
sweep,3562
sweep,3250
sweep,3039
sweep,3127
sweep,3453
sweep,2729
sweep,3012
sweep,2935
sweep,2839
sweep,3004
sweep,3226
sweep,3190
sweep,3083
sweep,3442
sweep,2482
sweep,2692
sweep,3887
sweep,2475
sweep,3111
sweep,1834
sweep,3387
sweep,3518
sweep,4488
sweep,3254
sweep,3117
sweep,2992
sweep,2854
sweep,2994
sweep,2798
sweep,3492
sweep,2709
sweep,2982
sweep,2493
sweep,2877
sweep,3909
sweep,2755
sweep,2682
sweep,3064
sweep,2831
sweep,3558
sweep,2815
sweep,2540
sweep,2744
sweep,3452
sweep,3977
sweep,4149
sweep,4412
sweep,5781
sweep,7707
sweep,6829
sweep,8551
sweep,8358
sweep,8508
sweep,8293
sweep,7286
sweep,7544
sweep,855
mark,1029408
sweep,4765
sweep,3765
sweep,4146
sweep,4245
sweep,3817
sweep,4291
sweep,3763
sweep,3222
sweep,3039
sweep,3271
sweep,3428
sweep,2699
sweep,2799
sweep,2950
sweep,2548
sweep,3271
sweep,3604
sweep,2963
sweep,3028
sweep,3440
sweep,2475
sweep,2455
sweep,3816
sweep,2341
sweep,3075
sweep,2156
sweep,3659
sweep,3941
sweep,4873
sweep,3752
sweep,3037
sweep,3369
sweep,3057
sweep,3035
sweep,2801
sweep,3290
sweep,2752
sweep,3266
sweep,2515
sweep,3208
sweep,3853
sweep,2593
sweep,2986
sweep,2906
sweep,2858
sweep,3553
sweep,2773
sweep,2465
sweep,2807
sweep,5615
sweep,8950
sweep,8541
sweep,8685
sweep,8303
sweep,6103
sweep,6919
sweep,3907
sweep,4440
sweep,4923
sweep,6258
sweep,5707
sweep,5685
sweep,224
mark,1026945
sweep,5129
sweep,4391
sweep,3992
sweep,4123
sweep,3467
sweep,4084
sweep,3474
sweep,3074
sweep,3017
sweep,3394
sweep,3067
sweep,3046
sweep,2926
sweep,2772
sweep,2847
sweep,2646
sweep,3484
sweep,2953
sweep,2959
sweep,3621
sweep,2260
sweep,2516
sweep,3705
sweep,2575
sweep,3698
sweep,1904
sweep,3403
sweep,3699
sweep,4296
sweep,3374
sweep,3118
sweep,3013
sweep,2903
sweep,3292
sweep,3026
sweep,3224
sweep,2861
sweep,3058
sweep,2844
sweep,2887
sweep,3938
sweep,2859
sweep,2715
sweep,3057
sweep,2878
sweep,3730
sweep,3015
sweep,2777
sweep,2666
sweep,3762
sweep,3944
sweep,4019
sweep,4494
sweep,5729
sweep,8153
sweep,6539
sweep,8508
sweep,8265
sweep,8392
sweep,7513
sweep,7132
sweep,6845
sweep,832
mark,1029885
sweep,4727
sweep,4106
sweep,4173
sweep,4114
sweep,3715
sweep,3979
sweep,3754
sweep,3161
sweep,3050
sweep,3217
sweep,2985
sweep,2756
sweep,2612
sweep,2967
sweep,2953
sweep,12342
sweep,3319
sweep,3244
sweep,3046
sweep,3655
sweep,2361
sweep,2514
sweep,4058
sweep,2458
sweep,3201
sweep,1916
sweep,3431
sweep,3618
sweep,4215
sweep,3802
sweep,3336
sweep,3020
sweep,3391
sweep,3358
sweep,2767
sweep,3362
sweep,2918
sweep,3419
sweep,2460
sweep,2767
sweep,3946
sweep,2654
sweep,2977
sweep,3189
sweep,3000
sweep,3674
sweep,2916
sweep,2489
sweep,2533
sweep,5631
sweep,8917
sweep,8578
sweep,8527
sweep,8242
sweep,6215
sweep,7335
sweep,4316
sweep,4786
sweep,4807
sweep,5740
sweep,5661
sweep,5799
sweep,230
mark,1026910
sweep,4689
sweep,4012
sweep,4076
sweep,4400
sweep,3561
sweep,4182
sweep,3800
sweep,3055
sweep,2842
sweep,3275
sweep,3036
sweep,2737
sweep,2803
sweep,2785
sweep,2882
sweep,2666
sweep,3240
sweep,2965
sweep,3241
sweep,3389
sweep,2639
sweep,2692
sweep,4276
sweep,2485
sweep,3086
sweep,2004
sweep,3291
sweep,3849
sweep,4460
sweep,3657
sweep,3125
sweep,3320
sweep,2980
sweep,3161
sweep,3034
sweep,3303
sweep,2819
sweep,3200
sweep,2620
sweep,2633
sweep,3866
sweep,2716
sweep,2560
sweep,3183
sweep,2964
sweep,3991
sweep,3038
sweep,2454
sweep,2592
sweep,3693
sweep,4024
sweep,3833
sweep,4161
sweep,5645
sweep,7821
sweep,6257
sweep,8746
sweep,8780
sweep,8737
sweep,7021
sweep,7225
sweep,6978
sweep,838
mark,1029923
sweep,4675
sweep,3818
sweep,4511
sweep,4250
sweep,3960
sweep,4436
sweep,3826
sweep,3008
sweep,3062
sweep,3387
sweep,3086
sweep,2972
sweep,2677
sweep,2974
sweep,2983
sweep,2696
sweep,3273
sweep,2957
sweep,3056
sweep,3441
sweep,2341
sweep,2687
sweep,3886
sweep,2509
sweep,3134
sweep,1960
sweep,3375
sweep,3896
sweep,4655
sweep,3443
sweep,3048
sweep,3049
sweep,2897
sweep,3077
sweep,2907
sweep,3502
sweep,2817
sweep,3170
sweep,2779
sweep,2731
sweep,3866
sweep,2811
sweep,2867
sweep,3335
sweep,3047
sweep,3422
sweep,2763
sweep,2468
sweep,2570
sweep,5463
sweep,9063
sweep,8591
sweep,8482
sweep,7949
sweep,5700
sweep,6823
sweep,3997
sweep,4542
sweep,5157
sweep,5994
sweep,5516
sweep,6020
sweep,217
mark,1023625
sweep,4502
sweep,3986
sweep,4219
sweep,4218
sweep,3534
sweep,4305
sweep,3558
sweep,2994
sweep,2714
sweep,3070
sweep,3008
sweep,2731
sweep,2824
sweep,2940
sweep,2663
sweep,2808
sweep,3240
sweep,2922
sweep,3054
sweep,3414
sweep,2576
sweep,2527
sweep,3842
sweep,2439
sweep,3190
sweep,1928
sweep,3398
sweep,3624
sweep,4404
sweep,3401
sweep,3162
sweep,3042
sweep,2908
sweep,3046
sweep,3058
sweep,3394
sweep,2915
sweep,3327
sweep,2666
sweep,2889
sweep,3878
sweep,2970
sweep,2584
sweep,3105
sweep,2869
sweep,3561
sweep,2726
sweep,2489
sweep,2419
sweep,3601
sweep,4678
sweep,4059
sweep,4207
sweep,5705
sweep,8508
sweep,5884
sweep,9200
sweep,8069
sweep,8565
sweep,7409
sweep,7061
sweep,7372
sweep,845
mark,1221177
sweep,5103
sweep,4081
sweep,4165
sweep,4085
sweep,3575
sweep,4309
sweep,3887
sweep,3410
sweep,3114
sweep,3828
sweep,3169
sweep,2740
sweep,2644
sweep,2772
sweep,2587
sweep,2740
sweep,3336
sweep,2928
sweep,2887
sweep,3355
sweep,2472
sweep,2695
sweep,3741
sweep,2581
sweep,3257
sweep,2190
sweep,3489
sweep,3863
sweep,4300
sweep,3584
sweep,3248
sweep,2979
sweep,3210
sweep,3150
sweep,2748
sweep,3495
sweep,2874
sweep,3051
sweep,2816
sweep,2591
sweep,3857
sweep,2751
sweep,2965
sweep,3144
sweep,3067
sweep,3380
sweep,2804
sweep,2802
sweep,2683
sweep,5743
sweep,8776
sweep,8184
sweep,8656
sweep,7712
sweep,6033
sweep,7254
sweep,4016
sweep,4311
sweep,4810
sweep,6152
sweep,5564
sweep,5841
sweep,222
mark,1026668
sweep,4872
sweep,4084
sweep,3911
sweep,4373
sweep,3821
sweep,4043
sweep,3940
sweep,3506
sweep,2812
sweep,3177
sweep,3061
sweep,2740
sweep,2971
sweep,2700
sweep,2907
sweep,3106
sweep,3485
sweep,2962
sweep,3003
sweep,3670
sweep,2316
sweep,2403
sweep,3619
sweep,2437
sweep,3073
sweep,2173
sweep,3663
sweep,3601
sweep,4324
sweep,3415
sweep,3363
sweep,3190
sweep,2873
sweep,3178
sweep,2949
sweep,3260
sweep,2785
sweep,3068
sweep,2683
sweep,2747
sweep,4066
sweep,2643
sweep,2805
sweep,3006
sweep,2957
sweep,3453
sweep,2730
sweep,2568
sweep,2543
sweep,3768
sweep,3872
sweep,4106
sweep,4152
sweep,6114
sweep,7707
sweep,6053
sweep,8985
sweep,8500
sweep,9069
sweep,7182
sweep,7748
sweep,7048
sweep,832
mark,1029782
sweep,4959
sweep,4162
sweep,4417
sweep,4147
sweep,3900
sweep,4221
sweep,3661
sweep,3153
sweep,2821
sweep,3689
sweep,3237
sweep,2825
sweep,2740
sweep,2862
sweep,2956
sweep,2996
sweep,3246
sweep,2929
sweep,3068
sweep,3314
sweep,2410
sweep,2651
sweep,4253
sweep,2635
sweep,3182
sweep,1947
sweep,3752
sweep,3654
sweep,4603
sweep,3697
sweep,3466
sweep,3096
sweep,3385
sweep,2988
sweep,2867
sweep,3029
sweep,2747
sweep,3319
sweep,2467
sweep,2679
sweep,3784
sweep,2706
sweep,2882
sweep,2970
sweep,2711
sweep,3438
sweep,2761
sweep,2686
sweep,2724
sweep,5906
sweep,9119
sweep,8482
sweep,8489
sweep,7614
sweep,5998
sweep,7262
sweep,3951
sweep,4307
sweep,5111
sweep,6216
sweep,5550
sweep,5983
sweep,223
mark,1029808
sweep,4751
sweep,4067
sweep,4365
sweep,4692
sweep,3467
sweep,4299
sweep,3635
sweep,3350
sweep,2808
sweep,3392
sweep,3290
sweep,2823
sweep,2605
sweep,2751
sweep,2724
sweep,3038
sweep,3223
sweep,3185
sweep,3279
sweep,3595
sweep,2568
sweep,2457
sweep,3684
sweep,2376
sweep,3177
sweep,1836
sweep,3553
sweep,3909
sweep,4177
sweep,3784
sweep,3378
sweep,3084
sweep,2842
sweep,3092
sweep,2799
sweep,3304
sweep,2700
sweep,3133
sweep,2509
sweep,3240
sweep,3628
sweep,2947
sweep,3091
sweep,2883
sweep,2813
sweep,3596
sweep,2823
sweep,2528
sweep,2539
sweep,3780
sweep,4190
sweep,3968
sweep,4174
sweep,6030
sweep,7563
sweep,6082
sweep,9478
sweep,8637
sweep,8350
sweep,7745
sweep,7263
sweep,7628
sweep,5360
mark,1030885
sweep,4696
sweep,4080
sweep,3816
sweep,3791
sweep,3883
sweep,4212
sweep,3783
sweep,3490
sweep,3282
sweep,3620
sweep,3305
sweep,2848
sweep,2691
sweep,2930
sweep,2902
sweep,2668
sweep,3722
sweep,3105
sweep,3250
sweep,3442
sweep,2306
sweep,2414
sweep,3939
sweep,2408
sweep,3162
sweep,1913
sweep,3379
sweep,4212
sweep,4524
sweep,3372
sweep,3339
sweep,3307
sweep,2850
sweep,2943
sweep,2778
sweep,3070
sweep,2967
sweep,3330
sweep,2803
sweep,2718
sweep,3700
sweep,2639
sweep,2800
sweep,3310
sweep,2834
sweep,3449
sweep,2786
sweep,2508
sweep,2529
sweep,5345
sweep,9056
sweep,8733
sweep,8625
sweep,7581
sweep,5922
sweep,7314
sweep,4081
sweep,4380
sweep,5026
sweep,6017
sweep,5803
sweep,5734
sweep,223
mark,1034445
sweep,5320
sweep,4034
sweep,4231
sweep,4050
sweep,3797
sweep,4042
sweep,3562
sweep,3458
sweep,3008
sweep,3445
sweep,3294
sweep,3126
sweep,2818
sweep,2889
sweep,2545
sweep,2612
sweep,3229
sweep,3214
sweep,3258
sweep,3417
sweep,2455
sweep,2459
sweep,4070
sweep,2470
sweep,3101
sweep,2021
sweep,3748
sweep,3888
sweep,4079
sweep,3780
sweep,3139
sweep,3093
sweep,2898
sweep,3054
sweep,3315
sweep,3338
sweep,2752
sweep,3093
sweep,2855
sweep,2935
sweep,3856
sweep,2940
sweep,2810
sweep,3014
sweep,2876
sweep,3746
sweep,2688
sweep,2517
sweep,2423
sweep,3808
sweep,4190
sweep,3884
sweep,4322
sweep,5749
sweep,7918
sweep,6346
sweep,8861
sweep,8416
sweep,8621
sweep,8152
sweep,7126
sweep,7282
sweep,837
mark,1041239
sweep,5063
sweep,4299
sweep,3931
sweep,3931
sweep,3833
sweep,4064
sweep,3703
sweep,3567
sweep,2931
sweep,3593
sweep,2937
sweep,3067
sweep,2870
sweep,2976
sweep,2816
sweep,2811
sweep,3564
sweep,2876
sweep,3079
sweep,3449
sweep,2352
sweep,2344
sweep,4241
sweep,2318
sweep,3139
sweep,1884
sweep,3343
sweep,3859
sweep,4249
sweep,3361
sweep,3397
sweep,2942
sweep,2959
sweep,3034
sweep,2846
sweep,3484
sweep,2852
sweep,3237
sweep,2682
sweep,2926
sweep,3992
sweep,2678
sweep,3364
sweep,3491
sweep,2781
sweep,3480
sweep,2915
sweep,2812
sweep,2652
sweep,5866
sweep,8964
sweep,8334
sweep,8224
sweep,8344
sweep,5758
sweep,7229
sweep,4144
sweep,4372
sweep,4303
sweep,5582
sweep,5940
sweep,6194
sweep,237
mark,1026945
sweep,4959
sweep,4444
sweep,4227
sweep,3983
sweep,3868
sweep,4208
sweep,3630
sweep,3308
sweep,2776
sweep,3307
sweep,3062
sweep,2846
sweep,2797
sweep,2923
sweep,2532
sweep,2989
sweep,3257
sweep,3214
sweep,3063
sweep,3347
sweep,2432
sweep,2552
sweep,3700
sweep,2441
sweep,3488
sweep,1928
sweep,3280
sweep,3592
sweep,4153
sweep,3656
sweep,3662
sweep,3350
sweep,2854
sweep,3038
sweep,2856
sweep,3203
sweep,2833
sweep,2971
sweep,2788
sweep,2690
sweep,3811
sweep,2664
sweep,2951
sweep,3167
sweep,3239
sweep,3673
sweep,3039
sweep,2823
sweep,2457
sweep,3719
sweep,4036
sweep,4071
sweep,4139
sweep,5533
sweep,8564
sweep,6408
sweep,9003
sweep,8057
sweep,8908
sweep,7404
sweep,7747
sweep,7048
sweep,828
mark,1036515
sweep,4886
sweep,3715
sweep,4138
sweep,4242
sweep,3951
sweep,4076
sweep,3959
sweep,3216
sweep,2891
sweep,3454
sweep,2997
sweep,2853
sweep,2967
sweep,2897
sweep,2819
sweep,2726
sweep,3739
sweep,3221
sweep,2962
sweep,3326
sweep,2474
sweep,2393
sweep,3840
sweep,2332
sweep,3487
sweep,2141
sweep,3474
sweep,3614
sweep,4361
sweep,3407
sweep,3722
sweep,3013
sweep,2937
sweep,3296
sweep,3223
sweep,3258
sweep,2803
sweep,3342
sweep,2471
sweep,3170
sweep,3615
sweep,2910
sweep,2636
sweep,2889
sweep,2976
sweep,3589
sweep,2742
sweep,2721
sweep,2394
sweep,5433
sweep,8689
sweep,8503
sweep,8634
sweep,8242
sweep,6445
sweep,7558
sweep,4242
sweep,4151
sweep,4950
sweep,6343
sweep,5822
sweep,5806
sweep,229
mark,1029331
sweep,4971
sweep,4079
sweep,4371
sweep,4711
sweep,3941
sweep,4305
sweep,3811
sweep,3545
sweep,2804
sweep,3142
sweep,3128
sweep,2715
sweep,2733
sweep,2764
sweep,2949
sweep,2716
sweep,3472
sweep,3307
sweep,2957
sweep,3350
sweep,2475
sweep,2599
sweep,3759
sweep,2382
sweep,3215
sweep,2100
sweep,3440
sweep,3931
sweep,4277
sweep,3544
sweep,3036
sweep,3032
sweep,3439
sweep,3019
sweep,2775
sweep,3256
sweep,2973
sweep,3466
sweep,2626
sweep,2731
sweep,3832
sweep,2624
sweep,2814
sweep,3281
sweep,2899
sweep,3448
sweep,2821
sweep,2675
sweep,2403
sweep,3794
sweep,4318
sweep,4352
sweep,4245
sweep,6058
sweep,7875
sweep,6096
sweep,9292
sweep,8070
sweep,8774
sweep,7696
sweep,7383
sweep,7443
sweep,835
mark,1044028
sweep,5088
sweep,3928
sweep,4204
sweep,4318
sweep,3901
sweep,4229
sweep,3759
sweep,3173
sweep,3014
sweep,3451
sweep,2997
sweep,3017
sweep,2683
sweep,2940
sweep,2557
sweep,2891
sweep,3615
sweep,2925
sweep,3108
sweep,3337
sweep,2340
sweep,2386
sweep,3852
sweep,2455
sweep,3101
sweep,1963
sweep,3790
sweep,3657
sweep,4236
sweep,3362
sweep,3073
sweep,2913
sweep,2974
sweep,2867
sweep,3248
sweep,3134
sweep,2962
sweep,3136
sweep,2674
sweep,2619
sweep,3882
sweep,2666
sweep,2916
sweep,3183
sweep,2783
sweep,3529
sweep,3007
sweep,2518
sweep,2469
sweep,5402
sweep,9195
sweep,8881
sweep,8925
sweep,8183
sweep,6000
sweep,7414
sweep,4266
sweep,4258
sweep,4749
sweep,6146
sweep,5810
sweep,5637
sweep,222
mark,1026854
sweep,4889
sweep,4374
sweep,4161
sweep,4033
sweep,3803
sweep,4362
sweep,3512
sweep,3378
sweep,3056
sweep,3254
sweep,3121
sweep,2807
sweep,2799
sweep,2862
sweep,2631
sweep,2814
sweep,3231
sweep,2952
sweep,3018
sweep,3350
sweep,2577
sweep,2519
sweep,3707
sweep,2665
sweep,3382
sweep,2157
sweep,3367
sweep,3914
sweep,4099
sweep,3474
sweep,3521
sweep,3064
sweep,2925
sweep,3165
sweep,2849
sweep,3508
sweep,2735
sweep,3096
sweep,2459
sweep,3398
sweep,3750
sweep,2742
sweep,2996
sweep,3113
sweep,3049
sweep,3357
sweep,2765
sweep,2562
sweep,2576
sweep,3611
sweep,3855
sweep,3989
sweep,4316
sweep,6175
sweep,7625
sweep,6048
sweep,8472
sweep,8465
sweep,8634
sweep,8370
sweep,7403
sweep,7610
sweep,839
mark,1036297
sweep,5061
sweep,4145
sweep,4057
sweep,4174
sweep,3629
sweep,4196
sweep,3621
sweep,3674
sweep,2845
sweep,3076
sweep,3001
sweep,3027
sweep,3159
sweep,2921
sweep,2709
sweep,3247
sweep,3224
sweep,2860
sweep,3228
sweep,3633
sweep,2388
sweep,2427
sweep,3957
sweep,2238
sweep,3518
sweep,2186
sweep,3390
sweep,3698
sweep,4657
sweep,3234
sweep,3333
sweep,3074
sweep,3371
sweep,2912
sweep,2899
sweep,3151
sweep,3134
sweep,3418
sweep,2780
sweep,2618
sweep,3635
sweep,2546
sweep,2703
sweep,3121
sweep,3010
sweep,3395
sweep,2715
sweep,2433
sweep,2406
sweep,5517
sweep,8663
sweep,8515
sweep,8448
sweep,7813
sweep,6341
sweep,7352
sweep,3964
sweep,4278
sweep,4742
sweep,6291
sweep,5516
sweep,5854
sweep,229
mark,1030279
sweep,4784
sweep,3765
sweep,3999
sweep,4064
sweep,3694
sweep,4424
sweep,3577
sweep,3416
sweep,3073
sweep,3480
sweep,3118
sweep,3276
sweep,2653
sweep,3115
sweep,2695
sweep,2901
sweep,3561
sweep,2867
sweep,3039
sweep,3694
sweep,2347
sweep,2744
sweep,3689
sweep,2331
sweep,3678
sweep,1905
sweep,3264
sweep,3601
sweep,4120
sweep,3366
sweep,3447
sweep,2971
sweep,2924
sweep,3050
sweep,2836
sweep,3386
sweep,2684
sweep,3035
sweep,2541
sweep,2602
sweep,4119
sweep,2844
sweep,3001
sweep,3510
sweep,2853
sweep,3633
sweep,3191
sweep,2453
sweep,2527
sweep,3436
sweep,3837
sweep,3989
sweep,4075
sweep,5989
sweep,8103
sweep,5931
sweep,8771
sweep,8537
sweep,8565
sweep,8159
sweep,7524
sweep,7795
sweep,802
mark,1027737
sweep,4731
sweep,4017
sweep,4548
sweep,3977
sweep,3912
sweep,4343
sweep,3853
sweep,3238
sweep,3052
sweep,3255
sweep,3020
sweep,2755
sweep,2672
sweep,2909
sweep,2582
sweep,2788
sweep,3306
sweep,2982
sweep,3106
sweep,3501
sweep,2529
sweep,2512
sweep,3775
sweep,2282
sweep,3666
sweep,1871
sweep,3345
sweep,3617
sweep,4438
sweep,3695
sweep,3309
sweep,2940
sweep,2975
sweep,3348
sweep,2857
sweep,3094
sweep,2829
sweep,3081
sweep,2454
sweep,2875
sweep,3903
sweep,2669
sweep,2742
sweep,3248
sweep,2805
sweep,3325
sweep,3143
sweep,2546
sweep,2556
sweep,5345
sweep,9110
sweep,8700
sweep,8575
sweep,7788
sweep,6647
sweep,7519
sweep,4037
sweep,4268
sweep,5161
sweep,6194
sweep,5712
sweep,5790
sweep,221
mark,1025833
sweep,4863
sweep,4285
sweep,4371
sweep,4174
sweep,3729
sweep,4159
sweep,3577
sweep,3403
sweep,2981
sweep,3121
sweep,3440
sweep,2746
sweep,2778
sweep,2725
sweep,2655
sweep,2669
sweep,3175
sweep,3232
sweep,3179
sweep,3375
sweep,2662
sweep,2490
sweep,3725
sweep,2324
sweep,3595
sweep,1939
sweep,3423
sweep,3605
sweep,4148
sweep,3265
sweep,6902
sweep,2993
sweep,3458
sweep,3141
sweep,2915
sweep,3495
sweep,2675
sweep,3016
sweep,2501
sweep,2673
sweep,3957
sweep,2965
sweep,2989
sweep,3052
sweep,2914
sweep,3649
sweep,2924
sweep,2518
sweep,2437
sweep,3472
sweep,4062
sweep,4187
sweep,4128
sweep,5889
sweep,7891
sweep,6271
sweep,8356
sweep,8435
sweep,8520
sweep,8214
sweep,7481
sweep,7601
sweep,837
mark,1028493
sweep,4808
sweep,3972
sweep,3979
sweep,4420
sweep,3741
sweep,4154
sweep,3790
sweep,3059
sweep,3132
sweep,3533
sweep,2974
sweep,2760
sweep,2871
sweep,3148
sweep,2479
sweep,2935
sweep,3401
sweep,2971
sweep,3216
sweep,3496
sweep,2421
sweep,2384
sweep,3797
sweep,2267
sweep,3133
sweep,2085
sweep,3424
sweep,4005
sweep,4421
sweep,3414
sweep,3378
sweep,3061
sweep,2804
sweep,2938
sweep,2989
sweep,3303
sweep,2697
sweep,3009
sweep,2827
sweep,2685
sweep,3698
sweep,2512
sweep,2647
sweep,3206
sweep,2879
sweep,3676
sweep,3165
sweep,2614
sweep,2653
sweep,5430
sweep,8812
sweep,8761
sweep,8585
sweep,7562
sweep,6238
sweep,7281
sweep,3988
sweep,4589
sweep,4758
sweep,6114
sweep,5610
sweep,5997
sweep,226
mark,1030167
sweep,4682
sweep,3947
sweep,4476
sweep,4019
sweep,3964
sweep,4245
sweep,3603
sweep,3045
sweep,2857
sweep,3429
sweep,3357
sweep,3070
sweep,2909
sweep,2750
sweep,2615
sweep,2722
sweep,3291
sweep,3156
sweep,3299
sweep,3738
sweep,2462
sweep,2609
sweep,4342
sweep,2621
sweep,3094
sweep,1989
sweep,3321
sweep,3852
sweep,4155
sweep,3363
sweep,3015
sweep,3104
sweep,3246
sweep,3179
sweep,2756
sweep,3268
sweep,2690
sweep,3211
sweep,2446
sweep,2543
sweep,3861
sweep,2799
sweep,2709
sweep,2950
sweep,2911
sweep,3673
sweep,2764
sweep,2507
sweep,2624
sweep,3803
sweep,3934
sweep,4041
sweep,4038
sweep,6004
sweep,7898
sweep,6301
sweep,8269
sweep,8379
sweep,8592
sweep,7651
sweep,7646
sweep,7658
sweep,923
mark,1033720
sweep,5483
sweep,3736
sweep,4168
sweep,4328
sweep,3483
sweep,4211
sweep,3835
sweep,3105
sweep,2847
sweep,3370
sweep,3102
sweep,2887
sweep,2896
sweep,3277
sweep,2796
sweep,2642
sweep,3265
sweep,2957
sweep,3274
sweep,3390
sweep,2570
sweep,2560
sweep,3721
sweep,2559
sweep,3722
sweep,2200
sweep,3681
sweep,3918
sweep,4380
sweep,3677
sweep,3278
sweep,3307
sweep,2798
sweep,3152
sweep,2823
sweep,3251
sweep,2817
sweep,2995
sweep,2480
sweep,2748
sweep,3980
sweep,2749
sweep,2678
sweep,3008
sweep,2969
sweep,3582
sweep,2805
sweep,2623
sweep,2485
sweep,5424
sweep,9332
sweep,8694
sweep,8805
sweep,8143
sweep,5874
sweep,7258
sweep,3961
sweep,4544
sweep,4773
sweep,6176
sweep,5874
sweep,5886
sweep,235
mark,1028070
sweep,4650
sweep,3923
sweep,3902
sweep,4453
sweep,3908
sweep,4430
sweep,3802
sweep,3268
sweep,2758
sweep,3422
sweep,3394
sweep,2861
sweep,2621
sweep,2957
sweep,2899
sweep,2784
sweep,3160
sweep,3181
sweep,3156
sweep,3551
sweep,2635
sweep,2955
sweep,3807
sweep,2391
sweep,3118
sweep,1989
sweep,3506
sweep,3737
sweep,4253
sweep,3528
sweep,3097
sweep,3346
sweep,2932
sweep,2990
sweep,2967
sweep,3530
sweep,3045
sweep,3109
sweep,2583
sweep,3089
sweep,3899
sweep,3044
sweep,2759
sweep,2988
sweep,2901
sweep,3726
sweep,2665
sweep,2570
sweep,2490
sweep,3389
sweep,3860
sweep,4143
sweep,4091
sweep,6057
sweep,7903
sweep,5893
sweep,8865
sweep,8407
sweep,8685
sweep,8195
sweep,7507
sweep,7316
sweep,824
mark,1033210
sweep,5005
sweep,3936
sweep,4110
sweep,4328
sweep,3710
sweep,4221
sweep,3627
sweep,3210
sweep,2863
sweep,3302
sweep,2932
sweep,3095
sweep,2860
sweep,2897
sweep,2929
sweep,2659
sweep,3394
sweep,2928
sweep,3087
sweep,3548
sweep,2317
sweep,2406
sweep,3813
sweep,2337
sweep,3359
sweep,2113
sweep,3566
sweep,3555
sweep,4175
sweep,3655
sweep,3114
sweep,3102
sweep,3012
sweep,2907
sweep,2867
sweep,3167
sweep,2728
sweep,3333
sweep,2716
sweep,2762
sweep,3959
sweep,2601
sweep,2620
sweep,3351
sweep,2936
sweep,3664
sweep,2766
sweep,2575
sweep,2471
sweep,5759
sweep,8929
sweep,8439
sweep,8287
sweep,7967
sweep,5636
sweep,7406
sweep,4337
sweep,4310
sweep,4411
sweep,5689
sweep,5831
sweep,6573
sweep,224
mark,1025019
sweep,5170
sweep,4214
sweep,3955
sweep,4199
sweep,3851
sweep,4319
sweep,3684
sweep,3171
sweep,2847
sweep,3711
sweep,3120
sweep,2815
sweep,2890
sweep,2754
sweep,2564
sweep,2658
sweep,3177
sweep,3407
sweep,3164
sweep,3339
sweep,2371
sweep,2499
sweep,3764
sweep,2387
sweep,3137
sweep,1950
sweep,3332
sweep,3880
sweep,4657
sweep,3520
sweep,3332
sweep,3034
sweep,2823
sweep,2978
sweep,2853
sweep,3258
sweep,2758
sweep,3076
sweep,2713
sweep,2943
sweep,3755
sweep,2742
sweep,2694
sweep,3439
sweep,2835
sweep,3804
sweep,2827
sweep,2520
sweep,2680
sweep,3478
sweep,4151
sweep,4129
sweep,4459
sweep,5987
sweep,8056
sweep,5731
sweep,8672
sweep,8289
sweep,8672
sweep,8323
sweep,7489
sweep,7612
sweep,833
mark,1034593
sweep,4707
sweep,4035
sweep,3955
sweep,3964
sweep,3523
sweep,4356
sweep,3808
sweep,3059
sweep,2896
sweep,3387
sweep,2981
sweep,2767
sweep,3012
sweep,2855
sweep,2963
sweep,2711
sweep,3299
sweep,2984
sweep,3048
sweep,3840
sweep,2494
sweep,2777
sweep,3815
sweep,2274
sweep,3503
sweep,1919
sweep,3488
sweep,3814
sweep,4585
sweep,3526
sweep,3390
sweep,3675
sweep,2983
sweep,2998
sweep,2789
sweep,3193
sweep,3015
sweep,3145
sweep,2697
sweep,2630
sweep,4054
sweep,2967
sweep,2669
sweep,2873
sweep,3153
sweep,3446
sweep,2745
sweep,2807
sweep,2461
sweep,5578
sweep,8857
sweep,8529
sweep,8542
sweep,8208
sweep,6325
sweep,7555
sweep,3946
sweep,4287
sweep,4212
sweep,5718
sweep,5792
sweep,6112
sweep,220
mark,1035173
sweep,4519
sweep,3827
sweep,3997
sweep,3923
sweep,3499
sweep,4146
sweep,11971
sweep,3067
sweep,2825
sweep,3089
sweep,3065
sweep,2953
sweep,2939
sweep,3090
sweep,2576
sweep,2762
sweep,3305
sweep,3281
sweep,2993
sweep,3327
sweep,2265
sweep,2804
sweep,3858
sweep,2406
sweep,2986
sweep,2453
sweep,3434
sweep,3909
sweep,4962
sweep,3354
sweep,3557
sweep,3311
sweep,2953
sweep,3115
sweep,2758
sweep,3658
sweep,2768
sweep,2960
sweep,2411
sweep,2596
sweep,3935
sweep,2802
sweep,2795
sweep,3308
sweep,3124
sweep,3421
sweep,2809
sweep,2484
sweep,2555
sweep,3386
sweep,4256
sweep,4421
sweep,4312
sweep,6216
sweep,7648
sweep,5993
sweep,8734
sweep,8233
sweep,8391
sweep,8042
sweep,7490
sweep,7710
sweep,836
mark,1034715
sweep,4663
sweep,4006
sweep,3943
sweep,4007
sweep,3543
sweep,4017
sweep,3759
sweep,3177
sweep,3136
sweep,3318
sweep,2960
sweep,2720
sweep,2883
sweep,2966
sweep,2851
sweep,2816
sweep,3237
sweep,3140
sweep,3508
sweep,3889
sweep,2345
sweep,2381
sweep,4149
sweep,2443
sweep,3063
sweep,2016
sweep,3572
sweep,3790
sweep,4348
sweep,3379
sweep,3070
sweep,3013
sweep,2942
sweep,3336
sweep,2846
sweep,3067
sweep,2745
sweep,3214
sweep,2448
sweep,2677
sweep,3730
sweep,2639
sweep,2635
sweep,3012
sweep,3104
sweep,3409
sweep,2798
sweep,2684
sweep,2450
sweep,5645
sweep,8692
sweep,8468
sweep,8503
sweep,8371
sweep,6204
sweep,7390
sweep,4131
sweep,4194
sweep,4491
sweep,6049
sweep,6113
sweep,5841
sweep,235
mark,1029915
sweep,5088
sweep,3933
sweep,3924
sweep,4276
sweep,3849
sweep,4179
sweep,3514
sweep,3654
sweep,2806
sweep,3367
sweep,3182
sweep,2747
sweep,2648
sweep,3072
sweep,2843
sweep,2677
sweep,3191
sweep,2872
sweep,3190
sweep,3603
sweep,2314
sweep,2480
sweep,3838
sweep,2403
sweep,3075
sweep,2117
sweep,3539
sweep,3901
sweep,4266
sweep,3355
sweep,3081
sweep,3009
sweep,3011
sweep,3072
sweep,2777
sweep,3365
sweep,3004
sweep,2991
sweep,2482
sweep,3122
sweep,3761
sweep,2709
sweep,2920
sweep,3023
sweep,3023
sweep,3401
sweep,2760
sweep,2601
sweep,2376
sweep,3408
sweep,4195
sweep,3790
sweep,4153
sweep,5796
sweep,8571
sweep,5970
sweep,8776
sweep,8965
sweep,8907
sweep,7565
sweep,7561
sweep,6978
sweep,829
mark,1031067
sweep,4809
sweep,3949
sweep,4116
sweep,4119
sweep,3906
sweep,4412
sweep,3689
sweep,3048
sweep,2858
sweep,3362
sweep,2971
sweep,2713
sweep,2766
sweep,2796
sweep,2694
sweep,2681
sweep,3281
sweep,2863
sweep,3629
sweep,3371
sweep,2356
sweep,2389
sweep,3742
sweep,2578
sweep,3550
sweep,1890
sweep,3557
sweep,3759
sweep,4748
sweep,3375
sweep,3152
sweep,3073
sweep,2897
sweep,3024
sweep,2910
sweep,3182
sweep,2695
sweep,2996
sweep,2525
sweep,2704
sweep,3708
sweep,2897
sweep,2649
sweep,2925
sweep,2830
sweep,3414
sweep,2975
sweep,2601
sweep,2466
sweep,5959
sweep,8766
sweep,8110
sweep,8905
sweep,8269
sweep,6185
sweep,7117
sweep,3933
sweep,4278
sweep,4981
sweep,6211
sweep,5657
sweep,6153
sweep,432
mark,1031920
sweep,4918
sweep,4299
sweep,3855
sweep,4426
sweep,3663
sweep,4019
sweep,3550
sweep,3212
sweep,3111
sweep,3333
sweep,3537
sweep,2811
sweep,2774
sweep,3083
sweep,2607
sweep,2841
sweep,3463
sweep,2967
sweep,3206
sweep,3597
sweep,2331
sweep,2733
sweep,4026
sweep,2369
sweep,3656
sweep,2054
sweep,3419
sweep,3837
sweep,4283
sweep,3403
sweep,3356
sweep,3091
sweep,2898
sweep,3121
sweep,2730
sweep,3176
sweep,2784
sweep,3268
sweep,2524
sweep,2663
sweep,3830
sweep,2772
sweep,2796
sweep,3007
sweep,2713
sweep,3446
sweep,2789
sweep,2533
sweep,2570
sweep,3573
sweep,4016
sweep,4173
sweep,4236
sweep,6147
sweep,7855
sweep,6533
sweep,8477
sweep,8322
sweep,8861
sweep,8522
sweep,7558
sweep,7120
sweep,803
mark,1027776
sweep,4895
sweep,4268
sweep,3928
sweep,4084
sweep,3665
sweep,4204
sweep,3665
sweep,3147
sweep,2900
sweep,3798
sweep,3337
sweep,2767
sweep,2832
sweep,2819
sweep,2650
sweep,2730
sweep,3217
sweep,3106
sweep,3198
sweep,4098
sweep,2419
sweep,2647
sweep,3670
sweep,2331
sweep,3062
sweep,1920
sweep,3622
sweep,4082
sweep,4158
sweep,3650
sweep,3113
sweep,2868
sweep,2880
sweep,3016
sweep,2982
sweep,3215
sweep,2749
sweep,3140
sweep,2526
sweep,3046
sweep,4335
sweep,2974
sweep,2590
sweep,2880
sweep,2910
sweep,3734
sweep,2727
sweep,2441
sweep,2496
sweep,5323
sweep,9172
sweep,8574
sweep,8600
sweep,8240
sweep,6288
sweep,6862
sweep,3832
sweep,4521
sweep,4953
sweep,5781
sweep,5944
sweep,5956
sweep,232
mark,1071331
sweep,4689
sweep,4125
sweep,4236
sweep,4281
sweep,4151
sweep,4156
sweep,3779
sweep,3379
sweep,2795
sweep,3138
sweep,3140
sweep,2855
sweep,2944
sweep,2889
sweep,2626
sweep,2771
sweep,3193
sweep,2950
sweep,3223
sweep,3853
sweep,2373
sweep,2536
sweep,3924
sweep,2323
sweep,3052
sweep,2291
sweep,3284
sweep,3623
sweep,4612
sweep,3353
sweep,3051
sweep,3289
sweep,2914
sweep,3117
sweep,3381
sweep,3277
sweep,2861
sweep,3046
sweep,2783
sweep,2618
sweep,3837
sweep,2876
sweep,2906
sweep,3045
sweep,2851
sweep,3469
sweep,2722
sweep,2407
sweep,2438
sweep,3530
sweep,3916
sweep,3927
sweep,4223
sweep,5821
sweep,8428
sweep,6470
sweep,8497
sweep,8455
sweep,8390
sweep,7535
sweep,7697
sweep,7216
sweep,842
mark,1026083
sweep,4768
sweep,3839
sweep,4181
sweep,3920
sweep,3625
sweep,4257
sweep,3685
sweep,3235
sweep,3015
sweep,3319
sweep,2997
sweep,2717
sweep,2742
sweep,2851
sweep,2660
sweep,2699
sweep,3598
sweep,3210
sweep,3617
sweep,3902
sweep,2399
sweep,2516
sweep,3739
sweep,2536
sweep,3183
sweep,2129
sweep,3285
sweep,3965
sweep,4487
sweep,3426
sweep,3050
sweep,3293
sweep,2969
sweep,3262
sweep,2779
sweep,3056
sweep,2761
sweep,3164
sweep,2496
sweep,2624
sweep,3822
sweep,2630
sweep,2779
sweep,3498
sweep,3146
sweep,3859
sweep,2667
sweep,2512
sweep,2715
sweep,5363
sweep,8813
sweep,8907
sweep,8893
sweep,7691
sweep,6088
sweep,7176
sweep,3925
sweep,4225
sweep,4664
sweep,6357
sweep,5598
sweep,6151
sweep,252
mark,1040572
sweep,4910
sweep,3749
sweep,4224
sweep,4281
sweep,3547
sweep,4189
sweep,3812
sweep,3010
sweep,2791
sweep,3581
sweep,3419
sweep,3258
sweep,2677
sweep,2754
sweep,2821
sweep,2735
sweep,3180
sweep,2906
sweep,3042
sweep,3859
sweep,2383
sweep,2548
sweep,3835
sweep,2773
sweep,3088
sweep,1947
sweep,3703
sweep,3972
sweep,4647
sweep,3554
sweep,2931
sweep,3189
sweep,3231
sweep,3028
sweep,3223
sweep,3196
sweep,2870
sweep,3022
sweep,2565
sweep,3014
sweep,3567
sweep,3008
sweep,2857
sweep,2887
sweep,2827
sweep,3599
sweep,2906
sweep,2458
sweep,2713
sweep,3964
sweep,4084
sweep,4037
sweep,4076
sweep,6137
sweep,8439
sweep,6129
sweep,8657
sweep,8702
sweep,9038
sweep,7039
sweep,7465
sweep,7041
sweep,829
mark,1034045
sweep,4704
sweep,3865
sweep,4253
sweep,4380
sweep,3824
sweep,3975
sweep,3625
sweep,3099
sweep,3058
sweep,3463
sweep,2992
sweep,2816
sweep,2878
sweep,2921
sweep,2745
sweep,2686
sweep,3283
sweep,2871
sweep,3067
sweep,3318
sweep,2641
sweep,2451
sweep,3775
sweep,2443
sweep,3125
sweep,1965
sweep,3424
sweep,3698
sweep,4450
sweep,3631
sweep,3306
sweep,3114
sweep,3160
sweep,3012
sweep,2733
sweep,3129
sweep,2728
sweep,3242
sweep,2706
sweep,2756
sweep,3758
sweep,2832
sweep,2678
sweep,3021
sweep,2928
sweep,3398
sweep,2706
sweep,2778
sweep,2688
sweep,5656
sweep,9060
sweep,8695
sweep,8500
sweep,7850
sweep,6688
sweep,7130
sweep,4422
sweep,4352
sweep,4843
sweep,6256
sweep,5551
sweep,6371
sweep,227
mark,1028824
sweep,4799
sweep,4043
sweep,4213
sweep,4402
sweep,3463
sweep,4380
sweep,3617
sweep,3210
sweep,2750
sweep,3236
sweep,3107
sweep,2846
sweep,2733
sweep,2950
sweep,2619
sweep,2810
sweep,3457
sweep,3034
sweep,3204
sweep,3632
sweep,2324
sweep,2576
sweep,3651
sweep,2631
sweep,3029
sweep,1959
sweep,3372
sweep,3621
sweep,4389
sweep,3409
sweep,3026
sweep,3030
sweep,3332
sweep,3132
sweep,2828
sweep,3298
sweep,2741
sweep,3065
sweep,2546
sweep,2712
sweep,3687
sweep,2740
sweep,2843
sweep,3130
sweep,2884
sweep,3395
sweep,2882
sweep,2467
sweep,2532
sweep,3808
sweep,4025
sweep,4065
sweep,4133
sweep,6237
sweep,7841
sweep,6157
sweep,8722
sweep,8307
sweep,8766
sweep,8050
sweep,7399
sweep,7106
sweep,828
mark,1033596
sweep,4819
sweep,3914
sweep,3986
sweep,4460
sweep,3879
sweep,4040
sweep,3603
sweep,3080
sweep,2819
sweep,3611
sweep,3060
sweep,2736
sweep,2632
sweep,3224
sweep,2814
sweep,2678
sweep,3219
sweep,3138
sweep,3390
sweep,3272
sweep,2316
sweep,2504
sweep,4160
sweep,2346
sweep,3116
sweep,1828
sweep,3440
sweep,3953
sweep,4272
sweep,3772
sweep,3201
sweep,2879
sweep,3092
sweep,3061
sweep,3107
sweep,3161
sweep,2844
sweep,3138
sweep,2752
sweep,2756
sweep,3698
sweep,2839
sweep,2859
sweep,2887
sweep,3047
sweep,3415
sweep,2806
sweep,2533
sweep,2654
sweep,5626
sweep,9035
sweep,8163
sweep,8673
sweep,8019
sweep,6666
sweep,7458
sweep,4014
sweep,4318
sweep,5054
sweep,6211
sweep,5838
sweep,5748
sweep,225
mark,1033819
sweep,4788
sweep,4133
sweep,3772
sweep,4228
sweep,3545
sweep,4386
sweep,3663
sweep,3182
sweep,2815
sweep,3389
sweep,3404
sweep,2763
sweep,2702
sweep,2788
sweep,2836
sweep,3311
sweep,3391
sweep,2945
sweep,3231
sweep,3494
sweep,2367
sweep,2418
sweep,4275
sweep,2501
sweep,3162
sweep,1820
sweep,3439
sweep,3607
sweep,4352
sweep,3532
sweep,3357
sweep,3074
sweep,2875
sweep,2986
sweep,2776
sweep,3363
sweep,2693
sweep,3159
sweep,2733
sweep,2801
sweep,3814
sweep,3019
sweep,2911
sweep,3038
sweep,2810
sweep,3552
sweep,3050
sweep,2500
sweep,2767
sweep,6517
sweep,3975
sweep,4059
sweep,4145
sweep,5988
sweep,7678
sweep,5719
sweep,8802
sweep,8404
sweep,8707
sweep,8272
sweep,7362
sweep,7453
sweep,866
mark,1032015
sweep,4785
sweep,3795
sweep,4065
sweep,4194
sweep,3964
sweep,3948
sweep,3700
sweep,3348
sweep,2876
sweep,3125
sweep,3252
sweep,2714
sweep,2770
sweep,2875
sweep,3112
sweep,2751
sweep,3364
sweep,3160
sweep,3102
sweep,3577
sweep,2332
sweep,2435
sweep,3711
sweep,2405
sweep,3109
sweep,1994
sweep,3408
sweep,3810
sweep,4179
sweep,3482
sweep,3015
sweep,2965
sweep,2913
sweep,3056
sweep,2826
sweep,3349
sweep,2974
sweep,3300
sweep,2537
sweep,2897
sweep,3678
sweep,2639
sweep,2651
sweep,2821
sweep,2742
sweep,3374
sweep,2949
sweep,2520
sweep,2396
sweep,5531
sweep,9337
sweep,8540
sweep,8657
sweep,8038
sweep,5684
sweep,7538
sweep,3947
sweep,4308
sweep,4993
sweep,6203
sweep,5745
sweep,5895
sweep,223
mark,1064360
sweep,4641
sweep,3895
sweep,4179
sweep,3932
sweep,3596
sweep,3997
sweep,3685
sweep,3076
sweep,2850
sweep,3199
sweep,3041
sweep,3146
sweep,3034
sweep,3044
sweep,2951
sweep,2844
sweep,3221
sweep,3205
sweep,3024
sweep,3492
sweep,2280
sweep,2609
sweep,3692
sweep,2543
sweep,3613
sweep,1986
sweep,3451
sweep,3691
sweep,4099
sweep,3900
sweep,3033
sweep,3239
sweep,2820
sweep,2937
sweep,2838
sweep,3235
sweep,2960
sweep,3030
sweep,2649
sweep,2839
sweep,3690
sweep,2926
sweep,3005
sweep,3123
sweep,2811
sweep,3387
sweep,2720
sweep,2529
sweep,2403
sweep,3677
sweep,4020
sweep,3838
sweep,4245
sweep,5883
sweep,8246
sweep,6330
sweep,8731
sweep,8422
sweep,8659
sweep,8318
sweep,7254
sweep,7718
sweep,833
mark,1039743
sweep,4492
sweep,3663
sweep,4044
sweep,4062
sweep,3657
sweep,4270
sweep,3598
sweep,3071
sweep,2902
sweep,3443
sweep,2979
sweep,2806
sweep,2687
sweep,2984
sweep,2582
sweep,3090
sweep,3564
sweep,3303
sweep,3093
sweep,3517
sweep,2376
sweep,2612
sweep,3972
sweep,2430
sweep,3258
sweep,1890
sweep,3424
sweep,3673
sweep,4390
sweep,3417
sweep,3273
sweep,3095
sweep,11556
sweep,2986
sweep,2907
sweep,3172
sweep,2813
sweep,3058
sweep,2490
sweep,2868
sweep,3774
sweep,2830
sweep,2888
sweep,2871
sweep,2942
sweep,3782
sweep,2934
sweep,2487
sweep,2557
sweep,5681
sweep,9265
sweep,8831
sweep,8198
sweep,8382
sweep,5931
sweep,7127
sweep,4010
sweep,4638
sweep,4551
sweep,5808
sweep,5483
sweep,6529
sweep,223
mark,1051282
sweep,5476
sweep,4158
sweep,4064
sweep,4317
sweep,3760
sweep,4359
sweep,3602
sweep,3320
sweep,2756
sweep,3066
sweep,3187
sweep,2746
sweep,2706
sweep,3421
sweep,3137
sweep,2693
sweep,3276
sweep,3132
sweep,3103
sweep,3399
sweep,2518
sweep,2811
sweep,4179
sweep,2683
sweep,3585
sweep,1880
sweep,3507
sweep,3784
sweep,4663
sweep,3713
sweep,3452
sweep,3227
sweep,3392
sweep,3248
sweep,2673
sweep,3188
sweep,3135
sweep,3353
sweep,2805
sweep,2671
sweep,3748
sweep,2593
sweep,2858
sweep,2923
sweep,2971
sweep,3462
sweep,2706
sweep,2737
sweep,2593
sweep,3460
sweep,3809
sweep,4134
sweep,4122
sweep,5924
sweep,8494
sweep,7065
sweep,9005
sweep,8443
sweep,8552
sweep,8102
sweep,7577
sweep,7539
sweep,829
mark,1028060
sweep,4538
sweep,3805
sweep,4238
sweep,4301
sweep,3902
sweep,4198
sweep,3634
sweep,3332
sweep,2945
sweep,3121
sweep,2989
sweep,3050
sweep,2640
sweep,3092
sweep,2879
sweep,2756
sweep,3487
sweep,2946
sweep,3040
sweep,3688
sweep,2365
sweep,2359
sweep,4026
sweep,2370
sweep,3189
sweep,1900
sweep,3697
sweep,3567
sweep,4821
sweep,3473
sweep,3279
sweep,2967
sweep,2999
sweep,3096
sweep,3019
sweep,3264
sweep,2775
sweep,3052
sweep,2510
sweep,2670
sweep,3669
sweep,2669
sweep,2659
sweep,3076
sweep,2824
sweep,3565
sweep,2764
sweep,2504
sweep,2694
sweep,5996
sweep,8551
sweep,8604
sweep,8457
sweep,7551
sweep,6315
sweep,6756
sweep,4030
sweep,4385
sweep,4870
sweep,5667
sweep,5610
sweep,5910
sweep,269
mark,1026481
sweep,4570
sweep,3852
sweep,4422
sweep,4205
sweep,3547
sweep,4414
sweep,3569
sweep,3059
sweep,2854
sweep,3545
sweep,3122
sweep,3071
sweep,2953
sweep,2824
sweep,2620
sweep,2739
sweep,3453
sweep,3003
sweep,3066
sweep,3636
sweep,2332
sweep,2757
sweep,3718
sweep,2455
sweep,3067
sweep,1898
sweep,3642
sweep,3840
sweep,4589
sweep,3607
sweep,3309
sweep,2890
sweep,3474
sweep,3076
sweep,2753
sweep,3568
sweep,2756
sweep,3067
sweep,2593
sweep,2717
sweep,3971
sweep,2662
sweep,2710
sweep,3267
sweep,2896
sweep,3578
sweep,2721
sweep,2511
sweep,2417
sweep,3501
sweep,3894
sweep,4156
sweep,4253
sweep,6046
sweep,8342
sweep,6138
sweep,8586
sweep,8060
sweep,8490
sweep,7145
sweep,7418
sweep,7156
sweep,874
mark,1034346
sweep,4641
sweep,3927
sweep,4260
sweep,3935
sweep,3805
sweep,4555
sweep,3672
sweep,3099
sweep,3221
sweep,3276
sweep,2986
sweep,2657
sweep,2960
sweep,2756
sweep,3037
sweep,2665
sweep,3293
sweep,2866
sweep,3131
sweep,3379
sweep,2629
sweep,2464
sweep,3708
sweep,2579
sweep,3170
sweep,1908
sweep,3373
sweep,3635
sweep,4598
sweep,3874
sweep,2997
sweep,3100
sweep,3029
sweep,3136
sweep,2825
sweep,3685
sweep,2832
sweep,3134
sweep,2755
sweep,3222
sweep,3734
sweep,2891
sweep,2669
sweep,2872
sweep,2794
sweep,3459
sweep,2728
sweep,2468
sweep,2842
sweep,5464
sweep,8695
sweep,8707
sweep,8620
sweep,7632
sweep,6175
sweep,6942
sweep,3985
sweep,4379
sweep,4879
sweep,6501
sweep,5739
sweep,6272
sweep,227
mark,1026011
sweep,4499
sweep,4099
sweep,3993
sweep,3974
sweep,3616
sweep,4155
sweep,3609
sweep,3487
sweep,2821
sweep,3112
sweep,3187
sweep,3940
sweep,2642
sweep,2966
sweep,3135
sweep,2733
sweep,3437
sweep,3195
sweep,3046
sweep,3450
sweep,2423
sweep,2675
sweep,4202
sweep,2217
sweep,3422
sweep,1933
sweep,3549
sweep,3870
sweep,4398
sweep,3599
sweep,3158
sweep,3126
sweep,2936
sweep,3045
sweep,2781
sweep,3245
sweep,2755
sweep,3045
sweep,2446
sweep,2917
sweep,3655
sweep,2735
sweep,2877
sweep,3013
sweep,3089
sweep,3467
sweep,2727
sweep,2451
sweep,2482
sweep,3656
sweep,4205
sweep,4356
sweep,4113
sweep,6061
sweep,8490
sweep,6696
sweep,8716
sweep,8421
sweep,8653
sweep,8211
sweep,7021
sweep,7060
sweep,855
mark,1032610
sweep,4867
sweep,3827
sweep,4402
sweep,3886
sweep,3658
sweep,4091
sweep,3740
sweep,3226
sweep,2821
sweep,3240
sweep,2992
sweep,2737
sweep,2749
sweep,2948
sweep,2665
sweep,3032
sweep,3232
sweep,2896
sweep,3206
sweep,3386
sweep,2393
sweep,2539
sweep,4023
sweep,2383
sweep,3079
sweep,2007
sweep,3508
sweep,3707
sweep,4283
sweep,4097
sweep,3047
sweep,3140
sweep,3397
sweep,3545
sweep,2899
sweep,3157
sweep,3044
sweep,3332
sweep,2502
sweep,2978
sweep,3754
sweep,2733
sweep,2660
sweep,3001
sweep,2956
sweep,3433
sweep,2673
sweep,2448
sweep,2483
sweep,5546
sweep,8319
sweep,8473
sweep,8748
sweep,7639
sweep,6104
sweep,7137
sweep,3994
sweep,4546
sweep,4474
sweep,6290
sweep,5829
sweep,5897
sweep,224
mark,1033622
sweep,4658
sweep,4259
sweep,4594
sweep,4278
sweep,3517
sweep,4086
sweep,3611
sweep,3124
sweep,3058
sweep,3051
sweep,3110
sweep,3076
sweep,2799
sweep,2748
sweep,2897
sweep,2676
sweep,3264
sweep,2965
sweep,3004
sweep,3489
sweep,2487
sweep,2769
sweep,3824
sweep,2241
sweep,3037
sweep,2116
sweep,3392
sweep,3659
sweep,4075
sweep,3812
sweep,3277
sweep,3267
sweep,2864
sweep,2997
sweep,2722
sweep,3481
sweep,2721
sweep,3166
sweep,2616
sweep,3015
sweep,3819
sweep,2641
sweep,2710
sweep,2904
sweep,3313
sweep,3393
sweep,2698
sweep,2641
sweep,2529
sweep,3602
sweep,4047
sweep,3889
sweep,4419
sweep,5742
sweep,8470
sweep,6537
sweep,8854
sweep,8481
sweep,8582
sweep,8105
sweep,7526
sweep,7642
sweep,828
mark,1081345
sweep,5005
sweep,4365
sweep,3998
sweep,3973
sweep,3731
sweep,4290
sweep,3814
sweep,3086
sweep,2964
sweep,3484
sweep,2948
sweep,2829
sweep,2894
sweep,3115
sweep,2513
sweep,2627
sweep,3571
sweep,2971
sweep,3071
sweep,3666
sweep,2255
sweep,2447
sweep,3704
sweep,2427
sweep,3590
sweep,2196
sweep,3599
sweep,3940
sweep,4563
sweep,3958
sweep,3028
sweep,3106
sweep,2838
sweep,2924
sweep,2946
sweep,3166
sweep,2979
sweep,3289
sweep,2451
sweep,2782
sweep,3780
sweep,2738
sweep,2896
sweep,3246
sweep,3147
sweep,3452
sweep,2701
sweep,2529
sweep,2664
sweep,5519
sweep,9216
sweep,8633
sweep,8520
sweep,8052
sweep,6238
sweep,7389
sweep,4137
sweep,4175
sweep,4861
sweep,6166
sweep,5953
sweep,5829
sweep,221
mark,1030587
sweep,4727
sweep,3733
sweep,4576
sweep,4285
sweep,3909
sweep,4420
sweep,3609
sweep,3137
sweep,2897
sweep,3429
sweep,3116
sweep,2914
sweep,2950
sweep,2668
sweep,2896
sweep,2940
sweep,3488
sweep,3250
sweep,3145
sweep,3651
sweep,2574
sweep,2597
sweep,4037
sweep,2414
sweep,3271
sweep,1991
sweep,3451
sweep,3651
sweep,4218
sweep,3443
sweep,3198
sweep,3096
sweep,3182
sweep,3098
sweep,2803
sweep,3261
sweep,2690
sweep,3249
sweep,2666
sweep,3265
sweep,3855
sweep,2614
sweep,2986
sweep,3084
sweep,2832
sweep,3428
sweep,3042
sweep,2552
sweep,2485
sweep,3788
sweep,3900
sweep,4087
sweep,4149
sweep,6255
sweep,7488
sweep,5967
sweep,10772
sweep,17290
sweep,17656
sweep,8009
sweep,7307
sweep,7604
sweep,827
mark,1045286
sweep,4783
sweep,3781
sweep,4039
sweep,4206
sweep,3642
sweep,4282
sweep,3638
sweep,3118
sweep,2819
sweep,3544
sweep,3007
sweep,2874
sweep,2981
sweep,2729
sweep,3135
sweep,3019
sweep,3423
sweep,3162
sweep,3044
sweep,3629
sweep,2384
sweep,2586
sweep,4160
sweep,2536
sweep,3315
sweep,1886
sweep,3329
sweep,3767
sweep,4201
sweep,3448
sweep,3631
sweep,2960
sweep,2834
sweep,3106
sweep,2915
sweep,3150
sweep,2775
sweep,3369
sweep,2510
sweep,2648
sweep,3789
sweep,2685
sweep,3153
sweep,3274
sweep,2831
sweep,3468
sweep,2990
sweep,2503
sweep,2712
sweep,5385
sweep,9146
sweep,8292
sweep,8717
sweep,8002
sweep,6036
sweep,7511
sweep,3985
sweep,4317
sweep,5055
sweep,6199
sweep,5689
sweep,6003
sweep,222
mark,1052222
sweep,5004
sweep,3674
sweep,4114
sweep,4036
sweep,4002
sweep,4191
sweep,3517
sweep,3053
sweep,2895
sweep,3022
sweep,2970
sweep,2997
sweep,2754
sweep,3114
sweep,2603
sweep,2753
sweep,3215
sweep,3497
sweep,3152
sweep,3482
sweep,2304
sweep,2562
sweep,3794
sweep,2353
sweep,3013
sweep,2150
sweep,3642
sweep,3816
sweep,4122
sweep,3381
sweep,3109
sweep,2990
sweep,2877
sweep,3102
sweep,2883
sweep,3223
sweep,2862
sweep,3120
sweep,2529
sweep,2659
sweep,3841
sweep,2989
sweep,2729
sweep,3027
sweep,2726
sweep,3623
sweep,2993
sweep,2676
sweep,2540
sweep,3512
sweep,4366
sweep,4510
sweep,3996
sweep,5944
sweep,8596
sweep,6592
sweep,9211
sweep,8290
sweep,8798
sweep,7590
sweep,7694
sweep,7118
sweep,838
mark,1038566
sweep,5021
sweep,3923
sweep,4046
sweep,4427
sweep,3750
sweep,4348
sweep,3584
sweep,3151
sweep,2826
sweep,3330
sweep,3005
sweep,3005
sweep,2648
sweep,3182
sweep,2670
sweep,2862
sweep,3260
sweep,2948
sweep,3453
sweep,3311
sweep,2519
sweep,2361
sweep,3913
sweep,2497
sweep,3401
sweep,1960
sweep,3604
sweep,3660
sweep,4171
sweep,3993
sweep,3609
sweep,2985
sweep,2970
sweep,3018
sweep,2790
sweep,3215
sweep,2919
sweep,3394
sweep,3206
sweep,3043
sweep,3877
sweep,2980
sweep,3107
sweep,2922
sweep,3012
sweep,3485
sweep,2660
sweep,2694
sweep,2406
sweep,5588
sweep,9337
sweep,8494
sweep,8412
sweep,7959
sweep,5441
sweep,7683
sweep,4155
sweep,4528
sweep,4375
sweep,6190
sweep,5885
sweep,5847
sweep,233
mark,1045290
sweep,4765
sweep,3726
sweep,4285
sweep,4146
sweep,3729
sweep,3941
sweep,3727
sweep,3338
sweep,2756
sweep,3016
sweep,3187
sweep,2966
sweep,2657
sweep,2758
sweep,2590
sweep,2739
sweep,3141
sweep,3027
sweep,2934
sweep,3635
sweep,2323
sweep,2479
sweep,3986
sweep,2305
sweep,3267
sweep,1920
sweep,3515
sweep,3854
sweep,4051
sweep,3791
sweep,3197
sweep,2981
sweep,2854
sweep,3092
sweep,2785
sweep,3513
sweep,2961
sweep,3104
sweep,2562
sweep,2985
sweep,4193
sweep,2937
sweep,2665
sweep,3116
sweep,2746
sweep,3462
sweep,2822
sweep,2487
sweep,2414
sweep,3458
sweep,4250
sweep,4175
sweep,4626
sweep,5580
sweep,7587
sweep,6056
sweep,9249
sweep,8022
sweep,8466
sweep,8416
sweep,7448
sweep,7596
sweep,829
mark,1037326
sweep,4677
sweep,4596
sweep,3930
sweep,4104
sweep,3996
sweep,4003
sweep,3675
sweep,3032
sweep,2783
sweep,3251
sweep,3224
sweep,2965
sweep,2885
sweep,2886
sweep,2643
sweep,3238
sweep,3505
sweep,2957
sweep,2987
sweep,3625
sweep,2545
sweep,2443
sweep,3717
sweep,2417
sweep,3176
sweep,1888
sweep,3422
sweep,3943
sweep,4466
sweep,3718
sweep,3169
sweep,2922
sweep,2980
sweep,2980
sweep,2754
sweep,3213
sweep,2798
sweep,3067
sweep,2432
sweep,2624
sweep,3962
sweep,6190
sweep,2635
sweep,2916
sweep,3111
sweep,3390
sweep,2607
sweep,2432
sweep,2465
sweep,5842
sweep,9082
sweep,8530
sweep,8595
sweep,7791
sweep,6195
sweep,7546
sweep,4093
sweep,4197
sweep,4813
sweep,6269
sweep,5776
sweep,5852
sweep,225
mark,1035677
sweep,4688
sweep,4094
sweep,4422
sweep,4196
sweep,3576
sweep,4251
sweep,3578
sweep,3162
sweep,2807
sweep,3087
sweep,3011
sweep,2702
sweep,2965
sweep,3275
sweep,2788
sweep,2682
sweep,3446
sweep,2925
sweep,2970
sweep,3491
sweep,2330
sweep,2822
sweep,3766
sweep,2457
sweep,3664
sweep,1984
sweep,3454
sweep,3628
sweep,4396
sweep,3472
sweep,3084
sweep,3231
sweep,3027
sweep,3312
sweep,2773
sweep,3266
sweep,2762
sweep,3320
sweep,2890
sweep,2752
sweep,3788
sweep,2697
sweep,2760
sweep,3209
sweep,3011
sweep,3429
sweep,2975
sweep,2786
sweep,2620
sweep,3455
sweep,3952
sweep,4283
sweep,4195
sweep,6045
sweep,7963
sweep,6303
sweep,8418
sweep,8575
sweep,8293
sweep,7366
sweep,7157
sweep,7105
sweep,853
mark,1040673
sweep,4961
sweep,3804
sweep,4059
sweep,4126
sweep,3573
sweep,4203
sweep,3614
sweep,3179
sweep,3177
sweep,3358
sweep,3168
sweep,2817
sweep,2916
sweep,2834
sweep,2955
sweep,2735
sweep,3338
sweep,2924
sweep,3021
sweep,3665
sweep,2495
sweep,2546
sweep,3756
sweep,2410
sweep,3137
sweep,1933
sweep,3415
sweep,3681
sweep,4545
sweep,3540
sweep,3319
sweep,3242
sweep,2874
sweep,3028
sweep,2817
sweep,3147
sweep,2773
sweep,3032
sweep,2671
sweep,2657
sweep,3753
sweep,2654
sweep,2826
sweep,3189
sweep,3120
sweep,3752
sweep,2644
sweep,2853
sweep,2472
sweep,5345
sweep,8599
sweep,8207
sweep,8694
sweep,7957
sweep,6307
sweep,7440
sweep,4032
sweep,4495
sweep,4912
sweep,6342
sweep,5877
sweep,5813
sweep,230
mark,1035446
sweep,4773
sweep,3952
sweep,3958
sweep,4422
sweep,3946
sweep,4120
sweep,3520
sweep,3132
sweep,3093
sweep,3191
sweep,3062
sweep,2769
sweep,2852
sweep,2748
sweep,2702
sweep,2950
sweep,3251
sweep,2867
sweep,2909
sweep,3755
sweep,2445
sweep,2610
sweep,4019
sweep,2575
sweep,3109
sweep,1961
sweep,3313
sweep,3818
sweep,4152
sweep,3339
sweep,3411
sweep,3028
sweep,3158
sweep,3178
sweep,2869
sweep,3439
sweep,2747
sweep,3119
sweep,2621
sweep,2743
sweep,4090
sweep,2645
sweep,2741
sweep,3368
sweep,3059
sweep,3519
sweep,2728
sweep,2826
sweep,2506
sweep,3829
sweep,3984
sweep,3949
sweep,4233
sweep,5775
sweep,7899
sweep,6175
sweep,8966
sweep,8208
sweep,8585
sweep,8289
sweep,7352
sweep,7518
sweep,828
mark,1039120
sweep,5026
sweep,3865
sweep,4668
sweep,4472
sweep,3939
sweep,4125
sweep,3595
sweep,3185
sweep,2791
sweep,3610
sweep,2934
sweep,2798
sweep,2665
sweep,2890
sweep,2775
sweep,2882
sweep,3288
sweep,3161
sweep,3300
sweep,3511
sweep,2537
sweep,2537
sweep,3757
sweep,2397
sweep,3173
sweep,2167
sweep,3432
sweep,3636
sweep,4296
sweep,3343
sweep,3314
sweep,3030
sweep,2891
sweep,3003
sweep,2851
sweep,3248
sweep,2719
sweep,3275
sweep,2477
sweep,2796
sweep,3694
sweep,2834
sweep,3124
sweep,2977
sweep,2806
sweep,4105
sweep,2747
sweep,2696
sweep,2550
sweep,5349
sweep,8842
sweep,8742
sweep,8490
sweep,8171
sweep,6018
sweep,7662
sweep,3951
sweep,4405
sweep,4892
sweep,6254
sweep,5763
sweep,5893
sweep,221
mark,1027281
sweep,4732
sweep,4084
sweep,3999
sweep,4332
sweep,3509
sweep,4120
sweep,3577
sweep,3502
sweep,3118
sweep,3310
sweep,3460
sweep,3040
sweep,3045
sweep,2838
sweep,2625
sweep,2741
sweep,3314
sweep,2917
sweep,2982
sweep,3631
sweep,2384
sweep,2517
sweep,3992
sweep,2373
sweep,3109
sweep,1932
sweep,3204
sweep,3879
sweep,4328
sweep,3681
sweep,3441
sweep,3234
sweep,2917
sweep,3025
sweep,2842
sweep,3178
sweep,2871
sweep,3014
sweep,2619
sweep,2718
sweep,3726
sweep,2661
sweep,2755
sweep,3011
sweep,2824
sweep,3434
sweep,2656
sweep,2962
sweep,2421
sweep,3774
sweep,4404
sweep,3990
sweep,4341
sweep,13986
sweep,7871
sweep,5862
sweep,9122
sweep,8079
sweep,8357
sweep,7427
sweep,7072
sweep,7453
sweep,841
mark,1048367
sweep,5161
sweep,4004
sweep,4293
sweep,4341
sweep,3636
sweep,4021
sweep,3548
sweep,3203
sweep,3000
sweep,3484
sweep,3089
sweep,2815
sweep,2721
sweep,2990
sweep,2610
sweep,2696
sweep,3746
sweep,3120
sweep,3025
sweep,3386
sweep,2390
sweep,2419
sweep,4257
sweep,2377
sweep,3600
sweep,1877
sweep,3456
sweep,3641
sweep,4245
sweep,3737
sweep,3237
sweep,2981
sweep,2909
sweep,3106
sweep,3332
sweep,3108
sweep,2785
sweep,3279
sweep,2755
sweep,2677
sweep,3771
sweep,2726
sweep,2684
sweep,2913
sweep,2984
sweep,3537
sweep,2806
sweep,2494
sweep,2455
sweep,5795
sweep,8790
sweep,8431
sweep,8589
sweep,7699
sweep,5918
sweep,6957
sweep,4048
sweep,4185
sweep,4595
sweep,6221
sweep,5946
sweep,5849
sweep,224
mark,1029645
sweep,4686
sweep,3739
sweep,3829
sweep,4055
sweep,3703
sweep,4050
sweep,3592
sweep,3004
sweep,2776
sweep,3182
sweep,3058
sweep,2797
sweep,2821
sweep,2802
sweep,2668
sweep,2912
sweep,3218
sweep,2892
sweep,3266
sweep,3123
sweep,2425
sweep,2987
sweep,3751
sweep,2482
sweep,3079
sweep,2098
sweep,3358
sweep,3600
sweep,4279
sweep,3399
sweep,3150
sweep,3087
sweep,3114
sweep,3224
sweep,2743
sweep,3268
sweep,2760
sweep,3286
sweep,2665
sweep,2760
sweep,3951
sweep,2981
sweep,2670
sweep,3093
sweep,2807
sweep,3503
sweep,2690
sweep,2499
sweep,2747
sweep,3567
sweep,4211
sweep,4150
sweep,4407
sweep,5929
sweep,8280
sweep,6531
sweep,8414
sweep,8260
sweep,8390
sweep,7367
sweep,7343
sweep,7126
sweep,814
mark,1028976
sweep,4755
sweep,4041
sweep,4026
sweep,4101
sweep,3609
sweep,4147
sweep,3562
sweep,3202
sweep,2835
sweep,3459
sweep,3283
sweep,2986
sweep,2708
sweep,3117
sweep,2802
sweep,2787
sweep,3298
sweep,3349
sweep,3011
sweep,3417
sweep,2402
sweep,2457
sweep,3776
sweep,2328
sweep,3171
sweep,2145
sweep,3578
sweep,3833
sweep,4364
sweep,3631
sweep,3169
sweep,3254
sweep,2822
sweep,3169
sweep,2727
sweep,3434
sweep,2749
sweep,3152
sweep,2494
sweep,2909
sweep,3839
sweep,3002
sweep,2947
sweep,2917
sweep,3139
sweep,3395
sweep,2929
sweep,2520
sweep,2794
sweep,5834
sweep,9090
sweep,8523
sweep,8307
sweep,8139
sweep,6208
sweep,7175
sweep,3952
sweep,4324
sweep,5136
sweep,6306
sweep,5766
sweep,5729
sweep,226
mark,1025091
sweep,4931
sweep,4108
sweep,3957
sweep,4314
sweep,3453
sweep,4235
sweep,3585
sweep,3069
sweep,3014
sweep,3152
sweep,3029
sweep,2939
sweep,2968
sweep,2836
sweep,2533
sweep,2648
sweep,3365
sweep,3157
sweep,3192
sweep,3426
sweep,2582
sweep,2557
sweep,3768
sweep,2324
sweep,3135
sweep,2151
sweep,3623
sweep,3803
sweep,4094
sweep,3404
sweep,3451
sweep,3210
sweep,3307
sweep,3343
sweep,2778
sweep,3641
sweep,2824
sweep,3086
sweep,2475
sweep,3179
sweep,3904
sweep,3174
sweep,2590
sweep,3233
sweep,2841
sweep,3368
sweep,3071
sweep,2435
sweep,2501
sweep,3557
sweep,3998
sweep,4018
sweep,4407
sweep,5773
sweep,7870
sweep,6437
sweep,8299
sweep,8348
sweep,8443
sweep,7129
sweep,7402
sweep,7387
sweep,821
mark,1028752
sweep,4536
sweep,4149
sweep,4275
sweep,4267
sweep,3891
sweep,3873
sweep,3741
sweep,3304
sweep,3021
sweep,3147
sweep,3021
sweep,2750
sweep,2673
sweep,3013
sweep,2625
sweep,2698
sweep,3260
sweep,2979
sweep,3047
sweep,3620
sweep,2445
sweep,2527
sweep,3814
sweep,2392
sweep,3173
sweep,2121
sweep,3449
sweep,3748
sweep,4655
sweep,3405
sweep,3002
sweep,3028
sweep,3022
sweep,3048
sweep,2783
sweep,3109
sweep,2763
sweep,3319
sweep,2488
sweep,2671
sweep,3956
sweep,2908
sweep,2682
sweep,2997
sweep,3126
sweep,3439
sweep,2749
sweep,2490
sweep,2710
sweep,5526
sweep,9127
sweep,8616
sweep,8378
sweep,8247
sweep,5796
sweep,6967
sweep,4083
sweep,4226
sweep,4839
sweep,5892
sweep,5843
sweep,6355
sweep,284
mark,1044715
sweep,4651
sweep,3922
sweep,3887
sweep,4142
sweep,3632
sweep,3868
sweep,3638
sweep,3611
sweep,2670
sweep,3583
sweep,3488
sweep,2856
sweep,2959
sweep,2748
sweep,2610
sweep,2656
sweep,3188
sweep,3285
sweep,3363
sweep,3637
sweep,2281
sweep,2506
sweep,3965
sweep,2591
sweep,3581
sweep,2291
sweep,3430
sweep,3961
sweep,4159
sweep,3677
sweep,3387
sweep,3247
sweep,3457
sweep,2964
sweep,2782
sweep,3477
sweep,2970
sweep,3213
sweep,2564
sweep,2698
sweep,3796
sweep,2785
sweep,2600
sweep,3067
sweep,2863
sweep,3406
sweep,3310
sweep,2532
sweep,2609
sweep,3607
sweep,3839
sweep,4052
sweep,4118
sweep,6104
sweep,7507
sweep,6093
sweep,8750
sweep,8571
sweep,8744
sweep,8333
sweep,7515
sweep,7617
sweep,835
mark,1029879
sweep,4745
sweep,4063
sweep,3907
sweep,4000
sweep,3630
sweep,3995
sweep,3571
sweep,3528
sweep,3192
sweep,3272
sweep,3012
sweep,3272
sweep,2724
sweep,3094
sweep,2627
sweep,2881
sweep,3341
sweep,2925
sweep,3009
sweep,3482
sweep,2296
sweep,2442
sweep,4107
sweep,2371
sweep,3150
sweep,2068
sweep,3402
sweep,3827
sweep,4219
sweep,3333
sweep,3099
sweep,2927
sweep,3465
sweep,3053
sweep,2813
sweep,3202
sweep,3093
sweep,3344
sweep,2462
sweep,2781
sweep,3820
sweep,2740
sweep,2726
sweep,2943
sweep,2863
sweep,3681
sweep,2818
sweep,2798
sweep,2505
sweep,5473
sweep,8648
sweep,8956
sweep,8539
sweep,7796
sweep,6600
sweep,7467
sweep,3937
sweep,4225
sweep,4847
sweep,6127
sweep,5807
sweep,5858
sweep,233
mark,1024448
sweep,4631
sweep,4094
sweep,4105
sweep,4263
sweep,3528
sweep,4099
sweep,3839
sweep,3318
sweep,3088
sweep,3139
sweep,3048
sweep,2988
sweep,2810
sweep,2671
sweep,2883
sweep,2615
sweep,3150
sweep,2913
sweep,3015
sweep,3663
sweep,2502
sweep,2771
sweep,3957
sweep,2337
sweep,3546
sweep,1965
sweep,3408
sweep,3851
sweep,4262
sweep,3582
sweep,3639
sweep,2980
sweep,3422
sweep,3145
sweep,2698
sweep,3317
sweep,2723
sweep,3465
sweep,2662
sweep,3078
sweep,3826
sweep,2631
sweep,2705
sweep,2933
sweep,3348
sweep,3497
sweep,2817
sweep,2506
sweep,2412
sweep,3671
sweep,4234
sweep,4099
sweep,4183
sweep,5909
sweep,7990
sweep,6461
sweep,8769
sweep,8228
sweep,8634
sweep,8090
sweep,7612
sweep,7408
sweep,832
mark,1029908
sweep,4502
sweep,3782
sweep,4362
sweep,4056
sweep,3803
sweep,4400
sweep,4023
sweep,3132
sweep,2861
sweep,3110
sweep,2971
sweep,2704
sweep,2784
sweep,2818
sweep,2608
sweep,2710
sweep,3267
sweep,3085
sweep,2975
sweep,3464
sweep,2489
sweep,2690
sweep,3744
sweep,2335
sweep,3133
sweep,2054
sweep,3456
sweep,3824
sweep,4352
sweep,3320
sweep,3334
sweep,3290
sweep,3364
sweep,3161
sweep,3199
sweep,3085
sweep,2764
sweep,3070
sweep,2451
sweep,2743
sweep,3719
sweep,2775
sweep,2798
sweep,3077
sweep,3152
sweep,3710
sweep,3001
sweep,2524
sweep,2571
sweep,5630
sweep,8924
sweep,8474
sweep,8877
sweep,8214
sweep,6096
sweep,7022
sweep,4356
sweep,4177
sweep,5183
sweep,6361
sweep,5774
sweep,5750
sweep,239
mark,1035444
sweep,4495
sweep,4254
sweep,4241
sweep,4480
sweep,3814
sweep,4015
sweep,3756
sweep,3139
sweep,2812
sweep,3074
sweep,3096
sweep,3029
sweep,2747
sweep,2872
sweep,2822
sweep,2639
sweep,3193
sweep,2907
sweep,3081
sweep,3301
sweep,2383
sweep,2479
sweep,3770
sweep,2561
sweep,3097
sweep,1963
sweep,3487
sweep,3648
sweep,4226
sweep,3323
sweep,3132
sweep,3259
sweep,2989
sweep,2998
sweep,2818
sweep,3275
sweep,2777
sweep,3423
sweep,2623
sweep,2882
sweep,3845
sweep,3018
sweep,2930
sweep,3235
sweep,2799
sweep,3513
sweep,2793
sweep,2472
sweep,2756
sweep,3543
sweep,4183
sweep,4043
sweep,4296
sweep,5521
sweep,7638
sweep,5678
sweep,8654
sweep,8762
sweep,8463
sweep,7391
sweep,7033
sweep,7017
sweep,825
mark,1029685
sweep,4559
sweep,4095
sweep,4148
sweep,3916
sweep,3863
sweep,4105
sweep,3812
sweep,3045
sweep,2824
sweep,3060
sweep,3019
sweep,3224
sweep,2934
sweep,2798
sweep,2667
sweep,2879
sweep,3531
sweep,2946
sweep,3007
sweep,3438
sweep,2596
sweep,2565
sweep,3762
sweep,2611
sweep,3578
sweep,2193
sweep,3450
sweep,3592
sweep,4335
sweep,3332
sweep,3068
sweep,3002
sweep,3541
sweep,3065
sweep,2821
sweep,3471
sweep,2887
sweep,3334
sweep,2485
sweep,2904
sweep,4047
sweep,2602
sweep,3121
sweep,3182
sweep,2735
sweep,3459
sweep,2761
sweep,2478
sweep,2453
sweep,5712
sweep,8832
sweep,8540
sweep,8694
sweep,8254
sweep,6156
sweep,6813
sweep,4123
sweep,4134
sweep,4804
sweep,6388
sweep,5591
sweep,5987
sweep,229
mark,1031350
sweep,4725
sweep,3882
sweep,3889
sweep,4189
sweep,3524
sweep,4438
sweep,3496
sweep,3114
sweep,2855
sweep,3080
sweep,3236
sweep,3206
sweep,2825
sweep,2844
sweep,2525
sweep,2860
sweep,3171
sweep,3028
sweep,3074
sweep,3688
sweep,2326
sweep,2813
sweep,3949
sweep,2329
sweep,3313
sweep,2021
sweep,3295
sweep,3972
sweep,4450
sweep,3878
sweep,3092
sweep,2961
sweep,3032
sweep,2975
sweep,2718
sweep,3254
sweep,2799
sweep,3111
sweep,2581
sweep,2716
sweep,3868
sweep,2655
sweep,2780
sweep,2966
sweep,2820
sweep,3461
sweep,3128
sweep,2607
sweep,2668
sweep,3791
sweep,4184
sweep,4402
sweep,4334
sweep,5951
sweep,8800
sweep,6626
sweep,9461
sweep,9484
sweep,9342
sweep,8025
sweep,8567
sweep,8041
sweep,874
mark,1116258
sweep,5130
sweep,4113
sweep,4182
sweep,4293
sweep,3664
sweep,4056
sweep,3622
sweep,3083
sweep,3159
sweep,3484
sweep,3065
sweep,2767
sweep,2988
sweep,2832
sweep,2708
sweep,2714
sweep,3349
sweep,2905
sweep,2994
sweep,3434
sweep,2587
sweep,2949
sweep,3682
sweep,2514
sweep,3088
sweep,2132
sweep,3360
sweep,3646
sweep,4505
sweep,3765
sweep,3345
sweep,3083
sweep,3376
sweep,3158
sweep,3057
sweep,3400
sweep,2747
sweep,3362
sweep,2603
sweep,2749
sweep,3927
sweep,2663
sweep,2663
sweep,2893
sweep,2894
sweep,3604
sweep,2795
sweep,2556
sweep,2784
sweep,5787
sweep,8406
sweep,8892
sweep,8828
sweep,7725
sweep,5944
sweep,7174
sweep,3994
sweep,4306
sweep,4793
sweep,6129
sweep,5847
sweep,5907
sweep,239
mark,1038146
sweep,4517
sweep,3846
sweep,4083
sweep,4283
sweep,3781
sweep,3924
sweep,3519
sweep,3032
sweep,2760
sweep,3087
sweep,3159
sweep,2743
sweep,2751
sweep,2715
sweep,3090
sweep,2718
sweep,3191
sweep,3140
sweep,3021
sweep,3716
sweep,2310
sweep,2675
sweep,3738
sweep,2590
sweep,3619
sweep,1876
sweep,3599
sweep,3736
sweep,4569
sweep,3406
sweep,3343
sweep,3006
sweep,2930
sweep,3299
sweep,2897
sweep,3304
sweep,2839
sweep,3341
sweep,2588
sweep,2732
sweep,3782
sweep,2971
sweep,2604
sweep,3109
sweep,2762
sweep,3640
sweep,2792
sweep,2539
sweep,2448
sweep,3604
sweep,4043
sweep,3962
sweep,4203
sweep,5733
sweep,8077
sweep,6353
sweep,8473
sweep,8353
sweep,8573
sweep,7317
sweep,7850
sweep,7058
sweep,860
mark,1030762
sweep,4434
sweep,4047
sweep,3953
sweep,4066
sweep,3636
sweep,4326
sweep,3973
sweep,3343
sweep,2881
sweep,3212
sweep,3029
sweep,3216
sweep,2700
sweep,2833
sweep,2691
sweep,2697
sweep,3265
sweep,2877
sweep,3107
sweep,3481
sweep,2317
sweep,2691
sweep,3651
sweep,2576
sweep,3626
sweep,2148
sweep,3336
sweep,3919
sweep,4251
sweep,3738
sweep,3343
sweep,3028
sweep,2970
sweep,3464
sweep,2982
sweep,3142
sweep,2884
sweep,3403
sweep,2631
sweep,2715
sweep,3911
sweep,2633
sweep,2902
sweep,2921
sweep,2875
sweep,3645
sweep,2595
sweep,2782
sweep,2416
sweep,5612
sweep,8904
sweep,8506
sweep,8397
sweep,7820
sweep,6216
sweep,7109
sweep,4041
sweep,4402
sweep,4839
sweep,6347
sweep,5858
sweep,5724
sweep,222
mark,1035509
sweep,4736
sweep,3838
sweep,4489
sweep,4644
sweep,3917
sweep,4385
sweep,3484
sweep,3029
sweep,2952
sweep,3006
sweep,3089
sweep,2712
sweep,2983
sweep,3240
sweep,2507
sweep,2666
sweep,3239
sweep,2894
sweep,2927
sweep,3801
sweep,2514
sweep,2745
sweep,4001
sweep,2361
sweep,3569
sweep,1901
sweep,3393
sweep,3923
sweep,4382
sweep,3262
sweep,3107
sweep,3130
sweep,3132
sweep,3406
sweep,2892
sweep,3187
sweep,2681
sweep,3022
sweep,2674
sweep,2909
sweep,3788
sweep,2720
sweep,2701
sweep,3072
sweep,2803
sweep,3573
sweep,2915
sweep,2494
sweep,2699
sweep,3558
sweep,4360
sweep,4250
sweep,4101
sweep,5589
sweep,8347
sweep,6417
sweep,8841
sweep,8328
sweep,8112
sweep,7933
sweep,7509
sweep,8009
sweep,804
mark,1036266
sweep,4763
sweep,4083
sweep,4410
sweep,4540
sweep,3676
sweep,4356
sweep,3692
sweep,3127
sweep,2776
sweep,3327
sweep,3031
sweep,2715
sweep,2952
sweep,3117
sweep,2828
sweep,2821
sweep,3248
sweep,3087
sweep,3209
sweep,3391
sweep,2389
sweep,2406
sweep,4053
sweep,2246
sweep,3177
sweep,1881
sweep,3367
sweep,3557
sweep,4267
sweep,3590
sweep,3518
sweep,3258
sweep,2879
sweep,3103
sweep,2777
sweep,3160
sweep,2916
sweep,2999
sweep,2827
sweep,2707
sweep,3904
sweep,2588
sweep,2765
sweep,3006
sweep,2781
sweep,3715
sweep,2685
sweep,2449
sweep,2544
sweep,5280
sweep,8792
sweep,8607
sweep,8374
sweep,8035
sweep,5674
sweep,6840
sweep,3934
sweep,4366
sweep,4581
sweep,6244
sweep,5626
sweep,5683
sweep,223
mark,1035639
sweep,4877
sweep,4228
sweep,4163
sweep,4389
sweep,3584
sweep,4343
sweep,3574
sweep,3493
sweep,2830
sweep,3005
sweep,3072
sweep,2753
sweep,2742
sweep,2993
sweep,2608
sweep,2566
sweep,3191
sweep,2959
sweep,2970
sweep,3649
sweep,2367
sweep,2468
sweep,3794
sweep,2441
sweep,3585
sweep,2345
sweep,3472
sweep,3767
sweep,4140
sweep,3787
sweep,3441
sweep,2993
sweep,2916
sweep,3019
sweep,2834
sweep,3375
sweep,2795
sweep,3010
sweep,2630
sweep,2869
sweep,3704
sweep,2715
sweep,2775
sweep,3395
sweep,3048
sweep,3452
sweep,2865
sweep,2504
sweep,2725
sweep,3434
sweep,4245
sweep,4324
sweep,4424
sweep,6123
sweep,7534
sweep,6167
sweep,9092
sweep,8237
sweep,8384
sweep,7219
sweep,7101
sweep,7340
sweep,835
mark,1034760
sweep,4769
sweep,4224
sweep,3989
sweep,4278
sweep,3598
sweep,4246
sweep,3752
sweep,3348
sweep,2955
sweep,3276
sweep,3063
sweep,2770
sweep,2871
sweep,2838
sweep,2555
sweep,2737
sweep,3265
sweep,2894
sweep,2979
sweep,3343
sweep,2377
sweep,2381
sweep,3980
sweep,2400
sweep,3760
sweep,1937
sweep,3641
sweep,3917
sweep,4415
sweep,3454
sweep,3638
sweep,2986
sweep,3130
sweep,3008
sweep,2953
sweep,3108
sweep,2757
sweep,3496
sweep,2481
sweep,2794
sweep,3904
sweep,2977
sweep,3087
sweep,2887
sweep,3263
sweep,3774
sweep,2821
sweep,2554
sweep,2448
sweep,5587
sweep,8771
sweep,8651
sweep,8758
sweep,8353
sweep,6286
sweep,7100
sweep,4020
sweep,4272
sweep,4828
sweep,6179
sweep,5865
sweep,5738
sweep,232
mark,1029188
sweep,4921
sweep,4024
sweep,4089
sweep,4387
sweep,3945
sweep,4335
sweep,3859
sweep,3442
sweep,2832
sweep,3145
sweep,3353
sweep,2795
sweep,2788
sweep,2842
sweep,2820
sweep,2726
sweep,3284
sweep,2867
sweep,3146
sweep,3543
sweep,2324
sweep,2515
sweep,4075
sweep,2343
sweep,3059
sweep,1918
sweep,3433
sweep,3955
sweep,4236
sweep,3737
sweep,3431
sweep,2990
sweep,2823
sweep,3199
sweep,2812
sweep,3270
sweep,2700
sweep,3006
sweep,2557
sweep,2640
sweep,3626
sweep,3185
sweep,2774
sweep,3165
sweep,2842
sweep,3748
sweep,2919
sweep,2725
sweep,2395
sweep,3504
sweep,3840
sweep,4208
sweep,4191
sweep,5981
sweep,8086
sweep,6501
sweep,8457
sweep,8464
sweep,8519
sweep,7420
sweep,7790
sweep,7146
sweep,841
mark,1040551
sweep,5092
sweep,4010
sweep,4001
sweep,4225
sweep,3728
sweep,4150
sweep,3896
sweep,3292
sweep,3078
sweep,3185
sweep,3213
sweep,3061
sweep,2694
sweep,2809
sweep,2673
sweep,2651
sweep,3268
sweep,2953
sweep,3109
sweep,3468
sweep,2312
sweep,2452
sweep,4012
sweep,2399
sweep,3022
sweep,1892
sweep,3546
sweep,3676
sweep,4443
sweep,3698
sweep,3142
sweep,3246
sweep,2810
sweep,2964
sweep,2978
sweep,3402
sweep,2918
sweep,3444
sweep,2565
sweep,2731
sweep,3919
sweep,2666
sweep,2992
sweep,2969
sweep,3116
sweep,3658
sweep,3013
sweep,2510
sweep,2728
sweep,5814
sweep,8926
sweep,9072
sweep,8628
sweep,7946
sweep,6024
sweep,7139
sweep,4346
sweep,4347
sweep,4891
sweep,6196
sweep,5685
sweep,5852
sweep,225
mark,1029974
sweep,4547
sweep,3635
sweep,4020
sweep,4404
sweep,3508
sweep,4197
sweep,3609
sweep,3484
sweep,2884
sweep,3113
sweep,3095
sweep,3014
sweep,2843
sweep,3066
sweep,2590
sweep,2700
sweep,3451
sweep,3269
sweep,3089
sweep,3728
sweep,2393
sweep,2645
sweep,3799
sweep,2374
sweep,3094
sweep,1891
sweep,3366
sweep,3684
sweep,4461
sweep,3450
sweep,3180
sweep,3555
sweep,2887
sweep,3169
sweep,2787
sweep,3423
sweep,2857
sweep,3135
sweep,2729
sweep,2682
sweep,3985
sweep,3092
sweep,2743
sweep,2998
sweep,2808
sweep,3533
sweep,2827
sweep,2532
sweep,2783
sweep,3713
sweep,3915
sweep,4262
sweep,4190
sweep,5581
sweep,7784
sweep,5969
sweep,9227
sweep,8070
sweep,8618
sweep,8113
sweep,7404
sweep,7367
sweep,834
mark,1034532
sweep,4685
sweep,3912
sweep,4036
sweep,4225
sweep,3875
sweep,4377
sweep,3926
sweep,3086
sweep,3123
sweep,3340
sweep,3246
sweep,3312
sweep,2629
sweep,2866
sweep,2844
sweep,2814
sweep,3321
sweep,3282
sweep,3161
sweep,3340
sweep,2412
sweep,2465
sweep,3933
sweep,2402
sweep,3095
sweep,1959
sweep,3512
sweep,3809
sweep,4573
sweep,3848
sweep,3034
sweep,3348
sweep,2932
sweep,3337
sweep,2747
sweep,3160
sweep,2727
sweep,3090
sweep,2715
sweep,2608
sweep,3655
sweep,2836
sweep,2611
sweep,2969
sweep,2950
sweep,3411
sweep,2722
sweep,2525
sweep,2595
sweep,5242
sweep,8876
sweep,8668
sweep,8653
sweep,8163
sweep,6498
sweep,7166
sweep,3986
sweep,4196
sweep,4790
sweep,6326
sweep,5673
sweep,5795
sweep,225
mark,1028963
sweep,4838
sweep,3735
sweep,3999
sweep,4216
sweep,3567
sweep,4410
sweep,3766
sweep,3400
sweep,2749
sweep,3157
sweep,3060
sweep,2722
sweep,2822
sweep,3060
sweep,2610
sweep,2826
sweep,3443
sweep,2950
sweep,3017
sweep,3781
sweep,2648
sweep,2556
sweep,4325
sweep,2337
sweep,3232
sweep,2135
sweep,3611
sweep,3831
sweep,4497
sweep,3269
sweep,3073
sweep,3004
sweep,2898
sweep,3116
sweep,2811
sweep,3621
sweep,2959
sweep,3173
sweep,2708
sweep,2818
sweep,3782
sweep,2630
sweep,3021
sweep,3195
sweep,2786
sweep,3635
sweep,2822
sweep,2500
sweep,2485
sweep,3720
sweep,3915
sweep,4140
sweep,4139
sweep,5908
sweep,7868
sweep,5991
sweep,8416
sweep,8512
sweep,8924
sweep,8291
sweep,7557
sweep,7549
sweep,837
mark,1035567
sweep,4697
sweep,4107
sweep,3868
sweep,4081
sweep,3701
sweep,4026
sweep,3561
sweep,3087
sweep,2842
sweep,3193
sweep,3363
sweep,2934
sweep,2869
sweep,2806
sweep,2858
sweep,2719
sweep,3425
sweep,3099
sweep,3230
sweep,3392
sweep,2361
sweep,2480
sweep,4010
sweep,2608
sweep,3098
sweep,1959
sweep,3544
sweep,3902
sweep,4226
sweep,3542
sweep,2915
sweep,3043
sweep,2882
sweep,2995
sweep,2923
sweep,3146
sweep,2735
sweep,2953
sweep,2976
sweep,2687
sweep,3702
sweep,3263
sweep,2702
sweep,3047
sweep,3090
sweep,3667
sweep,3285
sweep,2599
sweep,2506
sweep,5406
sweep,8815
sweep,8503
sweep,8711
sweep,7729
sweep,6368
sweep,7127
sweep,4019
sweep,4330
sweep,4891
sweep,6108
sweep,5969
sweep,5768
sweep,220
mark,1029266
sweep,5077
sweep,3950
sweep,4040
sweep,4252
sweep,3596
sweep,4294
sweep,3644
sweep,3172
sweep,3147
sweep,3246
sweep,3034
sweep,2703
sweep,2644
sweep,2823
sweep,2905
sweep,2679
sweep,3210
sweep,3053
sweep,3076
sweep,3925
sweep,2410
sweep,2781
sweep,4099
sweep,2416
sweep,3158
sweep,2168
sweep,3486
sweep,3616
sweep,4266
sweep,3330
sweep,3161
sweep,3147
sweep,2947
sweep,3288
sweep,2857
sweep,3549
sweep,2954
sweep,3077
sweep,2550
sweep,2550
sweep,3681
sweep,2529
sweep,2789
sweep,3051
sweep,2919
sweep,3784
sweep,2729
sweep,2555
sweep,2498
sweep,3641
sweep,4347
sweep,3891
sweep,4173
sweep,5542
sweep,8509
sweep,6122
sweep,8795
sweep,8004
sweep,8532
sweep,7150
sweep,7894
sweep,7125
sweep,838
mark,1028766
sweep,4660
sweep,4235
sweep,3844
sweep,3958
sweep,3562
sweep,4403
sweep,3596
sweep,3219
sweep,2930
sweep,3447
sweep,3380
sweep,2748
sweep,2749
sweep,2816
sweep,2889
sweep,2631
sweep,3556
sweep,2969
sweep,3253
sweep,3304
sweep,2557
sweep,2996
sweep,3766
sweep,2455
sweep,3138
sweep,1901
sweep,3604
sweep,3734
sweep,4500
sweep,3814
sweep,3083
sweep,3072
sweep,2878
sweep,3258
sweep,3012
sweep,3065
sweep,2785
sweep,3147
sweep,2446
sweep,2740
sweep,3781
sweep,2692
sweep,3044
sweep,2978
sweep,2896
sweep,3478
sweep,2817
sweep,2833
sweep,2424
sweep,5580
sweep,9171
sweep,8499
sweep,8760
sweep,8261
sweep,6517
sweep,7272
sweep,4307
sweep,4618
sweep,4842
sweep,5832
sweep,6012
sweep,5778
sweep,239
mark,1026486
sweep,4729
sweep,3854
sweep,4391
sweep,4143
sweep,3532
sweep,4187
sweep,3568
sweep,3148
sweep,2736
sweep,3431
sweep,2997
sweep,2708
sweep,2641
sweep,2805
sweep,2827
sweep,2824
sweep,3307
sweep,3068
sweep,3218
sweep,3366
sweep,2302
sweep,2684
sweep,4110
sweep,2405
sweep,3312
sweep,1955
sweep,3329
sweep,3939
sweep,4611
sweep,3720
sweep,3103
sweep,2910
sweep,3029
sweep,3307
sweep,2713
sweep,3332
sweep,3094
sweep,3206
sweep,2512
sweep,2798
sweep,4092
sweep,2660
sweep,2942
sweep,3002
sweep,2873
sweep,3686
sweep,2840
sweep,2543
sweep,2665
sweep,3564
sweep,3972
sweep,4073
sweep,4280
sweep,6104
sweep,8380
sweep,6323
sweep,8829
sweep,8763
sweep,9345
sweep,7882
sweep,7098
sweep,7000
sweep,841
mark,1036432
sweep,4655
sweep,4074
sweep,4038
sweep,4166
sweep,3843
sweep,4286
sweep,3841
sweep,3177
sweep,2900
sweep,3296
sweep,2984
sweep,3202
sweep,2939
sweep,2840
sweep,2743
sweep,2644
sweep,3299
sweep,3030
sweep,3268
sweep,3323
sweep,2515
sweep,2377
sweep,3736
sweep,2345
sweep,3089
sweep,2281
sweep,3433
sweep,3913
sweep,4339
sweep,3625
sweep,3083
sweep,3206
sweep,2980
sweep,3277
sweep,2778
sweep,3136
sweep,3052
sweep,3049
sweep,2485
sweep,2807
sweep,3978
sweep,2621
sweep,2826
sweep,3035
sweep,3038
sweep,3374
sweep,2981
sweep,2637
sweep,2745
sweep,5709
sweep,8835
sweep,8666
sweep,8850
sweep,7952
sweep,6193
sweep,7804
sweep,4044
sweep,4605
sweep,4846
sweep,5656
sweep,5876
sweep,6061
sweep,221
mark,1042932
sweep,4643
sweep,4031
sweep,4350
sweep,4037
sweep,3750
sweep,3963
sweep,3719
sweep,3109
sweep,3027
sweep,3358
sweep,3043
sweep,2737
sweep,2933
sweep,3197
sweep,2812
sweep,2780
sweep,3524
sweep,2993
sweep,3148
sweep,3994
sweep,2317
sweep,2502
sweep,3966
sweep,2629
sweep,3147
sweep,2169
sweep,3315
sweep,3696
sweep,4496
sweep,3615
sweep,3130
sweep,3126
sweep,2933
sweep,3288
sweep,2885
sweep,3355
sweep,2758
sweep,3061
sweep,2604
sweep,2752
sweep,3720
sweep,2727
sweep,2928
sweep,2999
sweep,2890
sweep,3870
sweep,2730
sweep,2784
sweep,2404
sweep,3447
sweep,4193
sweep,4312
sweep,4233
sweep,5647
sweep,8246
sweep,6142
sweep,8981
sweep,8755
sweep,8997
sweep,7256
sweep,7281
sweep,7959
sweep,834
mark,1052946
sweep,4868
sweep,4489
sweep,4110
sweep,4224
sweep,3702
sweep,4433
sweep,3644
sweep,3181
sweep,2859
sweep,3443
sweep,3334
sweep,3002
sweep,2812
sweep,3002
sweep,3206
sweep,2978
sweep,3314
sweep,3044
sweep,3166
sweep,3413
sweep,2371
sweep,2755
sweep,3798
sweep,2536
sweep,3231
sweep,1890
sweep,3608
sweep,3991
sweep,4285
sweep,3697
sweep,3348
sweep,3202
sweep,2913
sweep,2933
sweep,2786
sweep,3413
sweep,2840
sweep,3095
sweep,2623
sweep,3035
sweep,3790
sweep,2714
sweep,2792
sweep,3185
sweep,2772
sweep,3430
sweep,3065
sweep,2673
sweep,2638
sweep,5518
sweep,8730
sweep,8598
sweep,9024
sweep,8045
sweep,6007
sweep,7400
sweep,4175
sweep,4331
sweep,4454
sweep,5687
sweep,6104
sweep,6654
sweep,229
mark,1048794
sweep,4968
sweep,3983
sweep,4330
sweep,4168
sweep,3808
sweep,3897
sweep,3569
sweep,3311
sweep,3154
sweep,3265
sweep,3094
sweep,2850
sweep,2981
sweep,2938
sweep,2661
sweep,2884
sweep,3273
sweep,3363
sweep,2933
sweep,3531
sweep,2292
sweep,2377
sweep,3751
sweep,2425
sweep,3450
sweep,2188
sweep,3219
sweep,3723
sweep,4651
sweep,3699
sweep,3204
sweep,2821
sweep,2797
sweep,3273
sweep,3034
sweep,3102
sweep,3182
sweep,3392
sweep,2608
sweep,2613
sweep,3860
sweep,2702
sweep,2733
sweep,2961
sweep,3048
sweep,3706
sweep,2983
sweep,2586
sweep,2797
sweep,3700
sweep,3753
sweep,3989
sweep,4137
sweep,5991
sweep,7835
sweep,6628
sweep,8571
sweep,8344
sweep,8517
sweep,8163
sweep,7544
sweep,7742
sweep,827
mark,1037406
sweep,4551
sweep,3776
sweep,4065
sweep,4323
sweep,3884
sweep,4228
sweep,3666
sweep,3288
sweep,2935
sweep,3333
sweep,3113
sweep,3204
sweep,2933
sweep,2878
sweep,2872
sweep,3063
sweep,3271
sweep,2991
sweep,3138
sweep,3538
sweep,2280
sweep,2706
sweep,3841
sweep,2538
sweep,3498
sweep,1945
sweep,3389
sweep,3918
sweep,4219
sweep,3772
sweep,3267
sweep,3555
sweep,2826
sweep,3132
sweep,2821
sweep,3105
sweep,2700
sweep,3147
sweep,2474
sweep,2617
sweep,4146
sweep,2697
sweep,2776
sweep,2924
sweep,2980
sweep,3448
sweep,2607
sweep,2673
sweep,2474
sweep,5517
sweep,9203
sweep,8513
sweep,8619
sweep,7991
sweep,5615
sweep,7411
sweep,4187
sweep,4359
sweep,4214
sweep,5624
sweep,5983
sweep,6311
sweep,226
mark,1039092
sweep,4619
sweep,4008
sweep,4325
sweep,4215
sweep,3571
sweep,4515
sweep,3507
sweep,2999
sweep,3114
sweep,2963
sweep,3122
sweep,3171
sweep,3013
sweep,2987
sweep,2698
sweep,2793
sweep,3155
sweep,2920
sweep,3203
sweep,3360
sweep,2323
sweep,2631
sweep,3721
sweep,2352
sweep,3096
sweep,2079
sweep,3338
sweep,4141
sweep,4259
sweep,3374
sweep,3331
sweep,3298
sweep,3175
sweep,3085
sweep,2870
sweep,3173
sweep,2838
sweep,3152
sweep,2509
sweep,2981
sweep,3699
sweep,2762
sweep,3009
sweep,2936
sweep,2767
sweep,3376
sweep,2735
sweep,2498
sweep,2456
sweep,3506
sweep,3913
sweep,4043
sweep,4341
sweep,5781
sweep,8342
sweep,6518
sweep,8558
sweep,8453
sweep,8375
sweep,7510
sweep,7140
sweep,7130
sweep,878
mark,1029980
sweep,5056
sweep,3755
sweep,4278
sweep,4180
sweep,3811
sweep,4553
sweep,3621
sweep,3465
sweep,2908
sweep,3222
sweep,3187
sweep,3078
sweep,3137
sweep,3064
sweep,2894
sweep,3026
sweep,3258
sweep,2919
sweep,3121
sweep,3548
sweep,2515
sweep,2541
sweep,3618
sweep,2408
sweep,3440
sweep,1865
sweep,3418
sweep,3648
sweep,4534
sweep,3534
sweep,3116
sweep,3086
sweep,3280
sweep,3128
sweep,3035
sweep,3472
sweep,3060
sweep,3066
sweep,2852
sweep,2687
sweep,3895
sweep,2932
sweep,2643
sweep,2864
sweep,2806
sweep,3419
sweep,2705
sweep,2542
sweep,2689
sweep,5533
sweep,8708
sweep,8538
sweep,8601
sweep,7777
sweep,5936
sweep,7272
sweep,4082
sweep,4318
sweep,5082
sweep,6157
sweep,5659
sweep,6031
sweep,264
mark,1115380
sweep,4695
sweep,3759
sweep,3899
sweep,4193
sweep,3920
sweep,3928
sweep,3532
sweep,3092
sweep,3238
sweep,3132
sweep,3033
sweep,2852
sweep,2992
sweep,3127
sweep,2814
sweep,2995
sweep,3170
sweep,2880
sweep,2990
sweep,3977
sweep,2325
sweep,2511
sweep,4196
sweep,2555
sweep,3682
sweep,1852
sweep,3474
sweep,3659
sweep,4694
sweep,3633
sweep,3118
sweep,3327
sweep,3100
sweep,3066
sweep,2820
sweep,3328
sweep,2798
sweep,3025
sweep,2521
sweep,2630
sweep,3696
sweep,2727
sweep,2747
sweep,3267
sweep,3056
sweep,3377
sweep,2772
sweep,2547
sweep,2718
sweep,3560
sweep,3944
sweep,4068
sweep,4163
sweep,6074
sweep,7895
sweep,6369
sweep,8433
sweep,8408
sweep,8421
sweep,7529
sweep,7086
sweep,7040
sweep,824
mark,1038611
sweep,4661
sweep,3839
sweep,4161
sweep,3956
sweep,3892
sweep,4320
sweep,3746
sweep,3169
sweep,3026
sweep,3322
sweep,3115
sweep,3017
sweep,2871
sweep,3289
sweep,2638
sweep,2729
sweep,3236
sweep,2890
sweep,2981
sweep,3521
sweep,2361
sweep,2595
sweep,3959
sweep,2686
sweep,3510
sweep,1907
sweep,3394
sweep,3690
sweep,4396
sweep,3425
sweep,3174
sweep,2957
sweep,2919
sweep,3003
sweep,2837
sweep,3218
sweep,3005
sweep,3224
sweep,2786
sweep,2650
sweep,3765
sweep,2729
sweep,2853
sweep,2864
sweep,3054
sweep,3556
sweep,2662
sweep,2674
sweep,2462
sweep,6103
sweep,8569
sweep,8490
sweep,8536
sweep,8102
sweep,6538
sweep,6954
sweep,3958
sweep,4281
sweep,4904
sweep,6154
sweep,5864
sweep,5736
sweep,225
mark,1033261
sweep,4596
sweep,4319
sweep,4230
sweep,4147
sweep,3843
sweep,4341
sweep,3537
sweep,3779
sweep,3174
sweep,3009
sweep,3346
sweep,2758
sweep,2892
sweep,2804
sweep,2614
sweep,2866
sweep,3474
sweep,3240
sweep,3104
sweep,3485
sweep,2624
sweep,2769
sweep,3958
sweep,2458
sweep,3068
sweep,1875
sweep,3378
sweep,3623
sweep,4107
sweep,3249
sweep,3277
sweep,3263
sweep,3155
sweep,3095
sweep,3091
sweep,3327
sweep,2918
sweep,3083
sweep,2580
sweep,2739
sweep,3600
sweep,2762
sweep,2945
sweep,2875
sweep,2743
sweep,3470
sweep,2855
sweep,2722
sweep,2433
sweep,3661
sweep,4236
sweep,4358
sweep,4154
sweep,5835
sweep,8537
sweep,6552
sweep,8300
sweep,8393
sweep,8601
sweep,7457
sweep,7000
sweep,7142
sweep,828
mark,1035539
sweep,4936
sweep,4072
sweep,3802
sweep,4129
sweep,3860
sweep,4155
sweep,3652
sweep,3282
sweep,2979
sweep,3413
sweep,3299
sweep,2970
sweep,2846
sweep,2780
sweep,2611
sweep,3019
sweep,3573
sweep,3330
sweep,3215
sweep,3969
sweep,2303
sweep,2408
sweep,3757
sweep,2510
sweep,3134
sweep,2028
sweep,3862
sweep,3880
sweep,4232
sweep,3382
sweep,3384
sweep,2960
sweep,2892
sweep,3122
sweep,2886
sweep,3214
sweep,2999
sweep,3310
sweep,2514
sweep,2740
sweep,3966
sweep,2691
sweep,2751
sweep,2862
sweep,2802
sweep,3709
sweep,2807
sweep,2520
sweep,2548
sweep,5810
sweep,8834
sweep,8530
sweep,8726
sweep,7757
sweep,5861
sweep,7360
sweep,4062
sweep,4491
sweep,4313
sweep,5887
sweep,5962
sweep,6691
sweep,229
mark,1041744
sweep,4642
sweep,4134
sweep,4551
sweep,4207
sweep,3766
sweep,4286
sweep,3580
sweep,3213
sweep,2970
sweep,3123
sweep,3268
sweep,2890
sweep,2738
sweep,2845
sweep,2551
sweep,2640
sweep,3195
sweep,3329
sweep,3203
sweep,4029
sweep,2268
sweep,2546
sweep,3711
sweep,2310
sweep,3178
sweep,1912
sweep,3642
sweep,3835
sweep,4245
sweep,3256
sweep,3395
sweep,3276
sweep,3079
sweep,3399
sweep,2799
sweep,3323
sweep,2787
sweep,3177
sweep,2725
sweep,3158
sweep,3637
sweep,2934
sweep,3016
sweep,2988
sweep,3042
sweep,3377
sweep,2797
sweep,2772
sweep,2495
sweep,3411
sweep,4284
sweep,4111
sweep,4169
sweep,5815
sweep,8411
sweep,6494
sweep,8296
sweep,8405
sweep,8509
sweep,7262
sweep,7055
sweep,6945
sweep,920
mark,1038407
sweep,4841
sweep,3923
sweep,4159
sweep,4188
sweep,3837
sweep,4195
sweep,3818
sweep,3123
sweep,3020
sweep,3280
sweep,2968
sweep,2805
sweep,2736
sweep,3093
sweep,2913
sweep,2832
sweep,3361
sweep,2941
sweep,3129
sweep,3342
sweep,2384
sweep,2383
sweep,4174
sweep,2467
sweep,3659
sweep,2151
sweep,3363
sweep,3609
sweep,4393
sweep,3632
sweep,3352
sweep,2967
sweep,3287
sweep,3009
sweep,3003
sweep,3115
sweep,2828
sweep,3047
sweep,2525
sweep,2780
sweep,3745
sweep,2715
sweep,2712
sweep,3294
sweep,2915
sweep,3343
sweep,2760
sweep,2525
sweep,2709
sweep,5359
sweep,8980
sweep,8396
sweep,8643
sweep,8408
sweep,6066
sweep,7308
sweep,4091
sweep,4414
sweep,4529
sweep,6150
sweep,5795
sweep,5851
sweep,241
mark,1028154
sweep,4909
sweep,3863
sweep,3825
sweep,3980
sweep,3909
sweep,4234
sweep,3775
sweep,3132
sweep,2820
sweep,3069
sweep,3074
sweep,3129
sweep,2676
sweep,2838
sweep,2625
sweep,3030
sweep,3324
sweep,3231
sweep,3236
sweep,3503
sweep,2686
sweep,2597
sweep,3733
sweep,2304
sweep,3200
sweep,1852
sweep,3312
sweep,4111
sweep,4408
sweep,3516
sweep,3345
sweep,3122
sweep,2931
sweep,3137
sweep,2771
sweep,3644
sweep,3013
sweep,2988
sweep,2854
sweep,2850
sweep,3872
sweep,2724
sweep,3224
sweep,3367
sweep,3099
sweep,3421
sweep,6245
sweep,2617
sweep,2421
sweep,3399
sweep,4120
sweep,4128
sweep,4450
sweep,6008
sweep,7477
sweep,6085
sweep,9133
sweep,8040
sweep,8770
sweep,8161
sweep,7448
sweep,7161
sweep,835
mark,1033048
sweep,4865
sweep,3811
sweep,4149
sweep,4008
sweep,3634
sweep,4092
sweep,3665
sweep,3145
sweep,2857
sweep,3578
sweep,3027
sweep,3037
sweep,2910
sweep,2912
sweep,2865
sweep,2745
sweep,3324
sweep,3206
sweep,3113
sweep,3687
sweep,2417
sweep,2393
sweep,3995
sweep,2757
sweep,3580
sweep,2201
sweep,3434
sweep,3707
sweep,4268
sweep,3616
sweep,3105
sweep,2900
sweep,3278
sweep,2983
sweep,2718
sweep,3136
sweep,2887
sweep,3042
sweep,2519
sweep,2786
sweep,3990
sweep,2554
sweep,2947
sweep,3189
sweep,2760
sweep,3964
sweep,2646
sweep,2502
sweep,2438
sweep,5264
sweep,8682
sweep,8647
sweep,8406
sweep,8268
sweep,6192
sweep,7428
sweep,4275
sweep,4231
sweep,4516
sweep,5873
sweep,5611
sweep,5855
sweep,219
mark,1026288
sweep,5044
sweep,3755
sweep,3991
sweep,4260
sweep,3841
sweep,3957
sweep,3511
sweep,3090
sweep,2833
sweep,3200
sweep,3144
sweep,2749
sweep,2701
sweep,2769
sweep,2505
sweep,2685
sweep,3365
sweep,2907
sweep,2978
sweep,3715
sweep,2402
sweep,2618
sweep,3730
sweep,2376
sweep,3338
sweep,2155
sweep,3381
sweep,3829
sweep,4305
sweep,3551
sweep,3118
sweep,3106
sweep,2944
sweep,3177
sweep,2819
sweep,3410
sweep,2815
sweep,3302
sweep,2563
sweep,3049
sweep,3942
sweep,2646
sweep,2685
sweep,3508
sweep,2874
sweep,3621
sweep,2994
sweep,2592
sweep,2586
sweep,3432
sweep,4072
sweep,4160
sweep,4132
sweep,6046
sweep,7708
sweep,5970
sweep,8807
sweep,8690
sweep,8200
sweep,8299
sweep,7447
sweep,7602
sweep,821
mark,1039738
sweep,4723
sweep,4038
sweep,4499
sweep,4400
sweep,3793
sweep,4180
sweep,3673
sweep,3220
sweep,2859
sweep,3228
sweep,3297
sweep,2729
sweep,2818
sweep,2907
sweep,3145
sweep,2696
sweep,3326
sweep,3160
sweep,3038
sweep,3427
sweep,2542
sweep,2344
sweep,3906
sweep,2730
sweep,3705
sweep,2123
sweep,3559
sweep,3920
sweep,4441
sweep,3420
sweep,3047
sweep,3086
sweep,2929
sweep,3278
sweep,3286
sweep,3073
sweep,3128
sweep,3129
sweep,2508
sweep,2635
sweep,3719
sweep,3116
sweep,2608
sweep,2874
sweep,2925
sweep,3362
sweep,2716
sweep,2507
sweep,2581
sweep,5541
sweep,8883
sweep,8650
sweep,8784
sweep,8169
sweep,14241
sweep,7405
sweep,4270
sweep,4333
sweep,4829
sweep,6261
sweep,5968
sweep,5857
sweep,221
mark,1025242
sweep,4813
sweep,4346
sweep,3881
sweep,4027
sweep,3466
sweep,4074
sweep,3548
sweep,3285
sweep,2838
sweep,3077
sweep,3146
sweep,2781
sweep,3120
sweep,2779
sweep,2666
sweep,2784
sweep,3178
sweep,3170
sweep,3266
sweep,3448
sweep,2439
sweep,2424
sweep,3870
sweep,2633
sweep,3019
sweep,2298
sweep,3609
sweep,3733
sweep,4102
sweep,3354
sweep,3056
sweep,3092
sweep,3556
sweep,3116
sweep,2893
sweep,3278
sweep,2819
sweep,3174
sweep,2511
sweep,2677
sweep,3902
sweep,2740
sweep,2612
sweep,3084
sweep,2967
sweep,3501
sweep,2814
sweep,2680
sweep,2736
sweep,3523
sweep,3876
sweep,4019
sweep,4127
sweep,5697
sweep,8760
sweep,6562
sweep,8887
sweep,8123
sweep,8965
sweep,7222
sweep,7693
sweep,7171
sweep,833
mark,1030319
sweep,4748
sweep,3940
sweep,3959
sweep,4091
sweep,3869
sweep,4140
sweep,3937
sweep,3078
sweep,2960
sweep,3173
sweep,3046
sweep,2816
sweep,2739
sweep,3048
sweep,2830
sweep,2803
sweep,3460
sweep,3071
sweep,3027
sweep,3288
sweep,2443
sweep,2465
sweep,3621
sweep,2599
sweep,3153
sweep,2153
sweep,3427
sweep,3539
sweep,4195
sweep,3219
sweep,3540
sweep,3476
sweep,3229
sweep,3364
sweep,2966
sweep,3481
sweep,3013
sweep,3408
sweep,2369
sweep,2791
sweep,3656
sweep,2666
sweep,2714
sweep,3191
sweep,3095
sweep,3468
sweep,3038
sweep,2468
sweep,2454
sweep,5401
sweep,8498
sweep,8278
sweep,9134
sweep,8207
sweep,6065
sweep,6973
sweep,4407
sweep,4376
sweep,4479
sweep,5894
sweep,5746
sweep,5891
sweep,226
mark,1030648
sweep,4400
sweep,3715
sweep,4265
sweep,4477
sweep,3750
sweep,4040
sweep,3432
sweep,3364
sweep,3200
sweep,3299
sweep,3421
sweep,2833
sweep,2749
sweep,2794
sweep,2586
sweep,2998
sweep,3204
sweep,3089
sweep,3065
sweep,3401
sweep,2345
sweep,2787
sweep,3790
sweep,2538
sweep,3236
sweep,1870
sweep,3439
sweep,3830
sweep,4390
sweep,3286
sweep,3160
sweep,2925
sweep,3167
sweep,3038
sweep,2743
sweep,3403
sweep,2777
sweep,3005
sweep,2476
sweep,3137
sweep,3918
sweep,2739
sweep,2632
sweep,2924
sweep,2950
sweep,3679
sweep,2818
sweep,2711
sweep,2451
sweep,3533
sweep,4492
sweep,4352
sweep,4185
sweep,5687
sweep,7685
sweep,5968
sweep,9354
sweep,7989
sweep,8254
sweep,8002
sweep,7565
sweep,7597
sweep,832
mark,1074500
sweep,5215
sweep,4570
sweep,4014
sweep,4021
sweep,3897
sweep,4138
sweep,3924
sweep,3060
sweep,3556
sweep,3343
sweep,3333
sweep,2733
sweep,2637
sweep,2905
sweep,3006
sweep,3324
sweep,3374
sweep,3133
sweep,3041
sweep,3583
sweep,2395
sweep,2765
sweep,3711
sweep,2403
sweep,3178
sweep,2109
sweep,3438
sweep,3889
sweep,4163
sweep,3348
sweep,3337
sweep,3072
sweep,2877
sweep,3005
sweep,3023
sweep,3405
sweep,2733
sweep,3081
sweep,2775
sweep,2772
sweep,3849
sweep,2903
sweep,2944
sweep,3029
sweep,2850
sweep,3733
sweep,2941
sweep,2699
sweep,2542
sweep,5656
sweep,9134
sweep,8615
sweep,8091
sweep,8058
sweep,6047
sweep,7076
sweep,4028
sweep,4402
sweep,4913
sweep,6290
sweep,5958
sweep,5863
sweep,240
mark,1027619
sweep,4651
sweep,4187
sweep,4428
sweep,4309
sweep,3835
sweep,4266
sweep,3569
sweep,3079
sweep,2771
sweep,3447
sweep,3011
sweep,2795
sweep,2775
sweep,3114
sweep,2819
sweep,2981
sweep,3255
sweep,3108
sweep,3284
sweep,3838
sweep,2296
sweep,2875
sweep,3808
sweep,2384
sweep,3709
sweep,2208
sweep,3468
sweep,3624
sweep,4515
sweep,3594
sweep,3432
sweep,3099
sweep,2968
sweep,3037
sweep,2841
sweep,3208
sweep,2741
sweep,3222
sweep,2751
sweep,2928
sweep,3738
sweep,3056
sweep,2788
sweep,3052
sweep,2802
sweep,3442
sweep,2702
sweep,2365
sweep,2726
sweep,3599
sweep,4188
sweep,3899
sweep,4182
sweep,6160
sweep,8831
sweep,6372
sweep,8944
sweep,8142
sweep,8871
sweep,7239
sweep,7384
sweep,6952
sweep,830
mark,1029469
sweep,4826
sweep,3999
sweep,3916
sweep,4042
sweep,3936
sweep,4388
sweep,3613
sweep,3449
sweep,2948
sweep,3565
sweep,2995
sweep,2741
sweep,2706
sweep,3108
sweep,2728
sweep,3133
sweep,3434
sweep,3096
sweep,3036
sweep,3256
sweep,2423
sweep,2567
sweep,3705
sweep,2322
sweep,3054
sweep,1992
sweep,3538
sweep,3727
sweep,4237
sweep,3433
sweep,3111
sweep,3429
sweep,2988
sweep,3094
sweep,2823
sweep,3095
sweep,2778
sweep,3270
sweep,2399
sweep,2917
sweep,3839
sweep,2520
sweep,2725
sweep,2845
sweep,2978
sweep,3394
sweep,2856
sweep,2496
sweep,2620
sweep,5382
sweep,8230
sweep,8326
sweep,8138
sweep,7536
sweep,5954
sweep,7443
sweep,3998
sweep,4262
sweep,4367
sweep,5799
sweep,5687
sweep,5879
sweep,243
mark,1026496
sweep,4793
sweep,4035
sweep,4118
sweep,4224
sweep,3764
sweep,4334
sweep,3713
sweep,3087
sweep,3045
sweep,3407
sweep,3092
sweep,3038
sweep,2735
sweep,3083
sweep,2533
sweep,2795
sweep,3390
sweep,3271
sweep,3162
sweep,3484
sweep,2353
sweep,2367
sweep,3684
sweep,2366
sweep,3579
sweep,1997
sweep,3273
sweep,3957
sweep,4268
sweep,3472
sweep,3201
sweep,3379
sweep,2948
sweep,2942
sweep,2715
sweep,3443
sweep,2815
sweep,3081
sweep,2787
sweep,2805
sweep,3879
sweep,2743
sweep,2650
sweep,2997
sweep,2924
sweep,3439
sweep,3089
sweep,2545
sweep,2634
sweep,3825
sweep,3903
sweep,4127
sweep,4203
sweep,6025
sweep,7570
sweep,6046
sweep,8390
sweep,8442
sweep,8420
sweep,7358
sweep,7134
sweep,6906
sweep,839
mark,1030664
sweep,4700
sweep,3870
sweep,3987
sweep,3987
sweep,3748
sweep,4276
sweep,3685
sweep,3073
sweep,2848
sweep,3404
sweep,3039
sweep,2723
sweep,2850
sweep,3199
sweep,2637
sweep,2778
sweep,3334
sweep,3343
sweep,3251
sweep,3536
sweep,2659
sweep,2755
sweep,3982
sweep,2399
sweep,3612
sweep,1943
sweep,3298
sweep,3626
sweep,4546
sweep,3701
sweep,2993
sweep,3141
sweep,2958
sweep,3020
sweep,2768
sweep,3466
sweep,2768
sweep,3045
sweep,2424
sweep,2651
sweep,3795
sweep,2921
sweep,2671
sweep,2933
sweep,3132
sweep,3745
sweep,2828
sweep,2565
sweep,2525
sweep,5829
sweep,9280
sweep,9070
sweep,8566
sweep,7830
sweep,5724
sweep,7264
sweep,3976
sweep,4332
sweep,4487
sweep,5702
sweep,5905
sweep,6175
sweep,226
mark,1031229
sweep,4729
sweep,4425
sweep,4077
sweep,4182
sweep,3570
sweep,4138
sweep,3736
sweep,3090
sweep,3145
sweep,3150
sweep,3349
sweep,2735
sweep,2854
sweep,2827
sweep,2890
sweep,2659
sweep,3186
sweep,2911
sweep,3181
sweep,3460
sweep,2331
sweep,2811
sweep,3711
sweep,2381
sweep,3037
sweep,2025
sweep,3461
sweep,3675
sweep,4346
sweep,3582
sweep,3041
sweep,3475
sweep,2952
sweep,3226
sweep,2754
sweep,3236
sweep,2795
sweep,3357
sweep,2522
sweep,2712
sweep,3973
sweep,2710
sweep,2631
sweep,3139
sweep,2996
sweep,3350
sweep,2771
sweep,2417
sweep,2472
sweep,3567
sweep,4668
sweep,4649
sweep,4132
sweep,5632
sweep,8518
sweep,6378
sweep,8896
sweep,8271
sweep,8873
sweep,7111
sweep,7321
sweep,7077
sweep,801
mark,1058757
sweep,4754
sweep,4041
sweep,3910
sweep,4161
sweep,3704
sweep,3989
sweep,3632
sweep,3244
sweep,3019
sweep,3109
sweep,2976
sweep,2805
sweep,2809
sweep,2853
sweep,2651
sweep,2960
sweep,3503
sweep,3032
sweep,3591
sweep,3374
sweep,2339
sweep,2401
sweep,3674
sweep,2539
sweep,3113
sweep,1921
sweep,3460
sweep,3945
sweep,4247
sweep,3451
sweep,2948
sweep,3405
sweep,2864
sweep,2967
sweep,2814
sweep,3142
sweep,2771
sweep,3380
sweep,2869
sweep,2648
sweep,3953
sweep,2647
sweep,2882
sweep,2845
sweep,2930
sweep,3461
sweep,2693
sweep,2548
sweep,2603
sweep,5473
sweep,8781
sweep,8241
sweep,8378
sweep,8114
sweep,6766
sweep,6913
sweep,4100
sweep,4442
sweep,4285
sweep,5600
sweep,5654
sweep,5759
sweep,215
mark,1031003
sweep,4915
sweep,4062
sweep,4128
sweep,3928
sweep,3592
sweep,4103
sweep,3629
sweep,3407
sweep,3138
sweep,3311
sweep,3111
sweep,2815
sweep,2687
sweep,3037
sweep,2628
sweep,2684
sweep,3167
sweep,2932
sweep,3158
sweep,3721
sweep,2656
sweep,2586
sweep,3953
sweep,2567
sweep,3091
sweep,1937
sweep,3371
sweep,3919
sweep,4559
sweep,3504
sweep,3059
sweep,3352
sweep,3202
sweep,3050
sweep,3317
sweep,3199
sweep,3043
sweep,3070
sweep,2783
sweep,3041
sweep,3736
sweep,2704
sweep,2980
sweep,2939
sweep,3238
sweep,3533
sweep,2889
sweep,2720
sweep,2435
sweep,3408
sweep,4396
sweep,4331
sweep,4448
sweep,5860
sweep,7631
sweep,5871
sweep,9130
sweep,8439
sweep,8471
sweep,7140
sweep,7119
sweep,7212
sweep,828
mark,1027494
sweep,4891
sweep,4021
sweep,3802
sweep,4278
sweep,3653
sweep,4318
sweep,3695
sweep,3181
sweep,3090
sweep,3149
sweep,3029
sweep,2788
sweep,2874
sweep,3177
sweep,2840
sweep,2765
sweep,3343
sweep,3163
sweep,3118
sweep,3756
sweep,2564
sweep,2431
sweep,3719
sweep,2344
sweep,3126
sweep,2234
sweep,3744
sweep,4020
sweep,4799
sweep,3484
sweep,3147
sweep,2952
sweep,3077
sweep,3151
sweep,2787
sweep,3185
sweep,2770
sweep,3268
sweep,2607
sweep,3111
sweep,3834
sweep,2659
sweep,2785
sweep,2863
sweep,3140
sweep,3410
sweep,2775
sweep,2677
sweep,2692
sweep,5643
sweep,8809
sweep,8847
sweep,8904
sweep,8112
sweep,5998
sweep,6843
sweep,3962
sweep,4714
sweep,4553
sweep,5757
sweep,6111
sweep,6080
sweep,264
mark,1037894
sweep,4996
sweep,3866
sweep,4014
sweep,4324
sweep,3587
sweep,4266
sweep,3557
sweep,3040
sweep,3048
sweep,3233
sweep,3079
sweep,2707
sweep,2694
sweep,2952
sweep,2827
sweep,2740
sweep,3275
sweep,3356
sweep,3190
sweep,3560
sweep,2338
sweep,2704
sweep,3745
sweep,2487
sweep,3309
sweep,1833
sweep,3652
sweep,3748
sweep,4348
sweep,3376
sweep,3071
sweep,3053
sweep,2969
sweep,3037
sweep,2901
sweep,3297
sweep,2850
sweep,3059
sweep,2610
sweep,2635
sweep,4225
sweep,2896
sweep,2662
sweep,3221
sweep,2984
sweep,3338
sweep,2971
sweep,2484
sweep,2488
sweep,3711
sweep,3957
sweep,4014
sweep,4227
sweep,6050
sweep,8597
sweep,6503
sweep,8454
sweep,8468
sweep,8795
sweep,8172
sweep,7519
sweep,7626
sweep,827
mark,1028880
sweep,5102
sweep,3963
sweep,3992
sweep,4136
sweep,3498
sweep,4147
sweep,3837
sweep,3055
sweep,2872
sweep,3216
sweep,3038
sweep,2721
sweep,2678
sweep,2853
sweep,2716
sweep,2996
sweep,3258
sweep,2886
sweep,3169
sweep,3388
sweep,2368
sweep,2443
sweep,3905
sweep,2379
sweep,3157
sweep,2002
sweep,3777
sweep,3697
sweep,4717
sweep,3747
sweep,3020
sweep,3019
sweep,3369
sweep,3083
sweep,2744
sweep,3185
sweep,2846
sweep,3038
sweep,2712
sweep,2825
sweep,3796
sweep,2834
sweep,2942
sweep,2961
sweep,3047
sweep,3758
sweep,2709
sweep,2544
sweep,2668
sweep,5503
sweep,8692
sweep,8753
sweep,8736
sweep,7491
sweep,5652
sweep,6885
sweep,4017
sweep,4463
sweep,4772
sweep,6140
sweep,6025
sweep,6042
sweep,225
mark,1027252
sweep,4788
sweep,4183
sweep,3822
sweep,4450
sweep,3932
sweep,3984
sweep,3644
sweep,3247
sweep,2839
sweep,3306
sweep,3045
sweep,2918
sweep,2870
sweep,3012
sweep,3094
sweep,3025
sweep,3587
sweep,2851
sweep,3271
sweep,3697
sweep,2370
sweep,2905
sweep,4272
sweep,2530
sweep,3589
sweep,1869
sweep,3480
sweep,3599
sweep,4717
sweep,3425
sweep,3018
sweep,3094
sweep,3221
sweep,3111
sweep,2816
sweep,3865
sweep,2905
sweep,3253
sweep,2513
sweep,2729
sweep,3698
sweep,2777
sweep,2731
sweep,2947
sweep,2811
sweep,3505
sweep,3082
sweep,2702
sweep,2586
sweep,3568
sweep,3939
sweep,4015
sweep,4261
sweep,5740
sweep,7697
sweep,5940
sweep,9321
sweep,8090
sweep,8166
sweep,8078
sweep,7344
sweep,7604
sweep,836
mark,1028176
sweep,4466
sweep,3937
sweep,3893
sweep,4305
sweep,3761
sweep,4274
sweep,3655
sweep,3179
sweep,3077
sweep,3263
sweep,3033
sweep,3165
sweep,2842
sweep,2811
sweep,2819
sweep,2837
sweep,3567
sweep,2991
sweep,3072
sweep,3358
sweep,2326
sweep,2334
sweep,3773
sweep,2303
sweep,3053
sweep,1911
sweep,3718
sweep,3589
sweep,4423
sweep,3444
sweep,2944
sweep,2976
sweep,2897
sweep,3293
sweep,2781
sweep,3039
sweep,2924
sweep,3343
sweep,2596
sweep,2898
sweep,3932
sweep,2677
sweep,2835
sweep,3030
sweep,3222
sweep,3459
sweep,2751
sweep,2508
sweep,2778
sweep,5695
sweep,9120
sweep,9081
sweep,8380
sweep,8098
sweep,5746
sweep,7285
sweep,4201
sweep,4382
sweep,4282
sweep,5861
sweep,5722
sweep,5870
sweep,258
mark,1026182
sweep,4563
sweep,4136
sweep,4271
sweep,4000
sweep,3809
sweep,4193
sweep,3942
sweep,3015
sweep,2833
sweep,3061
sweep,3583
sweep,2817
sweep,2738
sweep,2871
sweep,3000
sweep,2919
sweep,3299
sweep,3028
sweep,3058
sweep,3650
sweep,2458
sweep,2613
sweep,3920
sweep,2390
sweep,3157
sweep,2364
sweep,3313
sweep,3948
sweep,4578
sweep,3744
sweep,3018
sweep,3180
sweep,2883
sweep,3090
sweep,2857
sweep,3418
sweep,2752
sweep,3077
sweep,2551
sweep,3027
sweep,3741
sweep,2909
sweep,2965
sweep,3430
sweep,3027
sweep,3636
sweep,2997
sweep,2584
sweep,2527
sweep,3543
sweep,3951
sweep,3905
sweep,4175
sweep,5852
sweep,8181
sweep,6867
sweep,8636
sweep,8455
sweep,8592
sweep,8238
sweep,7213
sweep,7002
sweep,835
mark,1037294
sweep,4631
sweep,3944
sweep,4013
sweep,4011
sweep,3899
sweep,4295
sweep,4032
sweep,3222
sweep,3077
sweep,3578
sweep,3026
sweep,2959
sweep,3012
sweep,2967
sweep,3173
sweep,2879
sweep,3341
sweep,3030
sweep,3168
sweep,3438
sweep,2423
sweep,2856
sweep,4281
sweep,2363
sweep,3029
sweep,2039
sweep,3406
sweep,3663
sweep,4284
sweep,3479
sweep,3032
sweep,3067
sweep,2853
sweep,3004
sweep,2805
sweep,3212
sweep,2835
sweep,3270
sweep,2552
sweep,2922
sweep,3990
sweep,2766
sweep,2661
sweep,3377
sweep,2932
sweep,3754
sweep,2725
sweep,2615
sweep,2463
sweep,6209
sweep,8651
sweep,8425
sweep,8623
sweep,7923
sweep,6217
sweep,7395
sweep,4175
sweep,4534
sweep,5122
sweep,6176
sweep,5711
sweep,5722
sweep,232
mark,1034259
sweep,4381
sweep,4327
sweep,4103
sweep,4081
sweep,3808
sweep,4282
sweep,3510
sweep,3021
sweep,2701
sweep,3565
sweep,3304
sweep,3339
sweep,2818
sweep,2791
sweep,2799
sweep,2712
sweep,3281
sweep,3170
sweep,3212
sweep,3556
sweep,2323
sweep,2633
sweep,3874
sweep,2552
sweep,3110
sweep,1933
sweep,3296
sweep,3658
sweep,4644
sweep,3553
sweep,3436
sweep,3021
sweep,2873
sweep,3197
sweep,2827
sweep,3523
sweep,2984
sweep,3252
sweep,2873
sweep,2683
sweep,3932
sweep,2824
sweep,2854
sweep,3109
sweep,3205
sweep,3586
sweep,2909
sweep,2608
sweep,2632
sweep,3446
sweep,3820
sweep,3854
sweep,4138
sweep,6264
sweep,7411
sweep,5907
sweep,8376
sweep,8348
sweep,8287
sweep,7335
sweep,7060
sweep,7238
sweep,836
mark,1037084
sweep,4705
sweep,3963
sweep,3956
sweep,4084
sweep,3880
sweep,4094
sweep,3830
sweep,3206
sweep,3003
sweep,3392
sweep,2927
sweep,2820
sweep,2685
sweep,2793
sweep,2612
sweep,2793
sweep,3917
sweep,3183
sweep,2910
sweep,3569
sweep,2496
sweep,2607
sweep,3746
sweep,2423
sweep,3150
sweep,2103
sweep,3494
sweep,3632
sweep,4171
sweep,3758
sweep,2980
sweep,3001
sweep,3162
sweep,3424
sweep,3108
sweep,3355
sweep,2742
sweep,3141
sweep,2476
sweep,2737
sweep,3851
sweep,2600
sweep,2820
sweep,2876
sweep,2994
sweep,3722
sweep,2783
sweep,2606
sweep,2569
sweep,5359
sweep,8967
sweep,8930
sweep,8810
sweep,8198
sweep,5837
sweep,7517
sweep,4035
sweep,4292
sweep,4744
sweep,6095
sweep,5920
sweep,5635
sweep,223
mark,1036038
sweep,4531
sweep,3825
sweep,4425
sweep,4289
sweep,3573
sweep,4360
sweep,3539
sweep,3385
sweep,2849
sweep,3038
sweep,3074
sweep,2808
sweep,2742
sweep,2853
sweep,2823
sweep,3010
sweep,3285
sweep,3044
sweep,3112
sweep,3503
sweep,2333
sweep,2652
sweep,3735
sweep,2355
sweep,3209
sweep,1967
sweep,3394
sweep,3668
sweep,4225
sweep,3816
sweep,3154
sweep,3430
sweep,3006
sweep,3067
sweep,2856
sweep,3422
sweep,2857
sweep,3096
sweep,2468
sweep,2668
sweep,3740
sweep,2869
sweep,3007
sweep,3014
sweep,2714
sweep,3751
sweep,2710
sweep,2712
sweep,2405
sweep,3471
sweep,4203
sweep,4137
sweep,4408
sweep,5667
sweep,8501
sweep,6618
sweep,8861
sweep,8174
sweep,8202
sweep,8290
sweep,7444
sweep,7641
sweep,877
mark,1039339
sweep,5292
sweep,4011
sweep,4241
sweep,4049
sweep,3675
sweep,4420
sweep,3622
sweep,3398
sweep,2924
sweep,3143
sweep,2970
sweep,2766
sweep,2853
sweep,3159
sweep,2671
sweep,2650
sweep,3227
sweep,3151
sweep,3223
sweep,3438
sweep,2322
sweep,2439
sweep,3735
sweep,2527
sweep,3682
sweep,1983
sweep,3431
sweep,3857
sweep,4105
sweep,3429
sweep,3147
sweep,2945
sweep,2874
sweep,3004
sweep,3087
sweep,3218
sweep,2839
sweep,3048
sweep,2474
sweep,2710
sweep,3649
sweep,2593
sweep,2674
sweep,3004
sweep,3225
sweep,3483
sweep,2732
sweep,2502
sweep,2554
sweep,5315
sweep,8965
sweep,8256
sweep,8731
sweep,8051
sweep,6322
sweep,7503
sweep,4318
sweep,4324
sweep,4881
sweep,6109
sweep,5870
sweep,5865
sweep,223
mark,1023902
sweep,4361
sweep,4043
sweep,4701
sweep,4338
sweep,3913
sweep,4055
sweep,3959
sweep,3133
sweep,2841
sweep,3468
sweep,3378
sweep,2766
sweep,2784
sweep,2739
sweep,2622
sweep,2761
sweep,3217
sweep,2904
sweep,3024
sweep,3424
sweep,2518
sweep,2484
sweep,3992
sweep,2631
sweep,3346
sweep,2036
sweep,3477
sweep,3703
sweep,4090
sweep,3898
sweep,3622
sweep,3005
sweep,3205
sweep,3062
sweep,2787
sweep,3336
sweep,3104
sweep,3031
sweep,2619
sweep,2834
sweep,4008
sweep,2897
sweep,2911
sweep,2960
sweep,2890
sweep,3452
sweep,2986
sweep,2806
sweep,2429
sweep,3604
sweep,3862
sweep,3959
sweep,4691
sweep,6052
sweep,8386
sweep,5855
sweep,8815
sweep,8825
sweep,8924
sweep,7310
sweep,7368
sweep,7352
sweep,818
mark,1048533
sweep,4882
sweep,3847
sweep,4127
sweep,4159
sweep,3713
sweep,4375
sweep,3903
sweep,3327
sweep,2897
sweep,3104
sweep,3039
sweep,3094
sweep,2831
sweep,2759
sweep,2625
sweep,2995
sweep,3348
sweep,2934
sweep,3170
sweep,3478
sweep,2307
sweep,2422
sweep,4265
sweep,2351
sweep,3129
sweep,1906
sweep,3370
sweep,3813
sweep,4313
sweep,3543
sweep,3026
sweep,2958
sweep,2899
sweep,3238
sweep,2810
sweep,3399
sweep,2756
sweep,2986
sweep,2561
sweep,2872
sweep,3839
sweep,3064
sweep,2890
sweep,3151
sweep,2842
sweep,3522
sweep,2725
sweep,2604
sweep,2534
sweep,5265
sweep,9299
sweep,8675
sweep,8549
sweep,8478
sweep,6687
sweep,7325
sweep,3972
sweep,4249
sweep,4785
sweep,6104
sweep,5913
sweep,5854
sweep,229
mark,1034336
sweep,4996
sweep,4090
sweep,3991
sweep,4149
sweep,3832
sweep,4029
sweep,3573
sweep,3475
sweep,2837
sweep,3119
sweep,3106
sweep,3453
sweep,2785
sweep,2893
sweep,2554
sweep,3099
sweep,3538
sweep,3130
sweep,2921
sweep,3525
sweep,2334
sweep,2913
sweep,3767
sweep,2807
sweep,3059
sweep,1821
sweep,3345
sweep,3647
sweep,4177
sweep,3270
sweep,3438
sweep,2991
sweep,2923
sweep,3060
sweep,2822
sweep,3487
sweep,3042
sweep,3124
sweep,2824
sweep,2815
sweep,3697
sweep,2805
sweep,2797
sweep,2973
sweep,3395
sweep,3679
sweep,2797
sweep,2471
sweep,2622
sweep,3570
sweep,3713
sweep,3893
sweep,4102
sweep,5453
sweep,8249
sweep,6083
sweep,8647
sweep,8970
sweep,9088
sweep,7267
sweep,7382
sweep,7087
sweep,806
mark,1075733
sweep,5335
sweep,4053
sweep,4259
sweep,4103
sweep,3677
sweep,4437
sweep,3832
sweep,3070
sweep,3091
sweep,3084
sweep,3269
sweep,2778
sweep,2858
sweep,2774
sweep,2497
sweep,2807
sweep,3745
sweep,2978
sweep,3179
sweep,3706
sweep,2316
sweep,2611
sweep,3856
sweep,2446
sweep,3145
sweep,2226
sweep,3396
sweep,3565
sweep,4241
sweep,3697
sweep,3011
sweep,2989
sweep,2887
sweep,3005
sweep,2998
sweep,3477
sweep,2968
sweep,3117
sweep,2671
sweep,2694
sweep,3716
sweep,2646
sweep,2899
sweep,3063
sweep,2743
sweep,3745
sweep,2743
sweep,2496
sweep,2379
sweep,5360
sweep,8591
sweep,8861
sweep,8506
sweep,7524
sweep,5931
sweep,6963
sweep,4051
sweep,4300
sweep,4609
sweep,6339
sweep,5627
sweep,5775
sweep,225
mark,1030499
sweep,4630
sweep,3973
sweep,4162
sweep,4122
sweep,3707
sweep,4238
sweep,4017
sweep,3333
sweep,2951
sweep,3097
sweep,3398
sweep,2760
sweep,2732
sweep,2829
sweep,2888
sweep,2868
sweep,3271
sweep,2986
sweep,2982
sweep,3436
sweep,2329
sweep,2585
sweep,4148
sweep,2625
sweep,3160
sweep,2047
sweep,3562
sweep,3697
sweep,4430
sweep,3301
sweep,3018
sweep,2935
sweep,2945
sweep,3125
sweep,2892
sweep,3255
sweep,2954
sweep,3104
sweep,2457
sweep,3046
sweep,3907
sweep,2907
sweep,2795
sweep,3329
sweep,3104
sweep,3523
sweep,2912
sweep,2672
sweep,2486
sweep,3488
sweep,4194
sweep,4196
sweep,4480
sweep,5688
sweep,7919
sweep,5968
sweep,8843
sweep,8195
sweep,8541
sweep,7197
sweep,7152
sweep,7557
sweep,827
mark,1034583
sweep,4624
sweep,4137
sweep,3977
sweep,4019
sweep,3892
sweep,4123
sweep,3760
sweep,3490
sweep,2869
sweep,3238
sweep,3020
sweep,3264
sweep,2711
sweep,3013
sweep,2777
sweep,2729
sweep,3291
sweep,3090
sweep,3100
sweep,3293
sweep,2318
sweep,2471
sweep,3769
sweep,2750
sweep,3071
sweep,1912
sweep,3645
sweep,3674
sweep,4210
sweep,3806
sweep,3306
sweep,3078
sweep,2825
sweep,3405
sweep,3251
sweep,3061
sweep,2775
sweep,3023
sweep,2519
sweep,2677
sweep,3894
sweep,2984
sweep,2786
sweep,2903
sweep,2866
sweep,3375
sweep,3003
sweep,2807
sweep,2518
sweep,5635
sweep,9185
sweep,8503
sweep,8704
sweep,8048
sweep,5840
sweep,7420
sweep,4216
sweep,4280
sweep,4211
sweep,5604
sweep,6045
sweep,6491
sweep,248
mark,1025219
sweep,4870
sweep,4180
sweep,3806
sweep,3973
sweep,3850
sweep,4338
sweep,3849
sweep,3037
sweep,3249
sweep,3066
sweep,3406
sweep,3016
sweep,2759
sweep,3066
sweep,2657
sweep,2814
sweep,3348
sweep,3447
sweep,3227
sweep,3800
sweep,2355
sweep,2568
sweep,4065
sweep,2629
sweep,3146
sweep,1869
sweep,3305
sweep,3830
sweep,4009
sweep,3439
sweep,3248
sweep,3162
sweep,2920
sweep,3110
sweep,2822
sweep,3242
sweep,2981
sweep,3159
sweep,2751
sweep,2546
sweep,3765
sweep,2857
sweep,2592
sweep,3478
sweep,3092
sweep,3528
sweep,3032
sweep,2485
sweep,2702
sweep,3397
sweep,4102
sweep,4210
sweep,4055
sweep,6114
sweep,7836
sweep,6194
sweep,8812
sweep,8429
sweep,8688
sweep,8197
sweep,7475
sweep,7813
sweep,845
mark,1031789
sweep,4753
sweep,3728
sweep,3961
sweep,4243
sweep,3854
sweep,4474
sweep,3549
sweep,3242
sweep,2854
sweep,3060
sweep,2954
sweep,2786
sweep,2950
sweep,3228
sweep,2838
sweep,2839
sweep,3277
sweep,2928
sweep,3290
sweep,3440
sweep,2399
sweep,2393
sweep,3674
sweep,2392
sweep,3236
sweep,1889
sweep,3468
sweep,3620
sweep,4471
sweep,3487
sweep,3111
sweep,2993
sweep,2917
sweep,3218
sweep,2885
sweep,3427
sweep,3011
sweep,2984
sweep,2506
sweep,3010
sweep,3894
sweep,3141
sweep,2576
sweep,2957
sweep,2722
sweep,3728
sweep,2954
sweep,2598
sweep,2385
sweep,5520
sweep,8943
sweep,8250
sweep,8835
sweep,8019
sweep,6356
sweep,7494
sweep,4199
sweep,4256
sweep,4760
sweep,6251
sweep,5741
sweep,5777
sweep,218
mark,1026500
sweep,4823
sweep,4216
sweep,3786
sweep,4179
sweep,3818
sweep,4020
sweep,3545
sweep,3527
sweep,2736
sweep,3129
sweep,3114
sweep,2996
sweep,2968
sweep,2902
sweep,2799
sweep,2723
sweep,3205
sweep,3031
sweep,3172
sweep,3311
sweep,2544
sweep,2690
sweep,3839
sweep,2460
sweep,3076
sweep,2471
sweep,3392
sweep,3577
sweep,4237
sweep,3427
sweep,2968
sweep,3083
sweep,2856
sweep,3108
sweep,2730
sweep,3576
sweep,2872
sweep,3241
sweep,2557
sweep,2614
sweep,3682
sweep,3010
sweep,2671
sweep,3568
sweep,3278
sweep,3395
sweep,3031
sweep,2450
sweep,2546
sweep,3760
sweep,4064
sweep,3949
sweep,4167
sweep,5866
sweep,8356
sweep,6430
sweep,9060
sweep,7881
sweep,9185
sweep,7490
sweep,7761
sweep,7216
sweep,798
mark,1028881
sweep,4373
sweep,4006
sweep,4033
sweep,3942
sweep,3612
sweep,4090
sweep,3778
sweep,3402
sweep,2909
sweep,3260
sweep,3231
sweep,2753
sweep,2772
sweep,2909
sweep,3041
sweep,2823
sweep,3519
sweep,2942
sweep,2935
sweep,3416
sweep,2290
sweep,2368
sweep,3842
sweep,2338
sweep,3162
sweep,2223
sweep,3505
sweep,3702
sweep,4450
sweep,3379
sweep,3078
sweep,3122
sweep,2894
sweep,3281
sweep,2762
sweep,3447
sweep,2744
sweep,3118
sweep,2441
sweep,3129
sweep,3612
sweep,2936
sweep,2745
sweep,3286
sweep,3048
sweep,3489
sweep,2775
sweep,2757
sweep,2548
sweep,5526
sweep,8796
sweep,8588
sweep,8255
sweep,8349
sweep,10684
sweep,7268
sweep,3952
sweep,4452
sweep,5038
sweep,6181
sweep,5668
sweep,5830
sweep,225
mark,1030113
sweep,4625
sweep,3963
sweep,3871
sweep,4400
sweep,3761
sweep,4448
sweep,3814
sweep,3151
sweep,3109
sweep,3084
sweep,3324
sweep,2776
sweep,2814
sweep,3143
sweep,2560
sweep,2678
sweep,3702
sweep,2958
sweep,3018
sweep,3296
sweep,2693
sweep,2507
sweep,3980
sweep,2472
sweep,3330
sweep,1913
sweep,3544
sweep,3974
sweep,4155
sweep,3663
sweep,3065
sweep,3139
sweep,3125
sweep,2929
sweep,2954
sweep,3459
sweep,2715
sweep,3343
sweep,2561
sweep,2873
sweep,3672
sweep,2871
sweep,3025
sweep,3039
sweep,2808
sweep,3510
sweep,2725
sweep,2688
sweep,2508
sweep,3701
sweep,4532
sweep,4189
sweep,4263
sweep,5638
sweep,8621
sweep,6130
sweep,8871
sweep,8743
sweep,9019
sweep,7329
sweep,7328
sweep,7197
sweep,834
mark,1046580
sweep,4786
sweep,3748
sweep,4168
sweep,4011
sweep,3848
sweep,4502
sweep,3880
sweep,3096
sweep,3003
sweep,3281
sweep,3278
sweep,2971
sweep,2728
sweep,2925
sweep,2666
sweep,2639
sweep,3456
sweep,2954
sweep,3310
sweep,3329
sweep,2468
sweep,2488
sweep,3808
sweep,2552
sweep,3142
sweep,2025
sweep,3410
sweep,3846
sweep,4241
sweep,3763
sweep,3091
sweep,2976
sweep,2902
sweep,2930
sweep,2903
sweep,3073
sweep,2968
sweep,3188
sweep,2812
sweep,2577
sweep,3839
sweep,2977
sweep,2589
sweep,3128
sweep,2776
sweep,3440
sweep,2713
sweep,2464
sweep,2436
sweep,5379
sweep,9065
sweep,8703
sweep,8689
sweep,7606
sweep,6007
sweep,6918
sweep,3947
sweep,4197
sweep,4991
sweep,6172
sweep,6047
sweep,5812
sweep,232
mark,1053345
sweep,4530
sweep,3858
sweep,4217
sweep,4188
sweep,3891
sweep,4069
sweep,3947
sweep,3075
sweep,3156
sweep,3317
sweep,2978
sweep,2696
sweep,2902
sweep,2950
sweep,2555
sweep,2974
sweep,3210
sweep,3023
sweep,3106
sweep,3480
sweep,2478
sweep,2585
sweep,3709
sweep,2408
sweep,3073
sweep,1883
sweep,3366
sweep,3731
sweep,4386
sweep,3385
sweep,3531
sweep,3478
sweep,2893
sweep,2943
sweep,2720
sweep,3526
sweep,2775
sweep,3147
sweep,2665
sweep,2699
sweep,3820
sweep,2862
sweep,2667
sweep,3233
sweep,3263
sweep,3428
sweep,2618
sweep,2472
sweep,2418
sweep,3405
sweep,4249
sweep,4087
sweep,4223
sweep,5678
sweep,8119
sweep,7038
sweep,8940
sweep,8303
sweep,8756
sweep,8262
sweep,7417
sweep,7299
sweep,834
mark,1034652
sweep,4735
sweep,3943
sweep,3967
sweep,3973
sweep,3525
sweep,4501
sweep,3563
sweep,3153
sweep,3221
sweep,3532
sweep,3317
sweep,2691
sweep,2722
sweep,2905
sweep,2789
sweep,2706
sweep,3193
sweep,3017
sweep,3129
sweep,3757
sweep,2576
sweep,2392
sweep,3993
sweep,2372
sweep,3761
sweep,2195
sweep,3749
sweep,3895
sweep,4451
sweep,3703
sweep,3100
sweep,3255
sweep,3152
sweep,3317
sweep,2793
sweep,3259
sweep,3109
sweep,3081
sweep,2513
sweep,3301
sweep,3723
sweep,2841
sweep,2627
sweep,2924
sweep,2836
sweep,3524
sweep,2792
sweep,2688
sweep,2554
sweep,5485
sweep,9587
sweep,8618
sweep,8653
sweep,8164
sweep,6672
sweep,7331
sweep,4091
sweep,4325
sweep,4570
sweep,6148
sweep,5599
sweep,6019
sweep,221
mark,1022052
sweep,4938
sweep,3878
sweep,4214
sweep,4531
sweep,3653
sweep,3971
sweep,3694
sweep,3348
sweep,3162
sweep,3268
sweep,3065
sweep,2749
sweep,3155
sweep,2968
sweep,3163
sweep,3024
sweep,3189
sweep,2964
sweep,3157
sweep,3630
sweep,2689
sweep,2719
sweep,3992
sweep,2375
sweep,3089
sweep,2387
sweep,3472
sweep,3599
sweep,4107
sweep,3303
sweep,3140
sweep,3285
sweep,2852
sweep,3182
sweep,2782
sweep,3664
sweep,2804
sweep,3015
sweep,2532
sweep,3131
sweep,3888
sweep,2899
sweep,2818
sweep,3293
sweep,3275
sweep,3457
sweep,2685
sweep,2532
sweep,2450
sweep,3531
sweep,4065
sweep,4067
sweep,4232
sweep,6308
sweep,7976
sweep,6163
sweep,9159
sweep,8002
sweep,8511
sweep,8185
sweep,7453
sweep,7749
sweep,822
mark,1028218
sweep,4439
sweep,3845
sweep,3908
sweep,4362
sweep,3528
sweep,4022
sweep,3566
sweep,3594
sweep,3096
sweep,3307
sweep,2964
sweep,3027
sweep,2876
sweep,2899
sweep,2903
sweep,2718
sweep,3243
sweep,3471
sweep,3078
sweep,3310
sweep,2603
sweep,2628
sweep,3725
sweep,2285
sweep,3026
sweep,1856
sweep,3589
sweep,3846
sweep,4563
sweep,3341
sweep,3303
sweep,3049
sweep,3103
sweep,2983
sweep,2743
sweep,3224
sweep,2805
sweep,2982
sweep,2638
sweep,2680
sweep,3782
sweep,3123
sweep,2899
sweep,3472
sweep,2877
sweep,3383
sweep,2854
sweep,2543
sweep,2565
sweep,5451
sweep,8841
sweep,8930
sweep,8776
sweep,8161
sweep,6190
sweep,7456
sweep,4170
sweep,4417
sweep,4917
sweep,6270
sweep,5596
sweep,6093
sweep,218
mark,1025505
sweep,4860
sweep,3920
sweep,4400
sweep,4004
sweep,3519
sweep,4035
sweep,3628
sweep,3008
sweep,2846
sweep,3426
sweep,3282
sweep,3090
sweep,3029
sweep,3300
sweep,2926
sweep,3008
sweep,3488
sweep,3161
sweep,2975
sweep,3440
sweep,2261
sweep,2544
sweep,3764
sweep,2501
sweep,3602
sweep,1967
sweep,3375
sweep,3679
sweep,4641
sweep,3496
sweep,3107
sweep,6294
sweep,2988
sweep,3392
sweep,2855
sweep,3448
sweep,2834
sweep,3164
sweep,2819
sweep,2590
sweep,3834
sweep,2769
sweep,2753
sweep,3029
sweep,2874
sweep,3705
sweep,2713
sweep,2693
sweep,2435
sweep,3391
sweep,4344
sweep,4127
sweep,4475
sweep,5647
sweep,8407
sweep,6195
sweep,8649
sweep,8874
sweep,8992
sweep,7411
sweep,7129
sweep,6941
sweep,862
mark,1034366
sweep,4722
sweep,3778
sweep,4396
sweep,4245
sweep,3820
sweep,4427
sweep,3566
sweep,3185
sweep,2901
sweep,3457
sweep,3098
sweep,2771
sweep,2925
sweep,2906
sweep,2557
sweep,3117
sweep,3312
sweep,2927
sweep,3288
sweep,3443
sweep,2361
sweep,2541
sweep,3682
sweep,2313
sweep,3199
sweep,2017
sweep,3382
sweep,4226
sweep,4189
sweep,3543
sweep,3165
sweep,3069
sweep,2935
sweep,3130
sweep,3266
sweep,3076
sweep,2759
sweep,3070
sweep,2438
sweep,2933
sweep,3904
sweep,2851
sweep,2811
sweep,2941
sweep,3130
sweep,3451
sweep,3196
sweep,2466
sweep,2427
sweep,5483
sweep,8760
sweep,8419
sweep,8138
sweep,8118
sweep,5821
sweep,7190
sweep,4008
sweep,4476
sweep,4237
sweep,6335
sweep,5802
sweep,5835
sweep,218
mark,1028516
sweep,4552
sweep,3912
sweep,4231
sweep,3983
sweep,3867
sweep,4181
sweep,3861
sweep,3169
sweep,2793
sweep,3164
sweep,3299
sweep,2966
sweep,2672
sweep,2847
sweep,2593
sweep,2726
sweep,3305
sweep,3318
sweep,2926
sweep,3562
sweep,2516
sweep,2432
sweep,3941
sweep,2497
sweep,3024
sweep,1952
sweep,3498
sweep,3624
sweep,4231
sweep,3207
sweep,3247
sweep,2912
sweep,2871
sweep,3094
sweep,2812
sweep,3244
sweep,3004
sweep,3410
sweep,2494
sweep,2713
sweep,3842
sweep,3036
sweep,2586
sweep,2998
sweep,2998
sweep,3440
sweep,3101
sweep,2562
sweep,2426
sweep,3589
sweep,4172
sweep,3867
sweep,4226
sweep,6041
sweep,7798
sweep,6425
sweep,8761
sweep,9023
sweep,8641
sweep,7051
sweep,7454
sweep,7047
sweep,828
mark,1034080
sweep,4767
sweep,3932
sweep,3959
sweep,4068
sweep,3787
sweep,4339
sweep,3886
sweep,3121
sweep,2968
sweep,3177
sweep,3290
sweep,3170
sweep,2642
sweep,3028
sweep,3012
sweep,2687
sweep,3433
sweep,3045
sweep,2946
sweep,3743
sweep,2422
sweep,2636
sweep,4115
sweep,2696
sweep,3576
sweep,2128
sweep,3369
sweep,3718
sweep,4392
sweep,3465
sweep,3544
sweep,2964
sweep,3014
sweep,3077
sweep,3227
sweep,3085
sweep,2956
sweep,3162
sweep,2925
sweep,2815
sweep,4052
sweep,3168
sweep,2703
sweep,3053
sweep,3150
sweep,3466
sweep,2711
sweep,2507
sweep,2615
sweep,5325
sweep,8817
sweep,8846
sweep,8938
sweep,8063
sweep,5808
sweep,7023
sweep,3979
sweep,4280
sweep,4288
sweep,6278
sweep,6103
sweep,5883
sweep,266
mark,1047150
sweep,5047
sweep,4210
sweep,3941
sweep,4508
sweep,3571
sweep,3865
sweep,3605
sweep,3277
sweep,2751
sweep,3214
sweep,3048
sweep,2771
sweep,2622
sweep,2764
sweep,2586
sweep,3017
sweep,3787
sweep,2930
sweep,3177
sweep,3445
sweep,2668
sweep,2546
sweep,3866
sweep,2446
sweep,3080
sweep,1995
sweep,3520
sweep,3889
sweep,4442
sweep,3327
sweep,3178
sweep,3492
sweep,2915
sweep,3195
sweep,2818
sweep,3670
sweep,2830
sweep,3043
sweep,2540
sweep,2730
sweep,3958
sweep,2782
sweep,2698
sweep,3530
sweep,2845
sweep,3680
sweep,2712
sweep,2961
sweep,2525
sweep,3684
sweep,3769
sweep,4079
sweep,4478
sweep,5944
sweep,7668
sweep,5998
sweep,8343
sweep,8411
sweep,8784
sweep,7969
sweep,7727
sweep,7594
sweep,832
mark,1044605
sweep,4891
sweep,4255
sweep,3869
sweep,4387
sweep,3707
sweep,4181
sweep,3714
sweep,3198
sweep,2890
sweep,3397
sweep,3109
sweep,2977
sweep,3153
sweep,2952
sweep,2645
sweep,2848
sweep,3500
sweep,2943
sweep,3251
sweep,3638
sweep,2412
sweep,2585
sweep,3803
sweep,2376
sweep,3209
sweep,2329
sweep,3379
sweep,3827
sweep,4252
sweep,3427
sweep,3550
sweep,2984
sweep,3197
sweep,3017
sweep,3103
sweep,3150
sweep,2698
sweep,3329
sweep,2897
sweep,2716
sweep,3935
sweep,2689
sweep,2844
sweep,2883
sweep,2885
sweep,3447
sweep,2727
sweep,2590
sweep,2428
sweep,5874
sweep,9030
sweep,8529
sweep,8784
sweep,8321
sweep,6096
sweep,6865
sweep,4007
sweep,4558
sweep,5107
sweep,6302
sweep,5912
sweep,6750
sweep,215
mark,1095673
sweep,5060
sweep,4437
sweep,4138
sweep,4473
sweep,3961
sweep,4540
sweep,4864
sweep,3420
sweep,2852
sweep,3347
sweep,3300
sweep,3103
sweep,2992
sweep,2793
sweep,2623
sweep,2859
sweep,3629
sweep,2831
sweep,3076
sweep,3439
sweep,2283
sweep,2779
sweep,3995
sweep,2541
sweep,3177
sweep,1926
sweep,3389
sweep,3786
sweep,4938
sweep,4333
sweep,2988
sweep,2848
sweep,2780
sweep,3100
sweep,2975
sweep,3481
sweep,3048
sweep,3260
sweep,2529
sweep,2577
sweep,3768
sweep,2880
sweep,2923
sweep,2989
sweep,2765
sweep,3385
sweep,3032
sweep,2451
sweep,2666
sweep,3438
sweep,3921
sweep,3927
sweep,4139
sweep,6175
sweep,7537
sweep,6155
sweep,8681
sweep,8284
sweep,8652
sweep,8399
sweep,7564
sweep,7481
sweep,837
mark,1035954
sweep,4944
sweep,4258
sweep,4294
sweep,4260
sweep,3685
sweep,4297
sweep,3854
sweep,3589
sweep,3122
sweep,3638
sweep,3087
sweep,2789
sweep,2930
sweep,3233
sweep,2567
sweep,2672
sweep,3332
sweep,2952
sweep,3084
sweep,3704
sweep,2327
sweep,2519
sweep,3745
sweep,2550
sweep,3248
sweep,2037
sweep,3315
sweep,3891
sweep,4570
sweep,3322
sweep,3048
sweep,2993
sweep,2880
sweep,3158
sweep,2855
sweep,3287
sweep,2719
sweep,3106
sweep,2712
sweep,2634
sweep,3771
sweep,2646
sweep,2914
sweep,2783
sweep,3144
sweep,3634
sweep,2696
sweep,2735
sweep,2528
sweep,5632
sweep,8757
sweep,8850
sweep,8420
sweep,7894
sweep,6303
sweep,7351
sweep,4020
sweep,4589
sweep,5018
sweep,6156
sweep,5759
sweep,5877
sweep,225
mark,1032401
sweep,4913
sweep,4267
sweep,3873
sweep,4345
sweep,3878
sweep,4208
sweep,3575
sweep,3379
sweep,2739
sweep,3402
sweep,3245
sweep,2807
sweep,2975
sweep,2926
sweep,2621
sweep,2727
sweep,3328
sweep,2900
sweep,2984
sweep,3707
sweep,2381
sweep,2579
sweep,3908
sweep,2496
sweep,3679
sweep,1980
sweep,3331
sweep,3889
sweep,4778
sweep,3384
sweep,3330
sweep,3047
sweep,2948
sweep,3130
sweep,2755
sweep,3511
sweep,2844
sweep,3318
sweep,2818
sweep,2636
sweep,3606
sweep,2672
sweep,2872
sweep,3249
sweep,3115
sweep,3652
sweep,2727
sweep,2585
sweep,2475
sweep,3701
sweep,4531
sweep,4252
sweep,4148
sweep,6610
sweep,8482
sweep,6462
sweep,8380
sweep,8569
sweep,8530
sweep,7677
sweep,7710
sweep,7258
sweep,828
mark,1036445
sweep,4587
sweep,3811
sweep,3927
sweep,4158
sweep,3997
sweep,4347
sweep,3942
sweep,3388
sweep,3195
sweep,3307
sweep,3374
sweep,3132
sweep,2664
sweep,3338
sweep,2665
sweep,2657
sweep,3251
sweep,3192
sweep,3220
sweep,3414
sweep,2236
sweep,2428
sweep,3805
sweep,2425
sweep,3128
sweep,1865
sweep,3452
sweep,3906
sweep,4456
sweep,3769
sweep,3010
sweep,3292
sweep,2970
sweep,3087
sweep,2872
sweep,2971
sweep,2742
sweep,3026
sweep,2538
sweep,2884
sweep,3834
sweep,2774
sweep,2772
sweep,2956
sweep,3111
sweep,3456
sweep,2814
sweep,2584
sweep,2480
sweep,5277
sweep,8780
sweep,8662
sweep,8375
sweep,7712
sweep,5733
sweep,7744
sweep,4128
sweep,4242
sweep,4421
sweep,5820
sweep,5633
sweep,6077
sweep,225
mark,1030732
sweep,4486
sweep,3841
sweep,4044
sweep,4093
sweep,3533
sweep,3990
sweep,3611
sweep,3402
sweep,3091
sweep,3592
sweep,3068
sweep,3178
sweep,2643
sweep,2868
sweep,2701
sweep,2876
sweep,3211
sweep,2969
sweep,3278
sweep,3440
sweep,2425
sweep,2471
sweep,3963
sweep,2373
sweep,3596
sweep,2097
sweep,3361
sweep,3759
sweep,4211
sweep,16267
sweep,3280
sweep,3061
sweep,2863
sweep,3364
sweep,2794
sweep,3325
sweep,2970
sweep,3128
sweep,2612
sweep,2673
sweep,3650
sweep,2691
sweep,2928
sweep,3088
sweep,3128
sweep,4046
sweep,2772
sweep,2647
sweep,2534
sweep,3701
sweep,4103
sweep,3944
sweep,4287
sweep,6045
sweep,7819
sweep,6145
sweep,9218
sweep,8428
sweep,8350
sweep,7949
sweep,7317
sweep,7694
sweep,834
mark,1036820
sweep,4782
sweep,3930
sweep,4213
sweep,3947
sweep,3790
sweep,4299
sweep,3621
sweep,3131
sweep,2954
sweep,3238
sweep,2977
sweep,2743
sweep,2789
sweep,3077
sweep,2613
sweep,2875
sweep,3242
sweep,2907
sweep,3069
sweep,3476
sweep,2546
sweep,2426
sweep,3901
sweep,2364
sweep,3706
sweep,1913
sweep,3572
sweep,3967
sweep,4437
sweep,3611
sweep,3279
sweep,2903
sweep,2898
sweep,3126
sweep,2830
sweep,3120
sweep,2735
sweep,3313
sweep,2828
sweep,2797
sweep,3966
sweep,2639
sweep,2781
sweep,2882
sweep,2860
sweep,3673
sweep,2996
sweep,2432
sweep,2919
sweep,5588
sweep,8782
sweep,8343
sweep,8812
sweep,7862
sweep,6324
sweep,7462
sweep,4259
sweep,4374
sweep,5096
sweep,5646
sweep,6024
sweep,6214
sweep,227
mark,1032357
sweep,4964
sweep,4540
sweep,4497
sweep,4307
sweep,3727
sweep,4073
sweep,3596
sweep,3070
sweep,2823
sweep,3150
sweep,3075
sweep,2786
sweep,2704
sweep,2767
sweep,2534
sweep,3087
sweep,3182
sweep,2897
sweep,3142
sweep,3685
sweep,2440
sweep,2778
sweep,4113
sweep,2816
sweep,3579
sweep,2210
sweep,3652
sweep,4064
sweep,4626
sweep,3553
sweep,3401
sweep,3324
sweep,2840
sweep,3122
sweep,2943
sweep,3575
sweep,2726
sweep,3661
sweep,2815
sweep,2668
sweep,3725
sweep,2810
sweep,2886
sweep,3135
sweep,2938
sweep,3642
sweep,2911
sweep,2644
sweep,2708
sweep,3418
sweep,3925
sweep,3931
sweep,4505
sweep,5651
sweep,8626
sweep,6351
sweep,9181
sweep,8124
sweep,8372
sweep,7003
sweep,7623
sweep,7037
sweep,922
mark,1037230
sweep,4727
sweep,3843
sweep,3941
sweep,4167
sweep,3892
sweep,4143
sweep,3828
sweep,3111
sweep,3099
sweep,3187
sweep,2980
sweep,2860
sweep,2648
sweep,2846
sweep,2897
sweep,2755
sweep,3253
sweep,3272
sweep,3321
sweep,3500
sweep,2593
sweep,2405
sweep,4023
sweep,2587
sweep,3171
sweep,2112
sweep,3500
sweep,4037
sweep,4293
sweep,3983
sweep,3097
sweep,3311
sweep,2889
sweep,3228
sweep,2875
sweep,3323
sweep,2963
sweep,3092
sweep,2669
sweep,3177
sweep,3787
sweep,2863
sweep,2924
sweep,2922
sweep,2843
sweep,3440
sweep,2700
sweep,2561
sweep,2614
sweep,5648
sweep,9261
sweep,8812
sweep,8468
sweep,8096
sweep,5894
sweep,6887
sweep,4049
sweep,4566
sweep,4246
sweep,6158
sweep,5713
sweep,6008
sweep,223
mark,1032950
sweep,4920
sweep,4150
sweep,4352
sweep,4397
sweep,3709
sweep,3987
sweep,3630
sweep,3093
sweep,2752
sweep,3382
sweep,3172
sweep,3032
sweep,2983
sweep,2870
sweep,2633
sweep,2653
sweep,3263
sweep,2857
sweep,2946
sweep,3557
sweep,2578
sweep,2817
sweep,3939
sweep,2427
sweep,3378
sweep,1893
sweep,3496
sweep,3641
sweep,4002
sweep,3859
sweep,3175
sweep,3020
sweep,2968
sweep,3040
sweep,3346
sweep,3209
sweep,2778
sweep,3350
sweep,2586
sweep,2708
sweep,3954
sweep,2827
sweep,2930
sweep,3058
sweep,2815
sweep,3497
sweep,2590
sweep,2534
sweep,2441
sweep,3509
sweep,4229
sweep,4072
sweep,4221
sweep,5622
sweep,8209
sweep,6474
sweep,8393
sweep,8231
sweep,8429
sweep,7473
sweep,7640
sweep,7263
sweep,839
mark,1037798
sweep,5031
sweep,4043
sweep,4163
sweep,4083
sweep,3824
sweep,3985
sweep,3780
sweep,3265
sweep,2997
sweep,3414
sweep,2936
sweep,2691
sweep,2815
sweep,2861
sweep,2990
sweep,2671
sweep,3248
sweep,3388
sweep,3105
sweep,3357
sweep,2369
sweep,2543
sweep,3869
sweep,2419
sweep,3036
sweep,2055
sweep,3477
sweep,3647
sweep,4541
sweep,3346
sweep,2971
sweep,2934
sweep,3267
sweep,3093
sweep,2894
sweep,3130
sweep,2907
sweep,3212
sweep,2505
sweep,2690
sweep,3890
sweep,2805
sweep,2691
sweep,3444
sweep,2885
sweep,3601
sweep,2661
sweep,2486
sweep,2507
sweep,5530
sweep,9402
sweep,8630
sweep,8651
sweep,8183
sweep,5843
sweep,7462
sweep,4099
sweep,4278
sweep,4780
sweep,6356
sweep,5941
sweep,5808
sweep,231
mark,1028969
sweep,4782
sweep,3797
sweep,4481
sweep,4280
sweep,3715
sweep,4025
sweep,3617
sweep,3390
sweep,2789
sweep,3097
sweep,3066
sweep,3206
sweep,2651
sweep,2743
sweep,2972
sweep,2733
sweep,3225
sweep,3214
sweep,3217
sweep,3502
sweep,2421
sweep,2672
sweep,3743
sweep,2368
sweep,3112
sweep,1913
sweep,3732
sweep,3947
sweep,4235
sweep,3253
sweep,3301
sweep,3094
sweep,3259
sweep,2906
sweep,2756
sweep,3257
sweep,2807
sweep,3286
sweep,2620
sweep,3204
sweep,3814
sweep,3010
sweep,3360
sweep,3145
sweep,2882
sweep,3650
sweep,3077
sweep,2575
sweep,2546
sweep,3565
sweep,4125
sweep,3910
sweep,4259
sweep,6049
sweep,7648
sweep,5771
sweep,8514
sweep,8440
sweep,8258
sweep,7671
sweep,7485
sweep,7035
sweep,929
mark,1036230
sweep,4818
sweep,3942
sweep,3902
sweep,4241
sweep,3606
sweep,3972
sweep,3851
sweep,3369
sweep,3117
sweep,3533
sweep,3073
sweep,2741
sweep,3054
sweep,2840
sweep,2835
sweep,2819
sweep,3605
sweep,3344
sweep,3299
sweep,3760
sweep,2405
sweep,2928
sweep,3746
sweep,2635
sweep,3584
sweep,2064
sweep,3521
sweep,3608
sweep,4469
sweep,3848
sweep,3108
sweep,3113
sweep,2919
sweep,3227
sweep,2812
sweep,3337
sweep,2881
sweep,3294
sweep,2570
sweep,2685
sweep,3704
sweep,2990
sweep,2692
sweep,3224
sweep,2800
sweep,3945
sweep,2662
sweep,2658
sweep,2730
sweep,5284
sweep,8759
sweep,8519
sweep,8655
sweep,7740
sweep,6020
sweep,6883
sweep,4258
sweep,4199
sweep,5250
sweep,6174
sweep,5829
sweep,5727
sweep,218
mark,1029503
sweep,4995
sweep,4037
sweep,4151
sweep,3874
sweep,3573
sweep,3924
sweep,3546
sweep,3184
sweep,2864
sweep,3042
sweep,3395
sweep,2782
sweep,2923
sweep,2848
sweep,2943
sweep,2779
sweep,3371
sweep,2940
sweep,3372
sweep,3520
sweep,2377
sweep,2608
sweep,3968
sweep,2264
sweep,3068
sweep,1892
sweep,3672
sweep,3751
sweep,4257
sweep,3640
sweep,3246
sweep,3111
sweep,2888
sweep,3054
sweep,2782
sweep,3446
sweep,3046
sweep,3006
sweep,2792
sweep,2915
sweep,3917
sweep,3221
sweep,2685
sweep,3063
sweep,3001
sweep,3654
sweep,2650
sweep,2511
sweep,2522
sweep,4017
sweep,3818
sweep,3955
sweep,4254
sweep,6344
sweep,7714
sweep,6132
sweep,8710
sweep,8353
sweep,8570
sweep,8206
sweep,7547
sweep,7530
sweep,816
mark,1036638
sweep,5181
sweep,4100
sweep,3924
sweep,4578
sweep,3554
sweep,4048
sweep,3800
sweep,3142
sweep,2860
sweep,3570
sweep,3247
sweep,2995
sweep,2799
sweep,3055
sweep,2661
sweep,2777
sweep,3543
sweep,3053
sweep,3175
sweep,3422
sweep,2351
sweep,2416
sweep,3904
sweep,2309
sweep,3289
sweep,2133
sweep,3366
sweep,3704
sweep,4673
sweep,3649
sweep,3277
sweep,2881
sweep,3262
sweep,2906
sweep,2834
sweep,3221
sweep,3050
sweep,3254
sweep,2546
sweep,2872
sweep,3742
sweep,2727
sweep,3102
sweep,3082
sweep,3065
sweep,3816
sweep,2686
sweep,2702
sweep,2475
sweep,6020
sweep,8767
sweep,8330
sweep,8590
sweep,8524
sweep,6031
sweep,7290
sweep,4166
sweep,4191
sweep,4353
sweep,5752
sweep,6052
sweep,6019
sweep,226
mark,1028020
sweep,4645
sweep,4298
sweep,4092
sweep,4034
sweep,3404
sweep,4295
sweep,3757
sweep,3359
sweep,3138
sweep,3199
sweep,3127
sweep,2861
sweep,3156
sweep,3001
sweep,2593
sweep,2938
sweep,3189
sweep,2906
sweep,3105
sweep,3400
sweep,2417
sweep,2460
sweep,4149
sweep,2480
sweep,3297
sweep,2129
sweep,3447
sweep,3611
sweep,4178
sweep,3225
sweep,3017
sweep,2991
sweep,2877
sweep,3078
sweep,3053
sweep,3527
sweep,2775
sweep,2999
sweep,2830
sweep,2665
sweep,3664
sweep,2621
sweep,3001
sweep,3021
sweep,2920
sweep,3415
sweep,2685
sweep,2460
sweep,2565
sweep,3526
sweep,4113
sweep,3944
sweep,4091
sweep,5603
sweep,8822
sweep,6511
sweep,8737
sweep,8521
sweep,8550
sweep,8706
sweep,7358
sweep,7188
sweep,834
mark,1034983
sweep,4733
sweep,3911
sweep,3827
sweep,4233
sweep,3829
sweep,3838
sweep,3645
sweep,3198
sweep,3113
sweep,3418
sweep,2962
sweep,2696
sweep,2734
sweep,2921
sweep,2657
sweep,2984
sweep,3272
sweep,2944
sweep,2940
sweep,3473
sweep,2404
sweep,2601
sweep,3713
sweep,2406
sweep,3135
sweep,1830
sweep,3668
sweep,3628
sweep,4797
sweep,3406
sweep,3101
sweep,3040
sweep,2841
sweep,3126
sweep,2840
sweep,3323
sweep,2817
sweep,3309
sweep,2519
sweep,2930
sweep,3824
sweep,2633
sweep,2629
sweep,3035
sweep,3130
sweep,3418
sweep,2947
sweep,2707
sweep,2708
sweep,5499
sweep,8876
sweep,8453
sweep,8427
sweep,8016
sweep,5857
sweep,7291
sweep,4061
sweep,4811
sweep,4516
sweep,6031
sweep,5937
sweep,6124
sweep,228
mark,1028561
sweep,5111
sweep,3928
sweep,3905
sweep,4340
sweep,3754
sweep,4143
sweep,3537
sweep,3059
sweep,2714
sweep,2983
sweep,3007
sweep,2815
sweep,2668
sweep,2780
sweep,2586
sweep,2754
sweep,3279
sweep,2878
sweep,3175
sweep,3450
sweep,2301
sweep,2824
sweep,3982
sweep,2936
sweep,3582
sweep,1904
sweep,3579
sweep,3609
sweep,4357
sweep,3354
sweep,3589
sweep,2896
sweep,2956
sweep,3031
sweep,2761
sweep,3189
sweep,2817
sweep,3094
sweep,2451
sweep,2674
sweep,3686
sweep,2765
sweep,2955
sweep,2904
sweep,2787
sweep,3447
sweep,2790
sweep,2482
sweep,2485
sweep,3422
sweep,4443
sweep,3966
sweep,4226
sweep,5782
sweep,8456
sweep,5836
sweep,8970
sweep,8469
sweep,8478
sweep,7641
sweep,7428
sweep,7302
sweep,805
mark,1064553
sweep,4693
sweep,4173
sweep,4485
sweep,4258
sweep,3771
sweep,4257
sweep,3684
sweep,3355
sweep,3000
sweep,3207
sweep,3051
sweep,3024
sweep,2773
sweep,2873
sweep,2664
sweep,2704
sweep,3350
sweep,3181
sweep,3296
sweep,3303
sweep,2525
sweep,2375
sweep,4269
sweep,2485
sweep,3064
sweep,1880
sweep,3756
sweep,3716
sweep,4341
sweep,3294
sweep,3052
sweep,3005
sweep,2916
sweep,3012
sweep,3060
sweep,3228
sweep,2789
sweep,3093
sweep,2780
sweep,3018
sweep,3789
sweep,2880
sweep,2698
sweep,3185
sweep,2855
sweep,3520
sweep,2701
sweep,2603
sweep,2411
sweep,5422
sweep,9219
sweep,8881
sweep,8957
sweep,7814
sweep,6032
sweep,7542
sweep,4042
sweep,4622
sweep,4303
sweep,5657
sweep,5675
sweep,6609
sweep,229
mark,1042492
sweep,4417
sweep,3872
sweep,4264
sweep,4125
sweep,3794
sweep,4169
sweep,3587
sweep,3404
sweep,2955
sweep,3125
sweep,3170
sweep,2757
sweep,3016
sweep,2763
sweep,2699
sweep,2755
sweep,3512
sweep,2983
sweep,3140
sweep,3471
sweep,2561
sweep,2784
sweep,4043
sweep,2329
sweep,3570
sweep,1997
sweep,3660
sweep,3660
sweep,4147
sweep,3327
sweep,3681
sweep,3101
sweep,2929
sweep,3033
sweep,2828
sweep,3266
sweep,2836
sweep,3059
sweep,2928
sweep,2674
sweep,3986
sweep,2686
sweep,3005
sweep,3172
sweep,2838
sweep,3493
sweep,2672
sweep,2528
sweep,2555
sweep,3579
sweep,4292
sweep,3881
sweep,4610
sweep,6079
sweep,8509
sweep,6098
sweep,8881
sweep,8099
sweep,8851
sweep,7859
sweep,7377
sweep,6989
sweep,938
mark,1053588
sweep,5094
sweep,4262
sweep,4079
sweep,4322
sweep,3735
sweep,4195
sweep,3735
sweep,3422
sweep,3002
sweep,3345
sweep,3113
sweep,2801
sweep,2970
sweep,3348
sweep,2882
sweep,2732
sweep,3801
sweep,3543
sweep,3247
sweep,3680
sweep,2294
sweep,2343
sweep,3990
sweep,2315
sweep,3121
sweep,1902
sweep,3518
sweep,3690
sweep,4454
sweep,3380
sweep,2992
sweep,2940
sweep,2910
sweep,2962
sweep,2807
sweep,3308
sweep,2710
sweep,3119
sweep,2501
sweep,2727
sweep,3660
sweep,2857
sweep,2853
sweep,3081
sweep,3046
sweep,3893
sweep,2818
sweep,2386
sweep,2415
sweep,5632
sweep,8687
sweep,8853
sweep,8581
sweep,7635
sweep,5554
sweep,7749
sweep,4107
sweep,4424
sweep,4830
sweep,6139
sweep,10431
sweep,5823
sweep,276
mark,1027185
sweep,4557
sweep,3734
sweep,3890
sweep,3990
sweep,3973
sweep,4324
sweep,3599
sweep,3011
sweep,2806
sweep,3393
sweep,3247
sweep,2859
sweep,2957
sweep,3166
sweep,2594
sweep,2743
sweep,3369
sweep,3352
sweep,3481
sweep,3322
sweep,2681
sweep,2397
sweep,3686
sweep,2477
sweep,3468
sweep,1927
sweep,3615
sweep,3704
sweep,4252
sweep,3388
sweep,3304
sweep,2949
sweep,2937
sweep,3106
sweep,3060
sweep,3365
sweep,2962
sweep,3131
sweep,2589
sweep,2966
sweep,3662
sweep,3050
sweep,2623
sweep,3102
sweep,2758
sweep,3482
sweep,2870
sweep,2460
sweep,2574
sweep,3626
sweep,4046
sweep,4079
sweep,4267
sweep,5687
sweep,8101
sweep,6483
sweep,8739
sweep,8752
sweep,8991
sweep,7312
sweep,7211
sweep,6916
sweep,827
mark,1025626
sweep,4708
sweep,3874
sweep,3930
sweep,4150
sweep,3837
sweep,4036
sweep,3626
sweep,3444
sweep,2818
sweep,3448
sweep,3388
sweep,2751
sweep,2924
sweep,3171
sweep,2993
sweep,2739
sweep,3334
sweep,2898
sweep,3007
sweep,3518
sweep,2449
sweep,2548
sweep,3769
sweep,2555
sweep,3089
sweep,2436
sweep,3465
sweep,3585
sweep,4341
sweep,3348
sweep,3253
sweep,3055
sweep,2835
sweep,3411
sweep,2934
sweep,3204
sweep,2734
sweep,3168
sweep,2357
sweep,2565
sweep,3719
sweep,2756
sweep,2639
sweep,2990
sweep,2963
sweep,3787
sweep,2645
sweep,2756
sweep,2488
sweep,5700
sweep,8671
sweep,8940
sweep,8558
sweep,8034
sweep,6454
sweep,7015
sweep,3913
sweep,4390
sweep,4981
sweep,6227
sweep,5951
sweep,5732
sweep,233
mark,1034299
sweep,5330
sweep,4058
sweep,4316
sweep,4232
sweep,3795
sweep,4316
sweep,3649
sweep,3245
sweep,2937
sweep,3081
sweep,3381
sweep,2666
sweep,2952
sweep,2921
sweep,2605
sweep,2909
sweep,3360
sweep,3235
sweep,3048
sweep,3716
sweep,2330
sweep,2534
sweep,3924
sweep,2447
sweep,3442
sweep,1910
sweep,3626
sweep,3912
sweep,4419
sweep,3509
sweep,3151
sweep,3081
sweep,2892
sweep,2989
sweep,3353
sweep,3181
sweep,2853
sweep,3071
sweep,2517
sweep,2809
sweep,3661
sweep,2983
sweep,2585
sweep,3261
sweep,2993
sweep,3480
sweep,2918
sweep,2771
sweep,2504
sweep,3765
sweep,4046
sweep,3967
sweep,4121
sweep,5917
sweep,8398
sweep,6423
sweep,8358
sweep,8525
sweep,8434
sweep,8176
sweep,7513
sweep,7669
sweep,860
mark,1089104
sweep,5028
sweep,3813
sweep,4098
sweep,4125
sweep,3964
sweep,4195
sweep,3677
sweep,3157
sweep,3169
sweep,3191
sweep,3401
sweep,2734
sweep,2983
sweep,3090
sweep,3020
sweep,2665
sweep,3322
sweep,3016
sweep,3534
sweep,3520
sweep,2567
sweep,2644
sweep,3811
sweep,2460
sweep,3288
sweep,1949
sweep,3626
sweep,3624
sweep,4395
sweep,3796
sweep,3515
sweep,3142
sweep,2861
sweep,3027
sweep,2851
sweep,3200
sweep,2810
sweep,2950
sweep,2566
sweep,2706
sweep,3825
sweep,2601
sweep,2778
sweep,2929
sweep,2786
sweep,3547
sweep,2576
sweep,2532
sweep,2440
sweep,5634
sweep,8921
sweep,8972
sweep,8847
sweep,7826
sweep,6042
sweep,7296
sweep,3937
sweep,4279
sweep,4873
sweep,6169
sweep,5898
sweep,5710
sweep,224
mark,1034475
sweep,4805
sweep,4144
sweep,4411
sweep,3964
sweep,3576
sweep,4015
sweep,3830
sweep,3080
sweep,2830
sweep,3087
sweep,3316
sweep,2798
sweep,2709
sweep,3262
sweep,2575
sweep,2668
sweep,3485
sweep,3262
sweep,3175
sweep,3642
sweep,2287
sweep,2713
sweep,4047
sweep,2413
sweep,3181
sweep,1878
sweep,3519
sweep,3945
sweep,4147
sweep,3430
sweep,3198
sweep,3088
sweep,2974
sweep,2923
sweep,3293
sweep,3232
sweep,2750
sweep,3035
sweep,2678
sweep,2858
sweep,3820
sweep,3019
sweep,2788
sweep,2940
sweep,2993
sweep,3608
sweep,2778
sweep,2448
sweep,2625
sweep,3525
sweep,4241
sweep,4090
sweep,4237
sweep,6004
sweep,8235
sweep,6611
sweep,8561
sweep,8255
sweep,8407
sweep,7268
sweep,7237
sweep,7266
sweep,830
mark,1038636
sweep,4774
sweep,3990
sweep,3924
sweep,4096
sweep,3678
sweep,4384
sweep,3792
sweep,3563
sweep,2951
sweep,3247
sweep,3206
sweep,2763
sweep,2745
sweep,2914
sweep,2575
sweep,2919
sweep,3382
sweep,3095
sweep,3001
sweep,3373
sweep,2396
sweep,2698
sweep,3927
sweep,2538
sweep,3666
sweep,1933
sweep,3447
sweep,4041
sweep,4197
sweep,3752
sweep,3247
sweep,3126
sweep,2903
sweep,3109
sweep,2872
sweep,3137
sweep,2856
sweep,3240
sweep,2772
sweep,2698
sweep,3676
sweep,2636
sweep,3097
sweep,2927
sweep,3097
sweep,3451
sweep,2972
sweep,2451
sweep,2750
sweep,5347
sweep,8899
sweep,8720
sweep,8798
sweep,8283
sweep,6241
sweep,6713
sweep,4253
sweep,4271
sweep,5143
sweep,6214
sweep,5868
sweep,5891
sweep,220
mark,1026873
sweep,4885
sweep,3889
sweep,3978
sweep,4251
sweep,3963
sweep,4383
sweep,3741
sweep,3204
sweep,3158
sweep,3295
sweep,3049
sweep,3117
sweep,2730
sweep,2694
sweep,2736
sweep,2742
sweep,3250
sweep,3134
sweep,2983
sweep,3464
sweep,2412
sweep,3101
sweep,4110
sweep,2623
sweep,3055
sweep,1852
sweep,3579
sweep,4134
sweep,4275
sweep,12291
sweep,3379
sweep,3167
sweep,2990
sweep,2975
sweep,2882
sweep,3353
sweep,3011
sweep,3040
sweep,2697
sweep,2623
sweep,3652
sweep,2701
sweep,2648
sweep,3035
sweep,2813
sweep,3536
sweep,2735
sweep,2586
sweep,2674
sweep,3779
sweep,3882
sweep,4166
sweep,4109
sweep,6144
sweep,7806
sweep,6434
sweep,8579
sweep,8329
sweep,8440
sweep,7090
sweep,7008
sweep,7274
sweep,823
mark,1041369
sweep,5031
sweep,4355
sweep,4051
sweep,4264
sweep,3672
sweep,4161
sweep,3580
sweep,3144
sweep,3113
sweep,3112
sweep,3028
sweep,2761
sweep,2886
sweep,2940
sweep,3041
sweep,2722
sweep,3216
sweep,2885
sweep,3291
sweep,3346
sweep,2624
sweep,2574
sweep,3743
sweep,2372
sweep,3259
sweep,2225
sweep,3640
sweep,3909
sweep,4510
sweep,3454
sweep,3113
sweep,3084
sweep,3346
sweep,3294
sweep,2857
sweep,3173
sweep,2682
sweep,2980
sweep,2512
sweep,2619
sweep,4372
sweep,2849
sweep,3052
sweep,3311
sweep,2857
sweep,3635
sweep,3040
sweep,2412
sweep,2513
sweep,5561
sweep,8798
sweep,8511
sweep,8959
sweep,8063
sweep,6224
sweep,6762
sweep,4417
sweep,4306
sweep,5003
sweep,6271
sweep,5811
sweep,5892
sweep,238
mark,1026393
sweep,4985
sweep,4026
sweep,4237
sweep,4304
sweep,3477
sweep,4113
sweep,3815
sweep,3344
sweep,2868
sweep,3383
sweep,3033
sweep,2744
sweep,3067
sweep,3015
sweep,2703
sweep,2771
sweep,3234
sweep,3043
sweep,3228
sweep,3998
sweep,2679
sweep,2545
sweep,3765
sweep,2516
sweep,3067
sweep,1949
sweep,3673
sweep,3810
sweep,4271
sweep,3695
sweep,3513
sweep,3145
sweep,2929
sweep,3151
sweep,3358
sweep,3269
sweep,3140
sweep,3346
sweep,2575
sweep,2773
sweep,3724
sweep,2599
sweep,2941
sweep,2934
sweep,3033
sweep,3459
sweep,2916
sweep,2495
sweep,2628
sweep,3657
sweep,3799
sweep,4007
sweep,4239
sweep,5702
sweep,8038
sweep,6425
sweep,8383
sweep,8425
sweep,8410
sweep,7376
sweep,7135
sweep,7016
sweep,829
mark,1034525
sweep,4693
sweep,3988
sweep,4297
sweep,3931
sweep,3598
sweep,3996
sweep,3908
sweep,3086
sweep,2872
sweep,3444
sweep,3206
sweep,2666
sweep,2711
sweep,2712
sweep,2779
sweep,2707
sweep,3700
sweep,3057
sweep,3097
sweep,3555
sweep,2666
sweep,2645
sweep,3779
sweep,2689
sweep,3335
sweep,1854
sweep,3462
sweep,3933
sweep,4266
sweep,3560
sweep,3425
sweep,3027
sweep,2879
sweep,3013
sweep,2912
sweep,3190
sweep,2791
sweep,2926
sweep,2500
sweep,3075
sweep,3808
sweep,2517
sweep,2891
sweep,2938
sweep,2883
sweep,3375
sweep,2846
sweep,2462
sweep,2463
sweep,5416
sweep,9241
sweep,8692
sweep,8694
sweep,7948
sweep,5917
sweep,7010
sweep,4076
sweep,4292
sweep,4476
sweep,5772
sweep,6182
sweep,6174
sweep,220
mark,1024577
sweep,4961
sweep,4522
sweep,4401
sweep,3915
sweep,3756
sweep,4290
sweep,3632
sweep,3320
sweep,3223
sweep,3157
sweep,3210
sweep,2691
sweep,2717
sweep,3010
sweep,2508
sweep,3000
sweep,3295
sweep,3260
sweep,3290
sweep,3855
sweep,2363
sweep,2735
sweep,4183
sweep,2440
sweep,3787
sweep,2128
sweep,3482
sweep,3602
sweep,4283
sweep,3600
sweep,3324
sweep,3436
sweep,2859
sweep,3126
sweep,2711
sweep,3602
sweep,2752
sweep,3184
sweep,2817
sweep,2935
sweep,3636
sweep,2932
sweep,3037
sweep,3166
sweep,2814
sweep,3472
sweep,2733
sweep,2639
sweep,2580
sweep,3395
sweep,4059
sweep,4036
sweep,4147
sweep,6191
sweep,8045
sweep,5965
sweep,8699
sweep,8243
sweep,8912
sweep,8209
sweep,7499
sweep,7461
sweep,828
mark,1033806
sweep,5054
sweep,4399
sweep,4260
sweep,4283
sweep,3632
sweep,4068
sweep,3606
sweep,3296
sweep,3182
sweep,3321
sweep,3117
sweep,2798
sweep,2743
sweep,2951
sweep,2557
sweep,2706
sweep,3335
sweep,2919
sweep,3135
sweep,3406
sweep,2563
sweep,2395
sweep,4073
sweep,2539
sweep,3242
sweep,1996
sweep,3432
sweep,3922
sweep,4574
sweep,3664
sweep,3316
sweep,3050
sweep,2875
sweep,3372
sweep,2798
sweep,3223
sweep,2745
sweep,3119
sweep,2522
sweep,2659
sweep,3910
sweep,2988
sweep,2766
sweep,3214
sweep,3006
sweep,3801
sweep,2963
sweep,2549
sweep,2495
sweep,5386
sweep,8742
sweep,8492
sweep,8708
sweep,8040
sweep,6148
sweep,7323
sweep,4069
sweep,4298
sweep,4898
sweep,6107
sweep,5763
sweep,5893
sweep,243
mark,1027746
sweep,4585
sweep,4127
sweep,4437
sweep,4362
sweep,3748
sweep,4453
sweep,3515
sweep,3057
sweep,2952
sweep,3402
sweep,3347
sweep,2668
sweep,2871
sweep,3074
sweep,3024
sweep,3083
sweep,3482
sweep,2959
sweep,3211
sweep,3682
sweep,2284
sweep,2563
sweep,4050
sweep,2669
sweep,3151
sweep,2216
sweep,3623
sweep,3561
sweep,4043
sweep,3214
sweep,3147
sweep,3204
sweep,2977
sweep,3007
sweep,2768
sweep,3245
sweep,3121
sweep,3143
sweep,2648
sweep,2592
sweep,3790
sweep,3018
sweep,2950
sweep,2865
sweep,2866
sweep,3473
sweep,2723
sweep,2484
sweep,2500
sweep,3555
sweep,3890
sweep,4232
sweep,4121
sweep,5557
sweep,9032
sweep,6638
sweep,9329
sweep,8186
sweep,9004
sweep,7126
sweep,7158
sweep,7081
sweep,845
mark,1036565
sweep,4649
sweep,4255
sweep,4046
sweep,4059
sweep,3718
sweep,4280
sweep,4099
sweep,3078
sweep,2854
sweep,3621
sweep,3277
sweep,3287
sweep,2646
sweep,3052
sweep,2813
sweep,2682
sweep,3493
sweep,3252
sweep,3045
sweep,3691
sweep,2328
sweep,2642
sweep,3871
sweep,2461
sweep,3122
sweep,1900
sweep,3610
sweep,3695
sweep,4414
sweep,3297
sweep,2951
sweep,3046
sweep,2831
sweep,3161
sweep,2976
sweep,3206
sweep,2760
sweep,3095
sweep,2422
sweep,2736
sweep,3746
sweep,2724
sweep,2874
sweep,3325
sweep,2832
sweep,3409
sweep,2760
sweep,2712
sweep,2504
sweep,5345
sweep,9252
sweep,8720
sweep,8516
sweep,7697
sweep,6101
sweep,7014
sweep,4018
sweep,4511
sweep,4436
sweep,5864
sweep,5984
sweep,5946
sweep,222
mark,1027157
sweep,4871
sweep,4269
sweep,4121
sweep,4301
sweep,3803
sweep,4231
sweep,3541
sweep,3194
sweep,2917
sweep,3209
sweep,3259
sweep,2964
sweep,2872
sweep,2843
sweep,2524
sweep,3000
sweep,3463
sweep,2899
sweep,3003
sweep,3618
sweep,2495
sweep,2679
sweep,3671
sweep,2368
sweep,3099
sweep,1896
sweep,3421
sweep,3930
sweep,4459
sweep,3302
sweep,3392
sweep,2889
sweep,2888
sweep,3085
sweep,2795
sweep,3502
sweep,3023
sweep,3197
sweep,2642
sweep,2664
sweep,3631
sweep,2747
sweep,2659
sweep,2942
sweep,2845
sweep,3547
sweep,2647
sweep,2516
sweep,2733
sweep,3421
sweep,4124
sweep,3981
sweep,4073
sweep,6223
sweep,7727
sweep,6024
sweep,8352
sweep,8406
sweep,8381
sweep,8439
sweep,7414
sweep,7507
sweep,832
mark,1032867
sweep,4656
sweep,3817
sweep,4099
sweep,3938
sweep,3918
sweep,4336
sweep,3579
sweep,3252
sweep,2925
sweep,3442
sweep,2995
sweep,2749
sweep,2853
sweep,2887
sweep,2629
sweep,2916
sweep,3541
sweep,2769
sweep,3111
sweep,3463
sweep,2648
sweep,2611
sweep,3896
sweep,2528
sweep,3082
sweep,2437
sweep,3337
sweep,3645
sweep,4228
sweep,3522
sweep,3050
sweep,3007
sweep,2893
sweep,3077
sweep,2916
sweep,3160
sweep,2708
sweep,3414
sweep,2681
sweep,2667
sweep,3549
sweep,3146
sweep,2871
sweep,2903
sweep,3288
sweep,3399
sweep,2837
sweep,2465
sweep,2406
sweep,5405
sweep,8887
sweep,8707
sweep,9056
sweep,7827
sweep,6030
sweep,7036
sweep,4423
sweep,4406
sweep,4515
sweep,6285
sweep,5985
sweep,5781
sweep,226
mark,1030040
sweep,4887
sweep,3920
sweep,4030
sweep,3917
sweep,3805
sweep,3984
sweep,3822
sweep,3092
sweep,2783
sweep,3037
sweep,3171
sweep,2695
sweep,3022
sweep,3082
sweep,3119
sweep,2768
sweep,3262
sweep,3392
sweep,3444
sweep,3541
sweep,2422
sweep,2587
sweep,3930
sweep,2561
sweep,3137
sweep,2126
sweep,3427
sweep,3730
sweep,4357
sweep,3428
sweep,3306
sweep,3237
sweep,3041
sweep,3017
sweep,3002
sweep,6806
sweep,2805
sweep,3224
sweep,2556
sweep,2902
sweep,3899
sweep,3130
sweep,2772
sweep,3065
sweep,3119
sweep,3764
sweep,2912
sweep,2498
sweep,2443
sweep,3696
sweep,4336
sweep,4147
sweep,4184
sweep,5870
sweep,7960
sweep,6738
sweep,8635
sweep,8488
sweep,8765
sweep,7989
sweep,7928
sweep,7631
sweep,847
mark,1061491
sweep,4659
sweep,4150
sweep,4074
sweep,4078
sweep,3661
sweep,4101
sweep,4000
sweep,3651
sweep,2906
sweep,3455
sweep,3319
sweep,2827
sweep,3022
sweep,2832
sweep,2622
sweep,2907
sweep,3335
sweep,3039
sweep,3072
sweep,3410
sweep,2620
sweep,2634
sweep,3720
sweep,2290
sweep,3208
sweep,2005
sweep,3435
sweep,3781
sweep,4447
sweep,3431
sweep,3051
sweep,3090
sweep,2890
sweep,2966
sweep,2846
sweep,3238
sweep,2787
sweep,3174
sweep,2508
sweep,2633
sweep,3897
sweep,2632
sweep,2995
sweep,3389
sweep,2781
sweep,3432
sweep,2778
sweep,2502
sweep,2729
sweep,5534
sweep,9217
sweep,9121
sweep,8724
sweep,7976
sweep,6174
sweep,7937
sweep,4013
sweep,4572
sweep,4578
sweep,6098
sweep,5842
sweep,5883
sweep,227
mark,1052884
sweep,4729
sweep,4182
sweep,4295
sweep,4103
sweep,3823
sweep,4005
sweep,3592
sweep,3708
sweep,3146
sweep,3267
sweep,3275
sweep,3005
sweep,2732
sweep,2782
sweep,2933
sweep,2969
sweep,3546
sweep,2940
sweep,3080
sweep,3445
sweep,2380
sweep,2569
sweep,4174
sweep,2218
sweep,3207
sweep,2028
sweep,3559
sweep,4080
sweep,4760
sweep,3822
sweep,3309
sweep,3241
sweep,3480
sweep,3177
sweep,2666
sweep,3079
sweep,3061
sweep,3198
sweep,2523
sweep,2597
sweep,3674
sweep,2846
sweep,2734
sweep,2901
sweep,2924
sweep,3486
sweep,2751
sweep,2433
sweep,2860
sweep,3695
sweep,4278
sweep,4201
sweep,4470
sweep,6182
sweep,7519
sweep,5990
sweep,9130
sweep,8173
sweep,8214
sweep,7873
sweep,7559
sweep,7371
sweep,828
mark,1025059
sweep,4709
sweep,3887
sweep,4231
sweep,4124
sweep,3880
sweep,4232
sweep,4145
sweep,3112
sweep,2886
sweep,3259
sweep,2959
sweep,2744
sweep,2945
sweep,2841
sweep,2672
sweep,2661
sweep,3287
sweep,2852
sweep,3106
sweep,3360
sweep,2367
sweep,2488
sweep,4013
sweep,2273
sweep,3632
sweep,2019
sweep,3648
sweep,3639
sweep,4151
sweep,3398
sweep,3129
sweep,3052
sweep,2868
sweep,3150
sweep,3043
sweep,3213
sweep,2765
sweep,3091
sweep,2633
sweep,2714
sweep,3788
sweep,3149
sweep,2832
sweep,2998
sweep,3060
sweep,3718
sweep,2826
sweep,2449
sweep,2754
sweep,5479
sweep,9041
sweep,8748
sweep,8639
sweep,8094
sweep,6525
sweep,7318
sweep,4009
sweep,4189
sweep,4549
sweep,5889
sweep,5505
sweep,5964
sweep,231
mark,1024372
sweep,4821
sweep,4256
sweep,4407
sweep,4238
sweep,3582
sweep,4057
sweep,3922
sweep,3173
sweep,2744
sweep,3045
sweep,3112
sweep,3043
sweep,2634
sweep,3188
sweep,2750
sweep,2972
sweep,3407
sweep,3304
sweep,3038
sweep,3475
sweep,2546
sweep,2563
sweep,4001
sweep,2342
sweep,3358
sweep,2061
sweep,3344
sweep,3595
sweep,4277
sweep,3267
sweep,3514
sweep,2928
sweep,3262
sweep,3157
sweep,2939
sweep,3513
sweep,2781
sweep,3044
sweep,2446
sweep,2764
sweep,3651
sweep,3121
sweep,2955
sweep,3032
sweep,3164
sweep,3412
sweep,2876
sweep,2438
sweep,2477
sweep,3855
sweep,3952
sweep,4100
sweep,4187
sweep,6026
sweep,7568
sweep,6566
sweep,9002
sweep,8509
sweep,9001
sweep,7362
sweep,7587
sweep,7122
sweep,841
mark,1033412
sweep,4853
sweep,3764
sweep,4011
sweep,4012
sweep,3619
sweep,4099
sweep,3994
sweep,3547
sweep,2804
sweep,3237
sweep,3301
sweep,2691
sweep,2741
sweep,3340
sweep,2815
sweep,2737
sweep,3540
sweep,2952
sweep,3164
sweep,3360
sweep,2366
sweep,2508
sweep,3666
sweep,2400
sweep,3157
sweep,2052
sweep,3714
sweep,3780
sweep,4221
sweep,3737
sweep,3147
sweep,3245
sweep,2983
sweep,3174
sweep,2796
sweep,3409
sweep,2714
sweep,3107
sweep,2761
sweep,2740
sweep,4032
sweep,2873
sweep,2704
sweep,3128
sweep,3109
sweep,3503
sweep,2748
sweep,2526
sweep,2570
sweep,5505
sweep,9445
sweep,8464
sweep,8603
sweep,8168
sweep,5832
sweep,7335
sweep,4002
sweep,4384
sweep,4257
sweep,5772
sweep,6002
sweep,6046
sweep,276
mark,1030555
sweep,4655
sweep,3952
sweep,4082
sweep,4209
sweep,3834
sweep,4059
sweep,3611
sweep,3119
sweep,3081
sweep,3075
sweep,3143
sweep,3057
sweep,2643
sweep,2818
sweep,3085
sweep,2804
sweep,3401
sweep,2992
sweep,2999
sweep,3548
sweep,2355
sweep,2590
sweep,4015
sweep,2488
sweep,3068
sweep,2063
sweep,3667
sweep,3676
sweep,4495
sweep,3384
sweep,3223
sweep,2991
sweep,3003
sweep,3045
sweep,2793
sweep,3556
sweep,2789
sweep,3248
sweep,2491
sweep,2719
sweep,3669
sweep,3044
sweep,2764
sweep,2968
sweep,2781
sweep,3349
sweep,3044
sweep,2426
sweep,2525
sweep,3555
sweep,4090
sweep,3992
sweep,4151
sweep,5988
sweep,8013
sweep,6373
sweep,8454
sweep,8578
sweep,8602
sweep,8349
sweep,7559
sweep,7555
sweep,842
mark,1030941
sweep,4810
sweep,3984
sweep,4252
sweep,4105
sweep,3782
sweep,4548
sweep,3646
sweep,3427
sweep,2931
sweep,3129
sweep,2982
sweep,2713
sweep,2746
sweep,3106
sweep,2637
sweep,2733
sweep,3675
sweep,2948
sweep,3169
sweep,3542
sweep,2676
sweep,2280
sweep,4089
sweep,2415
sweep,3599
sweep,1908
sweep,3454
sweep,3630
sweep,4571
sweep,3898
sweep,3358
sweep,2989
sweep,2937
sweep,3155
sweep,2852
sweep,3403
sweep,2715
sweep,3103
sweep,2467
sweep,3113
sweep,3639
sweep,2676
sweep,2746
sweep,3441
sweep,2829
sweep,3347
sweep,3020
sweep,2730
sweep,2486
sweep,5770
sweep,8933
sweep,8987
sweep,8874
sweep,8760
sweep,6059
sweep,7336
sweep,3959
sweep,4243
sweep,4594
sweep,6281
sweep,5839
sweep,5865
sweep,238
mark,1029940
sweep,4651
sweep,3805
sweep,3953
sweep,4014
sweep,3698
sweep,4322
sweep,3545
sweep,3135
sweep,3073
sweep,3056
sweep,3129
sweep,2848
sweep,2656
sweep,2861
sweep,2578
sweep,2967
sweep,3223
sweep,3398
sweep,2983
sweep,3511
sweep,2327
sweep,2455
sweep,3838
sweep,2566
sweep,3182
sweep,1922
sweep,3542
sweep,3804
sweep,4224
sweep,3349
sweep,3763
sweep,3508
sweep,3122
sweep,3361
sweep,2772
sweep,3661
sweep,2705
sweep,3311
sweep,2466
sweep,2776
sweep,3752
sweep,2853
sweep,2760
sweep,2962
sweep,2876
sweep,3720
sweep,2939
sweep,2483
sweep,2745
sweep,3663
sweep,4047
sweep,4059
sweep,4162
sweep,6001
sweep,7668
sweep,6131
sweep,8468
sweep,8529
sweep,8578
sweep,8303
sweep,7440
sweep,7573
sweep,932
mark,1033332
sweep,4920
sweep,4249
sweep,3914
sweep,3942
sweep,3893
sweep,4042
sweep,4056
sweep,3194
sweep,3137
sweep,3364
sweep,3134
sweep,3143
sweep,2929
sweep,2698
sweep,2900
sweep,2850
sweep,3203
sweep,2976
sweep,2913
sweep,3572
sweep,2456
sweep,2917
sweep,3710
sweep,2497
sweep,3337
sweep,2212
sweep,3574
sweep,3648
sweep,4248
sweep,3456
sweep,2937
sweep,3045
sweep,2958
sweep,3282
sweep,2991
sweep,3158
sweep,2783
sweep,3132
sweep,2459
sweep,2819
sweep,3931
sweep,3287
sweep,3276
sweep,2889
sweep,3001
sweep,3452
sweep,2847
sweep,2552
sweep,2762
sweep,5794
sweep,8416
sweep,8567
sweep,8609
sweep,7692
sweep,5623
sweep,6923
sweep,3999
sweep,4357
sweep,4901
sweep,6167
sweep,5872
sweep,5885
sweep,235
mark,1029173
sweep,4925
sweep,4075
sweep,3968
sweep,4506
sweep,3832
sweep,4191
sweep,3867
sweep,3035
sweep,2835
sweep,3077
sweep,3132
sweep,3068
sweep,2903
sweep,2862
sweep,2743
sweep,2931
sweep,3233
sweep,3056
sweep,3309
sweep,3406
sweep,2303
sweep,2613
sweep,3810
sweep,2469
sweep,3307
sweep,1905
sweep,3469
sweep,3617
sweep,4066
sweep,3378
sweep,3093
sweep,3126
sweep,2797
sweep,3062
sweep,2805
sweep,3540
sweep,2735
sweep,3104
sweep,2544
sweep,2691
sweep,3844
sweep,2918
sweep,2850
sweep,3053
sweep,3273
sweep,3535
sweep,3176
sweep,2496
sweep,2548
sweep,3420
sweep,4046
sweep,4200
sweep,4074
sweep,6067
sweep,7934
sweep,5962
sweep,8431
sweep,8411
sweep,8305
sweep,7510
sweep,7275
sweep,7157
sweep,831
mark,1041425
sweep,4859
sweep,4134
sweep,4013
sweep,3993
sweep,3623
sweep,4463
sweep,3686
sweep,3214
sweep,2835
sweep,3672
sweep,3316
sweep,2857
sweep,2974
sweep,2873
sweep,2616
sweep,2723
sweep,3592
sweep,3086
sweep,3289
sweep,3379
sweep,2539
sweep,2387
sweep,3914
sweep,2685
sweep,3149
sweep,1848
sweep,3415
sweep,3962
sweep,4224
sweep,3447
sweep,3150
sweep,3083
sweep,3386
sweep,3028
sweep,2998
sweep,3389
sweep,2759
sweep,3261
sweep,2835
sweep,2765
sweep,4222
sweep,2671
sweep,2630
sweep,2850
sweep,3163
sweep,3718
sweep,2680
sweep,2746
sweep,2680
sweep,5635
sweep,9138
sweep,8818
sweep,8366
sweep,7793
sweep,6174
sweep,6854
sweep,4059
sweep,4657
sweep,4622
sweep,6185
sweep,5417
sweep,6948
sweep,221
mark,1041146
sweep,4693
sweep,3934
sweep,3867
sweep,4267
sweep,3695
sweep,4310
sweep,3551
sweep,3181
sweep,3051
sweep,3112
sweep,3131
sweep,2982
sweep,2679
sweep,2811
sweep,2583
sweep,2765
sweep,3227
sweep,2881
sweep,3139
sweep,3375
sweep,2517
sweep,2563
sweep,3826
sweep,2429
sweep,3198
sweep,2159
sweep,3337
sweep,3712
sweep,4298
sweep,3435
sweep,2993
sweep,2977
sweep,2890
sweep,3188
sweep,2864
sweep,3630
sweep,2884
sweep,3390
sweep,2553
sweep,2898
sweep,3699
sweep,2585
sweep,3096
sweep,2924
sweep,2922
sweep,3655
sweep,2662
sweep,2458
sweep,2352
sweep,3510
sweep,3950
sweep,4122
sweep,4151
sweep,5903
sweep,7681
sweep,6415
sweep,8765
sweep,8373
sweep,8660
sweep,8316
sweep,7488
sweep,7482
sweep,838
mark,1040730
sweep,4660
sweep,3817
sweep,3870
sweep,4009
sweep,3488
sweep,4187
sweep,3536
sweep,3087
sweep,2939
sweep,3339
sweep,3314
sweep,3163
sweep,2647
sweep,2935
sweep,2695
sweep,2705
sweep,3506
sweep,2874
sweep,3689
sweep,3523
sweep,2369
sweep,2461
sweep,3826
sweep,2653
sweep,3067
sweep,1892
sweep,3559
sweep,3724
sweep,4431
sweep,3491
sweep,3121
sweep,3304
sweep,3165
sweep,3112
sweep,2862
sweep,3473
sweep,2948
sweep,3139
sweep,2772
sweep,2731
sweep,3927
sweep,2611
sweep,3253
sweep,3391
sweep,2756
sweep,3363
sweep,2708
sweep,2612
sweep,2663
sweep,5563
sweep,9274
sweep,8994
sweep,8450
sweep,7876
sweep,6504
sweep,7559
sweep,4138
sweep,4370
sweep,4903
sweep,6333
sweep,5726
sweep,5654
sweep,242
mark,1026293
sweep,5221
sweep,3920
sweep,4096
sweep,4153
sweep,3771
sweep,4005
sweep,3542
sweep,3153
sweep,2969
sweep,3172
sweep,3050
sweep,2886
sweep,2696
sweep,3037
sweep,2576
sweep,2773
sweep,3506
sweep,3114
sweep,3164
sweep,3457
sweep,2474
sweep,2620
sweep,3750
sweep,2510
sweep,3251
sweep,1876
sweep,3599
sweep,3635
sweep,4124
sweep,3634
sweep,3183
sweep,3383
sweep,2889
sweep,2981
sweep,2743
sweep,3235
sweep,2769
sweep,3284
sweep,2616
sweep,2672
sweep,3813
sweep,3223
sweep,2725
sweep,2993
sweep,2725
sweep,3545
sweep,2937
sweep,2700
sweep,2488
sweep,3479
sweep,3855
sweep,4089
sweep,4270
sweep,5959
sweep,7616
sweep,6126
sweep,8321
sweep,8270
sweep,8134
sweep,7152
sweep,7040
sweep,7185
sweep,836
mark,1029824
sweep,5078
sweep,4020
sweep,4270
sweep,4296
sweep,3568
sweep,4380
sweep,3940
sweep,3387
sweep,3029
sweep,3191
sweep,3556
sweep,2742
sweep,2765
sweep,2803
sweep,2664
sweep,3004
sweep,3528
sweep,2881
sweep,3343
sweep,3458
sweep,2430
sweep,2492
sweep,4107
sweep,2327
sweep,3173
sweep,2129
sweep,3418
sweep,3849
sweep,4264
sweep,3781
sweep,3188
sweep,2913
sweep,2954
sweep,3142
sweep,2738
sweep,3111
sweep,3016
sweep,3148
sweep,2640
sweep,2801
sweep,3858
sweep,2635
sweep,2777
sweep,3210
sweep,3027
sweep,3354
sweep,2703
sweep,2627
sweep,2811
sweep,5607
sweep,9044
sweep,8340
sweep,8579
sweep,8013
sweep,6726
sweep,7042
sweep,4347
sweep,4619
sweep,4955
sweep,6223
sweep,5897
sweep,5706
sweep,213
mark,1027915
sweep,4486
sweep,4057
sweep,4425
sweep,4342
sweep,3824
sweep,4314
sweep,4001
sweep,3028
sweep,2727
sweep,3238
sweep,3373
sweep,2717
sweep,2989
sweep,2811
sweep,2785
sweep,2626
sweep,3255
sweep,2887
sweep,3220
sweep,3411
sweep,2455
sweep,2984
sweep,3709
sweep,2370
sweep,3296
sweep,2026
sweep,3592
sweep,3570
sweep,4479
sweep,3473
sweep,3097
sweep,3359
sweep,2996
sweep,2945
sweep,2788
sweep,3327
sweep,2818
sweep,3250
sweep,2641
sweep,2708
sweep,3836
sweep,2894
sweep,2658
sweep,3065
sweep,2912
sweep,3820
sweep,2732
sweep,2482
sweep,2509
sweep,3619
sweep,4153
sweep,4176
sweep,4120
sweep,5909
sweep,7876
sweep,6256
sweep,8621
sweep,8377
sweep,8585
sweep,8373
sweep,7497
sweep,7654
sweep,830
mark,1026751
sweep,4681
sweep,3847
sweep,4004
sweep,4126
sweep,3651
sweep,4275
sweep,3553
sweep,3499
sweep,2921
sweep,3234
sweep,3248
sweep,3031
sweep,2801
sweep,3103
sweep,3165
sweep,2732
sweep,3567
sweep,3047
sweep,2958
sweep,3465
sweep,2653
sweep,2422
sweep,3978
sweep,2435
sweep,3067
sweep,2241
sweep,3639
sweep,3752
sweep,4286
sweep,3739
sweep,3148
sweep,3145
sweep,2877
sweep,2975
sweep,2844
sweep,3347
sweep,2685
sweep,3005
sweep,2446
sweep,2717
sweep,3691
sweep,2712
sweep,2640
sweep,2911
sweep,3075
sweep,3851
sweep,2666
sweep,2709
sweep,2762
sweep,5288
sweep,8756
sweep,8410
sweep,8646
sweep,8163
sweep,6312
sweep,7339
sweep,3844
sweep,4440
sweep,4788
sweep,5899
sweep,5722
sweep,5685
sweep,224
mark,1032099
sweep,4633
sweep,4000
sweep,4082
sweep,4318
sweep,3656
sweep,4426
sweep,3917
sweep,3161
sweep,2878
sweep,3085
sweep,3136
sweep,2752
sweep,2805
sweep,2841
sweep,2512
sweep,2702
sweep,3207
sweep,3259
sweep,2913
sweep,3562
sweep,2636
sweep,2515
sweep,3726
sweep,2536
sweep,3620
sweep,2280
sweep,3525
sweep,3951
sweep,4663
sweep,3325
sweep,3073
sweep,3178
sweep,3172
sweep,3153
sweep,2817
sweep,3220
sweep,2803
sweep,3375
sweep,2447
sweep,2630
sweep,3930
sweep,2905
sweep,2627
sweep,3010
sweep,2892
sweep,3540
sweep,2754
sweep,2797
sweep,2586
sweep,3870
sweep,4223
sweep,4178
sweep,4499
sweep,5656
sweep,8705
sweep,6412
sweep,9350
sweep,8384
sweep,8710
sweep,7214
sweep,7488
sweep,7158
sweep,824
mark,1023090
sweep,4778
sweep,4421
sweep,4646
sweep,4636
sweep,3948
sweep,4176
sweep,3889
sweep,3000
sweep,2901
sweep,3318
sweep,3011
sweep,2710
sweep,2894
sweep,2874
sweep,2887
sweep,2695
sweep,3317
sweep,2966
sweep,2977
sweep,3364
sweep,2545
sweep,2926
sweep,3890
sweep,2284
sweep,3346
sweep,2208
sweep,3511
sweep,3945
sweep,4305
sweep,3770
sweep,3285
sweep,3101
sweep,3066
sweep,2995
sweep,2807
sweep,3253
sweep,2924
sweep,3072
sweep,2533
sweep,2835
sweep,3712
sweep,2572
sweep,2859
sweep,2897
sweep,2860
sweep,3382
sweep,3047
sweep,2636
sweep,2599
sweep,5378
sweep,9090
sweep,8583
sweep,8980
sweep,7898
sweep,6026
sweep,7402
sweep,3973
sweep,4314
sweep,4254
sweep,5583
sweep,5705
sweep,6521
sweep,239
mark,1039305
sweep,4644
sweep,3851
sweep,4336
sweep,3967
sweep,3802
sweep,3948
sweep,3635
sweep,3222
sweep,2859
sweep,3178
sweep,3431
sweep,2809
sweep,2839
sweep,2831
sweep,2711
sweep,2776
sweep,3365
sweep,3262
sweep,3102
sweep,3415
sweep,2341
sweep,2491
sweep,3819
sweep,2430
sweep,3116
sweep,1835
sweep,3326
sweep,3979
sweep,4344
sweep,3324
sweep,3194
sweep,3057
sweep,2889
sweep,3023
sweep,2794
sweep,3395
sweep,2773
sweep,3327
sweep,2754
sweep,2676
sweep,3751
sweep,2810
sweep,2737
sweep,3118
sweep,2838
sweep,3393
sweep,3081
sweep,2532
sweep,2435
sweep,3720
sweep,3849
sweep,4078
sweep,4038
sweep,5950
sweep,7615
sweep,5950
sweep,8813
sweep,8861
sweep,8957
sweep,7169
sweep,7758
sweep,7223
sweep,832
mark,1030742
sweep,4634
sweep,4062
sweep,4066
sweep,4312
sweep,3593
sweep,3978
sweep,3709
sweep,3047
sweep,2982
sweep,3547
sweep,3016
sweep,2936
sweep,3008
sweep,2816
sweep,2651
sweep,2666
sweep,3569
sweep,3046
sweep,3265
sweep,3545
sweep,2624
sweep,2616
sweep,3860
sweep,2682
sweep,3396
sweep,1915
sweep,3394
sweep,3615
sweep,4243
sweep,3599
sweep,3259
sweep,2898
sweep,2964
sweep,3379
sweep,3066
sweep,3371
sweep,2761
sweep,3414
sweep,2746
sweep,2938
sweep,3924
sweep,3426
sweep,2611
sweep,3267
sweep,3045
sweep,3543
sweep,2756
sweep,2874
sweep,2633
sweep,5629
sweep,8634
sweep,8301
sweep,8334
sweep,7876
sweep,6092
sweep,7535
sweep,3918
sweep,4287
sweep,4945
sweep,6064
sweep,5883
sweep,5730
sweep,223
mark,1021535
sweep,5111
sweep,3764
sweep,4172
sweep,3839
sweep,3885
sweep,3947
sweep,3455
sweep,2951
sweep,3113
sweep,3063
sweep,3102
sweep,2724
sweep,2962
sweep,2845
sweep,2593
sweep,2735
sweep,3418
sweep,2837
sweep,2964
sweep,3590
sweep,2349
sweep,2474
sweep,3741
sweep,2556
sweep,3249
sweep,1881
sweep,3606
sweep,4003
sweep,4355
sweep,3365
sweep,3197
sweep,3308
sweep,3015
sweep,2903
sweep,2988
sweep,3351
sweep,2754
sweep,3365
sweep,2760
sweep,3223
sweep,3714
sweep,3316
sweep,2656
sweep,3013
sweep,2731
sweep,3602
sweep,2882
sweep,2506
sweep,2460
sweep,3896
sweep,3982
sweep,4070
sweep,4183
sweep,6018
sweep,8000
sweep,6288
sweep,8458
sweep,8488
sweep,8515
sweep,7382
sweep,7096
sweep,7099
sweep,928
mark,1030745
sweep,4587
sweep,3874
sweep,4085
sweep,3897
sweep,3733
sweep,4280
sweep,3548
sweep,7286
sweep,2894
sweep,3485
sweep,2927
sweep,2724
sweep,2854
sweep,3294
sweep,2672
sweep,2773
sweep,3578
sweep,3219
sweep,2996
sweep,3523
sweep,2444
sweep,2741
sweep,3716
sweep,2395
sweep,3194
sweep,1864
sweep,3539
sweep,4106
sweep,4233
sweep,3364
sweep,3563
sweep,3440
sweep,3218
sweep,3076
sweep,3066
sweep,3119
sweep,2729
sweep,3198
sweep,2373
sweep,3059
sweep,3604
sweep,2640
sweep,2672
sweep,3043
sweep,2916
sweep,3743
sweep,3074
sweep,2699
sweep,2544
sweep,5478
sweep,9061
sweep,8995
sweep,8632
sweep,8550
sweep,5712
sweep,6801
sweep,4072
sweep,4459
sweep,4845
sweep,6114
sweep,5896
sweep,5860
sweep,229
mark,1027522
sweep,4561
sweep,4382
sweep,4331
sweep,4601
sweep,3625
sweep,4043
sweep,3545
sweep,3057
sweep,3021
sweep,3120
sweep,3272
sweep,2788
sweep,3118
sweep,2729
sweep,2558
sweep,2695
sweep,3223
sweep,2923
sweep,3072
sweep,3467
sweep,2509
sweep,2700
sweep,4451
sweep,2600
sweep,3601
sweep,1975
sweep,3719
sweep,3588
sweep,4382
sweep,3394
sweep,3300
sweep,3223
sweep,2934
sweep,2969
sweep,2861
sweep,3266
sweep,2817
sweep,3079
sweep,2652
sweep,3026
sweep,3666
sweep,2865
sweep,2715
sweep,3007
sweep,2896
sweep,3651
sweep,2784
sweep,2525
sweep,2508
sweep,3573
sweep,4160
sweep,4011
sweep,4302
sweep,5479
sweep,8276
sweep,6571
sweep,8467
sweep,8380
sweep,8399
sweep,7641
sweep,7796
sweep,7731
sweep,833
mark,1033655
sweep,4636
sweep,3898
sweep,4378
sweep,3958
sweep,3609
sweep,4375
sweep,3724
sweep,3076
sweep,3106
sweep,3229
sweep,3164
sweep,3077
sweep,2819
sweep,3034
sweep,2660
sweep,2676
sweep,3520
sweep,3312
sweep,3092
sweep,3420
sweep,2423
sweep,2710
sweep,3967
sweep,2719
sweep,3152
sweep,1927
sweep,3722
sweep,3631
sweep,4599
sweep,3250
sweep,3044
sweep,3151
sweep,2825
sweep,2955
sweep,2726
sweep,3490
sweep,2939
sweep,3591
sweep,2907
sweep,2959
sweep,4137
sweep,2843
sweep,2968
sweep,3262
sweep,2887
sweep,3619
sweep,2699
sweep,8697
sweep,2422
sweep,5437
sweep,9092
sweep,8638
sweep,8291
sweep,8087
sweep,5604
sweep,7232
sweep,4067
sweep,4278
sweep,4239
sweep,5758
sweep,5913
sweep,6367
sweep,227
mark,1027350
sweep,4658
sweep,3975
sweep,3917
sweep,4643
sweep,3790
sweep,4066
sweep,3765
sweep,3492
sweep,3002
sweep,3191
sweep,3099
sweep,2720
sweep,2941
sweep,3047
sweep,2538
sweep,2767
sweep,3274
sweep,3025
sweep,3032
sweep,3609
sweep,2358
sweep,2607
sweep,4084
sweep,2562
sweep,3114
sweep,2189
sweep,3391
sweep,3637
sweep,4608
sweep,3704
sweep,2998
sweep,3017
sweep,2841
sweep,2892
sweep,2787
sweep,3305
sweep,2711
sweep,3018
sweep,2777
sweep,2741
sweep,3880
sweep,3156
sweep,2787
sweep,2951
sweep,3102
sweep,3608
sweep,2815
sweep,2737
sweep,2510
sweep,3990
sweep,4225
sweep,3984
sweep,4403
sweep,5794
sweep,8099
sweep,6502
sweep,8374
sweep,8365
sweep,8584
sweep,7360
sweep,7177
sweep,7024
sweep,795
mark,1036370
sweep,4913
sweep,4264
sweep,3932
sweep,4084
sweep,3943
sweep,4010
sweep,3618
sweep,3125
sweep,3120
sweep,3283
sweep,3046
sweep,2708
sweep,2927
sweep,2867
sweep,2916
sweep,2715
sweep,3279
sweep,3170
sweep,3143
sweep,3484
sweep,2339
sweep,2511
sweep,4259
sweep,2771
sweep,3400
sweep,1939
sweep,3656
sweep,3748
sweep,4153
sweep,3639
sweep,3143
sweep,3216
sweep,2897
sweep,3020
sweep,2822
sweep,3339
sweep,2988
sweep,2992
sweep,2696
sweep,2935
sweep,3857
sweep,2811
sweep,2669
sweep,2914
sweep,2937
sweep,3401
sweep,2693
sweep,2511
sweep,2587
sweep,5651
sweep,9092
sweep,8952
sweep,8571
sweep,8316
sweep,6758
sweep,7594
sweep,4463
sweep,4396
sweep,4767
sweep,5777
sweep,5676
sweep,5827
sweep,227
mark,1024720
sweep,4511
sweep,4123
sweep,4195
sweep,4055
sweep,3814
sweep,4368
sweep,3957
sweep,3128
sweep,2745
sweep,3197
sweep,3111
sweep,2999
sweep,2672
sweep,3091
sweep,2571
sweep,3067
sweep,3457
sweep,3268
sweep,2991
sweep,3571
sweep,2302
sweep,2945
sweep,3789
sweep,2466
sweep,3057
sweep,2129
sweep,3385
sweep,3706
sweep,4142
sweep,3301
sweep,3133
sweep,2985
sweep,2870
sweep,3113
sweep,2786
sweep,3527
sweep,2973
sweep,3160
sweep,2736
sweep,2930
sweep,3730
sweep,2601
sweep,2699
sweep,3074
sweep,2933
sweep,3458
sweep,2975
sweep,2486
sweep,2488
sweep,3777
sweep,4254
sweep,4109
sweep,4160
sweep,5748
sweep,8467
sweep,6456
sweep,8274
sweep,8347
sweep,8383
sweep,7362
sweep,7607
sweep,7080
sweep,829
mark,1036078
sweep,5022
sweep,3914
sweep,4254
sweep,4234
sweep,3625
sweep,4210
sweep,3813
sweep,3617
sweep,3307
sweep,3302
sweep,3131
sweep,3055
sweep,2705
sweep,2974
sweep,2869
sweep,2949
sweep,3415
sweep,3252
sweep,3051
sweep,3371
sweep,2372
sweep,2963
sweep,4129
sweep,2655
sweep,3199
sweep,1966
sweep,3604
sweep,4016
sweep,4306
sweep,3411
sweep,3266
sweep,3149
sweep,2899
sweep,3336
sweep,2795
sweep,3224
sweep,2716
sweep,3251
sweep,2720
sweep,2992
sweep,3728
sweep,2917
sweep,2684
sweep,2971
sweep,3064
sweep,3464
sweep,2746
sweep,2566
sweep,2372
sweep,5908
sweep,8908
sweep,8271
sweep,8800
sweep,7865
sweep,5798
sweep,6919
sweep,4066
sweep,4320
sweep,5072
sweep,6365
sweep,5930
sweep,5933
sweep,229
mark,1031858
sweep,4781
sweep,3953
sweep,4627
sweep,4217
sweep,3754
sweep,4077
sweep,3587
sweep,3613
sweep,2968
sweep,3485
sweep,3064
sweep,2780
sweep,2689
sweep,2875
sweep,2591
sweep,2690
sweep,3247
sweep,2895
sweep,3195
sweep,3330
sweep,2611
sweep,2693
sweep,3748
sweep,2386
sweep,3072
sweep,1973
sweep,3411
sweep,3833
sweep,4400
sweep,3562
sweep,3124
sweep,3110
sweep,2913
sweep,3023
sweep,2850
sweep,3559
sweep,2981
sweep,3188
sweep,2489
sweep,2689
sweep,3799
sweep,2667
sweep,2870
sweep,3480
sweep,2901
sweep,3696
sweep,2812
sweep,2981
sweep,2547
sweep,3575
sweep,3858
sweep,4216
sweep,4190
sweep,5772
sweep,8074
sweep,6867
sweep,8439
sweep,8395
sweep,8534
sweep,7461
sweep,7014
sweep,6977
sweep,836
mark,1027913
sweep,5511
sweep,4279
sweep,4147
sweep,4165
sweep,3794
sweep,4008
sweep,3962
sweep,3197
sweep,3068
sweep,3461
sweep,3067
sweep,3057
sweep,2676
sweep,2941
sweep,2662
sweep,2946
sweep,3284
sweep,2941
sweep,3255
sweep,3418
sweep,2337
sweep,2757
sweep,3977
sweep,2386
sweep,3115
sweep,1996
sweep,3577
sweep,3629
sweep,4981
sweep,3394
sweep,3634
sweep,3044
sweep,3266
sweep,3094
sweep,2911
sweep,3123
sweep,2827
sweep,3126
sweep,2495
sweep,2737
sweep,3793
sweep,2605
sweep,2937
sweep,2896
sweep,3075
sweep,3663
sweep,2674
sweep,2517
sweep,2682
sweep,5513
sweep,9019
sweep,8645
sweep,8616
sweep,7807
sweep,6384
sweep,7363
sweep,4051
sweep,4675
sweep,4343
sweep,5594
sweep,6051
sweep,5980
sweep,221
mark,1028358
sweep,4668
sweep,3898
sweep,3998
sweep,4383
sweep,3552
sweep,3949
sweep,3746
sweep,3040
sweep,2953
sweep,3417
sweep,3135
sweep,2810
sweep,2776
sweep,2687
sweep,2720
sweep,2918
sweep,3171
sweep,3094
sweep,3055
sweep,3354
sweep,2605
sweep,2634
sweep,4261
sweep,2665
sweep,3098
sweep,1967
sweep,3546
sweep,3622
sweep,4152
sweep,3657
sweep,3520
sweep,2883
sweep,2972
sweep,3036
sweep,3061
sweep,3447
sweep,2822
sweep,3061
sweep,2762
sweep,2615
sweep,3648
sweep,2614
sweep,2776
sweep,2976
sweep,3147
sweep,3399
sweep,2997
sweep,2605
sweep,2535
sweep,3681
sweep,4427
sweep,4371
sweep,4556
sweep,5559
sweep,7591
sweep,5853
sweep,9358
sweep,8265
sweep,8168
sweep,8156
sweep,7548
sweep,7597
sweep,863
mark,1031231
sweep,4762
sweep,4049
sweep,4485
sweep,4003
sweep,3623
sweep,4119
sweep,3648
sweep,3154
sweep,2918
sweep,3219
sweep,3016
sweep,2700
sweep,2732
sweep,2859
sweep,2548
sweep,2612
sweep,3324
sweep,3004
sweep,3299
sweep,3336
sweep,2292
sweep,2483
sweep,3699
sweep,2609
sweep,3069
sweep,1962
sweep,3587
sweep,3664
sweep,4578
sweep,3999
sweep,3018
sweep,2910
sweep,3144
sweep,3047
sweep,3421
sweep,3190
sweep,2811
sweep,3051
sweep,2484
sweep,3018
sweep,3916
sweep,2753
sweep,2728
sweep,3176
sweep,2709
sweep,3566
sweep,2721
sweep,2443
sweep,2532
sweep,6015
sweep,8737
sweep,8803
sweep,8775
sweep,7854
sweep,5911
sweep,6734
sweep,4052
sweep,4178
sweep,4560
sweep,5884
sweep,5553
sweep,5772
sweep,249
mark,1026089
sweep,5013
sweep,3882
sweep,4143
sweep,4376
sweep,3572
sweep,4183
sweep,3729
sweep,3081
sweep,2826
sweep,3076
sweep,3134
sweep,2760
sweep,3099
sweep,2678
sweep,2653
sweep,2678
sweep,3185
sweep,3187
sweep,3097
sweep,3353
sweep,2451
sweep,2647
sweep,3695
sweep,2328
sweep,3149
sweep,1862
sweep,3471
sweep,3678
sweep,4281
sweep,3312
sweep,3034
sweep,3107
sweep,3275
sweep,3060
sweep,2849
sweep,3597
sweep,2875
sweep,3123
sweep,2618
sweep,2861
sweep,3795
sweep,2800
sweep,3046
sweep,3155
sweep,3299
sweep,3693
sweep,2785
sweep,2492
sweep,2448
sweep,3565
sweep,4099
sweep,3967
sweep,4077
sweep,5992
sweep,8310
sweep,6081
sweep,9190
sweep,8253
sweep,8437
sweep,7115
sweep,7142
sweep,7552
sweep,829
mark,1033486
sweep,5139
sweep,4317
sweep,4035
sweep,4199
sweep,3615
sweep,4142
sweep,3610
sweep,3143
sweep,3014
sweep,3118
sweep,3071
sweep,3018
sweep,2669
sweep,3118
sweep,2619
sweep,2791
sweep,3590
sweep,2930
sweep,2983
sweep,3504
sweep,2586
sweep,2384
sweep,3884
sweep,2437
sweep,3436
sweep,1923
sweep,3621
sweep,3889
sweep,4691
sweep,3370
sweep,3439
sweep,2895
sweep,2914
sweep,3225
sweep,2749
sweep,3071
sweep,2824
sweep,3348
sweep,2511
sweep,2683
sweep,3718
sweep,3064
sweep,2655
sweep,2851
sweep,2797
sweep,3522
sweep,2807
sweep,2577
sweep,2441
sweep,5513
sweep,8653
sweep,8795
sweep,8597
sweep,7468
sweep,6184
sweep,6990
sweep,4348
sweep,4284
sweep,4594
sweep,6320
sweep,5905
sweep,5885
sweep,241
mark,1033069
sweep,4717
sweep,3917
sweep,3829
sweep,4421
sweep,3908
sweep,4190
sweep,3465
sweep,3014
sweep,2693
sweep,3162
sweep,3136
sweep,2732
sweep,2811
sweep,3061
sweep,2816
sweep,2652
sweep,3822
sweep,3229
sweep,2828
sweep,3448
sweep,2322
sweep,2520
sweep,3753
sweep,2350
sweep,3154
sweep,2107
sweep,3550
sweep,3897
sweep,4020
sweep,3891
sweep,2949
sweep,3192
sweep,2992
sweep,3007
sweep,2716
sweep,3238
sweep,2714
sweep,3313
sweep,2709
sweep,3006
sweep,3977
sweep,2716
sweep,2790
sweep,3563
sweep,2818
sweep,4019
sweep,2728
sweep,2457
sweep,2416
sweep,3752
sweep,3976
sweep,4070
sweep,4093
sweep,6181
sweep,7988
sweep,5984
sweep,8313
sweep,8450
sweep,8642
sweep,7494
sweep,7052
sweep,7546
sweep,1018
mark,1030722
sweep,4890
sweep,4136
sweep,4045
sweep,4060
sweep,3743
sweep,4450
sweep,3987
sweep,3121
sweep,2808
sweep,3333
sweep,3040
sweep,2940
sweep,2675
sweep,3178
sweep,2666
sweep,2856
sweep,3337
sweep,2882
sweep,3106
sweep,3461
sweep,2363
sweep,2406
sweep,3979
sweep,2342
sweep,3124
sweep,2093
sweep,3698
sweep,4015
sweep,4413
sweep,3749
sweep,3076
sweep,2979
sweep,3105
sweep,3094
sweep,3085
sweep,3263
sweep,2748
sweep,3333
sweep,2485
sweep,2717
sweep,3910
sweep,2901
sweep,2685
sweep,3018
sweep,2765
sweep,3521
sweep,2888
sweep,2486
sweep,2497
sweep,5841
sweep,9030
sweep,9134
sweep,8538
sweep,7982
sweep,6290
sweep,7102
sweep,4268
sweep,4313
sweep,4242
sweep,5655
sweep,5988
sweep,5841
sweep,220
mark,1035992
sweep,4702
sweep,3758
sweep,3847
sweep,3979
sweep,3887
sweep,4450
sweep,3892
sweep,3102
sweep,2910
sweep,2998
sweep,3113
sweep,3077
sweep,2799
sweep,2819
sweep,2804
sweep,2826
sweep,3205
sweep,2904
sweep,3202
sweep,3599
sweep,2287
sweep,2907
sweep,4033
sweep,2770
sweep,3101
sweep,2132
sweep,3298
sweep,3874
sweep,4184
sweep,3514
sweep,3084
sweep,3218
sweep,3360
sweep,3018
sweep,3270
sweep,3243
sweep,2673
sweep,2943
sweep,2597
sweep,2988
sweep,4300
sweep,2669
sweep,3200
sweep,2975
sweep,3253
sweep,3704
sweep,2753
sweep,2662
sweep,2489
sweep,3454
sweep,3976
sweep,4272
sweep,4382
sweep,6162
sweep,7675
sweep,6085
sweep,8855
sweep,8333
sweep,8401
sweep,7870
sweep,7741
sweep,7689
sweep,1080
mark,1047590
sweep,4891
sweep,4321
sweep,3880
sweep,4160
sweep,3601
sweep,4128
sweep,3943
sweep,3219
sweep,3120
sweep,3344
sweep,3110
sweep,2776
sweep,2945
sweep,2770
sweep,2657
sweep,3099
sweep,3320
sweep,2978
sweep,3429
sweep,3570
sweep,2599
sweep,2524
sweep,3663
sweep,2465
sweep,3237
sweep,1881
sweep,3514
sweep,3916
sweep,4245
sweep,3356
sweep,3006
sweep,2977
sweep,3071
sweep,3087
sweep,2926
sweep,3436
sweep,2858
sweep,3557
sweep,2528
sweep,2708
sweep,3719
sweep,3097
sweep,2626
sweep,2920
sweep,2838
sweep,3590
sweep,2718
sweep,2814
sweep,5771
sweep,5433
sweep,9012
sweep,8857
sweep,8890
sweep,8340
sweep,6322
sweep,7434
sweep,4047
sweep,4339
sweep,4568
sweep,5710
sweep,5638
sweep,6657
sweep,235
mark,1039959
sweep,4661
sweep,4091
sweep,4239
sweep,4169
sweep,3686
sweep,4543
sweep,3879
sweep,3289
sweep,3080
sweep,3185
sweep,3117
sweep,2821
sweep,2692
sweep,2919
sweep,2622
sweep,2778
sweep,3733
sweep,3129
sweep,3270
sweep,3412
sweep,2379
sweep,2779
sweep,4233
sweep,2407
sweep,3032
sweep,1970
sweep,3400
sweep,3647
sweep,4150
sweep,3478
sweep,3062
sweep,3095
sweep,2930
sweep,3280
sweep,2848
sweep,3569
sweep,2864
sweep,3146
sweep,2526
sweep,2743
sweep,3830
sweep,3098
sweep,2705
sweep,3072
sweep,2825
sweep,3823
sweep,2711
sweep,2834
sweep,2543
sweep,3497
sweep,4483
sweep,4327
sweep,4203
sweep,6089
sweep,7649
sweep,6004
sweep,9010
sweep,8659
sweep,9023
sweep,8342
sweep,8298
sweep,7330
sweep,870
mark,1076822
sweep,5933
sweep,4478
sweep,4102
sweep,3903
sweep,3496
sweep,3971
sweep,3636
sweep,3107
sweep,2778
sweep,3240
sweep,2961
sweep,2864
sweep,2729
sweep,2755
sweep,2702
sweep,2656
sweep,3342
sweep,2859
sweep,3082
sweep,3428
sweep,2567
sweep,2453
sweep,3707
sweep,2298
sweep,3523
sweep,1879
sweep,3732
sweep,3538
sweep,4193
sweep,3383
sweep,3159
sweep,2969
sweep,2871
sweep,2921
sweep,2767
sweep,3216
sweep,2994
sweep,3030
sweep,2438
sweep,2792
sweep,3857
sweep,2644
sweep,2642
sweep,3097
sweep,2848
sweep,3345
sweep,3147
sweep,2437
sweep,2452
sweep,5729
sweep,8657
sweep,8860
sweep,8493
sweep,7574
sweep,5812
sweep,7313
sweep,4004
sweep,4294
sweep,4601
sweep,6159
sweep,5811
sweep,5861
sweep,217
mark,1027953
sweep,4527
sweep,3793
sweep,4022
sweep,4270
sweep,3940
sweep,4224
sweep,3576
sweep,3499
sweep,2792
sweep,3371
sweep,3025
sweep,2712
sweep,2745
sweep,3335
sweep,2885
sweep,2774
sweep,3473
sweep,3258
sweep,2988
sweep,3351
sweep,2527
sweep,2788
sweep,4017
sweep,2569
sweep,3106
sweep,1983
sweep,3281
sweep,3936
sweep,4391
sweep,3644
sweep,3383
sweep,2886
sweep,2888
sweep,3126
sweep,2807
sweep,3488
sweep,2767
sweep,2958
sweep,2826
sweep,2785
sweep,3689
sweep,2750
sweep,2677
sweep,3079
sweep,2772
sweep,3571
sweep,2789
sweep,2516
sweep,2740
sweep,3571
sweep,3969
sweep,3902
sweep,4406
sweep,5826
sweep,8325
sweep,6464
sweep,8320
sweep,8477
sweep,8428
sweep,7262
sweep,7010
sweep,7116
sweep,831
mark,1033836
sweep,4570
sweep,3906
sweep,4298
sweep,4216
sweep,3888
sweep,4050
sweep,3890
sweep,3500
sweep,2907
sweep,3268
sweep,3348
sweep,2700
sweep,2755
sweep,3259
sweep,2661
sweep,2689
sweep,3346
sweep,2933
sweep,3015
sweep,3501
sweep,2301
sweep,2435
sweep,3705
sweep,2569
sweep,3137
sweep,1933
sweep,3706
sweep,3632
sweep,4590
sweep,3623
sweep,3146
sweep,3041
sweep,3265
sweep,3074
sweep,2766
sweep,3327
sweep,2933
sweep,2932
sweep,2525
sweep,2734
sweep,3946
sweep,2703
sweep,2936
sweep,2895
sweep,2767
sweep,3404
sweep,2966
sweep,2550
sweep,2457
sweep,5414
sweep,8934
sweep,8481
sweep,8764
sweep,8239
sweep,6476
sweep,7473
sweep,4419
sweep,4290
sweep,4863
sweep,6289
sweep,5855
sweep,6357
sweep,230
mark,1024150
sweep,4902
sweep,4057
sweep,4381
sweep,4140
sweep,3696
sweep,4188
sweep,3551
sweep,3153
sweep,3062
sweep,3799
sweep,3137
sweep,2787
sweep,3036
sweep,2993
sweep,2747
sweep,2763
sweep,3548
sweep,2990
sweep,3002
sweep,3536
sweep,2414
sweep,2459
sweep,3743
sweep,2461
sweep,3097
sweep,2152
sweep,3358
sweep,3827
sweep,4803
sweep,3374
sweep,3068
sweep,3443
sweep,3433
sweep,3175
sweep,2768
sweep,3294
sweep,2855
sweep,3333
sweep,2487
sweep,3226
sweep,3701
sweep,2882
sweep,2583
sweep,3104
sweep,2866
sweep,3497
sweep,2815
sweep,2924
sweep,2715
sweep,3561
sweep,3932
sweep,4204
sweep,4223
sweep,5711
sweep,7793
sweep,6489
sweep,8406
sweep,8425
sweep,8491
sweep,7419
sweep,7042
sweep,6969
sweep,929
mark,1030119
sweep,4881
sweep,4110
sweep,4063
sweep,4156
sweep,3951
sweep,4203
sweep,3881
sweep,3409
sweep,2933
sweep,3275
sweep,3065
sweep,3209
sweep,2910
sweep,2873
sweep,2844
sweep,2972
sweep,3235
sweep,2963
sweep,3262
sweep,3614
sweep,2417
sweep,2713
sweep,3875
sweep,2667
sweep,3251
sweep,2121
sweep,3479
sweep,3791
sweep,4766
sweep,3345
sweep,3232
sweep,3273
sweep,3335
sweep,3368
sweep,2746
sweep,3527
sweep,2749
sweep,3126
sweep,2889
sweep,2809
sweep,3780
sweep,2528
sweep,2895
sweep,3105
sweep,3276
sweep,3810
sweep,2702
sweep,2783
sweep,2707
sweep,5372
sweep,8874
sweep,8491
sweep,8756
sweep,7767
sweep,5936
sweep,7458
sweep,4027
sweep,4451
sweep,4930
sweep,6085
sweep,5732
sweep,5799
sweep,251
mark,1027820
sweep,4570
sweep,3872
sweep,4324
sweep,4276
sweep,3594
sweep,4157
sweep,3597
sweep,3004
sweep,11778
sweep,3326
sweep,3089
sweep,3285
sweep,2663
sweep,3256
sweep,2722
sweep,2636
sweep,3322
sweep,2894
sweep,2827
sweep,3993
sweep,2293
sweep,2571
sweep,4166
sweep,2534
sweep,3172
sweep,2135
sweep,3344
sweep,3864
sweep,4232
sweep,3411
sweep,3738
sweep,3164
sweep,2932
sweep,3243
sweep,2728
sweep,3422
sweep,2797
sweep,3008
sweep,3022
sweep,3159
sweep,3831
sweep,2711
sweep,3093
sweep,3252
sweep,2978
sweep,3699
sweep,2746
sweep,2681
sweep,2844
sweep,3416
sweep,3964
sweep,4005
sweep,4340
sweep,6159
sweep,7656
sweep,6150
sweep,8747
sweep,8228
sweep,8514
sweep,8260
sweep,7501
sweep,7717
sweep,840
mark,1037240
sweep,4745
sweep,4091
sweep,4025
sweep,4093
sweep,3877
sweep,4266
sweep,3579
sweep,3553
sweep,2894
sweep,3631
sweep,2943
sweep,2740
sweep,2782
sweep,3202
sweep,2616
sweep,2759
sweep,3736
sweep,2911
sweep,3122
sweep,3551
sweep,2443
sweep,2445
sweep,3666
sweep,2404
sweep,3016
sweep,1904
sweep,3504
sweep,3902
sweep,4327
sweep,3414
sweep,3182
sweep,3013
sweep,2856
sweep,3148
sweep,2843
sweep,3186
sweep,2718
sweep,3375
sweep,2432
sweep,2801
sweep,3839
sweep,2643
sweep,2612
sweep,2960
sweep,2914
sweep,3415
sweep,2885
sweep,2472
sweep,2507
sweep,5876
sweep,9238
sweep,8839
sweep,8760
sweep,8060
sweep,6221
sweep,7543
sweep,4399
sweep,4444
sweep,4833
sweep,6070
sweep,5485
sweep,5787
sweep,225
mark,1029537
sweep,4934
sweep,4089
sweep,4592
sweep,3965
sweep,3597
sweep,4350
sweep,3421
sweep,3600
sweep,2821
sweep,3180
sweep,3188
sweep,2873
sweep,2681
sweep,2761
sweep,2580
sweep,2886
sweep,3416
sweep,3091
sweep,3200
sweep,3708
sweep,2367
sweep,2652
sweep,4141
sweep,2487
sweep,3200
sweep,1967
sweep,3402
sweep,3686
sweep,5106
sweep,3655
sweep,3430
sweep,3062
sweep,2930
sweep,3616
sweep,2761
sweep,3291
sweep,2667
sweep,3313
sweep,2724
sweep,2777
sweep,3795
sweep,2713
sweep,2923
sweep,3143
sweep,3118
sweep,3427
sweep,2922
sweep,2527
sweep,2692
sweep,3684
sweep,3872
sweep,3887
sweep,4194
sweep,6058
sweep,7836
sweep,5884
sweep,8514
sweep,8180
sweep,8419
sweep,7026
sweep,6960
sweep,7093
sweep,936
mark,1049258
sweep,4472
sweep,3884
sweep,4052
sweep,4042
sweep,3935
sweep,4326
sweep,3609
sweep,3077
sweep,3053
sweep,3653
sweep,2959
sweep,2792
sweep,2745
sweep,3078
sweep,3056
sweep,2621
sweep,3361
sweep,2909
sweep,3039
sweep,3431
sweep,2615
sweep,2635
sweep,3755
sweep,2443
sweep,3094
sweep,1932
sweep,3417
sweep,3638
sweep,4663
sweep,3414
sweep,3655
sweep,3086
sweep,2979
sweep,3266
sweep,2829
sweep,3402
sweep,2960
sweep,2987
sweep,2583
sweep,2768
sweep,3900
sweep,2922
sweep,2876
sweep,3244
sweep,2859
sweep,3674
sweep,2993
sweep,2517
sweep,2490
sweep,5756
sweep,8964
sweep,8539
sweep,8952
sweep,7946
sweep,5993
sweep,7608
sweep,4060
sweep,4393
sweep,5122
sweep,6129
sweep,5856
sweep,5804
sweep,223
mark,1027203
sweep,4748
sweep,4282
sweep,4009
sweep,3926
sweep,3624
sweep,4326
sweep,3473
sweep,3279
sweep,2816
sweep,3035
sweep,2929
sweep,2732
sweep,2693
sweep,2809
sweep,2581
sweep,2987
sweep,3690
sweep,2999
sweep,3068
sweep,3436
sweep,2706
sweep,2510
sweep,4026
sweep,2395
sweep,3110
sweep,1938
sweep,3566
sweep,4247
sweep,4656
sweep,3892
sweep,3507
sweep,2872
sweep,3142
sweep,2959
sweep,2735
sweep,3445
sweep,2811
sweep,3133
sweep,2718
sweep,2637
sweep,3728
sweep,2859
sweep,2751
sweep,2987
sweep,2813
sweep,3444
sweep,2798
sweep,2555
sweep,2717
sweep,3700
sweep,3788
sweep,3956
sweep,4120
sweep,5557
sweep,7565
sweep,6112
sweep,8943
sweep,7940
sweep,8652
sweep,7332
sweep,6974
sweep,7574
sweep,838
mark,1028818
sweep,4560
sweep,3817
sweep,4162
sweep,4368
sweep,3742
sweep,4270
sweep,3671
sweep,3403
sweep,3026
sweep,3327
sweep,3240
sweep,2965
sweep,2899
sweep,3193
sweep,2593
sweep,2647
sweep,3698
sweep,3218
sweep,3082
sweep,3739
sweep,2391
sweep,2393
sweep,3969
sweep,2384
sweep,3382
sweep,1906
sweep,3362
sweep,3662
sweep,4445
sweep,3745
sweep,3238
sweep,3001
sweep,2928
sweep,3165
sweep,2807
sweep,3196
sweep,2678
sweep,3026
sweep,2765
sweep,2845
sweep,4168
sweep,2938
sweep,2649
sweep,3271
sweep,2875
sweep,3443
sweep,3009
sweep,2629
sweep,2554
sweep,5346
sweep,8839
sweep,8707
sweep,8592
sweep,8443
sweep,6655
sweep,7503
sweep,4101
sweep,4290
sweep,4765
sweep,6192
sweep,5613
sweep,6079
sweep,223
mark,1027972
sweep,4529
sweep,4248
sweep,4290
sweep,4074
sweep,3820
sweep,4309
sweep,3869
sweep,3799
sweep,3053
sweep,3461
sweep,3058
sweep,2790
sweep,3016
sweep,3027
sweep,2658
sweep,3033
sweep,3199
sweep,2885
sweep,2876
sweep,3620
sweep,2517
sweep,3095
sweep,3683
sweep,2540
sweep,3200
sweep,2199
sweep,3351
sweep,3610
sweep,4303
sweep,3257
sweep,3073
sweep,3119
sweep,2913
sweep,3310
sweep,2731
sweep,3155
sweep,2957
sweep,3045
sweep,2491
sweep,3030
sweep,3875
sweep,2917
sweep,2730
sweep,3035
sweep,3084
sweep,3693
sweep,2758
sweep,2656
sweep,2442
sweep,3753
sweep,4216
sweep,3907
sweep,4269
sweep,6275
sweep,7700
sweep,6173
sweep,8679
sweep,8512
sweep,8826
sweep,8141
sweep,7511
sweep,7614
sweep,830
mark,1027853
sweep,5103
sweep,4074
sweep,3914
sweep,4332
sweep,3743
sweep,4406
sweep,3566
sweep,3129
sweep,3011
sweep,3531
sweep,3346
sweep,2813
sweep,2886
sweep,2958
sweep,2645
sweep,2629
sweep,3559
sweep,2950
sweep,3104
sweep,3882
sweep,2672
sweep,2627
sweep,3815
sweep,2349
sweep,3172
sweep,1992
sweep,3463
sweep,3915
sweep,4262
sweep,3831
sweep,3056
sweep,3121
sweep,2861
sweep,3012
sweep,2778
sweep,3479
sweep,2796
sweep,3370
sweep,2450
sweep,2868
sweep,3883
sweep,2585
sweep,2746
sweep,2843
sweep,3210
sweep,3468
sweep,2986
sweep,2788
sweep,2482
sweep,5412
sweep,9182
sweep,8823
sweep,8543
sweep,7939
sweep,6282
sweep,7426
sweep,4119
sweep,4421
sweep,5032
sweep,6237
sweep,5834
sweep,5981
sweep,240
mark,1029576
sweep,4681
sweep,4005
sweep,3928
sweep,4484
sweep,4144
sweep,4271
sweep,3779
sweep,3104
sweep,2766
sweep,3323
sweep,3240
sweep,2694
sweep,2629
sweep,3178
sweep,2993
sweep,2896
sweep,3480
sweep,3201
sweep,2965
sweep,3464
sweep,2398
sweep,2768
sweep,3716
sweep,2376
sweep,3389
sweep,1916
sweep,3559
sweep,3552
sweep,4551
sweep,3669
sweep,3409
sweep,3021
sweep,2953
sweep,2890
sweep,2829
sweep,3641
sweep,2837
sweep,2966
sweep,2553
sweep,2862
sweep,3837
sweep,2680
sweep,2798
sweep,3047
sweep,3027
sweep,3690
sweep,2957
sweep,2437
sweep,2458
sweep,3725
sweep,4003
sweep,4161
sweep,4435
sweep,5671
sweep,8361
sweep,6332
sweep,8580
sweep,8370
sweep,8538
sweep,8204
sweep,7527
sweep,7440
sweep,793
mark,1039685
sweep,5053
sweep,3712
sweep,4385
sweep,4367
sweep,3934
sweep,4104
sweep,3579
sweep,3341
sweep,2869
sweep,3533
sweep,3010
sweep,2833
sweep,2802
sweep,3291
sweep,3136
sweep,2681
sweep,3230
sweep,2923
sweep,3056
sweep,3332
sweep,2319
sweep,2403
sweep,3717
sweep,2535
sweep,3736
sweep,1976
sweep,3583
sweep,3613
sweep,4623
sweep,3347
sweep,3248
sweep,3074
sweep,2939
sweep,3199
sweep,2841
sweep,3163
sweep,2828
sweep,3371
sweep,2717
sweep,2753
sweep,3977
sweep,2658
sweep,2877
sweep,3017
sweep,3098
sweep,3414
sweep,2774
sweep,2520
sweep,2467
sweep,5533
sweep,9109
sweep,8547
sweep,8564
sweep,7981
sweep,5619
sweep,7726
sweep,4103
sweep,4364
sweep,4450
sweep,5618
sweep,5652
sweep,5767
sweep,223
mark,1029143
sweep,4882
sweep,4005
sweep,4032
sweep,4153
sweep,3733
sweep,4225
sweep,3590
sweep,3112
sweep,3078
sweep,3387
sweep,3031
sweep,2905
sweep,2736
sweep,2796
sweep,2579
sweep,3016
sweep,3281
sweep,3280
sweep,3217
sweep,3415
sweep,2323
sweep,2605
sweep,3704
sweep,2467
sweep,3308
sweep,1895
sweep,3378
sweep,3717
sweep,4063
sweep,3647
sweep,3286
sweep,2906
sweep,2888
sweep,3246
sweep,2816
sweep,3130
sweep,2870
sweep,3255
sweep,2538
sweep,2709
sweep,3792
sweep,2814
sweep,2681
sweep,2917
sweep,2979
sweep,3598
sweep,2697
sweep,2641
sweep,2631
sweep,3631
sweep,4067
sweep,4160
sweep,4104
sweep,6000
sweep,8426
sweep,6655
sweep,8360
sweep,8366
sweep,8297
sweep,7009
sweep,7175
sweep,7172
sweep,918
mark,1027833
sweep,4647
sweep,3931
sweep,3947
sweep,4268
sweep,3951
sweep,4070
sweep,3813
sweep,3143
sweep,2782
sweep,3378
sweep,2993
sweep,2753
sweep,2922
sweep,2720
sweep,2656
sweep,3106
sweep,3284
sweep,2909
sweep,3136
sweep,3488
sweep,2337
sweep,2557
sweep,3682
sweep,2365
sweep,3110
sweep,1948
sweep,3345
sweep,4128
sweep,4354
sweep,3314
sweep,3120
sweep,2957
sweep,3021
sweep,3033
sweep,2738
sweep,3359
sweep,2836
sweep,3058
sweep,2418
sweep,2615
sweep,3964
sweep,2855
sweep,2872
sweep,3125
sweep,2799
sweep,3934
sweep,2690
sweep,2554
sweep,2468
sweep,5669
sweep,8741
sweep,8521
sweep,8739
sweep,7394
sweep,6265
sweep,6867
sweep,4021
sweep,4349
sweep,4846
sweep,6415
sweep,6686
sweep,6517
sweep,234
mark,1081095
sweep,5278
sweep,4192
sweep,4205
sweep,4033
sweep,3824
sweep,3939
sweep,3841
sweep,3170
sweep,2859
sweep,3161
sweep,3197
sweep,3229
sweep,2922
sweep,3168
sweep,2846
sweep,2708
sweep,3408
sweep,2922
sweep,2930
sweep,3471
sweep,2446
sweep,2647
sweep,4317
sweep,2493
sweep,3108
sweep,5478
sweep,3577
sweep,3861
sweep,4637
sweep,3527
sweep,3272
sweep,3333
sweep,3135
sweep,2984
sweep,3066
sweep,3180
sweep,2765
sweep,3152
sweep,2681
sweep,2661
sweep,3738
sweep,2715
sweep,2753
sweep,2912
sweep,2882
sweep,3678
sweep,2789
sweep,2668
sweep,2467
sweep,3425
sweep,3889
sweep,3975
sweep,4113
sweep,6157
sweep,8378
sweep,6360
sweep,8733
sweep,8370
sweep,8664
sweep,8209
sweep,7146
sweep,7567
sweep,817
mark,1031627
sweep,5146
sweep,3751
sweep,4055
sweep,4023
sweep,3609
sweep,4230
sweep,3639
sweep,3546
sweep,3213
sweep,3251
sweep,3327
sweep,2689
sweep,2669
sweep,2828
sweep,2844
sweep,2573
sweep,3322
sweep,3325
sweep,3549
sweep,3719
sweep,2308
sweep,2429
sweep,3813
sweep,2501
sweep,3372
sweep,2080
sweep,3478
sweep,4302
sweep,4090
sweep,3454
sweep,3057
sweep,2884
sweep,2953
sweep,2952
sweep,2985
sweep,3317
sweep,3011
sweep,3262
sweep,2936
sweep,2916
sweep,3558
sweep,2812
sweep,2968
sweep,2925
sweep,3082
sweep,3353
sweep,2818
sweep,2551
sweep,2457
sweep,5606
sweep,9226
sweep,8651
sweep,8607
sweep,8101
sweep,5572
sweep,7388
sweep,4020
sweep,4553
sweep,4450
sweep,6304
sweep,5463
sweep,5771
sweep,221
mark,1025767
sweep,5068
sweep,4242
sweep,4160
sweep,4010
sweep,3767
sweep,3955
sweep,3685
sweep,3141
sweep,3125
sweep,3115
sweep,3414
sweep,2755
sweep,2866
sweep,3073
sweep,2768
sweep,2783
sweep,3457
sweep,3052
sweep,2987
sweep,3288
sweep,2260
sweep,2406
sweep,3696
sweep,2650
sweep,3171
sweep,2092
sweep,3276
sweep,4002
sweep,4505
sweep,3582
sweep,3010
sweep,3138
sweep,2879
sweep,2997
sweep,2784
sweep,3138
sweep,3112
sweep,3285
sweep,2477
sweep,2740
sweep,3838
sweep,2677
sweep,2689
sweep,2994
sweep,3024
sweep,3552
sweep,2728
sweep,2494
sweep,2656
sweep,3748
sweep,3777
sweep,4155
sweep,4108
sweep,6191
sweep,8455
sweep,6405
sweep,8387
sweep,8427
sweep,8381
sweep,7422
sweep,7356
sweep,7033
sweep,838
mark,1036379
sweep,4730
sweep,4355
sweep,4106
sweep,4313
sweep,3802
sweep,4039
sweep,3662
sweep,3335
sweep,3070
sweep,3391
sweep,3031
sweep,2933
sweep,3038
sweep,2993
sweep,2691
sweep,2830
sweep,3347
sweep,2987
sweep,3111
sweep,3765
sweep,2317
sweep,2477
sweep,4091
sweep,2445
sweep,3822
sweep,2231
sweep,3392
sweep,4093
sweep,4484
sweep,3388
sweep,2968
sweep,3157
sweep,3330
sweep,3107
sweep,2907
sweep,3090
sweep,3037
sweep,3040
sweep,2547
sweep,2574
sweep,3798
sweep,2767
sweep,2946
sweep,3058
sweep,2954
sweep,3400
sweep,3086
sweep,2454
sweep,2773
sweep,5515
sweep,8862
sweep,8559
sweep,8192
sweep,8110
sweep,5650
sweep,7416
sweep,4198
sweep,4556
sweep,4751
sweep,6278
sweep,6035
sweep,5744
sweep,233
mark,1031560
sweep,5316
sweep,4371
sweep,4265
sweep,4287
sweep,4022
sweep,4089
sweep,3690
sweep,3076
sweep,2891
sweep,3419
sweep,3061
sweep,2781
sweep,2717
sweep,3094
sweep,2865
sweep,3096
sweep,3291
sweep,2985
sweep,3068
sweep,3459
sweep,2395
sweep,2682
sweep,3762
sweep,2446
sweep,3444
sweep,2149
sweep,3389
sweep,3620
sweep,4355
sweep,3690
sweep,3439
sweep,3558
sweep,2988
sweep,2900
sweep,3042
sweep,3256
sweep,2814
sweep,3218
sweep,2582
sweep,2622
sweep,4269
sweep,2710
sweep,2645
sweep,3038
sweep,3253
sweep,3427
sweep,3097
sweep,2442
sweep,2508
sweep,3640
sweep,3992
sweep,3912
sweep,4359
sweep,5810
sweep,7784
sweep,6311
sweep,8816
sweep,9198
sweep,9150
sweep,7819
sweep,7480
sweep,7124
sweep,801
mark,1036286
sweep,4521
sweep,4068
sweep,4013
sweep,3920
sweep,3904
sweep,4269
sweep,3627
sweep,3113
sweep,3136
sweep,3229
sweep,2983
sweep,2672
sweep,2799
sweep,2959
sweep,2584
sweep,3024
sweep,3334
sweep,3042
sweep,3258
sweep,3369
sweep,2470
sweep,2543
sweep,3751
sweep,2520
sweep,3332
sweep,1907
sweep,3755
sweep,3910
sweep,4623
sweep,3399
sweep,3571
sweep,2933
sweep,2838
sweep,3088
sweep,3032
sweep,3302
sweep,2883
sweep,3366
sweep,2593
sweep,2720
sweep,4012
sweep,2695
sweep,2803
sweep,3314
sweep,2988
sweep,3798
sweep,2745
sweep,2791
sweep,2514
sweep,5609
sweep,9312
sweep,8608
sweep,8688
sweep,7874
sweep,5749
sweep,6891
sweep,3992
sweep,4296
sweep,4864
sweep,5865
sweep,5504
sweep,5903
sweep,222
mark,1024447
sweep,4650
sweep,3975
sweep,4381
sweep,4416
sweep,3537
sweep,4430
sweep,3543
sweep,3067
sweep,2852
sweep,2964
sweep,3098
sweep,2957
sweep,2620
sweep,2812
sweep,2846
sweep,2693
sweep,3437
sweep,3105
sweep,3196
sweep,3599
sweep,2392
sweep,2604
sweep,3969
sweep,2384
sweep,3638
sweep,2122
sweep,3238
sweep,4047
sweep,4235
sweep,3534
sweep,3243
sweep,3416
sweep,3000
sweep,2973
sweep,3031
sweep,3571
sweep,2822
sweep,3082
sweep,2460
sweep,2736
sweep,3765
sweep,2642
sweep,2797
sweep,3281
sweep,3003
sweep,3641
sweep,3077
sweep,2798
sweep,2399
sweep,3491
sweep,4328
sweep,4120
sweep,4148
sweep,5783
sweep,7757
sweep,5944
sweep,8948
sweep,8219
sweep,8219
sweep,7188
sweep,7215
sweep,7115
sweep,844
mark,1029812
sweep,4466
sweep,3785
sweep,4052
sweep,4201
sweep,3823
sweep,4268
sweep,3923
sweep,3149
sweep,3150
sweep,3282
sweep,3003
sweep,3078
sweep,2636
sweep,2848
sweep,2829
sweep,2978
sweep,3251
sweep,2994
sweep,3110
sweep,3727
sweep,2601
sweep,2400
sweep,3746
sweep,2455
sweep,3157
sweep,1856
sweep,3475
sweep,3929
sweep,4560
sweep,3336
sweep,3385
sweep,3187
sweep,3163
sweep,3097
sweep,2754
sweep,3231
sweep,3019
sweep,3036
sweep,2467
sweep,2723
sweep,4080
sweep,2612
sweep,2604
sweep,3257
sweep,3161
sweep,3471
sweep,2697
sweep,2789
sweep,2469
sweep,5372
sweep,9121
sweep,8819
sweep,8333
sweep,7856
sweep,5664
sweep,6882
sweep,4125
sweep,4834
sweep,4839
sweep,5757
sweep,5648
sweep,6048
sweep,251
mark,1023612
sweep,4754
sweep,3940
sweep,3934
sweep,3996
sweep,3444
sweep,4083
sweep,3607
sweep,3638
sweep,2815
sweep,3150
sweep,3033
sweep,2734
sweep,2707
sweep,2837
sweep,2611
sweep,2698
sweep,3123
sweep,3060
sweep,3034
sweep,3363
sweep,2307
sweep,2543
sweep,4105
sweep,2569
sweep,3075
sweep,1982
sweep,3548
sweep,3692
sweep,4620
sweep,3265
sweep,3235
sweep,3031
sweep,2942
sweep,3183
sweep,2705
sweep,3470
sweep,2972
sweep,3131
sweep,2570
sweep,2892
sweep,3818
sweep,2661
sweep,2708
sweep,3328
sweep,3204
sweep,3501
sweep,3000
sweep,2543
sweep,2474
sweep,3681
sweep,4014
sweep,3918
sweep,4065
sweep,6101
sweep,7659
sweep,5836
sweep,8500
sweep,8202
sweep,8574
sweep,7338
sweep,7614
sweep,7054
sweep,829
mark,1029943
sweep,4588
sweep,3983
sweep,3984
sweep,4255
sweep,3857
sweep,4163
sweep,3565
sweep,3219
sweep,3049
sweep,3295
sweep,3017
sweep,2757
sweep,2604
sweep,2717
sweep,3027
sweep,2904
sweep,3350
sweep,2879
sweep,3243
sweep,3636
sweep,2400
sweep,2608
sweep,4062
sweep,2352
sweep,3132
sweep,1964
sweep,3443
sweep,3597
sweep,4540
sweep,3408
sweep,3332
sweep,3288
sweep,2883
sweep,3102
sweep,2817
sweep,3049
sweep,2768
sweep,3014
sweep,2387
sweep,3114
sweep,3688
sweep,2793
sweep,2846
sweep,2933
sweep,2745
sweep,3391
sweep,2903
sweep,2751
sweep,2425
sweep,5374
sweep,8945
sweep,8519
sweep,8468
sweep,8176
sweep,5945
sweep,7303
sweep,4139
sweep,4371
sweep,5010
sweep,6501
sweep,5881
sweep,5903
sweep,227
mark,1024226
sweep,4643
sweep,3885
sweep,4157
sweep,4302
sweep,3534
sweep,4215
sweep,3883
sweep,3121
sweep,2711
sweep,3133
sweep,3157
sweep,2772
sweep,2912
sweep,3329
sweep,2621
sweep,2726
sweep,3376
sweep,2860
sweep,3045
sweep,3443
sweep,2241
sweep,2739
sweep,3845
sweep,2731
sweep,3049
sweep,1897
sweep,3479
sweep,3647
sweep,4275
sweep,3745
sweep,3084
sweep,3273
sweep,2919
sweep,2999
sweep,3042
sweep,3548
sweep,2795
sweep,3123
sweep,2506
sweep,2998
sweep,3774
sweep,2756
sweep,3036
sweep,3020
sweep,2992
sweep,3508
sweep,2802
sweep,2627
sweep,2504
sweep,3820
sweep,4385
sweep,4191
sweep,4229
sweep,5618
sweep,8429
sweep,6436
sweep,9067
sweep,8040
sweep,9119
sweep,7258
sweep,7702
sweep,7076
sweep,829
mark,1030233
sweep,5118
sweep,4184
sweep,4085
sweep,4225
sweep,3786
sweep,4009
sweep,3881
sweep,3136
sweep,3164
sweep,3352
sweep,3364
sweep,3289
sweep,2614
sweep,2886
sweep,2615
sweep,2920
sweep,3264
sweep,2853
sweep,3091
sweep,3349
sweep,2632
sweep,2481
sweep,3781
sweep,2499
sweep,3376
sweep,2080
sweep,3634
sweep,3650
sweep,4176
sweep,3388
sweep,3201
sweep,2997
sweep,2943
sweep,3120
sweep,2793
sweep,3093
sweep,2776
sweep,3194
sweep,2630
sweep,2616
sweep,3730
sweep,3250
sweep,2695
sweep,2878
sweep,2851
sweep,3678
sweep,3082
sweep,2474
sweep,2512
sweep,5516
sweep,9276
sweep,8580
sweep,8543
sweep,7995
sweep,5868
sweep,7089
sweep,3939
sweep,4596
sweep,4232
sweep,5971
sweep,5600
sweep,5843
sweep,224
mark,1034057
sweep,4995
sweep,3813
sweep,4001
sweep,4291
sweep,3697
sweep,4165
sweep,3801
sweep,3394
sweep,2785
sweep,3100
sweep,3242
sweep,2815
sweep,2746
sweep,2813
sweep,2466
sweep,3194
sweep,3175
sweep,3377
sweep,3388
sweep,3447
sweep,2392
sweep,2759
sweep,4019
sweep,2561
sweep,3124
sweep,1871
sweep,3571
sweep,3632
sweep,4575
sweep,3560
sweep,3198
sweep,3100
sweep,2886
sweep,3106
sweep,2836
sweep,3648
sweep,2750
sweep,3058
sweep,2618
sweep,2658
sweep,4019
sweep,2867
sweep,2907
sweep,3239
sweep,2736
sweep,3551
sweep,2869
sweep,2804
sweep,2665
sweep,3406
sweep,3884
sweep,4088
sweep,4120
sweep,6191
sweep,7896
sweep,5937
sweep,8896
sweep,8325
sweep,8764
sweep,8354
sweep,7435
sweep,7771
sweep,831
mark,1035638
sweep,4727
sweep,4041
sweep,4024
sweep,4029
sweep,3872
sweep,4376
sweep,3647
sweep,3187
sweep,3113
sweep,3150
sweep,3032
sweep,2982
sweep,2961
sweep,3155
sweep,2631
sweep,2886
sweep,3178
sweep,3423
sweep,3316
sweep,3461
sweep,2386
sweep,2351
sweep,3695
sweep,2337
sweep,3166
sweep,1866
sweep,3456
sweep,3979
sweep,4451
sweep,3480
sweep,3097
sweep,3140
sweep,2866
sweep,3179
sweep,2816
sweep,3168
sweep,3075
sweep,3302
sweep,2681
sweep,2737
sweep,4197
sweep,2945
sweep,2734
sweep,2932
sweep,3137
sweep,3665
sweep,2956
sweep,2420
sweep,2443
sweep,5450
sweep,9018
sweep,8672
sweep,8722
sweep,7999
sweep,5973
sweep,7109
sweep,4084
sweep,4330
sweep,5028
sweep,6206
sweep,5792
sweep,5878
sweep,227
mark,1037804
sweep,4782
sweep,3713
sweep,3970
sweep,4279
sweep,4037
sweep,4220
sweep,3591
sweep,3350
sweep,3070
sweep,3621
sweep,3312
sweep,2754
sweep,2843
sweep,2767
sweep,2566
sweep,2831
sweep,3224
sweep,2926
sweep,3391
sweep,3462
sweep,2375
sweep,2776
sweep,3725
sweep,2570
sweep,3547
sweep,1955
sweep,3383
sweep,3973
sweep,4274
sweep,3394
sweep,3208
sweep,3110
sweep,3030
sweep,3135
sweep,2873
sweep,3542
sweep,2929
sweep,3148
sweep,2739
sweep,3327
sweep,3875
sweep,2681
sweep,2727
sweep,3077
sweep,3111
sweep,3421
sweep,2678
sweep,2496
sweep,2475
sweep,3940
sweep,3946
sweep,4070
sweep,4101
sweep,6090
sweep,7804
sweep,5899
sweep,8651
sweep,8711
sweep,8608
sweep,8433
sweep,7437
sweep,7806
sweep,831
mark,1036895
sweep,5239
sweep,4086
sweep,4200
sweep,4004
sweep,3714
sweep,4256
sweep,3675
sweep,3109
sweep,2798
sweep,3294
sweep,3323
sweep,2923
sweep,2734
sweep,3011
sweep,2796
sweep,2868
sweep,3370
sweep,3249
sweep,3036
sweep,3430
sweep,2339
sweep,2860
sweep,3965
sweep,2474
sweep,3222
sweep,1872
sweep,3342
sweep,3575
sweep,4354
sweep,3699
sweep,3202
sweep,2943
sweep,2885
sweep,3127
sweep,2835
sweep,3208
sweep,2872
sweep,3295
sweep,2522
sweep,2761
sweep,3819
sweep,2707
sweep,2806
sweep,2941
sweep,3313
sweep,4010
sweep,3097
sweep,2476
sweep,2470
sweep,5875
sweep,8497
sweep,9125
sweep,8909
sweep,7445
sweep,5759
sweep,6816
sweep,3993
sweep,4425
sweep,4865
sweep,6226
sweep,5874
sweep,5681
sweep,222
mark,1027678
sweep,4657
sweep,4141
sweep,3933
sweep,4211
sweep,3802
sweep,4040
sweep,3542
sweep,3118
sweep,3186
sweep,3222
sweep,3257
sweep,2799
sweep,2659
sweep,3052
sweep,2581
sweep,3076
sweep,3290
sweep,2905
sweep,3064
sweep,3322
sweep,2531
sweep,2512
sweep,3732
sweep,2339
sweep,3130
sweep,1911
sweep,3548
sweep,3885
sweep,4162
sweep,3220
sweep,3072
sweep,3618
sweep,2880
sweep,3321
sweep,2912
sweep,3273
sweep,2807
sweep,3018
sweep,2616
sweep,2630
sweep,3943
sweep,2955
sweep,2659
sweep,3357
sweep,2766
sweep,3355
sweep,2779
sweep,2579
sweep,2456
sweep,3392
sweep,4292
sweep,4116
sweep,4400
sweep,6064
sweep,7474
sweep,5925
sweep,8892
sweep,8521
sweep,8729
sweep,8313
sweep,7650
sweep,7665
sweep,831
mark,1028271
sweep,4548
sweep,4030
sweep,3930
sweep,4178
sweep,3688
sweep,4197
sweep,3819
sweep,3469
sweep,3091
sweep,3660
sweep,2942
sweep,2818
sweep,2691
sweep,3272
sweep,2624
sweep,2676
sweep,3548
sweep,3022
sweep,2942
sweep,3377
sweep,2600
sweep,2399
sweep,3894
sweep,2387
sweep,3113
sweep,1964
sweep,3575
sweep,4155
sweep,4306
sweep,3340
sweep,3454
sweep,2956
sweep,3048
sweep,3043
sweep,2808
sweep,3184
sweep,2974
sweep,3231
sweep,2478
sweep,2764
sweep,3950
sweep,2842
sweep,2664
sweep,2950
sweep,3057
sweep,3428
sweep,2722
sweep,2690
sweep,2433
sweep,5883
sweep,9402
sweep,8652
sweep,8788
sweep,7864
sweep,5841
sweep,6856
sweep,3990
sweep,4524
sweep,4784
sweep,6253
sweep,5817
sweep,5810
sweep,225
mark,1029675
sweep,4840
sweep,4007
sweep,4308
sweep,4497
sweep,3533
sweep,4341
sweep,3713
sweep,3128
sweep,3039
sweep,3020
sweep,3065
sweep,2806
sweep,3051
sweep,2785
sweep,2492
sweep,2640
sweep,3359
sweep,3287
sweep,3143
sweep,3308
sweep,2432
sweep,2558
sweep,3774
sweep,2527
sweep,3111
sweep,1955
sweep,3357
sweep,3569
sweep,4326
sweep,3324
sweep,3091
sweep,3204
sweep,2967
sweep,2942
sweep,2829
sweep,3266
sweep,2840
sweep,3006
sweep,2463
sweep,2963
sweep,3802
sweep,2746
sweep,3062
sweep,3070
sweep,2731
sweep,3388
sweep,2648
sweep,2529
sweep,2749
sweep,3526
sweep,4314
sweep,4403
sweep,4414
sweep,5933
sweep,8289
sweep,6194
sweep,8851
sweep,8565
sweep,8475
sweep,8050
sweep,7352
sweep,7453
sweep,780
mark,1028147
sweep,4674
sweep,3999
sweep,3934
sweep,4186
sweep,3661
sweep,4364
sweep,3639
sweep,3774
sweep,3216
sweep,3120
sweep,3280
sweep,3028
sweep,2803
sweep,2765
sweep,2689
sweep,2656
sweep,3237
sweep,11764
sweep,2888
sweep,3732
sweep,2631
sweep,2646
sweep,3789
sweep,2441
sweep,3226
sweep,1931
sweep,3666
sweep,3733
sweep,4367
sweep,3631
sweep,3211
sweep,2950
sweep,3125
sweep,3237
sweep,2805
sweep,3241
sweep,3048
sweep,3025
sweep,2472
sweep,2804
sweep,3762
sweep,2884
sweep,2726
sweep,3031
sweep,2820
sweep,3517
sweep,2649
sweep,2487
sweep,2585
sweep,5455
sweep,9120
sweep,8821
sweep,8795
sweep,8042
sweep,5774
sweep,7350
sweep,4043
sweep,4597
sweep,4990
sweep,6147
sweep,5623
sweep,5953
sweep,228
mark,1024495
sweep,5024
sweep,4370
sweep,4207
sweep,4168
sweep,3652
sweep,4033
sweep,3590
sweep,3176
sweep,3077
sweep,3516
sweep,3019
sweep,2748
sweep,2802
sweep,3022
sweep,2795
sweep,2707
sweep,3276
sweep,2907
sweep,3288
sweep,3759
sweep,2391
sweep,2529
sweep,3754
sweep,2510
sweep,3151
sweep,2040
sweep,3412
sweep,3863
sweep,3990
sweep,3393
sweep,3186
sweep,2883
sweep,2945
sweep,3093
sweep,2786
sweep,3558
sweep,2963
sweep,3107
sweep,2480
sweep,3040
sweep,3882
sweep,2769
sweep,3020
sweep,3048
sweep,3150
sweep,3508
sweep,2804
sweep,2765
sweep,2641
sweep,3773
sweep,4028
sweep,3987
sweep,4098
sweep,6048
sweep,7808
sweep,6267
sweep,8775
sweep,8234
sweep,8841
sweep,8519
sweep,7296
sweep,7470
sweep,802
mark,1028182
sweep,4910
sweep,3869
sweep,3863
sweep,3993
sweep,3562
sweep,4266
sweep,3642
sweep,3356
sweep,2805
sweep,3250
sweep,3262
sweep,2902
sweep,2994
sweep,2798
sweep,2626
sweep,2735
sweep,3213
sweep,3252
sweep,3021
sweep,3289
sweep,2576
sweep,2451
sweep,3987
sweep,2659
sweep,3109
sweep,2061
sweep,3446
sweep,4212
sweep,4765
sweep,3732
sweep,3229
sweep,3100
sweep,2918
sweep,2935
sweep,2739
sweep,3233
sweep,3066
sweep,3066
sweep,2740
sweep,2990
sweep,3665
sweep,2617
sweep,2817
sweep,2873
sweep,2815
sweep,3355
sweep,2990
sweep,2730
sweep,2492
sweep,5668
sweep,8526
sweep,8725
sweep,8644
sweep,7757
sweep,6085
sweep,6859
sweep,3917
sweep,4590
sweep,4796
sweep,6209
sweep,5702
sweep,6016
sweep,215
mark,1027245
sweep,5230
sweep,4236
sweep,3981
sweep,4214
sweep,3866
sweep,3893
sweep,3596
sweep,3259
sweep,2792
sweep,3489
sweep,3032
sweep,2716
sweep,2765
sweep,3022
sweep,2548
sweep,2803
sweep,3280
sweep,2941
sweep,3108
sweep,3627
sweep,2584
sweep,2566
sweep,3901
sweep,2731
sweep,3090
sweep,2120
sweep,3441
sweep,3947
sweep,4227
sweep,3589
sweep,3482
sweep,3353
sweep,3117
sweep,3070
sweep,2806
sweep,3253
sweep,2731
sweep,3357
sweep,2750
sweep,2656
sweep,3618
sweep,2836
sweep,2928
sweep,2997
sweep,2950
sweep,3615
sweep,2762
sweep,2503
sweep,2400
sweep,3428
sweep,4144
sweep,3983
sweep,4064
sweep,5511
sweep,7736
sweep,6130
sweep,10041
sweep,8458
sweep,8333
sweep,7386
sweep,7233
sweep,7310
sweep,830
mark,1034575
sweep,4596
sweep,3867
sweep,4429
sweep,4262
sweep,3811
sweep,4197
sweep,3587
sweep,3342
sweep,3163
sweep,3377
sweep,2949
sweep,2928
sweep,2793
sweep,2998
sweep,2609
sweep,2839
sweep,3290
sweep,3107
sweep,2938
sweep,3363
sweep,2467
sweep,2361
sweep,3863
sweep,2493
sweep,3233
sweep,1881
sweep,3450
sweep,4015
sweep,4709
sweep,3881
sweep,3272
sweep,3522
sweep,3014
sweep,3159
sweep,2772
sweep,3259
sweep,2720
sweep,3137
sweep,2528
sweep,2684
sweep,3938
sweep,2709
sweep,2669
sweep,3230
sweep,2967
sweep,3446
sweep,3074
sweep,2519
sweep,2438
sweep,5389
sweep,8858
sweep,8631
sweep,8658
sweep,7890
sweep,5601
sweep,7676
sweep,3962
sweep,4290
sweep,4605
sweep,5875
sweep,5616
sweep,5732
sweep,237
mark,1029221
sweep,4769
sweep,4321
sweep,4262
sweep,3886
sweep,3767
sweep,4185
sweep,3674
sweep,3000
sweep,2823
sweep,3113
sweep,3185
sweep,3150
sweep,2778
sweep,2759
sweep,3068
sweep,2684
sweep,3216
sweep,3195
sweep,3145
sweep,3267
sweep,2367
sweep,2445
sweep,4046
sweep,2461
sweep,3127
sweep,1961
sweep,3317
sweep,3771
sweep,4442
sweep,3403
sweep,3238
sweep,3294
sweep,2879
sweep,2957
sweep,2753
sweep,3227
sweep,2921
sweep,3583
sweep,2629
sweep,2977
sweep,3792
sweep,2730
sweep,2675
sweep,3180
sweep,2853
sweep,3470
sweep,2707
sweep,2650
sweep,2636
sweep,3500
sweep,4231
sweep,4271
sweep,4448
sweep,5639
sweep,8064
sweep,6656
sweep,9198
sweep,8182
sweep,8935
sweep,7591
sweep,7620
sweep,7018
sweep,830
mark,1037129
sweep,4608
sweep,3946
sweep,4016
sweep,4150
sweep,3686
sweep,4199
sweep,3724
sweep,3028
sweep,3126
sweep,3154
sweep,2948
sweep,2739
sweep,2732
sweep,2985
sweep,2674
sweep,2907
sweep,3433
sweep,2891
sweep,2994
sweep,3919
sweep,2796
sweep,2468
sweep,3663
sweep,2562
sweep,3622
sweep,1992
sweep,3488
sweep,3892
sweep,4457
sweep,3297
sweep,3098
sweep,2901
sweep,2873
sweep,3270
sweep,2849
sweep,3350
sweep,2766
sweep,3096
sweep,2621
sweep,2792
sweep,3812
sweep,2585
sweep,2679
sweep,2886
sweep,2880
sweep,3898
sweep,2638
sweep,2534
sweep,2569
sweep,5575
sweep,9047
sweep,8653
sweep,8384
sweep,12428
sweep,6012
sweep,6920
sweep,3978
sweep,4303
sweep,4606
sweep,6185
sweep,6097
sweep,5822
sweep,227
mark,1030102
sweep,4793
sweep,4008
sweep,4231
sweep,4097
sweep,3664
sweep,4278
sweep,4069
sweep,3004
sweep,2929
sweep,3082
sweep,3186
sweep,2875
sweep,2645
sweep,2754
sweep,2781
sweep,2777
sweep,3428
sweep,2917
sweep,3057
sweep,3457
sweep,2288
sweep,2626
sweep,4013
sweep,2311
sweep,3377
sweep,2086
sweep,3335
sweep,3860
sweep,4375
sweep,3490
sweep,3118
sweep,3177
sweep,3021
sweep,3055
sweep,2850
sweep,3272
sweep,2942
sweep,3331
sweep,2499
sweep,2782
sweep,3700
sweep,3120
sweep,2673
sweep,2943
sweep,2994
sweep,3473
sweep,2826
sweep,2675
sweep,2719
sweep,3679
sweep,4150
sweep,4253
sweep,4060
sweep,5888
sweep,8406
sweep,6363
sweep,8621
sweep,8380
sweep,8361
sweep,7465
sweep,7529
sweep,7083
sweep,840
mark,1064876
sweep,4611
sweep,3862
sweep,4424
sweep,3975
sweep,3459
sweep,3977
sweep,3683
sweep,3324
sweep,3046
sweep,3171
sweep,3072
sweep,2715
sweep,2811
sweep,2939
sweep,2623
sweep,3068
sweep,3225
sweep,3225
sweep,3117
sweep,3781
sweep,2357
sweep,2453
sweep,3778
sweep,2628
sweep,3185
sweep,2038
sweep,3383
sweep,3767
sweep,4414
sweep,3869
sweep,3075
sweep,3456
sweep,2843
sweep,3289
sweep,2847
sweep,3313
sweep,3061
sweep,3165
sweep,2454
sweep,2923
sweep,3767
sweep,2926
sweep,2916
sweep,3497
sweep,3396
sweep,3557
sweep,2668
sweep,2451
sweep,2491
sweep,5507
sweep,8653
sweep,8617
sweep,8505
sweep,8189
sweep,6644
sweep,7300
sweep,4289
sweep,4338
sweep,4142
sweep,5997
sweep,5830
sweep,6032
sweep,222
mark,1050519
sweep,4568
sweep,3962
sweep,4349
sweep,4216
sweep,3873
sweep,4310
sweep,3510
sweep,3137
sweep,2859
sweep,3242
sweep,3073
sweep,2749
sweep,2718
sweep,3197
sweep,2710
sweep,2764
sweep,3277
sweep,3094
sweep,3236
sweep,3308
sweep,2584
sweep,2987
sweep,3716
sweep,2373
sweep,3023
sweep,2030
sweep,3358
sweep,3935
sweep,4201
sweep,3473
sweep,3077
sweep,3044
sweep,2891
sweep,3092
sweep,2879
sweep,3656
sweep,2806
sweep,2999
sweep,2434
sweep,2917
sweep,3829
sweep,2723
sweep,2800
sweep,3320
sweep,3290
sweep,3393
sweep,2731
sweep,2464
sweep,2469
sweep,3750
sweep,4026
sweep,4381
sweep,4453
sweep,6093
sweep,8047
sweep,6476
sweep,8917
sweep,8564
sweep,8359
sweep,7590
sweep,7271
sweep,7079
sweep,839
mark,1061540
sweep,4798
sweep,3854
sweep,4106
sweep,4005
sweep,3585
sweep,4534
sweep,3636
sweep,3033
sweep,3075
sweep,3169
sweep,3054
sweep,3081
sweep,3001
sweep,3217
sweep,3078
sweep,2650
sweep,3463
sweep,2945
sweep,2985
sweep,3543
sweep,2692
sweep,2512
sweep,3801
sweep,2383
sweep,3172
sweep,1931
sweep,3707
sweep,3598
sweep,4391
sweep,3369
sweep,3026
sweep,3421
sweep,2829
sweep,3062
sweep,2771
sweep,3542
sweep,2791
sweep,3111
sweep,2751
sweep,2661
sweep,3763
sweep,2697
sweep,2932
sweep,2946
sweep,2844
sweep,3411
sweep,2819
sweep,2679
sweep,2752
sweep,5577
sweep,8778
sweep,9044
sweep,8597
sweep,7998
sweep,6190
sweep,6934
sweep,4418
sweep,4282
sweep,5131
sweep,6166
sweep,5725
sweep,5823
sweep,237
mark,1029913
sweep,4613
sweep,4094
sweep,3834
sweep,4646
sweep,3886
sweep,4033
sweep,3762
sweep,3213
sweep,2930
sweep,3313
sweep,3099
sweep,2933
sweep,2785
sweep,2839
sweep,2639
sweep,2588
sweep,3452
sweep,3261
sweep,2954
sweep,3464
sweep,2417
sweep,2400
sweep,3778
sweep,2451
sweep,3099
sweep,2178
sweep,3507
sweep,3566
sweep,4158
sweep,3450
sweep,3463
sweep,3371
sweep,2912
sweep,3027
sweep,3077
sweep,3278
sweep,2786
sweep,3027
sweep,2518
sweep,2954
sweep,3774
sweep,2887
sweep,2908
sweep,3026
sweep,3302
sweep,3829
sweep,2785
sweep,2517
sweep,2496
sweep,3635
sweep,4006
sweep,4279
sweep,4198
sweep,5681
sweep,8353
sweep,6551
sweep,8403
sweep,8305
sweep,8388
sweep,7440
sweep,7145
sweep,6990
sweep,775
mark,1034515
sweep,4647
sweep,3834
sweep,4419
sweep,4215
sweep,3736
sweep,4572
sweep,3662
sweep,3285
sweep,2796
sweep,3493
sweep,3072
sweep,2784
sweep,2711
sweep,2843
sweep,2568
sweep,2851
sweep,3300
sweep,3125
sweep,3058
sweep,3703
sweep,2291
sweep,2846
sweep,3742
sweep,2579
sweep,3189
sweep,1897
sweep,3442
sweep,3847
sweep,4211
sweep,3790
sweep,3278
sweep,3328
sweep,2975
sweep,2956
sweep,3015
sweep,3287
sweep,2740
sweep,3157
sweep,2579
sweep,2883
sweep,3914
sweep,3085
sweep,2731
sweep,2920
sweep,3112
sweep,3459
sweep,2802
sweep,2631
sweep,2566
sweep,5427
sweep,8688
sweep,8613
sweep,8896
sweep,7529
sweep,6093
sweep,7003
sweep,4116
sweep,4760
sweep,4275
sweep,5759
sweep,5500
sweep,5820
sweep,226
mark,1030184
sweep,4729
sweep,4052
sweep,4044
sweep,4379
sweep,3446
sweep,4377
sweep,3497
sweep,3284
sweep,2917
sweep,3218
sweep,3151
sweep,2706
sweep,2628
sweep,2882
sweep,2560
sweep,2840
sweep,3694
sweep,3000
sweep,3030
sweep,3804
sweep,2617
sweep,2904
sweep,3823
sweep,2531
sweep,3059
sweep,2080
sweep,3303
sweep,3639
sweep,4551
sweep,3653
sweep,3163
sweep,2989
sweep,3009
sweep,3075
sweep,2924
sweep,3447
sweep,3403
sweep,3023
sweep,2686
sweep,2717
sweep,3756
sweep,2698
sweep,3005
sweep,2988
sweep,3216
sweep,3375
sweep,2877
sweep,2492
sweep,2574
sweep,3718
sweep,4173
sweep,3979
sweep,4241
sweep,6023
sweep,7686
sweep,5871
sweep,8938
sweep,8330
sweep,8465
sweep,7124
sweep,7476
sweep,7554
sweep,836
mark,1031941
sweep,4605
sweep,4098
sweep,4196
sweep,4232
sweep,4059
sweep,4127
sweep,3651
sweep,3180
sweep,3181
sweep,3268
sweep,3194
sweep,2790
sweep,2768
sweep,2975
sweep,2945
sweep,2697
sweep,3377
sweep,2960
sweep,3270
sweep,3346
sweep,2320
sweep,2591
sweep,4059
sweep,2620
sweep,3166
sweep,1966
sweep,3688
sweep,3594
sweep,4840
sweep,3481
sweep,3087
sweep,2887
sweep,2857
sweep,2947
sweep,2787
sweep,3412
sweep,2819
sweep,3397
sweep,2669
sweep,2824
sweep,3749
sweep,2777
sweep,2904
sweep,3052
sweep,2777
sweep,3469
sweep,2759
sweep,2539
sweep,2416
sweep,5533
sweep,8568
sweep,8557
sweep,8492
sweep,8152
sweep,6002
sweep,7421
sweep,3911
sweep,4277
sweep,4959
sweep,5922
sweep,5921
sweep,5991
sweep,223
mark,1030611
sweep,4748
sweep,4422
sweep,4229
sweep,4223
sweep,3698
sweep,3942
sweep,3882
sweep,3196
sweep,2849
sweep,3089
sweep,3173
sweep,3235
sweep,2734
sweep,2981
sweep,3145
sweep,3030
sweep,3243
sweep,3134
sweep,2999
sweep,3762
sweep,2486
sweep,2543
sweep,3674
sweep,2415
sweep,3770
sweep,1864
sweep,3455
sweep,3577
sweep,4254
sweep,3811
sweep,3120
sweep,3046
sweep,3092
sweep,2937
sweep,2813
sweep,3151
sweep,2736
sweep,3210
sweep,2629
sweep,2655
sweep,3675
sweep,2899
sweep,2850
sweep,2963
sweep,2729
sweep,3667
sweep,2805
sweep,2654
sweep,2533
sweep,3804
sweep,3936
sweep,4032
sweep,4479
sweep,5687
sweep,7442
sweep,6105
sweep,9360
sweep,8231
sweep,8887
sweep,7475
sweep,7594
sweep,7132
sweep,835
mark,1032432
sweep,4534
sweep,3949
sweep,3910
sweep,4040
sweep,3805
sweep,3998
sweep,3814
sweep,3284
sweep,2977
sweep,3530
sweep,3349
sweep,2971
sweep,2727
sweep,2895
sweep,2759
sweep,2694
sweep,3249
sweep,2893
sweep,3018
sweep,3418
sweep,2258
sweep,2345
sweep,3768
sweep,2426
sweep,3217
sweep,2098
sweep,3501
sweep,3839
sweep,4179
sweep,3540
sweep,3115
sweep,2988
sweep,2917
sweep,3056
sweep,3286
sweep,3285
sweep,2700
sweep,3078
sweep,2758
sweep,2660
sweep,3613
sweep,2651
sweep,2772
sweep,2867
sweep,3012
sweep,3760
sweep,2759
sweep,2613
sweep,2483
sweep,6090
sweep,9230
sweep,8477
sweep,8663
sweep,7962
sweep,5783
sweep,6762
sweep,4088
sweep,4346
sweep,4747
sweep,6261
sweep,5810
sweep,5784
sweep,221
mark,1037304
sweep,4578
sweep,4027
sweep,4199
sweep,4322
sweep,3968
sweep,4335
sweep,3489
sweep,3057
sweep,2753
sweep,3030
sweep,3283
sweep,3007
sweep,2765
sweep,2984
sweep,2545
sweep,2853
sweep,3365
sweep,2922
sweep,3207
sweep,3378
sweep,2317
sweep,2528
sweep,4023
sweep,2343
sweep,3134
sweep,2036
sweep,3365
sweep,3585
sweep,4477
sweep,3389
sweep,3229
sweep,3285
sweep,2914
sweep,2956
sweep,2898
sweep,3439
sweep,2717
sweep,3311
sweep,2488
sweep,2605
sweep,3887
sweep,2663
sweep,3029
sweep,3538
sweep,2752
sweep,3489
sweep,3119
sweep,2444
sweep,2626
sweep,3466
sweep,4164
sweep,4008
sweep,4072
sweep,6109
sweep,7819
sweep,6267
sweep,8458
sweep,8404
sweep,8917
sweep,8500
sweep,7375
sweep,7695
sweep,900
mark,1039534
sweep,4973
sweep,4032
sweep,4040
sweep,3922
sweep,3668
sweep,3957
sweep,3959
sweep,3073
sweep,3084
sweep,3232
sweep,3031
sweep,2717
sweep,2726
sweep,2910
sweep,3179
sweep,2926
sweep,3287
sweep,3215
sweep,3159
sweep,3510
sweep,2370
sweep,2369
sweep,3724
sweep,2530
sweep,3099
sweep,1910
sweep,3373
sweep,3630
sweep,4361
sweep,3659
sweep,3107
sweep,3291
sweep,2862
sweep,3179
sweep,3183
sweep,3085
sweep,3074
sweep,3232
sweep,2549
sweep,2657
sweep,3887
sweep,2977
sweep,2805
sweep,2931
sweep,3521
sweep,3889
sweep,3051
sweep,2758
sweep,2439
sweep,5829
sweep,9155
sweep,8291
sweep,8441
sweep,8169
sweep,6591
sweep,7512
sweep,4043
sweep,4273
sweep,4748
sweep,6136
sweep,5601
sweep,5749
sweep,223
mark,1029649
sweep,5181
sweep,3799
sweep,4420
sweep,4155
sweep,3686
sweep,4351
sweep,4443
sweep,3079
sweep,3120
sweep,3312
sweep,3098
sweep,2885
sweep,2866
sweep,2796
sweep,2549
sweep,2858
sweep,3255
sweep,2893
sweep,3020
sweep,3769
sweep,2337
sweep,2495
sweep,3815
sweep,2484
sweep,3074
sweep,1907
sweep,3332
sweep,3749
sweep,4111
sweep,3580
sweep,3103
sweep,3077
sweep,2993
sweep,3324
sweep,2976
sweep,3516
sweep,2780
sweep,3037
sweep,2853
sweep,2893
sweep,3959
sweep,2727
sweep,2677
sweep,2967
sweep,2789
sweep,3334
sweep,2637
sweep,2657
sweep,2599
sweep,3621
sweep,4033
sweep,4218
sweep,4477
sweep,5764
sweep,7717
sweep,6123
sweep,8341
sweep,8475
sweep,8701
sweep,7952
sweep,7674
sweep,7497
sweep,830
mark,1054373
sweep,4676
sweep,4167
sweep,4142
sweep,4183
sweep,3850
sweep,4263
sweep,3706
sweep,3482
sweep,2880
sweep,3253
sweep,3514
sweep,2775
sweep,2776
sweep,2833
sweep,3077
sweep,2659
sweep,3413
sweep,2885
sweep,3246
sweep,3339
sweep,2639
sweep,2533
sweep,3797
sweep,2708
sweep,3744
sweep,2145
sweep,3731
sweep,3664
sweep,4731
sweep,3497
sweep,3040
sweep,3074
sweep,2971
sweep,2906
sweep,2897
sweep,3169
sweep,2789
sweep,3430
sweep,2490
sweep,2649
sweep,3927
sweep,2675
sweep,2750
sweep,2975
sweep,2723
sweep,3447
sweep,3012
sweep,2523
sweep,2660
sweep,5586
sweep,8796
sweep,8512
sweep,8897
sweep,8111
sweep,6106
sweep,7431
sweep,4091
sweep,4127
sweep,4423
sweep,6055
sweep,5590
sweep,5976
sweep,223
mark,1062679
sweep,4661
sweep,4037
sweep,4067
sweep,3916
sweep,3921
sweep,4318
sweep,3597
sweep,3463
sweep,2965
sweep,3262
sweep,3145
sweep,2769
sweep,2897
sweep,2751
sweep,2581
sweep,2803
sweep,3577
sweep,3179
sweep,2920
sweep,3537
sweep,2286
sweep,2826
sweep,3959
sweep,2357
sweep,3139
sweep,2049
sweep,3347
sweep,3938
sweep,4441
sweep,3416
sweep,3163
sweep,3449
sweep,3359
sweep,3113
sweep,3363
sweep,3756
sweep,2835
sweep,3102
sweep,2752
sweep,2813
sweep,4050
sweep,2796
sweep,3056
sweep,3424
sweep,3032
sweep,3761
sweep,2762
sweep,2432
sweep,2626
sweep,3500
sweep,3930
sweep,3892
sweep,4251
sweep,5756
sweep,8224
sweep,6540
sweep,8703
sweep,8605
sweep,8548
sweep,8218
sweep,7448
sweep,7477
sweep,832
mark,1025594
sweep,5083
sweep,3852
sweep,3880
sweep,4332
sweep,3691
sweep,4225
sweep,3625
sweep,3428
sweep,3051
sweep,3438
sweep,3019
sweep,2689
sweep,2712
sweep,2739
sweep,2605
sweep,2729
sweep,3280
sweep,2878
sweep,3000
sweep,3254
sweep,2546
sweep,2566
sweep,3703
sweep,2268
sweep,3122
sweep,1951
sweep,3639
sweep,3847
sweep,4261
sweep,3609
sweep,3008
sweep,3757
sweep,2835
sweep,2943
sweep,2844
sweep,3342
sweep,2770
sweep,3317
sweep,2653
sweep,2709
sweep,3912
sweep,2690
sweep,2940
sweep,3479
sweep,2859
sweep,3738
sweep,2855
sweep,2676
sweep,2432
sweep,5647
sweep,8665
sweep,8717
sweep,8612
sweep,7669
sweep,6250
sweep,7158
sweep,4070
sweep,4587
sweep,4644
sweep,6329
sweep,5733
sweep,5789
sweep,223
mark,1029436
sweep,4703
sweep,3845
sweep,4337
sweep,3986
sweep,3791
sweep,3969
sweep,3602
sweep,3125
sweep,2962
sweep,3203
sweep,3206
sweep,3029
sweep,2749
sweep,2845
sweep,2767
sweep,2645
sweep,3391
sweep,2987
sweep,3261
sweep,3621
sweep,2343
sweep,2575
sweep,3707
sweep,2485
sweep,3191
sweep,1920
sweep,3646
sweep,3633
sweep,4294
sweep,3326
sweep,3258
sweep,3063
sweep,2942
sweep,2941
sweep,2774
sweep,3172
sweep,2820
sweep,2993
sweep,2595
sweep,2891
sweep,3812
sweep,2661
sweep,2940
sweep,3117
sweep,2787
sweep,3716
sweep,2742
sweep,2568
sweep,2416
sweep,3817
sweep,4546
sweep,4126
sweep,4113
sweep,6024
sweep,7716
sweep,6181
sweep,8426
sweep,8331
sweep,8346
sweep,7570
sweep,7623
sweep,6952
sweep,831
mark,1029474
sweep,4676
sweep,4138
sweep,3931
sweep,4089
sweep,3622
sweep,4081
sweep,3585
sweep,3112
sweep,2903
sweep,3378
sweep,3047
sweep,3147
sweep,2833
sweep,2799
sweep,2595
sweep,2752
sweep,3360
sweep,3291
sweep,2901
sweep,3398
sweep,2430
sweep,2493
sweep,3856
sweep,2400
sweep,3272
sweep,1917
sweep,3590
sweep,3574
sweep,4138
sweep,3618
sweep,3581
sweep,3493
sweep,2892
sweep,3042
sweep,3095
sweep,3260
sweep,3036
sweep,3157
sweep,2629
sweep,2782
sweep,3592
sweep,2733
sweep,2732
sweep,2963
sweep,2907
sweep,3675
sweep,2785
sweep,2752
sweep,2564
sweep,5406
sweep,9255
sweep,8481
sweep,8391
sweep,7994
sweep,6085
sweep,7056
sweep,3958
sweep,4243
sweep,4764
sweep,6103
sweep,5657
sweep,5899
sweep,225
mark,1026603
sweep,4722
sweep,4297
sweep,3905
sweep,4359
sweep,3567
sweep,3963
sweep,3671
sweep,3013
sweep,3092
sweep,3367
sweep,3188
sweep,2994
sweep,2859
sweep,3058
sweep,2550
sweep,2689
sweep,3250
sweep,3049
sweep,2964
sweep,3755
sweep,2516
sweep,2509
sweep,3940
sweep,2345
sweep,3455
sweep,2006
sweep,3453
sweep,3876
sweep,4235
sweep,3348
sweep,3208
sweep,3330
sweep,2976
sweep,3100
sweep,2763
sweep,3161
sweep,2802
sweep,3014
sweep,2833
sweep,2555
sweep,3778
sweep,3155
sweep,2591
sweep,3037
sweep,2948
sweep,3466
sweep,2836
sweep,2572
sweep,2747
sweep,3398
sweep,4207
sweep,4115
sweep,4234
sweep,6131
sweep,7813
sweep,5975
sweep,8800
sweep,8449
sweep,8575
sweep,8273
sweep,7119
sweep,7701
sweep,827
mark,1028951
sweep,5207
sweep,4122
sweep,4064
sweep,4235
sweep,3583
sweep,3983
sweep,3877
sweep,3173
sweep,2938
sweep,3420
sweep,3304
sweep,2728
sweep,2872
sweep,3041
sweep,2584
sweep,2753
sweep,3353
sweep,3251
sweep,3030
sweep,3603
sweep,2625
sweep,2404
sweep,3704
sweep,2383
sweep,3090
sweep,2090
sweep,3685
sweep,3635
sweep,4444
sweep,3296
sweep,3293
sweep,2982
sweep,3019
sweep,3012
sweep,2799
sweep,3166
sweep,3063
sweep,3150
sweep,2524
sweep,2774
sweep,3791
sweep,2692
sweep,2793
sweep,3360
sweep,2902
sweep,3414
sweep,2636
sweep,2539
sweep,2648
sweep,5548
sweep,8967
sweep,8340
sweep,8556
sweep,7984
sweep,5656
sweep,6772
sweep,3937
sweep,4575
sweep,5152
sweep,6206
sweep,5891
sweep,5987
sweep,218
mark,1029277
sweep,4726
sweep,3700
sweep,3947
sweep,4347
sweep,3859
sweep,4334
sweep,3531
sweep,3096
sweep,3164
sweep,3615
sweep,3170
sweep,2735
sweep,3032
sweep,3002
sweep,2874
sweep,2701
sweep,3260
sweep,3151
sweep,3181
sweep,3369
sweep,2318
sweep,2597
sweep,3740
sweep,2311
sweep,3142
sweep,1944
sweep,3666
sweep,3600
sweep,4320
sweep,3549
sweep,3287
sweep,3131
sweep,3006
sweep,3018
sweep,2914
sweep,3231
sweep,2847
sweep,3009
sweep,2453
sweep,2741
sweep,3801
sweep,2925
sweep,2632
sweep,2942
sweep,3136
sweep,3446
sweep,3058
sweep,2498
sweep,2531
sweep,3546
sweep,4264
sweep,3884
sweep,4477
sweep,5675
sweep,7591
sweep,6008
sweep,9207
sweep,7880
sweep,8271
sweep,8114
sweep,7529
sweep,7117
sweep,846
mark,1035973
sweep,4955
sweep,4180
sweep,4174
sweep,4066
sweep,3551
sweep,4169
sweep,3616
sweep,3196
sweep,2829
sweep,3217
sweep,3332
sweep,3235
sweep,2680
sweep,3164
sweep,2556
sweep,2644
sweep,3308
sweep,3318
sweep,3137
sweep,3387
sweep,2433
sweep,2564
sweep,3766
sweep,2459
sweep,3346
sweep,1846
sweep,3367
sweep,3931
sweep,4616
sweep,3496
sweep,2884
sweep,2976
sweep,2959
sweep,3099
sweep,3071
sweep,3394
sweep,2805
sweep,2935
sweep,2614
sweep,2754
sweep,4073
sweep,3000
sweep,2622
sweep,2879
sweep,3042
sweep,3425
sweep,2779
sweep,2548
sweep,2675
sweep,5675
sweep,8819
sweep,8644
sweep,8602
sweep,7614
sweep,6156
sweep,6985
sweep,3949
sweep,4363
sweep,4920
sweep,6159
sweep,5614
sweep,5737
sweep,228
mark,1029526
sweep,4601
sweep,4336
sweep,4077
sweep,3966
sweep,3577
sweep,4392
sweep,3688
sweep,3123
sweep,2835
sweep,3250
sweep,3129
sweep,2744
sweep,3260
sweep,2970
sweep,2667
sweep,2711
sweep,3532
sweep,3150
sweep,3383
sweep,3711
sweep,2536
sweep,2913
sweep,4173
sweep,2504
sweep,3286
sweep,1997
sweep,3394
sweep,3733
sweep,4218
sweep,3663
sweep,3095
sweep,3358
sweep,2899
sweep,3325
sweep,3008
sweep,3201
sweep,2828
sweep,3291
sweep,2489
sweep,2715
sweep,4135
sweep,2856
sweep,2779
sweep,2963
sweep,2904
sweep,4027
sweep,2898
sweep,2542
sweep,2704
sweep,3549
sweep,4273
sweep,4022
sweep,4156
sweep,5873
sweep,7751
sweep,6129
sweep,8476
sweep,8568
sweep,8859
sweep,7820
sweep,7739
sweep,7689
sweep,833
mark,1041717
sweep,4562
sweep,3938
sweep,4104
sweep,4183
sweep,4021
sweep,4147
sweep,3730
sweep,3229
sweep,2914
sweep,3505
sweep,2949
sweep,2705
sweep,2617
sweep,2958
sweep,2707
sweep,2703
sweep,3336
sweep,2971
sweep,2976
sweep,3725
sweep,2585
sweep,2423
sweep,3781
sweep,2343
sweep,3276
sweep,2138
sweep,3491
sweep,3813
sweep,4278
sweep,3418
sweep,3032
sweep,3039
sweep,2946
sweep,3145
sweep,3332
sweep,3420
sweep,2755
sweep,3045
sweep,2695
sweep,2882
sweep,4031
sweep,2593
sweep,2665
sweep,3198
sweep,2810
sweep,3509
sweep,3094
sweep,2886
sweep,2694
sweep,5322
sweep,9313
sweep,8776
sweep,13736
sweep,8091
sweep,5688
sweep,6908
sweep,3974
sweep,4336
sweep,4989
sweep,6307
sweep,5860
sweep,5948
sweep,216
mark,1026114
sweep,4771
sweep,4356
sweep,4487
sweep,4198
sweep,3615
sweep,3949
sweep,3592
sweep,3065
sweep,3032
sweep,3202
sweep,3393
sweep,2777
sweep,3135
sweep,2963
sweep,2528
sweep,2708
sweep,3318
sweep,3087
sweep,3278
sweep,3618
sweep,2319
sweep,2503
sweep,3740
sweep,2657
sweep,3157
sweep,1950
sweep,3293
sweep,4018
sweep,4584
sweep,3340
sweep,3347
sweep,2982
sweep,3207
sweep,3067
sweep,2786
sweep,3286
sweep,2703
sweep,3121
sweep,2515
sweep,3132
sweep,3719
sweep,2690
sweep,3152
sweep,3226
sweep,2955
sweep,3596
sweep,2649
sweep,2688
sweep,2528
sweep,3782
sweep,4379
sweep,4189
sweep,4124
sweep,5967
sweep,7902
sweep,6315
sweep,8428
sweep,8209
sweep,8573
sweep,7379
sweep,7588
sweep,7693
sweep,834
mark,1028287
sweep,4489
sweep,4210
sweep,4074
sweep,4229
sweep,3739
sweep,4028
sweep,3836
sweep,3335
sweep,3050
sweep,3431
sweep,3286
sweep,3047
sweep,2545
sweep,2906
sweep,2632
sweep,2724
sweep,3417
sweep,3185
sweep,3026
sweep,3430
sweep,2501
sweep,2428
sweep,3857
sweep,2246
sweep,3120
sweep,1973
sweep,3475
sweep,3712
sweep,4822
sweep,3768
sweep,3659
sweep,3027
sweep,2896
sweep,3092
sweep,3025
sweep,3400
sweep,2955
sweep,3231
sweep,2481
sweep,2755
sweep,4009
sweep,2816
sweep,2922
sweep,2893
sweep,2936
sweep,3456
sweep,2801
sweep,2548
sweep,2685
sweep,5800
sweep,8729
sweep,8634
sweep,8609
sweep,8230
sweep,6540
sweep,6841
sweep,4001
sweep,4583
sweep,4254
sweep,5660
sweep,5619
sweep,6018
sweep,222
mark,1026503
sweep,5037
sweep,3822
sweep,4133
sweep,4349
sweep,3711
sweep,4387
sweep,3489
sweep,3130
sweep,3107
sweep,3096
sweep,3167
sweep,2766
sweep,2706
sweep,2820
sweep,2561
sweep,2721
sweep,3465
sweep,2983
sweep,2979
sweep,3311
sweep,2328
sweep,2738
sweep,3821
sweep,2578
sweep,3092
sweep,2072
sweep,3331
sweep,3665
sweep,4038
sweep,3660
sweep,3166
sweep,3017
sweep,3339
sweep,3060
sweep,2759
sweep,3328
sweep,2980
sweep,2958
sweep,2468
sweep,2954
sweep,3993
sweep,2936
sweep,2631
sweep,3079
sweep,2956
sweep,3646
sweep,2706
sweep,2608
sweep,2444
sweep,3518
sweep,4051
sweep,4071
sweep,4114
sweep,5847
sweep,7948
sweep,5890
sweep,9379
sweep,8032
sweep,8370
sweep,8054
sweep,7340
sweep,7607
sweep,839
mark,1035447
sweep,4733
sweep,3905
sweep,3961
sweep,4161
sweep,3817
sweep,4414
sweep,3632
sweep,3147
sweep,2898
sweep,3310
sweep,3267
sweep,2669
sweep,2692
sweep,2899
sweep,2929
sweep,2794
sweep,3315
sweep,2949
sweep,3008
sweep,3376
sweep,2354
sweep,2478
sweep,3702
sweep,2353
sweep,3253
sweep,2136
sweep,3415
sweep,4193
sweep,4249
sweep,3511
sweep,3113
sweep,3208
sweep,3082
sweep,3329
sweep,2713
sweep,3106
sweep,2780
sweep,3040
sweep,2888
sweep,2717
sweep,3985
sweep,2835
sweep,2695
sweep,2914
sweep,2796
sweep,3649
sweep,2781
sweep,2768
sweep,2759
sweep,5512
sweep,8756
sweep,8746
sweep,8802
sweep,8038
sweep,6279
sweep,7424
sweep,4085
sweep,4627
sweep,4799
sweep,6056
sweep,5570
sweep,5824
sweep,221
mark,1027028
sweep,4808
sweep,3843
sweep,4202
sweep,4244
sweep,3701
sweep,4128
sweep,3631
sweep,3431
sweep,2756
sweep,3283
sweep,3357
sweep,2782
sweep,2736
sweep,3092
sweep,2767
sweep,2879
sweep,3491
sweep,2872
sweep,3039
sweep,3788
sweep,2350
sweep,2377
sweep,3786
sweep,2545
sweep,3545
sweep,2084
sweep,3431
sweep,3912
sweep,4304
sweep,3338
sweep,3195
sweep,3529
sweep,2901
sweep,3056
sweep,2755
sweep,3144
sweep,2883
sweep,3044
sweep,2873
sweep,3097
sweep,4000
sweep,2747
sweep,2641
sweep,3480
sweep,2827
sweep,3825
sweep,2855
sweep,2566
sweep,2535
sweep,4038
sweep,3893
sweep,4041
sweep,4197
sweep,5740
sweep,8384
sweep,6034
sweep,8900
sweep,8135
sweep,8513
sweep,7420
sweep,7798
sweep,7093
sweep,823
mark,1030075
sweep,4832
sweep,4060
sweep,3993
sweep,3997
sweep,3620
sweep,4193
sweep,3705
sweep,3198
sweep,2793
sweep,3237
sweep,3299
sweep,3232
sweep,3150
sweep,2870
sweep,2982
sweep,2699
sweep,3248
sweep,3001
sweep,3226
sweep,3690
sweep,2325
sweep,2683
sweep,3973
sweep,2419
sweep,3122
sweep,1909
sweep,3707
sweep,3709
sweep,4346
sweep,3343
sweep,3299
sweep,2888
sweep,6140
sweep,3044
sweep,3138
sweep,3261
sweep,2755
sweep,3116
sweep,2894
sweep,2761
sweep,3776
sweep,2657
sweep,2593
sweep,2858
sweep,2879
sweep,3688
sweep,2801
sweep,2503
sweep,2427
sweep,5772
sweep,8645
sweep,8673
sweep,8753
sweep,8399
sweep,5858
sweep,7260
sweep,4202
sweep,4242
sweep,5040
sweep,6135
sweep,5843
sweep,5723
sweep,221
mark,1028351
sweep,4985
sweep,4421
sweep,4219
sweep,4010
sweep,3748
sweep,4196
sweep,3622
sweep,3008
sweep,3096
sweep,3252
sweep,3509
sweep,2760
sweep,2737
sweep,3095
sweep,2721
sweep,2875
sweep,3256
sweep,3378
sweep,3307
sweep,3459
sweep,2577
sweep,2539
sweep,3745
sweep,2526
sweep,3558
sweep,2009
sweep,3564
sweep,3740
sweep,4051
sweep,3353
sweep,3385
sweep,3164
sweep,2865
sweep,2965
sweep,3006
sweep,3223
sweep,2768
sweep,3087
sweep,2760
sweep,3000
sweep,3729
sweep,2746
sweep,3086
sweep,2915
sweep,2920
sweep,3415
sweep,2920
sweep,2510
sweep,2438
sweep,3723
sweep,4148
sweep,3994
sweep,4296
sweep,6308
sweep,7762
sweep,6061
sweep,9339
sweep,8133
sweep,8213
sweep,8380
sweep,7438
sweep,7601
sweep,836
mark,1037716
sweep,4749
sweep,4173
sweep,4114
sweep,4047
sweep,3653
sweep,4536
sweep,3863
sweep,3136
sweep,2907
sweep,3180
sweep,3044
sweep,2778
sweep,2872
sweep,2719
sweep,2605
sweep,2937
sweep,3577
sweep,3166
sweep,3417
sweep,3369
sweep,2300
sweep,2406
sweep,3813
sweep,2399
sweep,3059
sweep,1924
sweep,3587
sweep,3670
sweep,4231
sweep,3542
sweep,3114
sweep,2962
sweep,2944
sweep,3111
sweep,2790
sweep,3141
sweep,3024
sweep,2990
sweep,2750
sweep,2670
sweep,3838
sweep,2726
sweep,2820
sweep,3405
sweep,3043
sweep,3615
sweep,2915
sweep,2594
sweep,2493
sweep,5525
sweep,9389
sweep,8852
sweep,8677
sweep,8342
sweep,5812
sweep,7109
sweep,4060
sweep,4792
sweep,4407
sweep,5587
sweep,5687
sweep,6272
sweep,239
mark,1044068
sweep,4895
sweep,3731
sweep,4196
sweep,4495
sweep,3663
sweep,4043
sweep,3881
sweep,3060
sweep,3088
sweep,3120
sweep,3261
sweep,2785
sweep,3066
sweep,2772
sweep,2655
sweep,2792
sweep,3171
sweep,3308
sweep,3304
sweep,3639
sweep,2305
sweep,2806
sweep,3795
sweep,2417
sweep,3094
sweep,2217
sweep,3395
sweep,3873
sweep,4872
sweep,3492
sweep,3202
sweep,2880
sweep,3488
sweep,3133
sweep,3264
sweep,3134
sweep,3023
sweep,3160
sweep,2784
sweep,2715
sweep,3830
sweep,2869
sweep,2985
sweep,3349
sweep,3256
sweep,3550
sweep,2871
sweep,2522
sweep,2672
sweep,3583
sweep,4251
sweep,4270
sweep,4270
sweep,6063
sweep,8352
sweep,6411
sweep,8848
sweep,8853
sweep,9157
sweep,7190
sweep,7633
sweep,7202
sweep,824
mark,1029603
sweep,4693
sweep,3975
sweep,3867
sweep,4274
sweep,4135
sweep,4169
sweep,3694
sweep,3168
sweep,3038
sweep,3372
sweep,2925
sweep,2700
sweep,2720
sweep,2886
sweep,2713
sweep,2931
sweep,3284
sweep,2907
sweep,3170
sweep,3343
sweep,2292
sweep,2622
sweep,3929
sweep,2521
sweep,3153
sweep,1972
sweep,3564
sweep,3715
sweep,4427
sweep,3515
sweep,3038
sweep,2916
sweep,2952
sweep,2979
sweep,2815
sweep,3135
sweep,2886
sweep,3321
sweep,2718
sweep,2698
sweep,3958
sweep,2673
sweep,2637
sweep,2906
sweep,2919
sweep,3775
sweep,2786
sweep,2750
sweep,2459
sweep,5846
sweep,8785
sweep,8549
sweep,8534
sweep,8111
sweep,6381
sweep,7538
sweep,3957
sweep,4637
sweep,4660
sweep,6594
sweep,6012
sweep,6544
sweep,330
mark,1092615
sweep,5218
sweep,4102
sweep,4694
sweep,4121
sweep,3387
sweep,4567
sweep,3861
sweep,2958
sweep,2792
sweep,3207
sweep,3452
sweep,2937
sweep,2784
sweep,2991
sweep,2593
sweep,2576
sweep,3584
sweep,3125
sweep,3131
sweep,3796
sweep,2337
sweep,2639
sweep,4014
sweep,2335
sweep,3104
sweep,1820
sweep,3616
sweep,3866
sweep,4980
sweep,3501
sweep,3124
sweep,2825
sweep,2882
sweep,2994
sweep,2546
sweep,3479
sweep,3474
sweep,2986
sweep,2914
sweep,2835
sweep,3953
sweep,2600
sweep,2675
sweep,2977
sweep,2781
sweep,3349
sweep,2738
sweep,2674
sweep,2495
sweep,3501
sweep,3931
sweep,4084
sweep,4146
sweep,5941
sweep,7880
sweep,6027
sweep,8759
sweep,8152
sweep,8687
sweep,7305
sweep,7267
sweep,7550
sweep,834
mark,1032004
sweep,4642
sweep,4186
sweep,4549
sweep,4179
sweep,4019
sweep,4281
sweep,3691
sweep,3257
sweep,3124
sweep,3260
sweep,3311
sweep,2746
sweep,2635
sweep,3046
sweep,2602
sweep,2728
sweep,3538
sweep,2960
sweep,3427
sweep,3471
sweep,2311
sweep,2399
sweep,4005
sweep,2438
sweep,3163
sweep,2141
sweep,3686
sweep,3656
sweep,4161
sweep,3434
sweep,3219
sweep,2991
sweep,2938
sweep,3205
sweep,2827
sweep,3041
sweep,2888
sweep,3241
sweep,2442
sweep,2601
sweep,3573
sweep,2518
sweep,2620
sweep,3368
sweep,3237
sweep,3707
sweep,2714
sweep,2556
sweep,2498
sweep,5789
sweep,8899
sweep,8624
sweep,8303
sweep,8034
sweep,5871
sweep,7501
sweep,4003
sweep,4290
sweep,4355
sweep,6131
sweep,5914
sweep,5740
sweep,227
mark,1024766
sweep,4801
sweep,3922
sweep,4288
sweep,4104
sweep,3844
sweep,4238
sweep,3708
sweep,3124
sweep,3091
sweep,3106
sweep,3272
sweep,3344
sweep,2737
sweep,2967
sweep,2890
sweep,2684
sweep,3349
sweep,3334
sweep,3265
sweep,3618
sweep,2450
sweep,2724
sweep,3606
sweep,2647
sweep,3576
sweep,1819
sweep,3616
sweep,3574
sweep,4417
sweep,3795
sweep,3402
sweep,2995
sweep,2851
sweep,3087
sweep,2818
sweep,3324
sweep,2757
sweep,3200
sweep,2589
sweep,2697
sweep,3732
sweep,2820
sweep,2740
sweep,2922
sweep,3089
sweep,3856
sweep,3016
sweep,2561
sweep,2630
sweep,3698
sweep,4137
sweep,4007
sweep,4010
sweep,6111
sweep,8439
sweep,6512
sweep,8787
sweep,8269
sweep,8978
sweep,8497
sweep,7364
sweep,7342
sweep,829
mark,1034487
sweep,5065
sweep,4076
sweep,4279
sweep,4138
sweep,3774
sweep,4038
sweep,3529
sweep,3377
sweep,3140
sweep,3326
sweep,3045
sweep,2676
sweep,2589
sweep,2910
sweep,3192
sweep,2745
sweep,3591
sweep,2927
sweep,2993
sweep,3492
sweep,2508
sweep,2334
sweep,3868
sweep,2679
sweep,3153
sweep,2042
sweep,3712
sweep,4197
sweep,4521
sweep,3569
sweep,3347
sweep,3003
sweep,2925
sweep,3052
sweep,2784
sweep,3374
sweep,2758
sweep,3155
sweep,2782
sweep,2738
sweep,3695
sweep,2765
sweep,2934
sweep,2963
sweep,2783
sweep,3446
sweep,2748
sweep,2726
sweep,2451
sweep,5774
sweep,8985
sweep,8601
sweep,8051
sweep,7923
sweep,5712
sweep,7223
sweep,3933
sweep,4605
sweep,4847
sweep,6215
sweep,5859
sweep,6046
sweep,228
mark,1023423
sweep,4466
sweep,4028
sweep,3927
sweep,4358
sweep,3815
sweep,4375
sweep,4112
sweep,3429
sweep,3167
sweep,3583
sweep,3106
sweep,2761
sweep,2642
sweep,2825
sweep,2923
sweep,2962
sweep,3443
sweep,3057
sweep,2956
sweep,3395
sweep,2298
sweep,2469
sweep,3809
sweep,2450
sweep,3320
sweep,1960
sweep,3480
sweep,3751
sweep,4420
sweep,3844
sweep,3097
sweep,2978
sweep,3536
sweep,3015
sweep,2793
sweep,3379
sweep,2965
sweep,3254
sweep,2499
sweep,2682
sweep,3850
sweep,3345
sweep,2700
sweep,3334
sweep,3083
sweep,3695
sweep,2751
sweep,2717
sweep,2635
sweep,3562
sweep,3994
sweep,3892
sweep,4437
sweep,5912
sweep,8461
sweep,6547
sweep,8681
sweep,8514
sweep,8667
sweep,7505
sweep,7024
sweep,7020
sweep,842
mark,1075938
sweep,4578
sweep,4058
sweep,3922
sweep,4191
sweep,3642
sweep,3989
sweep,3815
sweep,3011
sweep,3145
sweep,3289
sweep,2962
sweep,2744
sweep,2890
sweep,2883
sweep,2744
sweep,2764
sweep,3222
sweep,2795
sweep,3091
sweep,3987
sweep,2386
sweep,2460
sweep,4102
sweep,2341
sweep,3109
sweep,1927
sweep,3335
sweep,3838
sweep,4142
sweep,3793
sweep,3299
sweep,3255
sweep,2847
sweep,3107
sweep,2762
sweep,3189
sweep,2903
sweep,3234
sweep,2448
sweep,2698
sweep,3833
sweep,2643
sweep,2966
sweep,3196
sweep,2841
sweep,3868
sweep,2709
sweep,2619
sweep,2780
sweep,5868
sweep,8981
sweep,8653
sweep,8238
sweep,8166
sweep,5738
sweep,7459
sweep,4182
sweep,4319
sweep,4236
sweep,6030
sweep,5746
sweep,5889
sweep,266
mark,1029043
sweep,4883
sweep,3966
sweep,4005
sweep,4144
sweep,3570
sweep,4320
sweep,3526
sweep,3050
sweep,2690
sweep,3352
sweep,3246
sweep,2797
sweep,2868
sweep,3109
sweep,2768
sweep,2868
sweep,3187
sweep,2947
sweep,3124
sweep,3449
sweep,2418
sweep,2735
sweep,4047
sweep,2371
sweep,3216
sweep,1920
sweep,3511
sweep,3683
sweep,4129
sweep,3559
sweep,3149
sweep,3080
sweep,2890
sweep,2938
sweep,2871
sweep,3490
sweep,2835
sweep,3081
sweep,2476
sweep,2737
sweep,3741
sweep,2943
sweep,2727
sweep,2927
sweep,2899
sweep,3432
sweep,2773
sweep,2740
sweep,2431
sweep,3572
sweep,4089
sweep,4057
sweep,4204
sweep,6083
sweep,8007
sweep,6116
sweep,8814
sweep,8437
sweep,8612
sweep,8210
sweep,7533
sweep,7554
sweep,862
mark,1034274
sweep,5186
sweep,4335
sweep,3917
sweep,4001
sweep,3750
sweep,4297
sweep,3852
sweep,3312
sweep,2894
sweep,3465
sweep,3021
sweep,2904
sweep,2687
sweep,3289
sweep,2761
sweep,2849
sweep,3256
sweep,3110
sweep,2967
sweep,3397
sweep,2339
sweep,2471
sweep,3724
sweep,2338
sweep,3053
sweep,1939
sweep,3371
sweep,3709
sweep,4281
sweep,3819
sweep,3144
sweep,3232
sweep,2870
sweep,3252
sweep,2811
sweep,3160
sweep,2748
sweep,3028
sweep,3017
sweep,2778
sweep,3952
sweep,2750
sweep,2642
sweep,3007
sweep,2960
sweep,3474
sweep,2716
sweep,2483
sweep,2699
sweep,5479
sweep,8817
sweep,8276
sweep,8690
sweep,8225
sweep,6404
sweep,7212
sweep,4256
sweep,4538
sweep,4916
sweep,6249
sweep,5918
sweep,6100
sweep,217
mark,1081246
sweep,4835
sweep,4356
sweep,3830
sweep,4040
sweep,3521
sweep,4089
sweep,3531
sweep,3321
sweep,2844
sweep,2978
sweep,3520
sweep,2772
sweep,2710
sweep,2742
sweep,2642
sweep,2843
sweep,3467
sweep,3074
sweep,3257
sweep,3482
sweep,2611
sweep,2402
sweep,4302
sweep,2327
sweep,3125
sweep,1906
sweep,3620
sweep,3960
sweep,4346
sweep,3341
sweep,3083
sweep,2945
sweep,2888
sweep,2953
sweep,2813
sweep,3173
sweep,3059
sweep,3166
sweep,2575
sweep,2897
sweep,4012
sweep,2778
sweep,2686
sweep,3086
sweep,3134
sweep,3557
sweep,2683
sweep,2487
sweep,2419
sweep,3758
sweep,4176
sweep,4670
sweep,4410
sweep,5660
sweep,8380
sweep,6124
sweep,8767
sweep,8889
sweep,8619
sweep,7151
sweep,7186
sweep,7078
sweep,837
mark,1042251
sweep,4804
sweep,3839
sweep,4095
sweep,3975
sweep,3517
sweep,4132
sweep,3988
sweep,3120
sweep,3018
sweep,3227
sweep,3357
sweep,3119
sweep,2709
sweep,2910
sweep,3065
sweep,2721
sweep,3301
sweep,2878
sweep,3016
sweep,4104
sweep,2529
sweep,2544
sweep,3856
sweep,2484
sweep,3542
sweep,1860
sweep,3402
sweep,3618
sweep,4535
sweep,3884
sweep,3283
sweep,2977
sweep,2892
sweep,3047
sweep,2786
sweep,3449
sweep,2711
sweep,3153
sweep,2800
sweep,2800
sweep,3623
sweep,2790
sweep,2807
sweep,2957
sweep,3133
sweep,3423
sweep,2854
sweep,2509
sweep,2512
sweep,5700
sweep,9120
sweep,8544
sweep,8556
sweep,7980
sweep,5946
sweep,7266
sweep,3980
sweep,4329
sweep,4573
sweep,5794
sweep,5943
sweep,6027
sweep,219
mark,1034248
sweep,4804
sweep,4229
sweep,3866
sweep,4388
sweep,3791
sweep,4271
sweep,3491
sweep,3131
sweep,2833
sweep,3156
sweep,3056
sweep,2807
sweep,2683
sweep,2905
sweep,2502
sweep,2808
sweep,3181
sweep,3138
sweep,3012
sweep,3756
sweep,2371
sweep,2604
sweep,3710
sweep,2555
sweep,3643
sweep,2221
sweep,3676
sweep,3760
sweep,4577
sweep,3373
sweep,3367
sweep,3341
sweep,2875
sweep,3166
sweep,2758
sweep,3215
sweep,2961
sweep,3316
sweep,2648
sweep,3079
sweep,3910
sweep,3110
sweep,2673
sweep,2976
sweep,2839
sweep,3374
sweep,2729
sweep,2397
sweep,2506
sweep,3466
sweep,3952
sweep,3992
sweep,4254
sweep,6043
sweep,7502
sweep,5970
sweep,8620
sweep,8447
sweep,8820
sweep,8293
sweep,7538
sweep,7665
sweep,837
mark,1040817
sweep,5000
sweep,3936
sweep,4595
sweep,4032
sweep,3966
sweep,4379
sweep,3559
sweep,3158
sweep,2950
sweep,3664
sweep,3122
sweep,3017
sweep,2827
sweep,3295
sweep,2654
sweep,2833
sweep,3388
sweep,2974
sweep,3184
sweep,3309
sweep,2387
sweep,2376
sweep,3800
sweep,2503
sweep,3648
sweep,1861
sweep,3454
sweep,3680
sweep,4522
sweep,3484
sweep,3389
sweep,3127
sweep,2909
sweep,3376
sweep,2823
sweep,3360
sweep,3022
sweep,3241
sweep,2487
sweep,2708
sweep,3675
sweep,2763
sweep,3018
sweep,3288
sweep,2905
sweep,3445
sweep,2670
sweep,2476
sweep,2697
sweep,5503
sweep,9197
sweep,8653
sweep,8609
sweep,8025
sweep,5676
sweep,7154
sweep,4033
sweep,4371
sweep,4470
sweep,6137
sweep,5978
sweep,6005
sweep,224
mark,1025300
sweep,4570
sweep,4115
sweep,4090
sweep,4057
sweep,3939
sweep,4151
sweep,3534
sweep,3486
sweep,2882
sweep,3224
sweep,3317
sweep,3068
sweep,2766
sweep,2786
sweep,2538
sweep,2872
sweep,3278
sweep,3296
sweep,3305
sweep,3465
sweep,2662
sweep,2610
sweep,3782
sweep,2372
sweep,3142
sweep,1866
sweep,3692
sweep,3608
sweep,4400
sweep,3324
sweep,3133
sweep,3148
sweep,3321
sweep,3098
sweep,3066
sweep,3174
sweep,2737
sweep,3249
sweep,2810
sweep,3208
sweep,3893
sweep,3120
sweep,2872
sweep,2977
sweep,3158
sweep,3487
sweep,2804
sweep,2503
sweep,2432
sweep,3343
sweep,4227
sweep,3904
sweep,4443
sweep,6208
sweep,7660
sweep,5813
sweep,8814
sweep,8303
sweep,8783
sweep,8299
sweep,7459
sweep,7600
sweep,796
mark,1035539
sweep,4715
sweep,4212
sweep,4315
sweep,4560
sweep,3834
sweep,4252
sweep,3875
sweep,3227
sweep,3040
sweep,3327
sweep,3233
sweep,2905
sweep,2725
sweep,2860
sweep,2782
sweep,2817
sweep,3614
sweep,3158
sweep,2987
sweep,3369
sweep,2546
sweep,2327
sweep,3732
sweep,2707
sweep,3106
sweep,1905
sweep,3711
sweep,3665
sweep,4417
sweep,3364
sweep,3091
sweep,3221
sweep,3361
sweep,3109
sweep,2863
sweep,3191
sweep,2722
sweep,3150
sweep,2617
sweep,2776
sweep,3797
sweep,2623
sweep,2943
sweep,3438
sweep,2867
sweep,3502
sweep,3005
sweep,2578
sweep,2690
sweep,5564
sweep,8754
sweep,8750
sweep,8656
sweep,7753
sweep,6094
sweep,7025
sweep,3978
sweep,4262
sweep,4969
sweep,6217
sweep,5754
sweep,5826
sweep,224
mark,1029401
sweep,4771
sweep,3833
sweep,4131
sweep,4183
sweep,3838
sweep,4223
sweep,3513
sweep,3053
sweep,2928
sweep,3075
sweep,3263
sweep,2732
sweep,2907
sweep,2887
sweep,2560
sweep,2996
sweep,3237
sweep,3058
sweep,3237
sweep,3531
sweep,2372
sweep,2561
sweep,3692
sweep,2316
sweep,3072
sweep,1878
sweep,3634
sweep,3646
sweep,4213
sweep,3378
sweep,3014
sweep,3248
sweep,3076
sweep,2992
sweep,3030
sweep,3254
sweep,2972
sweep,2989
sweep,3042
sweep,2907
sweep,3993
sweep,3155
sweep,2658
sweep,3035
sweep,2816
sweep,3388
sweep,2849
sweep,2567
sweep,2541
sweep,3523
sweep,3914
sweep,4066
sweep,4303
sweep,5972
sweep,7475
sweep,6054
sweep,9328
sweep,7981
sweep,8179
sweep,7920
sweep,7388
sweep,7788
sweep,808
mark,1034278
sweep,5079
sweep,4075
sweep,4145
sweep,4125
sweep,3894
sweep,4165
sweep,3651
sweep,3177
sweep,3054
sweep,3387
sweep,3283
sweep,2740
sweep,2726
sweep,2861
sweep,2543
sweep,2681
sweep,3381
sweep,2968
sweep,3077
sweep,3648
sweep,2423
sweep,2389
sweep,3757
sweep,2326
sweep,3128
sweep,2213
sweep,3802
sweep,3639
sweep,4567
sweep,3723
sweep,3395
sweep,3442
sweep,2992
sweep,2978
sweep,2878
sweep,3165
sweep,2725
sweep,3322
sweep,2738
sweep,2776
sweep,3875
sweep,2973
sweep,2922
sweep,2914
sweep,2952
sweep,3438
sweep,2763
sweep,2491
sweep,2521
sweep,5566
sweep,8943
sweep,8709
sweep,8495
sweep,8046
sweep,6043
sweep,6843
sweep,4109
sweep,4458
sweep,4777
sweep,5853
sweep,6055
sweep,6405
sweep,250
mark,1027026
sweep,4843
sweep,4053
sweep,4183
sweep,4293
sweep,3890
sweep,4218
sweep,3640
sweep,3167
sweep,3160
sweep,3333
sweep,3070
sweep,3021
sweep,2664
sweep,2792
sweep,2988
sweep,2879
sweep,3193
sweep,3175
sweep,3017
sweep,3650
sweep,2267
sweep,2751
sweep,3714
sweep,2436
sweep,3619
sweep,1815
sweep,3371
sweep,3862
sweep,4726
sweep,3699
sweep,3251
sweep,3043
sweep,2835
sweep,3191
sweep,3042
sweep,3281
sweep,2993
sweep,3060
sweep,2494
sweep,2858
sweep,3795
sweep,3164
sweep,2610
sweep,2975
sweep,3218
sweep,3640
sweep,2749
sweep,2516
sweep,2663
sweep,3626
sweep,3875
sweep,3938
sweep,4482
sweep,5747
sweep,8408
sweep,6202
sweep,8509
sweep,8422
sweep,8344
sweep,7175
sweep,7281
sweep,7158
sweep,831
mark,1029243
sweep,4772
sweep,4050
sweep,3985
sweep,4301
sweep,4006
sweep,4255
sweep,3623
sweep,3163
sweep,3158
sweep,3435
sweep,3497
sweep,2769
sweep,2830
sweep,3150
sweep,2628
sweep,3061
sweep,3497
sweep,3297
sweep,3190
sweep,3362
sweep,2701
sweep,2574
sweep,3778
sweep,2372
sweep,3248
sweep,1904
sweep,3427
sweep,3935
sweep,4298
sweep,4120
sweep,3311
sweep,2952
sweep,3199
sweep,3248
sweep,2875
sweep,3445
sweep,2988
sweep,3139
sweep,2575
sweep,2956
sweep,4218
sweep,2699
sweep,2816
sweep,2964
sweep,3139
sweep,3661
sweep,2789
sweep,2452
sweep,2436
sweep,5907
sweep,9012
sweep,8550
sweep,9055
sweep,8080
sweep,5792
sweep,6964
sweep,4011
sweep,4518
sweep,4609
sweep,5711
sweep,5704
sweep,6533
sweep,240
mark,1049982
sweep,4838
sweep,3880
sweep,4257
sweep,4002
sweep,3588
sweep,4151
sweep,3797
sweep,3124
sweep,2942
sweep,3430
sweep,3095
sweep,3354
sweep,3003
sweep,3290
sweep,2861
sweep,3064
sweep,3267
sweep,2992
sweep,2977
sweep,3706
sweep,2321
sweep,2523
sweep,3653
sweep,2556
sweep,3110
sweep,1881
sweep,3315
sweep,3784
sweep,4246
sweep,3805
sweep,3183
sweep,2899
sweep,2910
sweep,3359
sweep,3114
sweep,3585
sweep,2749
sweep,3249
sweep,2566
sweep,3226
sweep,3626
sweep,3013
sweep,2929
sweep,3054
sweep,3418
sweep,3820
sweep,2868
sweep,2453
sweep,2687
sweep,3713
sweep,4384
sweep,3922
sweep,4502
sweep,6583
sweep,8018
sweep,6502
sweep,8859
sweep,8659
sweep,8898
sweep,7279
sweep,7508
sweep,7435
sweep,927
mark,1045658
sweep,4888
sweep,3931
sweep,3900
sweep,4056
sweep,3663
sweep,4098
sweep,3844
sweep,3633
sweep,2927
sweep,3349
sweep,3253
sweep,3065
sweep,2862
sweep,3182
sweep,3056
sweep,3169
sweep,3341
sweep,3083
sweep,3501
sweep,3712
sweep,2386
sweep,2430
sweep,3910
sweep,2416
sweep,3133
sweep,1995
sweep,3605
sweep,3945
sweep,4228
sweep,3243
sweep,2970
sweep,2981
sweep,3301
sweep,3169
sweep,3081
sweep,3155
sweep,2789
sweep,3309
sweep,2472
sweep,2585
sweep,3936
sweep,2553
sweep,3169
sweep,3293
sweep,3199
sweep,3407
sweep,2760
sweep,2426
sweep,2745
sweep,5715
sweep,8769
sweep,8547
sweep,8571
sweep,7593
sweep,6302
sweep,6951
sweep,4216
sweep,4649
sweep,4964
sweep,6125
sweep,5953
sweep,6141
sweep,238
mark,1021883
sweep,4459
sweep,3945
sweep,4027
sweep,4055
sweep,3975
sweep,4513
sweep,3901
sweep,3074
sweep,2875
sweep,3242
sweep,3173
sweep,2753
sweep,2971
sweep,2748
sweep,2841
sweep,3047
sweep,3219
sweep,3240
sweep,3089
sweep,3693
sweep,2360
sweep,2499
sweep,3791
sweep,2522
sweep,3011
sweep,1899
sweep,3340
sweep,3529
sweep,4230
sweep,3775
sweep,3013
sweep,3230
sweep,2951
sweep,3064
sweep,2694
sweep,3154
sweep,2780
sweep,3277
sweep,2444
sweep,2759
sweep,3649
sweep,3158
sweep,2691
sweep,2927
sweep,2867
sweep,3423
sweep,2761
sweep,2569
sweep,2429
sweep,3637
sweep,4148
sweep,4165
sweep,4170
sweep,6370
sweep,8408
sweep,6507
sweep,8522
sweep,8476
sweep,8447
sweep,8337
sweep,7407
sweep,7527
sweep,785
mark,1027871
sweep,5253
sweep,3839
sweep,3981
sweep,4102
sweep,3652
sweep,4329
sweep,3600
sweep,3228
sweep,3049
sweep,3274
sweep,3363
sweep,3039
sweep,2692
sweep,2881
sweep,2629
sweep,2684
sweep,3497
sweep,2963
sweep,2981
sweep,3454
sweep,2335
sweep,2666
sweep,3737
sweep,2534
sweep,3767
sweep,2512
sweep,3478
sweep,3862
sweep,4482
sweep,3435
sweep,2996
sweep,2998
sweep,2870
sweep,3359
sweep,3185
sweep,3068
sweep,2818
sweep,3353
sweep,2484
sweep,2676
sweep,3923
sweep,2786
sweep,2981
sweep,2899
sweep,2861
sweep,3751
sweep,2699
sweep,2444
sweep,2494
sweep,5590
sweep,8643
sweep,8407
sweep,8634
sweep,7774
sweep,6196
sweep,7497
sweep,4157
sweep,4438
sweep,4544
sweep,5776
sweep,5474
sweep,5776
sweep,230
mark,1034928
sweep,4759
sweep,3708
sweep,4242
sweep,4133
sweep,3546
sweep,4008
sweep,3659
sweep,3074
sweep,2927
sweep,3218
sweep,3124
sweep,2732
sweep,2756
sweep,3248
sweep,2981
sweep,2697
sweep,3409
sweep,2978
sweep,3156
sweep,3550
sweep,2341
sweep,2765
sweep,3662
sweep,2556
sweep,3237
sweep,2104
sweep,3456
sweep,4236
sweep,4759
sweep,3381
sweep,3086
sweep,2997
sweep,3439
sweep,3070
sweep,2803
sweep,3220
sweep,2816
sweep,3160
sweep,2927
sweep,2829
sweep,3905
sweep,3086
sweep,2687
sweep,2932
sweep,3011
sweep,3724
sweep,2989
sweep,2481
sweep,2672
sweep,3956
sweep,3937
sweep,3970
sweep,4180
sweep,6294
sweep,7549
sweep,5958
sweep,8744
sweep,8608
sweep,8340
sweep,7455
sweep,7102
sweep,7284
sweep,806
mark,1032008
sweep,4632
sweep,3967
sweep,4373
sweep,4056
sweep,3898
sweep,4309
sweep,3811
sweep,3373
sweep,2862
sweep,3378
sweep,3156
sweep,2735
sweep,2746
sweep,3393
sweep,2803
sweep,2673
sweep,3271
sweep,3148
sweep,2938
sweep,3390
sweep,2311
sweep,2357
sweep,4066
sweep,2656
sweep,3216
sweep,1924
sweep,3381
sweep,4013
sweep,4399
sweep,3544
sweep,3077
sweep,3267
sweep,3016
sweep,3274
sweep,2770
sweep,3244
sweep,3149
sweep,3347
sweep,2553
sweep,2734
sweep,3654
sweep,2921
sweep,3062
sweep,2884
sweep,2852
sweep,3662
sweep,2871
sweep,2497
sweep,2430
sweep,6091
sweep,8916
sweep,8320
sweep,8556
sweep,8239
sweep,6199
sweep,6865
sweep,4120
sweep,4341
sweep,4874
sweep,5903
sweep,5535
sweep,5762
sweep,233
mark,1023159
sweep,4845
sweep,4003
sweep,4140
sweep,4330
sweep,3433
sweep,4044
sweep,3562
sweep,3393
sweep,2781
sweep,3094
sweep,3127
sweep,2756
sweep,3029
sweep,2903
sweep,2912
sweep,2857
sweep,3565
sweep,3229
sweep,3118
sweep,3530
sweep,2356
sweep,2456
sweep,4219
sweep,2388
sweep,3288
sweep,1865
sweep,3361
sweep,3828
sweep,4655
sweep,3712
sweep,3087
sweep,3461
sweep,2948
sweep,3142
sweep,2758
sweep,3315
sweep,3102
sweep,3095
sweep,3098
sweep,3042
sweep,3688
sweep,2991
sweep,2683
sweep,3002
sweep,2728
sweep,3442
sweep,2919
sweep,2479
sweep,2685
sweep,3922
sweep,4123
sweep,4124
sweep,4097
sweep,6152
sweep,7591
sweep,6503
sweep,9164
sweep,8102
sweep,8946
sweep,7079
sweep,7535
sweep,7036
sweep,827
mark,1033828
sweep,4450
sweep,3764
sweep,4471
sweep,3984
sweep,3598
sweep,4152
sweep,3671
sweep,3069
sweep,2799
sweep,3258
sweep,3244
sweep,3095
sweep,3077
sweep,3045
sweep,2757
sweep,2682
sweep,3558
sweep,2980
sweep,3198
sweep,3719
sweep,2556
sweep,2355
sweep,3872
sweep,2453
sweep,3121
sweep,1866
sweep,3451
sweep,3866
sweep,4579
sweep,3261
sweep,3165
sweep,3036
sweep,2967
sweep,2965
sweep,2835
sweep,2983
sweep,2797
sweep,3295
sweep,2526
sweep,2776
sweep,3809
sweep,2746
sweep,2884
sweep,2993
sweep,2911
sweep,3939
sweep,2774
sweep,2530
sweep,2475
sweep,5361
sweep,8527
sweep,8644
sweep,8435
sweep,7886
sweep,6213
sweep,6962
sweep,3929
sweep,4299
sweep,4505
sweep,6285
sweep,5642
sweep,5754
sweep,261
mark,1031434
sweep,5095
sweep,4190
sweep,3895
sweep,4283
sweep,4020
sweep,4054
sweep,3622
sweep,3152
sweep,3024
sweep,3007
sweep,3166
sweep,2857
sweep,2806
sweep,3158
sweep,2649
sweep,2681
sweep,3182
sweep,3143
sweep,2978
sweep,3429
sweep,2625
sweep,2316
sweep,4006
sweep,2341
sweep,3338
sweep,2156
sweep,3349
sweep,3670
sweep,4213
sweep,3631
sweep,3108
sweep,3339
sweep,2897
sweep,3010
sweep,2696
sweep,3158
sweep,2756
sweep,3284
sweep,2811
sweep,3057
sweep,3966
sweep,3101
sweep,3218
sweep,3405
sweep,3097
sweep,3429
sweep,2828
sweep,2518
sweep,2452
sweep,3991
sweep,4382
sweep,4051
sweep,4443
sweep,6224
sweep,8690
sweep,5980
sweep,8956
sweep,8919
sweep,8542
sweep,7261
sweep,7879
sweep,7561
sweep,799
mark,1059100
sweep,4810
sweep,4324
sweep,4103
sweep,4139
sweep,3854
sweep,4134
sweep,3763
sweep,3207
sweep,2926
sweep,3280
sweep,3254
sweep,2801
sweep,2706
sweep,2824
sweep,2589
sweep,2864
sweep,3571
sweep,2917
sweep,2993
sweep,3384
sweep,2402
sweep,2468
sweep,3645
sweep,2349
sweep,3208
sweep,2099
sweep,3365
sweep,3858
sweep,4519
sweep,3625
sweep,3047
sweep,3366
sweep,2890
sweep,3186
sweep,2758
sweep,2954
sweep,2834
sweep,3176
sweep,2499
sweep,2754
sweep,4023
sweep,2834
sweep,2624
sweep,3297
sweep,3380
sweep,3692
sweep,2857
sweep,2587
sweep,2648
sweep,5624
sweep,8549
sweep,8922
sweep,8660
sweep,7701
sweep,5864
sweep,6744
sweep,3990
sweep,4379
sweep,4611
sweep,5724
sweep,5553
sweep,5932
sweep,219
mark,1022931
sweep,4935
sweep,4168
sweep,4201
sweep,3980
sweep,3485
sweep,4215
sweep,3601
sweep,3214
sweep,2828
sweep,3083
sweep,3329
sweep,3258
sweep,2626
sweep,2777
sweep,2699
sweep,2611
sweep,3209
sweep,2935
sweep,2928
sweep,3746
sweep,2249
sweep,3060
sweep,3728
sweep,2526
sweep,3029
sweep,2155
sweep,3441
sweep,3633
sweep,4650
sweep,3822
sweep,3047
sweep,3267
sweep,2959
sweep,2938
sweep,2805
sweep,3278
sweep,2854
sweep,3217
sweep,2528
sweep,2725
sweep,3830
sweep,3003
sweep,2783
sweep,2919
sweep,2863
sweep,3679
sweep,2867
sweep,2485
sweep,2617
sweep,3447
sweep,4437
sweep,4269
sweep,4161
sweep,6258
sweep,7522
sweep,5957
sweep,8609
sweep,8445
sweep,8746
sweep,8259
sweep,7546
sweep,7436
sweep,833
mark,1027146
sweep,4840
sweep,3977
sweep,3897
sweep,4090
sweep,3649
sweep,4070
sweep,3539
sweep,2998
sweep,2804
sweep,3620
sweep,2995
sweep,2912
sweep,2763
sweep,3003
sweep,2656
sweep,2780
sweep,3328
sweep,2979
sweep,3289
sweep,3291
sweep,2591
sweep,2690
sweep,3773
sweep,2579
sweep,3237
sweep,2120
sweep,3324
sweep,3712
sweep,4650
sweep,3639
sweep,3258
sweep,3088
sweep,3152
sweep,3353
sweep,2857
sweep,3433
sweep,2765
sweep,3046
sweep,2526
sweep,3032
sweep,3809
sweep,2688
sweep,2714
sweep,3291
sweep,3138
sweep,3656
sweep,2750
sweep,2481
sweep,2439
sweep,5731
sweep,9254
sweep,8733
sweep,8469
sweep,7858
sweep,5917
sweep,7417
sweep,4110
sweep,4446
sweep,4546
sweep,5993
sweep,5769
sweep,5866
sweep,219
mark,1027909
sweep,4561
sweep,3946
sweep,3955
sweep,4275
sweep,3433
sweep,3999
sweep,3791
sweep,3026
sweep,3078
sweep,3123
sweep,3253
sweep,3022
sweep,2957
sweep,2974
sweep,2593
sweep,2957
sweep,3412
sweep,3168
sweep,3266
sweep,3509
sweep,2633
sweep,3001
sweep,3736
sweep,2788
sweep,3186
sweep,1921
sweep,3475
sweep,3890
sweep,4251
sweep,3655
sweep,3176
sweep,2894
sweep,3511
sweep,3101
sweep,2729
sweep,3434
sweep,2903
sweep,3077
sweep,2457
sweep,2641
sweep,3747
sweep,2926
sweep,2871
sweep,3038
sweep,2746
sweep,3892
sweep,2751
sweep,2548
sweep,2411
sweep,3884
sweep,3866
sweep,3977
sweep,4421
sweep,5837
sweep,8023
sweep,5883
sweep,9120
sweep,7923
sweep,8569
sweep,7433
sweep,7593
sweep,7119
sweep,808
mark,1029353
sweep,4784
sweep,3736
sweep,3913
sweep,4063
sweep,3502
sweep,3971
sweep,3650
sweep,3372
sweep,3144
sweep,3129
sweep,3102
sweep,3156
sweep,2924
sweep,2846
sweep,2952
sweep,2930
sweep,3582
sweep,3066
sweep,3145
sweep,3593
sweep,2290
sweep,2495
sweep,3896
sweep,2606
sweep,3073
sweep,1968
sweep,3502
sweep,3621
sweep,4534
sweep,3402
sweep,2987
sweep,3155
sweep,2889
sweep,2909
sweep,3118
sweep,3519
sweep,2989
sweep,3052
sweep,2541
sweep,2847
sweep,3889
sweep,2727
sweep,2761
sweep,3174
sweep,3050
sweep,3682
sweep,2693
sweep,2788
sweep,2482
sweep,5582
sweep,9388
sweep,8773
sweep,8564
sweep,8409
sweep,5969
sweep,7538
sweep,4035
sweep,4271
sweep,5051
sweep,6314
sweep,5766
sweep,5715
sweep,279
mark,1031316
sweep,4995
sweep,3905
sweep,4199
sweep,4636
sweep,3833
sweep,3971
sweep,3592
sweep,3072
sweep,2798
sweep,3423
sweep,3242
sweep,2777
sweep,2736
sweep,2828
sweep,2693
sweep,2758
sweep,3194
sweep,3152
sweep,3211
sweep,3728
sweep,2573
sweep,2672
sweep,3984
sweep,2367
sweep,3321
sweep,1888
sweep,3535
sweep,3672
sweep,4178
sweep,3392
sweep,3350
sweep,2977
sweep,2816
sweep,3063
sweep,2772
sweep,3465
sweep,2862
sweep,3386
sweep,2645
sweep,3110
sweep,3709
sweep,2884
sweep,2659
sweep,3168
sweep,2817
sweep,3713
sweep,2720
sweep,2576
sweep,2405
sweep,3766
sweep,3941
sweep,3973
sweep,4082
sweep,5465
sweep,7497
sweep,5957
sweep,8681
sweep,8532
sweep,8423
sweep,7147
sweep,6976
sweep,7406
sweep,872
mark,1036106
sweep,4672
sweep,4091
sweep,4010
sweep,3955
sweep,3691
sweep,4193
sweep,3773
sweep,3117
sweep,2975
sweep,3277
sweep,2980
sweep,2796
sweep,2779
sweep,3227
sweep,3076
sweep,2875
sweep,3489
sweep,3066
sweep,3214
sweep,3729
sweep,2578
sweep,2420
sweep,4029
sweep,2407
sweep,3624
sweep,1885
sweep,3602
sweep,3684
sweep,4337
sweep,3475
sweep,3007
sweep,3010
sweep,3082
sweep,3050
sweep,2965
sweep,3431
sweep,2709
sweep,3142
sweep,2437
sweep,2665
sweep,3748
sweep,2741
sweep,2784
sweep,3059
sweep,2868
sweep,3659
sweep,3177
sweep,2450
sweep,2441
sweep,5548
sweep,9215
sweep,8613
sweep,8676
sweep,8473
sweep,5721
sweep,7322
sweep,4049
sweep,4285
sweep,4227
sweep,5626
sweep,5844
sweep,6224
sweep,240
mark,1030760
sweep,4764
sweep,4163
sweep,4516
sweep,4304
sweep,3875
sweep,4268
sweep,3586
sweep,3263
sweep,3093
sweep,3460
sweep,3029
sweep,2907
sweep,2954
sweep,3008
sweep,2548
sweep,2907
sweep,3349
sweep,3046
sweep,3020
sweep,4109
sweep,2428
sweep,2692
sweep,3870
sweep,2520
sweep,3407
sweep,1938
sweep,3667
sweep,3643
sweep,4104
sweep,3628
sweep,3042
sweep,3000
sweep,2928
sweep,2927
sweep,2824
sweep,3282
sweep,2790
sweep,3070
sweep,2746
sweep,2586
sweep,3743
sweep,2702
sweep,2772
sweep,3046
sweep,2733
sweep,3554
sweep,3076
sweep,2447
sweep,2454
sweep,3507
sweep,3905
sweep,4024
sweep,4113
sweep,5957
sweep,7607
sweep,5793
sweep,8753
sweep,8465
sweep,8701
sweep,8219
sweep,7506
sweep,7549
sweep,850
mark,1034255
sweep,5043
sweep,4105
sweep,3819
sweep,4272
sweep,3844
sweep,4120
sweep,3636
sweep,3171
sweep,3121
sweep,3587
sweep,2905
sweep,2774
sweep,2914
sweep,3140
sweep,2986
sweep,2816
sweep,3165
sweep,3075
sweep,3046
sweep,3470
sweep,2600
sweep,2344
sweep,4025
sweep,2852
sweep,3579
sweep,2412
sweep,3579
sweep,3610
sweep,4573
sweep,3677
sweep,3169
sweep,3159
sweep,2817
sweep,2928
sweep,2880
sweep,3139
sweep,2717
sweep,3147
sweep,2493
sweep,2804
sweep,3636
sweep,2682
sweep,2889
sweep,3286
sweep,2999
sweep,3715
sweep,2821
sweep,2466
sweep,2743
sweep,5548
sweep,9145
sweep,8872
sweep,8771
sweep,7956
sweep,5697
sweep,6816
sweep,3938
sweep,4481
sweep,4666
sweep,6157
sweep,5672
sweep,5883
sweep,231
mark,1036333
sweep,4881
sweep,3868
sweep,4290
sweep,4508
sweep,3797
sweep,3963
sweep,3542
sweep,3245
sweep,3134
sweep,3044
sweep,3006
sweep,2736
sweep,2772
sweep,2785
sweep,2558
sweep,2857
sweep,3394
sweep,2959
sweep,3193
sweep,3384
sweep,2376
sweep,2588
sweep,3791
sweep,2279
sweep,3259
sweep,1837
sweep,3328
sweep,4122
sweep,4612
sweep,3757
sweep,3082
sweep,3169
sweep,3117
sweep,2988
sweep,3042
sweep,3469
sweep,3053
sweep,3281
sweep,2556
sweep,2861
sweep,3745
sweep,2953
sweep,2908
sweep,3041
sweep,2850
sweep,3426
sweep,2750
sweep,2541
sweep,2427
sweep,3487
sweep,3859
sweep,4110
sweep,4454
sweep,6224
sweep,7803
sweep,5927
sweep,9400
sweep,8500
sweep,8420
sweep,8267
sweep,7672
sweep,7304
sweep,875
mark,1054167
sweep,4724
sweep,4141
sweep,3977
sweep,4462
sweep,3699
sweep,4130
sweep,3867
sweep,3194
sweep,2848
sweep,3338
sweep,3025
sweep,2748
sweep,2764
sweep,3090
sweep,2726
sweep,2838
sweep,3446
sweep,2887
sweep,3293
sweep,3423
sweep,2331
sweep,2556
sweep,3878
sweep,2553
sweep,3084
sweep,1928
sweep,3629
sweep,3726
sweep,4706
sweep,3954
sweep,3187
sweep,3412
sweep,3020
sweep,3102
sweep,2742
sweep,3344
sweep,3356
sweep,3148
sweep,2418
sweep,2727
sweep,3763
sweep,3025
sweep,2999
sweep,3004
sweep,3171
sweep,3473
sweep,2770
sweep,2525
sweep,2413
sweep,5450
sweep,8572
sweep,9159
sweep,8900
sweep,8195
sweep,6089
sweep,7527
sweep,4413
sweep,4640
sweep,4495
sweep,6137
sweep,6267
sweep,6677
sweep,231
mark,1046940
sweep,4542
sweep,4199
sweep,4342
sweep,3939
sweep,3555
sweep,4037
sweep,3611
sweep,3133
sweep,2887
sweep,3364
sweep,3429
sweep,2794
sweep,3051
sweep,2853
sweep,2525
sweep,2738
sweep,3250
sweep,3153
sweep,3017
sweep,3458
sweep,2278
sweep,2557
sweep,3970
sweep,2385
sweep,4115
sweep,2169
sweep,3859
sweep,4228
sweep,4532
sweep,3700
sweep,3270
sweep,3090
sweep,3135
sweep,3259
sweep,2657
sweep,3208
sweep,2979
sweep,2978
sweep,2589
sweep,2670
sweep,3782
sweep,2803
sweep,2942
sweep,2964
sweep,2782
sweep,3702
sweep,2630
sweep,2443
sweep,2514
sweep,3492
sweep,3850
sweep,4056
sweep,4389
sweep,5737
sweep,8312
sweep,6769
sweep,8385
sweep,8329
sweep,8548
sweep,7371
sweep,7224
sweep,7109
sweep,833
mark,1029915
sweep,5015
sweep,4049
sweep,4302
sweep,4251
sweep,3632
sweep,4017
sweep,3631
sweep,3129
sweep,3113
sweep,3194
sweep,3105
sweep,3120
sweep,2904
sweep,3059
sweep,2625
sweep,2782
sweep,3237
sweep,3507
sweep,2991
sweep,3610
sweep,2352
sweep,2483
sweep,3702
sweep,2367
sweep,3571
sweep,2175
sweep,3647
sweep,3720
sweep,4242
sweep,3978
sweep,3126
sweep,3103
sweep,2901
sweep,3098
sweep,3121
sweep,3261
sweep,2944
sweep,3395
sweep,2395
sweep,2690
sweep,3762
sweep,2567
sweep,2635
sweep,2932
sweep,2813
sweep,3685
sweep,2674
sweep,2532
sweep,2496
sweep,6025
sweep,9388
sweep,8823
sweep,8404
sweep,7858
sweep,6253
sweep,7606
sweep,4000
sweep,4352
sweep,5111
sweep,6183
sweep,5872
sweep,5757
sweep,225
mark,1032937
sweep,4948
sweep,4274
sweep,4491
sweep,4474
sweep,3808
sweep,4296
sweep,3609
sweep,3316
sweep,2893
sweep,3114
sweep,3276
sweep,2800
sweep,3079
sweep,2829
sweep,2845
sweep,2974
sweep,3175
sweep,3309
sweep,2943
sweep,3451
sweep,2332
sweep,2827
sweep,3900
sweep,2267
sweep,3074
sweep,2185
sweep,3494
sweep,3622
sweep,4235
sweep,3834
sweep,3611
sweep,3067
sweep,2856
sweep,2924
sweep,2880
sweep,3513
sweep,2832
sweep,3306
sweep,2523
sweep,2965
sweep,3840
sweep,2506
sweep,2660
sweep,3007
sweep,2776
sweep,3647
sweep,2847
sweep,2540
sweep,2517
sweep,3560
sweep,4053
sweep,4116
sweep,4156
sweep,6200
sweep,7960
sweep,6247
sweep,8377
sweep,8429
sweep,8371
sweep,7234
sweep,7084
sweep,7050
sweep,828
mark,1033948
sweep,4637
sweep,4091
sweep,4360
sweep,4163
sweep,3593
sweep,4027
sweep,3887
sweep,3048
sweep,3133
sweep,3479
sweep,3194
sweep,2752
sweep,3048
sweep,2898
sweep,2681
sweep,2785
sweep,3542
sweep,3051
sweep,3037
sweep,3480
sweep,2586
sweep,2390
sweep,3813
sweep,2584
sweep,3163
sweep,2019
sweep,3473
sweep,3650
sweep,4453
sweep,3469
sweep,3034
sweep,3083
sweep,3056
sweep,3231
sweep,2906
sweep,3030
sweep,2983
sweep,3053
sweep,2839
sweep,2792
sweep,3979
sweep,3499
sweep,2727
sweep,2874
sweep,2851
sweep,3419
sweep,2734
sweep,2577
sweep,2701
sweep,5627
sweep,8635
sweep,8480
sweep,12437
sweep,7769
sweep,5940
sweep,6967
sweep,4098
sweep,4284
sweep,4990
sweep,6377
sweep,5788
sweep,5868
sweep,225
mark,1022982
sweep,4521
sweep,4133
sweep,4014
sweep,3915
sweep,3671
sweep,4090
sweep,3551
sweep,3315
sweep,2882
sweep,3574
sweep,3133
sweep,3167
sweep,2878
sweep,2771
sweep,2570
sweep,2663
sweep,3207
sweep,2875
sweep,3028
sweep,3618
sweep,2657
sweep,2582
sweep,3729
sweep,2543
sweep,3008
sweep,1946
sweep,3305
sweep,3630
sweep,4611
sweep,3477
sweep,3577
sweep,3039
sweep,2971
sweep,3387
sweep,2790
sweep,3420
sweep,2864
sweep,3046
sweep,2587
sweep,2935
sweep,3792
sweep,2900
sweep,2736
sweep,3300
sweep,3031
sweep,3761
sweep,2975
sweep,2585
sweep,2722
sweep,3468
sweep,9567
sweep,4326
sweep,4176
sweep,5878
sweep,8395
sweep,6569
sweep,8609
sweep,8462
sweep,8743
sweep,8183
sweep,7482
sweep,7743
sweep,827
mark,1032862
sweep,4665
sweep,3917
sweep,4107
sweep,4263
sweep,3874
sweep,4279
sweep,3664
sweep,3411
sweep,2833
sweep,3462
sweep,3034
sweep,2696
sweep,2950
sweep,2947
sweep,2649
sweep,2736
sweep,3332
sweep,2927
sweep,3139
sweep,3810
sweep,2537
sweep,2596
sweep,3702
sweep,2456
sweep,3234
sweep,1946
sweep,3623
sweep,3874
sweep,4427
sweep,3466
sweep,3031
sweep,3060
sweep,2923
sweep,3038
sweep,2854
sweep,3117
sweep,2968
sweep,3196
sweep,2520
sweep,2607
sweep,3742
sweep,2932
sweep,2826
sweep,3301
sweep,2840
sweep,3362
sweep,2983
sweep,2548
sweep,2527
sweep,5435
sweep,8261
sweep,8677
sweep,9010
sweep,7618
sweep,5983
sweep,6864
sweep,3929
sweep,4496
sweep,4705
sweep,5837
sweep,5443
sweep,5897
sweep,260
mark,1031908
sweep,5015
sweep,4254
sweep,4307
sweep,4104
sweep,3755
sweep,4037
sweep,3716
sweep,3566
sweep,2778
sweep,3424
sweep,3198
sweep,2793
sweep,2901
sweep,3394
sweep,2830
sweep,2865
sweep,3172
sweep,3108
sweep,2952
sweep,3628
sweep,2376
sweep,2618
sweep,3799
sweep,2606
sweep,3028
sweep,2055
sweep,3329
sweep,3647
sweep,4424
sweep,3755
sweep,3208
sweep,3560
sweep,2884
sweep,3134
sweep,2764
sweep,3747
sweep,3142
sweep,3014
sweep,2760
sweep,2877
sweep,3796
sweep,3168
sweep,2745
sweep,3081
sweep,2937
sweep,3770
sweep,2787
sweep,2529
sweep,2487
sweep,3746
sweep,4128
sweep,4012
sweep,4140
sweep,6099
sweep,7909
sweep,6534
sweep,8264
sweep,8509
sweep,8392
sweep,7552
sweep,7237
sweep,7013
sweep,828
mark,1028653
sweep,4745
sweep,4072
sweep,4010
sweep,4009
sweep,4018
sweep,4394
sweep,3593
sweep,3314
sweep,3014
sweep,3251
sweep,3276
sweep,2763
sweep,2673
sweep,2790
sweep,2917
sweep,2695
sweep,3297
sweep,2911
sweep,3180
sweep,3392
sweep,2482
sweep,2517
sweep,3955
sweep,2330
sweep,3610
sweep,1975
sweep,3620
sweep,3820
sweep,4360
sweep,3781
sweep,3353
sweep,3005
sweep,3040
sweep,3082
sweep,2846
sweep,3146
sweep,2876
sweep,2994
sweep,2745
sweep,2844
sweep,4137
sweep,2666
sweep,2648
sweep,3298
sweep,2853
sweep,3863
sweep,2675
sweep,2493
sweep,2459
sweep,5852
sweep,9107
sweep,8838
sweep,8190
sweep,8580
sweep,6338
sweep,7295
sweep,4575
sweep,4452
sweep,4287
sweep,5825
sweep,5658
sweep,6337
sweep,286
mark,1040628
sweep,4968
sweep,3897
sweep,4150
sweep,4293
sweep,3540
sweep,4276
sweep,3827
sweep,3013
sweep,2882
sweep,3360
sweep,3023
sweep,2746
sweep,2816
sweep,2827
sweep,2581
sweep,2680
sweep,3246
sweep,3024
sweep,2902
sweep,3434
sweep,2582
sweep,2693
sweep,3993
sweep,2630
sweep,3069
sweep,2293
sweep,3352
sweep,3935
sweep,4326
sweep,3590
sweep,3081
sweep,3066
sweep,2846
sweep,3141
sweep,2706
sweep,3279
sweep,2709
sweep,2994
sweep,2491
sweep,3058
sweep,3813
sweep,2810
sweep,2637
sweep,2984
sweep,2923
sweep,3426
sweep,2737
sweep,2449
sweep,2496
sweep,3494
sweep,4009
sweep,4029
sweep,4207
sweep,5600
sweep,8092
sweep,6722
sweep,8445
sweep,8648
sweep,8556
sweep,8310
sweep,7555
sweep,7511
sweep,825
mark,1035909
sweep,4911
sweep,3869
sweep,4053
sweep,4131
sweep,3884
sweep,4324
sweep,3597
sweep,3204
sweep,3055
sweep,3376
sweep,3041
sweep,2696
sweep,2651
sweep,2817
sweep,2683
sweep,3121
sweep,3578
sweep,3031
sweep,2920
sweep,3793
sweep,2459
sweep,2577
sweep,3902
sweep,2545
sweep,3074
sweep,2069
sweep,3499
sweep,3654
sweep,4365
sweep,3696
sweep,3556
sweep,2992
sweep,2939
sweep,3379
sweep,2972
sweep,3151
sweep,2790
sweep,3104
sweep,2507
sweep,2678
sweep,4125
sweep,2585
sweep,2918
sweep,2942
sweep,2892
sweep,3626
sweep,2649
sweep,2497
sweep,2715
sweep,5267
sweep,8653
sweep,8543
sweep,8909
sweep,8134
sweep,6236
sweep,7122
sweep,4369
sweep,4922
sweep,4877
sweep,5633
sweep,5474
sweep,5743
sweep,251
mark,1032435
sweep,4578
sweep,3960
sweep,4637
sweep,4437
sweep,3751
sweep,4138
sweep,3519
sweep,3437
sweep,2715
sweep,3120
sweep,3416
sweep,3065
sweep,2761
sweep,3157
sweep,2588
sweep,2682
sweep,3408
sweep,2880
sweep,3253
sweep,3878
sweep,2383
sweep,2819
sweep,4004
sweep,2416
sweep,3028
sweep,2380
sweep,3342
sweep,3608
sweep,4535
sweep,3127
sweep,3149
sweep,3132
sweep,3490
sweep,3045
sweep,2980
sweep,3326
sweep,2816
sweep,3093
sweep,2571
sweep,2708
sweep,3809
sweep,2610
sweep,2774
sweep,2927
sweep,2874
sweep,3401
sweep,2713
sweep,2553
sweep,2393
sweep,3579
sweep,3996
sweep,4244
sweep,4200
sweep,6498
sweep,8438
sweep,6009
sweep,8940
sweep,8197
sweep,8445
sweep,7090
sweep,7972
sweep,7382
sweep,831
mark,1032551
sweep,4588
sweep,3902
sweep,4117
sweep,4030
sweep,3527
sweep,4014
sweep,3660
sweep,3092
sweep,2923
sweep,3314
sweep,2948
sweep,3242
sweep,2850
sweep,3165
sweep,2639
sweep,2769
sweep,3532
sweep,2983
sweep,3031
sweep,3549
sweep,2333
sweep,2406
sweep,3787
sweep,2659
sweep,3285
sweep,1969
sweep,3577
sweep,3777
sweep,4204
sweep,3622
sweep,3333
sweep,3517
sweep,3064
sweep,3083
sweep,2809
sweep,3140
sweep,2810
sweep,3057
sweep,2394
sweep,3156
sweep,3652
sweep,2887
sweep,2917
sweep,3401
sweep,2762
sweep,3454
sweep,2701
sweep,2755
sweep,2532
sweep,5594
sweep,8949
sweep,8565
sweep,8608
sweep,8378
sweep,5704
sweep,7657
sweep,4079
sweep,4525
sweep,4356
sweep,5655
sweep,5823
sweep,6030
sweep,233
mark,1027045
sweep,4557
sweep,4246
sweep,4181
sweep,4255
sweep,3733
sweep,3988
sweep,3659
sweep,3083
sweep,2820
sweep,3097
sweep,3116
sweep,3067
sweep,2723
sweep,2813
sweep,2630
sweep,2683
sweep,3204
sweep,3038
sweep,3056
sweep,3381
sweep,2295
sweep,2509
sweep,3710
sweep,2359
sweep,3100
sweep,1961
sweep,3265
sweep,3945
sweep,4129
sweep,3687
sweep,3090
sweep,2984
sweep,3400
sweep,3049
sweep,2795
sweep,3343
sweep,2758
sweep,3416
sweep,2528
sweep,2576
sweep,3956
sweep,2740
sweep,2917
sweep,2948
sweep,2716
sweep,3569
sweep,2737
sweep,2478
sweep,2451
sweep,3613
sweep,3964
sweep,3853
sweep,4037
sweep,6120
sweep,7461
sweep,5773
sweep,8638
sweep,8165
sweep,8666
sweep,8307
sweep,7555
sweep,7192
sweep,825
mark,1029991
sweep,4875
sweep,4334
sweep,3817
sweep,4190
sweep,3825
sweep,4193
sweep,3719
sweep,3158
sweep,2801
sweep,3155
sweep,3299
sweep,3096
sweep,2801
sweep,2855
sweep,2895
sweep,2751
sweep,3533
sweep,3113
sweep,3044
sweep,3586
sweep,2337
sweep,2608
sweep,3700
sweep,2369
sweep,2991
sweep,2171
sweep,3601
sweep,3839
sweep,4578
sweep,3746
sweep,3093
sweep,3018
sweep,3243
sweep,2945
sweep,3006
sweep,3133
sweep,2783
sweep,3031
sweep,2746
sweep,2567
sweep,3712
sweep,2826
sweep,2893
sweep,2789
sweep,3162
sweep,3914
sweep,2777
sweep,2539
sweep,2460
sweep,5670
sweep,8979
sweep,8660
sweep,8377
sweep,7777
sweep,5777
sweep,7441
sweep,3985
sweep,4537
sweep,4620
sweep,6118
sweep,5697
sweep,6618
sweep,238
mark,1052791
sweep,4760
sweep,3953
sweep,4412
sweep,4114
sweep,3883
sweep,3965
sweep,3754
sweep,3568
sweep,2881
sweep,3377
sweep,3080
sweep,3103
sweep,2736
sweep,2900
sweep,2689
sweep,3662
sweep,3109
sweep,2838
sweep,3160
sweep,3404
sweep,2517
sweep,2540
sweep,4075
sweep,2256
sweep,3100
sweep,1843
sweep,3233
sweep,3758
sweep,4639
sweep,3226
sweep,3492
sweep,3019
sweep,3451
sweep,3027
sweep,3287
sweep,3539
sweep,2678
sweep,3382
sweep,2483
sweep,2681
sweep,3625
sweep,2759
sweep,2743
sweep,3223
sweep,3045
sweep,3415
sweep,3213
sweep,2489
sweep,2495
sweep,3720
sweep,4231
sweep,4634
sweep,4356
sweep,5830
sweep,8318
sweep,6491
sweep,8489
sweep,8386
sweep,8489
sweep,7393
sweep,7637
sweep,7271
sweep,873
mark,1073478
sweep,4554
sweep,4269
sweep,3755
sweep,3878
sweep,3615
sweep,4082
sweep,3951
sweep,3286
sweep,2981
sweep,3222
sweep,3126
sweep,2962
sweep,2643
sweep,3177
sweep,2814
sweep,3189
sweep,3266
sweep,3277
sweep,3006
sweep,3969
sweep,2351
sweep,2501
sweep,3822
sweep,2403
sweep,3415
sweep,2142
sweep,3655
sweep,3699
sweep,4204
sweep,3508
sweep,3097
sweep,3303
sweep,2875
sweep,3209
sweep,2811
sweep,3164
sweep,2787
sweep,3092
sweep,2506
sweep,2891
sweep,3708
sweep,2884
sweep,2864
sweep,2995
sweep,2880
sweep,3505
sweep,2827
sweep,2434
sweep,2415
sweep,5770
sweep,8982
sweep,8912
sweep,8882
sweep,8595
sweep,5569
sweep,6898
sweep,4129
sweep,4343
sweep,4753
sweep,6164
sweep,5821
sweep,5744
sweep,231
mark,1034910
sweep,4625
sweep,4142
sweep,3928
sweep,4145
sweep,3805
sweep,4288
sweep,3553
sweep,3195
sweep,2906
sweep,3198
sweep,3041
sweep,3222
sweep,2663
sweep,2722
sweep,2799
sweep,2739
sweep,3256
sweep,3142
sweep,3159
sweep,3379
sweep,2358
sweep,2406
sweep,3834
sweep,2385
sweep,3142
sweep,1967
sweep,3476
sweep,3899
sweep,4204
sweep,3589
sweep,3202
sweep,3477
sweep,2870
sweep,3211
sweep,3021
sweep,3308
sweep,3041
sweep,3042
sweep,2666
sweep,2782
sweep,3737
sweep,2631
sweep,2983
sweep,3010
sweep,3031
sweep,3403
sweep,2797
sweep,2524
sweep,2519
sweep,3443
sweep,4399
sweep,3959
sweep,4424
sweep,5743
sweep,8580
sweep,6461
sweep,8538
sweep,8401
sweep,8630
sweep,7287
sweep,7684
sweep,7102
sweep,836
mark,1076287
sweep,4850
sweep,3891
sweep,3950
sweep,4252
sweep,3661
sweep,4053
sweep,3764
sweep,3199
sweep,2793
sweep,3413
sweep,3004
sweep,2739
sweep,2903
sweep,3118
sweep,2643
sweep,2666
sweep,3273
sweep,2908
sweep,3165
sweep,3587
sweep,2332
sweep,2575
sweep,3859
sweep,2629
sweep,3611
sweep,2021
sweep,3323
sweep,3647
sweep,4088
sweep,3693
sweep,3040
sweep,2976
sweep,3124
sweep,3109
sweep,3009
sweep,3125
sweep,3066
sweep,3275
sweep,2598
sweep,2726
sweep,3648
sweep,2733
sweep,2767
sweep,2946
sweep,2884
sweep,3876
sweep,2895
sweep,2489
sweep,2527
sweep,5641
sweep,9186
sweep,8772
sweep,8760
sweep,8268
sweep,5778
sweep,7595
sweep,4154
sweep,4421
sweep,4395
sweep,5939
sweep,14245
sweep,6152
sweep,243
mark,1046125
sweep,5016
sweep,3901
sweep,4324
sweep,4038
sweep,3723
sweep,4288
sweep,3908
sweep,3367
sweep,2854
sweep,3118
sweep,3206
sweep,2781
sweep,2906
sweep,2811
sweep,2924
sweep,2882
sweep,3435
sweep,2963
sweep,3184
sweep,3974
sweep,2418
sweep,2596
sweep,3724
sweep,2425
sweep,3115
sweep,1901
sweep,3389
sweep,3969
sweep,4478
sweep,3395
sweep,3085
sweep,3249
sweep,2995
sweep,3003
sweep,2724
sweep,3382
sweep,3096
sweep,3054
sweep,2585
sweep,3130
sweep,3786
sweep,2769
sweep,2652
sweep,3084
sweep,2867
sweep,3424
sweep,2674
sweep,2530
sweep,2594
sweep,3578
sweep,4261
sweep,4574
sweep,4268
sweep,6296
sweep,8499
sweep,6872
sweep,8709
sweep,8758
sweep,8983
sweep,7374
sweep,7379
sweep,7010
sweep,836
mark,1047636
sweep,4635
sweep,3917
sweep,4304
sweep,4065
sweep,3626
sweep,4227
sweep,3671
sweep,3408
sweep,3204
sweep,3193
sweep,3301
sweep,2805
sweep,2789
sweep,2849
sweep,2674
sweep,2723
sweep,3607
sweep,3138
sweep,3010
sweep,3447
sweep,2488
sweep,2399
sweep,3973
sweep,2585
sweep,3337
sweep,2204
sweep,3398
sweep,3875
sweep,4321
sweep,3476
sweep,3145
sweep,3336
sweep,2993
sweep,3205
sweep,2888
sweep,3129
sweep,3061
sweep,3199
sweep,2811
sweep,2814
sweep,3743
sweep,2802
sweep,2738
sweep,2933
sweep,3005
sweep,3370
sweep,2625
sweep,2578
sweep,2469
sweep,5764
sweep,8995
sweep,8486
sweep,8460
sweep,7853
sweep,5734
sweep,7646
sweep,4286
sweep,4234
sweep,5142
sweep,6353
sweep,5660
sweep,5961
sweep,223
mark,1023265
sweep,4529
sweep,3762
sweep,4233
sweep,4174
sweep,3808
sweep,3809
sweep,3510
sweep,3053
sweep,2856
sweep,2935
sweep,3059
sweep,2791
sweep,2767
sweep,2757
sweep,2589
sweep,2708
sweep,3205
sweep,2905
sweep,3218
sweep,3520
sweep,2556
sweep,2391
sweep,3991
sweep,2460
sweep,3436
sweep,1838
sweep,3308
sweep,3725
sweep,4252
sweep,3668
sweep,3106
sweep,11445
sweep,2856
sweep,3079
sweep,2873
sweep,3400
sweep,2837
sweep,3188
sweep,2644
sweep,2835
sweep,3986
sweep,2838
sweep,2718
sweep,3026
sweep,2951
sweep,3697
sweep,2765
sweep,2582
sweep,2677
sweep,3457
sweep,4135
sweep,3920
sweep,4311
sweep,6324
sweep,7710
sweep,5802
sweep,8611
sweep,8709
sweep,8403
sweep,7275
sweep,6946
sweep,7099
sweep,831
mark,1034366
sweep,5202
sweep,4000
sweep,4295
sweep,4048
sweep,3919
sweep,4350
sweep,3884
sweep,3373
sweep,2756
sweep,3393
sweep,3213
sweep,2763
sweep,2666
sweep,2890
sweep,2693
sweep,2639
sweep,3388
sweep,2888
sweep,3039
sweep,3825
sweep,2579
sweep,2422
sweep,3830
sweep,2369
sweep,3025
sweep,1887
sweep,3689
sweep,3717
sweep,4484
sweep,3358
sweep,3117
sweep,3166
sweep,2947
sweep,3100
sweep,3144
sweep,3233
sweep,3030
sweep,3063
sweep,2983
sweep,2677
sweep,3839
sweep,2885
sweep,2976
sweep,2953
sweep,2817
sweep,3686
sweep,2785
sweep,2549
sweep,2751
sweep,5347
sweep,9009
sweep,9060
sweep,8610
sweep,8110
sweep,6427
sweep,7730
sweep,4070
sweep,4209
sweep,4860
sweep,6147
sweep,5999
sweep,5818
sweep,220
mark,1026464
sweep,5471
sweep,4075
sweep,4252
sweep,3932
sweep,3851
sweep,4209
sweep,3598
sweep,3009
sweep,3053
sweep,3220
sweep,3293
sweep,2772
sweep,2730
sweep,2806
sweep,2604
sweep,2631
sweep,3536
sweep,3138
sweep,3212
sweep,3246
sweep,2411
sweep,2479
sweep,3971
sweep,2383
sweep,3025
sweep,1927
sweep,3396
sweep,3628
sweep,4059
sweep,3405
sweep,3419
sweep,2821
sweep,3463
sweep,3043
sweep,2762
sweep,3322
sweep,2917
sweep,2967
sweep,2527
sweep,2686
sweep,3882
sweep,3014
sweep,2705
sweep,3125
sweep,3214
sweep,3343
sweep,2762
sweep,2508
sweep,2528
sweep,3573
sweep,4304
sweep,3928
sweep,4080
sweep,6077
sweep,7779
sweep,6471
sweep,8744
sweep,8467
sweep,8681
sweep,8389
sweep,7364
sweep,7561
sweep,829
mark,1028452
sweep,4798
sweep,3875
sweep,3878
sweep,4269
sweep,3827
sweep,4261
sweep,3641
sweep,3105
sweep,3137
sweep,3280
sweep,3031
sweep,2793
sweep,2791
sweep,3124
sweep,2695
sweep,2808
sweep,3383
sweep,2966
sweep,3083
sweep,3590
sweep,2364
sweep,2784
sweep,3720
sweep,2355
sweep,3934
sweep,1843
sweep,3549
sweep,3747
sweep,4227
sweep,3773
sweep,3250
sweep,3013
sweep,3093
sweep,3119
sweep,2694
sweep,3403
sweep,2927
sweep,3089
sweep,2487
sweep,3029
sweep,3871
sweep,2624
sweep,2811
sweep,3331
sweep,2832
sweep,3671
sweep,2727
sweep,2728
sweep,2526
sweep,5828
sweep,9010
sweep,8233
sweep,8654
sweep,7953
sweep,6236
sweep,7429
sweep,4062
sweep,4216
sweep,4794
sweep,6235
sweep,5804
sweep,6417
sweep,213
mark,1031410
sweep,5343
sweep,4493
sweep,4246
sweep,4206
sweep,3685
sweep,4225
sweep,3636
sweep,3685
sweep,2899
sweep,3362
sweep,3154
sweep,3020
sweep,2859
sweep,2757
sweep,2960
sweep,3009
sweep,3302
sweep,3142
sweep,2883
sweep,3428
sweep,2713
sweep,2466
sweep,4164
sweep,2434
sweep,3170
sweep,2145
sweep,3728
sweep,3906
sweep,4533
sweep,3488
sweep,3052
sweep,3363
sweep,3161
sweep,3035
sweep,2782
sweep,3537
sweep,2799
sweep,3019
sweep,2503
sweep,3181
sweep,4057
sweep,2917
sweep,2612
sweep,2988
sweep,3376
sweep,3762
sweep,2652
sweep,2637
sweep,2867
sweep,3541
sweep,3879
sweep,4147
sweep,4193
sweep,6043
sweep,7895
sweep,6242
sweep,8328
sweep,8205
sweep,8344
sweep,7061
sweep,7650
sweep,6964
sweep,831
mark,1037609
sweep,5186
sweep,4080
sweep,3869
sweep,4085
sweep,3770
sweep,4389
sweep,4020
sweep,3100
sweep,2972
sweep,3533
sweep,3095
sweep,2749
sweep,2796
sweep,2941
sweep,2589
sweep,2906
sweep,3311
sweep,3284
sweep,3074
sweep,3625
sweep,2307
sweep,2534
sweep,4205
sweep,2420
sweep,3084
sweep,2187
sweep,3733
sweep,3766
sweep,4464
sweep,3315
sweep,3002
sweep,3128
sweep,2874
sweep,3259
sweep,2799
sweep,3432
sweep,2829
sweep,3107
sweep,2414
sweep,2968
sweep,3858
sweep,2676
sweep,2990
sweep,2867
sweep,3071
sweep,3434
sweep,3072
sweep,2483
sweep,2474
sweep,5808
sweep,8827
sweep,8860
sweep,8516
sweep,8121
sweep,6261
sweep,7544
sweep,3919
sweep,4603
sweep,4454
sweep,5984
sweep,5583
sweep,5720
sweep,227
mark,1026076
sweep,5043
sweep,3804
sweep,4273
sweep,4043
sweep,3668
sweep,4159
sweep,3847
sweep,3365
sweep,2755
sweep,3085
sweep,3130
sweep,2691
sweep,2774
sweep,3067
sweep,2511
sweep,2695
sweep,3253
sweep,3049
sweep,3250
sweep,3584
sweep,2575
sweep,2535
sweep,3987
sweep,2369
sweep,3128
sweep,1921
sweep,3362
sweep,3655
sweep,4386
sweep,3510
sweep,3256
sweep,2930
sweep,3306
sweep,3155
sweep,3127
sweep,3166
sweep,3044
sweep,3094
sweep,2551
sweep,3103
sweep,3858
sweep,2807
sweep,2737
sweep,3057
sweep,3118
sweep,3467
sweep,2982
sweep,2544
sweep,2517
sweep,3716
sweep,4219
sweep,4239
sweep,4354
sweep,6047
sweep,7784
sweep,5893
sweep,9075
sweep,8047
sweep,8228
sweep,8188
sweep,7479
sweep,7537
sweep,831
mark,1034588
sweep,4893
sweep,3961
sweep,4036
sweep,4042
sweep,3686
sweep,4001
sweep,3698
sweep,3218
sweep,2886
sweep,3278
sweep,3061
sweep,2713
sweep,3220
sweep,2889
sweep,2629
sweep,2603
sweep,3311
sweep,2926
sweep,3219
sweep,3661
sweep,2389
sweep,2974
sweep,3903
sweep,2433
sweep,3160
sweep,1939
sweep,3601
sweep,3988
sweep,4361
sweep,3687
sweep,3400
sweep,3423
sweep,3250
sweep,3117
sweep,2805
sweep,3134
sweep,2751
sweep,2996
sweep,2699
sweep,2754
sweep,3788
sweep,2652
sweep,2922
sweep,3392
sweep,3185
sweep,3426
sweep,2866
sweep,2586
sweep,2695
sweep,5434
sweep,8780
sweep,8274
sweep,8691
sweep,8124
sweep,6151
sweep,7382
sweep,3948
sweep,4457
sweep,4297
sweep,5852
sweep,5542
sweep,5726
sweep,225
mark,1026901
sweep,5045
sweep,3728
sweep,4407
sweep,4380
sweep,3824
sweep,4031
sweep,3579
sweep,3353
sweep,2821
sweep,3370
sweep,3309
sweep,2803
sweep,2740
sweep,2808
sweep,2602
sweep,2738
sweep,3318
sweep,2991
sweep,3173
sweep,3414
sweep,2271
sweep,2713
sweep,3704
sweep,2350
sweep,3141
sweep,2101
sweep,3319
sweep,3615
sweep,4808
sweep,3377
sweep,3139
sweep,3040
sweep,2829
sweep,3096
sweep,2787
sweep,3202
sweep,2765
sweep,3092
sweep,2554
sweep,2684
sweep,3927
sweep,2868
sweep,2762
sweep,3016
sweep,2926
sweep,3482
sweep,2715
sweep,2516
sweep,2683
sweep,3425
sweep,4266
sweep,4020
sweep,4348
sweep,5698
sweep,7694
sweep,5950
sweep,8721
sweep,8541
sweep,8450
sweep,7338
sweep,7248
sweep,7431
sweep,830
mark,1032966
sweep,5330
sweep,3907
sweep,3943
sweep,4231
sweep,3513
sweep,4325
sweep,3700
sweep,3225
sweep,3308
sweep,3312
sweep,2946
sweep,3159
sweep,2798
sweep,2920
sweep,2555
sweep,2705
sweep,3238
sweep,3073
sweep,3022
sweep,3459
sweep,2353
sweep,2805
sweep,3921
sweep,2413
sweep,3074
sweep,2030
sweep,3678
sweep,3820
sweep,4611
sweep,3474
sweep,3332
sweep,3556
sweep,2816
sweep,3213
sweep,3093
sweep,3478
sweep,2771
sweep,3135
sweep,2411
sweep,2644
sweep,3646
sweep,2986
sweep,2732
sweep,3008
sweep,3153
sweep,3459
sweep,2741
sweep,2471
sweep,2567
sweep,5361
sweep,8501
sweep,8497
sweep,8459
sweep,7878
sweep,5755
sweep,7318
sweep,4132
sweep,4390
sweep,4940
sweep,6268
sweep,5625
sweep,5827
sweep,260
mark,1027405
sweep,4711
sweep,4427
sweep,3903
sweep,4072
sweep,3779
sweep,4017
sweep,3702
sweep,3067
sweep,3084
sweep,3028
sweep,3257
sweep,2767
sweep,2919
sweep,2941
sweep,2543
sweep,2926
sweep,3421
sweep,3231
sweep,3008
sweep,3641
sweep,2617
sweep,2651
sweep,3970
sweep,2433
sweep,3340
sweep,1882
sweep,3287
sweep,3694
sweep,4127
sweep,3226
sweep,3202
sweep,2996
sweep,3451
sweep,2958
sweep,2898
sweep,3112
sweep,2901
sweep,3320
sweep,2476
sweep,2654
sweep,3733
sweep,2906
sweep,2719
sweep,2964
sweep,2947
sweep,3429
sweep,2841
sweep,2488
sweep,2759
sweep,3540
sweep,4005
sweep,4170
sweep,4158
sweep,5832
sweep,8152
sweep,6539
sweep,8493
sweep,8364
sweep,8521
sweep,8282
sweep,7321
sweep,7591
sweep,841
mark,1028518
sweep,5193
sweep,4043
sweep,3980
sweep,3971
sweep,3837
sweep,4122
sweep,3553
sweep,3042
sweep,2812
sweep,3439
sweep,3386
sweep,3015
sweep,3139
sweep,3028
sweep,2888
sweep,3143
sweep,3178
sweep,2964
sweep,2967
sweep,3533
sweep,2385
sweep,2636
sweep,3969
sweep,2383
sweep,3093
sweep,1951
sweep,3584
sweep,3639
sweep,4560
sweep,3359
sweep,3108
sweep,3142
sweep,3270
sweep,3011
sweep,2947
sweep,3522
sweep,2848
sweep,3244
sweep,2435
sweep,2751
sweep,3718
sweep,2752
sweep,2744
sweep,2939
sweep,2905
sweep,3718
sweep,2877
sweep,2532
sweep,2532
sweep,5995
sweep,9050
sweep,8812
sweep,8514
sweep,7786
sweep,6402
sweep,7553
sweep,4013
sweep,4180
sweep,4915
sweep,6241
sweep,5619
sweep,5894
sweep,221
mark,1032441
sweep,4646
sweep,3998
sweep,4425
sweep,4176
sweep,3689
sweep,4047
sweep,3674
sweep,3403
sweep,3137
sweep,3066
sweep,3451
sweep,2722
sweep,2754
sweep,2777
sweep,2576
sweep,2764
sweep,3478
sweep,2966
sweep,2970
sweep,3696
sweep,2307
sweep,2400
sweep,4184
sweep,2631
sweep,3134
sweep,1986
sweep,3369
sweep,3679
sweep,4249
sweep,3274
sweep,3059
sweep,3027
sweep,2974
sweep,3265
sweep,3122
sweep,3209
sweep,3025
sweep,3064
sweep,2501
sweep,3106
sweep,3671
sweep,2706
sweep,2849
sweep,2926
sweep,2799
sweep,3371
sweep,3011
sweep,2712
sweep,2490
sweep,3483
sweep,3974
sweep,4193
sweep,4188
sweep,6215
sweep,7681
sweep,6017
sweep,9197
sweep,8073
sweep,8743
sweep,7373
sweep,7707
sweep,7128
sweep,731
mark,1031097
sweep,4850
sweep,3844
sweep,3992
sweep,3925
sweep,3669
sweep,4394
sweep,3677
sweep,3135
sweep,3158
sweep,3412
sweep,3265
sweep,2959
sweep,2970
sweep,2833
sweep,3076
sweep,2773
sweep,3408
sweep,3181
sweep,3117
sweep,4074
sweep,2392
sweep,2677
sweep,4403
sweep,2657
sweep,3286
sweep,1984
sweep,3516
sweep,3710
sweep,4456
sweep,3659
sweep,3054
sweep,3154
sweep,2900
sweep,3165
sweep,2808
sweep,3417
sweep,2785
sweep,3127
sweep,2560
sweep,2657
sweep,3792
sweep,2712
sweep,2897
sweep,2929
sweep,2893
sweep,3538
sweep,3129
sweep,2507
sweep,2658
sweep,5557
sweep,8519
sweep,8968
sweep,8869
sweep,7549
sweep,5735
sweep,6794
sweep,4058
sweep,4371
sweep,4827
sweep,6542
sweep,5824
sweep,5899
sweep,223
mark,1040307
sweep,4820
sweep,3781
sweep,3890
sweep,4173
sweep,3894
sweep,4239
sweep,3623
sweep,3025
sweep,3067
sweep,3048
sweep,3094
sweep,2720
sweep,2838
sweep,3138
sweep,2901
sweep,2673
sweep,3127
sweep,3134
sweep,3102
sweep,3527
sweep,2361
sweep,2397
sweep,3858
sweep,2461
sweep,3170
sweep,2139
sweep,3304
sweep,3931
sweep,4445
sweep,3517
sweep,3097
sweep,3088
sweep,2952
sweep,2934
sweep,2820
sweep,3215
sweep,2757
sweep,3351
sweep,2449
sweep,2777
sweep,3973
sweep,2974
sweep,2968
sweep,2989
sweep,3069
sweep,3402
sweep,3006
sweep,2573
sweep,2466
sweep,3605
sweep,4075
sweep,4121
sweep,4164
sweep,6199
sweep,7894
sweep,5951
sweep,8372
sweep,8513
sweep,8375
sweep,8422
sweep,7381
sweep,7346
sweep,831
mark,1035263
sweep,5015
sweep,4181
sweep,3908
sweep,4221
sweep,3685
sweep,4356
sweep,3864
sweep,3232
sweep,2835
sweep,3346
sweep,3390
sweep,2706
sweep,2769
sweep,3020
sweep,2607
sweep,2712
sweep,3567
sweep,2945
sweep,3240
sweep,3376
sweep,2290
sweep,2404
sweep,4310
sweep,2414
sweep,3460
sweep,2108
sweep,3386
sweep,3647
sweep,4565
sweep,3821
sweep,3140
sweep,2975
sweep,2890
sweep,3015
sweep,2885
sweep,3004
sweep,3065
sweep,3134
sweep,2402
sweep,2826
sweep,3745
sweep,2966
sweep,2741
sweep,2816
sweep,3021
sweep,3457
sweep,2816
sweep,2618
sweep,2499
sweep,5343
sweep,9087
sweep,8473
sweep,8764
sweep,8059
sweep,5735
sweep,7450
sweep,4028
sweep,4292
sweep,4304
sweep,5687
sweep,5918
sweep,6142
sweep,229
mark,1033285
sweep,4643
sweep,4124
sweep,3771
sweep,4389
sweep,3787
sweep,4347
sweep,3667
sweep,3140
sweep,2814
sweep,3009
sweep,3297
sweep,2927
sweep,3038
sweep,3248
sweep,2942
sweep,2687
sweep,3525
sweep,2972
sweep,2984
sweep,3388
sweep,2365
sweep,2590
sweep,3767
sweep,2642
sweep,3604
sweep,1854
sweep,3394
sweep,3545
sweep,4088
sweep,3589
sweep,3086
sweep,3051
sweep,3456
sweep,3194
sweep,3334
sweep,3363
sweep,3037
sweep,2962
sweep,2579
sweep,2834
sweep,3705
sweep,2577
sweep,2762
sweep,3507
sweep,2713
sweep,3376
sweep,3370
sweep,2787
sweep,2579
sweep,3502
sweep,4159
sweep,4092
sweep,4188
sweep,6135
sweep,7719
sweep,6203
sweep,8889
sweep,8512
sweep,8441
sweep,7736
sweep,7765
sweep,7745
sweep,837
mark,1051751
sweep,4636
sweep,4323
sweep,4190
sweep,4168
sweep,3660
sweep,4215
sweep,3708
sweep,3178
sweep,2813
sweep,3127
sweep,3152
sweep,3036
sweep,2685
sweep,3330
sweep,3036
sweep,2694
sweep,3365
sweep,2926
sweep,3154
sweep,3542
sweep,2677
sweep,2670
sweep,3914
sweep,2310
sweep,3487
sweep,1963
sweep,3361
sweep,4252
sweep,4272
sweep,3410
sweep,3012
sweep,3055
sweep,3013
sweep,3136
sweep,2815
sweep,3441
sweep,2702
sweep,3192
sweep,2813
sweep,2928
sweep,3771
sweep,3083
sweep,2666
sweep,2882
sweep,3032
sweep,3677
sweep,2677
sweep,2513
sweep,2685
sweep,6037
sweep,8728
sweep,8126
sweep,8516
sweep,8059
sweep,6052
sweep,7099
sweep,3913
sweep,4328
sweep,5021
sweep,6186
sweep,5822
sweep,11505
sweep,235
mark,1027658
sweep,4708
sweep,4186
sweep,4154
sweep,4003
sweep,3575
sweep,4319
sweep,3557
sweep,3312
sweep,2791
sweep,3360
sweep,3371
sweep,2848
sweep,2725
sweep,2912
sweep,2553
sweep,2706
sweep,3216
sweep,2886
sweep,2998
sweep,3469
sweep,2488
sweep,2503
sweep,3905
sweep,2373
sweep,3605
sweep,1917
sweep,3333
sweep,3892
sweep,4246
sweep,3513
sweep,3104
sweep,3017
sweep,3029
sweep,3018
sweep,2786
sweep,3356
sweep,2834
sweep,3030
sweep,2572
sweep,2635
sweep,3896
sweep,2637
sweep,2831
sweep,3640
sweep,2845
sweep,3357
sweep,3219
sweep,2507
sweep,2852
sweep,3920
sweep,4701
sweep,4294
sweep,4135
sweep,8169
sweep,8494
sweep,6015
sweep,8607
sweep,8759
sweep,9160
sweep,7641
sweep,7090
sweep,7219
sweep,836
mark,1050523
sweep,4949
sweep,3992
sweep,4445
sweep,4012
sweep,3616
sweep,4089
sweep,3665
sweep,3068
sweep,3092
sweep,3382
sweep,3386
sweep,3003
sweep,2645
sweep,3237
sweep,2950
sweep,2721
sweep,3245
sweep,2840
sweep,3075
sweep,3516
sweep,2349
sweep,2359
sweep,3791
sweep,2298
sweep,3068
sweep,1840
sweep,3521
sweep,3886
sweep,4320
sweep,3577
sweep,3346
sweep,2911
sweep,2972
sweep,3220
sweep,2818
sweep,3200
sweep,6271
sweep,3476
sweep,2408
sweep,2736
sweep,4076
sweep,2691
sweep,2892
sweep,3062
sweep,2833
sweep,3883
sweep,2664
sweep,2457
sweep,2449
sweep,5612
sweep,8777
sweep,8426
sweep,8638
sweep,8175
sweep,6030
sweep,7222
sweep,4228
sweep,4219
sweep,4769
sweep,6238
sweep,5766
sweep,5790
sweep,256
mark,1025716
sweep,5064
sweep,3848
sweep,3968
sweep,4579
sweep,3923
sweep,4090
sweep,3730
sweep,3192
sweep,2946
sweep,3001
sweep,3191
sweep,2753
sweep,2654
sweep,2846
sweep,2785
sweep,2752
sweep,3140
sweep,2920
sweep,2939
sweep,3361
sweep,2408
sweep,2960
sweep,3878
sweep,2606
sweep,3182
sweep,2124
sweep,3599
sweep,3642
sweep,4484
sweep,3665
sweep,3423
sweep,2917
sweep,2979
sweep,3227
sweep,2893
sweep,3072
sweep,3069
sweep,3010
sweep,2802
sweep,2756
sweep,3765
sweep,2918
sweep,2882
sweep,3166
sweep,3447
sweep,3726
sweep,2657
sweep,2476
sweep,2472
sweep,3492
sweep,4002
sweep,4073
sweep,4129
sweep,5790
sweep,8374
sweep,6976
sweep,9082
sweep,8015
sweep,8870
sweep,7616
sweep,7321
sweep,7231
sweep,825
mark,1029188
sweep,4945
sweep,4040
sweep,4105
sweep,4187
sweep,3799
sweep,4180
sweep,3701
sweep,3254
sweep,2785
sweep,3711
sweep,3500
sweep,2969
sweep,2826
sweep,2811
sweep,2637
sweep,3077
sweep,3367
sweep,2881
sweep,3066
sweep,3573
sweep,2329
sweep,2503
sweep,4067
sweep,2349
sweep,3409
sweep,1939
sweep,3514
sweep,3815
sweep,4439
sweep,3315
sweep,3080
sweep,3069
sweep,3478
sweep,3148
sweep,3185
sweep,3088
sweep,2736
sweep,3184
sweep,2774
sweep,2695
sweep,3815
sweep,2957
sweep,2992
sweep,2864
sweep,2753
sweep,3662
sweep,2854
sweep,2478
sweep,2682
sweep,5977
sweep,8617
sweep,8252
sweep,8549
sweep,8005
sweep,6528
sweep,7214
sweep,4010
sweep,4331
sweep,4806
sweep,6184
sweep,5973
sweep,5812
sweep,227
mark,1036715
sweep,4997
sweep,4013
sweep,4038
sweep,4434
sweep,3939
sweep,4025
sweep,3877
sweep,3423
sweep,2780
sweep,2998
sweep,3461
sweep,2767
sweep,2706
sweep,3102
sweep,3006
sweep,3078
sweep,3210
sweep,3190
sweep,3225
sweep,3446
sweep,2409
sweep,2459
sweep,3776
sweep,2779
sweep,3014
sweep,1942
sweep,3349
sweep,3881
sweep,4359
sweep,3774
sweep,3339
sweep,3149
sweep,2910
sweep,2961
sweep,2781
sweep,3463
sweep,2799
sweep,3118
sweep,2473
sweep,3167
sweep,3696
sweep,3173
sweep,2957
sweep,2944
sweep,3061
sweep,3653
sweep,2958
sweep,2414
sweep,2781
sweep,3509
sweep,4229
sweep,3979
sweep,4023
sweep,5516
sweep,8680
sweep,6554
sweep,8557
sweep,8357
sweep,8516
sweep,7451
sweep,7050
sweep,7128
sweep,826
mark,1038270
sweep,4681
sweep,4059
sweep,3921
sweep,4205
sweep,3612
sweep,4146
sweep,3661
sweep,3143
sweep,2840
sweep,3196
sweep,3032
sweep,2751
sweep,2726
sweep,3047
sweep,2657
sweep,2941
sweep,3262
sweep,2910
sweep,3027
sweep,3735
sweep,2546
sweep,2777
sweep,3840
sweep,2371
sweep,3367
sweep,2127
sweep,3376
sweep,3893
sweep,4276
sweep,3505
sweep,3294
sweep,3173
sweep,2926
sweep,3138
sweep,2796
sweep,3187
sweep,2783
sweep,3066
sweep,2708
sweep,2880
sweep,3830
sweep,2927
sweep,2889
sweep,3221
sweep,2871
sweep,3424
sweep,2710
sweep,2693
sweep,2437
sweep,5718
sweep,8982
sweep,8837
sweep,8761
sweep,7952
sweep,5985
sweep,7125
sweep,3924
sweep,4380
sweep,4603
sweep,6248
sweep,5839
sweep,5838
sweep,225
mark,1033947
sweep,4911
sweep,4250
sweep,4352
sweep,4241
sweep,3548
sweep,4269
sweep,3829
sweep,3238
sweep,2845
sweep,3070
sweep,3352
sweep,2885
sweep,2913
sweep,2719
sweep,2531
sweep,2701
sweep,3367
sweep,3300
sweep,3096
sweep,3719
sweep,2383
sweep,2690
sweep,3822
sweep,2392
sweep,3786
sweep,1884
sweep,3537
sweep,3992
sweep,4111
sweep,3653
sweep,3241
sweep,3229
sweep,2974
sweep,3083
sweep,2819
sweep,3158
sweep,3067
sweep,2981
sweep,2783
sweep,2684
sweep,4069
sweep,3256
sweep,3003
sweep,3100
sweep,3205
sweep,3458
sweep,2844
sweep,2507
sweep,2402
sweep,3922
sweep,4248
sweep,3891
sweep,4146
sweep,5855
sweep,8635
sweep,6492
sweep,8512
sweep,8261
sweep,8582
sweep,7502
sweep,7571
sweep,7090
sweep,832
mark,1039234
sweep,4637
sweep,3891
sweep,3989
sweep,4102
sweep,3934
sweep,4093
sweep,3690
sweep,3288
sweep,2991
sweep,3395
sweep,3477
sweep,2785
sweep,2650
sweep,2709
sweep,2714
sweep,2641
sweep,3558
sweep,3054
sweep,3158
sweep,3541
sweep,2601
sweep,2479
sweep,3906
sweep,2491
sweep,3782
sweep,2028
sweep,3603
sweep,3614
sweep,4187
sweep,3756
sweep,3161
sweep,2932
sweep,3132
sweep,3078
sweep,2747
sweep,3212
sweep,2803
sweep,3082
sweep,2516
sweep,2656
sweep,3747
sweep,2912
sweep,2808
sweep,3258
sweep,3177
sweep,3720
sweep,2759
sweep,2539
sweep,2509
sweep,5354
sweep,9156
sweep,8514
sweep,8729
sweep,7797
sweep,6322
sweep,7225
sweep,4005
sweep,4383
sweep,4923
sweep,6259
sweep,5526
sweep,5872
sweep,222
mark,1034453
sweep,4641
sweep,4028
sweep,4129
sweep,3942
sweep,3528
sweep,4338
sweep,3833
sweep,3256
sweep,2778
sweep,3260
sweep,3026
sweep,2796
sweep,2832
sweep,2830
sweep,2673
sweep,2967
sweep,3231
sweep,2952
sweep,3164
sweep,3765
sweep,2508
sweep,2545
sweep,3767
sweep,2496
sweep,3110
sweep,1937
sweep,3360
sweep,3923
sweep,4838
sweep,3518
sweep,3107
sweep,3303
sweep,3173
sweep,3099
sweep,3147
sweep,3267
sweep,2722
sweep,3422
sweep,2555
sweep,2633
sweep,3765
sweep,2762
sweep,2681
sweep,3368
sweep,2809
sweep,3715
sweep,3020
sweep,2494
sweep,2735
sweep,3549
sweep,4077
sweep,4177
sweep,4353
sweep,6213
sweep,7522
sweep,6084
sweep,8726
sweep,8548
sweep,8567
sweep,8153
sweep,7315
sweep,7575
sweep,846
mark,1035491
sweep,4641
sweep,3836
sweep,3901
sweep,4088
sweep,3600
sweep,3978
sweep,3744
sweep,3030
sweep,3249
sweep,3528
sweep,3407
sweep,2698
sweep,2696
sweep,2843
sweep,2733
sweep,2670
sweep,3345
sweep,2891
sweep,3371
sweep,3430
sweep,2346
sweep,2540
sweep,3879
sweep,2366
sweep,3734
sweep,2056
sweep,3671
sweep,4005
sweep,4431
sweep,3527
sweep,3336
sweep,3142
sweep,2903
sweep,3077
sweep,3078
sweep,3219
sweep,2694
sweep,3290
sweep,2556
sweep,2639
sweep,3760
sweep,3200
sweep,3084
sweep,2801
sweep,2914
sweep,3516
sweep,2739
sweep,2728
sweep,2438
sweep,5567
sweep,9393
sweep,8830
sweep,8541
sweep,8259
sweep,6220
sweep,7466
sweep,4179
sweep,4199
sweep,5111
sweep,6230
sweep,5931
sweep,5937
sweep,231
mark,1037286
sweep,4793
sweep,3832
sweep,3993
sweep,4650
sweep,3598
sweep,4089
sweep,3706
sweep,3114
sweep,2748
sweep,3054
sweep,3123
sweep,3035
sweep,2795
sweep,2764
sweep,2848
sweep,2786
sweep,3347
sweep,3023
sweep,3085
sweep,3776
sweep,2328
sweep,2456
sweep,4039
sweep,2414
sweep,3043
sweep,1958
sweep,3375
sweep,3905
sweep,4803
sweep,3685
sweep,3151
sweep,2946
sweep,3009
sweep,3101
sweep,2799
sweep,3339
sweep,2974
sweep,2984
sweep,2825
sweep,2672
sweep,3699
sweep,2870
sweep,2866
sweep,3018
sweep,2777
sweep,3423
sweep,3074
sweep,2595
sweep,2599
sweep,3486
sweep,4208
sweep,3981
sweep,4107
sweep,5545
sweep,7766
sweep,6396
sweep,8472
sweep,8748
sweep,8990
sweep,7154
sweep,7750
sweep,7626
sweep,830
mark,1048547
sweep,4871
sweep,3954
sweep,4169
sweep,4298
sweep,3693
sweep,4065
sweep,3852
sweep,3246
sweep,3089
sweep,3142
sweep,3020
sweep,3157
sweep,2951
sweep,3065
sweep,2984
sweep,2844
sweep,3550
sweep,2975
sweep,3087
sweep,3492
sweep,2265
sweep,2419
sweep,3721
sweep,2538
sweep,3600
sweep,1982
sweep,3418
sweep,3651
sweep,4423
sweep,3952
sweep,3288
sweep,3098
sweep,3237
sweep,3043
sweep,2848
sweep,3436
sweep,2912
sweep,3021
sweep,2465
sweep,2684
sweep,3641
sweep,2727
sweep,2674
sweep,2970
sweep,3228
sweep,3466
sweep,2984
sweep,2509
sweep,2695
sweep,5644
sweep,9767
sweep,8725
sweep,8363
sweep,7877
sweep,5740
sweep,7460
sweep,4048
sweep,4507
sweep,4682
sweep,6299
sweep,5841
sweep,5646
sweep,224
mark,1036085
sweep,4779
sweep,3985
sweep,4388
sweep,4228
sweep,3841
sweep,12573
sweep,3869
sweep,3634
sweep,2876
sweep,3028
sweep,3208
sweep,2712
sweep,2712
sweep,2798
sweep,2570
sweep,2752
sweep,3234
sweep,3254
sweep,3160
sweep,3520
sweep,2564
sweep,2706
sweep,3694
sweep,2617
sweep,3149
sweep,2476
sweep,3532
sweep,3862
sweep,4466
sweep,3396
sweep,3079
sweep,3034
sweep,3189
sweep,3097
sweep,2834
sweep,3443
sweep,3081
sweep,3043
sweep,2610
sweep,2675
sweep,3709
sweep,2625
sweep,2758
sweep,3096
sweep,2732
sweep,3538
sweep,2817
sweep,2557
sweep,2721
sweep,3400
sweep,3963
sweep,3973
sweep,4388
sweep,5572
sweep,8546
sweep,6368
sweep,8431
sweep,8589
sweep,8427
sweep,7530
sweep,7115
sweep,7195
sweep,840
mark,1034540
sweep,5557
sweep,4189
sweep,4120
sweep,4327
sweep,3759
sweep,4388
sweep,3699
sweep,3144
sweep,2888
sweep,3255
sweep,3005
sweep,2761
sweep,2687
sweep,3230
sweep,2605
sweep,2711
sweep,3733
sweep,2861
sweep,3259
sweep,3444
sweep,2489
sweep,2584
sweep,3743
sweep,2463
sweep,3236
sweep,2298
sweep,3439
sweep,3852
sweep,4410
sweep,3710
sweep,3099
sweep,3166
sweep,3144
sweep,2938
sweep,2850
sweep,3435
sweep,2731
sweep,3265
sweep,2629
sweep,2684
sweep,3945
sweep,2958
sweep,2669
sweep,3292
sweep,3170
sweep,3887
sweep,2711
sweep,2748
sweep,2533
sweep,5586
sweep,8636
sweep,8766
sweep,8701
sweep,7534
sweep,5955
sweep,6831
sweep,3965
sweep,4190
sweep,4943
sweep,6078
sweep,5598
sweep,5795
sweep,224
mark,1030511
sweep,4631
sweep,3758
sweep,4135
sweep,4456
sweep,3528
sweep,4246
sweep,3569
sweep,2998
sweep,3103
sweep,2976
sweep,3066
sweep,2849
sweep,3027
sweep,2844
sweep,2873
sweep,2668
sweep,3648
sweep,3393
sweep,3215
sweep,3342
sweep,2435
sweep,2534
sweep,3677
sweep,2640
sweep,3083
sweep,1894
sweep,3458
sweep,3630
sweep,4132
sweep,3303
sweep,3307
sweep,2953
sweep,2921
sweep,3088
sweep,3048
sweep,3285
sweep,2838
sweep,3188
sweep,2503
sweep,2797
sweep,3724
sweep,2730
sweep,3181
sweep,3264
sweep,2886
sweep,3719
sweep,2700
sweep,2469
sweep,2443
sweep,3690
sweep,4272
sweep,4148
sweep,4154
sweep,5842
sweep,7841
sweep,5797
sweep,8435
sweep,8541
sweep,8671
sweep,8201
sweep,7534
sweep,7549
sweep,835
mark,1028102
sweep,4739
sweep,4070
sweep,3924
sweep,4211
sweep,3682
sweep,4007
sweep,3898
sweep,3175
sweep,3107
sweep,3495
sweep,2996
sweep,2746
sweep,3024
sweep,2980
sweep,2658
sweep,2702
sweep,3397
sweep,2885
sweep,3055
sweep,3331
sweep,2432
sweep,2883
sweep,3740
sweep,2378
sweep,3110
sweep,2001
sweep,3707
sweep,3901
sweep,4494
sweep,3461
sweep,3123
sweep,3498
sweep,2949
sweep,3295
sweep,3002
sweep,3194
sweep,3295
sweep,3418
sweep,2427
sweep,3266
sweep,4042
sweep,3056
sweep,2704
sweep,3244
sweep,2856
sweep,3804
sweep,2891
sweep,2563
sweep,2451
sweep,5339
sweep,9014
sweep,8721
sweep,8684
sweep,8124
sweep,5830
sweep,7416
sweep,3977
sweep,4305
sweep,5137
sweep,6248
sweep,5948
sweep,5810
sweep,226
mark,1029895
sweep,4547
sweep,3874
sweep,4312
sweep,3965
sweep,3880
sweep,3956
sweep,3534
sweep,3003
sweep,2919
sweep,3169
sweep,3209
sweep,2958
sweep,3015
sweep,2779
sweep,2542
sweep,2687
sweep,3458
sweep,2900
sweep,3251
sweep,3597
sweep,2563
sweep,2816
sweep,4098
sweep,2448
sweep,3010
sweep,1909
sweep,3675
sweep,3643
sweep,4320
sweep,3312
sweep,3625
sweep,3158
sweep,2922
sweep,2983
sweep,2794
sweep,3447
sweep,2713
sweep,3216
sweep,2721
sweep,2741
sweep,3575
sweep,2821
sweep,2640
sweep,3355
sweep,3125
sweep,3772
sweep,2720
sweep,2526
sweep,2487
sweep,3713
sweep,4193
sweep,4015
sweep,4103
sweep,5995
sweep,7662
sweep,6287
sweep,8393
sweep,8307
sweep,8613
sweep,8307
sweep,7274
sweep,7528
sweep,921
mark,1032853
sweep,4633
sweep,3824
sweep,4222
sweep,3989
sweep,3588
sweep,4228
sweep,3902
sweep,3245
sweep,3027
sweep,3186
sweep,2990
sweep,2962
sweep,2860
sweep,3192
sweep,2783
sweep,2753
sweep,3480
sweep,3218
sweep,3238
sweep,3944
sweep,2383
sweep,2838
sweep,3926
sweep,2750
sweep,3073
sweep,1930
sweep,3319
sweep,3769
sweep,4579
sweep,3366
sweep,3150
sweep,3040
sweep,2808
sweep,3262
sweep,2837
sweep,3439
sweep,2799
sweep,3136
sweep,2558
sweep,2991
sweep,3777
sweep,2668
sweep,2685
sweep,2853
sweep,2982
sweep,3843
sweep,2766
sweep,2480
sweep,2546
sweep,5871
sweep,9018
sweep,8763
sweep,8684
sweep,8103
sweep,6430
sweep,7390
sweep,4086
sweep,4562
sweep,4328
sweep,6050
sweep,5568
sweep,5859
sweep,225
mark,1027189
sweep,4423
sweep,4243
sweep,3809
sweep,4165
sweep,4042
sweep,4277
sweep,3757
sweep,3075
sweep,2769
sweep,3277
sweep,3312
sweep,2819
sweep,2692
sweep,2932
sweep,2671
sweep,2669
sweep,3254
sweep,3080
sweep,2975
sweep,4039
sweep,2406
sweep,2729
sweep,4190
sweep,2337
sweep,3159
sweep,2065
sweep,3384
sweep,3647
sweep,4466
sweep,3278
sweep,3060
sweep,3349
sweep,2996
sweep,3355
sweep,2986
sweep,3327
sweep,2870
sweep,3097
sweep,2604
sweep,3179
sweep,3666
sweep,2833
sweep,2941
sweep,3118
sweep,2865
sweep,3681
sweep,2810
sweep,2455
sweep,2483
sweep,3587
sweep,3883
sweep,3971
sweep,4417
sweep,6250
sweep,8392
sweep,6030
sweep,9317
sweep,8352
sweep,8646
sweep,7417
sweep,7311
sweep,7286
sweep,827
mark,1048330
sweep,4552
sweep,4237
sweep,4012
sweep,3888
sweep,3663
sweep,4388
sweep,3873
sweep,3559
sweep,2877
sweep,3370
sweep,3095
sweep,3037
sweep,2735
sweep,2854
sweep,2589
sweep,2869
sweep,3359
sweep,3529
sweep,3396
sweep,3445
sweep,2310
sweep,2472
sweep,3790
sweep,2380
sweep,3066
sweep,1881
sweep,3685
sweep,3798
sweep,4716
sweep,3526
sweep,3261
sweep,3280
sweep,3229
sweep,3010
sweep,3074
sweep,3439
sweep,2765
sweep,3353
sweep,2645
sweep,3045
sweep,3814
sweep,2761
sweep,3165
sweep,2939
sweep,3084
sweep,3458
sweep,2763
sweep,2562
sweep,2541
sweep,5814
sweep,9216
sweep,8779
sweep,8765
sweep,7866
sweep,6522
sweep,7137
sweep,4493
sweep,4526
sweep,4282
sweep,5766
sweep,5692
sweep,6588
sweep,228
mark,1047897
sweep,4510
sweep,3900
sweep,4464
sweep,4233
sweep,3668
sweep,4300
sweep,3608
sweep,3229
sweep,2962
sweep,3373
sweep,3511
sweep,3110
sweep,2926
sweep,3004
sweep,2878
sweep,2700
sweep,3367
sweep,3039
sweep,2898
sweep,3496
sweep,2318
sweep,2462
sweep,3695
sweep,2576
sweep,3306
sweep,1863
sweep,3596
sweep,3935
sweep,4618
sweep,3627
sweep,3003
sweep,3167
sweep,2859
sweep,2804
sweep,2826
sweep,3178
sweep,3096
sweep,3556
sweep,2753
sweep,2942
sweep,4345
sweep,2619
sweep,2962
sweep,3125
sweep,2909
sweep,3440
sweep,2729
sweep,2559
sweep,2435
sweep,3493
sweep,3943
sweep,4036
sweep,4259
sweep,5642
sweep,7676
sweep,5963
sweep,9076
sweep,8160
sweep,8434
sweep,7724
sweep,7427
sweep,7175
sweep,826
mark,1042924
sweep,5135
sweep,4003
sweep,4248
sweep,4208
sweep,3686
sweep,4184
sweep,3939
sweep,3229
sweep,2788
sweep,3155
sweep,3287
sweep,3070
sweep,2996
sweep,3032
sweep,3074
sweep,2799
sweep,3796
sweep,3436
sweep,3260
sweep,3314
sweep,2295
sweep,2473
sweep,3972
sweep,2720
sweep,3597
sweep,2577
sweep,3761
sweep,4297
sweep,4211
sweep,3497
sweep,3238
sweep,2958
sweep,2955
sweep,3231
sweep,2750
sweep,3148
sweep,3143
sweep,2999
sweep,2607
sweep,2546
sweep,3774
sweep,2762
sweep,2885
sweep,3165
sweep,2772
sweep,3496
sweep,3074
sweep,2512
sweep,2413
sweep,6160
sweep,8809
sweep,8931
sweep,9046
sweep,7629
sweep,6014
sweep,7683
sweep,4147
sweep,4605
sweep,4208
sweep,6203
sweep,5691
sweep,5836
sweep,248
mark,1026433
sweep,4708
sweep,3757
sweep,4286
sweep,4286
sweep,3928
sweep,4021
sweep,3553
sweep,3034
sweep,2874
sweep,3019
sweep,3368
sweep,3405
sweep,2949
sweep,2726
sweep,2667
sweep,2724
sweep,3250
sweep,3156
sweep,3187
sweep,3450
sweep,2432
sweep,2492
sweep,3693
sweep,2579
sweep,3043
sweep,1805
sweep,3479
sweep,3810
sweep,5034
sweep,3347
sweep,3229
sweep,3062
sweep,2963
sweep,3111
sweep,2896
sweep,3253
sweep,2771
sweep,3237
sweep,2574
sweep,2758
sweep,3932
sweep,2620
sweep,2859
sweep,3089
sweep,2779
sweep,3880
sweep,2745
sweep,2472
sweep,2488
sweep,3764
sweep,3939
sweep,4052
sweep,4117
sweep,6123
sweep,8376
sweep,6954
sweep,8530
sweep,8106
sweep,8319
sweep,7350
sweep,7900
sweep,7025
sweep,829
mark,1029626
sweep,4634
sweep,4224
sweep,4285
sweep,4160
sweep,3718
sweep,4214
sweep,3657
sweep,3211
sweep,2883
sweep,3353
sweep,3217
sweep,2771
sweep,2610
sweep,2995
sweep,2699
sweep,2797
sweep,3235
sweep,3161
sweep,2957
sweep,3618
sweep,2299
sweep,2447
sweep,3712
sweep,2664
sweep,3116
sweep,1977
sweep,3492
sweep,3812
sweep,4221
sweep,3739
sweep,3327
sweep,3039
sweep,3137
sweep,3311
sweep,2873
sweep,3214
sweep,2773
sweep,3287
sweep,2765
sweep,2630
sweep,3931
sweep,3233
sweep,2594
sweep,3013
sweep,2845
sweep,3457
sweep,2836
sweep,2828
sweep,2662
sweep,5713
sweep,8722
sweep,8616
sweep,8852
sweep,7996
sweep,6262
sweep,6929
sweep,4100
sweep,4323
sweep,4714
sweep,6097
sweep,6605
sweep,6310
sweep,226
mark,1035147
sweep,4569
sweep,3982
sweep,3938
sweep,4241
sweep,3510
sweep,4142
sweep,3571
sweep,3533
sweep,2781
sweep,3267
sweep,3050
sweep,2747
sweep,2953
sweep,2927
sweep,2660
sweep,2687
sweep,3289
sweep,3161
sweep,3189
sweep,3354
sweep,2426
sweep,2559
sweep,3959
sweep,2437
sweep,3103
sweep,1826
sweep,3306
sweep,3662
sweep,4205
sweep,3475
sweep,3104
sweep,3123
sweep,2996
sweep,3227
sweep,2771
sweep,3351
sweep,2799
sweep,3206
sweep,2817
sweep,2756
sweep,3905
sweep,3084
sweep,2736
sweep,3446
sweep,3115
sweep,3586
sweep,2972
sweep,2349
sweep,2569
sweep,3785
sweep,3891
sweep,3903
sweep,4708
sweep,6107
sweep,7557
sweep,6022
sweep,9086
sweep,8266
sweep,8226
sweep,7973
sweep,7702
sweep,7197
sweep,831
mark,1031291
sweep,4624
sweep,4059
sweep,4138
sweep,4200
sweep,3900
sweep,4083
sweep,3714
sweep,3451
sweep,3156
sweep,3281
sweep,3019
sweep,2730
sweep,3003
sweep,3249
sweep,2685
sweep,2887
sweep,3184
sweep,3128
sweep,3372
sweep,3420
sweep,2445
sweep,2366
sweep,3995
sweep,2536
sweep,3139
sweep,1947
sweep,3619
sweep,3651
sweep,4131
sweep,3642
sweep,3024
sweep,3301
sweep,3193
sweep,3087
sweep,2718
sweep,3091
sweep,3088
sweep,3090
sweep,2395
sweep,2729
sweep,3934
sweep,2759
sweep,2938
sweep,2939
sweep,2772
sweep,3855
sweep,2688
sweep,2714
sweep,2740
sweep,5850
sweep,8859
sweep,8458
sweep,8690
sweep,7959
sweep,5984
sweep,6896
sweep,4069
sweep,4334
sweep,4878
sweep,6175
sweep,5792
sweep,6133
sweep,243
mark,1034624
sweep,4443
sweep,4186
sweep,4330
sweep,3970
sweep,3879
sweep,4245
sweep,3697
sweep,3073
sweep,2853
sweep,3115
sweep,3109
sweep,2811
sweep,2724
sweep,2725
sweep,2931
sweep,2829
sweep,3205
sweep,3308
sweep,3089
sweep,3517
sweep,2365
sweep,2921
sweep,3747
sweep,2318
sweep,3609
sweep,1906
sweep,3322
sweep,3774
sweep,4196
sweep,3610
sweep,3130
sweep,3432
sweep,2925
sweep,3311
sweep,3024
sweep,3429
sweep,2807
sweep,3191
sweep,2681
sweep,3036
sweep,3698
sweep,2931
sweep,2952
sweep,3277
sweep,3077
sweep,3453
sweep,2845
sweep,2701
sweep,2443
sweep,4016
sweep,4230
sweep,4325
sweep,4312
sweep,5914
sweep,8529
sweep,6452
sweep,8767
sweep,8409
sweep,8653
sweep,8181
sweep,7459
sweep,7911
sweep,820
mark,1035891
sweep,4751
sweep,4010
sweep,4152
sweep,4128
sweep,3699
sweep,4271
sweep,3694
sweep,3444
sweep,3147
sweep,3906
sweep,3017
sweep,2728
sweep,3065
sweep,2846
sweep,2968
sweep,2915
sweep,3297
sweep,2994
sweep,2982
sweep,3531
sweep,2346
sweep,2365
sweep,3841
sweep,2337
sweep,3195
sweep,2035
sweep,3621
sweep,4083
sweep,4340
sweep,3605
sweep,3052
sweep,3195
sweep,2980
sweep,3132
sweep,2810
sweep,3372
sweep,3059
sweep,3157
sweep,2928
sweep,2697
sweep,4087
sweep,2906
sweep,3011
sweep,2996
sweep,2795
sweep,3798
sweep,2812
sweep,2741
sweep,2432
sweep,5420
sweep,8424
sweep,8296
sweep,8486
sweep,7686
sweep,6204
sweep,6908
sweep,4107
sweep,4255
sweep,5239
sweep,6124
sweep,5680
sweep,6002
sweep,226
mark,1051141
sweep,4763
sweep,3820
sweep,4376
sweep,4354
sweep,3590
sweep,3943
sweep,3759
sweep,3372
sweep,2767
sweep,3438
sweep,3056
sweep,2934
sweep,2673
sweep,2759
sweep,2630
sweep,2626
sweep,3523
sweep,3179
sweep,3037
sweep,3538
sweep,2531
sweep,2503
sweep,4094
sweep,2445
sweep,3148
sweep,2041
sweep,3604
sweep,3870
sweep,4128
sweep,3297
sweep,3092
sweep,3371
sweep,2937
sweep,3085
sweep,2800
sweep,3173
sweep,2700
sweep,3142
sweep,2562
sweep,2636
sweep,3958
sweep,2710
sweep,2730
sweep,2990
sweep,2833
sweep,3403
sweep,2680
sweep,2458
sweep,2803
sweep,3631
sweep,4071
sweep,3923
sweep,4214
sweep,5549
sweep,7776
sweep,5787
sweep,9095
sweep,8243
sweep,8384
sweep,7173
sweep,7460
sweep,7432
sweep,833
mark,1036476
sweep,4629
sweep,3813
sweep,3964
sweep,4324
sweep,3676
sweep,4139
sweep,3660
sweep,3352
sweep,3001
sweep,3483
sweep,2967
sweep,2702
sweep,2898
sweep,2828
sweep,2631
sweep,2675
sweep,3375
sweep,3224
sweep,3054
sweep,3873
sweep,2426
sweep,2662
sweep,3678
sweep,2596
sweep,3104
sweep,2276
sweep,3629
sweep,3950
sweep,4257
sweep,3513
sweep,3699
sweep,3067
sweep,3072
sweep,3121
sweep,2867
sweep,3167
sweep,3234
sweep,2954
sweep,2469
sweep,2671
sweep,3745
sweep,2959
sweep,2730
sweep,3215
sweep,2745
sweep,3538
sweep,2993
sweep,2579
sweep,2451
sweep,5675
sweep,8856
sweep,8792
sweep,8263
sweep,7780
sweep,5795
sweep,7310
sweep,3926
sweep,4445
sweep,4587
sweep,6104
sweep,5722
sweep,5675
sweep,234
mark,1035285
sweep,4534
sweep,3877
sweep,4306
sweep,4261
sweep,3819
sweep,4209
sweep,3528
sweep,3118
sweep,2764
sweep,3129
sweep,3064
sweep,2747
sweep,2770
sweep,2850
sweep,2565
sweep,3062
sweep,3208
sweep,2936
sweep,3258
sweep,3794
sweep,2410
sweep,2806
sweep,3734
sweep,2403
sweep,3280
sweep,2095
sweep,3680
sweep,3608
sweep,4065
sweep,3503
sweep,3243
sweep,3073
sweep,2860
sweep,3297
sweep,2793
sweep,3246
sweep,3022
sweep,3025
sweep,2816
sweep,2662
sweep,3787
sweep,2896
sweep,2838
sweep,3250
sweep,2791
sweep,3472
sweep,2945
sweep,2454
sweep,2573
sweep,3797
sweep,4119
sweep,3979
sweep,4208
sweep,5482
sweep,8469
sweep,6142
sweep,8597
sweep,8849
sweep,8749
sweep,7242
sweep,7210
sweep,7128
sweep,877
mark,1036334
sweep,5044
sweep,3978
sweep,4126
sweep,3888
sweep,3728
sweep,4349
sweep,3599
sweep,3304
sweep,3085
sweep,3127
sweep,3128
sweep,3058
sweep,3019
sweep,2895
sweep,2662
sweep,3107
sweep,3216
sweep,3007
sweep,3070
sweep,3415
sweep,2468
sweep,2451
sweep,4277
sweep,2453
sweep,3617
sweep,1917
sweep,3510
sweep,3717
sweep,4178
sweep,3639
sweep,3014
sweep,3086
sweep,2886
sweep,3230
sweep,2883
sweep,3066
sweep,2756
sweep,3036
sweep,2945
sweep,2751
sweep,3791
sweep,2910
sweep,2756
sweep,3118
sweep,2782
sweep,3814
sweep,2867
sweep,2553
sweep,2507
sweep,5395
sweep,8665
sweep,8677
sweep,8619
sweep,7611
sweep,5681
sweep,7188
sweep,3960
sweep,4660
sweep,4797
sweep,6137
sweep,6079
sweep,5981
sweep,221
mark,1025408
sweep,4800
sweep,4242
sweep,3942
sweep,4110
sweep,3578
sweep,4287
sweep,3798
sweep,3596
sweep,3091
sweep,3098
sweep,3376
sweep,2816
sweep,2762
sweep,3069
sweep,2967
sweep,2945
sweep,3338
sweep,3135
sweep,3285
sweep,3366
sweep,2360
sweep,2555
sweep,3761
sweep,2441
sweep,3114
sweep,2175
sweep,3420
sweep,3722
sweep,4334
sweep,3405
sweep,3112
sweep,2995
sweep,3469
sweep,3107
sweep,2807
sweep,3231
sweep,2745
sweep,3083
sweep,2735
sweep,2674
sweep,3744
sweep,2912
sweep,2778
sweep,3004
sweep,2906
sweep,3724
sweep,2765
sweep,2583
sweep,2496
sweep,3465
sweep,4232
sweep,4002
sweep,4353
sweep,6166
sweep,7652
sweep,6033
sweep,9368
sweep,8072
sweep,8089
sweep,8473
sweep,7471
sweep,7633
sweep,840
mark,1029262
sweep,4781
sweep,3769
sweep,3893
sweep,4086
sweep,3574
sweep,4055
sweep,3637
sweep,3422
sweep,2888
sweep,3181
sweep,3212
sweep,3162
sweep,2718
sweep,2962
sweep,2633
sweep,2752
sweep,3675
sweep,3477
sweep,3191
sweep,3447
sweep,2459
sweep,2375
sweep,3744
sweep,2287
sweep,3317
sweep,2177
sweep,3578
sweep,3597
sweep,4877
sweep,3624
sweep,3129
sweep,3009
sweep,2891
sweep,3178
sweep,2858
sweep,3463
sweep,3008
sweep,3289
sweep,2620
sweep,2819
sweep,3926
sweep,2688
sweep,2974
sweep,2958
sweep,2911
sweep,3501
sweep,2705
sweep,2576
sweep,2573
sweep,5676
sweep,8962
sweep,8700
sweep,8551
sweep,8128
sweep,6604
sweep,7212
sweep,4390
sweep,4536
sweep,4608
sweep,6114
sweep,5596
sweep,5856
sweep,228
mark,1029739
sweep,4561
sweep,3924
sweep,4111
sweep,4192
sweep,3581
sweep,4302
sweep,3711
sweep,3142
sweep,3131
sweep,3338
sweep,3068
sweep,2904
sweep,2773
sweep,2980
sweep,2688
sweep,2714
sweep,3310
sweep,2993
sweep,3088
sweep,3487
sweep,2617
sweep,2419
sweep,3938
sweep,2342
sweep,3032
sweep,2265
sweep,3348
sweep,3919
sweep,4234
sweep,3287
sweep,3062
sweep,3404
sweep,2887
sweep,3118
sweep,2691
sweep,3467
sweep,3048
sweep,2967
sweep,2605
sweep,2987
sweep,3829
sweep,2613
sweep,2996
sweep,3073
sweep,2734
sweep,3770
sweep,2892
sweep,2485
sweep,2569
sweep,3674
sweep,3919
sweep,4008
sweep,4113
sweep,5497
sweep,8683
sweep,6787
sweep,8439
sweep,8411
sweep,8488
sweep,7432
sweep,7602
sweep,7281
sweep,843
mark,1032760
sweep,5081
sweep,3858
sweep,3986
sweep,4165
sweep,3943
sweep,4317
sweep,3805
sweep,3335
sweep,2908
sweep,3238
sweep,2999
sweep,2719
sweep,2685
sweep,2932
sweep,3105
sweep,2956
sweep,3454
sweep,3150
sweep,3034
sweep,3678
sweep,2434
sweep,2493
sweep,4048
sweep,2427
sweep,3087
sweep,1934
sweep,3679
sweep,3670
sweep,4401
sweep,3786
sweep,3473
sweep,2992
sweep,3046
sweep,2987
sweep,2714
sweep,3417
sweep,2727
sweep,3094
sweep,2546
sweep,2838
sweep,3766
sweep,2694
sweep,2685
sweep,2903
sweep,2933
sweep,3698
sweep,3058
sweep,2456
sweep,2474
sweep,5389
sweep,8744
sweep,8593
sweep,8768
sweep,8316
sweep,6235
sweep,7554
sweep,4398
sweep,4618
sweep,4625
sweep,6138
sweep,5562
sweep,5928
sweep,226
mark,1027884
sweep,4679
sweep,3885
sweep,4255
sweep,3982
sweep,3728
sweep,3827
sweep,3814
sweep,3139
sweep,2802
sweep,3177
sweep,3131
sweep,2760
sweep,2803
sweep,2712
sweep,2684
sweep,2737
sweep,3222
sweep,2974
sweep,3045
sweep,3304
sweep,2316
sweep,2785
sweep,4038
sweep,2416
sweep,3620
sweep,2281
sweep,3548
sweep,3779
sweep,4895
sweep,3380
sweep,3111
sweep,3091
sweep,2900
sweep,3068
sweep,3067
sweep,3427
sweep,3018
sweep,3404
sweep,2694
sweep,2590
sweep,3770
sweep,2605
sweep,2723
sweep,3037
sweep,2978
sweep,4014
sweep,2756
sweep,2454
sweep,2798
sweep,3516
sweep,3962
sweep,3985
sweep,4422
sweep,5878
sweep,8426
sweep,6555
sweep,9302
sweep,8084
sweep,8629
sweep,7110
sweep,7421
sweep,7167
sweep,779
mark,1030823
sweep,4679
sweep,3832
sweep,3961
sweep,4122
sweep,3841
sweep,4133
sweep,3735
sweep,3335
sweep,2869
sweep,3396
sweep,3294
sweep,2868
sweep,2690
sweep,3087
sweep,2893
sweep,2768
sweep,3491
sweep,2984
sweep,3131
sweep,3701
sweep,2579
sweep,2395
sweep,3798
sweep,2719
sweep,3280
sweep,1999
sweep,3682
sweep,3668
sweep,4649
sweep,3606
sweep,3067
sweep,3121
sweep,2930
sweep,3043
sweep,2818
sweep,3154
sweep,2749
sweep,3213
sweep,2496
sweep,2812
sweep,3816
sweep,2667
sweep,2991
sweep,2965
sweep,2992
sweep,3720
sweep,2772
sweep,2756
sweep,2862
sweep,5569
sweep,9383
sweep,9107
sweep,8430
sweep,8251
sweep,6146
sweep,7301
sweep,4009
sweep,4301
sweep,4579
sweep,5760
sweep,5845
sweep,5959
sweep,230
mark,1041710
sweep,4627
sweep,3856
sweep,4231
sweep,4165
sweep,3951
sweep,4333
sweep,3589
sweep,3074
sweep,2883
sweep,3008
sweep,3108
sweep,2750
sweep,3074
sweep,2871
sweep,3050
sweep,3051
sweep,3340
sweep,3167
sweep,2977
sweep,3324
sweep,2660
sweep,2632
sweep,3774
sweep,2339
sweep,3085
sweep,1889
sweep,3640
sweep,3839
sweep,4341
sweep,3586
sweep,3183
sweep,3109
sweep,2892
sweep,2939
sweep,2851
sweep,3167
sweep,2699
sweep,3374
sweep,2605
sweep,2694
sweep,3947
sweep,2836
sweep,2972
sweep,3196
sweep,2817
sweep,3463
sweep,2790
sweep,2640
sweep,2629
sweep,3414
sweep,4300
sweep,4043
sweep,4484
sweep,6213
sweep,8377
sweep,5977
sweep,8986
sweep,8904
sweep,8986
sweep,7416
sweep,7250
sweep,7329
sweep,839
mark,1047551
sweep,4711
sweep,4289
sweep,3977
sweep,4202
sweep,3841
sweep,4161
sweep,3712
sweep,3439
sweep,2947
sweep,3511
sweep,3105
sweep,2796
sweep,3042
sweep,2793
sweep,2861
sweep,2761
sweep,3320
sweep,2967
sweep,3045
sweep,3399
sweep,2485
sweep,2447
sweep,4292
sweep,2529
sweep,3543
sweep,2384
sweep,3599
sweep,3992
sweep,4340
sweep,3389
sweep,2983
sweep,3169
sweep,2897
sweep,3138
sweep,3093
sweep,3269
sweep,2732
sweep,3081
sweep,2464
sweep,2592
sweep,3899
sweep,2872
sweep,2808
sweep,2942
sweep,2998
sweep,3377
sweep,2609
sweep,2442
sweep,2439
sweep,5605
sweep,8785
sweep,8964
sweep,8511
sweep,7520
sweep,5809
sweep,7101
sweep,4410
sweep,4244
sweep,4749
sweep,6277
sweep,5947
sweep,6232
sweep,279
mark,1037175
sweep,4567
sweep,4325
sweep,4367
sweep,4130
sweep,4094
sweep,4222
sweep,3855
sweep,3267
sweep,3050
sweep,3102
sweep,3140
sweep,3287
sweep,2884
sweep,2819
sweep,3223
sweep,2880
sweep,3480
sweep,3290
sweep,3027
sweep,3378
sweep,2505
sweep,2620
sweep,3824
sweep,2513
sweep,3013
sweep,1899
sweep,3597
sweep,3823
sweep,4342
sweep,3386
sweep,3333
sweep,3027
sweep,2820
sweep,3087
sweep,2999
sweep,3223
sweep,2934
sweep,3032
sweep,2801
sweep,2607
sweep,3791
sweep,3048
sweep,2898
sweep,3115
sweep,2734
sweep,3450
sweep,2792
sweep,2487
sweep,2398
sweep,6496
sweep,4000
sweep,3987
sweep,4112
sweep,5547
sweep,8307
sweep,6634
sweep,8867
sweep,8279
sweep,8816
sweep,8491
sweep,7550
sweep,7632
sweep,855
mark,1029512
sweep,4650
sweep,4065
sweep,4006
sweep,4232
sweep,3801
sweep,4197
sweep,3616
sweep,3248
sweep,2818
sweep,3270
sweep,3023
sweep,2687
sweep,2699
sweep,3138
sweep,2711
sweep,2732
sweep,3521
sweep,2853
sweep,2985
sweep,3487
sweep,2543
sweep,2479
sweep,3721
sweep,2454
sweep,3652
sweep,1920
sweep,3473
sweep,3978
sweep,4531
sweep,3676
sweep,3346
sweep,3355
sweep,3184
sweep,3004
sweep,2706
sweep,2931
sweep,2715
sweep,3557
sweep,2935
sweep,2792
sweep,3679
sweep,2835
sweep,2947
sweep,3034
sweep,3041
sweep,3332
sweep,2734
sweep,2555
sweep,2478
sweep,5368
sweep,8800
sweep,8138
sweep,8791
sweep,8240
sweep,6014
sweep,6989
sweep,3968
sweep,4523
sweep,5399
sweep,6027
sweep,5556
sweep,5971
sweep,222
mark,1035186
sweep,5252
sweep,4030
sweep,4346
sweep,4599
sweep,3675
sweep,4399
sweep,3485
sweep,3210
sweep,2934
sweep,3050
sweep,3082
sweep,3240
sweep,2864
sweep,2976
sweep,2917
sweep,2949
sweep,3431
sweep,2878
sweep,3370
sweep,3812
sweep,2356
sweep,2716
sweep,4216
sweep,2492
sweep,3158
sweep,2299
sweep,3376
sweep,3614
sweep,4235
sweep,3386
sweep,3388
sweep,3165
sweep,2918
sweep,3023
sweep,2825
sweep,3115
sweep,2694
sweep,3261
sweep,2668
sweep,2788
sweep,4065
sweep,2964
sweep,2709
sweep,3122
sweep,2911
sweep,3606
sweep,3037
sweep,2593
sweep,2742
sweep,3539
sweep,4052
sweep,4095
sweep,4099
sweep,6001
sweep,8148
sweep,6491
sweep,8828
sweep,8561
sweep,8536
sweep,8172
sweep,7536
sweep,7596
sweep,826
mark,1051299
sweep,4680
sweep,4121
sweep,4009
sweep,4139
sweep,3707
sweep,4114
sweep,3537
sweep,3424
sweep,2924
sweep,3378
sweep,2950
sweep,3028
sweep,3065
sweep,2823
sweep,2617
sweep,3111
sweep,3238
sweep,3336
sweep,2894
sweep,3453
sweep,2385
sweep,2394
sweep,4078
sweep,2504
sweep,3024
sweep,1827
sweep,3556
sweep,3996
sweep,4509
sweep,3478
sweep,3098
sweep,2967
sweep,2902
sweep,3315
sweep,2838
sweep,3104
sweep,3013
sweep,3107
sweep,2547
sweep,2913
sweep,3907
sweep,2606
sweep,2896
sweep,3015
sweep,2943
sweep,3605
sweep,2928
sweep,2749
sweep,2480
sweep,5752
sweep,9077
sweep,8535
sweep,8655
sweep,8147
sweep,6157
sweep,6862
sweep,4221
sweep,4489
sweep,5157
sweep,6379
sweep,5737
sweep,6110
sweep,222
mark,1034260
sweep,5316
sweep,4293
sweep,4421
sweep,4097
sweep,3943
sweep,4023
sweep,3712
sweep,3144
sweep,3098
sweep,3432
sweep,3078
sweep,3176
sweep,2649
sweep,2772
sweep,2828
sweep,2734
sweep,3397
sweep,2987
sweep,2957
sweep,3333
sweep,2318
sweep,2677
sweep,3983
sweep,2572
sweep,3087
sweep,1948
sweep,3383
sweep,3540
sweep,4210
sweep,3666
sweep,3118
sweep,2907
sweep,2836
sweep,3193
sweep,3272
sweep,3167
sweep,2692
sweep,3236
sweep,3025
sweep,2896
sweep,3637
sweep,3152
sweep,3021
sweep,3484
sweep,2864
sweep,3472
sweep,2875
sweep,2446
sweep,2483
sweep,3497
sweep,3995
sweep,3906
sweep,4262
sweep,5788
sweep,8012
sweep,6462
sweep,8537
sweep,8439
sweep,8368
sweep,7328
sweep,7061
sweep,6998
sweep,831
mark,1031716
sweep,4718
sweep,3859
sweep,3860
sweep,4073
sweep,3873
sweep,4285
sweep,3908
sweep,3356
sweep,3048
sweep,3223
sweep,2942
sweep,2827
sweep,2912
sweep,2721
sweep,2653
sweep,2695
sweep,3322
sweep,3050
sweep,3192
sweep,3821
sweep,2485
sweep,2660
sweep,3694
sweep,2395
sweep,3697
sweep,1898
sweep,3318
sweep,4139
sweep,4337
sweep,3737
sweep,3296
sweep,3043
sweep,2994
sweep,3087
sweep,2834
sweep,3392
sweep,2714
sweep,3065
sweep,2838
sweep,2748
sweep,3707
sweep,2949
sweep,2989
sweep,3217
sweep,2932
sweep,3451
sweep,3181
sweep,2484
sweep,2429
sweep,5833
sweep,8816
sweep,8558
sweep,8424
sweep,8134
sweep,5877
sweep,6820
sweep,4068
sweep,4353
sweep,4131
sweep,5604
sweep,5829
sweep,6244
sweep,223
mark,1026074
sweep,4732
sweep,4342
sweep,3818
sweep,3927
sweep,3851
sweep,4284
sweep,3554
sweep,3531
sweep,3152
sweep,3099
sweep,3024
sweep,3062
sweep,3019
sweep,2946
sweep,2683
sweep,3097
sweep,3104
sweep,2984
sweep,2980
sweep,3785
sweep,2522
sweep,2546
sweep,3754
sweep,2694
sweep,3120
sweep,2074
sweep,3243
sweep,3691
sweep,4424
sweep,3388
sweep,3370
sweep,2997
sweep,2811
sweep,3010
sweep,2911
sweep,3565
sweep,2824
sweep,2996
sweep,2758
sweep,3133
sweep,3582
sweep,2649
sweep,2693
sweep,3404
sweep,3173
sweep,3617
sweep,3045
sweep,2491
sweep,2679
sweep,3684
sweep,4034
sweep,4116
sweep,4266
sweep,5953
sweep,7792
sweep,6144
sweep,9252
sweep,8372
sweep,8897
sweep,7013
sweep,7652
sweep,16351
sweep,612
mark,1234940
sweep,5120
sweep,4420
sweep,4226
sweep,3956
sweep,3900
sweep,4295
sweep,3680
sweep,3199
sweep,2902
sweep,3329
sweep,3124
sweep,2810
sweep,2707
sweep,3156
sweep,2635
sweep,2983
sweep,3687
sweep,3191
sweep,3028
sweep,3736
sweep,2278
sweep,2389
sweep,3846
sweep,2292
sweep,3090
sweep,1955
sweep,3552
sweep,3700
sweep,4482
sweep,3887
sweep,3088
sweep,2805
sweep,3050
sweep,2923
sweep,3068
sweep,2976
sweep,2732
sweep,3037
sweep,2649
sweep,2706
sweep,3759
sweep,2650
sweep,2670
sweep,3128
sweep,2790
sweep,3506
sweep,2694
sweep,2596
sweep,2607
sweep,5556
sweep,8713
sweep,8277
sweep,8500
sweep,8024
sweep,6152
sweep,7285
sweep,4129
sweep,4440
sweep,4707
sweep,5821
sweep,5624
sweep,5892
sweep,227
mark,1034098
sweep,5076
sweep,3835
sweep,3992
sweep,4202
sweep,4045
sweep,4310
sweep,3413
sweep,3058
sweep,2848
sweep,3208
sweep,3056
sweep,3314
sweep,2875
sweep,2763
sweep,2617
sweep,2868
sweep,3375
sweep,3185
sweep,2951
sweep,3519
sweep,2292
sweep,2527
sweep,3886
sweep,2287
sweep,3085
sweep,1888
sweep,3299
sweep,3781
sweep,4590
sweep,3731
sweep,3019
sweep,3212
sweep,3355
sweep,3026
sweep,2735
sweep,3331
sweep,2745
sweep,3100
sweep,2826
sweep,3175
sweep,3731
sweep,2651
sweep,2976
sweep,3261
sweep,2906
sweep,3390
sweep,2618
sweep,2569
sweep,2402
sweep,3450
sweep,3984
sweep,4282
sweep,4150
sweep,6155
sweep,7831
sweep,6287
sweep,8797
sweep,8394
sweep,8666
sweep,8299
sweep,7433
sweep,7588
sweep,839
mark,1040776
sweep,4568
sweep,4155
sweep,4057
sweep,3919
sweep,3960
sweep,4490
sweep,3591
sweep,3138
sweep,3163
sweep,3832
sweep,2966
sweep,2846
sweep,2922
sweep,3152
sweep,2636
sweep,3093
sweep,3451
sweep,2885
sweep,3085
sweep,3750
sweep,2380
sweep,2690
sweep,4012
sweep,2461
sweep,3221
sweep,1926
sweep,3556
sweep,3939
sweep,4581
sweep,3625
sweep,3486
sweep,2957
sweep,2871
sweep,3197
sweep,2825
sweep,3364
sweep,3042
sweep,3015
sweep,2684
sweep,2692
sweep,3631
sweep,2930
sweep,3185
sweep,3150
sweep,3105
sweep,3387
sweep,2970
sweep,2412
sweep,2682
sweep,5311
sweep,8847
sweep,8116
sweep,8771
sweep,8108
sweep,6231
sweep,7340
sweep,4216
sweep,4300
sweep,4893
sweep,6295
sweep,5489
sweep,5588
sweep,216
mark,1024853
sweep,4883
sweep,4194
sweep,4215
sweep,4076
sweep,3827
sweep,4166
sweep,3824
sweep,3416
sweep,2801
sweep,3480
sweep,3102
sweep,3184
sweep,2735
sweep,3050
sweep,2845
sweep,2739
sweep,3243
sweep,2949
sweep,2886
sweep,3406
sweep,2581
sweep,2542
sweep,3804
sweep,2572
sweep,3231
sweep,2213
sweep,3693
sweep,3962
sweep,4599
sweep,3708
sweep,3550
sweep,3009
sweep,2928
sweep,3038
sweep,2923
sweep,3214
sweep,2643
sweep,3041
sweep,2947
sweep,3247
sweep,3816
sweep,2752
sweep,2622
sweep,3432
sweep,2839
sweep,3712
sweep,2707
sweep,2453
sweep,2496
sweep,3462
sweep,3999
sweep,4013
sweep,4140
sweep,5750
sweep,8202
sweep,6691
sweep,8654
sweep,8302
sweep,8530
sweep,8336
sweep,7382
sweep,7512
sweep,829
mark,1035052
sweep,4628
sweep,3890
sweep,4146
sweep,4212
sweep,3717
sweep,3958
sweep,3658
sweep,3461
sweep,2897
sweep,3442
sweep,2977
sweep,2805
sweep,2686
sweep,2914
sweep,2600
sweep,3008
sweep,3291
sweep,2966
sweep,3053
sweep,3380
sweep,2371
sweep,2426
sweep,3884
sweep,2362
sweep,3678
sweep,2139
sweep,3787
sweep,3665
sweep,4641
sweep,3677
sweep,3184
sweep,2946
sweep,2816
sweep,3197
sweep,2765
sweep,3188
sweep,2697
sweep,3194
sweep,2885
sweep,3171
sweep,3889
sweep,2567
sweep,2629
sweep,3041
sweep,3195
sweep,3717
sweep,2719
sweep,2540
sweep,2503
sweep,5345
sweep,8630
sweep,8348
sweep,8319
sweep,8142
sweep,6556
sweep,7072
sweep,4357
sweep,4451
sweep,4695
sweep,6279
sweep,5724
sweep,5816
sweep,222
mark,1025953
sweep,4820
sweep,4352
sweep,4001
sweep,4072
sweep,3752
sweep,3959
sweep,3692
sweep,3254
sweep,3155
sweep,3140
sweep,3415
sweep,2794
sweep,3112
sweep,2799
sweep,2621
sweep,2930
sweep,3245
sweep,2972
sweep,2972
sweep,3432
sweep,2574
sweep,2482
sweep,3811
sweep,2402
sweep,3171
sweep,1974
sweep,3451
sweep,3829
sweep,4369
sweep,3441
sweep,3268
sweep,3068
sweep,2954
sweep,3016
sweep,2749
sweep,3408
sweep,3098
sweep,3227
sweep,2662
sweep,2759
sweep,3869
sweep,2939
sweep,2626
sweep,3091
sweep,2791
sweep,3564
sweep,2959
sweep,2846
sweep,2569
sweep,3429
sweep,3880
sweep,4051
sweep,4070
sweep,6185
sweep,7668
sweep,6145
sweep,8579
sweep,8368
sweep,8720
sweep,8411
sweep,7688
sweep,7552
sweep,841
mark,1028878
sweep,5057
sweep,4076
sweep,4222
sweep,4077
sweep,3744
sweep,3995
sweep,3648
sweep,3248
sweep,2942
sweep,3374
sweep,3029
sweep,2749
sweep,3009
sweep,2794
sweep,3086
sweep,3073
sweep,3677
sweep,2878
sweep,3010
sweep,3556
sweep,2749
sweep,2684
sweep,4006
sweep,2592
sweep,3048
sweep,1951
sweep,3533
sweep,3811
sweep,4471
sweep,3586
sweep,2989
sweep,3264
sweep,2859
sweep,3024
sweep,3175
sweep,3472
sweep,2746
sweep,3113
sweep,2465
sweep,2723
sweep,3942
sweep,2626
sweep,2734
sweep,2956
sweep,3068
sweep,3401
sweep,2981
sweep,2560
sweep,2615
sweep,5679
sweep,8954
sweep,8641
sweep,8463
sweep,8041
sweep,5595
sweep,6872
sweep,4030
sweep,4458
sweep,4905
sweep,6097
sweep,5894
sweep,5807
sweep,224
mark,1029331
sweep,4802
sweep,3996
sweep,4108
sweep,3998
sweep,3644
sweep,4034
sweep,3650
sweep,3395
sweep,3119
sweep,3132
sweep,3073
sweep,2709
sweep,2561
sweep,3249
sweep,2591
sweep,2716
sweep,3312
sweep,3194
sweep,2986
sweep,3425
sweep,2571
sweep,2496
sweep,3838
sweep,2450
sweep,3170
sweep,2064
sweep,3591
sweep,3899
sweep,4169
sweep,3711
sweep,3335
sweep,3297
sweep,2878
sweep,3337
sweep,2759
sweep,3701
sweep,2784
sweep,3276
sweep,2462
sweep,2893
sweep,3822
sweep,2894
sweep,2679
sweep,3002
sweep,3031
sweep,3725
sweep,2786
sweep,2610
sweep,2584
sweep,3549
sweep,4008
sweep,3953
sweep,4368
sweep,5691
sweep,8453
sweep,6404
sweep,8414
sweep,8345
sweep,8342
sweep,7296
sweep,7466
sweep,7126
sweep,918
mark,1029767
sweep,4922
sweep,4022
sweep,3974
sweep,4484
sweep,3481
sweep,4108
sweep,3540
sweep,3529
sweep,2887
sweep,3293
sweep,3152
sweep,2729
sweep,2758
sweep,2916
sweep,2946
sweep,2958
sweep,3272
sweep,2952
sweep,3242
sweep,3478
sweep,2392
sweep,2561
sweep,3756
sweep,2465
sweep,3114
sweep,1970
sweep,3490
sweep,3747
sweep,4448
sweep,3553
sweep,2995
sweep,3114
sweep,2855
sweep,3223
sweep,3067
sweep,3159
sweep,2717
sweep,3247
sweep,2531
sweep,2757
sweep,3956
sweep,2830
sweep,2684
sweep,2833
sweep,2776
sweep,3457
sweep,2908
sweep,2582
sweep,2661
sweep,5403
sweep,8705
sweep,8289
sweep,8589
sweep,8338
sweep,6776
sweep,6998
sweep,4187
sweep,4294
sweep,4782
sweep,5799
sweep,5828
sweep,5907
sweep,224
mark,1032241
sweep,4667
sweep,4208
sweep,4377
sweep,4104
sweep,3630
sweep,4552
sweep,3516
sweep,3405
sweep,2824
sweep,3063
sweep,3048
sweep,2747
sweep,2909
sweep,2947
sweep,2560
sweep,2722
sweep,3486
sweep,3223
sweep,3188
sweep,3396
sweep,2520
sweep,2643
sweep,3737
sweep,2282
sweep,3044
sweep,1925
sweep,3401
sweep,3654
sweep,4235
sweep,3433
sweep,3032
sweep,3047
sweep,2888
sweep,2996
sweep,2847
sweep,12060
sweep,2780
sweep,3105
sweep,2884
sweep,2648
sweep,3944
sweep,2957
sweep,2673
sweep,3029
sweep,3198
sweep,3476
sweep,2926
sweep,2675
sweep,2472
sweep,3438
sweep,3832
sweep,4254
sweep,4374
sweep,5800
sweep,8345
sweep,6457
sweep,8769
sweep,8546
sweep,8555
sweep,8382
sweep,7440
sweep,7443
sweep,841
mark,1028596
sweep,5226
sweep,4089
sweep,3934
sweep,4071
sweep,3732
sweep,4356
sweep,3714
sweep,3173
sweep,2875
sweep,3211
sweep,3034
sweep,2755
sweep,2698
sweep,2749
sweep,2624
sweep,2622
sweep,3269
sweep,3072
sweep,3186
sweep,3450
sweep,2350
sweep,2591
sweep,3930
sweep,2309
sweep,3112
sweep,1994
sweep,3437
sweep,4258
sweep,4163
sweep,3446
sweep,3077
sweep,3086
sweep,2973
sweep,3067
sweep,3090
sweep,3194
sweep,2877
sweep,3092
sweep,2628
sweep,2828
sweep,3993
sweep,2780
sweep,2747
sweep,3106
sweep,2782
sweep,3920
sweep,2725
sweep,2699
sweep,2497
sweep,5744
sweep,8985
sweep,8450
sweep,8845
sweep,8042
sweep,5995
sweep,7218
sweep,4046
sweep,4321
sweep,5051
sweep,6344
sweep,5947
sweep,5927
sweep,222
mark,1029493
sweep,4835
sweep,3920
sweep,4415
sweep,4158
sweep,3828
sweep,3997
sweep,3889
sweep,3041
sweep,2863
sweep,3073
sweep,3045
sweep,3168
sweep,2656
sweep,2738
sweep,2611
sweep,2732
sweep,3252
sweep,2922
sweep,2912
sweep,3772
sweep,2390
sweep,2916
sweep,3786
sweep,2854
sweep,3722
sweep,2132
sweep,3544
sweep,3583
sweep,4396
sweep,3271
sweep,3103
sweep,3180
sweep,2941
sweep,3071
sweep,2806
sweep,3518
sweep,3139
sweep,3306
sweep,2647
sweep,3101
sweep,3782
sweep,2789
sweep,2790
sweep,2931
sweep,2717
sweep,3459
sweep,3059
sweep,2526
sweep,2546
sweep,3766
sweep,4224
sweep,4446
sweep,4457
sweep,5925
sweep,7455
sweep,6213
sweep,8874
sweep,8428
sweep,8614
sweep,8062
sweep,7597
sweep,7615
sweep,839
mark,1022143
sweep,4655
sweep,3744
sweep,4085
sweep,4492
sweep,3594
sweep,4091
sweep,3870
sweep,3337
sweep,3023
sweep,3238
sweep,2898
sweep,2722
sweep,2941
sweep,2843
sweep,2857
sweep,2885
sweep,3676
sweep,3382
sweep,3152
sweep,3301
sweep,2438
sweep,2457
sweep,3704
sweep,2437
sweep,3079
sweep,2103
sweep,3655
sweep,3777
sweep,4200
sweep,3361
sweep,3048
sweep,2917
sweep,2924
sweep,3294
sweep,3017
sweep,3486
sweep,2828
sweep,3067
sweep,2610
sweep,2934
sweep,3646
sweep,2638
sweep,2665
sweep,3531
sweep,2813
sweep,3376
sweep,2678
sweep,2601
sweep,2489
sweep,5866
sweep,9313
sweep,8707
sweep,8586
sweep,8167
sweep,5922
sweep,7357
sweep,4187
sweep,4317
sweep,4457
sweep,6184
sweep,5604
sweep,5982
sweep,233
mark,1027199
sweep,4783
sweep,3844
sweep,4450
sweep,4304
sweep,4095
sweep,4149
sweep,3858
sweep,3451
sweep,2727
sweep,3245
sweep,3510
sweep,3099
sweep,2892
sweep,3135
sweep,2576
sweep,2814
sweep,3500
sweep,3214
sweep,3285
sweep,3519
sweep,2285
sweep,2610
sweep,3697
sweep,2477
sweep,3260
sweep,1880
sweep,3602
sweep,3726
sweep,4418
sweep,3325
sweep,3161
sweep,2959
sweep,2901
sweep,3040
sweep,2900
sweep,3448
sweep,3046
sweep,3000
sweep,2878
sweep,3035
sweep,3831
sweep,2669
sweep,3068
sweep,3410
sweep,3362
sweep,3535
sweep,2724
sweep,2463
sweep,2495
sweep,3525
sweep,4043
sweep,4075
sweep,4081
sweep,6096
sweep,8653
sweep,6868
sweep,8396
sweep,8304
sweep,8528
sweep,7374
sweep,7778
sweep,7550
sweep,797
mark,1034538
sweep,4904
sweep,4131
sweep,4101
sweep,4085
sweep,3912
sweep,4129
sweep,3914
sweep,3191
sweep,2882
sweep,3726
sweep,3289
sweep,2757
sweep,2647
sweep,2742
sweep,2739
sweep,2719
sweep,3244
sweep,3226
sweep,2898
sweep,3490
sweep,2348
sweep,2530
sweep,3847
sweep,2346
sweep,3362
sweep,2041
sweep,3383
sweep,3963
sweep,4602
sweep,3497
sweep,3085
sweep,2950
sweep,3119
sweep,2972
sweep,2781
sweep,3150
sweep,3136
sweep,3145
sweep,2651
sweep,2667
sweep,3871
sweep,2775
sweep,2737
sweep,2969
sweep,3060
sweep,3532
sweep,2773
sweep,2782
sweep,2498
sweep,5561
sweep,9559
sweep,8552
sweep,8650
sweep,8218
sweep,5851
sweep,7468
sweep,4034
sweep,4290
sweep,4678
sweep,6183
sweep,5572
sweep,5800
sweep,249
mark,1032971
sweep,4614
sweep,3992
sweep,3864
sweep,4410
sweep,3761
sweep,4329
sweep,3798
sweep,3402
sweep,3101
sweep,3198
sweep,3214
sweep,2824
sweep,2692
sweep,3190
sweep,2649
sweep,2866
sweep,3274
sweep,2979
sweep,3108
sweep,3472
sweep,2349
sweep,2537
sweep,3980
sweep,2432
sweep,3397
sweep,1873
sweep,3357
sweep,3618
sweep,4299
sweep,3658
sweep,3071
sweep,3093
sweep,3065
sweep,3375
sweep,3215
sweep,3172
sweep,3022
sweep,3025
sweep,2931
sweep,2679
sweep,3851
sweep,2888
sweep,2947
sweep,2979
sweep,3025
sweep,3657
sweep,3007
sweep,2532
sweep,2446
sweep,3844
sweep,3868
sweep,4035
sweep,4220
sweep,5945
sweep,7916
sweep,6132
sweep,9395
sweep,8048
sweep,8582
sweep,7111
sweep,7690
sweep,7157
sweep,824
mark,1028464
sweep,4990
sweep,3983
sweep,4096
sweep,4398
sweep,3565
sweep,4271
sweep,3760
sweep,3106
sweep,2928
sweep,3293
sweep,2969
sweep,2729
sweep,2670
sweep,3157
sweep,2681
sweep,2838
sweep,3340
sweep,3056
sweep,3177
sweep,3420
sweep,2363
sweep,2330
sweep,3779
sweep,2615
sweep,3029
sweep,1888
sweep,3414
sweep,3640
sweep,4239
sweep,3651
sweep,3310
sweep,2910
sweep,2840
sweep,3161
sweep,2891
sweep,3120
sweep,2763
sweep,3059
sweep,2849
sweep,2817
sweep,3735
sweep,3081
sweep,2660
sweep,3467
sweep,2926
sweep,3468
sweep,2736
sweep,2520
sweep,2604
sweep,5814
sweep,9189
sweep,8873
sweep,8614
sweep,8038
sweep,6127
sweep,6846
sweep,4063
sweep,4351
sweep,5001
sweep,6249
sweep,5853
sweep,5739
sweep,225
mark,1046354
sweep,4459
sweep,3969
sweep,4181
sweep,3949
sweep,3596
sweep,4280
sweep,3623
sweep,3010
sweep,3032
sweep,3513
sweep,3117
sweep,3096
sweep,2874
sweep,2847
sweep,2896
sweep,2924
sweep,3330
sweep,2949
sweep,3300
sweep,3704
sweep,2277
sweep,2661
sweep,3974
sweep,2231
sweep,3257
sweep,2222
sweep,3669
sweep,3950
sweep,4340
sweep,3654
sweep,2975
sweep,2960
sweep,2895
sweep,3016
sweep,2712
sweep,3539
sweep,2928
sweep,3136
sweep,2519
sweep,2587
sweep,3720
sweep,2976
sweep,2706
sweep,3047
sweep,2838
sweep,3380
sweep,2891
sweep,2516
sweep,2393
sweep,3865
sweep,3959
sweep,4369
sweep,4054
sweep,5852
sweep,7972
sweep,6900
sweep,8688
sweep,8155
sweep,8500
sweep,8308
sweep,7419
sweep,7763
sweep,831
mark,1042461
sweep,4788
sweep,4105
sweep,4106
sweep,4188
sweep,3938
sweep,4115
sweep,3655
sweep,3283
sweep,2808
sweep,3413
sweep,3006
sweep,2734
sweep,2741
sweep,2790
sweep,2668
sweep,2732
sweep,3316
sweep,2887
sweep,2973
sweep,3340
sweep,2335
sweep,2652
sweep,3711
sweep,2285
sweep,3073
sweep,1890
sweep,3631
sweep,3607
sweep,4560
sweep,3378
sweep,3445
sweep,2918
sweep,2870
sweep,3265
sweep,2946
sweep,3388
sweep,2864
sweep,3258
sweep,2756
sweep,2867
sweep,3775
sweep,3049
sweep,2808
sweep,2985
sweep,3047
sweep,3398
sweep,3030
sweep,2474
sweep,2873
sweep,5479
sweep,8489
sweep,8798
sweep,8334
sweep,7756
sweep,6149
sweep,7155
sweep,4161
sweep,4373
sweep,4653
sweep,6134
sweep,6012
sweep,5815
sweep,223
mark,1038175
sweep,4521
sweep,3916
sweep,4477
sweep,4101
sweep,3461
sweep,4287
sweep,3550
sweep,3563
sweep,2792
sweep,3029
sweep,3183
sweep,2981
sweep,2823
sweep,2839
sweep,2516
sweep,2877
sweep,3175
sweep,3374
sweep,3009
sweep,3352
sweep,2581
sweep,2692
sweep,4104
sweep,2652
sweep,3182
sweep,1953
sweep,3476
sweep,4282
sweep,4959
sweep,3791
sweep,3337
sweep,3142
sweep,3182
sweep,3142
sweep,2819
sweep,3391
sweep,2781
sweep,3133
sweep,2502
sweep,2983
sweep,4121
sweep,2788
sweep,2645
sweep,3472
sweep,3229
sweep,3429
sweep,3127
sweep,2617
sweep,2564
sweep,3452
sweep,4054
sweep,4550
sweep,4515
sweep,6006
sweep,7717
sweep,6005
sweep,8756
sweep,8415
sweep,8453
sweep,8275
sweep,7760
sweep,7372
sweep,841
mark,1044630
sweep,4586
sweep,4403
sweep,4072
sweep,4082
sweep,3606
sweep,4282
sweep,3723
sweep,3192
sweep,3180
sweep,3421
sweep,3386
sweep,3088
sweep,3131
sweep,3100
sweep,3129
sweep,2744
sweep,3400
sweep,3298
sweep,3085
sweep,3633
sweep,2519
sweep,2487
sweep,3873
sweep,2551
sweep,3626
sweep,1894
sweep,3477
sweep,3989
sweep,4338
sweep,3724
sweep,3208
sweep,3024
sweep,2946
sweep,3283
sweep,2786
sweep,3898
sweep,2747
sweep,2967
sweep,2733
sweep,2927
sweep,3742
sweep,2861
sweep,2749
sweep,2891
sweep,2968
sweep,3479
sweep,2761
sweep,2484
sweep,2512
sweep,5677
sweep,8695
sweep,8388
sweep,8554
sweep,8149
sweep,6597
sweep,7049
sweep,4070
sweep,4610
sweep,4385
sweep,5589
sweep,5980
sweep,6147
sweep,276
mark,1023466
sweep,5006
sweep,4157
sweep,3924
sweep,4346
sweep,3762
sweep,4382
sweep,3512
sweep,3683
sweep,3063
sweep,3164
sweep,3092
sweep,3017
sweep,2699
sweep,2899
sweep,2577
sweep,2688
sweep,3346
sweep,3228
sweep,2980
sweep,3581
sweep,2569
sweep,2825
sweep,3971
sweep,2400
sweep,3551
sweep,1964
sweep,3658
sweep,3842
sweep,4105
sweep,3353
sweep,3118
sweep,3022
sweep,2941
sweep,3093
sweep,3200
sweep,3136
sweep,2943
sweep,2992
sweep,2523
sweep,2631
sweep,4009
sweep,2677
sweep,2942
sweep,3301
sweep,3225
sweep,3538
sweep,3064
sweep,2502
sweep,2399
sweep,3596
sweep,4180
sweep,3981
sweep,4517
sweep,5795
sweep,8538
sweep,6403
sweep,8485
sweep,8340
sweep,8200
sweep,7018
sweep,7036
sweep,7050
sweep,840
mark,1033748
sweep,4660
sweep,4010
sweep,4121
sweep,3903
sweep,3727
sweep,4294
sweep,4093
sweep,3129
sweep,2931
sweep,3319
sweep,2973
sweep,3000
sweep,2788
sweep,2756
sweep,2559
sweep,2620
sweep,3472
sweep,3117
sweep,3256
sweep,3565
sweep,2354
sweep,2727
sweep,3882
sweep,2432
sweep,3095
sweep,2417
sweep,3543
sweep,3626
sweep,4659
sweep,3352
sweep,3096
sweep,3030
sweep,2929
sweep,3086
sweep,2913
sweep,3166
sweep,2802
sweep,3025
sweep,2478
sweep,2658
sweep,3719
sweep,2756
sweep,2687
sweep,2872
sweep,2778
sweep,3820
sweep,2930
sweep,2606
sweep,2437
sweep,5523
sweep,9171
sweep,8511
sweep,8703
sweep,8342
sweep,5790
sweep,7515
sweep,4006
sweep,4495
sweep,4187
sweep,6288
sweep,5685
sweep,5975
sweep,221
mark,1029937
sweep,4903
sweep,4302
sweep,4044
sweep,4342
sweep,3816
sweep,4251
sweep,4086
sweep,3077
sweep,3100
sweep,3555
sweep,3213
sweep,3037
sweep,2582
sweep,2827
sweep,2788
sweep,2705
sweep,3292
sweep,2858
sweep,3169
sweep,3358
sweep,2407
sweep,2486
sweep,3895
sweep,2474
sweep,3108
sweep,1932
sweep,3473
sweep,3761
sweep,4411
sweep,3393
sweep,3294
sweep,2844
sweep,3281
sweep,3010
sweep,3025
sweep,3178
sweep,2884
sweep,3329
sweep,2864
sweep,2979
sweep,3782
sweep,2684
sweep,2760
sweep,3159
sweep,3037
sweep,3379
sweep,2861
sweep,2701
sweep,2437
sweep,3618
sweep,4193
sweep,3982
sweep,4199
sweep,6067
sweep,7546
sweep,6869
sweep,8732
sweep,8476
sweep,8700
sweep,8148
sweep,7573
sweep,7561
sweep,833
mark,1032442
sweep,4739
sweep,4020
sweep,4541
sweep,4314
sweep,3856
sweep,4016
sweep,3570
sweep,3080
sweep,2859
sweep,3268
sweep,3011
sweep,3223
sweep,3027
sweep,2917
sweep,2647
sweep,2744
sweep,3602
sweep,3075
sweep,3106
sweep,3532
sweep,2354
sweep,2436
sweep,3869
sweep,2299
sweep,3076
sweep,1969
sweep,3764
sweep,3583
sweep,4493
sweep,3677
sweep,3393
sweep,3303
sweep,2916
sweep,3097
sweep,2754
sweep,3213
sweep,3008
sweep,3011
sweep,2706
sweep,3009
sweep,3889
sweep,2758
sweep,2676
sweep,2982
sweep,2954
sweep,3905
sweep,2813
sweep,2465
sweep,2424
sweep,5957
sweep,8751
sweep,8733
sweep,8422
sweep,7656
sweep,6112
sweep,7088
sweep,3981
sweep,4508
sweep,4459
sweep,5749
sweep,5829
sweep,6176
sweep,221
mark,1027038
sweep,4689
sweep,3799
sweep,4644
sweep,4536
sweep,4066
sweep,4222
sweep,3600
sweep,3079
sweep,2891
sweep,3126
sweep,3127
sweep,2741
sweep,2853
sweep,3133
sweep,2826
sweep,3052
sweep,3222
sweep,2961
sweep,3118
sweep,3534
sweep,2311
sweep,2714
sweep,4284
sweep,2425
sweep,3584
sweep,1861
sweep,3465
sweep,3900
sweep,4191
sweep,3472
sweep,3279
sweep,3302
sweep,2915
sweep,3130
sweep,2753
sweep,3165
sweep,2748
sweep,3016
sweep,2435
sweep,3203
sweep,3742
sweep,2797
sweep,2720
sweep,3446
sweep,2925
sweep,3757
sweep,2730
sweep,2656
sweep,2442
sweep,3478
sweep,4027
sweep,4025
sweep,4113
sweep,5992
sweep,8431
sweep,6535
sweep,8802
sweep,8191
sweep,8969
sweep,7170
sweep,7755
sweep,7145
sweep,830
mark,1038792
sweep,4825
sweep,4183
sweep,4278
sweep,4106
sweep,3673
sweep,4226
sweep,3990
sweep,3374
sweep,2909
sweep,3228
sweep,3286
sweep,2731
sweep,2707
sweep,2955
sweep,2659
sweep,3013
sweep,3168
sweep,2968
sweep,3030
sweep,3660
sweep,2344
sweep,2647
sweep,3950
sweep,2573
sweep,3131
sweep,1992
sweep,3737
sweep,3969
sweep,4533
sweep,3876
sweep,3313
sweep,2895
sweep,2817
sweep,2986
sweep,2744
sweep,3220
sweep,2738
sweep,3090
sweep,2534
sweep,3063
sweep,3749
sweep,2651
sweep,2768
sweep,3263
sweep,2846
sweep,3472
sweep,3022
sweep,2665
sweep,2567
sweep,5847
sweep,8856
sweep,8614
sweep,8784
sweep,7484
sweep,6235
sweep,6949
sweep,3917
sweep,4336
sweep,4760
sweep,6094
sweep,5843
sweep,5818
sweep,219
mark,1028188
sweep,4648
sweep,4077
sweep,4213
sweep,3966
sweep,3417
sweep,4092
sweep,3627
sweep,3334
sweep,3025
sweep,3164
sweep,3182
sweep,2960
sweep,2669
sweep,2765
sweep,2992
sweep,2652
sweep,3179
sweep,3283
sweep,2966
sweep,3383
sweep,2464
sweep,2606
sweep,4016
sweep,2809
sweep,3772
sweep,2022
sweep,3617
sweep,3940
sweep,4432
sweep,3410
sweep,3085
sweep,3146
sweep,3241
sweep,3150
sweep,2873
sweep,3053
sweep,3096
sweep,3026
sweep,2665
sweep,2735
sweep,3705
sweep,2695
sweep,2847
sweep,3098
sweep,2860
sweep,3539
sweep,3216
sweep,2812
sweep,2474
sweep,3504
sweep,4037
sweep,4030
sweep,4284
sweep,5730
sweep,8421
sweep,6531
sweep,8607
sweep,8498
sweep,8372
sweep,7334
sweep,7667
sweep,7161
sweep,839
mark,1036957
sweep,4913
sweep,4020
sweep,4213
sweep,4179
sweep,3713
sweep,4229
sweep,3871
sweep,3102
sweep,3162
sweep,3270
sweep,3208
sweep,2730
sweep,2683
sweep,2817
sweep,2833
sweep,3018
sweep,3336
sweep,2923
sweep,3256
sweep,3487
sweep,2418
sweep,2688
sweep,3875
sweep,2376
sweep,3087
sweep,1850
sweep,3385
sweep,3581
sweep,4395
sweep,3464
sweep,3044
sweep,2969
sweep,2821
sweep,3073
sweep,2921
sweep,3518
sweep,2917
sweep,3037
sweep,2610
sweep,2888
sweep,3687
sweep,2833
sweep,3151
sweep,2891
sweep,3271
sweep,3781
sweep,2786
sweep,2521
sweep,2519
sweep,5691
sweep,8938
sweep,8929
sweep,8660
sweep,8104
sweep,6033
sweep,6957
sweep,4066
sweep,4339
sweep,4366
sweep,5728
sweep,6085
sweep,5922
sweep,240
mark,1042495
sweep,4992
sweep,3816
sweep,3978
sweep,4469
sweep,3831
sweep,4135
sweep,3618
sweep,3211
sweep,2816
sweep,2908
sweep,3072
sweep,2740
sweep,2639
sweep,2746
sweep,2615
sweep,2673
sweep,3229
sweep,3147
sweep,2964
sweep,4113
sweep,2411
sweep,2734
sweep,4141
sweep,2647
sweep,3580
sweep,1902
sweep,3300
sweep,4007
sweep,4220
sweep,3426
sweep,3251
sweep,3099
sweep,3278
sweep,3154
sweep,2734
sweep,3273
sweep,2657
sweep,3132
sweep,2635
sweep,3149
sweep,3647
sweep,2676
sweep,3163
sweep,3208
sweep,2986
sweep,3391
sweep,2849
sweep,2513
sweep,2432
sweep,3642
sweep,3928
sweep,4107
sweep,4099
sweep,5443
sweep,8144
sweep,6929
sweep,8803
sweep,8413
sweep,8597
sweep,8236
sweep,7479
sweep,7537
sweep,830
mark,1037632
sweep,4707
sweep,3679
sweep,4215
sweep,4076
sweep,3839
sweep,4001
sweep,3609
sweep,3248
sweep,3075
sweep,3434
sweep,3001
sweep,2725
sweep,2852
sweep,3230
sweep,2729
sweep,3088
sweep,3613
sweep,3167
sweep,2947
sweep,3425
sweep,2431
sweep,2457
sweep,3789
sweep,2658
sweep,3130
sweep,1887
sweep,3439
sweep,3658
sweep,4412
sweep,3631
sweep,3346
sweep,3206
sweep,2927
sweep,3187
sweep,2841
sweep,3046
sweep,2750
sweep,3402
sweep,2572
sweep,2612
sweep,3814
sweep,2929
sweep,2948
sweep,3380
sweep,2884
sweep,3444
sweep,2679
sweep,2496
sweep,2692
sweep,5401
sweep,8794
sweep,8507
sweep,9002
sweep,8447
sweep,6376
sweep,7115
sweep,4490
sweep,4384
sweep,4350
sweep,6457
sweep,6213
sweep,6449
sweep,236
mark,1087619
sweep,5272
sweep,4288
sweep,4041
sweep,4470
sweep,4470
sweep,4091
sweep,3495
sweep,3145
sweep,2867
sweep,3110
sweep,3378
sweep,2898
sweep,2700
sweep,3074
sweep,2533
sweep,2932
sweep,3532
sweep,2910
sweep,3212
sweep,3542
sweep,2443
sweep,2515
sweep,3783
sweep,2746
sweep,3702
sweep,1884
sweep,3603
sweep,3961
sweep,4295
sweep,3354
sweep,3277
sweep,2869
sweep,2881
sweep,2963
sweep,2955
sweep,3289
sweep,2917
sweep,3052
sweep,2678
sweep,2636
sweep,3746
sweep,2839
sweep,2781
sweep,3272
sweep,2723
sweep,3453
sweep,3162
sweep,2969
sweep,2475
sweep,3543
sweep,4330
sweep,3922
sweep,4280
sweep,5862
sweep,8249
sweep,6629
sweep,8683
sweep,8420
sweep,8577
sweep,8330
sweep,7490
sweep,7682
sweep,927
mark,1036236
sweep,4965
sweep,4209
sweep,4299
sweep,4079
sweep,3578
sweep,3962
sweep,3921
sweep,3197
sweep,2963
sweep,3380
sweep,3090
sweep,2810
sweep,2726
sweep,3095
sweep,2684
sweep,2741
sweep,3527
sweep,3063
sweep,3033
sweep,3521
sweep,2411
sweep,2450
sweep,3649
sweep,2338
sweep,3106
sweep,1830
sweep,3455
sweep,3763
sweep,4281
sweep,3477
sweep,3354
sweep,3014
sweep,3540
sweep,3002
sweep,2800
sweep,3760
sweep,2907
sweep,3031
sweep,2470
sweep,2933
sweep,3749
sweep,2718
sweep,2899
sweep,2956
sweep,2828
sweep,3986
sweep,3113
sweep,2700
sweep,2486
sweep,5327
sweep,8940
sweep,8234
sweep,8603
sweep,8223
sweep,6169
sweep,7535
sweep,4018
sweep,4532
sweep,4867
sweep,6179
sweep,5494
sweep,5806
sweep,224
mark,1025951
sweep,4546
sweep,4395
sweep,4335
sweep,4057
sweep,3547
sweep,4206
sweep,3618
sweep,3043
sweep,2816
sweep,3234
sweep,3210
sweep,2816
sweep,2698
sweep,2790
sweep,2582
sweep,2931
sweep,3240
sweep,2875
sweep,2928
sweep,3673
sweep,2461
sweep,2705
sweep,3963
sweep,2659
sweep,3543
sweep,1934
sweep,3607
sweep,3822
sweep,4140
sweep,3243
sweep,3182
sweep,3357
sweep,3383
sweep,3107
sweep,2857
sweep,3326
sweep,11069
sweep,3038
sweep,2801
sweep,2763
sweep,3890
sweep,2626
sweep,2749
sweep,3279
sweep,2891
sweep,3528
sweep,2743
sweep,2492
sweep,2436
sweep,3450
sweep,3824
sweep,4128
sweep,4225
sweep,6281
sweep,7675
sweep,6046
sweep,8995
sweep,8334
sweep,8731
sweep,8203
sweep,7208
sweep,7553
sweep,828
mark,1029837
sweep,4600
sweep,3680
sweep,4140
sweep,4170
sweep,3540
sweep,4215
sweep,3655
sweep,3204
sweep,2835
sweep,3234
sweep,3280
sweep,3244
sweep,2907
sweep,2793
sweep,2692
sweep,2782
sweep,3364
sweep,3264
sweep,2997
sweep,3469
sweep,2429
sweep,2576
sweep,4031
sweep,2405
sweep,3519
sweep,1951
sweep,3634
sweep,3775
sweep,4340
sweep,3327
sweep,3349
sweep,3280
sweep,3277
sweep,3082
sweep,3002
sweep,3399
sweep,2755
sweep,3313
sweep,2417
sweep,3386
sweep,3859
sweep,2761
sweep,2713
sweep,2966
sweep,2977
sweep,3635
sweep,2898
sweep,2756
sweep,2416
sweep,5354
sweep,8820
sweep,8387
sweep,9087
sweep,8192
sweep,6012
sweep,6929
sweep,4019
sweep,4330
sweep,5128
sweep,6161
sweep,5544
sweep,6063
sweep,220
mark,1026803
sweep,4840
sweep,4411
sweep,3983
sweep,4062
sweep,3850
sweep,4074
sweep,3647
sweep,3212
sweep,2868
sweep,3309
sweep,3042
sweep,2796
sweep,2826
sweep,3388
sweep,3156
sweep,2635
sweep,3270
sweep,3392
sweep,3028
sweep,3379
sweep,2385
sweep,2596
sweep,3712
sweep,2359
sweep,3232
sweep,2159
sweep,3432
sweep,3552
sweep,4247
sweep,3591
sweep,3132
sweep,3138
sweep,3175
sweep,2938
sweep,3022
sweep,3228
sweep,2977
sweep,3103
sweep,2592
sweep,2666
sweep,3981
sweep,2935
sweep,3038
sweep,3322
sweep,2815
sweep,3370
sweep,2772
sweep,2773
sweep,2412
sweep,3596
sweep,3990
sweep,3989
sweep,4149
sweep,6106
sweep,7721
sweep,6261
sweep,8619
sweep,8407
sweep,8602
sweep,8066
sweep,7403
sweep,7577
sweep,787
mark,1028701
sweep,5147
sweep,4100
sweep,3945
sweep,4546
sweep,3721
sweep,4152
sweep,3717
sweep,3402
sweep,2801
sweep,3668
sweep,2979
sweep,2717
sweep,2685
sweep,3025
sweep,2820
sweep,2726
sweep,3469
sweep,3022
sweep,2969
sweep,3736
sweep,2431
sweep,2540
sweep,4075
sweep,2432
sweep,3725
sweep,1971
sweep,3368
sweep,3702
sweep,4320
sweep,3286
sweep,3269
sweep,3249
sweep,2914
sweep,3210
sweep,2699
sweep,3314
sweep,3036
sweep,3199
sweep,2549
sweep,3231
sweep,3749
sweep,2854
sweep,2791
sweep,2818
sweep,2852
sweep,3675
sweep,2765
sweep,2636
sweep,2489
sweep,5544
sweep,8877
sweep,8728
sweep,8619
sweep,7874
sweep,6294
sweep,7557
sweep,3961
sweep,4266
sweep,4942
sweep,6075
sweep,5908
sweep,5844
sweep,248
mark,1027251
sweep,4974
sweep,4367
sweep,4518
sweep,4263
sweep,3873
sweep,4135
sweep,3547
sweep,3130
sweep,2881
sweep,3366
sweep,3083
sweep,2893
sweep,2825
sweep,2795
sweep,2844
sweep,2719
sweep,3402
sweep,3020
sweep,3246
sweep,3730
sweep,2306
sweep,2397
sweep,3828
sweep,2463
sweep,3506
sweep,2316
sweep,3392
sweep,3801
sweep,4522
sweep,3423
sweep,3232
sweep,3071
sweep,2990
sweep,3080
sweep,2777
sweep,3278
sweep,2914
sweep,3341
sweep,2522
sweep,2741
sweep,3756
sweep,3177
sweep,2689
sweep,3007
sweep,2980
sweep,3405
sweep,2810
sweep,2493
sweep,2587
sweep,3490
sweep,4184
sweep,4057
sweep,4349
sweep,6014
sweep,7692
sweep,5990
sweep,8455
sweep,8347
sweep,8381
sweep,8181
sweep,7302
sweep,7633
sweep,833
mark,1072125
sweep,5012
sweep,4120
sweep,4016
sweep,4039
sweep,3611
sweep,4316
sweep,3694
sweep,3194
sweep,3125
sweep,3335
sweep,3239
sweep,2744
sweep,2736
sweep,2925
sweep,2792
sweep,2697
sweep,3463
sweep,3037
sweep,3054
sweep,3498
sweep,2416
sweep,2379
sweep,3772
sweep,2677
sweep,3838
sweep,2203
sweep,3470
sweep,3583
sweep,4323
sweep,3441
sweep,3081
sweep,3337
sweep,3230
sweep,3373
sweep,2922
sweep,3147
sweep,2814
sweep,3240
sweep,2519
sweep,2738
sweep,3697
sweep,2630
sweep,2556
sweep,3074
sweep,3094
sweep,3488
sweep,2737
sweep,5495
sweep,2421
sweep,5349
sweep,9104
sweep,8749
sweep,8460
sweep,7884
sweep,6017
sweep,6871
sweep,3930
sweep,4157
sweep,4679
sweep,5921
sweep,5502
sweep,6152
sweep,221
mark,1030444
sweep,4513
sweep,4009
sweep,4221
sweep,4198
sweep,3784
sweep,3827
sweep,3505
sweep,3107
sweep,2831
sweep,3081
sweep,3016
sweep,3005
sweep,2763
sweep,2797
sweep,2832
sweep,2887
sweep,3223
sweep,3081
sweep,2988
sweep,3849
sweep,2284
sweep,2866
sweep,3932
sweep,2637
sweep,3800
sweep,2239
sweep,3362
sweep,3775
sweep,3999
sweep,3824
sweep,3269
sweep,3048
sweep,2959
sweep,3054
sweep,2831
sweep,3407
sweep,2723
sweep,3030
sweep,2719
sweep,2739
sweep,3673
sweep,2718
sweep,2956
sweep,3021
sweep,3247
sweep,3394
sweep,3007
sweep,2864
sweep,2564
sweep,3604
sweep,3896
sweep,3946
sweep,4392
sweep,5682
sweep,8058
sweep,6456
sweep,8399
sweep,8269
sweep,8471
sweep,7398
sweep,7261
sweep,6808
sweep,828
mark,1028246
sweep,5053
sweep,3930
sweep,4077
sweep,4061
sweep,3804
sweep,4311
sweep,3854
sweep,3296
sweep,2996
sweep,3126
sweep,3230
sweep,2739
sweep,2750
sweep,2780
sweep,2727
sweep,2742
sweep,3521
sweep,3142
sweep,2942
sweep,3465
sweep,2375
sweep,2396
sweep,4073
sweep,2569
sweep,3712
sweep,1915
sweep,3662
sweep,3871
sweep,4601
sweep,3337
sweep,3276
sweep,2871
sweep,2818
sweep,3071
sweep,3148
sweep,3253
sweep,2714
sweep,3367
sweep,2880
sweep,2717
sweep,4377
sweep,2722
sweep,3139
sweep,2930
sweep,2865
sweep,3708
sweep,2640
sweep,2657
sweep,2531
sweep,5703
sweep,8584
sweep,8580
sweep,8482
sweep,7841
sweep,5941
sweep,7042
sweep,3971
sweep,4188
sweep,4667
sweep,6173
sweep,5903
sweep,5800
sweep,222
mark,1027922
sweep,4509
sweep,4316
sweep,4039
sweep,4432
sweep,3921
sweep,4023
sweep,3510
sweep,3069
sweep,3088
sweep,3014
sweep,3281
sweep,3017
sweep,2710
sweep,2867
sweep,2619
sweep,2758
sweep,3480
sweep,3036
sweep,3109
sweep,3500
sweep,2416
sweep,2604
sweep,3715
sweep,2315
sweep,3060
sweep,2080
sweep,3359
sweep,3993
sweep,4736
sweep,3508
sweep,3551
sweep,3306
sweep,2997
sweep,3080
sweep,2771
sweep,3461
sweep,3087
sweep,2964
sweep,2637
sweep,2717
sweep,4011
sweep,2699
sweep,3097
sweep,3156
sweep,2944
sweep,3465
sweep,2745
sweep,2614
sweep,2494
sweep,3706
sweep,4021
sweep,4029
sweep,4278
sweep,6030
sweep,7970
sweep,6275
sweep,8552
sweep,8970
sweep,8632
sweep,8248
sweep,7500
sweep,7668
sweep,830
mark,1029844
sweep,4840
sweep,3959
sweep,3936
sweep,4100
sweep,3896
sweep,3983
sweep,3662
sweep,3102
sweep,2993
sweep,3347
sweep,2948
sweep,2773
sweep,2928
sweep,2873
sweep,2670
sweep,2844
sweep,3246
sweep,2900
sweep,3335
sweep,3370
sweep,2366
sweep,2473
sweep,4375
sweep,2597
sweep,3132
sweep,1940
sweep,3855
sweep,3773
sweep,4532
sweep,3458
sweep,3241
sweep,3149
sweep,2952
sweep,3125
sweep,2920
sweep,3512
sweep,2772
sweep,3064
sweep,2506
sweep,2806
sweep,4055
sweep,3113
sweep,2659
sweep,2942
sweep,2799
sweep,3739
sweep,3097
sweep,2486
sweep,2756
sweep,5583
sweep,8880
sweep,8562
sweep,8524
sweep,7956
sweep,5703
sweep,7707
sweep,4146
sweep,4538
sweep,4883
sweep,6131
sweep,5796
sweep,5801
sweep,232
mark,1024081
sweep,4800
sweep,3657
sweep,3845
sweep,4383
sweep,3480
sweep,4253
sweep,3672
sweep,3663
sweep,2857
sweep,3211
sweep,3358
sweep,2700
sweep,2837
sweep,3053
sweep,2596
sweep,3137
sweep,3528
sweep,3029
sweep,3208
sweep,3701
sweep,2493
sweep,2821
sweep,3945
sweep,2463
sweep,3121
sweep,1830
sweep,3452
sweep,3626
sweep,4555
sweep,3769
sweep,3146
sweep,2910
sweep,2971
sweep,2951
sweep,2862
sweep,3128
sweep,2952
sweep,2988
sweep,2716
sweep,2660
sweep,3721
sweep,2854
sweep,2727
sweep,3360
sweep,2753
sweep,3584
sweep,2839
sweep,2511
sweep,2453
sweep,3511
sweep,4135
sweep,3960
sweep,4213
sweep,6209
sweep,8352
sweep,6528
sweep,8369
sweep,8499
sweep,8708
sweep,8446
sweep,7337
sweep,7612
sweep,777
mark,1033099
sweep,4776
sweep,4072
sweep,4016
sweep,4220
sweep,3578
sweep,4311
sweep,3779
sweep,3148
sweep,2899
sweep,3564
sweep,2977
sweep,2827
sweep,2903
sweep,2773
sweep,2561
sweep,2789
sweep,3212
sweep,3139
sweep,3182
sweep,3583
sweep,2265
sweep,2567
sweep,3800
sweep,2698
sweep,3357
sweep,1856
sweep,3727
sweep,3761
sweep,4605
sweep,3858
sweep,3106
sweep,2991
sweep,3025
sweep,3262
sweep,3356
sweep,3369
sweep,2841
sweep,3198
sweep,2436
sweep,2586
sweep,3951
sweep,2696
sweep,2728
sweep,2913
sweep,2836
sweep,3475
sweep,2977
sweep,2576
sweep,2705
sweep,5416
sweep,8757
sweep,8807
sweep,8511
sweep,7760
sweep,5645
sweep,7129
sweep,4018
sweep,4354
sweep,4657
sweep,5936
sweep,5642
sweep,14513
sweep,236
mark,1034121
sweep,5052
sweep,3937
sweep,4025
sweep,4205
sweep,4003
sweep,4094
sweep,3600
sweep,3267
sweep,2780
sweep,3341
sweep,3305
sweep,2712
sweep,2688
sweep,3087
sweep,2609
sweep,2765
sweep,3479
sweep,2914
sweep,3059
sweep,3487
sweep,2539
sweep,2893
sweep,4105
sweep,2393
sweep,3318
sweep,2010
sweep,3413
sweep,3759
sweep,4382
sweep,3321
sweep,3104
sweep,2852
sweep,2950
sweep,3149
sweep,2730
sweep,3547
sweep,2727
sweep,3419
sweep,2498
sweep,2957
sweep,3792
sweep,2918
sweep,2721
sweep,2972
sweep,3030
sweep,3539
sweep,2744
sweep,2637
sweep,2639
sweep,3845
sweep,3919
sweep,4017
sweep,4146
sweep,5642
sweep,8417
sweep,6625
sweep,8663
sweep,8218
sweep,8813
sweep,8460
sweep,7187
sweep,7236
sweep,781
mark,1036783
sweep,4698
sweep,4188
sweep,3985
sweep,4296
sweep,3784
sweep,4043
sweep,3659
sweep,3237
sweep,2792
sweep,3645
sweep,3312
sweep,2699
sweep,2756
sweep,3223
sweep,2987
sweep,3133
sweep,3393
sweep,3213
sweep,3302
sweep,3370
sweep,2354
sweep,2312
sweep,4103
sweep,2363
sweep,3180
sweep,2034
sweep,3700
sweep,3644
sweep,4436
sweep,3417
sweep,3656
sweep,3194
sweep,3240
sweep,3217
sweep,3065
sweep,3161
sweep,2879
sweep,3097
sweep,2711
sweep,2699
sweep,3726
sweep,2698
sweep,2953
sweep,2913
sweep,2834
sweep,3404
sweep,2660
sweep,2479
sweep,2531
sweep,5633
sweep,8821
sweep,8760
sweep,8616
sweep,7914
sweep,6126
sweep,7537
sweep,4167
sweep,4195
sweep,5107
sweep,6169
sweep,5749
sweep,5969
sweep,224
mark,1033473
sweep,4860
sweep,3894
sweep,4250
sweep,3999
sweep,3630
sweep,4525
sweep,3674
sweep,3273
sweep,2826
sweep,3309
sweep,3185
sweep,2797
sweep,2687
sweep,3119
sweep,2548
sweep,2641
sweep,3517
sweep,2851
sweep,3204
sweep,3655
sweep,2326
sweep,2450
sweep,3885
sweep,2369
sweep,3187
sweep,2143
sweep,3332
sweep,3856
sweep,4436
sweep,3785
sweep,3328
sweep,3394
sweep,2938
sweep,3087
sweep,2830
sweep,3391
sweep,2833
sweep,3250
sweep,2590
sweep,2645
sweep,3705
sweep,2789
sweep,2641
sweep,3109
sweep,2771
sweep,3454
sweep,2872
sweep,2444
sweep,2798
sweep,3572
sweep,4172
sweep,3972
sweep,4341
sweep,5784
sweep,7713
sweep,6038
sweep,8591
sweep,8413
sweep,8882
sweep,8235
sweep,7624
sweep,7762
sweep,885
mark,1035578
sweep,4682
sweep,3790
sweep,3995
sweep,4149
sweep,3593
sweep,4353
sweep,4047
sweep,3091
sweep,2786
sweep,3228
sweep,3269
sweep,2766
sweep,2879
sweep,2774
sweep,2596
sweep,2772
sweep,3254
sweep,2911
sweep,3206
sweep,3462
sweep,2622
sweep,2516
sweep,3877
sweep,2574
sweep,3369
sweep,1925
sweep,3636
sweep,4157
sweep,4292
sweep,3404
sweep,3479
sweep,3164
sweep,2920
sweep,2983
sweep,2846
sweep,2973
sweep,2971
sweep,3116
sweep,2657
sweep,2698
sweep,3831
sweep,2949
sweep,2675
sweep,3379
sweep,2954
sweep,3609
sweep,2659
sweep,2478
sweep,2443
sweep,5383
sweep,8913
sweep,9033
sweep,8791
sweep,8070
sweep,5990
sweep,6861
sweep,3962
sweep,4258
sweep,4921
sweep,6236
sweep,5812
sweep,5844
sweep,225
mark,1028573
sweep,4514
sweep,3868
sweep,3926
sweep,4259
sweep,3489
sweep,4061
sweep,3701
sweep,3402
sweep,2862
sweep,3101
sweep,3218
sweep,2806
sweep,2769
sweep,2911
sweep,3074
sweep,2629
sweep,3193
sweep,2853
sweep,3066
sweep,3544
sweep,2304
sweep,2558
sweep,3886
sweep,2382
sweep,2997
sweep,2163
sweep,3539
sweep,3630
sweep,4451
sweep,3403
sweep,3205
sweep,3057
sweep,2901
sweep,3026
sweep,3124
sweep,3448
sweep,2963
sweep,3247
sweep,2693
sweep,2598
sweep,3617
sweep,2899
sweep,2895
sweep,2953
sweep,2877
sweep,6736
sweep,2982
sweep,2580
sweep,2459
sweep,3602
sweep,4625
sweep,3986
sweep,4436
sweep,5677
sweep,8546
sweep,6446
sweep,9357
sweep,8336
sweep,8713
sweep,7377
sweep,7401
sweep,6966
sweep,830
mark,1037074
sweep,4758
sweep,3954
sweep,4044
sweep,4155
sweep,3655
sweep,4029
sweep,3706
sweep,3032
sweep,2916
sweep,3354
sweep,3060
sweep,2687
sweep,2676
sweep,3005
sweep,3211
sweep,2783
sweep,3504
sweep,3041
sweep,2934
sweep,3421
sweep,2278
sweep,2272
sweep,4037
sweep,2338
sweep,3035
sweep,1890
sweep,3553
sweep,3610
sweep,4241
sweep,3158
sweep,3119
sweep,2900
sweep,2892
sweep,2998
sweep,3037
sweep,3094
sweep,2864
sweep,3059
sweep,2430
sweep,3195
sweep,3705
sweep,2799
sweep,2761
sweep,2897
sweep,2789
sweep,3377
sweep,2973
sweep,2557
sweep,2388
sweep,5915
sweep,8682
sweep,8297
sweep,8289
sweep,7981
sweep,5804
sweep,7537
sweep,4310
sweep,4234
sweep,4828
sweep,6343
sweep,5908
sweep,6443
sweep,222
mark,1023541
sweep,4692
sweep,4457
sweep,4437
sweep,4153
sweep,3879
sweep,4332
sweep,3788
sweep,3375
sweep,2798
sweep,3199
sweep,3137
sweep,2743
sweep,3025
sweep,3314
sweep,2645
sweep,2961
sweep,3210
sweep,3309
sweep,3346
sweep,3418
sweep,2197
sweep,2535
sweep,3699
sweep,2407
sweep,3063
sweep,2003
sweep,3349
sweep,3607
sweep,4576
sweep,3615
sweep,3400
sweep,3015
sweep,2895
sweep,3322
sweep,2791
sweep,3156
sweep,2798
sweep,3176
sweep,2534
sweep,3189
sweep,3946
sweep,3030
sweep,2999
sweep,3180
sweep,2716
sweep,3457
sweep,2776
sweep,2579
sweep,2534
sweep,3496
sweep,4055
sweep,4152
sweep,4344
sweep,5994
sweep,7863
sweep,5903
sweep,9236
sweep,8070
sweep,8607
sweep,7328
sweep,7471
sweep,7129
sweep,795
mark,1036151
sweep,5076
sweep,4179
sweep,4111
sweep,4084
sweep,3887
sweep,4123
sweep,3875
sweep,3152
sweep,3082
sweep,3314
sweep,3307
sweep,2734
sweep,2687
sweep,2809
sweep,2737
sweep,3004
sweep,3610
sweep,3106
sweep,3639
sweep,3468
sweep,2332
sweep,2624
sweep,3891
sweep,2401
sweep,3139
sweep,2086
sweep,3381
sweep,3707
sweep,4360
sweep,3411
sweep,2997
sweep,3090
sweep,2836
sweep,3342
sweep,2739
sweep,2997
sweep,2722
sweep,3345
sweep,2760
sweep,2664
sweep,3766
sweep,2689
sweep,2651
sweep,2846
sweep,3061
sweep,3396
sweep,2890
sweep,2428
sweep,2492
sweep,5334
sweep,9245
sweep,8686
sweep,8623
sweep,7960
sweep,5845
sweep,7172
sweep,4119
sweep,4416
sweep,4492
sweep,5779
sweep,6095
sweep,6271
sweep,223
mark,1040493
sweep,4481
sweep,4136
sweep,3957
sweep,4101
sweep,3476
sweep,4027
sweep,3444
sweep,2941
sweep,3017
sweep,3675
sweep,3146
sweep,3028
sweep,2778
sweep,3082
sweep,2916
sweep,2845
sweep,3250
sweep,2898
sweep,3124
sweep,3756
sweep,2289
sweep,2606
sweep,3776
sweep,2306
sweep,3077
sweep,1921
sweep,3202
sweep,3682
sweep,4395
sweep,3739
sweep,3277
sweep,3237
sweep,3041
sweep,3099
sweep,2961
sweep,3480
sweep,2703
sweep,3057
sweep,2536
sweep,2980
sweep,3658
sweep,2958
sweep,2900
sweep,3315
sweep,2976
sweep,3773
sweep,2814
sweep,2465
sweep,2513
sweep,3751
sweep,3907
sweep,4113
sweep,4031
sweep,5817
sweep,8243
sweep,6502
sweep,8846
sweep,8313
sweep,8736
sweep,8338
sweep,7221
sweep,7639
sweep,834
mark,1090234
sweep,4494
sweep,3857
sweep,4024
sweep,4202
sweep,3931
sweep,4010
sweep,3862
sweep,3547
sweep,2963
sweep,3437
sweep,3087
sweep,3184
sweep,2661
sweep,2793
sweep,2837
sweep,2731
sweep,3298
sweep,2922
sweep,3079
sweep,3750
sweep,2329
sweep,2382
sweep,3783
sweep,2723
sweep,3266
sweep,1922
sweep,3716
sweep,3920
sweep,4315
sweep,3408
sweep,3076
sweep,2985
sweep,2789
sweep,3079
sweep,2875
sweep,3521
sweep,2954
sweep,3191
sweep,2516
sweep,2680
sweep,3742
sweep,3093
sweep,2662
sweep,2966
sweep,3067
sweep,3366
sweep,2827
sweep,2654
sweep,2786
sweep,5718
sweep,8741
sweep,8523
sweep,8748
sweep,7791
sweep,6341
sweep,6788
sweep,4421
sweep,4256
sweep,4917
sweep,6144
sweep,5935
sweep,6582
sweep,223
mark,1033288
sweep,4610
sweep,3850
sweep,3872
sweep,4505
sweep,3779
sweep,3980
sweep,3757
sweep,3135
sweep,3011
sweep,3324
sweep,3115
sweep,2833
sweep,2823
sweep,2963
sweep,2527
sweep,2642
sweep,3406
sweep,3203
sweep,3015
sweep,3427
sweep,2544
sweep,2837
sweep,3691
sweep,2490
sweep,3337
sweep,1842
sweep,3489
sweep,3860
sweep,4766
sweep,3922
sweep,3189
sweep,3138
sweep,2858
sweep,2999
sweep,3120
sweep,3334
sweep,2816
sweep,3265
sweep,2672
sweep,2629
sweep,3698
sweep,3286
sweep,2734
sweep,3243
sweep,3227
sweep,3689
sweep,2976
sweep,2544
sweep,2484
sweep,3387
sweep,3763
sweep,3971
sweep,4135
sweep,6092
sweep,7980
sweep,6293
sweep,8786
sweep,8400
sweep,8704
sweep,8222
sweep,7277
sweep,7645
sweep,885
mark,1039673
sweep,5036
sweep,3717
sweep,4571
sweep,4135
sweep,3689
sweep,4140
sweep,3689
sweep,3443
sweep,3072
sweep,3434
sweep,3249
sweep,2974
sweep,2869
sweep,3338
sweep,3095
sweep,2706
sweep,3286
sweep,2965
sweep,3260
sweep,3601
sweep,2376
sweep,2442
sweep,3663
sweep,2495
sweep,3132
sweep,2060
sweep,3517
sweep,3687
sweep,4341
sweep,3571
sweep,3677
sweep,2942
sweep,2886
sweep,3070
sweep,2817
sweep,3313
sweep,2715
sweep,3137
sweep,2668
sweep,2797
sweep,4181
sweep,2635
sweep,2935
sweep,3060
sweep,2873
sweep,3479
sweep,2920
sweep,2786
sweep,2462
sweep,5367
sweep,9148
sweep,8305
sweep,8696
sweep,8096
sweep,6214
sweep,7456
sweep,4407
sweep,4189
sweep,4768
sweep,6202
sweep,5945
sweep,6083
sweep,217
mark,1027162
sweep,4636
sweep,4178
sweep,3881
sweep,3981
sweep,3783
sweep,3991
sweep,3858
sweep,3374
sweep,3259
sweep,3031
sweep,3335
sweep,2771
sweep,3112
sweep,2818
sweep,2659
sweep,2821
sweep,3221
sweep,2909
sweep,3141
sweep,3445
sweep,2384
sweep,2577
sweep,3787
sweep,2509
sweep,3396
sweep,2175
sweep,3418
sweep,3556
sweep,4491
sweep,3373
sweep,3429
sweep,3009
sweep,3501
sweep,3096
sweep,2862
sweep,3283
sweep,2795
sweep,3038
sweep,2800
sweep,3037
sweep,3734
sweep,2890
sweep,2696
sweep,3120
sweep,3203
sweep,4046
sweep,2795
sweep,2628
sweep,2766
sweep,3566
sweep,3992
sweep,4040
sweep,4431
sweep,5699
sweep,7638
sweep,6003
sweep,8845
sweep,8421
sweep,8522
sweep,8260
sweep,7766
sweep,7782
sweep,835
mark,1049856
sweep,5419
sweep,3771
sweep,4543
sweep,3979
sweep,3775
sweep,4240
sweep,3672
sweep,3053
sweep,3104
sweep,3379
sweep,2970
sweep,2775
sweep,2980
sweep,3000
sweep,2670
sweep,2741
sweep,3399
sweep,2935
sweep,3511
sweep,3890
sweep,2284
sweep,2395
sweep,3743
sweep,2577
sweep,3119
sweep,1864
sweep,3396
sweep,3652
sweep,4116
sweep,3492
sweep,3019
sweep,3325
sweep,3066
sweep,3138
sweep,2790
sweep,3138
sweep,2804
sweep,3066
sweep,2565
sweep,3170
sweep,3861
sweep,2836
sweep,3054
sweep,3407
sweep,3054
sweep,3460
sweep,2649
sweep,2547
sweep,2481
sweep,5555
sweep,8721
sweep,9122
sweep,8734
sweep,7494
sweep,5954
sweep,7019
sweep,3989
sweep,4609
sweep,4665
sweep,6105
sweep,5865
sweep,5783
sweep,230
mark,1032315
sweep,4732
sweep,4237
sweep,4229
sweep,4023
sweep,3531
sweep,4061
sweep,3564
sweep,3109
sweep,2822
sweep,3098
sweep,3415
sweep,2862
sweep,2829
sweep,2768
sweep,2615
sweep,2759
sweep,3430
sweep,3016
sweep,3143
sweep,3533
sweep,2582
sweep,2785
sweep,3747
sweep,2330
sweep,3148
sweep,1867
sweep,3370
sweep,3737
sweep,4448
sweep,3706
sweep,3427
sweep,3013
sweep,3346
sweep,3191
sweep,2823
sweep,3227
sweep,2775
sweep,3127
sweep,2526
sweep,2645
sweep,3674
sweep,2623
sweep,3078
sweep,2967
sweep,2850
sweep,3499
sweep,2878
sweep,2613
sweep,2531
sweep,3459
sweep,3964
sweep,4176
sweep,4111
sweep,5960
sweep,7695
sweep,6324
sweep,8688
sweep,8222
sweep,8282
sweep,7183
sweep,7064
sweep,7008
sweep,839
mark,1083296
sweep,4870
sweep,4178
sweep,4023
sweep,4005
sweep,3658
sweep,4066
sweep,3895
sweep,3621
sweep,2890
sweep,3307
sweep,2958
sweep,2893
sweep,2709
sweep,2979
sweep,2600
sweep,3082
sweep,3522
sweep,2881
sweep,2926
sweep,3341
sweep,2384
sweep,2393
sweep,4101
sweep,2513
sweep,3191
sweep,2230
sweep,3653
sweep,3853
sweep,4610
sweep,3692
sweep,3295
sweep,2955
sweep,2864
sweep,3215
sweep,2967
sweep,3221
sweep,2623
sweep,3204
sweep,2649
sweep,3140
sweep,3825
sweep,2862
sweep,2821
sweep,3263
sweep,3103
sweep,3631
sweep,3029
sweep,2424
sweep,2427
sweep,5505
sweep,9045
sweep,8798
sweep,8649
sweep,8089
sweep,6408
sweep,7501
sweep,4065
sweep,4284
sweep,4932
sweep,6243
sweep,5947
sweep,5973
sweep,226
mark,1025502
sweep,4611
sweep,3993
sweep,4330
sweep,4232
sweep,3646
sweep,4479
sweep,3826
sweep,3167
sweep,2853
sweep,3006
sweep,3149
sweep,3392
sweep,2845
sweep,3238
sweep,2747
sweep,2888
sweep,3326
sweep,3133
sweep,3337
sweep,3354
sweep,2615
sweep,2781
sweep,3870
sweep,2325
sweep,3113
sweep,1885
sweep,3543
sweep,3880
sweep,4304
sweep,3328
sweep,3606
sweep,3073
sweep,3343
sweep,2929
sweep,2935
sweep,3202
sweep,3038
sweep,3032
sweep,2682
sweep,3154
sweep,3735
sweep,2661
sweep,3086
sweep,3221
sweep,3108
sweep,3451
sweep,6609
sweep,2635
sweep,2415
sweep,3554
sweep,3963
sweep,4079
sweep,4245
sweep,5723
sweep,8103
sweep,6331
sweep,8667
sweep,8352
sweep,8388
sweep,8435
sweep,7458
sweep,7523
sweep,840
mark,1035581
sweep,4736
sweep,3882
sweep,4706
sweep,4084
sweep,3635
sweep,4247
sweep,3820
sweep,3527
sweep,3145
sweep,3335
sweep,2923
sweep,2720
sweep,2722
sweep,3030
sweep,2751
sweep,2926
sweep,3811
sweep,2892
sweep,3296
sweep,3428
sweep,2394
sweep,2385
sweep,3920
sweep,2617
sweep,3256
sweep,1996
sweep,3516
sweep,3976
sweep,4690
sweep,3860
sweep,3448
sweep,3065
sweep,2840
sweep,3203
sweep,2813
sweep,3282
sweep,2677
sweep,3383
sweep,2749
sweep,2641
sweep,4030
sweep,2646
sweep,2912
sweep,3504
sweep,3078
sweep,3752
sweep,3097
sweep,2581
sweep,2488
sweep,5926
sweep,8889
sweep,9006
sweep,8734
sweep,8109
sweep,6252
sweep,7512
sweep,4310
sweep,4213
sweep,5150
sweep,6213
sweep,5855
sweep,5930
sweep,242
mark,1030353
sweep,4527
sweep,4061
sweep,4023
sweep,4346
sweep,3559
sweep,4102
sweep,3615
sweep,2992
sweep,2823
sweep,3029
sweep,3003
sweep,2712
sweep,2698
sweep,2803
sweep,2588
sweep,2623
sweep,3324
sweep,2931
sweep,3218
sweep,3708
sweep,2299
sweep,2485
sweep,3814
sweep,2473
sweep,3271
sweep,1969
sweep,3387
sweep,3642
sweep,4197
sweep,3671
sweep,2990
sweep,3123
sweep,2960
sweep,3030
sweep,2806
sweep,3432
sweep,2821
sweep,3083
sweep,2469
sweep,3195
sweep,3687
sweep,2612
sweep,2689
sweep,3152
sweep,2959
sweep,3609
sweep,2794
sweep,2529
sweep,2535
sweep,3451
sweep,4311
sweep,4052
sweep,4408
sweep,5742
sweep,8578
sweep,6526
sweep,9233
sweep,8335
sweep,8770
sweep,7454
sweep,7624
sweep,7135
sweep,823
mark,1035971
sweep,4640
sweep,4252
sweep,3884
sweep,4090
sweep,3586
sweep,3985
sweep,3533
sweep,3230
sweep,2947
sweep,3221
sweep,2955
sweep,2680
sweep,3012
sweep,2850
sweep,2592
sweep,3157
sweep,3296
sweep,3322
sweep,2950
sweep,3721
sweep,2420
sweep,2432
sweep,3854
sweep,2316
sweep,3288
sweep,2091
sweep,3385
sweep,3845
sweep,4290
sweep,3486
sweep,3032
sweep,3085
sweep,2910
sweep,3105
sweep,3007
sweep,3234
sweep,2798
sweep,3100
sweep,2686
sweep,2734
sweep,3705
sweep,2828
sweep,2586
sweep,3315
sweep,2947
sweep,3563
sweep,2713
sweep,2516
sweep,2666
sweep,5507
sweep,8924
sweep,8927
sweep,8698
sweep,8222
sweep,6679
sweep,7728
sweep,4093
sweep,4425
sweep,4699
sweep,6220
sweep,5880
sweep,6098
sweep,226
mark,1031320
sweep,4486
sweep,3796
sweep,3999
sweep,4353
sweep,3556
sweep,4214
sweep,3656
sweep,3164
sweep,3048
sweep,3124
sweep,3337
sweep,3160
sweep,2891
sweep,3187
sweep,2571
sweep,2752
sweep,3401
sweep,3306
sweep,3053
sweep,3347
sweep,2316
sweep,2581
sweep,4005
sweep,2420
sweep,3037
sweep,2111
sweep,3415
sweep,3648
sweep,4381
sweep,3710
sweep,2991
sweep,2946
sweep,3456
sweep,3001
sweep,2774
sweep,3467
sweep,2841
sweep,3438
sweep,2533
sweep,2895
sweep,3687
sweep,2838
sweep,2799
sweep,2996
sweep,2900
sweep,3661
sweep,2845
sweep,2534
sweep,2799
sweep,3394
sweep,3919
sweep,3879
sweep,4283
sweep,6080
sweep,8415
sweep,6435
sweep,8343
sweep,8463
sweep,8399
sweep,7016
sweep,7358
sweep,7091
sweep,935
mark,1028538
sweep,4760
sweep,3949
sweep,4023
sweep,4318
sweep,3450
sweep,4203
sweep,3547
sweep,3207
sweep,6601
sweep,3522
sweep,3046
sweep,3063
sweep,2947
sweep,2865
sweep,2893
sweep,2643
sweep,3301
sweep,2918
sweep,3207
sweep,3459
sweep,2435
sweep,2715
sweep,3998
sweep,2658
sweep,3318
sweep,2483
sweep,3381
sweep,3895
sweep,4489
sweep,3406
sweep,3003
sweep,2944
sweep,2875
sweep,3082
sweep,2854
sweep,3141
sweep,2697
sweep,3293
sweep,2442
sweep,2893
sweep,3846
sweep,2692
sweep,2713
sweep,3030
sweep,2879
sweep,3758
sweep,3002
sweep,2491
sweep,2615
sweep,5339
sweep,8888
sweep,8603
sweep,8916
sweep,8125
sweep,5716
sweep,6898
sweep,4034
sweep,4350
sweep,4593
sweep,6059
sweep,5483
sweep,5809
sweep,223
mark,1029578
sweep,4858
sweep,4264
sweep,4049
sweep,3964
sweep,3631
sweep,3957
sweep,3580
sweep,3499
sweep,2693
sweep,3151
sweep,3155
sweep,2945
sweep,2736
sweep,2824
sweep,2594
sweep,2943
sweep,3406
sweep,3187
sweep,2951
sweep,3271
sweep,2526
sweep,2877
sweep,3741
sweep,2393
sweep,3180
sweep,2402
sweep,3322
sweep,3649
sweep,4107
sweep,3490
sweep,3070
sweep,3126
sweep,3302
sweep,3282
sweep,2986
sweep,3326
sweep,2862
sweep,3192
sweep,2514
sweep,2607
sweep,4058
sweep,2631
sweep,2896
sweep,3115
sweep,2902
sweep,3434
sweep,2712
sweep,2431
sweep,2476
sweep,3505
sweep,3938
sweep,4157
sweep,4249
sweep,6176
sweep,8554
sweep,6380
sweep,8842
sweep,8121
sweep,8460
sweep,7107
sweep,7361
sweep,6865
sweep,839
mark,1026021
sweep,4679
sweep,3813
sweep,3975
sweep,4250
sweep,3910
sweep,4310
sweep,3838
sweep,3156
sweep,3165
sweep,3507
sweep,3234
sweep,2972
sweep,2595
sweep,2873
sweep,2576
sweep,2733
sweep,3415
sweep,2921
sweep,2983
sweep,3724
sweep,2310
sweep,2707
sweep,3814
sweep,2427
sweep,3234
sweep,1979
sweep,11645
sweep,3726
sweep,4278
sweep,3392
sweep,2981
sweep,3098
sweep,2926
sweep,3123
sweep,2737
sweep,3355
sweep,2835
sweep,3079
sweep,2485
sweep,2709
sweep,3950
sweep,2758
sweep,2748
sweep,3134
sweep,2792
sweep,3796
sweep,2752
sweep,2529
sweep,2446
sweep,6040
sweep,9298
sweep,8621
sweep,8281
sweep,7835
sweep,5630
sweep,7160
sweep,4142
sweep,4203
sweep,4235
sweep,6283
sweep,5630
sweep,5740
sweep,222
mark,1029594
sweep,4847
sweep,3925
sweep,4121
sweep,4523
sweep,3700
sweep,4338
sweep,3729
sweep,3393
sweep,2802
sweep,3195
sweep,3093
sweep,2755
sweep,2710
sweep,2741
sweep,2566
sweep,2734
sweep,3182
sweep,3020
sweep,3016
sweep,3868
sweep,2528
sweep,2809
sweep,3776
sweep,2373
sweep,3049
sweep,2138
sweep,3666
sweep,3952
sweep,4355
sweep,3809
sweep,3133
sweep,3416
sweep,3076
sweep,3198
sweep,2808
sweep,3016
sweep,2917
sweep,2943
sweep,2413
sweep,2785
sweep,3614
sweep,2711
sweep,2613
sweep,3276
sweep,2835
sweep,3594
sweep,2687
sweep,2572
sweep,2689
sweep,3572
sweep,3979
sweep,3916
sweep,4107
sweep,5768
sweep,8392
sweep,6571
sweep,9344
sweep,8100
sweep,9058
sweep,7484
sweep,7128
sweep,7314
sweep,830
mark,1026107
sweep,4774
sweep,4147
sweep,4063
sweep,3898
sweep,3614
sweep,4242
sweep,3869
sweep,3488
sweep,2764
sweep,3206
sweep,3052
sweep,2735
sweep,2816
sweep,2922
sweep,2856
sweep,2712
sweep,3374
sweep,3198
sweep,2946
sweep,3623
sweep,2594
sweep,3031
sweep,3753
sweep,2347
sweep,3382
sweep,2154
sweep,3343
sweep,3714
sweep,4572
sweep,3864
sweep,3508
sweep,2927
sweep,2964
sweep,2938
sweep,2746
sweep,3310
sweep,2779
sweep,3133
sweep,2506
sweep,3239
sweep,3781
sweep,3090
sweep,2986
sweep,3041
sweep,2847
sweep,3493
sweep,2934
sweep,2707
sweep,2444
sweep,5494
sweep,9056
sweep,8449
sweep,8677
sweep,7831
sweep,6251
sweep,7277
sweep,4216
sweep,4338
sweep,4771
sweep,5960
sweep,5822
sweep,5799
sweep,226
mark,1032545
sweep,4526
sweep,4041
sweep,3981
sweep,4493
sweep,4049
sweep,4345
sweep,3649
sweep,3619
sweep,3011
sweep,3612
sweep,3356
sweep,2725
sweep,2657
sweep,2733
sweep,2619
sweep,3007
sweep,3258
sweep,3060
sweep,3207
sweep,3422
sweep,2300
sweep,2662
sweep,3819
sweep,2304
sweep,3360
sweep,2374
sweep,3355
sweep,3593
sweep,4713
sweep,3379
sweep,3065
sweep,3094
sweep,2908
sweep,3254
sweep,2963
sweep,3215
sweep,2771
sweep,3399
sweep,2717
sweep,3093
sweep,3828
sweep,2702
sweep,2965
sweep,3096
sweep,2855
sweep,3767
sweep,2638
sweep,2536
sweep,2532
sweep,3603
sweep,3839
sweep,4017
sweep,4557
sweep,5663
sweep,7675
sweep,5924
sweep,9304
sweep,8074
sweep,8193
sweep,8524
sweep,7300
sweep,7685
sweep,851
mark,1028278
sweep,4912
sweep,4000
sweep,3958
sweep,4233
sweep,3804
sweep,4369
sweep,3967
sweep,3383
sweep,3187
sweep,3229
sweep,2960
sweep,2767
sweep,2809
sweep,2818
sweep,2785
sweep,2701
sweep,3330
sweep,3016
sweep,3027
sweep,3495
sweep,2643
sweep,2691
sweep,4166
sweep,2378
sweep,3353
sweep,1936
sweep,3364
sweep,3657
sweep,4214
sweep,3276
sweep,3138
sweep,3019
sweep,2908
sweep,2932
sweep,3326
sweep,3394
sweep,2693
sweep,3121
sweep,2529
sweep,2763
sweep,3583
sweep,2837
sweep,2805
sweep,2929
sweep,2905
sweep,3327
sweep,2759
sweep,2701
sweep,2469
sweep,6177
sweep,8696
sweep,8487
sweep,8680
sweep,7994
sweep,6566
sweep,7196
sweep,4081
sweep,4324
sweep,4722
sweep,6153
sweep,5539
sweep,5875
sweep,235
mark,1026937
sweep,4687
sweep,3794
sweep,3937
sweep,4230
sweep,3926
sweep,4376
sweep,3668
sweep,3099
sweep,2767
sweep,3419
sweep,3135
sweep,2859
sweep,2770
sweep,2987
sweep,2766
sweep,2718
sweep,3778
sweep,3358
sweep,3089
sweep,3541
sweep,2361
sweep,2510
sweep,3934
sweep,2642
sweep,3054
sweep,1949
sweep,3288
sweep,3776
sweep,4592
sweep,3368
sweep,3375
sweep,3101
sweep,2957
sweep,2973
sweep,3248
sweep,3175
sweep,2817
sweep,3358
sweep,2524
sweep,2960
sweep,3701
sweep,2647
sweep,2650
sweep,2997
sweep,2902
sweep,3500
sweep,2756
sweep,2695
sweep,2636
sweep,3715
sweep,4002
sweep,4005
sweep,4527
sweep,5956
sweep,13628
sweep,6592
sweep,8398
sweep,8211
sweep,8668
sweep,7345
sweep,7722
sweep,7224
sweep,834
mark,1029079
sweep,5202
sweep,4024
sweep,3890
sweep,4110
sweep,3959
sweep,4078
sweep,3600
sweep,3131
sweep,2904
sweep,3198
sweep,3095
sweep,2739
sweep,2923
sweep,2809
sweep,2643
sweep,3138
sweep,3384
sweep,2917
sweep,3377
sweep,3523
sweep,2681
sweep,2490
sweep,3933
sweep,2392
sweep,3105
sweep,2178
sweep,3478
sweep,3766
sweep,4633
sweep,3793
sweep,3228
sweep,3571
sweep,2982
sweep,3339
sweep,2764
sweep,3346
sweep,2806
sweep,3109
sweep,2412
sweep,2738
sweep,3825
sweep,2749
sweep,3058
sweep,3034
sweep,2762
sweep,3427
sweep,3019
sweep,2513
sweep,2491
sweep,5768
sweep,8784
sweep,8517
sweep,8437
sweep,7928
sweep,6276
sweep,6821
sweep,4213
sweep,4932
sweep,4986
sweep,5655
sweep,5804
sweep,5943
sweep,264
mark,1031067
sweep,4460
sweep,3971
sweep,3904
sweep,4071
sweep,3894
sweep,4396
sweep,3654
sweep,3201
sweep,2751
sweep,3165
sweep,3226
sweep,2704
sweep,2954
sweep,2938
sweep,3169
sweep,2816
sweep,3375
sweep,3074
sweep,3155
sweep,3767
sweep,2271
sweep,2470
sweep,3994
sweep,2598
sweep,3060
sweep,1987
sweep,3486
sweep,3593
sweep,4403
sweep,3603
sweep,3292
sweep,2875
sweep,3111
sweep,3033
sweep,2833
sweep,3228
sweep,2712
sweep,3106
sweep,2559
sweep,2658
sweep,3986
sweep,2811
sweep,2699
sweep,3098
sweep,2968
sweep,3438
sweep,2687
sweep,2487
sweep,2411
sweep,3983
sweep,3913
sweep,4217
sweep,4252
sweep,5896
sweep,8388
sweep,6671
sweep,8541
sweep,8598
sweep,8337
sweep,7341
sweep,7527
sweep,7850
sweep,840
mark,1037175
sweep,4831
sweep,4123
sweep,3997
sweep,4258
sweep,3882
sweep,4102
sweep,3628
sweep,3145
sweep,2892
sweep,3163
sweep,3165
sweep,2668
sweep,2721
sweep,3208
sweep,2766
sweep,2730
sweep,3258
sweep,3228
sweep,3206
sweep,3359
sweep,2381
sweep,2576
sweep,3728
sweep,2319
sweep,3273
sweep,2162
sweep,3635
sweep,3662
sweep,4281
sweep,3613
sweep,3518
sweep,3117
sweep,3349
sweep,3370
sweep,2792
sweep,3049
sweep,2704
sweep,2983
sweep,2447
sweep,2643
sweep,3990
sweep,3012
sweep,3028
sweep,2890
sweep,3042
sweep,3909
sweep,2892
sweep,2544
sweep,2520
sweep,5609
sweep,8640
sweep,8765
sweep,8673
sweep,7818
sweep,6253
sweep,6967
sweep,4013
sweep,4470
sweep,4937
sweep,5658
sweep,5995
sweep,6203
sweep,253
mark,1074115
sweep,4596
sweep,3891
sweep,4084
sweep,4161
sweep,3635
sweep,4175
sweep,3631
sweep,2939
sweep,3022
sweep,2926
sweep,3032
sweep,2694
sweep,2732
sweep,2698
sweep,2683
sweep,2728
sweep,3277
sweep,2905
sweep,3257
sweep,3831
sweep,2591
sweep,2643
sweep,4045
sweep,2392
sweep,3333
sweep,2020
sweep,3452
sweep,3739
sweep,4223
sweep,3586
sweep,3156
sweep,3654
sweep,3443
sweep,2994
sweep,2793
sweep,3278
sweep,2944
sweep,3087
sweep,2636
sweep,2715
sweep,3757
sweep,2867
sweep,2920
sweep,2904
sweep,2757
sweep,3523
sweep,2787
sweep,2421
sweep,2504
sweep,3384
sweep,3821
sweep,4138
sweep,4438
sweep,5853
sweep,8460
sweep,6207
sweep,9028
sweep,8241
sweep,8389
sweep,7127
sweep,7416
sweep,7345
sweep,838
mark,1031286
sweep,4580
sweep,4060
sweep,4422
sweep,4197
sweep,3658
sweep,4107
sweep,3605
sweep,3609
sweep,2788
sweep,3652
sweep,3250
sweep,2721
sweep,2744
sweep,2773
sweep,2918
sweep,2687
sweep,3257
sweep,3141
sweep,3271
sweep,3471
sweep,2355
sweep,2646
sweep,3692
sweep,2532
sweep,3013
sweep,1899
sweep,3446
sweep,3848
sweep,4361
sweep,3373
sweep,2995
sweep,2937
sweep,3174
sweep,3194
sweep,2722
sweep,3266
sweep,2636
sweep,3113
sweep,2474
sweep,3221
sweep,3567
sweep,2618
sweep,2811
sweep,3014
sweep,2805
sweep,3612
sweep,2778
sweep,2876
sweep,2729
sweep,5389
sweep,9165
sweep,8667
sweep,8577
sweep,7799
sweep,5788
sweep,6984
sweep,3918
sweep,4286
sweep,4264
sweep,5583
sweep,5980
sweep,6360
sweep,281
mark,1025122
sweep,4820
sweep,3854
sweep,4125
sweep,4022
sweep,3519
sweep,4269
sweep,3653
sweep,3054
sweep,3071
sweep,3500
sweep,3180
sweep,3029
sweep,2694
sweep,2818
sweep,2578
sweep,2760
sweep,3497
sweep,3348
sweep,2948
sweep,3489
sweep,2505
sweep,2576
sweep,4082
sweep,2464
sweep,3052
sweep,1906
sweep,3298
sweep,4069
sweep,4276
sweep,3917
sweep,3101
sweep,2947
sweep,3195
sweep,3050
sweep,2800
sweep,3459
sweep,2745
sweep,3334
sweep,2734
sweep,3131
sweep,3775
sweep,2766
sweep,2955
sweep,3249
sweep,2816
sweep,3734
sweep,2899
sweep,2610
sweep,2391
sweep,3390
sweep,4045
sweep,3897
sweep,4271
sweep,6009
sweep,7610
sweep,5898
sweep,8382
sweep,8184
sweep,8378
sweep,7270
sweep,7053
sweep,7302
sweep,841
mark,1031976
sweep,4706
sweep,4202
sweep,4191
sweep,4106
sweep,3716
sweep,4021
sweep,3626
sweep,3134
sweep,2838
sweep,3319
sweep,3372
sweep,2696
sweep,2715
sweep,2913
sweep,2893
sweep,2978
sweep,3579
sweep,2911
sweep,3049
sweep,3369
sweep,2550
sweep,2442
sweep,4224
sweep,2576
sweep,3133
sweep,1874
sweep,3478
sweep,3650
sweep,4474
sweep,3432
sweep,3078
sweep,2960
sweep,2823
sweep,3056
sweep,2835
sweep,3090
sweep,2793
sweep,3325
sweep,2531
sweep,3104
sweep,3637
sweep,2614
sweep,2736
sweep,3207
sweep,2798
sweep,3508
sweep,2770
sweep,2500
sweep,2417
sweep,5471
sweep,9029
sweep,8474
sweep,8555
sweep,8200
sweep,5783
sweep,6995
sweep,3926
sweep,4365
sweep,5070
sweep,6273
sweep,5800
sweep,5779
sweep,224
mark,1033487
sweep,4924
sweep,4160
sweep,3826
sweep,4147
sweep,3829
sweep,4190
sweep,3823
sweep,2998
sweep,2654
sweep,3667
sweep,3368
sweep,3021
sweep,2789
sweep,3311
sweep,2613
sweep,2603
sweep,3308
sweep,2839
sweep,3179
sweep,3506
sweep,2236
sweep,2715
sweep,4212
sweep,2398
sweep,3536
sweep,1915
sweep,3350
sweep,3672
sweep,4306
sweep,3355
sweep,3344
sweep,3251
sweep,2939
sweep,3043
sweep,2910
sweep,3184
sweep,2914
sweep,3199
sweep,2720
sweep,2973
sweep,3994
sweep,2669
sweep,2947
sweep,3396
sweep,2743
sweep,3692
sweep,2869
sweep,2466
sweep,2500
sweep,3782
sweep,4327
sweep,3895
sweep,4158
sweep,5465
sweep,8893
sweep,6414
sweep,9427
sweep,8090
sweep,8824
sweep,7506
sweep,7350
sweep,7140
sweep,832
mark,1036567
sweep,4620
sweep,3890
sweep,3955
sweep,3851
sweep,3748
sweep,4112
sweep,3617
sweep,3191
sweep,2974
sweep,3311
sweep,3332
sweep,2810
sweep,2691
sweep,3027
sweep,2788
sweep,2723
sweep,3699
sweep,2896
sweep,3310
sweep,3399
sweep,2339
sweep,2539
sweep,3952
sweep,2326
sweep,3208
sweep,1860
sweep,3990
sweep,3588
sweep,4191
sweep,3352
sweep,3125
sweep,3471
sweep,2857
sweep,3103
sweep,3338
sweep,3455
sweep,2950
sweep,3200
sweep,2440
sweep,2814
sweep,3781
sweep,2647
sweep,2776
sweep,2865
sweep,2916
sweep,3644
sweep,3249
sweep,2453
sweep,2677
sweep,5293
sweep,8611
sweep,8742
sweep,8949
sweep,7503
sweep,5773
sweep,6911
sweep,3941
sweep,4628
sweep,5076
sweep,6124
sweep,5595
sweep,5711
sweep,220
mark,1033462
sweep,4420
sweep,3904
sweep,3974
sweep,4758
sweep,3553
sweep,4028
sweep,3639
sweep,3065
sweep,2733
sweep,3297
sweep,2993
sweep,2740
sweep,2646
sweep,2837
sweep,2919
sweep,2946
sweep,3375
sweep,3254
sweep,3106
sweep,3398
sweep,2341
sweep,2825
sweep,3806
sweep,2782
sweep,3683
sweep,1955
sweep,3342
sweep,3575
sweep,4579
sweep,3353
sweep,3507
sweep,3158
sweep,2797
sweep,2976
sweep,2875
sweep,3388
sweep,2834
sweep,3103
sweep,2814
sweep,2744
sweep,3647
sweep,3105
sweep,2733
sweep,3302
sweep,3147
sweep,3383
sweep,2796
sweep,2440
sweep,2749
sweep,3556
sweep,4088
sweep,3885
sweep,4420
sweep,6058
sweep,7519
sweep,6142
sweep,8533
sweep,8494
sweep,8393
sweep,8369
sweep,7342
sweep,7412
sweep,838
mark,1028041
sweep,4744
sweep,4105
sweep,4454
sweep,4030
sweep,3504
sweep,4166
sweep,3731
sweep,3415
sweep,2805
sweep,3463
sweep,3037
sweep,3055
sweep,2814
sweep,2767
sweep,2650
sweep,3262
sweep,3427
sweep,3244
sweep,3082
sweep,3258
sweep,2462
sweep,2559
sweep,3764
sweep,2660
sweep,3156
sweep,1878
sweep,3413
sweep,3736
sweep,4225
sweep,3802
sweep,3483
sweep,2945
sweep,2960
sweep,2937
sweep,2892
sweep,3578
sweep,2710
sweep,3364
sweep,2812
sweep,3056
sweep,3892
sweep,2556
sweep,2698
sweep,2933
sweep,2787
sweep,3321
sweep,2803
sweep,2478
sweep,2587
sweep,5282
sweep,9116
sweep,8695
sweep,8684
sweep,8423
sweep,6232
sweep,7572
sweep,4207
sweep,4142
sweep,4823
sweep,6220
sweep,5938
sweep,5883
sweep,237
mark,1029075
sweep,4995
sweep,4169
sweep,4301
sweep,4239
sweep,4071
sweep,4048
sweep,3580
sweep,3039
sweep,3026
sweep,3152
sweep,3316
sweep,2749
sweep,3021
sweep,2807
sweep,2803
sweep,2824
sweep,3363
sweep,2921
sweep,2884
sweep,3706
sweep,2319
sweep,2976
sweep,3983
sweep,2542
sweep,3630
sweep,2200
sweep,3559
sweep,3639
sweep,4392
sweep,3460
sweep,3056
sweep,2995
sweep,2958
sweep,3031
sweep,2779
sweep,3328
sweep,2767
sweep,3004
sweep,2682
sweep,2713
sweep,3892
sweep,2709
sweep,2957
sweep,3498
sweep,3198
sweep,3334
sweep,2892
sweep,2520
sweep,2631
sweep,4051
sweep,4147
sweep,4232
sweep,4032
sweep,6168
sweep,7737
sweep,5966
sweep,9042
sweep,8713
sweep,8340
sweep,7531
sweep,7343
sweep,7535
sweep,758
mark,1034648
sweep,4694
sweep,4016
sweep,3900
sweep,4250
sweep,3899
sweep,4278
sweep,3821
sweep,3093
sweep,3253
sweep,3178
sweep,2981
sweep,3114
sweep,2868
sweep,2960
sweep,2644
sweep,2956
sweep,3448
sweep,3135
sweep,3055
sweep,3478
sweep,2322
sweep,2417
sweep,3938
sweep,2589
sweep,3155
sweep,1959
sweep,3580
sweep,3657
sweep,4489
sweep,3437
sweep,3177
sweep,3134
sweep,2805
sweep,2953
sweep,2834
sweep,3157
sweep,2993
sweep,3074
sweep,2393
sweep,2773
sweep,3621
sweep,2710
sweep,2962
sweep,3004
sweep,2912
sweep,4006
sweep,2751
sweep,2538
sweep,2806
sweep,5756
sweep,8890
sweep,8988
sweep,8525
sweep,7738
sweep,5818
sweep,7204
sweep,4280
sweep,4404
sweep,4847
sweep,5879
sweep,6005
sweep,6593
sweep,222
mark,1043504
sweep,5460
sweep,3808
sweep,4300
sweep,4528
sweep,7861
sweep,3971
sweep,3568
sweep,3334
sweep,2814
sweep,3229
sweep,3093
sweep,2726
sweep,2905
sweep,2837
sweep,2692
sweep,2976
sweep,3558
sweep,2967
sweep,3276
sweep,3440
sweep,2446
sweep,2565
sweep,4008
sweep,2604
sweep,3130
sweep,2044
sweep,3428
sweep,3857
sweep,4304
sweep,3352
sweep,3232
sweep,3166
sweep,2890
sweep,2939
sweep,2895
sweep,3519
sweep,2816
sweep,3032
sweep,2624
sweep,3348
sweep,3861
sweep,2626
sweep,2831
sweep,2942
sweep,2737
sweep,3516
sweep,2754
sweep,2521
sweep,2530
sweep,3376
sweep,4208
sweep,3935
sweep,4411
sweep,5482
sweep,7834
sweep,6049
sweep,8826
sweep,8843
sweep,9072
sweep,7570
sweep,7701
sweep,7228
sweep,842
mark,1028958
sweep,4548
sweep,4263
sweep,4017
sweep,4142
sweep,3626
sweep,4077
sweep,3791
sweep,3370
sweep,2802
sweep,3227
sweep,2931
sweep,3227
sweep,2643
sweep,2858
sweep,2748
sweep,2629
sweep,3335
sweep,2904
sweep,3065
sweep,3283
sweep,2349
sweep,2653
sweep,3952
sweep,2538
sweep,3022
sweep,1928
sweep,3595
sweep,3728
sweep,4530
sweep,3354
sweep,3267
sweep,3221
sweep,2834
sweep,2965
sweep,2829
sweep,3315
sweep,2852
sweep,3016
sweep,2633
sweep,3112
sweep,3734
sweep,2755
sweep,2735
sweep,3397
sweep,3327
sweep,3671
sweep,2961
sweep,2491
sweep,2817
sweep,5431
sweep,8334
sweep,8188
sweep,8190
sweep,8023
sweep,5982
sweep,7702
sweep,4333
sweep,4245
sweep,4863
sweep,6094
sweep,5905
sweep,5957
sweep,211
mark,1061989
sweep,5299
sweep,4214
sweep,4360
sweep,4361
sweep,3866
sweep,4043
sweep,3661
sweep,3125
sweep,2721
sweep,3225
sweep,3136
sweep,2732
sweep,2658
sweep,2771
sweep,2531
sweep,2646
sweep,3546
sweep,3305
sweep,3179
sweep,3435
sweep,2354
sweep,2452
sweep,3664
sweep,2514
sweep,3412
sweep,1888
sweep,3341
sweep,3918
sweep,4291
sweep,3291
sweep,3477
sweep,2908
sweep,2877
sweep,3146
sweep,2749
sweep,3242
sweep,2924
sweep,3147
sweep,2720
sweep,2681
sweep,3851
sweep,2828
sweep,2785
sweep,3467
sweep,2911
sweep,3360
sweep,2747
sweep,2723
sweep,2455
sweep,3420
sweep,4038
sweep,3995
sweep,4079
sweep,5963
sweep,8072
sweep,6377
sweep,8600
sweep,8189
sweep,8598
sweep,7527
sweep,7662
sweep,7171
sweep,794
mark,1040359
sweep,5069
sweep,3761
sweep,4030
sweep,4096
sweep,3773
sweep,4247
sweep,3610
sweep,3227
sweep,2874
sweep,3533
sweep,2980
sweep,2808
sweep,2940
sweep,2778
sweep,2562
sweep,3063
sweep,3257
sweep,2870
sweep,2957
sweep,3904
sweep,2613
sweep,2422
sweep,3862
sweep,2333
sweep,3707
sweep,1960
sweep,3586
sweep,3786
sweep,4219
sweep,3731
sweep,3178
sweep,3016
sweep,3057
sweep,3033
sweep,2859
sweep,3374
sweep,2946
sweep,3125
sweep,2606
sweep,2959
sweep,3660
sweep,2618
sweep,2691
sweep,3107
sweep,2828
sweep,3376
sweep,2828
sweep,2520
sweep,2548
sweep,5920
sweep,9073
sweep,8702
sweep,8404
sweep,8060
sweep,5866
sweep,7327
sweep,4077
sweep,4258
sweep,4812
sweep,6095
sweep,5806
sweep,5896
sweep,218
mark,1030427
sweep,4723
sweep,3717
sweep,4195
sweep,3955
sweep,3855
sweep,4164
sweep,3919
sweep,3352
sweep,3118
sweep,3139
sweep,3051
sweep,2754
sweep,3019
sweep,3365
sweep,2733
sweep,2644
sweep,3276
sweep,2849
sweep,2938
sweep,3258
sweep,2431
sweep,2559
sweep,4006
sweep,2348
sweep,3078
sweep,1939
sweep,3481
sweep,3883
sweep,4216
sweep,3723
sweep,3126
sweep,3360
sweep,2879
sweep,3223
sweep,2894
sweep,3309
sweep,3224
sweep,3013
sweep,2533
sweep,2775
sweep,3559
sweep,2715
sweep,2693
sweep,3140
sweep,2794
sweep,3409
sweep,2995
sweep,2463
sweep,2680
sweep,3503
sweep,3906
sweep,3967
sweep,4171
sweep,5743
sweep,8538
sweep,6211
sweep,8770
sweep,8904
sweep,9010
sweep,7107
sweep,7487
sweep,7193
sweep,802
mark,1027642
sweep,4957
sweep,4101
sweep,3973
sweep,4198
sweep,3568
sweep,4661
sweep,3669
sweep,3548
sweep,3139
sweep,3385
sweep,2933
sweep,2717
sweep,2745
sweep,3232
sweep,2654
sweep,2923
sweep,3506
sweep,2911
sweep,3017
sweep,3426
sweep,2431
sweep,3047
sweep,4047
sweep,2441
sweep,3304
sweep,1920
sweep,3667
sweep,3609
sweep,4243
sweep,3735
sweep,3183
sweep,3070
sweep,3177
sweep,2997
sweep,2884
sweep,3345
sweep,2685
sweep,3170
sweep,2704
sweep,2699
sweep,3809
sweep,2972
sweep,3054
sweep,2951
sweep,2867
sweep,4057
sweep,2849
sweep,2567
sweep,2455
sweep,5512
sweep,8665
sweep,8382
sweep,8747
sweep,8262
sweep,6271
sweep,7574
sweep,4187
sweep,4246
sweep,5001
sweep,6295
sweep,5864
sweep,6064
sweep,234
mark,1028669
sweep,5049
sweep,3761
sweep,3918
sweep,4330
sweep,3620
sweep,4356
sweep,3704
sweep,3100
sweep,2912
sweep,3419
sweep,3055
sweep,2707
sweep,3099
sweep,2862
sweep,2647
sweep,2651
sweep,3385
sweep,2955
sweep,2983
sweep,3492
sweep,2354
sweep,3020
sweep,3796
sweep,2384
sweep,3061
sweep,1953
sweep,3489
sweep,3935
sweep,4662
sweep,3342
sweep,3309
sweep,3145
sweep,2872
sweep,2934
sweep,2924
sweep,3282
sweep,2779
sweep,3077
sweep,2752
sweep,2738
sweep,3724
sweep,2806
sweep,2835
sweep,3046
sweep,2711
sweep,3640
sweep,2771
sweep,2669
sweep,2504
sweep,3692
sweep,3863
sweep,4119
sweep,4199
sweep,14739
sweep,8782
sweep,6466
sweep,8588
sweep,8448
sweep,8985
sweep,8335
sweep,7371
sweep,7660
sweep,935
mark,1032726
sweep,4559
sweep,3849
sweep,4326
sweep,4268
sweep,3677
sweep,4030
sweep,3625
sweep,3399
sweep,3131
sweep,3257
sweep,2968
sweep,3048
sweep,2838
sweep,3188
sweep,3157
sweep,2996
sweep,3324
sweep,3135
sweep,3074
sweep,3389
sweep,2458
sweep,2351
sweep,3762
sweep,2385
sweep,3075
sweep,2083
sweep,3628
sweep,3599
sweep,4785
sweep,3336
sweep,3014
sweep,3509
sweep,2970
sweep,3302
sweep,2789
sweep,3269
sweep,2676
sweep,3032
sweep,2746
sweep,2839
sweep,3703
sweep,2605
sweep,3010
sweep,3046
sweep,2820
sweep,3661
sweep,2819
sweep,2563
sweep,2434
sweep,5575
sweep,8808
sweep,8360
sweep,8555
sweep,7854
sweep,6552
sweep,7556
sweep,4270
sweep,4259
sweep,5166
sweep,6227
sweep,5789
sweep,6240
sweep,255
mark,1027283
sweep,5030
sweep,3798
sweep,4037
sweep,4148
sweep,3893
sweep,3987
sweep,3737
sweep,3111
sweep,3181
sweep,3359
sweep,3202
sweep,3263
sweep,2984
sweep,2894
sweep,2624
sweep,3059
sweep,3148
sweep,3259
sweep,3273
sweep,3460
sweep,2308
sweep,2836
sweep,3710
sweep,2396
sweep,3399
sweep,2114
sweep,3643
sweep,3937
sweep,4334
sweep,3351
sweep,3266
sweep,3254
sweep,3041
sweep,3399
sweep,2892
sweep,3443
sweep,2787
sweep,3368
sweep,2733
sweep,2653
sweep,3847
sweep,2813
sweep,2781
sweep,3392
sweep,2931
sweep,3448
sweep,2732
sweep,2481
sweep,2543
sweep,3784
sweep,3915
sweep,3964
sweep,4518
sweep,6093
sweep,7623
sweep,6051
sweep,9075
sweep,8517
sweep,8155
sweep,8261
sweep,7516
sweep,7721
sweep,833
mark,1028882
sweep,4659
sweep,3887
sweep,4055
sweep,4130
sweep,3928
sweep,4031
sweep,4064
sweep,3308
sweep,3054
sweep,3616
sweep,3034
sweep,2750
sweep,2671
sweep,2861
sweep,2696
sweep,2887
sweep,3279
sweep,3053
sweep,3076
sweep,3411
sweep,2345
sweep,2446
sweep,3989
sweep,2503
sweep,3595
sweep,1997
sweep,3367
sweep,3693
sweep,4525
sweep,3370
sweep,3210
sweep,2985
sweep,3371
sweep,3237
sweep,2865
sweep,3354
sweep,2733
sweep,3361
sweep,2440
sweep,3022
sweep,3938
sweep,2538
sweep,2623
sweep,2940
sweep,2916
sweep,3478
sweep,2907
sweep,2649
sweep,2506
sweep,5515
sweep,8751
sweep,8501
sweep,8704
sweep,7812
sweep,6116
sweep,7287
sweep,4084
sweep,4246
sweep,4366
sweep,5780
sweep,6180
sweep,6624
sweep,227
mark,1040202
sweep,4571
sweep,3787
sweep,3889
sweep,4057
sweep,3765
sweep,4252
sweep,3589
sweep,3043
sweep,2785
sweep,3193
sweep,3173
sweep,2910
sweep,3107
sweep,3014
sweep,2771
sweep,3089
sweep,3393
sweep,3328
sweep,3005
sweep,3733
sweep,2595
sweep,2585
sweep,3819
sweep,2605
sweep,3357
sweep,1909
sweep,3616
sweep,3936
sweep,4175
sweep,3717
sweep,3173
sweep,3033
sweep,2869
sweep,3101
sweep,2827
sweep,3448
sweep,2808
sweep,3164
sweep,2680
sweep,2743
sweep,3595
sweep,3105
sweep,3036
sweep,3274
sweep,3046
sweep,3444
sweep,2864
sweep,2615
sweep,2744
sweep,3597
sweep,4220
sweep,4010
sweep,4637
sweep,5941
sweep,8750
sweep,6061
sweep,8904
sweep,8745
sweep,8904
sweep,7463
sweep,7355
sweep,7156
sweep,842
mark,1054498
sweep,4909
sweep,3937
sweep,3950
sweep,4152
sweep,4043
sweep,4130
sweep,3671
sweep,3233
sweep,2882
sweep,3618
sweep,3087
sweep,3025
sweep,2978
sweep,3123
sweep,2895
sweep,2866
sweep,3311
sweep,2978
sweep,3061
sweep,3496
sweep,2379
sweep,2892
sweep,3865
sweep,2505
sweep,3673
sweep,2045
sweep,3427
sweep,4064
sweep,4381
sweep,3407
sweep,3585
sweep,2876
sweep,2929
sweep,3053
sweep,2854
sweep,3366
sweep,2802
sweep,3144
sweep,2735
sweep,2672
sweep,3822
sweep,2997
sweep,2838
sweep,3005
sweep,3008
sweep,3566
sweep,2784
sweep,2625
sweep,2633
sweep,5382
sweep,8690
sweep,9053
sweep,8360
sweep,7779
sweep,5958
sweep,6943
sweep,4057
sweep,4246
sweep,4893
sweep,6197
sweep,5529
sweep,5833
sweep,222
mark,1053094
sweep,5476
sweep,3814
sweep,4339
sweep,4215
sweep,3903
sweep,4311
sweep,4065
sweep,3085
sweep,2830
sweep,3091
sweep,3438
sweep,3393
sweep,2705
sweep,2890
sweep,2953
sweep,2922
sweep,3254
sweep,2942
sweep,3063
sweep,3441
sweep,2504
sweep,2634
sweep,3767
sweep,2628
sweep,3152
sweep,1854
sweep,3445
sweep,3765
sweep,4722
sweep,3327
sweep,3167
sweep,2924
sweep,2986
sweep,3131
sweep,2960
sweep,3347
sweep,3163
sweep,3098
sweep,2553
sweep,2712
sweep,3900
sweep,2783
sweep,3099
sweep,3045
sweep,3059
sweep,3520
sweep,2751
sweep,2550
sweep,2554
sweep,3895
sweep,3885
sweep,3986
sweep,4117
sweep,6072
sweep,8739
sweep,6646
sweep,8829
sweep,8194
sweep,8479
sweep,7591
sweep,7266
sweep,6945
sweep,933
mark,1035946
sweep,5124
sweep,4344
sweep,4444
sweep,3914
sweep,3630
sweep,4349
sweep,3685
sweep,3402
sweep,2998
sweep,3532
sweep,3054
sweep,2719
sweep,2845
sweep,3085
sweep,2656
sweep,3064
sweep,3285
sweep,2961
sweep,3291
sweep,3588
sweep,2355
sweep,2424
sweep,3654
sweep,2695
sweep,3183
sweep,1972
sweep,3436
sweep,3625
sweep,4290
sweep,3406
sweep,3033
sweep,3031
sweep,3038
sweep,3322
sweep,2797
sweep,3065
sweep,2743
sweep,3048
sweep,2578
sweep,2621
sweep,3996
sweep,2944
sweep,2645
sweep,2988
sweep,3228
sweep,3452
sweep,2696
sweep,2487
sweep,2560
sweep,5803
sweep,8947
sweep,8828
sweep,8652
sweep,7873
sweep,6169
sweep,7456
sweep,4237
sweep,4312
sweep,4657
sweep,6029
sweep,5860
sweep,6032
sweep,224
mark,1031056
sweep,4729
sweep,3979
sweep,3767
sweep,4110
sweep,3819
sweep,4173
sweep,3947
sweep,3036
sweep,2839
sweep,3059
sweep,3151
sweep,2749
sweep,2679
sweep,2968
sweep,2750
sweep,2852
sweep,3480
sweep,2897
sweep,2947
sweep,3325
sweep,2337
sweep,2518
sweep,4140
sweep,2627
sweep,3136
sweep,2185
sweep,3468
sweep,3912
sweep,4665
sweep,3606
sweep,3363
sweep,2968
sweep,3331
sweep,2916
sweep,2784
sweep,3294
sweep,2933
sweep,3203
sweep,2565
sweep,2848
sweep,3826
sweep,2786
sweep,2665
sweep,3112
sweep,3139
sweep,3703
sweep,2732
sweep,2572
sweep,2496
sweep,3623
sweep,4018
sweep,3999
sweep,4306
sweep,6043
sweep,7610
sweep,5947
sweep,8805
sweep,8203
sweep,8578
sweep,8397
sweep,7244
sweep,6994
sweep,814
mark,1030362
sweep,4693
sweep,3961
sweep,3973
sweep,4018
sweep,3862
sweep,4097
sweep,3909
sweep,3179
sweep,3137
sweep,3070
sweep,3257
sweep,2780
sweep,2652
sweep,2801
sweep,2659
sweep,2764
sweep,3531
sweep,3120
sweep,3108
sweep,3724
sweep,2503
sweep,2469
sweep,3955
sweep,2380
sweep,3430
sweep,1903
sweep,3400
sweep,3946
sweep,4261
sweep,3665
sweep,3045
sweep,2892
sweep,2820
sweep,3305
sweep,2782
sweep,3249
sweep,2739
sweep,3172
sweep,2726
sweep,2697
sweep,3746
sweep,2756
sweep,2640
sweep,3354
sweep,3023
sweep,3403
sweep,2942
sweep,2410
sweep,2446
sweep,5716
sweep,9226
sweep,8651
sweep,8691
sweep,8221
sweep,6121
sweep,7319
sweep,4234
sweep,4355
sweep,4639
sweep,5736
sweep,5762
sweep,5875
sweep,234
mark,1034494
sweep,4591
sweep,4495
sweep,4245
sweep,4110
sweep,3761
sweep,4131
sweep,4079
sweep,3109
sweep,3088
sweep,3043
sweep,3064
sweep,2905
sweep,2680
sweep,2849
sweep,2714
sweep,2747
sweep,3161
sweep,3337
sweep,2925
sweep,3365
sweep,2722
sweep,2489
sweep,3776
sweep,2476
sweep,3133
sweep,1883
sweep,3469
sweep,3882
sweep,4390
sweep,3387
sweep,3670
sweep,3400
sweep,2978
sweep,3151
sweep,2827
sweep,3408
sweep,2778
sweep,3084
sweep,2846
sweep,3079
sweep,4029
sweep,2709
sweep,2767
sweep,2955
sweep,2859
sweep,3481
sweep,3002
sweep,2719
sweep,2491
sweep,3409
sweep,4210
sweep,3924
sweep,4471
sweep,6048
sweep,8534
sweep,6358
sweep,8669
sweep,8191
sweep,8816
sweep,8331
sweep,7393
sweep,7493
sweep,832
mark,1035497
sweep,4538
sweep,4151
sweep,3969
sweep,4122
sweep,3552
sweep,4327
sweep,3704
sweep,3373
sweep,3098
sweep,3489
sweep,2939
sweep,3057
sweep,2874
sweep,2943
sweep,2549
sweep,2876
sweep,3252
sweep,3340
sweep,3116
sweep,3513
sweep,2608
sweep,2454
sweep,3998
sweep,2434
sweep,3122
sweep,1992
sweep,3421
sweep,3774
sweep,4668
sweep,3973
sweep,3211
sweep,3025
sweep,2857
sweep,2987
sweep,2857
sweep,3037
sweep,2726
sweep,3156
sweep,2749
sweep,2695
sweep,3732
sweep,2727
sweep,3044
sweep,2860
sweep,3194
sweep,3428
sweep,3186
sweep,2725
sweep,2693
sweep,5621
sweep,8980
sweep,8484
sweep,8469
sweep,8269
sweep,6706
sweep,7400
sweep,3935
sweep,4210
sweep,4901
sweep,6244
sweep,5811
sweep,6049
sweep,226
mark,1027561
sweep,4516
sweep,4382
sweep,4295
sweep,4110
sweep,3515
sweep,4337
sweep,3501
sweep,3163
sweep,2861
sweep,3113
sweep,3057
sweep,2833
sweep,2968
sweep,2727
sweep,2616
sweep,2740
sweep,3497
sweep,3181
sweep,2998
sweep,3585
sweep,2355
sweep,2514
sweep,4037
sweep,2434
sweep,3394
sweep,1876
sweep,3336
sweep,3823
sweep,4300
sweep,3490
sweep,3208
sweep,3098
sweep,2836
sweep,3078
sweep,3178
sweep,3096
sweep,2745
sweep,2996
sweep,2566
sweep,2717
sweep,3951
sweep,2981
sweep,3048
sweep,3350
sweep,2892
sweep,3386
sweep,2765
sweep,2511
sweep,2557
sweep,3779
sweep,4063
sweep,4127
sweep,4153
sweep,6314
sweep,7605
sweep,6026
sweep,8579
sweep,8456
sweep,8900
sweep,8308
sweep,7355
sweep,7444
sweep,819
mark,1035598
sweep,4578
sweep,4269
sweep,4060
sweep,4309
sweep,3735
sweep,4207
sweep,3576
sweep,2973
sweep,3367
sweep,3319
sweep,3126
sweep,3262
sweep,2870
sweep,3017
sweep,2878
sweep,3029
sweep,3171
sweep,2908
sweep,3393
sweep,3765
sweep,2321
sweep,2387
sweep,3711
sweep,2384
sweep,3149
sweep,1951
sweep,3344
sweep,3693
sweep,4524
sweep,3340
sweep,3333
sweep,2960
sweep,2885
sweep,3008
sweep,2834
sweep,3148
sweep,2733
sweep,3072
sweep,2472
sweep,3097
sweep,4014
sweep,2749
sweep,2755
sweep,3350
sweep,3086
sweep,3555
sweep,2739
sweep,2435
sweep,2823
sweep,5526
sweep,8346
sweep,9082
sweep,8504
sweep,7679
sweep,6176
sweep,6929
sweep,4015
sweep,4278
sweep,4823
sweep,6199
sweep,5574
sweep,5905
sweep,226
mark,1028201
sweep,4695
sweep,4258
sweep,4310
sweep,4102
sweep,3986
sweep,4050
sweep,3601
sweep,3226
sweep,3074
sweep,3056
sweep,3420
sweep,3044
sweep,2931
sweep,2720
sweep,3033
sweep,2947
sweep,3442
sweep,3360
sweep,2938
sweep,3459
sweep,2370
sweep,2525
sweep,3757
sweep,2450
sweep,3078
sweep,2001
sweep,3494
sweep,3872
sweep,4145
sweep,3516
sweep,3332
sweep,3000
sweep,2902
sweep,3041
sweep,3266
sweep,3374
sweep,2768
sweep,3255
sweep,3119
sweep,3012
sweep,3834
sweep,3138
sweep,2668
sweep,3312
sweep,2816
sweep,3661
sweep,2800
sweep,2470
sweep,2438
sweep,3645
sweep,4190
sweep,3888
sweep,4200
sweep,6042
sweep,8222
sweep,6622
sweep,8727
sweep,8183
sweep,8519
sweep,8330
sweep,7622
sweep,7633
sweep,834
mark,1074674
sweep,4645
sweep,4135
sweep,4427
sweep,4261
sweep,3646
sweep,3984
sweep,3665
sweep,3202
sweep,2866
sweep,3828
sweep,3106
sweep,2720
sweep,2656
sweep,2770
sweep,2568
sweep,2835
sweep,3577
sweep,3224
sweep,3135
sweep,3377
sweep,2618
sweep,2587
sweep,3696
sweep,2262
sweep,3368
sweep,1906
sweep,3594
sweep,3632
sweep,4683
sweep,3301
sweep,3551
sweep,3282
sweep,2907
sweep,3400
sweep,2754
sweep,3007
sweep,2731
sweep,3292
sweep,2401
sweep,3042
sweep,3859
sweep,2645
sweep,2856
sweep,3018
sweep,3034
sweep,3347
sweep,2659
sweep,2510
sweep,2425
sweep,5355
sweep,9614
sweep,8711
sweep,8052
sweep,8320
sweep,5582
sweep,7643
sweep,3974
sweep,4632
sweep,4555
sweep,6374
sweep,5806
sweep,5707
sweep,226
mark,1031708
sweep,4861
sweep,4248
sweep,4209
sweep,4412
sweep,3685
sweep,4090
sweep,3606
sweep,3188
sweep,3139
sweep,3547
sweep,3059
sweep,2755
sweep,2680
sweep,2766
sweep,2750
sweep,2909
sweep,3446
sweep,3112
sweep,3008
sweep,3624
sweep,2383
sweep,2814
sweep,3723
sweep,2293
sweep,3039
sweep,1900
sweep,3324
sweep,3524
sweep,4094
sweep,3392
sweep,3307
sweep,3061
sweep,2872
sweep,3207
sweep,2834
sweep,3512
sweep,3009
sweep,3197
sweep,2787
sweep,2683
sweep,3809
sweep,2673
sweep,3001
sweep,2986
sweep,2793
sweep,3661
sweep,2986
sweep,2705
sweep,2522
sweep,3641
sweep,4041
sweep,3870
sweep,4145
sweep,6050
sweep,7683
sweep,6126
sweep,9271
sweep,8123
sweep,8248
sweep,8095
sweep,7334
sweep,7462
sweep,799
mark,1034845
sweep,4778
sweep,3851
sweep,3977
sweep,4030
sweep,3831
sweep,4156
sweep,3663
sweep,3254
sweep,2905
sweep,3382
sweep,3112
sweep,3052
sweep,2911
sweep,3103
sweep,3049
sweep,2945
sweep,3545
sweep,2867
sweep,3127
sweep,3348
sweep,2336
sweep,2564
sweep,3837
sweep,2694
sweep,3077
sweep,2237
sweep,3754
sweep,3702
sweep,4524
sweep,3473
sweep,3012
sweep,2880
sweep,2857
sweep,3540
sweep,2889
sweep,3310
sweep,3269
sweep,3049
sweep,2516
sweep,2731
sweep,3790
sweep,2856
sweep,2715
sweep,3375
sweep,2814
sweep,3655
sweep,2830
sweep,2489
sweep,2470
sweep,5456
sweep,8994
sweep,8586
sweep,8387
sweep,7879
sweep,6005
sweep,7427
sweep,4049
sweep,4366
sweep,4293
sweep,5809
sweep,6105
sweep,6308
sweep,222
mark,1027148
sweep,4864
sweep,3734
sweep,3951
sweep,4039
sweep,3850
sweep,4047
sweep,3449
sweep,3029
sweep,2968
sweep,3143
sweep,3195
sweep,2721
sweep,2756
sweep,2784
sweep,2877
sweep,2678
sweep,3610
sweep,3242
sweep,2996
sweep,3352
sweep,2338
sweep,2439
sweep,3751
sweep,2402
sweep,3148
sweep,1867
sweep,3661
sweep,3875
sweep,4408
sweep,3341
sweep,3504
sweep,3104
sweep,3208
sweep,3127
sweep,2814
sweep,3618
sweep,2894
sweep,2990
sweep,2547
sweep,2791
sweep,3888
sweep,2644
sweep,2715
sweep,3168
sweep,2830
sweep,3436
sweep,2779
sweep,2571
sweep,2553
sweep,3445
sweep,4142
sweep,4033
sweep,4075
sweep,6205
sweep,7580
sweep,5906
sweep,8564
sweep,8488
sweep,8429
sweep,8389
sweep,7371
sweep,7661
sweep,826
mark,1032970
sweep,4533
sweep,3713
sweep,3955
sweep,3957
sweep,3789
sweep,4242
sweep,3701
sweep,3635
sweep,3097
sweep,3720
sweep,3072
sweep,2679
sweep,2614
sweep,2907
sweep,2921
sweep,2773
sweep,3501
sweep,2900
sweep,2976
sweep,3470
sweep,2476
sweep,2400
sweep,3993
sweep,2502
sweep,3078
sweep,2253
sweep,3659
sweep,4018
sweep,4432
sweep,3634
sweep,3512
sweep,3083
sweep,2845
sweep,3191
sweep,2764
sweep,3245
sweep,3049
sweep,3245
sweep,2664
sweep,3107
sweep,4125
sweep,3134
sweep,2917
sweep,3088
sweep,2986
sweep,3622
sweep,2771
sweep,2629
sweep,2410
sweep,5668
sweep,8927
sweep,8345
sweep,8438
sweep,8143
sweep,6263
sweep,7344
sweep,3995
sweep,4333
sweep,4662
sweep,6234
sweep,5993
sweep,5971
sweep,226
mark,1029349
sweep,4510
sweep,3944
sweep,4231
sweep,4090
sweep,3772
sweep,4132
sweep,3811
sweep,3350
sweep,2847
sweep,3137
sweep,3011
sweep,2763
sweep,3066
sweep,2926
sweep,2562
sweep,2619
sweep,3279
sweep,3026
sweep,2980
sweep,3355
sweep,2651
sweep,2769
sweep,4002
sweep,2322
sweep,3063
sweep,1948
sweep,3340
sweep,3571
sweep,4396
sweep,3524
sweep,3273
sweep,3239
sweep,2881
sweep,3150
sweep,2874
sweep,3608
sweep,2764
sweep,3227
sweep,2840
sweep,2592
sweep,3828
sweep,2662
sweep,2724
sweep,3031
sweep,2785
sweep,3494
sweep,2894
sweep,2456
sweep,2659
sweep,3678
sweep,4003
sweep,4061
sweep,4179
sweep,5749
sweep,7934
sweep,6199
sweep,8365
sweep,8415
sweep,8505
sweep,7458
sweep,7293
sweep,7717
sweep,826
mark,1049752
sweep,5395
sweep,4265
sweep,4044
sweep,4014
sweep,3936
sweep,4270
sweep,3562
sweep,3130
sweep,3190
sweep,3358
sweep,3299
sweep,2708
sweep,2737
sweep,2914
sweep,2767
sweep,2674
sweep,3200
sweep,3179
sweep,2905
sweep,3537
sweep,2614
sweep,2360
sweep,3784
sweep,2335
sweep,3121
sweep,1901
sweep,3527
sweep,3710
sweep,4414
sweep,3524
sweep,2982
sweep,3621
sweep,3145
sweep,3088
sweep,2777
sweep,3201
sweep,2707
sweep,3100
sweep,2458
sweep,2735
sweep,3731
sweep,3137
sweep,2853
sweep,3262
sweep,2956
sweep,3787
sweep,2750
sweep,2597
sweep,2797
sweep,5416
sweep,8659
sweep,8342
sweep,9146
sweep,7893
sweep,6265
sweep,7336
sweep,4065
sweep,4472
sweep,4617
sweep,6287
sweep,5833
sweep,6678
sweep,252
mark,1032563
sweep,5047
sweep,4095
sweep,4430
sweep,4010
sweep,3542
sweep,4199
sweep,3605
sweep,3235
sweep,3125
sweep,3138
sweep,3322
sweep,2744
sweep,2949
sweep,2774
sweep,2795
sweep,2895
sweep,3156
sweep,2973
sweep,3302
sweep,4036
sweep,2288
sweep,2556
sweep,3777
sweep,2436
sweep,3541
sweep,1949
sweep,3588
sweep,3882
sweep,4378
sweep,3429
sweep,3100
sweep,3293
sweep,2898
sweep,3311
sweep,2679
sweep,3317
sweep,2853
sweep,3392
sweep,2795
sweep,2732
sweep,3909
sweep,3015
sweep,2736
sweep,2940
sweep,3187
sweep,3498
sweep,2818
sweep,2513
sweep,2616
sweep,3760
sweep,4118
sweep,4197
sweep,4136
sweep,5641
sweep,7994
sweep,6393
sweep,8464
sweep,8296
sweep,8270
sweep,7429
sweep,7104
sweep,7025
sweep,833
mark,1028549
sweep,4689
sweep,3996
sweep,3838
sweep,4080
sweep,3985
sweep,4202
sweep,3600
sweep,3056
sweep,2909
sweep,3474
sweep,3311
sweep,2748
sweep,2725
sweep,2764
sweep,2585
sweep,3064
sweep,3290
sweep,3302
sweep,2992
sweep,3482
sweep,2443
sweep,2371
sweep,4155
sweep,2277
sweep,3053
sweep,2139
sweep,3355
sweep,3612
sweep,4306
sweep,3357
sweep,3613
sweep,3062
sweep,3158
sweep,3275
sweep,2768
sweep,3073
sweep,2790
sweep,3345
sweep,2628
sweep,2970
sweep,3692
sweep,3094
sweep,2581
sweep,2861
sweep,2894
sweep,3469
sweep,2696
sweep,2511
sweep,2555
sweep,5648
sweep,8767
sweep,8641
sweep,8482
sweep,7689
sweep,6347
sweep,6960
sweep,3983
sweep,4189
sweep,4899
sweep,6141
sweep,5514
sweep,6021
sweep,247
mark,1027785
sweep,4759
sweep,4036
sweep,4282
sweep,4170
sweep,3578
sweep,3931
sweep,3797
sweep,3246
sweep,3114
sweep,3394
sweep,3068
sweep,2683
sweep,2695
sweep,2832
sweep,2513
sweep,2687
sweep,3476
sweep,3153
sweep,3252
sweep,3429
sweep,2386
sweep,2493
sweep,3741
sweep,2329
sweep,3142
sweep,1953
sweep,3585
sweep,3655
sweep,4258
sweep,3737
sweep,3080
sweep,3326
sweep,3250
sweep,2992
sweep,2793
sweep,3137
sweep,2671
sweep,3090
sweep,2580
sweep,2650
sweep,3950
sweep,3175
sweep,2992
sweep,3147
sweep,2840
sweep,3614
sweep,2844
sweep,2477
sweep,2558
sweep,3597
sweep,4460
sweep,4120
sweep,4123
sweep,6157
sweep,7921
sweep,5869
sweep,8479
sweep,8241
sweep,8562
sweep,7341
sweep,7119
sweep,7132
sweep,883
mark,1035331
sweep,5021
sweep,4495
sweep,4144
sweep,3982
sweep,3695
sweep,4215
sweep,3811
sweep,3671
sweep,2883
sweep,3128
sweep,3228
sweep,2715
sweep,3069
sweep,3492
sweep,2542
sweep,2696
sweep,3776
sweep,3146
sweep,3087
sweep,3708
sweep,2479
sweep,2389
sweep,4091
sweep,2297
sweep,3071
sweep,2010
sweep,3674
sweep,3621
sweep,4467
sweep,3841
sweep,3028
sweep,3116
sweep,3353
sweep,2966
sweep,2885
sweep,3151
sweep,2796
sweep,3329
sweep,2482
sweep,2752
sweep,3749
sweep,2789
sweep,2655
sweep,2861
sweep,2939
sweep,3392
sweep,2736
sweep,2525
sweep,2642
sweep,5306
sweep,9266
sweep,8934
sweep,8768
sweep,7730
sweep,6386
sweep,7579
sweep,4158
sweep,4185
sweep,4807
sweep,5857
sweep,5836
sweep,6122
sweep,223
mark,1026776
sweep,4909
sweep,4307
sweep,4167
sweep,3868
sweep,3867
sweep,4008
sweep,3595
sweep,3382
sweep,2774
sweep,3080
sweep,3155
sweep,2968
sweep,2642
sweep,2928
sweep,2670
sweep,2960
sweep,3129
sweep,2862
sweep,3075
sweep,3689
sweep,2541
sweep,2713
sweep,3733
sweep,2353
sweep,3350
sweep,2194
sweep,3408
sweep,3811
sweep,4310
sweep,3562
sweep,3241
sweep,2919
sweep,3025
sweep,3411
sweep,2736
sweep,3317
sweep,2795
sweep,2995
sweep,2496
sweep,2771
sweep,3869
sweep,2885
sweep,2702
sweep,3084
sweep,2846
sweep,3817
sweep,2739
sweep,2464
sweep,2523
sweep,3813
sweep,4283
sweep,4042
sweep,4166
sweep,5878
sweep,7593
sweep,5945
sweep,8503
sweep,8311
sweep,8560
sweep,8460
sweep,7193
sweep,7521
sweep,835
mark,1035914
sweep,4712
sweep,3958
sweep,3988
sweep,4247
sweep,3625
sweep,4236
sweep,3547
sweep,3548
sweep,2986
sweep,3471
sweep,2952
sweep,2962
sweep,2742
sweep,3003
sweep,2657
sweep,2886
sweep,3403
sweep,2948
sweep,3075
sweep,3435
sweep,2380
sweep,2508
sweep,3779
sweep,2469
sweep,3176
sweep,1845
sweep,3702
sweep,3708
sweep,4217
sweep,3586
sweep,2984
sweep,2956
sweep,2838
sweep,3064
sweep,3099
sweep,3424
sweep,2775
sweep,3035
sweep,2700
sweep,2663
sweep,3976
sweep,3279
sweep,2790
sweep,2943
sweep,2947
sweep,3788
sweep,2836
sweep,2427
sweep,2488
sweep,5962
sweep,9020
sweep,8801
sweep,8665
sweep,7817
sweep,5730
sweep,6937
sweep,3996
sweep,4324
sweep,4928
sweep,6332
sweep,5705
sweep,6081
sweep,220
mark,1028067
sweep,4666
sweep,4311
sweep,4175
sweep,4059
sweep,3508
sweep,4232
sweep,3609
sweep,3184
sweep,2941
sweep,3624
sweep,3195
sweep,2789
sweep,2888
sweep,2980
sweep,2606
sweep,2903
sweep,3146
sweep,2931
sweep,3214
sweep,3567
sweep,2487
sweep,2990
sweep,3836
sweep,2374
sweep,3287
sweep,2047
sweep,3349
sweep,3910
sweep,4460
sweep,3498
sweep,3178
sweep,3212
sweep,2794
sweep,3134
sweep,2709
sweep,3220
sweep,2889
sweep,3084
sweep,2498
sweep,3242
sweep,3838
sweep,2577
sweep,2906
sweep,3294
sweep,3088
sweep,3433
sweep,2797
sweep,2626
sweep,2604
sweep,3905
sweep,3998
sweep,4104
sweep,4073
sweep,5609
sweep,8255
sweep,6295
sweep,13551
sweep,8927
sweep,8310
sweep,7481
sweep,7173
sweep,7382
sweep,831
mark,1028518
sweep,4765
sweep,4094
sweep,3924
sweep,4156
sweep,3817
sweep,4370
sweep,3882
sweep,3488
sweep,3174
sweep,3515
sweep,3317
sweep,2715
sweep,2608
sweep,2784
sweep,2873
sweep,2651
sweep,3252
sweep,3169
sweep,3048
sweep,3635
sweep,2564
sweep,2303
sweep,3739
sweep,2515
sweep,3066
sweep,1902
sweep,3654
sweep,3723
sweep,4526
sweep,3533
sweep,3317
sweep,3401
sweep,3132
sweep,3091
sweep,2749
sweep,3134
sweep,2720
sweep,3482
sweep,2793
sweep,3084
sweep,3726
sweep,2795
sweep,2940
sweep,3111
sweep,2801
sweep,3492
sweep,2673
sweep,2864
sweep,2519
sweep,5648
sweep,9167
sweep,8304
sweep,8802
sweep,7694
sweep,6224
sweep,6854
sweep,3978
sweep,4203
sweep,4833
sweep,6259
sweep,5996
sweep,6453
sweep,229
mark,1039419
sweep,5059
sweep,3916
sweep,4045
sweep,3903
sweep,3900
sweep,4048
sweep,3818
sweep,3143
sweep,2836
sweep,3156
sweep,3297
sweep,3105
sweep,2840
sweep,2703
sweep,2761
sweep,2849
sweep,3779
sweep,3145
sweep,3285
sweep,3558
sweep,2285
sweep,2522
sweep,3743
sweep,2551
sweep,3042
sweep,1839
sweep,3342
sweep,3671
sweep,4106
sweep,3610
sweep,3034
sweep,3051
sweep,2863
sweep,2995
sweep,3074
sweep,3406
sweep,3109
sweep,2983
sweep,3011
sweep,3141
sweep,3712
sweep,2659
sweep,2896
sweep,3047
sweep,2737
sweep,3386
sweep,3077
sweep,2686
sweep,2606
sweep,4064
sweep,4175
sweep,3917
sweep,4458
sweep,5815
sweep,8292
sweep,6874
sweep,8879
sweep,8469
sweep,8848
sweep,8448
sweep,7472
sweep,7667
sweep,836
mark,1043880
sweep,4804
sweep,3779
sweep,3962
sweep,3867
sweep,3584
sweep,4057
sweep,3707
sweep,3262
sweep,3126
sweep,3299
sweep,2946
sweep,2745
sweep,2732
sweep,3134
sweep,2644
sweep,3032
sweep,3578
sweep,2916
sweep,3092
sweep,3539
sweep,2546
sweep,2968
sweep,4137
sweep,2380
sweep,3147
sweep,1889
sweep,3333
sweep,3818
sweep,4369
sweep,3554
sweep,3067
sweep,3083
sweep,2879
sweep,3043
sweep,2934
sweep,3413
sweep,2806
sweep,3055
sweep,2555
sweep,2652
sweep,3742
sweep,2532
sweep,2961
sweep,3314
sweep,2807
sweep,3384
sweep,2781
sweep,2526
sweep,2748
sweep,5557
sweep,9201
sweep,8828
sweep,8771
sweep,8370
sweep,6555
sweep,7411
sweep,4488
sweep,4466
sweep,4982
sweep,6121
sweep,5681
sweep,5773
sweep,224
mark,1037349
sweep,4905
sweep,3694
sweep,4132
sweep,4049
sweep,3816
sweep,4035
sweep,3592
sweep,3127
sweep,3137
sweep,3167
sweep,3311
sweep,2759
sweep,2828
sweep,3233
sweep,2585
sweep,2959
sweep,3194
sweep,3128
sweep,3202
sweep,3827
sweep,2305
sweep,2455
sweep,4026
sweep,2559
sweep,3169
sweep,1944
sweep,3667
sweep,4233
sweep,4327
sweep,3486
sweep,3703
sweep,3045
sweep,2880
sweep,2938
sweep,2823
sweep,3177
sweep,2794
sweep,3015
sweep,2617
sweep,2664
sweep,3687
sweep,2690
sweep,2677
sweep,3153
sweep,2817
sweep,3473
sweep,2755
sweep,2626
sweep,2481
sweep,3501
sweep,4320
sweep,3897
sweep,4585
sweep,5950
sweep,7572
sweep,6006
sweep,8788
sweep,8792
sweep,9005
sweep,7291
sweep,7232
sweep,6916
sweep,852
mark,1042674
sweep,4854
sweep,4490
sweep,4287
sweep,4173
sweep,4103
sweep,4119
sweep,3744
sweep,3383
sweep,3077
sweep,3351
sweep,3451
sweep,2860
sweep,2723
sweep,2915
sweep,2728
sweep,2774
sweep,3475
sweep,3022
sweep,2942
sweep,3476
sweep,2578
sweep,2460
sweep,4209
sweep,2294
sweep,3230
sweep,1908
sweep,3441
sweep,3936
sweep,4442
sweep,3530
sweep,3050
sweep,3181
sweep,3109
sweep,3253
sweep,2850
sweep,3451
sweep,3003
sweep,3062
sweep,2467
sweep,2687
sweep,3804
sweep,3023
sweep,2997
sweep,3076
sweep,2772
sweep,3585
sweep,2627
sweep,2528
sweep,2588
sweep,5639
sweep,8959
sweep,9158
sweep,8924
sweep,7983
sweep,5824
sweep,6769
sweep,3901
sweep,4420
sweep,4561
sweep,5664
sweep,5987
sweep,5859
sweep,224
mark,1042923
sweep,4695
sweep,4115
sweep,4045
sweep,4122
sweep,3815
sweep,4205
sweep,3843
sweep,2982
sweep,3011
sweep,3215
sweep,3056
sweep,3040
sweep,2685
sweep,2826
sweep,2591
sweep,2808
sweep,3457
sweep,3483
sweep,3066
sweep,3508
sweep,2523
sweep,2807
sweep,4008
sweep,2555
sweep,3341
sweep,2253
sweep,3632
sweep,3891
sweep,5008
sweep,3559
sweep,3023
sweep,2914
sweep,3412
sweep,3297
sweep,2678
sweep,3275
sweep,2713
sweep,3072
sweep,2415
sweep,2904
sweep,3897
sweep,2772
sweep,2937
sweep,3318
sweep,3358
sweep,3642
sweep,2795
sweep,2779
sweep,2508
sweep,3597
sweep,3797
sweep,4197
sweep,4098
sweep,6251
sweep,7857
sweep,6309
sweep,8708
sweep,8438
sweep,8704
sweep,8274
sweep,7400
sweep,7647
sweep,838
mark,1034354
sweep,5286
sweep,4096
sweep,4255
sweep,4092
sweep,3595
sweep,4118
sweep,3688
sweep,3137
sweep,2933
sweep,3358
sweep,2976
sweep,3018
sweep,2735
sweep,2877
sweep,2613
sweep,2999
sweep,3603
sweep,2955
sweep,3338
sweep,3328
sweep,2387
sweep,2695
sweep,3710
sweep,2623
sweep,3133
sweep,2124
sweep,3397
sweep,3754
sweep,4579
sweep,3687
sweep,3348
sweep,3026
sweep,3117
sweep,3185
sweep,3013
sweep,3209
sweep,2784
sweep,3288
sweep,2550
sweep,2994
sweep,3702
sweep,2523
sweep,2900
sweep,3139
sweep,2994
sweep,3673
sweep,2888
sweep,2577
sweep,2461
sweep,5756
sweep,8789
sweep,8816
sweep,8433
sweep,7582
sweep,6298
sweep,6805
sweep,4094
sweep,4599
sweep,4847
sweep,6170
sweep,5508
sweep,5643
sweep,224
mark,1030335
sweep,4701
sweep,3728
sweep,4160
sweep,4311
sweep,3809
sweep,4249
sweep,3711
sweep,3122
sweep,2890
sweep,3044
sweep,3152
sweep,3091
sweep,2800
sweep,2733
sweep,2671
sweep,3050
sweep,3397
sweep,3309
sweep,3111
sweep,3417
sweep,2451
sweep,2584
sweep,3914
sweep,2509
sweep,3140
sweep,1941
sweep,3345
sweep,3680
sweep,4413
sweep,3248
sweep,3400
sweep,3113
sweep,2915
sweep,3310
sweep,3128
sweep,3400
sweep,2798
sweep,3132
sweep,2685
sweep,2743
sweep,3671
sweep,2804
sweep,2669
sweep,2972
sweep,3106
sweep,3403
sweep,2859
sweep,2513
sweep,2609
sweep,3406
sweep,3852
sweep,4009
sweep,4182
sweep,5740
sweep,8159
sweep,6491
sweep,8269
sweep,8179
sweep,8361
sweep,7399
sweep,7190
sweep,7171
sweep,785
mark,1036873
sweep,4944
sweep,3978
sweep,4037
sweep,4095
sweep,3898
sweep,4125
sweep,3586
sweep,3102
sweep,2930
sweep,3181
sweep,3018
sweep,2763
sweep,3054
sweep,2989
sweep,3135
sweep,2692
sweep,3450
sweep,2947
sweep,3185
sweep,3782
sweep,2430
sweep,2709
sweep,3748
sweep,2364
sweep,3146
sweep,2229
sweep,3387
sweep,3732
sweep,4579
sweep,3826
sweep,3030
sweep,3074
sweep,3390
sweep,3058
sweep,3376
sweep,3424
sweep,2734
sweep,3041
sweep,2604
sweep,2906
sweep,3750
sweep,2564
sweep,2953
sweep,3565
sweep,3053
sweep,3516
sweep,2729
sweep,2453
sweep,2553
sweep,5940
sweep,9091
sweep,8850
sweep,8643
sweep,7965
sweep,6111
sweep,7363
sweep,3959
sweep,4488
sweep,4210
sweep,5697
sweep,5961
sweep,6599
sweep,220
mark,1027410
sweep,5139
sweep,3822
sweep,4041
sweep,4205
sweep,3556
sweep,4345
sweep,3520
sweep,3100
sweep,2758
sweep,3589
sweep,3095
sweep,2744
sweep,2655
sweep,2841
sweep,2934
sweep,3059
sweep,3496
sweep,3189
sweep,2980
sweep,3306
sweep,2519
sweep,2535
sweep,3800
sweep,2647
sweep,2984
sweep,2175
sweep,3518
sweep,4013
sweep,4255
sweep,3295
sweep,3009
sweep,3138
sweep,2983
sweep,3153
sweep,2796
sweep,3140
sweep,2850
sweep,3166
sweep,2565
sweep,3162
sweep,3740
sweep,2735
sweep,2795
sweep,3056
sweep,3086
sweep,3747
sweep,2972
sweep,2467
sweep,2494
sweep,3848
sweep,4121
sweep,3950
sweep,4230
sweep,6312
sweep,7740
sweep,6155
sweep,9312
sweep,7934
sweep,8183
sweep,8249
sweep,7485
sweep,7624
sweep,830
mark,1031973
sweep,4907
sweep,4095
sweep,4217
sweep,4259
sweep,3765
sweep,4536
sweep,3708
sweep,3236
sweep,2855
sweep,3099
sweep,2929
sweep,2674
sweep,2687
sweep,2878
sweep,2726
sweep,3056
sweep,3589
sweep,2999
sweep,3137
sweep,3499
sweep,2280
sweep,2386
sweep,3721
sweep,2494
sweep,3628
sweep,1957
sweep,3793
sweep,3904
sweep,4402
sweep,3429
sweep,3467
sweep,2956
sweep,3010
sweep,3276
sweep,3191
sweep,3136
sweep,2815
sweep,3014
sweep,2465
sweep,2680
sweep,3870
sweep,2942
sweep,2654
sweep,2938
sweep,2837
sweep,3851
sweep,2982
sweep,2533
sweep,2629
sweep,5941
sweep,8972
sweep,8214
sweep,9071
sweep,8264
sweep,6130
sweep,7118
sweep,4070
sweep,4311
sweep,4364
sweep,6057
sweep,5629
sweep,6167
sweep,223
mark,1024661
sweep,4661
sweep,4076
sweep,4059
sweep,4219
sweep,3891
sweep,4028
sweep,3584
sweep,3391
sweep,2670
sweep,3397
sweep,3052
sweep,2865
sweep,2655
sweep,3251
sweep,2566
sweep,2732
sweep,3308
sweep,3108
sweep,3064
sweep,4004
sweep,2575
sweep,2647
sweep,4259
sweep,2393
sweep,3027
sweep,1934
sweep,3692
sweep,3883
sweep,4575
sweep,3355
sweep,3324
sweep,3051
sweep,2952
sweep,3105
sweep,2796
sweep,3160
sweep,3016
sweep,3004
sweep,2800
sweep,2697
sweep,3815
sweep,2724
sweep,2958
sweep,3122
sweep,2943
sweep,3481
sweep,2757
sweep,2470
sweep,2529
sweep,3465
sweep,4139
sweep,3898
sweep,4392
sweep,5754
sweep,7867
sweep,5951
sweep,8930
sweep,8161
sweep,8435
sweep,7346
sweep,7231
sweep,7277
sweep,832
mark,1034592
sweep,4757
sweep,3853
sweep,4055
sweep,4051
sweep,4018
sweep,4040
sweep,3909
sweep,3201
sweep,3158
sweep,3627
sweep,2953
sweep,2911
sweep,2616
sweep,3058
sweep,2861
sweep,2853
sweep,3345
sweep,3175
sweep,3201
sweep,3460
sweep,2322
sweep,2627
sweep,3757
sweep,2480
sweep,3348
sweep,1896
sweep,3446
sweep,3907
sweep,4529
sweep,3550
sweep,3196
sweep,3279
sweep,3136
sweep,2955
sweep,2861
sweep,3432
sweep,2760
sweep,3171
sweep,2729
sweep,2826
sweep,3757
sweep,2629
sweep,3014
sweep,2918
sweep,2878
sweep,3752
sweep,2846
sweep,2575
sweep,2499
sweep,5655
sweep,9432
sweep,8705
sweep,8672
sweep,7840
sweep,5603
sweep,7371
sweep,4026
sweep,4272
sweep,4749
sweep,6290
sweep,5810
sweep,5835
sweep,227
mark,1024432
sweep,5090
sweep,4255
sweep,4293
sweep,4319
sweep,3510
sweep,4022
sweep,3613
sweep,3346
sweep,2774
sweep,3150
sweep,3092
sweep,2803
sweep,2850
sweep,6261
sweep,2604
sweep,2702
sweep,3194
sweep,2978
sweep,2980
sweep,3498
sweep,2327
sweep,2496
sweep,3713
sweep,2643
sweep,3381
sweep,1898
sweep,3561
sweep,3682
sweep,4336
sweep,3469
sweep,3091
sweep,3204
sweep,2947
sweep,3346
sweep,2877
sweep,3423
sweep,2786
sweep,3131
sweep,2695
sweep,2864
sweep,3896
sweep,2754
sweep,2719
sweep,3091
sweep,2824
sweep,3434
sweep,2770
sweep,2550
sweep,2595
sweep,3667
sweep,4111
sweep,3993
sweep,4141
sweep,5926
sweep,8342
sweep,6443
sweep,8592
sweep,8305
sweep,8740
sweep,7473
sweep,7022
sweep,7027
sweep,924
mark,1036407
sweep,4713
sweep,4234
sweep,3910
sweep,3885
sweep,3867
sweep,4219
sweep,3909
sweep,3224
sweep,2803
sweep,3383
sweep,3154
sweep,2718
sweep,2723
sweep,3362
sweep,2829
sweep,2691
sweep,3452
sweep,3089
sweep,2998
sweep,3553
sweep,2346
sweep,2444
sweep,3983
sweep,2341
sweep,3136
sweep,2256
sweep,3535
sweep,3689
sweep,4314
sweep,3442
sweep,3259
sweep,2989
sweep,3142
sweep,2972
sweep,2790
sweep,3222
sweep,3154
sweep,3110
sweep,2762
sweep,2783
sweep,3930
sweep,2687
sweep,2954
sweep,3044
sweep,2969
sweep,3613
sweep,2645
sweep,2532
sweep,2444
sweep,5462
sweep,9434
sweep,8442
sweep,8791
sweep,8227
sweep,5931
sweep,6834
sweep,4267
sweep,4189
sweep,4673
sweep,5929
sweep,6062
sweep,6005
sweep,236
mark,1022877
sweep,4522
sweep,3919
sweep,3925
sweep,4297
sweep,3876
sweep,4028
sweep,3471
sweep,3055
sweep,2842
sweep,3358
sweep,3113
sweep,2852
sweep,2652
sweep,2800
sweep,3071
sweep,2715
sweep,3199
sweep,2863
sweep,3080
sweep,3702
sweep,2281
sweep,2440
sweep,3816
sweep,2620
sweep,3126
sweep,2103
sweep,3526
sweep,3646
sweep,4336
sweep,3271
sweep,3151
sweep,2974
sweep,2967
sweep,3237
sweep,2792
sweep,3701
sweep,2906
sweep,3088
sweep,2526
sweep,2765
sweep,3673
sweep,2721
sweep,2902
sweep,3215
sweep,2722
sweep,3509
sweep,2883
sweep,2381
sweep,2455
sweep,3580
sweep,4215
sweep,4263
sweep,4026
sweep,5803
sweep,8210
sweep,6129
sweep,8405
sweep,8370
sweep,8294
sweep,7160
sweep,7124
sweep,7081
sweep,786
mark,1036959
sweep,4812
sweep,4129
sweep,3848
sweep,4175
sweep,3892
sweep,4195
sweep,3824
sweep,3018
sweep,2882
sweep,3659
sweep,2923
sweep,3055
sweep,3020
sweep,2731
sweep,2639
sweep,2686
sweep,3587
sweep,2903
sweep,2912
sweep,3349
sweep,2422
sweep,2369
sweep,4362
sweep,2420
sweep,3186
sweep,1834
sweep,3535
sweep,3700
sweep,4452
sweep,3280
sweep,3518
sweep,3034
sweep,3162
sweep,3038
sweep,2800
sweep,3426
sweep,2693
sweep,3166
sweep,2685
sweep,2666
sweep,3769
sweep,2665
sweep,2858
sweep,3165
sweep,2766
sweep,3928
sweep,2781
sweep,2476
sweep,2425
sweep,5488
sweep,9055
sweep,8466
sweep,8231
sweep,8145
sweep,5745
sweep,6769
sweep,3936
sweep,4427
sweep,4861
sweep,6203
sweep,5637
sweep,5995
sweep,253
mark,1026060
sweep,5024
sweep,4072
sweep,4463
sweep,4083
sweep,3526
sweep,4257
sweep,3907
sweep,3070
sweep,3133
sweep,3173
sweep,3072
sweep,2773
sweep,2737
sweep,2795
sweep,2619
sweep,2800
sweep,3166
sweep,2887
sweep,3181
sweep,3544
sweep,2284
sweep,2465
sweep,3831
sweep,2437
sweep,3344
sweep,2212
sweep,3493
sweep,3875
sweep,4002
sweep,3502
sweep,3283
sweep,2880
sweep,2823
sweep,3324
sweep,2916
sweep,3162
sweep,2980
sweep,3048
sweep,2537
sweep,2743
sweep,3945
sweep,2878
sweep,2959
sweep,3301
sweep,3150
sweep,3516
sweep,2845
sweep,2475
sweep,2595
sweep,3471
sweep,4311
sweep,4341
sweep,4146
sweep,5867
sweep,8059
sweep,6455
sweep,8370
sweep,8424
sweep,8534
sweep,7319
sweep,7278
sweep,7172
sweep,821
mark,1034630
sweep,4604
sweep,3943
sweep,4053
sweep,4079
sweep,3813
sweep,4299
sweep,3934
sweep,3373
sweep,2927
sweep,3394
sweep,2948
sweep,2743
sweep,2899
sweep,3191
sweep,3096
sweep,2700
sweep,3556
sweep,2847
sweep,3108
sweep,3692
sweep,2285
sweep,2401
sweep,3814
sweep,2560
sweep,3093
sweep,2214
sweep,3704
sweep,3904
sweep,4578
sweep,3828
sweep,3236
sweep,2926
sweep,2947
sweep,3343
sweep,2802
sweep,3251
sweep,2742
sweep,3110
sweep,2443
sweep,2881
sweep,3924
sweep,2636
sweep,2930
sweep,3078
sweep,2984
sweep,3686
sweep,2716
sweep,2734
sweep,2471
sweep,5356
sweep,8514
sweep,8357
sweep,8783
sweep,7807
sweep,6032
sweep,6805
sweep,4026
sweep,4298
sweep,4943
sweep,6131
sweep,5910
sweep,5782
sweep,224
mark,1073894
sweep,4663
sweep,4235
sweep,4358
sweep,4354
sweep,3784
sweep,4051
sweep,3557
sweep,3399
sweep,3189
sweep,3667
sweep,3040
sweep,2973
sweep,2797
sweep,2983
sweep,2560
sweep,2752
sweep,3252
sweep,3079
sweep,3617
sweep,3568
sweep,2503
sweep,2430
sweep,4160
sweep,2419
sweep,3458
sweep,2140
sweep,3304
sweep,3623
sweep,4234
sweep,3470
sweep,3095
sweep,3038
sweep,2988
sweep,3257
sweep,2815
sweep,3463
sweep,3140
sweep,3088
sweep,2573
sweep,3138
sweep,3716
sweep,2767
sweep,2686
sweep,3029
sweep,2975
sweep,3378
sweep,2764
sweep,2433
sweep,2509
sweep,3648
sweep,4110
sweep,4049
sweep,4136
sweep,5986
sweep,8184
sweep,6215
sweep,8405
sweep,8579
sweep,8496
sweep,8160
sweep,7529
sweep,7475
sweep,833
mark,1074324
sweep,4956
sweep,4059
sweep,3975
sweep,3927
sweep,3796
sweep,4164
sweep,3669
sweep,3193
sweep,2865
sweep,3341
sweep,3084
sweep,2756
sweep,2757
sweep,2942
sweep,3076
sweep,2775
sweep,3179
sweep,2982
sweep,3351
sweep,3260
sweep,2304
sweep,2521
sweep,3869
sweep,2671
sweep,3169
sweep,2185
sweep,3802
sweep,3681
sweep,4675
sweep,3481
sweep,3379
sweep,3031
sweep,3425
sweep,3188
sweep,3008
sweep,3349
sweep,2976
sweep,3229
sweep,3053
sweep,2631
sweep,3949
sweep,3145
sweep,3028
sweep,3464
sweep,2774
sweep,3354
sweep,2703
sweep,2686
sweep,2676
sweep,5594
sweep,8936
sweep,8188
sweep,8530
sweep,8236
sweep,6203
sweep,7556
sweep,3983
sweep,4286
sweep,4727
sweep,6298
sweep,5674
sweep,5896
sweep,228
mark,1033755
sweep,4664
sweep,4079
sweep,4101
sweep,3991
sweep,3560
sweep,4168
sweep,3576
sweep,3347
sweep,2804
sweep,3088
sweep,3016
sweep,2776
sweep,2661
sweep,2990
sweep,2552
sweep,2787
sweep,3466
sweep,3157
sweep,2898
sweep,3582
sweep,2654
sweep,2460
sweep,3809
sweep,2682
sweep,3037
sweep,2475
sweep,3309
sweep,3597
sweep,4398
sweep,3437
sweep,3536
sweep,2873
sweep,2944
sweep,3127
sweep,2862
sweep,3182
sweep,2938
sweep,3218
sweep,2623
sweep,2951
sweep,3533
sweep,3232
sweep,2808
sweep,2949
sweep,2911
sweep,3515
sweep,2980
sweep,2509
sweep,2382
sweep,3781
sweep,4005
sweep,4045
sweep,4342
sweep,5706
sweep,8563
sweep,6433
sweep,8363
sweep,8324
sweep,8383
sweep,7438
sweep,7487
sweep,7132
sweep,920
mark,1039315
sweep,5162
sweep,3766
sweep,4254
sweep,3931
sweep,3780
sweep,4002
sweep,3753
sweep,3668
sweep,2978
sweep,3364
sweep,3103
sweep,2904
sweep,2933
sweep,2750
sweep,3009
sweep,2948
sweep,3282
sweep,2979
sweep,3055
sweep,3630
sweep,2331
sweep,2501
sweep,3747
sweep,2396
sweep,3442
sweep,2142
sweep,3505
sweep,3918
sweep,4750
sweep,3477
sweep,3152
sweep,2957
sweep,3369
sweep,3274
sweep,2871
sweep,3087
sweep,2799
sweep,3088
sweep,2747
sweep,2817
sweep,3863
sweep,2721
sweep,2731
sweep,2957
sweep,3035
sweep,3727
sweep,3225
sweep,2516
sweep,2764
sweep,5746
sweep,9032
sweep,9120
sweep,8727
sweep,7902
sweep,5890
sweep,7268
sweep,4317
sweep,4339
sweep,4870
sweep,6011
sweep,6021
sweep,6572
sweep,234
mark,1066752
sweep,4714
sweep,4178
sweep,3925
sweep,4208
sweep,3568
sweep,4216
sweep,3808
sweep,3227
sweep,2819
sweep,3232
sweep,3435
sweep,3165
sweep,2725
sweep,3407
sweep,2681
sweep,2695
sweep,3270
sweep,2967
sweep,3014
sweep,3459
sweep,2606
sweep,2520
sweep,3779
sweep,2313
sweep,3639
sweep,1929
sweep,3543
sweep,4239
sweep,4433
sweep,3287
sweep,3447
sweep,2987
sweep,2948
sweep,3447
sweep,2988
sweep,3146
sweep,2691
sweep,3072
sweep,2681
sweep,3083
sweep,4091
sweep,2715
sweep,2746
sweep,3222
sweep,2852
sweep,3611
sweep,2744
sweep,2485
sweep,2739
sweep,3561
sweep,4336
sweep,4367
sweep,4417
sweep,6292
sweep,8278
sweep,6208
sweep,9279
sweep,8231
sweep,8701
sweep,7651
sweep,7273
sweep,7148
sweep,834
mark,1047362
sweep,4850
sweep,4271
sweep,4216
sweep,4192
sweep,4050
sweep,4169
sweep,4005
sweep,3105
sweep,3048
sweep,3311
sweep,3218
sweep,3121
sweep,3032
sweep,3271
sweep,2547
sweep,2802
sweep,3322
sweep,2988
sweep,3397
sweep,3641
sweep,2418
sweep,2452
sweep,3791
sweep,2385
sweep,3834
sweep,1900
sweep,3564
sweep,3934
sweep,4395
sweep,3542
sweep,3239
sweep,3235
sweep,3201
sweep,3047
sweep,2786
sweep,3031
sweep,2745
sweep,3062
sweep,2759
sweep,2661
sweep,3729
sweep,2856
sweep,2995
sweep,2978
sweep,3022
sweep,3477
sweep,2737
sweep,2973
sweep,2531
sweep,5394
sweep,8116
sweep,8747
sweep,8637
sweep,7835
sweep,5897
sweep,7121
sweep,3954
sweep,4289
sweep,4792
sweep,6140
sweep,5621
sweep,6091
sweep,241
mark,1022612
sweep,4597
sweep,4064
sweep,4242
sweep,3917
sweep,3986
sweep,4249
sweep,3642
sweep,3006
sweep,3098
sweep,2987
sweep,3285
sweep,2788
sweep,2795
sweep,3155
sweep,2775
sweep,2726
sweep,3163
sweep,3002
sweep,3222
sweep,3398
sweep,2361
sweep,2619
sweep,3794
sweep,2400
sweep,3236
sweep,2209
sweep,3474
sweep,3627
sweep,4182
sweep,3285
sweep,3045
sweep,3140
sweep,3371
sweep,3052
sweep,2839
sweep,3791
sweep,2772
sweep,3038
sweep,2668
sweep,2990
sweep,3831
sweep,2784
sweep,2906
sweep,3203
sweep,2840
sweep,3682
sweep,2798
sweep,2514
sweep,2523
sweep,3558
sweep,3864
sweep,4054
sweep,4169
sweep,5658
sweep,8103
sweep,6543
sweep,8767
sweep,8522
sweep,8576
sweep,7927
sweep,7405
sweep,7559
sweep,786
mark,1033208
sweep,4689
sweep,4189
sweep,4100
sweep,4135
sweep,3732
sweep,4233
sweep,3697
sweep,3143
sweep,3007
sweep,3462
sweep,3230
sweep,2915
sweep,2954
sweep,2740
sweep,2587
sweep,2645
sweep,3448
sweep,2918
sweep,3319
sweep,3469
sweep,2629
sweep,2568
sweep,3667
sweep,2464
sweep,6713
sweep,1895
sweep,3391
sweep,3600
sweep,4250
sweep,3815
sweep,3515
sweep,3061
sweep,2980
sweep,3034
sweep,2803
sweep,3490
sweep,2700
sweep,3334
sweep,2476
sweep,2917
sweep,3713
sweep,2707
sweep,2967
sweep,2940
sweep,2942
sweep,3694
sweep,2599
sweep,2500
sweep,2581
sweep,5763
sweep,8870
sweep,8530
sweep,13529
sweep,8459
sweep,5720
sweep,7330
sweep,4193
sweep,4439
sweep,4318
sweep,5688
sweep,6022
sweep,6100
sweep,235
mark,1025203
sweep,4786
sweep,4078
sweep,4183
sweep,4231
sweep,3754
sweep,4278
sweep,3700
sweep,3435
sweep,2858
sweep,3174
sweep,3245
sweep,3051
sweep,2815
sweep,2783
sweep,2889
sweep,2922
sweep,3524
sweep,2914
sweep,3103
sweep,3556
sweep,2497
sweep,2793
sweep,4072
sweep,2446
sweep,3051
sweep,1895
sweep,3244
sweep,3913
sweep,4694
sweep,3611
sweep,3363
sweep,3276
sweep,2943
sweep,3110
sweep,2714
sweep,3197
sweep,3115
sweep,3370
sweep,2495
sweep,2771
sweep,3849
sweep,3313
sweep,2730
sweep,3470
sweep,2867
sweep,3640
sweep,3152
sweep,2724
sweep,2485
sweep,3577
sweep,3988
sweep,4149
sweep,4138
sweep,6483
sweep,7947
sweep,6009
sweep,8497
sweep,8582
sweep,8550
sweep,7097
sweep,7397
sweep,7341
sweep,799
mark,1034624
sweep,4736
sweep,3873
sweep,3910
sweep,4240
sweep,3800
sweep,4054
sweep,3575
sweep,3172
sweep,3075
sweep,3334
sweep,3007
sweep,3023
sweep,2995
sweep,3005
sweep,2625
sweep,2829
sweep,3800
sweep,2919
sweep,3135
sweep,3417
sweep,2322
sweep,2537
sweep,3673
sweep,2581
sweep,3694
sweep,2161
sweep,3607
sweep,3806
sweep,4303
sweep,3934
sweep,3234
sweep,3500
sweep,3416
sweep,3107
sweep,3046
sweep,3418
sweep,3012
sweep,3434
sweep,2684
sweep,2635
sweep,3854
sweep,2908
sweep,2704
sweep,3187
sweep,2877
sweep,3543
sweep,2645
sweep,2509
sweep,2496
sweep,5677
sweep,9320
sweep,8655
sweep,8406
sweep,8015
sweep,5730
sweep,7111
sweep,4031
sweep,4444
sweep,4839
sweep,6317
sweep,5673
sweep,5827
sweep,224
mark,1028752
sweep,5061
sweep,3726
sweep,3835
sweep,4304
sweep,3674
sweep,4110
sweep,3534
sweep,3205
sweep,2792
sweep,3242
sweep,3083
sweep,3204
sweep,2621
sweep,2971
sweep,2955
sweep,2743
sweep,3510
sweep,3245
sweep,3015
sweep,3399
sweep,2626
sweep,2468
sweep,3754
sweep,2474
sweep,3289
sweep,1952
sweep,3328
sweep,3834
sweep,4215
sweep,3732
sweep,3188
sweep,3401
sweep,2956
sweep,2951
sweep,2843
sweep,3464
sweep,3017
sweep,2995
sweep,2506
sweep,3168
sweep,3911
sweep,2856
sweep,2985
sweep,3091
sweep,2945
sweep,3319
sweep,2810
sweep,2688
sweep,2789
sweep,3529
sweep,4421
sweep,4236
sweep,4404
sweep,5790
sweep,7880
sweep,5785
sweep,9293
sweep,7972
sweep,8391
sweep,8426
sweep,7607
sweep,7687
sweep,825
mark,1028286
sweep,4541
sweep,3972
sweep,3939
sweep,4264
sweep,3867
sweep,4356
sweep,3580
sweep,3633
sweep,2798
sweep,3494
sweep,3233
sweep,2736
sweep,2976
sweep,3067
sweep,2824
sweep,2976
sweep,3278
sweep,2945
sweep,3312
sweep,3334
sweep,2425
sweep,2579
sweep,3715
sweep,2494
sweep,3348
sweep,2459
sweep,3303
sweep,3901
sweep,4260
sweep,3574
sweep,2990
sweep,3173
sweep,2963
sweep,3006
sweep,2777
sweep,3012
sweep,2788
sweep,3136
sweep,2506
sweep,2595
sweep,3719
sweep,2674
sweep,2886
sweep,2942
sweep,2928
sweep,3348
sweep,2790
sweep,2525
sweep,2604
sweep,6021
sweep,8633
sweep,8394
sweep,8568
sweep,8142
sweep,6631
sweep,7586
sweep,4078
sweep,4316
sweep,4683
sweep,5916
sweep,5550
sweep,5832
sweep,245
mark,1043120
sweep,4533
sweep,4151
sweep,4155
sweep,4017
sweep,3927
sweep,3966
sweep,3665
sweep,3486
sweep,2819
sweep,3150
sweep,3250
sweep,2937
sweep,2669
sweep,2751
sweep,2887
sweep,2607
sweep,3528
sweep,3176
sweep,3072
sweep,4105
sweep,2591
sweep,2547
sweep,4004
sweep,2409
sweep,3177
sweep,2146
sweep,3388
sweep,3944
sweep,4543
sweep,3480
sweep,3372
sweep,3337
sweep,2991
sweep,3080
sweep,3059
sweep,3298
sweep,2852
sweep,3075
sweep,2780
sweep,2834
sweep,3760
sweep,2868
sweep,2687
sweep,3246
sweep,2729
sweep,3437
sweep,2767
sweep,2465
sweep,2413
sweep,3807
sweep,4379
sweep,4040
sweep,4083
sweep,5900
sweep,7699
sweep,5850
sweep,9139
sweep,8060
sweep,8373
sweep,8203
sweep,7340
sweep,7760
sweep,824
mark,1024148
sweep,4629
sweep,3836
sweep,4139
sweep,4328
sweep,3611
sweep,4127
sweep,3648
sweep,3317
sweep,3062
sweep,3720
sweep,3208
sweep,2732
sweep,2658
sweep,3210
sweep,2575
sweep,3022
sweep,3607
sweep,2977
sweep,3387
sweep,3558
sweep,2687
sweep,2688
sweep,3842
sweep,2568
sweep,3523
sweep,2006
sweep,3627
sweep,3948
sweep,4508
sweep,3415
sweep,3309
sweep,3023
sweep,2965
sweep,2977
sweep,2909
sweep,3452
sweep,2955
sweep,3245
sweep,2769
sweep,2677
sweep,4092
sweep,2859
sweep,2941
sweep,2858
sweep,2958
sweep,3702
sweep,2839
sweep,2539
sweep,2571
sweep,5357
sweep,8861
sweep,8678
sweep,8660
sweep,7734
sweep,6138
sweep,7050
sweep,4311
sweep,4681
sweep,4576
sweep,5846
sweep,5677
sweep,5642
sweep,224
mark,1026466
sweep,4474
sweep,3863
sweep,4266
sweep,4071
sweep,3808
sweep,4432
sweep,3661
sweep,3437
sweep,2820
sweep,3138
sweep,3121
sweep,2917
sweep,3090
sweep,2863
sweep,2951
sweep,2696
sweep,3451
sweep,3359
sweep,2932
sweep,3570
sweep,2267
sweep,2561
sweep,3800
sweep,2274
sweep,3299
sweep,2336
sweep,3391
sweep,3921
sweep,4650
sweep,3894
sweep,3394
sweep,2928
sweep,3168
sweep,3237
sweep,3097
sweep,3261
sweep,2797
sweep,3273
sweep,2548
sweep,2574
sweep,4476
sweep,2782
sweep,2979
sweep,3072
sweep,3140
sweep,3709
sweep,2810
sweep,2420
sweep,2467
sweep,3543
sweep,4143
sweep,4416
sweep,4421
sweep,6314
sweep,7870
sweep,5988
sweep,8409
sweep,8508
sweep,8479
sweep,8361
sweep,7331
sweep,7457
sweep,832
mark,1035502
sweep,4624
sweep,4384
sweep,4068
sweep,4061
sweep,3969
sweep,4154
sweep,3707
sweep,3169
sweep,3166
sweep,3354
sweep,3129
sweep,3122
sweep,2835
sweep,2751
sweep,2597
sweep,2817
sweep,3520
sweep,2967
sweep,3033
sweep,3643
sweep,2256
sweep,2731
sweep,3941
sweep,2366
sweep,3269
sweep,2255
sweep,3713
sweep,3665
sweep,4618
sweep,3346
sweep,3110
sweep,3266
sweep,2937
sweep,3076
sweep,2952
sweep,3356
sweep,2774
sweep,3099
sweep,2671
sweep,2803
sweep,3917
sweep,2926
sweep,2846
sweep,2959
sweep,3194
sweep,3920
sweep,2834
sweep,2628
sweep,2545
sweep,5997
sweep,9272
sweep,8535
sweep,8916
sweep,8291
sweep,6225
sweep,7292
sweep,4008
sweep,4366
sweep,4860
sweep,5974
sweep,6056
sweep,5794
sweep,227
mark,1033528
sweep,5023
sweep,3895
sweep,4426
sweep,4064
sweep,3516
sweep,4176
sweep,3584
sweep,2906
sweep,2812
sweep,3444
sweep,3292
sweep,3115
sweep,2942
sweep,2887
sweep,2594
sweep,2784
sweep,3495
sweep,3304
sweep,3155
sweep,3242
sweep,2371
sweep,2544
sweep,3871
sweep,2582
sweep,3033
sweep,1917
sweep,3368
sweep,3959
sweep,4783
sweep,3575
sweep,3128
sweep,3157
sweep,2966
sweep,3194
sweep,2886
sweep,3168
sweep,3012
sweep,2975
sweep,2445
sweep,2807
sweep,3485
sweep,2672
sweep,2669
sweep,3025
sweep,2700
sweep,3733
sweep,2702
sweep,2625
sweep,2407
sweep,3630
sweep,4021
sweep,4245
sweep,4109
sweep,5690
sweep,7754
sweep,5902
sweep,8865
sweep,8117
sweep,8237
sweep,7538
sweep,7137
sweep,7650
sweep,833
mark,1029039
sweep,4582
sweep,4001
sweep,3961
sweep,4119
sweep,3872
sweep,4348
sweep,4101
sweep,3397
sweep,2862
sweep,3183
sweep,3295
sweep,2764
sweep,2925
sweep,2937
sweep,3140
sweep,3059
sweep,3330
sweep,3017
sweep,3101
sweep,3726
sweep,2562
sweep,2684
sweep,4033
sweep,2414
sweep,3074
sweep,1942
sweep,3423
sweep,3727
sweep,4552
sweep,3371
sweep,3166
sweep,2953
sweep,2952
sweep,3335
sweep,2730
sweep,3126
sweep,2697
sweep,3626
sweep,2840
sweep,2760
sweep,3909
sweep,2693
sweep,2714
sweep,3113
sweep,2803
sweep,3710
sweep,2786
sweep,2483
sweep,2438
sweep,5648
sweep,8605
sweep,8412
sweep,8341
sweep,7810
sweep,5656
sweep,7433
sweep,4108
sweep,4147
sweep,4648
sweep,6182
sweep,5773
sweep,5895
sweep,264
mark,1028294
sweep,4704
sweep,4289
sweep,4076
sweep,4080
sweep,3587
sweep,4400
sweep,3661
sweep,3080
sweep,2774
sweep,3120
sweep,3152
sweep,3053
sweep,2977
sweep,2805
sweep,2650
sweep,2602
sweep,3399
sweep,2967
sweep,3055
sweep,3379
sweep,2405
sweep,2506
sweep,3745
sweep,2449
sweep,3635
sweep,1894
sweep,3347
sweep,3702
sweep,4171
sweep,3333
sweep,3370
sweep,3219
sweep,2875
sweep,3248
sweep,2812
sweep,3490
sweep,2887
sweep,3350
sweep,2498
sweep,2681
sweep,3697
sweep,2682
sweep,2776
sweep,2966
sweep,2798
sweep,3375
sweep,2716
sweep,2549
sweep,2398
sweep,3815
sweep,4021
sweep,3965
sweep,4234
sweep,5836
sweep,8341
sweep,6548
sweep,8303
sweep,8364
sweep,8505
sweep,7436
sweep,7069
sweep,7091
sweep,921
mark,1031426
sweep,4617
sweep,4007
sweep,3928
sweep,4008
sweep,3666
sweep,4195
sweep,3716
sweep,3252
sweep,2828
sweep,3282
sweep,3104
sweep,2704
sweep,2662
sweep,2782
sweep,2815
sweep,2965
sweep,3509
sweep,2935
sweep,3102
sweep,3969
sweep,2249
sweep,2630
sweep,3780
sweep,2471
sweep,3284
sweep,1844
sweep,3476
sweep,3868
sweep,4226
sweep,3862
sweep,3267
sweep,2945
sweep,2815
sweep,3126
sweep,3004
sweep,3022
sweep,2782
sweep,2973
sweep,2720
sweep,2667
sweep,3608
sweep,2734
sweep,2895
sweep,2957
sweep,2791
sweep,3490
sweep,2658
sweep,2402
sweep,2522
sweep,5921
sweep,9004
sweep,8081
sweep,8491
sweep,8418
sweep,6339
sweep,7381
sweep,4383
sweep,4432
sweep,5011
sweep,6317
sweep,5569
sweep,5985
sweep,220
mark,1035370
sweep,4520
sweep,4324
sweep,4368
sweep,4242
sweep,3692
sweep,4162
sweep,3610
sweep,3104
sweep,3116
sweep,3087
sweep,2973
sweep,3391
sweep,2998
sweep,2886
sweep,2745
sweep,2951
sweep,3261
sweep,2970
sweep,3091
sweep,3570
sweep,2285
sweep,2568
sweep,3808
sweep,2445
sweep,3069
sweep,1880
sweep,3349
sweep,3935
sweep,4219
sweep,3320
sweep,3059
sweep,2994
sweep,2979
sweep,2966
sweep,2813
sweep,3480
sweep,2727
sweep,3167
sweep,2614
sweep,2800
sweep,3909
sweep,2945
sweep,2822
sweep,3094
sweep,3166
sweep,3417
sweep,2910
sweep,2476
sweep,2712
sweep,3427
sweep,3996
sweep,4121
sweep,4104
sweep,5962
sweep,7939
sweep,6181
sweep,8412
sweep,8150
sweep,8330
sweep,7445
sweep,7719
sweep,6953
sweep,826
mark,1037792
sweep,5059
sweep,3858
sweep,3876
sweep,3959
sweep,3527
sweep,4308
sweep,3577
sweep,3404
sweep,3079
sweep,3469
sweep,3022
sweep,3038
sweep,2805
sweep,3493
sweep,2560
sweep,3033
sweep,3498
sweep,2852
sweep,3020
sweep,3564
sweep,2419
sweep,2484
sweep,3818
sweep,2618
sweep,3585
sweep,2404
sweep,3742
sweep,3784
sweep,4441
sweep,3783
sweep,2964
sweep,2951
sweep,3029
sweep,3037
sweep,2906
sweep,3417
sweep,2732
sweep,3264
sweep,2451
sweep,2973
sweep,3933
sweep,2713
sweep,3063
sweep,2856
sweep,3293
sweep,3415
sweep,2729
sweep,2604
sweep,2691
sweep,5398
sweep,8907
sweep,8882
sweep,8815
sweep,7864
sweep,6213
sweep,7471
sweep,4193
sweep,4255
sweep,4935
sweep,6194
sweep,5864
sweep,5857
sweep,226
mark,1025854
sweep,4935
sweep,3770
sweep,4156
sweep,4073
sweep,3967
sweep,4244
sweep,3595
sweep,3182
sweep,2769
sweep,3261
sweep,3333
sweep,3236
sweep,2703
sweep,2896
sweep,2653
sweep,3120
sweep,3483
sweep,2997
sweep,3019
sweep,3326
sweep,2288
sweep,2413
sweep,3709
sweep,2469
sweep,3119
sweep,1815
sweep,3489
sweep,3784
sweep,4128
sweep,3355
sweep,3479
sweep,3074
sweep,2933
sweep,3048
sweep,3048
sweep,3261
sweep,2910
sweep,2972
sweep,2558
sweep,2744
sweep,3742
sweep,2608
sweep,2758
sweep,3016
sweep,3355
sweep,3431
sweep,2944
sweep,2799
sweep,2719
sweep,3755
sweep,4009
sweep,3968
sweep,4650
sweep,5661
sweep,7606
sweep,5756
sweep,9318
sweep,8252
sweep,8462
sweep,7527
sweep,7161
sweep,7298
sweep,802
mark,1060659
sweep,4882
sweep,4527
sweep,4119
sweep,4062
sweep,3752
sweep,4375
sweep,3623
sweep,3423
sweep,3139
sweep,3181
sweep,3002
sweep,2885
sweep,2731
sweep,2990
sweep,2996
sweep,2693
sweep,3245
sweep,2850
sweep,3017
sweep,3554
sweep,2366
sweep,2525
sweep,3717
sweep,2425
sweep,3195
sweep,2105
sweep,3521
sweep,3718
sweep,4274
sweep,3773
sweep,3182
sweep,3039
sweep,3098
sweep,2886
sweep,2836
sweep,3017
sweep,2840
sweep,3324
sweep,2609
sweep,3180
sweep,3816
sweep,2682
sweep,2953
sweep,2914
sweep,3061
sweep,3381
sweep,2735
sweep,2444
sweep,2779
sweep,5326
sweep,8716
sweep,8413
sweep,8708
sweep,8354
sweep,6341
sweep,7445
sweep,4169
sweep,4255
sweep,4990
sweep,6283
sweep,5740
sweep,5870
sweep,237
mark,1031173
sweep,4588
sweep,4028
sweep,4004
sweep,4285
sweep,3812
sweep,4559
sweep,3464
sweep,3320
sweep,2801
sweep,3072
sweep,3123
sweep,3097
sweep,3016
sweep,3398
sweep,2710
sweep,2641
sweep,3334
sweep,3262
sweep,3043
sweep,3697
sweep,2330
sweep,2541
sweep,3918
sweep,2342
sweep,3679
sweep,1875
sweep,3425
sweep,3900
sweep,4211
sweep,3294
sweep,3154
sweep,3046
sweep,3446
sweep,2981
sweep,3260
sweep,3404
sweep,2742
sweep,3260
sweep,2712
sweep,2663
sweep,3777
sweep,2981
sweep,2653
sweep,2887
sweep,3188
sweep,3640
sweep,2890
sweep,2595
sweep,2482
sweep,3516
sweep,3720
sweep,3981
sweep,4321
sweep,5732
sweep,8439
sweep,6115
sweep,8689
sweep,8743
sweep,8328
sweep,7355
sweep,7147
sweep,7326
sweep,838
mark,1034471
sweep,4773
sweep,3861
sweep,4239
sweep,4210
sweep,3860
sweep,3947
sweep,3917
sweep,3067
sweep,2874
sweep,3501
sweep,3047
sweep,2960
sweep,3057
sweep,2808
sweep,2926
sweep,2817
sweep,3234
sweep,2916
sweep,3076
sweep,3783
sweep,2327
sweep,2445
sweep,3647
sweep,2454
sweep,3264
sweep,1894
sweep,3315
sweep,4135
sweep,4629
sweep,3256
sweep,3243
sweep,2900
sweep,3032
sweep,3116
sweep,2821
sweep,3308
sweep,2703
sweep,3115
sweep,2739
sweep,2831
sweep,3904
sweep,2595
sweep,2699
sweep,3462
sweep,2897
sweep,3751
sweep,2771
sweep,2716
sweep,2696
sweep,5365
sweep,8819
sweep,8554
sweep,8389
sweep,7915
sweep,6168
sweep,6914
sweep,3946
sweep,4467
sweep,4900
sweep,6283
sweep,5728
sweep,5715
sweep,243
mark,1035594
sweep,4631
sweep,3785
sweep,4337
sweep,4029
sweep,3856
sweep,4109
sweep,3804
sweep,3498
sweep,2752
sweep,3177
sweep,3321
sweep,2823
sweep,2781
sweep,3084
sweep,2662
sweep,3023
sweep,3173
sweep,2905
sweep,2979
sweep,3470
sweep,2291
sweep,2671
sweep,3941
sweep,2588
sweep,3414
sweep,1961
sweep,3492
sweep,3785
sweep,4184
sweep,3504
sweep,3263
sweep,2927
sweep,2871
sweep,3376
sweep,2850
sweep,3235
sweep,2839
sweep,3087
sweep,2816
sweep,2640
sweep,3754
sweep,3251
sweep,2723
sweep,2978
sweep,3374
sweep,3865
sweep,2727
sweep,2721
sweep,2686
sweep,3433
sweep,3810
sweep,4029
sweep,4210
sweep,5804
sweep,7949
sweep,6539
sweep,8607
sweep,8270
sweep,8539
sweep,7354
sweep,7023
sweep,7167
sweep,827
mark,1038588
sweep,4615
sweep,3839
sweep,4182
sweep,4028
sweep,3900
sweep,4262
sweep,3949
sweep,3238
sweep,2883
sweep,3377
sweep,3205
sweep,2738
sweep,2728
sweep,2952
sweep,2626
sweep,2741
sweep,3602
sweep,3012
sweep,3223
sweep,3335
sweep,2454
sweep,2448
sweep,3690
sweep,2300
sweep,3715
sweep,1929
sweep,3429
sweep,3616
sweep,4373
sweep,4157
sweep,3197
sweep,2945
sweep,2939
sweep,2973
sweep,2920
sweep,3098
sweep,2716
sweep,3054
sweep,2646
sweep,2994
sweep,3985
sweep,2765
sweep,2813
sweep,2764
sweep,3219
sweep,3743
sweep,2932
sweep,2490
sweep,2413
sweep,5395
sweep,8958
sweep,8600
sweep,8292
sweep,7814
sweep,5973
sweep,7321
sweep,4079
sweep,4355
sweep,4324
sweep,5627
sweep,5927
sweep,6063
sweep,223
mark,1036598
sweep,4577
sweep,4201
sweep,4142
sweep,4396
sweep,4012
sweep,4528
sweep,3510
sweep,3124
sweep,2802
sweep,3122
sweep,3231
sweep,2706
sweep,3179
sweep,2730
sweep,2682
sweep,2753
sweep,3550
sweep,2978
sweep,3281
sweep,3567
sweep,2353
sweep,3026
sweep,3994
sweep,2607
sweep,3051
sweep,1968
sweep,3706
sweep,3628
sweep,4185
sweep,3550
sweep,3151
sweep,2983
sweep,2905
sweep,2921
sweep,2840
sweep,3381
sweep,2720
sweep,3066
sweep,2663
sweep,2708
sweep,3686
sweep,3112
sweep,3015
sweep,3454
sweep,2834
sweep,3425
sweep,2931
sweep,2438
sweep,2689
sweep,3781
sweep,4008
sweep,3988
sweep,4282
sweep,5825
sweep,8730
sweep,6414
sweep,9141
sweep,8133
sweep,8967
sweep,7108
sweep,7699
sweep,7180
sweep,837
mark,1030255
sweep,4850
sweep,4139
sweep,3763
sweep,3996
sweep,3913
sweep,4147
sweep,3645
sweep,3310
sweep,3123
sweep,3237
sweep,3096
sweep,2908
sweep,2660
sweep,3302
sweep,2775
sweep,2911
sweep,3558
sweep,3104
sweep,3200
sweep,3336
sweep,2402
sweep,2398
sweep,3718
sweep,2347
sweep,3238
sweep,2218
sweep,3774
sweep,3970
sweep,4523
sweep,3604
sweep,3115
sweep,3190
sweep,2948
sweep,2918
sweep,2822
sweep,2973
sweep,2906
sweep,3019
sweep,2573
sweep,2576
sweep,3742
sweep,2903
sweep,2982
sweep,3036
sweep,3233
sweep,3884
sweep,2833
sweep,2653
sweep,2610
sweep,5510
sweep,8917
sweep,8900
sweep,9038
sweep,8455
sweep,5875
sweep,7124
sweep,4064
sweep,4359
sweep,4626
sweep,6186
sweep,5749
sweep,5912
sweep,230
mark,1025836
sweep,4934
sweep,4050
sweep,3962
sweep,4298
sweep,3788
sweep,4326
sweep,3688
sweep,3028
sweep,3108
sweep,3235
sweep,3102
sweep,2732
sweep,3112
sweep,3071
sweep,2548
sweep,2725
sweep,3632
sweep,2918
sweep,2976
sweep,3456
sweep,2398
sweep,2988
sweep,3758
sweep,2699
sweep,3096
sweep,1872
sweep,3372
sweep,3882
sweep,4091
sweep,3671
sweep,3140
sweep,3617
sweep,2930
sweep,2906
sweep,2961
sweep,3355
sweep,3010
sweep,3147
sweep,2738
sweep,2765
sweep,4119
sweep,3103
sweep,3073
sweep,3060
sweep,3104
sweep,3662
sweep,2710
sweep,2560
sweep,2393
sweep,3677
sweep,4240
sweep,4152
sweep,4356
sweep,5658
sweep,7749
sweep,5958
sweep,8905
sweep,7974
sweep,8210
sweep,8044
sweep,7359
sweep,7567
sweep,827
mark,1028524
sweep,4969
sweep,4079
sweep,3903
sweep,4322
sweep,3856
sweep,4334
sweep,3567
sweep,3079
sweep,3117
sweep,3178
sweep,3041
sweep,2984
sweep,2745
sweep,2947
sweep,3067
sweep,2663
sweep,3382
sweep,2945
sweep,2853
sweep,3387
sweep,2404
sweep,2425
sweep,4020
sweep,2327
sweep,3217
sweep,2021
sweep,3505
sweep,3861
sweep,4063
sweep,3433
sweep,3243
sweep,3308
sweep,2881
sweep,2996
sweep,2970
sweep,3226
sweep,2710
sweep,3423
sweep,2516
sweep,2783
sweep,4025
sweep,2603
sweep,2672
sweep,2946
sweep,2807
sweep,3468
sweep,2878
sweep,2455
sweep,2762
sweep,5533
sweep,8758
sweep,8874
sweep,8950
sweep,7980
sweep,5782
sweep,7620
sweep,4283
sweep,4224
sweep,4856
sweep,6163
sweep,6075
sweep,5805
sweep,223
mark,1027400
sweep,4562
sweep,4121
sweep,4251
sweep,4188
sweep,3981
sweep,4033
sweep,3628
sweep,3336
sweep,3133
sweep,3074
sweep,3306
sweep,2744
sweep,2722
sweep,2787
sweep,2636
sweep,2745
sweep,3502
sweep,2913
sweep,3004
sweep,3405
sweep,2486
sweep,2626
sweep,3682
sweep,2678
sweep,3067
sweep,2017
sweep,3460
sweep,3592
sweep,4311
sweep,3409
sweep,3471
sweep,3304
sweep,3634
sweep,3160
sweep,2922
sweep,3185
sweep,2726
sweep,3032
sweep,2871
sweep,3162
sweep,3739
sweep,2739
sweep,2688
sweep,2934
sweep,2770
sweep,3408
sweep,2793
sweep,2577
sweep,2618
sweep,3471
sweep,3849
sweep,4148
sweep,4126
sweep,5930
sweep,7797
sweep,6215
sweep,8380
sweep,8209
sweep,8333
sweep,7152
sweep,7024
sweep,7086
sweep,773
mark,1023415
sweep,4626
sweep,4139
sweep,4441
sweep,4031
sweep,3841
sweep,4120
sweep,3609
sweep,3341
sweep,3280
sweep,3581
sweep,3290
sweep,3003
sweep,2713
sweep,2884
sweep,2665
sweep,2671
sweep,3655
sweep,3244
sweep,3080
sweep,3534
sweep,2533
sweep,2433
sweep,3862
sweep,2410
sweep,3176
sweep,1915
sweep,3647
sweep,3630
sweep,4529
sweep,3831
sweep,2934
sweep,2896
sweep,2943
sweep,3162
sweep,2841
sweep,3406
sweep,2805
sweep,3347
sweep,2420
sweep,2955
sweep,3867
sweep,2758
sweep,2721
sweep,3028
sweep,2841
sweep,3392
sweep,3124
sweep,2585
sweep,2526
sweep,5377
sweep,8947
sweep,8521
sweep,8417
sweep,7856
sweep,5694
sweep,6982
sweep,3922
sweep,4605
sweep,4951
sweep,6279
sweep,5852
sweep,5803
sweep,233
mark,1038067
sweep,4638
sweep,3858
sweep,3973
sweep,4298
sweep,3679
sweep,4021
sweep,3669
sweep,3500
sweep,2951
sweep,3091
sweep,3352
sweep,3315
sweep,2690
sweep,3135
sweep,2608
sweep,2912
sweep,3285
sweep,3050
sweep,3188
sweep,3329
sweep,2431
sweep,2519
sweep,3689
sweep,2355
sweep,3143
sweep,1944
sweep,3640
sweep,3919
sweep,4303
sweep,3276
sweep,3122
sweep,3379
sweep,2881
sweep,3087
sweep,2813
sweep,3570
sweep,3039
sweep,3029
sweep,2560
sweep,2703
sweep,3790
sweep,2650
sweep,2676
sweep,3174
sweep,2827
sweep,3437
sweep,2739
sweep,2538
sweep,2667
sweep,3753
sweep,3989
sweep,3917
sweep,4117
sweep,5988
sweep,8002
sweep,6350
sweep,8523
sweep,8330
sweep,8541
sweep,7308
sweep,7550
sweep,7235
sweep,831
mark,1030489
sweep,5246
sweep,4057
sweep,4098
sweep,4098
sweep,3964
sweep,4407
sweep,3921
sweep,3213
sweep,2894
sweep,3554
sweep,3065
sweep,3128
sweep,2781
sweep,2929
sweep,2950
sweep,2760
sweep,3493
sweep,3033
sweep,3059
sweep,3415
sweep,2445
sweep,2481
sweep,3759
sweep,2357
sweep,3116
sweep,1946
sweep,3513
sweep,4119
sweep,4684
sweep,3479
sweep,3208
sweep,3046
sweep,2878
sweep,3358
sweep,3011
sweep,3215
sweep,2787
sweep,3466
sweep,2715
sweep,2677
sweep,3983
sweep,3002
sweep,2672
sweep,2844
sweep,3085
sweep,3458
sweep,2799
sweep,2719
sweep,2570
sweep,5356
sweep,8927
sweep,8238
sweep,8602
sweep,7946
sweep,6422
sweep,7105
sweep,4351
sweep,4438
sweep,4900
sweep,6271
sweep,5897
sweep,6457
sweep,230
mark,1027774
sweep,4883
sweep,3828
sweep,4068
sweep,4372
sweep,3909
sweep,3968
sweep,3524
sweep,3236
sweep,3095
sweep,3492
sweep,3280
sweep,2785
sweep,2783
sweep,2772
sweep,2555
sweep,3043
sweep,3215
sweep,3098
sweep,3216
sweep,3258
sweep,2410
sweep,2676
sweep,3721
sweep,2631
sweep,3157
sweep,2037
sweep,3366
sweep,3748
sweep,4377
sweep,3390
sweep,3659
sweep,3488
sweep,2938
sweep,3019
sweep,2770
sweep,3121
sweep,2831
sweep,3284
sweep,2866
sweep,2824
sweep,3772
sweep,2909
sweep,2599
sweep,2979
sweep,2893
sweep,3937
sweep,2901
sweep,2522
sweep,2485
sweep,3478
sweep,3790
sweep,4057
sweep,4052
sweep,5692
sweep,8578
sweep,6686
sweep,9110
sweep,8309
sweep,8965
sweep,7439
sweep,7626
sweep,7098
sweep,837
mark,1029871
sweep,5088
sweep,4143
sweep,4055
sweep,4299
sweep,3701
sweep,4089
sweep,3888
sweep,3197
sweep,2804
sweep,3566
sweep,3053
sweep,3039
sweep,2853
sweep,2986
sweep,2945
sweep,2663
sweep,3350
sweep,3141
sweep,3033
sweep,3520
sweep,2305
sweep,2665
sweep,3803
sweep,2375
sweep,3225
sweep,2128
sweep,3661
sweep,3658
sweep,4727
sweep,3628
sweep,3088
sweep,2948
sweep,3232
sweep,2923
sweep,2774
sweep,3397
sweep,3053
sweep,3141
sweep,2592
sweep,2855
sweep,4202
sweep,2618
sweep,3036
sweep,3396
sweep,2908
sweep,3614
sweep,2767
sweep,2634
sweep,2686
sweep,5694
sweep,8865
sweep,8509
sweep,8623
sweep,7774
sweep,6055
sweep,6878
sweep,4312
sweep,4249
sweep,4949
sweep,6120
sweep,5573
sweep,5949
sweep,240
mark,1021672
sweep,4749
sweep,4372
sweep,4010
sweep,4018
sweep,3547
sweep,4250
sweep,3487
sweep,3355
sweep,3005
sweep,3155
sweep,3061
sweep,3144
sweep,2610
sweep,2750
sweep,2638
sweep,2820
sweep,3392
sweep,3132
sweep,3028
sweep,3466
sweep,2356
sweep,2455
sweep,3929
sweep,2561
sweep,3026
sweep,1838
sweep,3516
sweep,3625
sweep,4340
sweep,3988
sweep,3328
sweep,3422
sweep,2952
sweep,3446
sweep,3316
sweep,3219
sweep,3136
sweep,3150
sweep,2886
sweep,2539
sweep,3673
sweep,2687
sweep,2817
sweep,3127
sweep,3078
sweep,3912
sweep,3105
sweep,2499
sweep,2665
sweep,3864
sweep,4019
sweep,3994
sweep,4445
sweep,5697
sweep,7652
sweep,5900
sweep,8681
sweep,9183
sweep,8391
sweep,7178
sweep,7066
sweep,7472
sweep,885
mark,1026681
sweep,4538
sweep,3907
sweep,3949
sweep,4214
sweep,3872
sweep,4174
sweep,3617
sweep,3101
sweep,3048
sweep,3360
sweep,3261
sweep,2696
sweep,2641
sweep,3227
sweep,2789
sweep,2698
sweep,3269
sweep,2891
sweep,3165
sweep,3551
sweep,2589
sweep,2376
sweep,3946
sweep,2336
sweep,3113
sweep,1955
sweep,3440
sweep,3586
sweep,4500
sweep,3434
sweep,3013
sweep,3046
sweep,3083
sweep,3014
sweep,2861
sweep,3293
sweep,2795
sweep,3250
sweep,2475
sweep,2716
sweep,3745
sweep,2946
sweep,3112
sweep,3248
sweep,2982
sweep,3744
sweep,2686
sweep,2562
sweep,2470
sweep,5790
sweep,8970
sweep,8897
sweep,8809
sweep,8071
sweep,5884
sweep,7197
sweep,4012
sweep,4225
sweep,4681
sweep,6293
sweep,5892
sweep,6024
sweep,291
mark,1027144
sweep,4809
sweep,4081
sweep,3840
sweep,3949
sweep,3619
sweep,4151
sweep,3807
sweep,3145
sweep,2773
sweep,3489
sweep,3093
sweep,3288
sweep,2961
sweep,2766
sweep,2738
sweep,2683
sweep,3372
sweep,3184
sweep,2945
sweep,3386
sweep,2319
sweep,2444
sweep,3950
sweep,2418
sweep,3677
sweep,1896
sweep,3437
sweep,3828
sweep,4261
sweep,3594
sweep,3086
sweep,3075
sweep,3095
sweep,3454
sweep,2777
sweep,3303
sweep,2812
sweep,3015
sweep,2578
sweep,2736
sweep,3787
sweep,2691
sweep,2798
sweep,3025
sweep,3070
sweep,3456
sweep,2652
sweep,2573
sweep,2482
sweep,3661
sweep,4223
sweep,3998
sweep,4058
sweep,5900
sweep,7906
sweep,6477
sweep,8759
sweep,8442
sweep,8686
sweep,8195
sweep,7580
sweep,7647
sweep,845
mark,1035455
sweep,4823
sweep,4319
sweep,4430
sweep,4244
sweep,3767
sweep,4072
sweep,3710
sweep,3071
sweep,2868
sweep,3146
sweep,3068
sweep,2787
sweep,2894
sweep,2703
sweep,3004
sweep,2815
sweep,3500
sweep,2861
sweep,3361
sweep,3484
sweep,2497
sweep,2372
sweep,3856
sweep,2525
sweep,3210
sweep,1822
sweep,3699
sweep,4176
sweep,4405
sweep,3762
sweep,3083
sweep,3109
sweep,2952
sweep,2967
sweep,2808
sweep,3127
sweep,2742
sweep,3240
sweep,2539
sweep,2714
sweep,4074
sweep,2667
sweep,2977
sweep,3295
sweep,3012
sweep,3839
sweep,2786
sweep,2628
sweep,2440
sweep,5440
sweep,8743
sweep,8717
sweep,8696
sweep,7737
sweep,5908
sweep,7120
sweep,3900
sweep,4494
sweep,4963
sweep,6236
sweep,5720
sweep,5815
sweep,216
mark,1029627
sweep,4776
sweep,4139
sweep,3861
sweep,4328
sweep,3679
sweep,4258
sweep,3755
sweep,3370
sweep,2898
sweep,3047
sweep,3135
sweep,3077
sweep,2672
sweep,2738
sweep,2810
sweep,2814
sweep,3252
sweep,2895
sweep,3655
sweep,3359
sweep,2685
sweep,2885
sweep,3702
sweep,2406
sweep,3120
sweep,1885
sweep,3830
sweep,3676
sweep,4583
sweep,3447
sweep,3169
sweep,3473
sweep,2864
sweep,3177
sweep,3009
sweep,3204
sweep,2991
sweep,3144
sweep,2598
sweep,2767
sweep,3844
sweep,3003
sweep,2701
sweep,3311
sweep,2759
sweep,3486
sweep,2940
sweep,2436
sweep,2538
sweep,3626
sweep,4056
sweep,4009
sweep,4317
sweep,5507
sweep,8495
sweep,6491
sweep,8770
sweep,8631
sweep,8456
sweep,8287
sweep,7474
sweep,7078
sweep,878
mark,1059966
sweep,4725
sweep,3955
sweep,3894
sweep,4035
sweep,3552
sweep,4254
sweep,4009
sweep,3447
sweep,2954
sweep,3476
sweep,2984
sweep,3044
sweep,3032
sweep,3021
sweep,2651
sweep,3031
sweep,3359
sweep,3060
sweep,3136
sweep,3688
sweep,2318
sweep,2463
sweep,3638
sweep,2363
sweep,3371
sweep,1875
sweep,3402
sweep,3802
sweep,4291
sweep,3443
sweep,3173
sweep,3240
sweep,2853
sweep,3010
sweep,2957
sweep,3213
sweep,2795
sweep,3084
sweep,2874
sweep,2751
sweep,3890
sweep,2644
sweep,2683
sweep,3398
sweep,3110
sweep,3612
sweep,2990
sweep,2509
sweep,2487
sweep,5766
sweep,8802
sweep,8634
sweep,8446
sweep,8247
sweep,6270
sweep,7672
sweep,3997
sweep,4366
sweep,4581
sweep,6243
sweep,5770
sweep,6370
sweep,228
mark,1043557
sweep,4788
sweep,4023
sweep,4194
sweep,4332
sweep,3661
sweep,4525
sweep,3935
sweep,3244
sweep,2751
sweep,2979
sweep,3035
sweep,2921
sweep,2771
sweep,2834
sweep,2628
sweep,2919
sweep,3549
sweep,2873
sweep,2998
sweep,3269
sweep,2402
sweep,2415
sweep,3904
sweep,2346
sweep,3088
sweep,1855
sweep,3303
sweep,3678
sweep,5235
sweep,3621
sweep,2939
sweep,2835
sweep,3263
sweep,3090
sweep,3105
sweep,3043
sweep,2959
sweep,3483
sweep,2814
sweep,2643
sweep,3658
sweep,2641
sweep,2680
sweep,2937
sweep,3124
sweep,3439
sweep,2710
sweep,2509
sweep,2490
sweep,3487
sweep,3753
sweep,4078
sweep,4402
sweep,6308
sweep,7572
sweep,6011
sweep,9188
sweep,8217
sweep,8252
sweep,8503
sweep,7514
sweep,7417
sweep,851
mark,1030371
sweep,4951
sweep,4049
sweep,4246
sweep,4057
sweep,3882
sweep,4251
sweep,3726
sweep,3097
sweep,3108
sweep,3395
sweep,3076
sweep,2995
sweep,2784
sweep,3085
sweep,2716
sweep,3019
sweep,3427
sweep,3122
sweep,3099
sweep,3672
sweep,2445
sweep,2649
sweep,4087
sweep,2307
sweep,3473
sweep,1953
sweep,3436
sweep,3548
sweep,4577
sweep,3741
sweep,3045
sweep,3183
sweep,2948
sweep,3131
sweep,2777
sweep,3128
sweep,2742
sweep,3185
sweep,2616
sweep,2649
sweep,4189
sweep,2754
sweep,2935
sweep,3296
sweep,2937
sweep,3361
sweep,2635
sweep,2479
sweep,2552
sweep,5643
sweep,9794
sweep,8621
sweep,8428
sweep,8554
sweep,6453
sweep,7680
sweep,4017
sweep,4395
sweep,5197
sweep,6275
sweep,5892
sweep,5915
sweep,223
mark,1028823
sweep,4857
sweep,3793
sweep,4158
sweep,4387
sweep,3867
sweep,4117
sweep,3612
sweep,3364
sweep,2812
sweep,3076
sweep,3099
sweep,2733
sweep,3101
sweep,2814
sweep,2821
sweep,2664
sweep,3196
sweep,2980
sweep,3067
sweep,3416
sweep,2398
sweep,2533
sweep,4141
sweep,2879
sweep,3254
sweep,2061
sweep,3374
sweep,3718
sweep,4337
sweep,3261
sweep,2976
sweep,3107
sweep,2957
sweep,3199
sweep,2852
sweep,3372
sweep,2794
sweep,3267
sweep,2659
sweep,2650
sweep,3625
sweep,3151
sweep,2668
sweep,2857
sweep,2904
sweep,3377
sweep,3036
sweep,2701
sweep,2545
sweep,3378
sweep,4031
sweep,4430
sweep,4431
sweep,5670
sweep,7630
sweep,5769
sweep,9361
sweep,8098
sweep,8147
sweep,8176
sweep,7431
sweep,7274
sweep,836
mark,1028470
sweep,4671
sweep,4076
sweep,4397
sweep,4254
sweep,3769
sweep,4287
sweep,3606
sweep,3418
sweep,2809
sweep,3379
sweep,3187
sweep,2729
sweep,2766
sweep,2727
sweep,2977
sweep,2693
sweep,3475
sweep,2920
sweep,3210
sweep,3512
sweep,2488
sweep,2437
sweep,4247
sweep,2431
sweep,3743
sweep,1981
sweep,3499
sweep,3802
sweep,4791
sweep,3625
sweep,3118
sweep,3054
sweep,2922
sweep,3332
sweep,3146
sweep,3111
sweep,2771
sweep,3078
sweep,2388
sweep,2697
sweep,3720
sweep,2689
sweep,2627
sweep,2877
sweep,2972
sweep,3442
sweep,2924
sweep,2774
sweep,2515
sweep,5325
sweep,9241
sweep,9080
sweep,8679
sweep,7733
sweep,5939
sweep,7176
sweep,3919
sweep,4446
sweep,4999
sweep,6078
sweep,5899
sweep,6298
sweep,227
mark,1027435
sweep,5031
sweep,3893
sweep,4150
sweep,4444
sweep,3785
sweep,4172
sweep,3729
sweep,3052
sweep,2860
sweep,3353
sweep,3063
sweep,2724
sweep,2687
sweep,2907
sweep,2797
sweep,2719
sweep,3338
sweep,3242
sweep,3266
sweep,3587
sweep,2290
sweep,2385
sweep,3741
sweep,2284
sweep,3046
sweep,1882
sweep,3553
sweep,3646
sweep,4410
sweep,3581
sweep,3309
sweep,3169
sweep,2935
sweep,3051
sweep,3014
sweep,3271
sweep,2951
sweep,3165
sweep,2661
sweep,2913
sweep,3614
sweep,2745
sweep,2890
sweep,2873
sweep,2990
sweep,3452
sweep,2839
sweep,2529
sweep,2544
sweep,3523
sweep,4317
sweep,4485
sweep,4159
sweep,11525
sweep,8324
sweep,5943
sweep,8640
sweep,9038
sweep,8650
sweep,7156
sweep,7460
sweep,7045
sweep,832
mark,1033055
sweep,4843
sweep,4024
sweep,4009
sweep,4115
sweep,3777
sweep,4117
sweep,3633
sweep,3132
sweep,2822
sweep,3337
sweep,2919
sweep,2980
sweep,2819
sweep,2816
sweep,2660
sweep,2668
sweep,3529
sweep,3062
sweep,3211
sweep,3356
sweep,2359
sweep,2474
sweep,4123
sweep,2485
sweep,3298
sweep,1871
sweep,3738
sweep,3601
sweep,4311
sweep,3488
sweep,3040
sweep,3286
sweep,2959
sweep,3041
sweep,3111
sweep,3118
sweep,2863
sweep,3312
sweep,2648
sweep,3387
sweep,3779
sweep,2802
sweep,2727
sweep,3033
sweep,2838
sweep,3445
sweep,2613
sweep,2390
sweep,2517
sweep,5687
sweep,9195
sweep,8906
sweep,8443
sweep,8159
sweep,6245
sweep,7200
sweep,4196
sweep,4083
sweep,5112
sweep,6112
sweep,5737
sweep,5899
sweep,227
mark,1033857
sweep,4796
sweep,3897
sweep,3908
sweep,3972
sweep,3667
sweep,4043
sweep,3705
sweep,3239
sweep,2876
sweep,3042
sweep,3197
sweep,3201
sweep,2967
sweep,2872
sweep,2775
sweep,3010
sweep,3549
sweep,3014
sweep,3100
sweep,3701
sweep,2268
sweep,2501
sweep,4047
sweep,2420
sweep,3085
sweep,1875
sweep,3335
sweep,4000
sweep,4321
sweep,3757
sweep,3048
sweep,3029
sweep,3127
sweep,3007
sweep,2750
sweep,3443
sweep,2865
sweep,3330
sweep,2504
sweep,3096
sweep,4104
sweep,3039
sweep,2725
sweep,3004
sweep,3106
sweep,3422
sweep,2749
sweep,2482
sweep,2551
sweep,3556
sweep,4290
sweep,4002
sweep,4477
sweep,5813
sweep,8446
sweep,6498
sweep,8394
sweep,8371
sweep,8439
sweep,7524
sweep,7673
sweep,7220
sweep,831
mark,1033689
sweep,4593
sweep,4000
sweep,3888
sweep,4552
sweep,3621
sweep,4328
sweep,3666
sweep,3563
sweep,3134
sweep,3166
sweep,3269
sweep,2707
sweep,2691
sweep,2778
sweep,2626
sweep,2657
sweep,3481
sweep,2869
sweep,3140
sweep,3712
sweep,2578
sweep,2419
sweep,3636
sweep,2448
sweep,3115
sweep,1923
sweep,3413
sweep,3868
sweep,4272
sweep,3658
sweep,3344
sweep,3009
sweep,3188
sweep,3030
sweep,2947
sweep,3382
sweep,2984
sweep,3337
sweep,2704
sweep,3038
sweep,3894
sweep,2709
sweep,2634
sweep,2878
sweep,2921
sweep,4082
sweep,2978
sweep,2530
sweep,2577
sweep,6478
sweep,8876
sweep,8778
sweep,8586
sweep,8120
sweep,5893
sweep,7272
sweep,4026
sweep,4390
sweep,4528
sweep,5968
sweep,6122
sweep,5985
sweep,226
mark,1023870
sweep,4606
sweep,3776
sweep,3903
sweep,4066
sweep,3864
sweep,4065
sweep,3594
sweep,3079
sweep,3029
sweep,3241
sweep,3016
sweep,2699
sweep,2653
sweep,2767
sweep,2685
sweep,2572
sweep,3236
sweep,3046
sweep,3026
sweep,3626
sweep,2615
sweep,2786
sweep,3637
sweep,2351
sweep,3282
sweep,1874
sweep,3444
sweep,3860
sweep,4153
sweep,3571
sweep,3262
sweep,2958
sweep,3188
sweep,3011
sweep,2701
sweep,3507
sweep,2811
sweep,3283
sweep,2578
sweep,2884
sweep,6885
sweep,2802
sweep,2648
sweep,2965
sweep,2898
sweep,3461
sweep,2723
sweep,2565
sweep,2758
sweep,3451
sweep,3933
sweep,3961
sweep,4175
sweep,5919
sweep,7977
sweep,6703
sweep,8528
sweep,8495
sweep,8479
sweep,8275
sweep,7507
sweep,7436
sweep,831
mark,1034474
sweep,4759
sweep,4018
sweep,4082
sweep,4004
sweep,3651
sweep,4394
sweep,3646
sweep,3004
sweep,2766
sweep,3206
sweep,3008
sweep,2730
sweep,2936
sweep,3112
sweep,2599
sweep,2758
sweep,3354
sweep,3212
sweep,3305
sweep,3458
sweep,2292
sweep,2719
sweep,4058
sweep,2288
sweep,3458
sweep,1947
sweep,3438
sweep,3703
sweep,4463
sweep,3322
sweep,2985
sweep,3094
sweep,3125
sweep,2925
sweep,3077
sweep,3095
sweep,2865
sweep,3135
sweep,2610
sweep,2805
sweep,3932
sweep,2728
sweep,2833
sweep,3182
sweep,2985
sweep,3612
sweep,2975
sweep,2735
sweep,2559
sweep,5620
sweep,8705
sweep,8744
sweep,8448
sweep,8136
sweep,6236
sweep,7312
sweep,4134
sweep,4313
sweep,4393
sweep,6565
sweep,5782
sweep,5767
sweep,228
mark,1028036
sweep,4539
sweep,3881
sweep,3943
sweep,4420
sweep,3714
sweep,4086
sweep,3544
sweep,3070
sweep,2997
sweep,3450
sweep,3170
sweep,2677
sweep,2697
sweep,3153
sweep,2643
sweep,3026
sweep,3214
sweep,3194
sweep,3116
sweep,3451
sweep,2325
sweep,2751
sweep,3832
sweep,2371
sweep,3066
sweep,2025
sweep,3396
sweep,4002
sweep,4372
sweep,3341
sweep,3084
sweep,2999
sweep,2908
sweep,2987
sweep,2730
sweep,3204
sweep,2861
sweep,3161
sweep,2884
sweep,2999
sweep,3927
sweep,2704
sweep,2971
sweep,2999
sweep,2820
sweep,3413
sweep,2890
sweep,2555
sweep,2649
sweep,3639
sweep,3758
sweep,4111
sweep,4445
sweep,6122
sweep,7465
sweep,6522
sweep,9097
sweep,8209
sweep,8759
sweep,7336
sweep,7793
sweep,7077
sweep,779
mark,1029482
sweep,4521
sweep,4153
sweep,4008
sweep,4210
sweep,3752
sweep,4174
sweep,3874
sweep,3387
sweep,3102
sweep,3250
sweep,3123
sweep,2673
sweep,2661
sweep,3208
sweep,2658
sweep,3214
sweep,3604
sweep,3100
sweep,3488
sweep,3481
sweep,2281
sweep,2757
sweep,3997
sweep,2729
sweep,3297
sweep,1916
sweep,3365
sweep,3687
sweep,4657
sweep,3510
sweep,3489
sweep,2947
sweep,2936
sweep,3066
sweep,2972
sweep,3216
sweep,2710
sweep,3036
sweep,2511
sweep,2677
sweep,3789
sweep,2929
sweep,2876
sweep,3025
sweep,2886
sweep,3405
sweep,2896
sweep,2734
sweep,2398
sweep,6113
sweep,8724
sweep,8722
sweep,8733
sweep,7830
sweep,5946
sweep,6967
sweep,4179
sweep,4344
sweep,4989
sweep,6184
sweep,5612
sweep,5912
sweep,294
mark,1034351
sweep,4938
sweep,3917
sweep,4174
sweep,4268
sweep,3460
sweep,4201
sweep,3619
sweep,3238
sweep,2821
sweep,3220
sweep,3107
sweep,2727
sweep,2911
sweep,2749
sweep,2784
sweep,2852
sweep,3161
sweep,3228
sweep,3352
sweep,3397
sweep,2618
sweep,2494
sweep,4032
sweep,2466
sweep,3070
sweep,1985
sweep,3539
sweep,3675
sweep,4417
sweep,3424
sweep,3138
sweep,3468
sweep,2871
sweep,3096
sweep,2767
sweep,3119
sweep,2778
sweep,3138
sweep,3120
sweep,2773
sweep,3987
sweep,2802
sweep,2867
sweep,3091
sweep,2876
sweep,3766
sweep,2773
sweep,2425
sweep,2698
sweep,3442
sweep,4303
sweep,3893
sweep,4358
sweep,5870
sweep,7516
sweep,5918
sweep,8691
sweep,8526
sweep,8752
sweep,8296
sweep,7470
sweep,7619
sweep,832
mark,1035462
sweep,4686
sweep,3745
sweep,4006
sweep,4197
sweep,3842
sweep,4475
sweep,3943
sweep,3136
sweep,2848
sweep,3579
sweep,3222
sweep,2960
sweep,2632
sweep,2846
sweep,3214
sweep,3067
sweep,3221
sweep,3131
sweep,3219
sweep,3479
sweep,2590
sweep,2565
sweep,3952
sweep,2449
sweep,3208
sweep,1844
sweep,3452
sweep,3667
sweep,4278
sweep,3495
sweep,3066
sweep,3193
sweep,2877
sweep,3107
sweep,2788
sweep,3083
sweep,2717
sweep,2992
sweep,2509
sweep,2778
sweep,3887
sweep,2924
sweep,2717
sweep,3123
sweep,3097
sweep,3435
sweep,2671
sweep,2487
sweep,2510
sweep,5230
sweep,8788
sweep,8768
sweep,8282
sweep,8210
sweep,5782
sweep,7593
sweep,4310
sweep,4485
sweep,4742
sweep,6190
sweep,5933
sweep,6171
sweep,219
mark,1032451
sweep,4714
sweep,3821
sweep,3887
sweep,4045
sweep,3601
sweep,3935
sweep,3384
sweep,3435
sweep,3142
sweep,3185
sweep,3111
sweep,3063
sweep,2746
sweep,2789
sweep,2589
sweep,3095
sweep,3515
sweep,3095
sweep,3187
sweep,3827
sweep,2380
sweep,2694
sweep,3740
sweep,2756
sweep,3778
sweep,1994
sweep,3521
sweep,3822
sweep,4379
sweep,3422
sweep,3091
sweep,2984
sweep,2857
sweep,3162
sweep,2921
sweep,3611
sweep,2749
sweep,3112
sweep,2741
sweep,2783
sweep,3739
sweep,3363
sweep,2782
sweep,3526
sweep,3420
sweep,3445
sweep,2773
sweep,2517
sweep,2732
sweep,3520
sweep,4065
sweep,4017
sweep,4077
sweep,6039
sweep,8151
sweep,6035
sweep,8602
sweep,8442
sweep,8882
sweep,8420
sweep,7376
sweep,7633
sweep,932
mark,1040684
sweep,4662
sweep,3959
sweep,3977
sweep,3888
sweep,3692
sweep,4338
sweep,3647
sweep,3173
sweep,3000
sweep,3185
sweep,2898
sweep,2761
sweep,2654
sweep,3004
sweep,2647
sweep,2768
sweep,3680
sweep,2959
sweep,3021
sweep,3393
sweep,2582
sweep,2550
sweep,3714
sweep,2437
sweep,3140
sweep,1911
sweep,3401
sweep,3857
sweep,4709
sweep,3447
sweep,3075
sweep,3012
sweep,2856
sweep,3203
sweep,3280
sweep,3360
sweep,2737
sweep,3227
sweep,2783
sweep,2637
sweep,3968
sweep,2685
sweep,2864
sweep,3004
sweep,2900
sweep,3375
sweep,2759
sweep,2483
sweep,2615
sweep,6049
sweep,8965
sweep,8910
sweep,8698
sweep,8309
sweep,6304
sweep,6810
sweep,4160
sweep,4254
sweep,4901
sweep,6145
sweep,5783
sweep,5904
sweep,236
mark,1028916
sweep,4773
sweep,3849
sweep,3784
sweep,4073
sweep,3579
sweep,4185
sweep,3602
sweep,3141
sweep,2823
sweep,3036
sweep,3346
sweep,2782
sweep,2829
sweep,2933
sweep,3049
sweep,2853
sweep,3214
sweep,3195
sweep,3135
sweep,3243
sweep,2436
sweep,2460
sweep,3788
sweep,2299
sweep,3209
sweep,1847
sweep,3433
sweep,3849
sweep,4483
sweep,3633
sweep,3187
sweep,3366
sweep,3290
sweep,3109
sweep,2748
sweep,3235
sweep,2756
sweep,3160
sweep,2856
sweep,2750
sweep,3714
sweep,3016
sweep,2996
sweep,3239
sweep,2867
sweep,3431
sweep,2807
sweep,2558
sweep,2741
sweep,3355
sweep,3974
sweep,4023
sweep,4327
sweep,5685
sweep,8067
sweep,6907
sweep,8695
sweep,8348
sweep,8699
sweep,8147
sweep,7387
sweep,7638
sweep,830
mark,1029060
sweep,5243
sweep,4239
sweep,4459
sweep,4249
sweep,3622
sweep,4358
sweep,3754
sweep,3159
sweep,3162
sweep,3392
sweep,3007
sweep,3119
sweep,2606
sweep,3072
sweep,2582
sweep,2597
sweep,3626
sweep,3228
sweep,3116
sweep,3682
sweep,2508
sweep,2477
sweep,3986
sweep,2283
sweep,3105
sweep,1944
sweep,3440
sweep,3719
sweep,4262
sweep,3756
sweep,3207
sweep,2922
sweep,2993
sweep,2916
sweep,2902
sweep,3353
sweep,2825
sweep,3211
sweep,2566
sweep,2679
sweep,3882
sweep,2636
sweep,2764
sweep,2957
sweep,2845
sweep,3501
sweep,3043
sweep,2493
sweep,2433
sweep,5406
sweep,8801
sweep,8716
sweep,8930
sweep,7952
sweep,6195
sweep,6945
sweep,4105
sweep,4259
sweep,5036
sweep,6303
sweep,5860
sweep,5726
sweep,231
mark,1022204
sweep,4712
sweep,4085
sweep,4035
sweep,3948
sweep,3835
sweep,4179
sweep,3517
sweep,3421
sweep,2761
sweep,3076
sweep,3107
sweep,3339
sweep,2860
sweep,2740
sweep,2652
sweep,2724
sweep,3447
sweep,2912
sweep,3106
sweep,3558
sweep,2337
sweep,2490
sweep,3753
sweep,2656
sweep,3083
sweep,1905
sweep,3436
sweep,3595
sweep,4142
sweep,3534
sweep,3310
sweep,3172
sweep,2936
sweep,3012
sweep,3018
sweep,3565
sweep,2844
sweep,3071
sweep,2532
sweep,3141
sweep,4025
sweep,2882
sweep,2943
sweep,3359
sweep,3449
sweep,3490
sweep,2688
sweep,2470
sweep,2714
sweep,3440
sweep,3994
sweep,4012
sweep,4143
sweep,5679
sweep,7896
sweep,5916
sweep,9113
sweep,8141
sweep,8315
sweep,7317
sweep,7103
sweep,7525
sweep,929
mark,1038345
sweep,5025
sweep,3707
sweep,4495
sweep,4141
sweep,3984
sweep,3991
sweep,3583
sweep,3132
sweep,2831
sweep,3280
sweep,2943
sweep,3099
sweep,2695
sweep,2835
sweep,2784
sweep,2629
sweep,3309
sweep,2855
sweep,3246
sweep,3757
sweep,2325
sweep,2484
sweep,4023
sweep,2282
sweep,3274
sweep,1884
sweep,3708
sweep,3972
sweep,4499
sweep,3397
sweep,3064
sweep,2987
sweep,3020
sweep,3062
sweep,2844
sweep,3025
sweep,3058
sweep,3048
sweep,2898
sweep,2983
sweep,3619
sweep,2920
sweep,2660
sweep,2820
sweep,2887
sweep,3737
sweep,2884
sweep,2501
sweep,2390
sweep,5716
sweep,8832
sweep,8247
sweep,8349
sweep,8149
sweep,6174
sweep,7528
sweep,4035
sweep,4377
sweep,4903
sweep,6095
sweep,5559
sweep,5797
sweep,220
mark,1031667
sweep,4850
sweep,4297
sweep,4189
sweep,4357
sweep,3621
sweep,4323
sweep,3914
sweep,3003
sweep,2739
sweep,3234
sweep,3117
sweep,3060
sweep,2887
sweep,2758
sweep,2529
sweep,2679
sweep,3222
sweep,2849
sweep,3199
sweep,3348
sweep,2225
sweep,2520
sweep,3735
sweep,2361
sweep,3224
sweep,1902
sweep,3519
sweep,3896
sweep,4106
sweep,3241
sweep,3402
sweep,3315
sweep,2805
sweep,3066
sweep,2800
sweep,3277
sweep,3007
sweep,2992
sweep,2684
sweep,2673
sweep,3629
sweep,2673
sweep,3083
sweep,3026
sweep,2843
sweep,3858
sweep,2832
sweep,2764
sweep,2442
sweep,3894
sweep,3985
sweep,4059
sweep,4264
sweep,5948
sweep,7838
sweep,6102
sweep,8388
sweep,8847
sweep,8383
sweep,8321
sweep,7330
sweep,7609
sweep,840
mark,1035528
sweep,4748
sweep,3994
sweep,3939
sweep,4047
sweep,3732
sweep,4293
sweep,3631
sweep,3466
sweep,3071
sweep,3743
sweep,3286
sweep,2801
sweep,2741
sweep,2795
sweep,2687
sweep,2955
sweep,3303
sweep,3147
sweep,3010
sweep,3499
sweep,2341
sweep,2478
sweep,4057
sweep,2372
sweep,3095
sweep,2204
sweep,3631
sweep,6657
sweep,4597
sweep,3279
sweep,3159
sweep,3502
sweep,2879
sweep,2856
sweep,3108
sweep,3108
sweep,2797
sweep,3193
sweep,2723
sweep,3155
sweep,3572
sweep,2746
sweep,2871
sweep,2949
sweep,2812
sweep,3286
sweep,2959
sweep,2404
sweep,2541
sweep,5523
sweep,8480
sweep,8955
sweep,8611
sweep,7764
sweep,6014
sweep,7427
sweep,4118
sweep,4280
sweep,4737
sweep,6289
sweep,5843
sweep,5845
sweep,226
mark,1022717
sweep,4713
sweep,4014
sweep,3865
sweep,4180
sweep,12135
sweep,4075
sweep,3556
sweep,2971
sweep,3064
sweep,3534
sweep,3228
sweep,2745
sweep,2932
sweep,3153
sweep,2885
sweep,2700
sweep,3262
sweep,3156
sweep,3008
sweep,3330
sweep,2381
sweep,2480
sweep,3735
sweep,2440
sweep,3163
sweep,1883
sweep,3772
sweep,4075
sweep,4247
sweep,3354
sweep,3327
sweep,2885
sweep,2851
sweep,3101
sweep,3021
sweep,3164
sweep,2694
sweep,3016
sweep,2572
sweep,2968
sweep,3823
sweep,2885
sweep,2917
sweep,3353
sweep,2980
sweep,3632
sweep,2783
sweep,2604
sweep,2528
sweep,3575
sweep,3897
sweep,3985
sweep,4122
sweep,6194
sweep,7878
sweep,5966
sweep,8532
sweep,8486
sweep,8595
sweep,8101
sweep,7710
sweep,7622
sweep,825
mark,1033894
sweep,4843
sweep,9034
sweep,4472
sweep,4361
sweep,3772
sweep,4071
sweep,3870
sweep,3266
sweep,2862
sweep,3342
sweep,3037
sweep,2798
sweep,2904
sweep,2869
sweep,3160
sweep,2853
sweep,3581
sweep,3353
sweep,3078
sweep,3443
sweep,2624
sweep,2661
sweep,3985
sweep,2616
sweep,3090
sweep,1949
sweep,3491
sweep,3614
sweep,4189
sweep,3772
sweep,3109
sweep,2958
sweep,2931
sweep,3331
sweep,2795
sweep,3166
sweep,3014
sweep,3007
sweep,2461
sweep,2784
sweep,3980
sweep,2970
sweep,2856
sweep,3323
sweep,2803
sweep,3390
sweep,2740
sweep,2556
sweep,2489
sweep,5629
sweep,8599
sweep,9083
sweep,8868
sweep,7623
sweep,5794
sweep,6881
sweep,3963
sweep,4287
sweep,4559
sweep,6296
sweep,5573
sweep,5817
sweep,220
mark,1026796
sweep,5190
sweep,3780
sweep,4010
sweep,4068
sweep,3636
sweep,4525
sweep,3540
sweep,3186
sweep,2877
sweep,3177
sweep,3084
sweep,2778
sweep,2831
sweep,2782
sweep,2586
sweep,2956
sweep,3442
sweep,3345
sweep,3135
sweep,3776
sweep,2383
sweep,2686
sweep,3695
sweep,2492
sweep,3158
sweep,1885
sweep,3363
sweep,4215
sweep,4364
sweep,3351
sweep,3355
sweep,3198
sweep,2921
sweep,3063
sweep,2735
sweep,3213
sweep,2704
sweep,3090
sweep,2631
sweep,2642
sweep,3756
sweep,3071
sweep,2628
sweep,3437
sweep,2772
sweep,3407
sweep,2978
sweep,2552
sweep,2662
sweep,3537
sweep,3966
sweep,4063
sweep,4079
sweep,6064
sweep,7756
sweep,5982
sweep,8707
sweep,8383
sweep,8849
sweep,8233
sweep,7241
sweep,7575
sweep,934
mark,1034404
sweep,4617
sweep,3924
sweep,4084
sweep,4304
sweep,3815
sweep,4369
sweep,3804
sweep,3390
sweep,3011
sweep,3224
sweep,3129
sweep,2809
sweep,2943
sweep,2874
sweep,2959
sweep,2836
sweep,3638
sweep,3140
sweep,2992
sweep,3846
sweep,2577
sweep,2866
sweep,3897
sweep,2412
sweep,6086
sweep,2199
sweep,3611
sweep,3640
sweep,4532
sweep,3421
sweep,2986
sweep,3038
sweep,2831
sweep,3018
sweep,2730
sweep,3182
sweep,2971
sweep,3178
sweep,2514
sweep,2731
sweep,3732
sweep,2666
sweep,2942
sweep,2899
sweep,2918
sweep,3383
sweep,2831
sweep,2726
sweep,2756
sweep,5331
sweep,8562
sweep,8906
sweep,9356
sweep,7809
sweep,6112
sweep,6960
sweep,4149
sweep,4454
sweep,5050
sweep,6261
sweep,5837
sweep,5763
sweep,220
mark,1025549
sweep,4959
sweep,4233
sweep,4095
sweep,4167
sweep,3692
sweep,4477
sweep,3597
sweep,3097
sweep,2902
sweep,3244
sweep,3040
sweep,2736
sweep,2758
sweep,3415
sweep,2509
sweep,2931
sweep,3249
sweep,3122
sweep,3450
sweep,3404
sweep,2275
sweep,2464
sweep,3730
sweep,2588
sweep,3481
sweep,2066
sweep,3528
sweep,3858
sweep,4327
sweep,3292
sweep,3148
sweep,3029
sweep,2907
sweep,2999
sweep,2954
sweep,3324
sweep,2835
sweep,3019
sweep,2715
sweep,3122
sweep,3893
sweep,2689
sweep,3016
sweep,3143
sweep,3182
sweep,3540
sweep,2902
sweep,2569
sweep,2523
sweep,3594
sweep,3980
sweep,3939
sweep,4249
sweep,5972
sweep,8426
sweep,6540
sweep,8765
sweep,8161
sweep,8612
sweep,8307
sweep,7477
sweep,7662
sweep,829
mark,1027238
sweep,4525
sweep,4249
sweep,4053
sweep,4059
sweep,3681
sweep,4188
sweep,3677
sweep,3070
sweep,2805
sweep,3814
sweep,2945
sweep,2975
sweep,3256
sweep,3563
sweep,2931
sweep,2865
sweep,3587
sweep,2973
sweep,2984
sweep,3743
sweep,2269
sweep,2727
sweep,4024
sweep,2383
sweep,3675
sweep,2138
sweep,3280
sweep,3665
sweep,4279
sweep,3378
sweep,2994
sweep,3109
sweep,3241
sweep,3112
sweep,2773
sweep,3277
sweep,2683
sweep,3045
sweep,2434
sweep,2549
sweep,3993
sweep,3168
sweep,2884
sweep,2937
sweep,2924
sweep,3444
sweep,2802
sweep,2569
sweep,2496
sweep,5841
sweep,8771
sweep,8432
sweep,8495
sweep,8066
sweep,6129
sweep,7299
sweep,4023
sweep,4401
sweep,4898
sweep,6134
sweep,5621
sweep,6022
sweep,233
mark,1023572
sweep,4501
sweep,3813
sweep,4156
sweep,3985
sweep,3615
sweep,4087
sweep,3503
sweep,3423
sweep,2779
sweep,3437
sweep,3266
sweep,2714
sweep,2702
sweep,3010
sweep,2518
sweep,2822
sweep,3291
sweep,3247
sweep,3154
sweep,3351
sweep,2381
sweep,2419
sweep,4150
sweep,2255
sweep,3076
sweep,1954
sweep,3374
sweep,3789
sweep,4502
sweep,3421
sweep,3559
sweep,2997
sweep,2867
sweep,3003
sweep,2711
sweep,3122
sweep,2862
sweep,3027
sweep,2491
sweep,2676
sweep,3887
sweep,3040
sweep,2713
sweep,3168
sweep,2996
sweep,3657
sweep,2794
sweep,2643
sweep,2667
sweep,3475
sweep,4117
sweep,4027
sweep,4279
sweep,5592
sweep,8776
sweep,6546
sweep,8572
sweep,8543
sweep,8397
sweep,8174
sweep,7604
sweep,7301
sweep,838
mark,1040902
sweep,4817
sweep,4294
sweep,3960
sweep,4042
sweep,3797
sweep,4038
sweep,3617
sweep,3091
sweep,3037
sweep,3365
sweep,2956
sweep,2704
sweep,2883
sweep,2961
sweep,2622
sweep,2963
sweep,3264
sweep,2948
sweep,3114
sweep,3393
sweep,2300
sweep,2894
sweep,4168
sweep,2662
sweep,3668
sweep,1954
sweep,3447
sweep,3633
sweep,4635
sweep,3768
sweep,3350
sweep,3003
sweep,2856
sweep,3022
sweep,2812
sweep,3274
sweep,2903
sweep,3084
sweep,2467
sweep,2715
sweep,3974
sweep,2783
sweep,3174
sweep,2992
sweep,3083
sweep,3739
sweep,2695
sweep,2740
sweep,2478
sweep,5709
sweep,9277
sweep,8724
sweep,8646
sweep,8290
sweep,6443
sweep,6932
sweep,4100
sweep,4343
sweep,4748
sweep,5983
sweep,5922
sweep,5725
sweep,229
mark,1029159
sweep,4799
sweep,3802
sweep,4463
sweep,4537
sweep,3883
sweep,4430
sweep,3545
sweep,3132
sweep,3023
sweep,3259
sweep,3091
sweep,2700
sweep,2674
sweep,3020
sweep,2506
sweep,2899
sweep,3414
sweep,3213
sweep,3238
sweep,3315
sweep,2293
sweep,2485
sweep,3741
sweep,2536
sweep,3029
sweep,2055
sweep,3458
sweep,3694
sweep,4387
sweep,3337
sweep,3050
sweep,3004
sweep,2866
sweep,3099
sweep,2856
sweep,3197
sweep,2832
sweep,2968
sweep,2708
sweep,2910
sweep,3823
sweep,3256
sweep,2923
sweep,2906
sweep,2831
sweep,3515
sweep,2737
sweep,2492
sweep,2443
sweep,3581
sweep,4039
sweep,4207
sweep,4352
sweep,5625
sweep,8043
sweep,6258
sweep,8689
sweep,8342
sweep,8727
sweep,8121
sweep,7266
sweep,7609
sweep,836
mark,1027654
sweep,4613
sweep,4219
sweep,4081
sweep,4019
sweep,3799
sweep,4135
sweep,3620
sweep,3042
sweep,3030
sweep,3749
sweep,2922
sweep,2991
sweep,2657
sweep,2711
sweep,2877
sweep,2973
sweep,3361
sweep,3117
sweep,2999
sweep,3452
sweep,2513
sweep,2357
sweep,4060
sweep,2305
sweep,3148
sweep,2103
sweep,3622
sweep,4215
sweep,4273
sweep,3622
sweep,3501
sweep,2921
sweep,2922
sweep,3299
sweep,3098
sweep,3128
sweep,2716
sweep,3028
sweep,2427
sweep,2588
sweep,3735
sweep,2671
sweep,2730
sweep,2940
sweep,2929
sweep,3579
sweep,3171
sweep,2778
sweep,2455
sweep,5750
sweep,8877
sweep,8316
sweep,8700
sweep,8015
sweep,6646
sweep,7479
sweep,4222
sweep,4311
sweep,4925
sweep,6135
sweep,5887
sweep,6080
sweep,225
mark,1027534
sweep,4602
sweep,4125
sweep,3980
sweep,4118
sweep,3725
sweep,3966
sweep,3610
sweep,3091
sweep,2706
sweep,3076
sweep,3248
sweep,2960
sweep,3093
sweep,2892
sweep,2726
sweep,2793
sweep,3231
sweep,3335
sweep,3046
sweep,3591
sweep,2419
sweep,2498
sweep,4069
sweep,2439
sweep,3081
sweep,1897
sweep,3776
sweep,3680
sweep,4459
sweep,3337
sweep,3126
sweep,2991
sweep,2937
sweep,3091
sweep,2994
sweep,3649
sweep,3328
sweep,3173
sweep,2510
sweep,2659
sweep,3657
sweep,2942
sweep,2899
sweep,3262
sweep,2799
sweep,3602
sweep,2890
sweep,2519
sweep,2521
sweep,3664
sweep,4271
sweep,4327
sweep,4418
sweep,5646
sweep,8387
sweep,6288
sweep,8718
sweep,8836
sweep,8697
sweep,7297
sweep,7286
sweep,7524
sweep,840
mark,1031948
sweep,4662
sweep,3672
sweep,4393
sweep,4123
sweep,3562
sweep,4220
sweep,3968
sweep,3039
sweep,3211
sweep,3232
sweep,3307
sweep,2720
sweep,2701
sweep,2895
sweep,2594
sweep,3017
sweep,3351
sweep,3135
sweep,3089
sweep,3372
sweep,2294
sweep,2404
sweep,4025
sweep,2564
sweep,3140
sweep,1891
sweep,3420
sweep,3606
sweep,4595
sweep,3542
sweep,3411
sweep,3464
sweep,3183
sweep,3341
sweep,2757
sweep,3300
sweep,2741
sweep,3123
sweep,2492
sweep,3092
sweep,3672
sweep,2894
sweep,2645
sweep,3209
sweep,2826
sweep,3478
sweep,3136
sweep,2851
sweep,2701
sweep,5411
sweep,8864
sweep,8437
sweep,8931
sweep,8293
sweep,5942
sweep,6914
sweep,4367
sweep,4286
sweep,4976
sweep,6340
sweep,5958
sweep,5905
sweep,221
mark,1036361
sweep,4350
sweep,3890
sweep,4049
sweep,4204
sweep,3839
sweep,4318
sweep,3602
sweep,3050
sweep,2768
sweep,3224
sweep,3064
sweep,2802
sweep,2705
sweep,2831
sweep,2622
sweep,2923
sweep,3225
sweep,3301
sweep,3009
sweep,3567
sweep,2429
sweep,2573
sweep,3774
sweep,2469
sweep,3003
sweep,1912
sweep,3329
sweep,3579
sweep,4751
sweep,3452
sweep,3317
sweep,3281
sweep,2896
sweep,3070
sweep,2807
sweep,3194
sweep,2757
sweep,3017
sweep,2851
sweep,2923
sweep,3818
sweep,2664
sweep,2818
sweep,2917
sweep,2839
sweep,3725
sweep,2730
sweep,2678
sweep,2454
sweep,3546
sweep,3969
sweep,4059
sweep,4226
sweep,5933
sweep,7738
sweep,6195
sweep,8789
sweep,8338
sweep,8678
sweep,7958
sweep,7420
sweep,7667
sweep,841
mark,1033485
sweep,4995
sweep,3955
sweep,3995
sweep,4204
sweep,3582
sweep,4065
sweep,3886
sweep,3212
sweep,3070
sweep,3365
sweep,3301
sweep,3022
sweep,2741
sweep,3010
sweep,2667
sweep,2831
sweep,3365
sweep,2926
sweep,3736
sweep,3731
sweep,2404
sweep,2710
sweep,3762
sweep,2407
sweep,3620
sweep,1851
sweep,3300
sweep,3699
sweep,4326
sweep,3788
sweep,3394
sweep,3058
sweep,2876
sweep,3016
sweep,2834
sweep,3079
sweep,3060
sweep,3345
sweep,2579
sweep,2652
sweep,3792
sweep,3046
sweep,2905
sweep,2948
sweep,3129
sweep,3540
sweep,2683
sweep,2474
sweep,2451
sweep,5510
sweep,9071
sweep,8436
sweep,8591
sweep,8188
sweep,6515
sweep,7285
sweep,4056
sweep,4418
sweep,4814
sweep,6236
sweep,5966
sweep,5815
sweep,217
mark,1035907
sweep,4614
sweep,3873
sweep,4490
sweep,4432
sweep,3704
sweep,4142
sweep,3645
sweep,3106
sweep,2980
sweep,3216
sweep,3243
sweep,3078
sweep,2725
sweep,2801
sweep,2591
sweep,2839
sweep,3374
sweep,3156
sweep,3064
sweep,3772
sweep,2391
sweep,3061
sweep,4053
sweep,2527
sweep,2992
sweep,2091
sweep,3335
sweep,3819
sweep,4203
sweep,3358
sweep,3489
sweep,3117
sweep,3376
sweep,2927
sweep,3192
sweep,3140
sweep,2840
sweep,3058
sweep,2769
sweep,2655
sweep,3806
sweep,3023
sweep,2761
sweep,3089
sweep,3002
sweep,3355
sweep,2966
sweep,2552
sweep,2760
sweep,4034
sweep,4031
sweep,4280
sweep,4327
sweep,5796
sweep,7661
sweep,5914
sweep,8701
sweep,8382
sweep,8412
sweep,8215
sweep,7683
sweep,7616
sweep,784
mark,1048592
sweep,4832
sweep,4011
sweep,4081
sweep,4102
sweep,3931
sweep,4319
sweep,3903
sweep,3163
sweep,3169
sweep,3236
sweep,2990
sweep,2788
sweep,2663
sweep,2799
sweep,2896
sweep,2746
sweep,3251
sweep,2858
sweep,3039
sweep,3587
sweep,2426
sweep,2779
sweep,3799
sweep,2593
sweep,3056
sweep,1848
sweep,3319
sweep,3684
sweep,4350
sweep,3873
sweep,3082
sweep,3580
sweep,2795
sweep,3195
sweep,2961
sweep,3290
sweep,2802
sweep,3011
sweep,2588
sweep,3011
sweep,3601
sweep,2646
sweep,2726
sweep,2935
sweep,3146
sweep,3498
sweep,2706
sweep,2436
sweep,2529
sweep,5651
sweep,9335
sweep,8716
sweep,8939
sweep,8021
sweep,5748
sweep,7406
sweep,4144
sweep,4261
sweep,4277
sweep,5646
sweep,5900
sweep,5743
sweep,235
mark,1034561
sweep,4799
sweep,4170
sweep,4300
sweep,4084
sweep,3782
sweep,3982
sweep,3629
sweep,3042
sweep,2808
sweep,3143
sweep,3204
sweep,2788
sweep,3028
sweep,2948
sweep,2589
sweep,6137
sweep,3457
sweep,2884
sweep,3242
sweep,3498
sweep,2218
sweep,2563
sweep,3769
sweep,2475
sweep,3065
sweep,1925
sweep,3301
sweep,3967
sweep,4437
sweep,3485
sweep,3223
sweep,3073
sweep,2886
sweep,3381
sweep,2844
sweep,3091
sweep,3188
sweep,3237
sweep,2675
sweep,2804
sweep,4184
sweep,2756
sweep,2639
sweep,2829
sweep,2836
sweep,3455
sweep,3066
sweep,2518
sweep,2456
sweep,3701
sweep,3712
sweep,4155
sweep,4183
sweep,5810
sweep,8004
sweep,6038
sweep,8471
sweep,8480
sweep,8346
sweep,8297
sweep,7416
sweep,7576
sweep,869
mark,1034980
sweep,4563
sweep,3996
sweep,12754
sweep,3948
sweep,3630
sweep,4154
sweep,4032
sweep,3309
sweep,2888
sweep,3400
sweep,3120
sweep,2711
sweep,2646
sweep,2719
sweep,6103
sweep,2882
sweep,3329
sweep,3362
sweep,3076
sweep,3384
sweep,2355
sweep,2580
sweep,4130
sweep,2549
sweep,3047
sweep,1905
sweep,3651
sweep,4012
sweep,4273
sweep,3696
sweep,3269
sweep,2882
sweep,2890
sweep,3206
sweep,2727
sweep,3240
sweep,2646
sweep,3064
sweep,2477
sweep,2604
sweep,3788
sweep,2887
sweep,2972
sweep,2933
sweep,2897
sweep,3655
sweep,2625
sweep,2832
sweep,2439
sweep,5685
sweep,9338
sweep,8837
sweep,8535
sweep,8323
sweep,6239
sweep,7627
sweep,4432
sweep,4787
sweep,4791
sweep,6192
sweep,5592
sweep,5834
sweep,223
mark,1033270
sweep,4620
sweep,4435
sweep,4189
sweep,4152
sweep,3746
sweep,3872
sweep,3582
sweep,3299
sweep,2857
sweep,3090
sweep,3337
sweep,2726
sweep,2753
sweep,2757
sweep,2870
sweep,3015
sweep,3224
sweep,3257
sweep,2992
sweep,3516
sweep,2438
sweep,2372
sweep,3754
sweep,2511
sweep,3098
sweep,2020
sweep,3428
sweep,3585
sweep,4418
sweep,3967
sweep,3145
sweep,3173
sweep,3255
sweep,3200
sweep,2797
sweep,3488
sweep,3286
sweep,3162
sweep,2546
sweep,2867
sweep,3641
sweep,2682
sweep,2855
sweep,3011
sweep,2730
sweep,3408
sweep,2838
sweep,2719
sweep,2686
sweep,3687
sweep,4156
sweep,3925
sweep,4198
sweep,5824
sweep,8389
sweep,6466
sweep,8866
sweep,8071
sweep,9000
sweep,7124
sweep,7487
sweep,7091
sweep,835
mark,1037251
sweep,5279
sweep,3763
sweep,4246
sweep,4087
sweep,3994
sweep,4130
sweep,3715
sweep,3209
sweep,3182
sweep,3642
sweep,3008
sweep,2762
sweep,2714
sweep,3143
sweep,2627
sweep,3271
sweep,3202
sweep,2937
sweep,3019
sweep,3710
sweep,2405
sweep,2388
sweep,3675
sweep,2519
sweep,3030
sweep,1850
sweep,3681
sweep,3868
sweep,4467
sweep,3403
sweep,3570
sweep,3590
sweep,2804
sweep,3033
sweep,2993
sweep,3306
sweep,2713
sweep,3250
sweep,2548
sweep,2719
sweep,3579
sweep,2574
sweep,2809
sweep,2916
sweep,2747
sweep,3415
sweep,2790
sweep,2732
sweep,2495
sweep,5581
sweep,8831
sweep,8572
sweep,8738
sweep,7855
sweep,6833
sweep,7087
sweep,4308
sweep,4375
sweep,5204
sweep,6191
sweep,5873
sweep,5751
sweep,223
mark,1033670
sweep,4935
sweep,3796
sweep,4346
sweep,4343
sweep,3838
sweep,4271
sweep,3598
sweep,3465
sweep,3062
sweep,3074
sweep,3014
sweep,2752
sweep,2677
sweep,2853
sweep,2501
sweep,2612
sweep,3490
sweep,3345
sweep,3205
sweep,3622
sweep,2331
sweep,2775
sweep,3723
sweep,2508
sweep,3010
sweep,1863
sweep,3632
sweep,3861
sweep,4403
sweep,3542
sweep,3184
sweep,3160
sweep,3045
sweep,3282
sweep,2777
sweep,3468
sweep,2729
sweep,3045
sweep,2702
sweep,2680
sweep,3674
sweep,2704
sweep,2773
sweep,3004
sweep,2810
sweep,3805
sweep,2964
sweep,2484
sweep,2822
sweep,3454
sweep,3853
sweep,4071
sweep,4229
sweep,6100
sweep,7624
sweep,6164
sweep,8696
sweep,8367
sweep,8582
sweep,8130
sweep,7278
sweep,7479
sweep,834
mark,1042255
sweep,5066
sweep,4341
sweep,4071
sweep,4130
sweep,3821
sweep,4239
sweep,3513
sweep,3268
sweep,2949
sweep,3099
sweep,3040
sweep,2747
sweep,2786
sweep,2841
sweep,2963
sweep,2646
sweep,3318
sweep,2926
sweep,3265
sweep,3394
sweep,2338
sweep,2422
sweep,3725
sweep,2373
sweep,3042
sweep,2032
sweep,3425
sweep,3887
sweep,4241
sweep,3776
sweep,3306
sweep,3018
sweep,3421
sweep,3056
sweep,2797
sweep,3059
sweep,2746
sweep,3008
sweep,2490
sweep,2766
sweep,3779
sweep,2667
sweep,2934
sweep,3348
sweep,2977
sweep,3936
sweep,2715
sweep,2546
sweep,2540
sweep,5504
sweep,9098
sweep,9054
sweep,8855
sweep,7804
sweep,5992
sweep,6824
sweep,4059
sweep,4326
sweep,5136
sweep,6415
sweep,5532
sweep,5812
sweep,239
mark,1027866
sweep,4589
sweep,4100
sweep,4164
sweep,4095
sweep,3679
sweep,4315
sweep,3578
sweep,3077
sweep,2842
sweep,3151
sweep,3190
sweep,2829
sweep,3078
sweep,3003
sweep,2632
sweep,2851
sweep,3506
sweep,2941
sweep,2780
sweep,3519
sweep,2476
sweep,2484
sweep,3739
sweep,2449
sweep,3091
sweep,2184
sweep,3644
sweep,3722
sweep,4569
sweep,3216
sweep,3157
sweep,3152
sweep,3362
sweep,3129
sweep,2820
sweep,3247
sweep,2956
sweep,3366
sweep,2666
sweep,2729
sweep,3898
sweep,2673
sweep,2718
sweep,3030
sweep,3020
sweep,3883
sweep,3231
sweep,2527
sweep,2461
sweep,3461
sweep,3949
sweep,3985
sweep,4209
sweep,6075
sweep,7818
sweep,6290
sweep,8511
sweep,8323
sweep,8513
sweep,7454
sweep,7297
sweep,6960
sweep,836
mark,1027912
sweep,4645
sweep,4372
sweep,4224
sweep,3951
sweep,3535
sweep,4171
sweep,3566
sweep,3197
sweep,2965
sweep,3270
sweep,3325
sweep,3064
sweep,2771
sweep,2798
sweep,2611
sweep,2897
sweep,3680
sweep,2875
sweep,3246
sweep,3691
sweep,2379
sweep,2399
sweep,3761
sweep,2379
sweep,3237
sweep,1931
sweep,3571
sweep,3685
sweep,4534
sweep,3429
sweep,3387
sweep,2965
sweep,3133
sweep,2988
sweep,2816
sweep,3262
sweep,2704
sweep,3189
sweep,2597
sweep,2627
sweep,3788
sweep,2589
sweep,2677
sweep,2982
sweep,3161
sweep,3713
sweep,2687
sweep,2569
sweep,2740
sweep,5411
sweep,8719
sweep,9052
sweep,8804
sweep,7781
sweep,5738
sweep,6862
sweep,3979
sweep,4368
sweep,4944
sweep,6201
sweep,5869
sweep,5722
sweep,226
mark,1029877
sweep,4691
sweep,3689
sweep,4444
sweep,4267
sweep,3505
sweep,4373
sweep,3572
sweep,3615
sweep,2762
sweep,3503
sweep,3026
sweep,2725
sweep,3057
sweep,2834
sweep,2891
sweep,2954
sweep,3313
sweep,2896
sweep,3005
sweep,3715
sweep,2574
sweep,2515
sweep,3784
sweep,2314
sweep,3185
sweep,1997
sweep,3501
sweep,3585
sweep,5025
sweep,3450
sweep,3202
sweep,3086
sweep,3026
sweep,3027
sweep,2814
sweep,3590
sweep,2849
sweep,3051
sweep,2616
sweep,2685
sweep,3756
sweep,3083
sweep,2864
sweep,3085
sweep,3025
sweep,3435
sweep,2894
sweep,2545
sweep,2451
sweep,3795
sweep,3768
sweep,4108
sweep,4317
sweep,5634
sweep,8622
sweep,6129
sweep,8831
sweep,8792
sweep,9204
sweep,7226
sweep,7373
sweep,7374
sweep,831
mark,1049019
sweep,4850
sweep,4295
sweep,3999
sweep,3927
sweep,3688
sweep,4424
sweep,3620
sweep,3176
sweep,3104
sweep,3260
sweep,3350
sweep,3034
sweep,2635
sweep,2824
sweep,2677
sweep,2776
sweep,3351
sweep,2911
sweep,2994
sweep,3933
sweep,2288
sweep,2947
sweep,4027
sweep,2479
sweep,3069
sweep,2210
sweep,3692
sweep,3739
sweep,4278
sweep,3394
sweep,3107
sweep,3109
sweep,2875
sweep,3302
sweep,3249
sweep,3103
sweep,2919
sweep,3295
sweep,2702
sweep,2723
sweep,3857
sweep,2733
sweep,2777
sweep,3027
sweep,3110
sweep,3538
sweep,2636
sweep,2735
sweep,2566
sweep,5538
sweep,8693
sweep,8644
sweep,8622
sweep,8032
sweep,6703
sweep,7232
sweep,3964
sweep,4233
sweep,4747
sweep,6185
sweep,5739
sweep,5743
sweep,224
mark,1030685
sweep,4585
sweep,3841
sweep,4517
sweep,4306
sweep,3861
sweep,4233
sweep,3678
sweep,3062
sweep,3055
sweep,3167
sweep,3049
sweep,2843
sweep,2821
sweep,2709
sweep,2740
sweep,2827
sweep,3233
sweep,2973
sweep,3064
sweep,4038
sweep,2270
sweep,2771
sweep,4268
sweep,2615
sweep,3057
sweep,2185
sweep,3684
sweep,3887
sweep,4409
sweep,3627
sweep,3134
sweep,3307
sweep,3089
sweep,3303
sweep,2811
sweep,3209
sweep,2725
sweep,3145
sweep,2614
sweep,2761
sweep,3858
sweep,2652
sweep,2693
sweep,2992
sweep,2725
sweep,3479
sweep,3188
sweep,2502
sweep,2454
sweep,3623
sweep,3991
sweep,4025
sweep,4167
sweep,6115
sweep,7980
sweep,6127
sweep,8446
sweep,8308
sweep,8296
sweep,7222
sweep,7162
sweep,7064
sweep,847
mark,1035091
sweep,5092
sweep,4299
sweep,4071
sweep,4358
sweep,3556
sweep,3974
sweep,3948
sweep,3427
sweep,3159
sweep,3634
sweep,3358
sweep,3270
sweep,2669
sweep,2826
sweep,2672
sweep,2722
sweep,3318
sweep,3150
sweep,3190
sweep,3645
sweep,2347
sweep,2428
sweep,3755
sweep,2467
sweep,3535
sweep,1884
sweep,3474
sweep,3966
sweep,4184
sweep,4108
sweep,3381
sweep,2944
sweep,2855
sweep,2922
sweep,2784
sweep,3274
sweep,3011
sweep,2980
sweep,2722
sweep,2760
sweep,3991
sweep,2955
sweep,2862
sweep,2988
sweep,2891
sweep,3421
sweep,2790
sweep,2553
sweep,2755
sweep,5367
sweep,9439
sweep,8796
sweep,8656
sweep,8140
sweep,6081
sweep,7491
sweep,4353
sweep,4270
sweep,5151
sweep,6033
sweep,5675
sweep,5748
sweep,227
mark,1029245
sweep,5196
sweep,4061
sweep,4030
sweep,4325
sweep,3583
sweep,4083
sweep,3555
sweep,3353
sweep,3120
sweep,3100
sweep,3077
sweep,2790
sweep,2817
sweep,2783
sweep,2721
sweep,2743
sweep,3282
sweep,3215
sweep,3148
sweep,3485
sweep,2396
sweep,2848
sweep,4014
sweep,2432
sweep,3636
sweep,2175
sweep,3261
sweep,3798
sweep,4772
sweep,3747
sweep,3482
sweep,3283
sweep,2877
sweep,3149
sweep,2768
sweep,3333
sweep,3070
sweep,3018
sweep,2814
sweep,2624
sweep,3836
sweep,2765
sweep,2687
sweep,3391
sweep,3221
sweep,3533
sweep,2767
sweep,2433
sweep,2694
sweep,3481
sweep,3932
sweep,3921
sweep,4352
sweep,6293
sweep,7718
sweep,5963
sweep,8439
sweep,8252
sweep,8529
sweep,7419
sweep,6969
sweep,6901
sweep,877
mark,1029161
sweep,4956
sweep,4364
sweep,4086
sweep,4331
sweep,3518
sweep,4259
sweep,3828
sweep,3450
sweep,2912
sweep,3385
sweep,3344
sweep,2837
sweep,2689
sweep,2839
sweep,2691
sweep,2704
sweep,3316
sweep,2941
sweep,3240
sweep,3565
sweep,2349
sweep,2552
sweep,4027
sweep,2468
sweep,3847
sweep,1924
sweep,3383
sweep,3709
sweep,4277
sweep,3569
sweep,3108
sweep,2991
sweep,2961
sweep,2960
sweep,2721
sweep,3150
sweep,3138
sweep,3151
sweep,2708
sweep,2713
sweep,3931
sweep,2843
sweep,2617
sweep,2980
sweep,2881
sweep,3471
sweep,2816
sweep,2491
sweep,2596
sweep,5500
sweep,8760
sweep,8930
sweep,9164
sweep,7612
sweep,6066
sweep,7058
sweep,3997
sweep,4177
sweep,4787
sweep,6149
sweep,5643
sweep,5671
sweep,225
mark,1037239
sweep,4982
sweep,3822
sweep,3978
sweep,4183
sweep,3796
sweep,4050
sweep,3580
sweep,3128
sweep,3151
sweep,3168
sweep,3292
sweep,2756
sweep,2758
sweep,2816
sweep,2530
sweep,2696
sweep,3365
sweep,2865
sweep,3096
sweep,3388
sweep,2414
sweep,2796
sweep,4302
sweep,2372
sweep,3097
sweep,2076
sweep,3388
sweep,3686
sweep,4416
sweep,3249
sweep,3113
sweep,3105
sweep,2958
sweep,2947
sweep,2756
sweep,3341
sweep,3025
sweep,3263
sweep,2541
sweep,2745
sweep,3672
sweep,2724
sweep,2653
sweep,3225
sweep,3019
sweep,3695
sweep,3008
sweep,2643
sweep,2511
sweep,3610
sweep,4242
sweep,4194
sweep,4149
sweep,5464
sweep,8336
sweep,6628
sweep,8441
sweep,8593
sweep,8193
sweep,7382
sweep,7545
sweep,6851
sweep,821
mark,1030757
sweep,4715
sweep,4054
sweep,4075
sweep,3916
sweep,3775
sweep,4358
sweep,3707
sweep,3707
sweep,2932
sweep,3290
sweep,3058
sweep,3109
sweep,2822
sweep,2862
sweep,2612
sweep,2738
sweep,3388
sweep,2920
sweep,2916
sweep,3383
sweep,2518
sweep,2339
sweep,3912
sweep,2383
sweep,3696
sweep,2334
sweep,3576
sweep,3671
sweep,4188
sweep,3244
sweep,3210
sweep,3071
sweep,2898
sweep,3114
sweep,2776
sweep,3297
sweep,2776
sweep,3262
sweep,2613
sweep,2683
sweep,3874
sweep,2709
sweep,2813
sweep,3260
sweep,2918
sweep,3870
sweep,2709
sweep,2542
sweep,2531
sweep,5703
sweep,9086
sweep,8719
sweep,8683
sweep,8401
sweep,6117
sweep,7426
sweep,4217
sweep,4517
sweep,4649
sweep,5853
sweep,5877
sweep,6080
sweep,212
mark,1024744
sweep,4694
sweep,3948
sweep,3982
sweep,4289
sweep,3812
sweep,4013
sweep,3741
sweep,3055
sweep,2807
sweep,3471
sweep,3296
sweep,2735
sweep,2844
sweep,2771
sweep,2634
sweep,2663
sweep,3752
sweep,3137
sweep,3051
sweep,3356
sweep,2296
sweep,2743
sweep,3726
sweep,2593
sweep,3055
sweep,2374
sweep,3725
sweep,3729
sweep,4310
sweep,3218
sweep,3085
sweep,3039
sweep,2998
sweep,3179
sweep,2785
sweep,3339
sweep,2824
sweep,3297
sweep,2437
sweep,2718
sweep,3901
sweep,2808
sweep,2871
sweep,3201
sweep,3486
sweep,3485
sweep,2764
sweep,2556
sweep,2508
sweep,3502
sweep,3929
sweep,4024
sweep,4367
sweep,5804
sweep,8319
sweep,6625
sweep,8593
sweep,8380
sweep,8717
sweep,8101
sweep,7460
sweep,7113
sweep,776
mark,1030409
sweep,4722
sweep,3760
sweep,3934
sweep,4143
sweep,3774
sweep,4174
sweep,3537
sweep,3102
sweep,2899
sweep,3426
sweep,3232
sweep,3158
sweep,2887
sweep,2917
sweep,2869
sweep,2996
sweep,3578
sweep,3013
sweep,2987
sweep,3452
sweep,2444
sweep,2658
sweep,4005
sweep,2356
sweep,3109
sweep,1951
sweep,3350
sweep,3608
sweep,4134
sweep,4062
sweep,3065
sweep,3345
sweep,2995
sweep,2988
sweep,2821
sweep,3133
sweep,2760
sweep,2941
sweep,2820
sweep,3013
sweep,3849
sweep,2739
sweep,2934
sweep,3263
sweep,2964
sweep,3372
sweep,2805
sweep,2556
sweep,2847
sweep,5294
sweep,9047
sweep,8640
sweep,8413
sweep,7786
sweep,5915
sweep,7191
sweep,4153
sweep,4666
sweep,4780
sweep,5625
sweep,6060
sweep,6118
sweep,230
mark,1032039
sweep,4855
sweep,4499
sweep,3951
sweep,4377
sweep,3448
sweep,4242
sweep,3478
sweep,3104
sweep,2974
sweep,3273
sweep,3107
sweep,2880
sweep,2918
sweep,3068
sweep,2853
sweep,2715
sweep,3206
sweep,2952
sweep,3088
sweep,3449
sweep,2286
sweep,2596
sweep,3720
sweep,2702
sweep,3024
sweep,1955
sweep,3693
sweep,3930
sweep,4299
sweep,3336
sweep,3049
sweep,3259
sweep,2876
sweep,2917
sweep,3303
sweep,3425
sweep,3063
sweep,3157
sweep,2510
sweep,2719
sweep,3762
sweep,2627
sweep,2655
sweep,2920
sweep,2976
sweep,3493
sweep,2995
sweep,2663
sweep,2643
sweep,3593
sweep,3805
sweep,4272
sweep,4280
sweep,5688
sweep,7648
sweep,5894
sweep,8472
sweep,9064
sweep,8232
sweep,7272
sweep,7176
sweep,7282
sweep,746
mark,1028868
sweep,4560
sweep,4144
sweep,3830
sweep,4110
sweep,3675
sweep,4363
sweep,3554
sweep,3197
sweep,3016
sweep,3304
sweep,3292
sweep,2918
sweep,2698
sweep,2803
sweep,2603
sweep,2745
sweep,3420
sweep,2958
sweep,3259
sweep,3312
sweep,2629
sweep,2506
sweep,3950
sweep,2434
sweep,3136
sweep,1898
sweep,3585
sweep,3771
sweep,4253
sweep,3703
sweep,3061
sweep,3086
sweep,2838
sweep,3137
sweep,2762
sweep,3461
sweep,3061
sweep,3395
sweep,2550
sweep,2634
sweep,3821
sweep,2842
sweep,2735
sweep,3168
sweep,2903
sweep,3400
sweep,2637
sweep,2944
sweep,2882
sweep,5347
sweep,9220
sweep,8691
sweep,8285
sweep,8342
sweep,5494
sweep,7431
sweep,3940
sweep,4803
sweep,4566
sweep,5979
sweep,5927
sweep,5773
sweep,224
mark,1094540
sweep,5021
sweep,4260
sweep,4450
sweep,4297
sweep,3655
sweep,3837
sweep,3581
sweep,11447
sweep,3132
sweep,3361
sweep,3046
sweep,3154
sweep,2926
sweep,3240
sweep,3030
sweep,2772
sweep,3167
sweep,2993
sweep,3138
sweep,3704
sweep,2398
sweep,2460
sweep,3756
sweep,2504
sweep,3303
sweep,2064
sweep,3319
sweep,3801
sweep,4329
sweep,3338
sweep,3282
sweep,2985
sweep,2927
sweep,3264
sweep,3358
sweep,3330
sweep,2773
sweep,3297
sweep,2830
sweep,2618
sweep,3875
sweep,3134
sweep,2758
sweep,3027
sweep,2891
sweep,3502
sweep,2673
sweep,2687
sweep,2484
sweep,3773
sweep,4247
sweep,3857
sweep,4233
sweep,6051
sweep,8311
sweep,6314
sweep,8813
sweep,8264
sweep,8230
sweep,7652
sweep,7216
sweep,7180
sweep,912
mark,1029818
sweep,5088
sweep,3715
sweep,3982
sweep,4053
sweep,3924
sweep,4083
sweep,3857
sweep,3154
sweep,3071
sweep,3411
sweep,3304
sweep,2705
sweep,2954
sweep,3000
sweep,2644
sweep,2775
sweep,3293
sweep,3238
sweep,3286
sweep,4041
sweep,2229
sweep,2422
sweep,4009
sweep,2359
sweep,3153
sweep,1964
sweep,3386
sweep,3875
sweep,4534
sweep,3389
sweep,3059
sweep,3114
sweep,3453
sweep,3168
sweep,2769
sweep,3234
sweep,2743
sweep,3023
sweep,2727
sweep,2663
sweep,3856
sweep,2644
sweep,2611
sweep,3373
sweep,3197
sweep,3570
sweep,2755
sweep,2746
sweep,2469
sweep,5321
sweep,8994
sweep,8526
sweep,8490
sweep,8146
sweep,6188
sweep,6777
sweep,4179
sweep,4572
sweep,5217
sweep,6206
sweep,5652
sweep,5838
sweep,239
mark,1026760
sweep,4647
sweep,4016
sweep,4377
sweep,4185
sweep,3643
sweep,4165
sweep,3531
sweep,3627
sweep,2794
sweep,3288
sweep,3138
sweep,2902
sweep,2708
sweep,3278
sweep,3021
sweep,2687
sweep,3174
sweep,2946
sweep,3200
sweep,3376
sweep,2320
sweep,2776
sweep,4341
sweep,2703
sweep,3123
sweep,2277
sweep,3370
sweep,3623
sweep,4471
sweep,3495
sweep,3279
sweep,2968
sweep,2984
sweep,2919
sweep,2849
sweep,3273
sweep,3038
sweep,3228
sweep,2750
sweep,2768
sweep,4099
sweep,2625
sweep,2695
sweep,3020
sweep,3102
sweep,3634
sweep,2714
sweep,2439
sweep,2504
sweep,3798
sweep,3982
sweep,4112
sweep,4424
sweep,5639
sweep,8179
sweep,6312
sweep,8604
sweep,8390
sweep,8615
sweep,7318
sweep,7812
sweep,7144
sweep,792
mark,1037332
sweep,5313
sweep,4031
sweep,3953
sweep,4113
sweep,3934
sweep,4209
sweep,3925
sweep,3185
sweep,2963
sweep,3368
sweep,2977
sweep,2997
sweep,2865
sweep,2896
sweep,2589
sweep,2812
sweep,3364
sweep,3241
sweep,3109
sweep,3755
sweep,2341
sweep,2685
sweep,4187
sweep,2662
sweep,3099
sweep,2027
sweep,3377
sweep,3716
sweep,4339
sweep,3481
sweep,2915
sweep,3112
sweep,3021
sweep,2939
sweep,2802
sweep,3405
sweep,2754
sweep,2987
sweep,2492
sweep,2761
sweep,4072
sweep,3033
sweep,2741
sweep,2883
sweep,2812
sweep,3623
sweep,2645
sweep,2595
sweep,2415
sweep,5523
sweep,8775
sweep,8539
sweep,8166
sweep,7766
sweep,5853
sweep,7458
sweep,3917
sweep,4519
sweep,5053
sweep,6023
sweep,5533
sweep,5782
sweep,222
mark,1026831
sweep,4650
sweep,4201
sweep,4086
sweep,4189
sweep,3632
sweep,4221
sweep,3836
sweep,2972
sweep,3113
sweep,3435
sweep,3123
sweep,2734
sweep,2929
sweep,2805
sweep,2525
sweep,2676
sweep,3228
sweep,3354
sweep,3174
sweep,3395
sweep,2568
sweep,2780
sweep,3949
sweep,2589
sweep,3163
sweep,1904
sweep,3382
sweep,3881
sweep,4901
sweep,3803
sweep,3124
sweep,3225
sweep,3538
sweep,3057
sweep,2974
sweep,3192
sweep,2671
sweep,3200
sweep,2843
sweep,2882
sweep,3845
sweep,2683
sweep,2744
sweep,3029
sweep,3114
sweep,3438
sweep,2776
sweep,2467
sweep,2512
sweep,3570
sweep,4370
sweep,3955
sweep,4202
sweep,5896
sweep,7991
sweep,6430
sweep,9247
sweep,8182
sweep,8533
sweep,7484
sweep,7669
sweep,7050
sweep,874
mark,1031442
sweep,4574
sweep,3762
sweep,3925
sweep,4084
sweep,3658
sweep,4028
sweep,3622
sweep,3433
sweep,2852
sweep,3290
sweep,3043
sweep,2988
sweep,2698
sweep,3006
sweep,2565
sweep,2641
sweep,3491
sweep,2880
sweep,3321
sweep,3407
sweep,2461
sweep,3104
sweep,3769
sweep,2368
sweep,3031
sweep,2235
sweep,3711
sweep,3604
sweep,4584
sweep,3759
sweep,3407
sweep,3059
sweep,3067
sweep,3002
sweep,2818
sweep,3177
sweep,2953
sweep,3007
sweep,2896
sweep,2696
sweep,3782
sweep,2674
sweep,2795
sweep,3043
sweep,2751
sweep,3469
sweep,3049
sweep,2656
sweep,2757
sweep,5728
sweep,9086
sweep,9016
sweep,8686
sweep,8079
sweep,5875
sweep,7233
sweep,4132
sweep,4341
sweep,5003
sweep,6146
sweep,5930
sweep,5708
sweep,283
mark,1029692
sweep,4555
sweep,4249
sweep,4346
sweep,4102
sweep,3892
sweep,4112
sweep,3701
sweep,3117
sweep,2820
sweep,3189
sweep,3108
sweep,3210
sweep,2940
sweep,3475
sweep,2672
sweep,2958
sweep,3206
sweep,3216
sweep,3363
sweep,3331
sweep,2260
sweep,2588
sweep,4078
sweep,2667
sweep,3087
sweep,1874
sweep,3256
sweep,3694
sweep,4350
sweep,3336
sweep,3115
sweep,2931
sweep,3135
sweep,2928
sweep,2695
sweep,3352
sweep,2887
sweep,3049
sweep,2616
sweep,3028
sweep,3863
sweep,2902
sweep,2900
sweep,3055
sweep,2763
sweep,3711
sweep,2649
sweep,2510
sweep,2431
sweep,3919
sweep,4199
sweep,4310
sweep,4228
sweep,5460
sweep,8408
sweep,5935
sweep,8826
sweep,8489
sweep,8484
sweep,8225
sweep,7486
sweep,7742
sweep,833
mark,1036467
sweep,4702
sweep,3832
sweep,4018
sweep,4072
sweep,3850
sweep,4538
sweep,3634
sweep,3751
sweep,3226
sweep,3682
sweep,2991
sweep,2747
sweep,3044
sweep,2847
sweep,2644
sweep,2666
sweep,3399
sweep,2948
sweep,3010
sweep,3642
sweep,2309
sweep,2420
sweep,3761
sweep,2477
sweep,3121
sweep,2020
sweep,3399
sweep,3654
sweep,4114
sweep,3714
sweep,3400
sweep,3096
sweep,3030
sweep,3110
sweep,2815
sweep,3083
sweep,2931
sweep,3079
sweep,2548
sweep,2992
sweep,3770
sweep,2676
sweep,2692
sweep,3805
sweep,3479
sweep,3496
sweep,3019
sweep,2516
sweep,2701
sweep,5443
sweep,9103
sweep,8395
sweep,8798
sweep,8209
sweep,5827
sweep,6792
sweep,4081
sweep,4541
sweep,4236
sweep,5713
sweep,5717
sweep,6592
sweep,486
mark,1041476
sweep,5126
sweep,3884
sweep,3967
sweep,4171
sweep,3459
sweep,4262
sweep,3627
sweep,3094
sweep,2802
sweep,3065
sweep,3111
sweep,3017
sweep,2697
sweep,2973
sweep,2817
sweep,2690
sweep,3301
sweep,2898
sweep,3212
sweep,3243
sweep,2346
sweep,2797
sweep,3698
sweep,2385
sweep,3207
sweep,2192
sweep,3339
sweep,3769
sweep,4461
sweep,3932
sweep,3119
sweep,3418
sweep,3066
sweep,3108
sweep,2744
sweep,3625
sweep,2706
sweep,3126
sweep,2555
sweep,2636
sweep,3615
sweep,2753
sweep,2993
sweep,3381
sweep,3047
sweep,3406
sweep,2851
sweep,2490
sweep,2515
sweep,3535
sweep,4165
sweep,4049
sweep,4150
sweep,6093
sweep,8602
sweep,6599
sweep,8413
sweep,8705
sweep,8364
sweep,7486
sweep,7797
sweep,6982
sweep,829
mark,1028889
sweep,4810
sweep,4013
sweep,4035
sweep,4064
sweep,3691
sweep,4297
sweep,3694
sweep,3448
sweep,2871
sweep,3448
sweep,3209
sweep,2754
sweep,2662
sweep,3054
sweep,2899
sweep,2785
sweep,3371
sweep,3166
sweep,3050
sweep,3814
sweep,2543
sweep,2679
sweep,3956
sweep,2550
sweep,3633
sweep,1938
sweep,3737
sweep,3971
sweep,4344
sweep,3338
sweep,3403
sweep,3213
sweep,2858
sweep,3072
sweep,2717
sweep,3077
sweep,2777
sweep,3367
sweep,2887
sweep,2754
sweep,3703
sweep,2868
sweep,2731
sweep,2937
sweep,2723
sweep,3519
sweep,2811
sweep,2698
sweep,2423
sweep,5528
sweep,8747
sweep,8882
sweep,8583
sweep,7526
sweep,6177
sweep,6905
sweep,4303
sweep,4214
sweep,4546
sweep,6126
sweep,6049
sweep,5760
sweep,213
mark,1033384
sweep,4890
sweep,4036
sweep,4064
sweep,4490
sweep,3832
sweep,4366
sweep,3648
sweep,3410
sweep,3016
sweep,3542
sweep,3150
sweep,3076
sweep,2686
sweep,2762
sweep,2856
sweep,2694
sweep,3233
sweep,2924
sweep,3217
sweep,3716
sweep,2468
sweep,2551
sweep,4045
sweep,2381
sweep,3464
sweep,1872
sweep,3470
sweep,3638
sweep,4143
sweep,3359
sweep,3068
sweep,3067
sweep,2973
sweep,3097
sweep,2796
sweep,3288
sweep,2802
sweep,3175
sweep,2624
sweep,2689
sweep,3928
sweep,2735
sweep,2690
sweep,3266
sweep,2927
sweep,3505
sweep,2664
sweep,2629
sweep,2465
sweep,3908
sweep,3995
sweep,4123
sweep,4159
sweep,6488
sweep,7628
sweep,6081
sweep,9482
sweep,8195
sweep,8214
sweep,7987
sweep,7428
sweep,7597
sweep,787
mark,1037450
sweep,4802
sweep,4244
sweep,3897
sweep,4080
sweep,3788
sweep,4153
sweep,3649
sweep,3094
sweep,2794
sweep,3211
sweep,3325
sweep,2765
sweep,2738
sweep,2838
sweep,2543
sweep,2810
sweep,3302
sweep,3176
sweep,3092
sweep,3389
sweep,2310
sweep,2601
sweep,3680
sweep,2528
sweep,3688
sweep,1856
sweep,3700
sweep,3962
sweep,4411
sweep,3604
sweep,3138
sweep,2971
sweep,3186
sweep,3051
sweep,2793
sweep,3206
sweep,2698
sweep,3409
sweep,2515
sweep,2933
sweep,3879
sweep,2959
sweep,3358
sweep,3228
sweep,3041
sweep,3793
sweep,2674
sweep,2485
sweep,2716
sweep,5338
sweep,9151
sweep,8709
sweep,8736
sweep,7891
sweep,5831
sweep,7380
sweep,4093
sweep,4372
sweep,4263
sweep,5796
sweep,5757
sweep,5650
sweep,225
mark,1035230
sweep,4644
sweep,4308
sweep,4451
sweep,4292
sweep,3798
sweep,4114
sweep,3837
sweep,3033
sweep,2792
sweep,3179
sweep,3166
sweep,2847
sweep,3050
sweep,3101
sweep,2548
sweep,2920
sweep,3472
sweep,2905
sweep,2919
sweep,3651
sweep,2330
sweep,2504
sweep,3749
sweep,2776
sweep,3101
sweep,1952
sweep,3278
sweep,3885
sweep,4693
sweep,3533
sweep,3282
sweep,2959
sweep,2891
sweep,3073
sweep,2869
sweep,3554
sweep,3080
sweep,2997
sweep,2533
sweep,2964
sweep,4020
sweep,2951
sweep,2766
sweep,3023
sweep,2744
sweep,3601
sweep,2741
sweep,2498
sweep,2394
sweep,3520
sweep,4113
sweep,4092
sweep,4232
sweep,6080
sweep,7641
sweep,6062
sweep,8619
sweep,8443
sweep,8871
sweep,8459
sweep,7458
sweep,7872
sweep,837
mark,1037164
sweep,4857
sweep,3811
sweep,4286
sweep,3977
sweep,3852
sweep,4356
sweep,3566
sweep,3233
sweep,2931
sweep,3181
sweep,2998
sweep,2833
sweep,2645
sweep,2895
sweep,2620
sweep,2685
sweep,3217
sweep,2973
sweep,3347
sweep,3463
sweep,2367
sweep,2441
sweep,3996
sweep,2556
sweep,3305
sweep,1934
sweep,3540
sweep,3758
sweep,4153
sweep,3646
sweep,3110
sweep,3066
sweep,2981
sweep,3206
sweep,2951
sweep,3438
sweep,2658
sweep,3029
sweep,2670
sweep,2706
sweep,3806
sweep,2835
sweep,2778
sweep,2900
sweep,2830
sweep,3784
sweep,2794
sweep,2733
sweep,2705
sweep,5394
sweep,8837
sweep,8424
sweep,8429
sweep,8270
sweep,6631
sweep,6834
sweep,4374
sweep,4259
sweep,4691
sweep,6279
sweep,5775
sweep,5906
sweep,223
mark,1029078
sweep,4873
sweep,3854
sweep,4194
sweep,4019
sweep,4000
sweep,4413
sweep,3453
sweep,3025
sweep,2826
sweep,3402
sweep,3324
sweep,2749
sweep,2781
sweep,2812
sweep,3030
sweep,2731
sweep,3199
sweep,3358
sweep,3253
sweep,3352
sweep,2621
sweep,2498
sweep,3668
sweep,2402
sweep,3078
sweep,2047
sweep,3392
sweep,3520
sweep,4098
sweep,3484
sweep,3227
sweep,3089
sweep,2950
sweep,3119
sweep,2828
sweep,3427
sweep,3014
sweep,3038
sweep,2479
sweep,2713
sweep,3863
sweep,2618
sweep,2704
sweep,3417
sweep,2889
sweep,3526
sweep,3005
sweep,2554
sweep,2448
sweep,3428
sweep,3824
sweep,4057
sweep,4218
sweep,5932
sweep,8077
sweep,6128
sweep,8858
sweep,8317
sweep,8476
sweep,8101
sweep,7476
sweep,7538
sweep,828
mark,1075071
sweep,4646
sweep,4157
sweep,4327
sweep,4051
sweep,3849
sweep,4227
sweep,3484
sweep,3672
sweep,3117
sweep,3716
sweep,3317
sweep,2880
sweep,2887
sweep,3380
sweep,2639
sweep,2851
sweep,3648
sweep,3126
sweep,2886
sweep,3453
sweep,2451
sweep,2519
sweep,3971
sweep,2390
sweep,3707
sweep,1922
sweep,3430
sweep,3625
sweep,4745
sweep,3317
sweep,3240
sweep,2935
sweep,2935
sweep,2992
sweep,3141
sweep,3220
sweep,3244
sweep,3429
sweep,2914
sweep,2786
sweep,3681
sweep,2821
sweep,2833
sweep,3336
sweep,3101
sweep,3477
sweep,2809
sweep,2559
sweep,2456
sweep,5566
sweep,9059
sweep,8339
sweep,8638
sweep,8163
sweep,6265
sweep,7404
sweep,4028
sweep,4459
sweep,4812
sweep,6092
sweep,5709
sweep,5712
sweep,224
mark,1028349
sweep,4434
sweep,3971
sweep,4077
sweep,4253
sweep,3797
sweep,4079
sweep,3531
sweep,3275
sweep,2976
sweep,3126
sweep,3215
sweep,2770
sweep,2755
sweep,3134
sweep,2836
sweep,2849
sweep,3247
sweep,3094
sweep,3134
sweep,3326
sweep,2589
sweep,2910
sweep,3982
sweep,2580
sweep,3054
sweep,2110
sweep,3706
sweep,3944
sweep,4383
sweep,3470
sweep,3328
sweep,2957
sweep,2938
sweep,2946
sweep,2708
sweep,3304
sweep,2973
sweep,3087
sweep,2507
sweep,2978
sweep,3807
sweep,3227
sweep,3059
sweep,3200
sweep,2905
sweep,3812
sweep,2719
sweep,2594
sweep,2464
sweep,3593
sweep,4200
sweep,4028
sweep,4457
sweep,5545
sweep,8366
sweep,6590
sweep,8505
sweep,8566
sweep,8424
sweep,7477
sweep,7307
sweep,7015
sweep,837
mark,1037582
sweep,4524
sweep,4251
sweep,3879
sweep,4009
sweep,3516
sweep,4278
sweep,3599
sweep,3276
sweep,3171
sweep,3213
sweep,3620
sweep,2702
sweep,2801
sweep,2963
sweep,2792
sweep,2719
sweep,3191
sweep,2933
sweep,3036
sweep,3585
sweep,2681
sweep,2429
sweep,4161
sweep,2583
sweep,3628
sweep,1955
sweep,3423
sweep,4527
sweep,4304
sweep,3465
sweep,3247
sweep,3063
sweep,3369
sweep,3394
sweep,2800
sweep,3242
sweep,2825
sweep,3084
sweep,2734
sweep,2730
sweep,4087
sweep,2825
sweep,2757
sweep,2955
sweep,2925
sweep,3589
sweep,2710
sweep,2612
sweep,2516
sweep,5722
sweep,9021
sweep,8392
sweep,8642
sweep,7700
sweep,5773
sweep,7005
sweep,4041
sweep,4531
sweep,4716
sweep,6026
sweep,6014
sweep,6498
sweep,218
mark,1042800
sweep,4723
sweep,3732
sweep,4031
sweep,3940
sweep,3538
sweep,4087
sweep,3590
sweep,3292
sweep,3047
sweep,3171
sweep,3404
sweep,3101
sweep,2719
sweep,2861
sweep,2534
sweep,2789
sweep,3554
sweep,3375
sweep,3014
sweep,3495
sweep,2530
sweep,2493
sweep,3961
sweep,2642
sweep,3158
sweep,2139
sweep,3448
sweep,3771
sweep,4369
sweep,3717
sweep,3502
sweep,2989
sweep,2900
sweep,3183
sweep,2842
sweep,3266
sweep,2820
sweep,3228
sweep,2740
sweep,2672
sweep,3840
sweep,2833
sweep,2628
sweep,2895
sweep,2863
sweep,3703
sweep,2953
sweep,2464
sweep,2552
sweep,3550
sweep,3946
sweep,3970
sweep,4309
sweep,5709
sweep,8417
sweep,6191
sweep,8846
sweep,8043
sweep,8541
sweep,7378
sweep,7332
sweep,7596
sweep,828
mark,1051532
sweep,4617
sweep,3958
sweep,4080
sweep,4290
sweep,3575
sweep,4307
sweep,3598
sweep,3482
sweep,3053
sweep,3398
sweep,3041
sweep,2979
sweep,3067
sweep,2998
sweep,2603
sweep,2965
sweep,3613
sweep,2904
sweep,2999
sweep,3717
sweep,2340
sweep,2823
sweep,3697
sweep,2546
sweep,3685
sweep,2135
sweep,3402
sweep,3728
sweep,4761
sweep,3278
sweep,3016
sweep,3063
sweep,3342
sweep,3037
sweep,2820
sweep,3042
sweep,2884
sweep,3091
sweep,2606
sweep,2621
sweep,3571
sweep,2758
sweep,2749
sweep,2943
sweep,2764
sweep,3488
sweep,2698
sweep,2668
sweep,2460
sweep,5387
sweep,9171
sweep,8771
sweep,8461
sweep,7788
sweep,6115
sweep,7256
sweep,4054
sweep,4269
sweep,4900
sweep,5929
sweep,5904
sweep,5828
sweep,224
mark,1026400
sweep,5001
sweep,4400
sweep,4374
sweep,4564
sweep,3722
sweep,3839
sweep,3586
sweep,3411
sweep,2797
sweep,3099
sweep,3136
sweep,2951
sweep,2976
sweep,2771
sweep,2836
sweep,2880
sweep,3212
sweep,2916
sweep,2940
sweep,3366
sweep,2607
sweep,2483
sweep,3908
sweep,2382
sweep,3554
sweep,1811
sweep,3708
sweep,3594
sweep,4485
sweep,3617
sweep,3286
sweep,3042
sweep,2868
sweep,3146
sweep,2797
sweep,3347
sweep,2756
sweep,3307
sweep,2646
sweep,3029
sweep,3773
sweep,2727
sweep,2653
sweep,3110
sweep,2696
sweep,3355
sweep,2772
sweep,2413
sweep,2654
sweep,3840
sweep,4310
sweep,4170
sweep,4215
sweep,5647
sweep,7766
sweep,6253
sweep,8843
sweep,8351
sweep,8374
sweep,7167
sweep,7757
sweep,7079
sweep,937
mark,1035313
sweep,4672
sweep,3811
sweep,4150
sweep,4115
sweep,3862
sweep,4410
sweep,3933
sweep,3120
sweep,2898
sweep,3192
sweep,3026
sweep,2800
sweep,2730
sweep,2944
sweep,2948
sweep,2907
sweep,3173
sweep,2879
sweep,3146
sweep,3570
sweep,2285
sweep,2296
sweep,4217
sweep,2390
sweep,3581
sweep,1919
sweep,3717
sweep,3697
sweep,4330
sweep,3421
sweep,2999
sweep,3080
sweep,2897
sweep,3261
sweep,2802
sweep,3228
sweep,2807
sweep,3339
sweep,2524
sweep,2684
sweep,3758
sweep,2920
sweep,2785
sweep,2906
sweep,2930
sweep,3579
sweep,2660
sweep,2536
sweep,2768
sweep,6098
sweep,8826
sweep,8350
sweep,8681
sweep,8130
sweep,6304
sweep,7376
sweep,4154
sweep,4288
sweep,4946
sweep,6257
sweep,5872
sweep,5993
sweep,226
mark,1026031
sweep,4850
sweep,3915
sweep,3823
sweep,4248
sweep,3832
sweep,4065
sweep,3605
sweep,3342
sweep,3054
sweep,3113
sweep,3187
sweep,3016
sweep,2867
sweep,3356
sweep,2983
sweep,2656
sweep,3282
sweep,3007
sweep,3473
sweep,3549
sweep,2422
sweep,2427
sweep,4008
sweep,2737
sweep,3128
sweep,1910
sweep,3377
sweep,3660
sweep,4324
sweep,3455
sweep,3210
sweep,3039
sweep,2875
sweep,3098
sweep,2758
sweep,3227
sweep,2780
sweep,3206
sweep,2626
sweep,3225
sweep,3529
sweep,2860
sweep,2736
sweep,3099
sweep,2913
sweep,3409
sweep,3034
sweep,2516
sweep,2450
sweep,3708
sweep,4096
sweep,4135
sweep,4070
sweep,5559
sweep,8686
sweep,6468
sweep,9170
sweep,8227
sweep,8876
sweep,7602
sweep,7684
sweep,7563
sweep,929
mark,1032425
sweep,4756
sweep,4125
sweep,4082
sweep,4119
sweep,3972
sweep,4408
sweep,3700
sweep,3105
sweep,3109
sweep,3341
sweep,3254
sweep,2710
sweep,2676
sweep,3083
sweep,2792
sweep,2945
sweep,3461
sweep,2919
sweep,3044
sweep,3297
sweep,2364
sweep,2610
sweep,3713
sweep,2358
sweep,3152
sweep,2441
sweep,3460
sweep,3762
sweep,4813
sweep,3475
sweep,3239
sweep,3145
sweep,3174
sweep,3308
sweep,2979
sweep,3015
sweep,2680
sweep,3064
sweep,2708
sweep,2749
sweep,4035
sweep,2933
sweep,2654
sweep,3195
sweep,2793
sweep,3836
sweep,2965
sweep,2580
sweep,2436
sweep,5573
sweep,8917
sweep,8902
sweep,8675
sweep,8052
sweep,5871
sweep,7164
sweep,4265
sweep,4332
sweep,4307
sweep,5835
sweep,5829
sweep,5847
sweep,220
mark,1033317
sweep,4842
sweep,3956
sweep,3977
sweep,3939
sweep,3719
sweep,4576
sweep,3900
sweep,3066
sweep,2888
sweep,3370
sweep,3047
sweep,2789
sweep,2749
sweep,2706
sweep,3031
sweep,2962
sweep,3349
sweep,2885
sweep,3245
sweep,3428
sweep,2307
sweep,2781
sweep,4131
sweep,2337
sweep,3205
sweep,1947
sweep,3377
sweep,3918
sweep,3996
sweep,3687
sweep,3073
sweep,2973
sweep,3200
sweep,3194
sweep,3330
sweep,3419
sweep,2959
sweep,3020
sweep,2587
sweep,2580
sweep,3818
sweep,2822
sweep,2784
sweep,3007
sweep,3036
sweep,3373
sweep,3074
sweep,2794
sweep,2541
sweep,3494
sweep,4340
sweep,3984
sweep,4391
sweep,5804
sweep,7825
sweep,6913
sweep,8941
sweep,8322
sweep,8729
sweep,8303
sweep,7649
sweep,7313
sweep,882
mark,1041387
sweep,4849
sweep,3773
sweep,4572
sweep,4277
sweep,3495
sweep,4170
sweep,3698
sweep,3120
sweep,2785
sweep,3510
sweep,3009
sweep,3120
sweep,2669
sweep,3000
sweep,2842
sweep,2620
sweep,3358
sweep,3342
sweep,2870
sweep,4034
sweep,2294
sweep,2444
sweep,3818
sweep,2587
sweep,3560
sweep,1885
sweep,3500
sweep,3763
sweep,4797
sweep,3413
sweep,3153
sweep,2957
sweep,2856
sweep,3213
sweep,2968
sweep,3515
sweep,2976
sweep,3105
sweep,2609
sweep,2624
sweep,3677
sweep,2827
sweep,2857
sweep,3592
sweep,2804
sweep,3373
sweep,2952
sweep,2482
sweep,2567
sweep,5549
sweep,8738
sweep,8254
sweep,8844
sweep,8087
sweep,6404
sweep,7629
sweep,4146
sweep,4372
sweep,5117
sweep,6163
sweep,5705
sweep,5760
sweep,224
mark,1034362
sweep,5356
sweep,4252
sweep,4400
sweep,4035
sweep,3598
sweep,4022
sweep,3917
sweep,3392
sweep,3183
sweep,3085
sweep,3095
sweep,3063
sweep,2958
sweep,2746
sweep,2673
sweep,2838
sweep,3527
sweep,3023
sweep,3010
sweep,3570
sweep,2352
sweep,2519
sweep,3948
sweep,2488
sweep,3072
sweep,1837
sweep,3502
sweep,3653
sweep,4459
sweep,3367
sweep,3167
sweep,2961
sweep,3274
sweep,2964
sweep,2801
sweep,3211
sweep,2754
sweep,3451
sweep,2561
sweep,2712
sweep,3914
sweep,2852
sweep,2861
sweep,2960
sweep,3291
sweep,3793
sweep,2726
sweep,2567
sweep,2584
sweep,3401
sweep,3968
sweep,4252
sweep,4191
sweep,5877
sweep,8146
sweep,6111
sweep,8701
sweep,8313
sweep,8671
sweep,8102
sweep,7397
sweep,7705
sweep,843
mark,1036705
sweep,5010
sweep,4055
sweep,4181
sweep,4208
sweep,3595
sweep,4078
sweep,3833
sweep,3169
sweep,2861
sweep,3240
sweep,3373
sweep,2844
sweep,2797
sweep,3070
sweep,2646
sweep,2998
sweep,3563
sweep,2935
sweep,3178
sweep,3530
sweep,2443
sweep,2365
sweep,3912
sweep,2516
sweep,3499
sweep,1906
sweep,3482
sweep,3969
sweep,5042
sweep,3373
sweep,3156
sweep,3201
sweep,3172
sweep,2930
sweep,3163
sweep,3128
sweep,3281
sweep,3258
sweep,2750
sweep,2688
sweep,4023
sweep,3041
sweep,2681
sweep,3253
sweep,2921
sweep,3425
sweep,2812
sweep,2865
sweep,2474
sweep,6024
sweep,8900
sweep,8192
sweep,9005
sweep,7744
sweep,6345
sweep,7445
sweep,3947
sweep,4831
sweep,4311
sweep,5702
sweep,5749
sweep,5881
sweep,360
mark,1131427
sweep,4619
sweep,3943
sweep,4247
sweep,3892
sweep,3759
sweep,4231
sweep,3594
sweep,3361
sweep,2826
sweep,3141
sweep,3088
sweep,2721
sweep,2686
sweep,2767
sweep,2555
sweep,2653
sweep,3518
sweep,2827
sweep,3122
sweep,3591
sweep,2227
sweep,2685
sweep,3782
sweep,2541
sweep,3338
sweep,2135
sweep,3386
sweep,3934
sweep,4277
sweep,3528
sweep,3174
sweep,3128
sweep,2840
sweep,3272
sweep,2878
sweep,3315
sweep,3046
sweep,3461
sweep,2512
sweep,2730
sweep,3716
sweep,2686
sweep,2673
sweep,2961
sweep,2796
sweep,3349
sweep,3072
sweep,2834
sweep,2782
sweep,3645
sweep,3967
sweep,4030
sweep,4132
sweep,5769
sweep,7851
sweep,6497
sweep,9437
sweep,8117
sweep,8977
sweep,7475
sweep,7677
sweep,7095
sweep,782
mark,1037371
sweep,4674
sweep,4021
sweep,4149
sweep,4152
sweep,3442
sweep,4065
sweep,3878
sweep,3381
sweep,3019
sweep,3137
sweep,3400
sweep,2699
sweep,2882
sweep,2848
sweep,2842
sweep,3110
sweep,3218
sweep,2927
sweep,3253
sweep,3406
sweep,2628
sweep,2637
sweep,3749
sweep,2700
sweep,3036
sweep,1980
sweep,3485
sweep,3992
sweep,4246
sweep,3651
sweep,3451
sweep,3512
sweep,2962
sweep,3067
sweep,2781
sweep,3242
sweep,2726
sweep,3055
sweep,2565
sweep,2657
sweep,3693
sweep,2807
sweep,2917
sweep,2934
sweep,2994
sweep,4021
sweep,2669
sweep,2566
sweep,2690
sweep,5598
sweep,9176
sweep,8810
sweep,8633
sweep,7927
sweep,5950
sweep,7348
sweep,4204
sweep,4389
sweep,4976
sweep,6294
sweep,5979
sweep,5688
sweep,222
mark,1036704
sweep,5031
sweep,4004
sweep,4008
sweep,4294
sweep,3529
sweep,3938
sweep,3754
sweep,3352
sweep,2812
sweep,3092
sweep,3527
sweep,2800
sweep,2941
sweep,2847
sweep,2580
sweep,2786
sweep,3229
sweep,2855
sweep,2978
sweep,3770
sweep,2351
sweep,2624
sweep,3739
sweep,2574
sweep,3063
sweep,2137
sweep,3426
sweep,3763
sweep,4309
sweep,3554
sweep,3329
sweep,2936
sweep,3437
sweep,3308
sweep,2998
sweep,3170
sweep,2761
sweep,3061
sweep,2540
sweep,2639
sweep,3785
sweep,2748
sweep,2844
sweep,3136
sweep,2809
sweep,3574
sweep,3137
sweep,2757
sweep,2417
sweep,3543
sweep,3970
sweep,4106
sweep,4245
sweep,6147
sweep,8071
sweep,5935
sweep,8607
sweep,8362
sweep,8459
sweep,7158
sweep,7079
sweep,7184
sweep,815
mark,1037624
sweep,5081
sweep,3973
sweep,3978
sweep,4227
sweep,3757
sweep,4275
sweep,4031
sweep,3414
sweep,2924
sweep,3132
sweep,3264
sweep,2995
sweep,2915
sweep,2982
sweep,3000
sweep,2856
sweep,3210
sweep,2981
sweep,3218
sweep,3475
sweep,2361
sweep,2351
sweep,4157
sweep,2366
sweep,3024
sweep,1941
sweep,3329
sweep,3824
sweep,4501
sweep,3650
sweep,3171
sweep,2946
sweep,3046
sweep,3020
sweep,2841
sweep,3490
sweep,3065
sweep,3195
sweep,2852
sweep,2652
sweep,4016
sweep,2592
sweep,2749
sweep,2918
sweep,2824
sweep,3391
sweep,2799
sweep,2589
sweep,2425
sweep,5533
sweep,8732
sweep,8938
sweep,8805
sweep,8306
sweep,5557
sweep,7153
sweep,3966
sweep,4625
sweep,5110
sweep,6032
sweep,5424
sweep,5946
sweep,224
mark,1030435
sweep,4863
sweep,3713
sweep,4369
sweep,3970
sweep,3769
sweep,4119
sweep,3576
sweep,3182
sweep,2761
sweep,2966
sweep,3034
sweep,2715
sweep,2957
sweep,2848
sweep,2736
sweep,2989
sweep,3297
sweep,2927
sweep,2918
sweep,3454
sweep,2387
sweep,2398
sweep,3766
sweep,2368
sweep,3100
sweep,2378
sweep,3601
sweep,3762
sweep,5031
sweep,3616
sweep,3026
sweep,2973
sweep,2881
sweep,3064
sweep,3108
sweep,3328
sweep,2847
sweep,3159
sweep,2647
sweep,2635
sweep,4038
sweep,2976
sweep,2826
sweep,2925
sweep,2764
sweep,3450
sweep,2924
sweep,2706
sweep,2401
sweep,3839
sweep,3823
sweep,4179
sweep,4117
sweep,5712
sweep,7982
sweep,6567
sweep,8465
sweep,8442
sweep,8471
sweep,7448
sweep,7221
sweep,7175
sweep,829
mark,1036745
sweep,5008
sweep,4123
sweep,3864
sweep,4066
sweep,3679
sweep,4142
sweep,3582
sweep,3477
sweep,3268
sweep,3288
sweep,2949
sweep,3289
sweep,2752
sweep,2981
sweep,2605
sweep,2970
sweep,3189
sweep,2876
sweep,3388
sweep,3643
sweep,2375
sweep,2455
sweep,3851
sweep,2576
sweep,3128
sweep,1967
sweep,3423
sweep,3631
sweep,4549
sweep,3855
sweep,3135
sweep,3301
sweep,2903
sweep,3091
sweep,3304
sweep,3106
sweep,2945
sweep,3411
sweep,2614
sweep,2617
sweep,3774
sweep,2607
sweep,2928
sweep,3088
sweep,2846
sweep,3449
sweep,2761
sweep,2786
sweep,2633
sweep,5285
sweep,8404
sweep,8967
sweep,8521
sweep,7746
sweep,5658
sweep,7171
sweep,3854
sweep,4417
sweep,4724
sweep,6208
sweep,5699
sweep,5847
sweep,225
mark,1029361
sweep,5014
sweep,3749
sweep,3901
sweep,3927
sweep,3784
sweep,4140
sweep,3471
sweep,3305
sweep,2834
sweep,3133
sweep,3186
sweep,2656
sweep,2809
sweep,2802
sweep,2545
sweep,3218
sweep,3662
sweep,2880
sweep,3080
sweep,3510
sweep,2656
sweep,2590
sweep,3914
sweep,2354
sweep,3621
sweep,1907
sweep,3635
sweep,3628
sweep,4291
sweep,3352
sweep,3175
sweep,2970
sweep,2990
sweep,3088
sweep,2839
sweep,3459
sweep,2843
sweep,3105
sweep,2503
sweep,2782
sweep,4141
sweep,3204
sweep,2614
sweep,3152
sweep,2813
sweep,3510
sweep,2912
sweep,2746
sweep,2405
sweep,3715
sweep,4048
sweep,3902
sweep,4015
sweep,6205
sweep,7762
sweep,5916
sweep,8438
sweep,8696
sweep,8462
sweep,8344
sweep,7628
sweep,7383
sweep,834
mark,1028970
sweep,5000
sweep,4360
sweep,4296
sweep,4111
sweep,3944
sweep,4288
sweep,3608
sweep,3119
sweep,2993
sweep,3659
sweep,2950
sweep,3195
sweep,3022
sweep,3104
sweep,2714
sweep,3011
sweep,3334
sweep,3074
sweep,3131
sweep,3398
sweep,2490
sweep,2383
sweep,3757
sweep,2469
sweep,3128
sweep,2003
sweep,3569
sweep,3899
sweep,4276
sweep,3719
sweep,3569
sweep,2933
sweep,2789
sweep,3252
sweep,2719
sweep,3140
sweep,3035
sweep,3482
sweep,2584
sweep,3236
sweep,3950
sweep,2486
sweep,3225
sweep,3282
sweep,3048
sweep,3592
sweep,2822
sweep,2712
sweep,2441
sweep,6043
sweep,9500
sweep,8405
sweep,8640
sweep,8163
sweep,5729
sweep,7152
sweep,3917
sweep,4385
sweep,4921
sweep,6303
sweep,5904
sweep,5804
sweep,227
mark,1027414
sweep,4666
sweep,4162
sweep,4426
sweep,4377
sweep,3526
sweep,3975
sweep,3952
sweep,3358
sweep,3122
sweep,3397
sweep,3098
sweep,2685
sweep,2903
sweep,3093
sweep,2821
sweep,2748
sweep,3444
sweep,2922
sweep,3146
sweep,3839
sweep,2627
sweep,2526
sweep,3785
sweep,2553
sweep,3647
sweep,2136
sweep,3435
sweep,3891
sweep,4373
sweep,3405
sweep,3191
sweep,3099
sweep,2925
sweep,3121
sweep,3064
sweep,3284
sweep,2796
sweep,3121
sweep,2784
sweep,2846
sweep,3956
sweep,2791
sweep,2707
sweep,3052
sweep,2983
sweep,3370
sweep,3007
sweep,2593
sweep,2403
sweep,3658
sweep,3984
sweep,4104
sweep,4417
sweep,6000
sweep,7729
sweep,6161
sweep,8288
sweep,8192
sweep,8410
sweep,7331
sweep,7577
sweep,7160
sweep,834
mark,1028332
sweep,4930
sweep,3973
sweep,4021
sweep,4360
sweep,3706
sweep,4065
sweep,3535
sweep,3277
sweep,2772
sweep,3256
sweep,3233
sweep,2752
sweep,3044
sweep,2842
sweep,2585
sweep,2703
sweep,3400
sweep,2902
sweep,3288
sweep,3478
sweep,2365
sweep,2513
sweep,3895
sweep,2507
sweep,3124
sweep,1942
sweep,3368
sweep,3771
sweep,4479
sweep,3678
sweep,7557
sweep,3244
sweep,2880
sweep,3323
sweep,3173
sweep,3030
sweep,2922
sweep,3109
sweep,2448
sweep,2710
sweep,3916
sweep,2915
sweep,2762
sweep,3063
sweep,2786
sweep,4071
sweep,2758
sweep,2533
sweep,2497
sweep,5723
sweep,8705
sweep,9072
sweep,8518
sweep,7919
sweep,5855
sweep,7206
sweep,3951
sweep,4268
sweep,4713
sweep,6142
sweep,5952
sweep,5788
sweep,222
mark,1030276
sweep,4602
sweep,4053
sweep,4459
sweep,4143
sweep,3714
sweep,3964
sweep,3577
sweep,3034
sweep,2908
sweep,3492
sweep,3092
sweep,2786
sweep,2742
sweep,2880
sweep,3012
sweep,2701
sweep,3759
sweep,3294
sweep,3133
sweep,3501
sweep,2589
sweep,2457
sweep,3791
sweep,2446
sweep,3399
sweep,2183
sweep,3420
sweep,4112
sweep,4807
sweep,3286
sweep,3355
sweep,3036
sweep,2867
sweep,3050
sweep,2722
sweep,3204
sweep,2912
sweep,3144
sweep,2800
sweep,2670
sweep,3718
sweep,3046
sweep,2710
sweep,3035
sweep,3081
sweep,3323
sweep,2732
sweep,2466
sweep,2548
sweep,3672
sweep,3892
sweep,3905
sweep,4100
sweep,5785
sweep,8094
sweep,6843
sweep,8544
sweep,8353
sweep,8443
sweep,7111
sweep,7168
sweep,7056
sweep,804
mark,1026841
sweep,4574
sweep,4026
sweep,4544
sweep,3989
sweep,3705
sweep,4202
sweep,3639
sweep,3027
sweep,3096
sweep,3205
sweep,3258
sweep,2940
sweep,2730
sweep,2852
sweep,2859
sweep,2960
sweep,3322
sweep,3150
sweep,3304
sweep,3923
sweep,2614
sweep,2415
sweep,3700
sweep,2424
sweep,3240
sweep,1868
sweep,3281
sweep,4171
sweep,4385
sweep,3255
sweep,3187
sweep,2959
sweep,2849
sweep,2979
sweep,2795
sweep,3233
sweep,2942
sweep,3050
sweep,2470
sweep,2986
sweep,3891
sweep,2646
sweep,2812
sweep,2979
sweep,3142
sweep,3561
sweep,2795
sweep,2542
sweep,2459
sweep,5511
sweep,8937
sweep,8492
sweep,8563
sweep,7767
sweep,6198
sweep,7305
sweep,3897
sweep,4630
sweep,4861
sweep,6236
sweep,6023
sweep,5726
sweep,237
mark,1025761
sweep,4766
sweep,4327
sweep,4473
sweep,4289
sweep,3624
sweep,4036
sweep,3588
sweep,3117
sweep,3062
sweep,3188
sweep,3116
sweep,2825
sweep,3006
sweep,2940
sweep,2665
sweep,2791
sweep,3621
sweep,2975
sweep,3023
sweep,3899
sweep,2477
sweep,2479
sweep,3691
sweep,2371
sweep,3501
sweep,1931
sweep,3307
sweep,3589
sweep,4291
sweep,3418
sweep,3257
sweep,3127
sweep,2831
sweep,2969
sweep,2702
sweep,3351
sweep,2755
sweep,3044
sweep,2759
sweep,2728
sweep,3709
sweep,2602
sweep,2730
sweep,3110
sweep,3090
sweep,3720
sweep,2997
sweep,2588
sweep,2597
sweep,3464
sweep,3980
sweep,3995
sweep,4472
sweep,5661
sweep,8033
sweep,6297
sweep,8789
sweep,8443
sweep,8753
sweep,8212
sweep,7321
sweep,7681
sweep,840
mark,1031977
sweep,4999
sweep,3756
sweep,4163
sweep,4251
sweep,3743
sweep,4363
sweep,3812
sweep,3152
sweep,3122
sweep,3179
sweep,2992
sweep,2984
sweep,2920
sweep,2907
sweep,2557
sweep,2803
sweep,3196
sweep,3136
sweep,3289
sweep,3431
sweep,2415
sweep,2629
sweep,3803
sweep,2351
sweep,3083
sweep,1859
sweep,3501
sweep,3868
sweep,4345
sweep,3627
sweep,3193
sweep,3057
sweep,3109
sweep,3037
sweep,3112
sweep,3094
sweep,3196
sweep,3285
sweep,2978
sweep,2833
sweep,4026
sweep,2862
sweep,2661
sweep,2948
sweep,2842
sweep,3923
sweep,2836
sweep,2512
sweep,2684
sweep,5887
sweep,9277
sweep,8576
sweep,8101
sweep,8349
sweep,6163
sweep,7203
sweep,3933
sweep,4272
sweep,4708
sweep,6195
sweep,5624
sweep,5864
sweep,229
mark,1035902
sweep,4671
sweep,3944
sweep,3845
sweep,4310
sweep,3901
sweep,3923
sweep,3752
sweep,3185
sweep,3170
sweep,3593
sweep,3404
sweep,3084
sweep,2965
sweep,2830
sweep,2775
sweep,2709
sweep,3402
sweep,2972
sweep,3529
sweep,3468
sweep,2358
sweep,2677
sweep,4060
sweep,2826
sweep,3086
sweep,2296
sweep,3463
sweep,3617
sweep,4573
sweep,3222
sweep,3123
sweep,3286
sweep,2830
sweep,3395
sweep,2815
sweep,3278
sweep,2791
sweep,3014
sweep,2799
sweep,2982
sweep,3799
sweep,2677
sweep,2693
sweep,2870
sweep,2893
sweep,3447
sweep,2902
sweep,2564
sweep,2545
sweep,3946
sweep,4068
sweep,3844
sweep,4184
sweep,5694
sweep,8307
sweep,6388
sweep,8637
sweep,8149
sweep,8508
sweep,7307
sweep,6978
sweep,6972
sweep,828
mark,1030141
sweep,5076
sweep,4024
sweep,3939
sweep,4168
sweep,4009
sweep,4251
sweep,4137
sweep,3371
sweep,3130
sweep,3398
sweep,3337
sweep,2747
sweep,2694
sweep,3032
sweep,2631
sweep,2988
sweep,3409
sweep,2949
sweep,3255
sweep,3687
sweep,2406
sweep,2555
sweep,3872
sweep,2398
sweep,3084
sweep,1956
sweep,3475
sweep,3610
sweep,4546
sweep,3655
sweep,3060
sweep,2920
sweep,3179
sweep,3398
sweep,2777
sweep,3082
sweep,3053
sweep,3317
sweep,2692
sweep,2696
sweep,3851
sweep,2706
sweep,2689
sweep,2928
sweep,2878
sweep,3894
sweep,2699
sweep,2824
sweep,2440
sweep,5677
sweep,8895
sweep,8774
sweep,8710
sweep,8276
sweep,6201
sweep,7592
sweep,4034
sweep,4544
sweep,4564
sweep,5837
sweep,6047
sweep,5873
sweep,226
mark,1027451
sweep,5386
sweep,4179
sweep,4379
sweep,3974
sweep,3593
sweep,4263
sweep,3594
sweep,3007
sweep,2843
sweep,3667
sweep,3185
sweep,3307
sweep,2624
sweep,2813
sweep,2929
sweep,2927
sweep,3462
sweep,3315
sweep,2958
sweep,3452
sweep,2288
sweep,2548
sweep,4070
sweep,2468
sweep,3146
sweep,1955
sweep,3543
sweep,4181
sweep,4095
sweep,3544
sweep,3117
sweep,3219
sweep,3149
sweep,3012
sweep,2716
sweep,3258
sweep,2849
sweep,2980
sweep,2497
sweep,2647
sweep,3982
sweep,2714
sweep,2738
sweep,3004
sweep,2872
sweep,3842
sweep,2857
sweep,2594
sweep,2476
sweep,3553
sweep,4092
sweep,3916
sweep,4181
sweep,5730
sweep,8055
sweep,5935
sweep,8741
sweep,8555
sweep,8765
sweep,8132
sweep,7346
sweep,7651
sweep,843
mark,1030865
sweep,4873
sweep,3893
sweep,4224
sweep,4380
sweep,3552
sweep,4314
sweep,3725
sweep,3310
sweep,2853
sweep,3579
sweep,2946
sweep,2984
sweep,2630
sweep,2828
sweep,2723
sweep,2743
sweep,3517
sweep,2990
sweep,3018
sweep,3587
sweep,2487
sweep,2720
sweep,3778
sweep,2496
sweep,3633
sweep,1946
sweep,3760
sweep,3690
sweep,4720
sweep,3662
sweep,3403
sweep,2870
sweep,3149
sweep,3036
sweep,2705
sweep,3122
sweep,2988
sweep,3075
sweep,2847
sweep,2650
sweep,3742
sweep,3013
sweep,2731
sweep,3434
sweep,2837
sweep,3797
sweep,2839
sweep,2771
sweep,2701
sweep,5724
sweep,8388
sweep,8909
sweep,8826
sweep,8102
sweep,5785
sweep,6603
sweep,4072
sweep,4385
sweep,4912
sweep,6146
sweep,5716
sweep,6354
sweep,247
mark,1034330
sweep,4719
sweep,4241
sweep,4329
sweep,4061
sweep,3842
sweep,4141
sweep,3722
sweep,2993
sweep,2835
sweep,2972
sweep,3086
sweep,2957
sweep,2618
sweep,3025
sweep,2777
sweep,2983
sweep,3305
sweep,3408
sweep,2973
sweep,3518
sweep,2270
sweep,2480
sweep,4206
sweep,2475
sweep,3204
sweep,1950
sweep,3404
sweep,3870
sweep,4419
sweep,3308
sweep,3316
sweep,3025
sweep,2922
sweep,3132
sweep,2801
sweep,3256
sweep,2886
sweep,3183
sweep,2525
sweep,3067
sweep,3789
sweep,2854
sweep,2906
sweep,3156
sweep,2853
sweep,3470
sweep,2728
sweep,2567
sweep,2673
sweep,3752
sweep,4045
sweep,4032
sweep,4136
sweep,5717
sweep,8463
sweep,6587
sweep,8661
sweep,8490
sweep,8791
sweep,8280
sweep,7277
sweep,7533
sweep,823
mark,1034608
sweep,5058
sweep,4085
sweep,3842
sweep,4004
sweep,3759
sweep,4334
sweep,3694
sweep,3000
sweep,3210
sweep,3625
sweep,2934
sweep,3025
sweep,2577
sweep,2840
sweep,2627
sweep,2773
sweep,3449
sweep,2904
sweep,3200
sweep,3390
sweep,2292
sweep,2563
sweep,3931
sweep,2412
sweep,3093
sweep,2059
sweep,3756
sweep,3586
sweep,4354
sweep,3924
sweep,3083
sweep,2936
sweep,3383
sweep,3072
sweep,3032
sweep,3694
sweep,3076
sweep,3107
sweep,2494
sweep,2701
sweep,4156
sweep,2836
sweep,2791
sweep,3226
sweep,3326
sweep,3424
sweep,2808
sweep,2548
sweep,2777
sweep,5505
sweep,9058
sweep,8494
sweep,8572
sweep,8216
sweep,5752
sweep,7514
sweep,4203
sweep,4246
sweep,4736
sweep,6314
sweep,5707
sweep,5755
sweep,227
mark,1026965
sweep,4566
sweep,4110
sweep,3936
sweep,4236
sweep,4021
sweep,4031
sweep,3602
sweep,3069
sweep,2974
sweep,3125
sweep,3086
sweep,2774
sweep,2992
sweep,2889
sweep,2680
sweep,2842
sweep,3360
sweep,2933
sweep,3061
sweep,3421
sweep,2232
sweep,2544
sweep,4305
sweep,2553
sweep,3043
sweep,2165
sweep,3793
sweep,3953
sweep,4676
sweep,3386
sweep,3375
sweep,2996
sweep,2994
sweep,3231
sweep,2736
sweep,3244
sweep,2867
sweep,3224
sweep,2484
sweep,2660
sweep,3799
sweep,3003
sweep,2675
sweep,3252
sweep,3082
sweep,3762
sweep,2997
sweep,2618
sweep,2433
sweep,3784
sweep,3962
sweep,4119
sweep,4173
sweep,6200
sweep,7956
sweep,5977
sweep,9048
sweep,8295
sweep,8581
sweep,7164
sweep,7210
sweep,7119
sweep,923
mark,1033827
sweep,4802
sweep,3853
sweep,3996
sweep,3917
sweep,3618
sweep,4026
sweep,3934
sweep,3145
sweep,2804
sweep,3196
sweep,3007
sweep,2822
sweep,2682
sweep,2908
sweep,2628
sweep,2693
sweep,3295
sweep,2976
sweep,3166
sweep,3514
sweep,2362
sweep,2392
sweep,3646
sweep,2454
sweep,3238
sweep,1958
sweep,3477
sweep,3716
sweep,4804
sweep,3354
sweep,3216
sweep,2999
sweep,3418
sweep,3152
sweep,2977
sweep,3570
sweep,2736
sweep,3058
sweep,2451
sweep,2981
sweep,4295
sweep,2677
sweep,2958
sweep,3032
sweep,2964
sweep,3653
sweep,2724
sweep,2674
sweep,2536
sweep,5385
sweep,8978
sweep,8865
sweep,8153
sweep,7860
sweep,5787
sweep,7427
sweep,4077
sweep,4242
sweep,4253
sweep,6003
sweep,5695
sweep,5923
sweep,239
mark,1026605
sweep,4756
sweep,4104
sweep,3878
sweep,4043
sweep,3748
sweep,4052
sweep,3949
sweep,3372
sweep,2786
sweep,3266
sweep,3150
sweep,2793
sweep,2822
sweep,2898
sweep,2735
sweep,2964
sweep,3373
sweep,3071
sweep,3056
sweep,3437
sweep,2542
sweep,2659
sweep,3728
sweep,2575
sweep,3093
sweep,2128
sweep,3401
sweep,3693
sweep,4104
sweep,3344
sweep,3160
sweep,3094
sweep,2897
sweep,3085
sweep,2831
sweep,3226
sweep,2805
sweep,3065
sweep,2934
sweep,2638
sweep,3967
sweep,2896
sweep,2688
sweep,3386
sweep,2823
sweep,3669
sweep,2737
sweep,2564
sweep,2748
sweep,3471
sweep,4025
sweep,4101
sweep,4201
sweep,6172
sweep,7594
sweep,6199
sweep,8245
sweep,8356
sweep,8356
sweep,8257
sweep,7333
sweep,7740
sweep,930
mark,1039591
sweep,5018
sweep,3708
sweep,4265
sweep,4274
sweep,3577
sweep,4078
sweep,3791
sweep,3163
sweep,3063
sweep,3165
sweep,3643
sweep,2815
sweep,2715
sweep,3088
sweep,2627
sweep,2763
sweep,3713
sweep,3117
sweep,3139
sweep,3742
sweep,2378
sweep,2655
sweep,3950
sweep,2417
sweep,3525
sweep,1868
sweep,3487
sweep,3616
sweep,4552
sweep,3580
sweep,3104
sweep,2983
sweep,2947
sweep,3047
sweep,2733
sweep,3334
sweep,2743
sweep,3207
sweep,2438
sweep,2875
sweep,3871
sweep,3208
sweep,2993
sweep,2836
sweep,2867
sweep,3419
sweep,2787
sweep,2509
sweep,2410
sweep,5530
sweep,9109
sweep,8651
sweep,8535
sweep,8183
sweep,5956
sweep,7694
sweep,4180
sweep,4278
sweep,4755
sweep,6082
sweep,5573
sweep,5957
sweep,253
mark,1030851
sweep,4546
sweep,3909
sweep,4285
sweep,4109
sweep,3590
sweep,4114
sweep,3476
sweep,3339
sweep,2839
sweep,3212
sweep,3363
sweep,3167
sweep,2698
sweep,2957
sweep,2567
sweep,2951
sweep,3315
sweep,3398
sweep,3024
sweep,3426
sweep,2332
sweep,2523
sweep,3739
sweep,2507
sweep,3066
sweep,2197
sweep,3316
sweep,3718
sweep,4103
sweep,3333
sweep,3215
sweep,3154
sweep,2938
sweep,3009
sweep,2835
sweep,3417
sweep,2748
sweep,3019
sweep,2516
sweep,2887
sweep,3779
sweep,2762
sweep,2827
sweep,2989
sweep,3049
sweep,3428
sweep,3039
sweep,2753
sweep,2465
sweep,3385
sweep,4082
sweep,4043
sweep,4128
sweep,5802
sweep,8296
sweep,6414
sweep,8591
sweep,8669
sweep,8431
sweep,7166
sweep,7059
sweep,7100
sweep,836
mark,1036352
sweep,4809
sweep,3884
sweep,3937
sweep,4083
sweep,3794
sweep,4235
sweep,3654
sweep,3104
sweep,2959
sweep,3189
sweep,3032
sweep,2733
sweep,2863
sweep,2871
sweep,2572
sweep,2773
sweep,3280
sweep,3010
sweep,3064
sweep,3447
sweep,2551
sweep,2455
sweep,4271
sweep,2534
sweep,3367
sweep,2194
sweep,3418
sweep,3640
sweep,4519
sweep,3293
sweep,3132
sweep,2881
sweep,3101
sweep,2976
sweep,2845
sweep,3162
sweep,2822
sweep,3038
sweep,2716
sweep,2637
sweep,3892
sweep,3122
sweep,2853
sweep,2951
sweep,2910
sweep,3449
sweep,2775
sweep,2523
sweep,2592
sweep,5402
sweep,8837
sweep,8616
sweep,8477
sweep,7689
sweep,6050
sweep,6818
sweep,4011
sweep,4262
sweep,4816
sweep,6102
sweep,5465
sweep,6004
sweep,219
mark,1027080
sweep,4673
sweep,8772
sweep,4192
sweep,3875
sweep,3652
sweep,4113
sweep,3628
sweep,3249
sweep,2758
sweep,3347
sweep,3071
sweep,2923
sweep,2882
sweep,2708
sweep,2552
sweep,2896
sweep,3216
sweep,3243
sweep,3072
sweep,3494
sweep,2320
sweep,2553
sweep,3756
sweep,2378
sweep,3598
sweep,1887
sweep,3308
sweep,3627
sweep,4751
sweep,3498
sweep,3154
sweep,2991
sweep,3346
sweep,3013
sweep,2764
sweep,3429
sweep,3145
sweep,2992
sweep,2897
sweep,2903
sweep,4032
sweep,2957
sweep,2628
sweep,3100
sweep,3010
sweep,3629
sweep,2808
sweep,2457
sweep,2753
sweep,3477
sweep,4257
sweep,4049
sweep,4098
sweep,6148
sweep,7663
sweep,6020
sweep,8868
sweep,8877
sweep,8188
sweep,8358
sweep,7336
sweep,7578
sweep,802
mark,1032079
sweep,4890
sweep,3936
sweep,4320
sweep,4073
sweep,3706
sweep,4074
sweep,3577
sweep,3099
sweep,3177
sweep,3506
sweep,3255
sweep,2730
sweep,2759
sweep,2890
sweep,2660
sweep,2742
sweep,3580
sweep,3099
sweep,2960
sweep,3404
sweep,2405
sweep,2600
sweep,4007
sweep,2255
sweep,3559
sweep,1950
sweep,3422
sweep,3878
sweep,4517
sweep,3586
sweep,3144
sweep,3007
sweep,2881
sweep,3253
sweep,2713
sweep,3429
sweep,3039
sweep,3267
sweep,2593
sweep,2817
sweep,3854
sweep,2626
sweep,2717
sweep,2897
sweep,2795
sweep,3425
sweep,2765
sweep,2435
sweep,2661
sweep,5507
sweep,8843
sweep,8629
sweep,8633
sweep,7785
sweep,6114
sweep,6880
sweep,4028
sweep,4330
sweep,4791
sweep,6248
sweep,5925
sweep,6006
sweep,236
mark,1030829
sweep,4467
sweep,3923
sweep,3829
sweep,4325
sweep,3700
sweep,4166
sweep,3589
sweep,3397
sweep,3030
sweep,3204
sweep,3416
sweep,2738
sweep,2761
sweep,2911
sweep,2591
sweep,2726
sweep,3280
sweep,3403
sweep,2985
sweep,3426
sweep,2349
sweep,2481
sweep,3851
sweep,2473
sweep,3078
sweep,2150
sweep,3399
sweep,3633
sweep,4686
sweep,3654
sweep,3320
sweep,3146
sweep,2940
sweep,3052
sweep,2755
sweep,3194
sweep,3048
sweep,3271
sweep,2632
sweep,2689
sweep,3730
sweep,2849
sweep,3041
sweep,3292
sweep,2742
sweep,3578
sweep,2779
sweep,2454
sweep,2520
sweep,3394
sweep,4040
sweep,4075
sweep,4070
sweep,6016
sweep,7775
sweep,5958
sweep,8789
sweep,8253
sweep,8212
sweep,8439
sweep,7422
sweep,7851
sweep,833
mark,1057927
sweep,4964
sweep,3905
sweep,4356
sweep,4210
sweep,3497
sweep,4206
sweep,3978
sweep,3165
sweep,2942
sweep,3314
sweep,3254
sweep,2759
sweep,2684
sweep,2833
sweep,2702
sweep,2616
sweep,3230
sweep,2907
sweep,2952
sweep,3780
sweep,2656
sweep,2570
sweep,3769
sweep,2482
sweep,3228
sweep,2244
sweep,3477
sweep,3937
sweep,4353
sweep,3642
sweep,3090
sweep,3029
sweep,2924
sweep,3390
sweep,2985
sweep,3119
sweep,2699
sweep,3189
sweep,2791
sweep,2761
sweep,3836
sweep,2905
sweep,10908
sweep,3017
sweep,3609
sweep,3451
sweep,2840
sweep,2716
sweep,2590
sweep,5551
sweep,8476
sweep,8660
sweep,8369
sweep,7543
sweep,5715
sweep,7188
sweep,3980
sweep,4610
sweep,5006
sweep,6162
sweep,5891
sweep,5794
sweep,224
mark,1045316
sweep,4797
sweep,3852
sweep,4039
sweep,3915
sweep,3814
sweep,4100
sweep,3500
sweep,3078
sweep,3024
sweep,3292
sweep,3061
sweep,2994
sweep,2662
sweep,3035
sweep,2704
sweep,2689
sweep,3457
sweep,2886
sweep,3224
sweep,3614
sweep,2314
sweep,2468
sweep,3811
sweep,2590
sweep,3206
sweep,2066
sweep,3548
sweep,3614
sweep,4789
sweep,3765
sweep,3128
sweep,3497
sweep,3041
sweep,2929
sweep,2906
sweep,3409
sweep,2689
sweep,3189
sweep,2634
sweep,3034
sweep,3582
sweep,3063
sweep,2821
sweep,3119
sweep,2865
sweep,3420
sweep,2810
sweep,2614
sweep,2708
sweep,3372
sweep,3970
sweep,4020
sweep,4368
sweep,6124
sweep,7714
sweep,6475
sweep,8580
sweep,8577
sweep,8394
sweep,7496
sweep,7183
sweep,7129
sweep,933
mark,1033697
sweep,5101
sweep,4276
sweep,3965
sweep,4180
sweep,3914
sweep,4267
sweep,3658
sweep,3295
sweep,3091
sweep,3311
sweep,2954
sweep,3136
sweep,2789
sweep,2720
sweep,2610
sweep,3022
sweep,3605
sweep,3254
sweep,3072
sweep,3463
sweep,2500
sweep,2498
sweep,3800
sweep,2372
sweep,3701
sweep,1945
sweep,3309
sweep,3900
sweep,4426
sweep,3588
sweep,2998
sweep,2997
sweep,2927
sweep,3048
sweep,2876
sweep,3126
sweep,2934
sweep,3392
sweep,2472
sweep,2689
sweep,3981
sweep,3198
sweep,2833
sweep,3136
sweep,2980
sweep,3434
sweep,2844
sweep,2551
sweep,2435
sweep,5646
sweep,8965
sweep,8368
sweep,8553
sweep,8056
sweep,6161
sweep,7610
sweep,4112
sweep,4538
sweep,5023
sweep,6176
sweep,5525
sweep,5801
sweep,235
mark,1027149
sweep,5003
sweep,4607
sweep,4539
sweep,4200
sweep,3852
sweep,4269
sweep,3554
sweep,3271
sweep,2806
sweep,3319
sweep,3061
sweep,2827
sweep,2654
sweep,2873
sweep,2695
sweep,3071
sweep,3231
sweep,3138
sweep,3034
sweep,3498
sweep,2580
sweep,2384
sweep,3698
sweep,2662
sweep,3173
sweep,1936
sweep,3747
sweep,3678
sweep,4210
sweep,3216
sweep,3364
sweep,2962
sweep,3284
sweep,3203
sweep,2858
sweep,3124
sweep,2972
sweep,3158
sweep,2608
sweep,2741
sweep,3971
sweep,2959
sweep,3145
sweep,2945
sweep,3030
sweep,3683
sweep,2765
sweep,2889
sweep,2546
sweep,3777
sweep,4215
sweep,4141
sweep,4086
sweep,6103
sweep,7683
sweep,6027
sweep,8742
sweep,8333
sweep,8695
sweep,8182
sweep,7360
sweep,7890
sweep,830
mark,1028187
sweep,4790
sweep,3837
sweep,3919
sweep,4291
sweep,3738
sweep,4273
sweep,3758
sweep,3371
sweep,3136
sweep,3546
sweep,3012
sweep,3220
sweep,2910
sweep,2849
sweep,2955
sweep,2710
sweep,3335
sweep,3038
sweep,3235
sweep,3479
sweep,2402
sweep,2392
sweep,3691
sweep,2311
sweep,3437
sweep,1908
sweep,3428
sweep,3662
sweep,4542
sweep,3309
sweep,3146
sweep,3315
sweep,2903
sweep,3180
sweep,2756
sweep,3166
sweep,2870
sweep,3192
sweep,2583
sweep,2789
sweep,4095
sweep,2947
sweep,2812
sweep,2939
sweep,3107
sweep,3468
sweep,2757
sweep,2687
sweep,2480
sweep,5344
sweep,8987
sweep,8788
sweep,8537
sweep,7932
sweep,6071
sweep,7716
sweep,4038
sweep,4328
sweep,4829
sweep,5666
sweep,5824
sweep,5780
sweep,230
mark,1026563
sweep,5042
sweep,4170
sweep,4172
sweep,4288
sweep,3772
sweep,4004
sweep,3617
sweep,3128
sweep,2732
sweep,3036
sweep,2965
sweep,2735
sweep,2764
sweep,2799
sweep,2507
sweep,3041
sweep,3367
sweep,2846
sweep,3238
sweep,3371
sweep,2482
sweep,3012
sweep,3726
sweep,2603
sweep,3378
sweep,1944
sweep,3485
sweep,3863
sweep,4360
sweep,3340
sweep,3107
sweep,3648
sweep,2851
sweep,3035
sweep,2740
sweep,3529
sweep,3017
sweep,3051
sweep,2800
sweep,2804
sweep,3753
sweep,3063
sweep,2719
sweep,3037
sweep,3119
sweep,3496
sweep,2853
sweep,2575
sweep,2465
sweep,3355
sweep,4356
sweep,4031
sweep,4499
sweep,5664
sweep,7716
sweep,5856
sweep,9048
sweep,8200
sweep,8299
sweep,7387
sweep,7109
sweep,7440
sweep,796
mark,1032853
sweep,4878
sweep,3824
sweep,4223
sweep,3952
sweep,3914
sweep,4092
sweep,3762
sweep,3298
sweep,2931
sweep,3558
sweep,3273
sweep,2770
sweep,2778
sweep,2847
sweep,2574
sweep,2810
sweep,3412
sweep,2918
sweep,3077
sweep,3450
sweep,2399
sweep,2623
sweep,3804
sweep,2547
sweep,3075
sweep,1893
sweep,3487
sweep,3613
sweep,4259
sweep,3408
sweep,3058
sweep,3041
sweep,2881
sweep,3144
sweep,2789
sweep,3479
sweep,3040
sweep,3430
sweep,2923
sweep,3179
sweep,4300
sweep,2864
sweep,2696
sweep,3103
sweep,2871
sweep,3383
sweep,2729
sweep,2467
sweep,2758
sweep,5822
sweep,9232
sweep,8548
sweep,8672
sweep,7939
sweep,6530
sweep,7355
sweep,4131
sweep,4253
sweep,5072
sweep,6235
sweep,5853
sweep,6335
sweep,222
mark,1029394
sweep,4522
sweep,4083
sweep,4156
sweep,4070
sweep,3534
sweep,4135
sweep,3635
sweep,3435
sweep,3004
sweep,3488
sweep,3100
sweep,2983
sweep,2757
sweep,2896
sweep,2582
sweep,2677
sweep,3564
sweep,2968
sweep,3211
sweep,3478
sweep,2360
sweep,2547
sweep,3804
sweep,2489
sweep,3105
sweep,1919
sweep,3348
sweep,3875
sweep,4716
sweep,3833
sweep,3638
sweep,3578
sweep,2815
sweep,3044
sweep,3044
sweep,3523
sweep,2766
sweep,3309
sweep,2417
sweep,2694
sweep,3789
sweep,2655
sweep,2759
sweep,2961
sweep,3242
sweep,3536
sweep,2804
sweep,2545
sweep,2795
sweep,3471
sweep,3807
sweep,4181
sweep,4459
sweep,5773
sweep,8051
sweep,6468
sweep,8470
sweep,8358
sweep,8470
sweep,8179
sweep,7356
sweep,7505
sweep,809
mark,1033050
sweep,5280
sweep,4196
sweep,3902
sweep,4356
sweep,3918
sweep,4174
sweep,3651
sweep,3170
sweep,3069
sweep,3373
sweep,3049
sweep,2927
sweep,2782
sweep,2907
sweep,3070
sweep,2601
sweep,3301
sweep,3253
sweep,3206
sweep,3563
sweep,2518
sweep,2431
sweep,3959
sweep,2355
sweep,3726
sweep,2041
sweep,3667
sweep,3568
sweep,4354
sweep,3818
sweep,3003
sweep,3327
sweep,3288
sweep,3055
sweep,3187
sweep,3386
sweep,3083
sweep,3439
sweep,2647
sweep,3121
sweep,3770
sweep,2592
sweep,2686
sweep,2839
sweep,3400
sweep,3624
sweep,3136
sweep,2490
sweep,2828
sweep,5727
sweep,8892
sweep,13282
sweep,8388
sweep,7774
sweep,5831
sweep,7465
sweep,4114
sweep,4385
sweep,4183
sweep,5689
sweep,6029
sweep,5975
sweep,225
mark,1026061
sweep,4654
sweep,4340
sweep,4323
sweep,4389
sweep,3967
sweep,4307
sweep,3539
sweep,3010
sweep,3007
sweep,3172
sweep,3135
sweep,2699
sweep,2873
sweep,2831
sweep,2577
sweep,2656
sweep,3316
sweep,2983
sweep,3120
sweep,4005
sweep,2328
sweep,2932
sweep,3714
sweep,2377
sweep,3142
sweep,1970
sweep,3287
sweep,3654
sweep,4468
sweep,3321
sweep,3146
sweep,3262
sweep,3455
sweep,2939
sweep,3009
sweep,3522
sweep,3108
sweep,3322
sweep,2525
sweep,3000
sweep,4024
sweep,2650
sweep,3011
sweep,3246
sweep,3004
sweep,3729
sweep,2752
sweep,2525
sweep,2582
sweep,3403
sweep,4358
sweep,4526
sweep,4220
sweep,6213
sweep,7628
sweep,5991
sweep,8819
sweep,8241
sweep,8650
sweep,8414
sweep,7430
sweep,7676
sweep,927
mark,1034814
sweep,4703
sweep,4319
sweep,4218
sweep,4261
sweep,3645
sweep,4236
sweep,3710
sweep,3110
sweep,3195
sweep,3333
sweep,3266
sweep,2833
sweep,3021
sweep,3124
sweep,2784
sweep,3028
sweep,3433
sweep,2966
sweep,3088
sweep,3696
sweep,2362
sweep,2640
sweep,3833
sweep,2388
sweep,3092
sweep,1948
sweep,3665
sweep,4051
sweep,4447
sweep,3585
sweep,3496
sweep,3192
sweep,3305
sweep,3031
sweep,2785
sweep,3237
sweep,3309
sweep,3043
sweep,2740
sweep,2642
sweep,3812
sweep,3054
sweep,2745
sweep,3042
sweep,2881
sweep,3733
sweep,2884
sweep,2504
sweep,2782
sweep,5416
sweep,9064
sweep,8817
sweep,8414
sweep,8217
sweep,6496
sweep,7398
sweep,4008
sweep,4520
sweep,4741
sweep,6210
sweep,5647
sweep,5793
sweep,248
mark,1025683
sweep,4819
sweep,4484
sweep,3930
sweep,4028
sweep,3858
sweep,4304
sweep,3452
sweep,3138
sweep,2863
sweep,3098
sweep,3302
sweep,2813
sweep,2734
sweep,2941
sweep,2620
sweep,2665
sweep,3645
sweep,2905
sweep,3299
sweep,3467
sweep,2563
sweep,2761
sweep,4083
sweep,2575
sweep,3677
sweep,1966
sweep,3457
sweep,3620
sweep,5006
sweep,3318
sweep,3122
sweep,3046
sweep,3160
sweep,3535
sweep,2813
sweep,3182
sweep,2820
sweep,3269
sweep,2797
sweep,2618
sweep,4115
sweep,3172
sweep,2682
sweep,3135
sweep,2887
sweep,3997
sweep,3094
sweep,2741
sweep,2718
sweep,3588
sweep,4027
sweep,3979
sweep,4590
sweep,6179
sweep,7457
sweep,5929
sweep,8711
sweep,8134
sweep,8182
sweep,7505
sweep,7202
sweep,7210
sweep,824
mark,1038852
sweep,4921
sweep,3862
sweep,3948
sweep,4006
sweep,3863
sweep,4165
sweep,4004
sweep,3215
sweep,3095
sweep,3304
sweep,2984
sweep,2961
sweep,3019
sweep,2825
sweep,2870
sweep,2752
sweep,3544
sweep,3033
sweep,3257
sweep,3394
sweep,2572
sweep,2531
sweep,3849
sweep,2681
sweep,3091
sweep,2070
sweep,3798
sweep,3876
sweep,4689
sweep,3484
sweep,2973
sweep,2945
sweep,2919
sweep,3387
sweep,3149
sweep,3511
sweep,2870
sweep,3153
sweep,2516
sweep,2830
sweep,3740
sweep,2824
sweep,2964
sweep,2990
sweep,3049
sweep,3505
sweep,2743
sweep,2695
sweep,2527
sweep,5667
sweep,8750
sweep,8520
sweep,8606
sweep,8339
sweep,6693
sweep,7037
sweep,3985
sweep,4249
sweep,4846
sweep,5949
sweep,5601
sweep,6212
sweep,220
mark,1032982
sweep,4667
sweep,4177
sweep,4301
sweep,4443
sweep,3590
sweep,4083
sweep,3827
sweep,3405
sweep,2908
sweep,3400
sweep,3396
sweep,2737
sweep,2763
sweep,2919
sweep,2547
sweep,2795
sweep,3200
sweep,3038
sweep,3590
sweep,3451
sweep,2314
sweep,2620
sweep,3793
sweep,2283
sweep,3164
sweep,1857
sweep,3428
sweep,3599
sweep,4495
sweep,3387
sweep,3188
sweep,2910
sweep,2892
sweep,2900
sweep,2695
sweep,3177
sweep,2852
sweep,3537
sweep,2606
sweep,2877
sweep,3798
sweep,2701
sweep,2831
sweep,2934
sweep,2838
sweep,3424
sweep,2604
sweep,2531
sweep,2515
sweep,3632
sweep,4391
sweep,4117
sweep,4500
sweep,5514
sweep,7751
sweep,6089
sweep,9083
sweep,8097
sweep,8470
sweep,7445
sweep,7102
sweep,7245
sweep,873
mark,1040799
sweep,4635
sweep,4020
sweep,3992
sweep,4376
sweep,3800
sweep,4276
sweep,3857
sweep,3639
sweep,2810
sweep,3230
sweep,3243
sweep,2926
sweep,2980
sweep,3117
sweep,2702
sweep,2687
sweep,3448
sweep,3160
sweep,3250
sweep,3616
sweep,2348
sweep,2667
sweep,4007
sweep,2504
sweep,3268
sweep,1827
sweep,3477
sweep,3647
sweep,4465
sweep,3428
sweep,3307
sweep,3085
sweep,2984
sweep,2995
sweep,3031
sweep,3489
sweep,3060
sweep,3049
sweep,2456
sweep,2708
sweep,3951
sweep,2889
sweep,2665
sweep,2969
sweep,2773
sweep,3996
sweep,2677
sweep,2416
sweep,2500
sweep,6408
sweep,9116
sweep,8256
sweep,8500
sweep,8300
sweep,6271
sweep,7472
sweep,4370
sweep,4241
sweep,4717
sweep,6157
sweep,5973
sweep,5777
sweep,225
mark,1029661
sweep,4511
sweep,4161
sweep,4182
sweep,4451
sweep,3503
sweep,4331
sweep,3538
sweep,3280
sweep,2919
sweep,3069
sweep,3101
sweep,3011
sweep,2737
sweep,3050
sweep,2611
sweep,2874
sweep,3301
sweep,2924
sweep,3052
sweep,3407
sweep,2356
sweep,2453
sweep,3629
sweep,2565
sweep,3040
sweep,2100
sweep,3365
sweep,3847
sweep,4379
sweep,3378
sweep,3322
sweep,3095
sweep,3139
sweep,3015
sweep,2776
sweep,3195
sweep,2742
sweep,3245
sweep,2624
sweep,3056
sweep,3774
sweep,3155
sweep,2685
sweep,3173
sweep,2838
sweep,3442
sweep,2740
sweep,2486
sweep,2440
sweep,3616
sweep,3915
sweep,4183
sweep,4059
sweep,6093
sweep,7903
sweep,6275
sweep,8237
sweep,8464
sweep,8354
sweep,7150
sweep,7059
sweep,7910
sweep,944
mark,1029005
sweep,4722
sweep,3968
sweep,4046
sweep,4483
sweep,3553
sweep,4207
sweep,3704
sweep,3084
sweep,2817
sweep,3449
sweep,3188
sweep,2716
sweep,2710
sweep,3168
sweep,2902
sweep,2863
sweep,3439
sweep,2908
sweep,3174
sweep,3576
sweep,2358
sweep,2701
sweep,3638
sweep,2624
sweep,3673
sweep,1902
sweep,3617
sweep,3783
sweep,4318
sweep,3806
sweep,2994
sweep,2925
sweep,2994
sweep,2944
sweep,2749
sweep,3131
sweep,2746
sweep,3146
sweep,2767
sweep,2710
sweep,3878
sweep,2885
sweep,2696
sweep,2953
sweep,2832
sweep,3494
sweep,2735
sweep,2559
sweep,2431
sweep,5596
sweep,8906
sweep,8932
sweep,8571
sweep,7801
sweep,6059
sweep,6966
sweep,3985
sweep,4225
sweep,4991
sweep,6127
sweep,5795
sweep,6317
sweep,225
mark,1036569
sweep,4551
sweep,3944
sweep,4282
sweep,4210
sweep,3700
sweep,4450
sweep,3718
sweep,3373
sweep,3018
sweep,3193
sweep,3014
sweep,3067
sweep,2770
sweep,3064
sweep,3076
sweep,2687
sweep,3214
sweep,2859
sweep,3214
sweep,3323
sweep,2611
sweep,2405
sweep,3803
sweep,2402
sweep,3326
sweep,1819
sweep,3316
sweep,3672
sweep,4263
sweep,3437
sweep,3078
sweep,3269
sweep,3066
sweep,3188
sweep,3249
sweep,3375
sweep,2973
sweep,3249
sweep,2615
sweep,2675
sweep,3888
sweep,2718
sweep,3024
sweep,3148
sweep,2832
sweep,3399
sweep,2897
sweep,2480
sweep,2552
sweep,3567
sweep,4194
sweep,4180
sweep,4221
sweep,5970
sweep,7709
sweep,6116
sweep,8399
sweep,8474
sweep,8487
sweep,8107
sweep,7905
sweep,7564
sweep,807
mark,1038856
sweep,4811
sweep,4061
sweep,4514
sweep,4131
sweep,3822
sweep,4064
sweep,3706
sweep,3231
sweep,2845
sweep,3208
sweep,3014
sweep,3009
sweep,2786
sweep,2720
sweep,2954
sweep,2686
sweep,3478
sweep,2847
sweep,3189
sweep,3668
sweep,2398
sweep,2717
sweep,3824
sweep,2333
sweep,3187
sweep,1960
sweep,3442
sweep,3672
sweep,4759
sweep,3375
sweep,3166
sweep,3080
sweep,3527
sweep,3449
sweep,2977
sweep,3349
sweep,3068
sweep,3395
sweep,2678
sweep,2641
sweep,4087
sweep,2984
sweep,2660
sweep,3006
sweep,2928
sweep,3799
sweep,3089
sweep,2494
sweep,2681
sweep,6008
sweep,9109
sweep,8416
sweep,8409
sweep,7752
sweep,5776
sweep,7171
sweep,4037
sweep,4383
sweep,5269
sweep,6199
sweep,5795
sweep,5729
sweep,231
mark,1034464
sweep,4619
sweep,3922
sweep,4170
sweep,4034
sweep,3537
sweep,4014
sweep,3513
sweep,3195
sweep,2869
sweep,3184
sweep,3213
sweep,2820
sweep,2761
sweep,2917
sweep,2624
sweep,2738
sweep,3432
sweep,2997
sweep,3156
sweep,3368
sweep,2292
sweep,2597
sweep,4155
sweep,2350
sweep,3099
sweep,1874
sweep,3404
sweep,3974
sweep,4708
sweep,3350
sweep,3170
sweep,3233
sweep,2883
sweep,2906
sweep,2760
sweep,3365
sweep,3061
sweep,3419
sweep,2524
sweep,3140
sweep,3994
sweep,2908
sweep,2873
sweep,2963
sweep,2940
sweep,3471
sweep,2796
sweep,2611
sweep,2547
sweep,3656
sweep,4022
sweep,3987
sweep,4305
sweep,6336
sweep,8293
sweep,6632
sweep,8965
sweep,9498
sweep,8819
sweep,7617
sweep,8318
sweep,8005
sweep,840
mark,1130966
sweep,5468
sweep,4839
sweep,4321
sweep,4066
sweep,3932
sweep,4229
sweep,3779
sweep,3278
sweep,2784
sweep,3184
sweep,3070
sweep,2691
sweep,2970
sweep,2926
sweep,2757
sweep,2625
sweep,3406
sweep,3041
sweep,3061
sweep,3506
sweep,2322
sweep,2564
sweep,3717
sweep,2443
sweep,3027
sweep,1884
sweep,3651
sweep,3871
sweep,4199
sweep,3191
sweep,3069
sweep,2861
sweep,2937
sweep,3106
sweep,2752
sweep,3709
sweep,2711
sweep,3133
sweep,2389
sweep,2773
sweep,3905
sweep,2908
sweep,2915
sweep,2953
sweep,2710
sweep,3403
sweep,2886
sweep,2535
sweep,2698
sweep,5535
sweep,8658
sweep,8654
sweep,8319
sweep,7538
sweep,5721
sweep,7271
sweep,3928
sweep,4457
sweep,4494
sweep,6245
sweep,5931
sweep,5904
sweep,238
mark,1031388
sweep,4629
sweep,4124
sweep,3970
sweep,4524
sweep,3572
sweep,4299
sweep,3856
sweep,3049
sweep,2919
sweep,2943
sweep,3180
sweep,3378
sweep,2729
sweep,2908
sweep,2534
sweep,2661
sweep,3139
sweep,3215
sweep,3411
sweep,3871
sweep,2604
sweep,2625
sweep,4070
sweep,2365
sweep,3078
sweep,1897
sweep,3375
sweep,3864
sweep,4953
sweep,3364
sweep,3129
sweep,3235
sweep,2916
sweep,3111
sweep,2820
sweep,3334
sweep,2827
sweep,3175
sweep,2546
sweep,2942
sweep,3735
sweep,3167
sweep,2667
sweep,2948
sweep,2832
sweep,3509
sweep,2704
sweep,2409
sweep,2415
sweep,3788
sweep,3842
sweep,3973
sweep,4143
sweep,6097
sweep,7893
sweep,6453
sweep,9084
sweep,8381
sweep,8976
sweep,7186
sweep,7778
sweep,7168
sweep,834
mark,1036388
sweep,4506
sweep,3924
sweep,4064
sweep,4167
sweep,3772
sweep,4146
sweep,3668
sweep,3330
sweep,3244
sweep,3279
sweep,2949
sweep,2701
sweep,2722
sweep,2832
sweep,3076
sweep,3005
sweep,3543
sweep,2861
sweep,2976
sweep,3398
sweep,2373
sweep,2392
sweep,3974
sweep,2582
sweep,3734
sweep,1937
sweep,3628
sweep,3902
sweep,4599
sweep,3449
sweep,3547
sweep,3084
sweep,2908
sweep,3073
sweep,2863
sweep,3423
sweep,2729
sweep,3144
sweep,2426
sweep,2785
sweep,3749
sweep,2642
sweep,2638
sweep,2983
sweep,3090
sweep,3607
sweep,2710
sweep,2548
sweep,2533
sweep,5632
sweep,8859
sweep,8796
sweep,8834
sweep,8183
sweep,6564
sweep,7110
sweep,4387
sweep,4409
sweep,4859
sweep,6235
sweep,5553
sweep,5627
sweep,217
mark,1035102
sweep,4896
sweep,4071
sweep,4408
sweep,4443
sweep,3894
sweep,4377
sweep,3654
sweep,3321
sweep,2722
sweep,3151
sweep,3104
sweep,2733
sweep,2647
sweep,2751
sweep,2567
sweep,2760
sweep,3264
sweep,2897
sweep,3166
sweep,4035
sweep,2320
sweep,2854
sweep,3846
sweep,2476
sweep,3070
sweep,1934
sweep,3549
sweep,3945
sweep,4387
sweep,3892
sweep,3133
sweep,3151
sweep,2935
sweep,3174
sweep,3006
sweep,3357
sweep,2849
sweep,3176
sweep,2459
sweep,2706
sweep,3771
sweep,2855
sweep,3063
sweep,3076
sweep,2830
sweep,7223
sweep,2751
sweep,2485
sweep,2397
sweep,3499
sweep,4346
sweep,3926
sweep,4323
sweep,5864
sweep,7980
sweep,6365
sweep,8705
sweep,8300
sweep,8555
sweep,8296
sweep,7450
sweep,7557
sweep,777
mark,1042326
sweep,4492
sweep,4060
sweep,3878
sweep,4139
sweep,3825
sweep,4058
sweep,3740
sweep,3097
sweep,3234
sweep,3245
sweep,3085
sweep,3142
sweep,2716
sweep,2843
sweep,2535
sweep,2896
sweep,3395
sweep,2984
sweep,2875
sweep,3611
sweep,2345
sweep,2423
sweep,4058
sweep,2453
sweep,3031
sweep,2051
sweep,3698
sweep,3832
sweep,4245
sweep,3593
sweep,3165
sweep,3120
sweep,2917
sweep,3169
sweep,2744
sweep,3151
sweep,2751
sweep,3031
sweep,2445
sweep,2672
sweep,3746
sweep,2918
sweep,2772
sweep,2983
sweep,3016
sweep,3779
sweep,2630
sweep,2775
sweep,2663
sweep,5416
sweep,9333
sweep,8613
sweep,8418
sweep,8232
sweep,5765
sweep,7106
sweep,3879
sweep,4714
sweep,4731
sweep,5836
sweep,5609
sweep,5813
sweep,225
mark,1027150
sweep,4450
sweep,3959
sweep,4250
sweep,4374
sweep,3923
sweep,4119
sweep,3947
sweep,3086
sweep,2851
sweep,3137
sweep,3277
sweep,3302
sweep,2789
sweep,2827
sweep,2629
sweep,2759
sweep,3214
sweep,2920
sweep,3008
sweep,3424
sweep,2380
sweep,2683
sweep,4305
sweep,2351
sweep,3611
sweep,2325
sweep,3332
sweep,3882
sweep,4308
sweep,3312
sweep,3162
sweep,3075
sweep,2954
sweep,3397
sweep,2745
sweep,3205
sweep,2917
sweep,3240
sweep,2579
sweep,2728
sweep,3794
sweep,2709
sweep,2861
sweep,3223
sweep,2746
sweep,3531
sweep,3123
sweep,2505
sweep,2619
sweep,3674
sweep,4034
sweep,4164
sweep,4128
sweep,6057
sweep,7544
sweep,6040
sweep,9189
sweep,8032
sweep,8655
sweep,8008
sweep,7548
sweep,7371
sweep,839
mark,1036183
sweep,4781
sweep,3962
sweep,4115
sweep,4050
sweep,3663
sweep,4104
sweep,3637
sweep,3702
sweep,2993
sweep,3167
sweep,3056
sweep,2784
sweep,3073
sweep,3214
sweep,2822
sweep,2857
sweep,3347
sweep,2872
sweep,2934
sweep,3524
sweep,2521
sweep,2555
sweep,3675
sweep,2350
sweep,3726
sweep,1998
sweep,3745
sweep,3681
sweep,4622
sweep,3790
sweep,3265
sweep,2917
sweep,2812
sweep,3375
sweep,2850
sweep,3432
sweep,2760
sweep,2989
sweep,2779
sweep,2707
sweep,3808
sweep,2653
sweep,3182
sweep,3189
sweep,2873
sweep,3375
sweep,2753
sweep,2493
sweep,2417
sweep,5469
sweep,9422
sweep,9004
sweep,8527
sweep,7946
sweep,6192
sweep,7665
sweep,4020
sweep,4265
sweep,5089
sweep,6202
sweep,5869
sweep,5781
sweep,223
mark,1043245
sweep,4677
sweep,3668
sweep,3892
sweep,4365
sweep,3562
sweep,4233
sweep,3465
sweep,3093
sweep,3129
sweep,3092
sweep,3318
sweep,3089
sweep,2663
sweep,2794
sweep,2679
sweep,2708
sweep,3609
sweep,3126
sweep,2980
sweep,3555
sweep,2442
sweep,2950
sweep,4027
sweep,2389
sweep,3035
sweep,2126
sweep,3437
sweep,3954
sweep,4320
sweep,3483
sweep,3186
sweep,2981
sweep,3469
sweep,3113
sweep,2880
sweep,3688
sweep,3049
sweep,3006
sweep,2615
sweep,2648
sweep,3649
sweep,2606
sweep,3036
sweep,3164
sweep,2828
sweep,3394
sweep,2754
sweep,2527
sweep,2624
sweep,3421
sweep,4083
sweep,3829
sweep,4297
sweep,6006
sweep,7731
sweep,5905
sweep,8676
sweep,8521
sweep,8533
sweep,8545
sweep,7569
sweep,8332
sweep,607
mark,1174999
sweep,4730
sweep,4355
sweep,4058
sweep,4026
sweep,3781
sweep,4229
sweep,4201
sweep,3095
sweep,3049
sweep,3501
sweep,3075
sweep,3265
sweep,3015
sweep,2884
sweep,2634
sweep,2740
sweep,3279
sweep,2924
sweep,3120
sweep,3649
sweep,2602
sweep,2955
sweep,4050
sweep,2426
sweep,3202
sweep,1898
sweep,3749
sweep,3728
sweep,4384
sweep,3638
sweep,3526
sweep,3096
sweep,2790
sweep,3023
sweep,2763
sweep,3101
sweep,3064
sweep,3101
sweep,2570
sweep,2765
sweep,3751
sweep,2589
sweep,2814
sweep,3311
sweep,2981
sweep,3418
sweep,2739
sweep,2477
sweep,2469
sweep,6031
sweep,8994
sweep,8509
sweep,8436
sweep,8256
sweep,5701
sweep,6618
sweep,3999
sweep,4312
sweep,4790
sweep,6071
sweep,5840
sweep,5708
sweep,235
mark,1030594
sweep,4691
sweep,3741
sweep,4113
sweep,4430
sweep,3645
sweep,4188
sweep,4077
sweep,3133
sweep,2827
sweep,3367
sweep,3083
sweep,2917
sweep,2634
sweep,2861
sweep,3037
sweep,2779
sweep,3406
sweep,3075
sweep,2984
sweep,3941
sweep,2246
sweep,2764
sweep,3850
sweep,2422
sweep,3139
sweep,1889
sweep,3455
sweep,3872
sweep,4385
sweep,3805
sweep,3158
sweep,3012
sweep,2866
sweep,2936
sweep,2826
sweep,3608
sweep,2728
sweep,3215
sweep,2646
sweep,2783
sweep,3741
sweep,2777
sweep,3063
sweep,3082
sweep,2845
sweep,3458
sweep,2829
sweep,2511
sweep,2717
sweep,3731
sweep,3896
sweep,4028
sweep,4350
sweep,5455
sweep,8212
sweep,6446
sweep,8416
sweep,8354
sweep,8339
sweep,7637
sweep,7578
sweep,7268
sweep,788
mark,1036104
sweep,4415
sweep,3801
sweep,3901
sweep,3945
sweep,3855
sweep,4266
sweep,3692
sweep,3118
sweep,3098
sweep,3529
sweep,3313
sweep,2936
sweep,2787
sweep,2920
sweep,2896
sweep,2808
sweep,3383
sweep,2905
sweep,3066
sweep,3506
sweep,2344
sweep,2354
sweep,4014
sweep,2692
sweep,3677
sweep,1858
sweep,3388
sweep,3959
sweep,4160
sweep,3362
sweep,3062
sweep,2956
sweep,2875
sweep,2984
sweep,2885
sweep,3302
sweep,2765
sweep,3351
sweep,2805
sweep,2612
sweep,3945
sweep,2792
sweep,2698
sweep,3019
sweep,2811
sweep,3426
sweep,2759
sweep,2600
sweep,2710
sweep,5626
sweep,8924
sweep,8792
sweep,8685
sweep,7845
sweep,6347
sweep,6812
sweep,4031
sweep,4526
sweep,4789
sweep,6219
sweep,5803
sweep,5879
sweep,225
mark,1026895
sweep,4879
sweep,4341
sweep,4109
sweep,4153
sweep,3850
sweep,3888
sweep,3607
sweep,3153
sweep,3117
sweep,3196
sweep,3076
sweep,2767
sweep,2884
sweep,2782
sweep,2562
sweep,2774
sweep,3351
sweep,3131
sweep,2987
sweep,3475
sweep,2396
sweep,2470
sweep,4313
sweep,2779
sweep,3137
sweep,1956
sweep,3421
sweep,3807
sweep,4077
sweep,3403
sweep,3151
sweep,3467
sweep,2881
sweep,2962
sweep,2846
sweep,3605
sweep,3048
sweep,3263
sweep,2880
sweep,2900
sweep,3752
sweep,2865
sweep,2715
sweep,3475
sweep,2820
sweep,3679
sweep,2819
sweep,2564
sweep,2481
sweep,3614
sweep,4056
sweep,3971
sweep,4145
sweep,5975
sweep,8421
sweep,5905
sweep,8531
sweep,8579
sweep,8490
sweep,8192
sweep,7242
sweep,7736
sweep,831
mark,1027967
sweep,4920
sweep,3990
sweep,4337
sweep,4433
sweep,3807
sweep,4650
sweep,3782
sweep,3500
sweep,2883
sweep,3469
sweep,3216
sweep,3003
sweep,2767
sweep,2969
sweep,2889
sweep,2768
sweep,3349
sweep,3043
sweep,2982
sweep,3490
sweep,2454
sweep,2456
sweep,4198
sweep,2810
sweep,3250
sweep,1877
sweep,3439
sweep,3947
sweep,4553
sweep,3338
sweep,3376
sweep,2999
sweep,3352
sweep,3005
sweep,2863
sweep,3230
sweep,2759
sweep,3242
sweep,2828
sweep,2630
sweep,3843
sweep,2626
sweep,2568
sweep,3079
sweep,3178
sweep,3700
sweep,2730
sweep,2740
sweep,2422
sweep,5457
sweep,9213
sweep,8530
sweep,8770
sweep,7760
sweep,6081
sweep,7081
sweep,4335
sweep,4441
sweep,5058
sweep,6161
sweep,5935
sweep,5709
sweep,224
mark,1025658
sweep,4700
sweep,4111
sweep,4512
sweep,4149
sweep,3771
sweep,4126
sweep,3606
sweep,3470
sweep,3180
sweep,3323
sweep,3144
sweep,2796
sweep,2746
sweep,2826
sweep,2685
sweep,2773
sweep,3422
sweep,3017
sweep,3014
sweep,3406
sweep,2462
sweep,2736
sweep,4275
sweep,2302
sweep,3524
sweep,2126
sweep,3507
sweep,3841
sweep,4923
sweep,3357
sweep,3464
sweep,3123
sweep,3219
sweep,3108
sweep,2859
sweep,3310
sweep,2957
sweep,3220
sweep,2467
sweep,2772
sweep,3806
sweep,2936
sweep,3038
sweep,2945
sweep,2758
sweep,3436
sweep,3025
sweep,2605
sweep,2544
sweep,3707
sweep,3899
sweep,4044
sweep,4201
sweep,6182
sweep,7724
sweep,6239
sweep,8279
sweep,8525
sweep,8416
sweep,7681
sweep,7156
sweep,7144
sweep,833
mark,1031019
sweep,4928
sweep,3997
sweep,4098
sweep,4020
sweep,3828
sweep,4383
sweep,3770
sweep,3037
sweep,3104
sweep,3219
sweep,3228
sweep,2957
sweep,2946
sweep,2949
sweep,2573
sweep,2651
sweep,3408
sweep,3274
sweep,3129
sweep,3721
sweep,2430
sweep,2569
sweep,3998
sweep,2430
sweep,3200
sweep,1946
sweep,3752
sweep,3594
sweep,4574
sweep,3556
sweep,3263
sweep,3073
sweep,3419
sweep,2989
sweep,3266
sweep,3327
sweep,3285
sweep,3328
sweep,2586
sweep,2748
sweep,3750
sweep,2903
sweep,2627
sweep,3207
sweep,3050
sweep,3497
sweep,2737
sweep,2830
sweep,2492
sweep,5341
sweep,9116
sweep,8500
sweep,8640
sweep,8363
sweep,6282
sweep,7593
sweep,4090
sweep,4671
sweep,4997
sweep,6215
sweep,5913
sweep,5866
sweep,224
mark,1036500
sweep,4920
sweep,3803
sweep,3979
sweep,4516
sweep,3869
sweep,4165
sweep,3686
sweep,3157
sweep,3169
sweep,3346
sweep,3458
sweep,2719
sweep,2683
sweep,2832
sweep,2627
sweep,2665
sweep,3173
sweep,3138
sweep,3239
sweep,3435
sweep,2323
sweep,2768
sweep,3916
sweep,2547
sweep,3084
sweep,1961
sweep,3563
sweep,3621
sweep,4116
sweep,3378
sweep,3323
sweep,3208
sweep,2976
sweep,3196
sweep,2763
sweep,3436
sweep,3066
sweep,3227
sweep,2581
sweep,2640
sweep,3927
sweep,2964
sweep,2907
sweep,3183
sweep,2994
sweep,3558
sweep,2727
sweep,2555
sweep,2826
sweep,3637
sweep,4019
sweep,4054
sweep,4182
sweep,6344
sweep,7716
sweep,5949
sweep,8987
sweep,8437
sweep,8571
sweep,8195
sweep,7552
sweep,7508
sweep,812
mark,1029154
sweep,4971
sweep,3989
sweep,3941
sweep,3911
sweep,3863
sweep,4195
sweep,3749
sweep,3498
sweep,2839
sweep,3223
sweep,2939
sweep,2697
sweep,2610
sweep,2974
sweep,2759
sweep,2852
sweep,3324
sweep,2962
sweep,3086
sweep,3905
sweep,2399
sweep,2466
sweep,3817
sweep,2310
sweep,3066
sweep,1993
sweep,3692
sweep,3689
sweep,4590
sweep,3699
sweep,3154
sweep,3058
sweep,2908
sweep,3213
sweep,2940
sweep,3091
sweep,2998
sweep,3202
sweep,2482
sweep,2943
sweep,3760
sweep,2604
sweep,2908
sweep,2865
sweep,3053
sweep,3723
sweep,2572
sweep,2449
sweep,2758
sweep,5412
sweep,8703
sweep,8484
sweep,8601
sweep,7728
sweep,6553
sweep,6988
sweep,4380
sweep,4310
sweep,4590
sweep,5810
sweep,6173
sweep,6195
sweep,222
mark,1029969
sweep,4527
sweep,3872
sweep,3912
sweep,4409
sweep,3777
sweep,4209
sweep,3518
sweep,3379
sweep,2782
sweep,3354
sweep,3071
sweep,2761
sweep,2822
sweep,3494
sweep,2974
sweep,2728
sweep,3407
sweep,3074
sweep,3042
sweep,3468
sweep,2703
sweep,2735
sweep,3672
sweep,2679
sweep,3144
sweep,2000
sweep,3397
sweep,3685
sweep,4159
sweep,3282
sweep,3117
sweep,3092
sweep,2961
sweep,3151
sweep,2784
sweep,3673
sweep,2865
sweep,3173
sweep,2629
sweep,3018
sweep,3698
sweep,2625
sweep,2567
sweep,2922
sweep,2876
sweep,3522
sweep,2769
sweep,2520
sweep,2501
sweep,3450
sweep,4531
sweep,4376
sweep,4481
sweep,5992
sweep,7584
sweep,6120
sweep,9160
sweep,8275
sweep,8300
sweep,8056
sweep,7488
sweep,7497
sweep,785
mark,1028374
sweep,4755
sweep,4106
sweep,3894
sweep,4147
sweep,3817
sweep,4289
sweep,3607
sweep,3121
sweep,3029
sweep,3199
sweep,2949
sweep,2707
sweep,2758
sweep,2937
sweep,2870
sweep,2681
sweep,3329
sweep,2983
sweep,3182
sweep,3695
sweep,2449
sweep,2523
sweep,3965
sweep,2380
sweep,3064
sweep,2004
sweep,3896
sweep,3844
sweep,4480
sweep,3582
sweep,2994
sweep,2911
sweep,3405
sweep,2984
sweep,3066
sweep,3094
sweep,2767
sweep,2972
sweep,2893
sweep,2989
sweep,3815
sweep,2855
sweep,2933
sweep,2997
sweep,2755
sweep,3373
sweep,2767
sweep,2827
sweep,2784
sweep,5563
sweep,8835
sweep,8733
sweep,9104
sweep,8254
sweep,5817
sweep,6722
sweep,3992
sweep,4397
sweep,4819
sweep,5885
sweep,5638
sweep,5948
sweep,220
mark,1025495
sweep,4562
sweep,3862
sweep,4319
sweep,4395
sweep,3513
sweep,4309
sweep,3736
sweep,3028
sweep,2915
sweep,3309
sweep,3135
sweep,2838
sweep,2869
sweep,2794
sweep,2641
sweep,2918
sweep,3383
sweep,3370
sweep,3384
sweep,3539
sweep,2284
sweep,2496
sweep,3964
sweep,2396
sweep,3264
sweep,1921
sweep,3278
sweep,3679
sweep,4695
sweep,3414
sweep,3638
sweep,3204
sweep,3055
sweep,2840
sweep,2519
sweep,3521
sweep,3074
sweep,3131
sweep,2473
sweep,3119
sweep,3873
sweep,3074
sweep,2685
sweep,2905
sweep,3425
sweep,3325
sweep,2674
sweep,2625
sweep,2520
sweep,3549
sweep,3840
sweep,3975
sweep,4319
sweep,6042
sweep,7863
sweep,6203
sweep,8672
sweep,8453
sweep,8375
sweep,7445
sweep,7040
sweep,7033
sweep,839
mark,1033821
sweep,4802
sweep,3910
sweep,4426
sweep,4358
sweep,3942
sweep,4209
sweep,3762
sweep,3634
sweep,2940
sweep,3340
sweep,3171
sweep,2706
sweep,2676
sweep,2953
sweep,3226
sweep,2811
sweep,3454
sweep,3146
sweep,3128
sweep,3374
sweep,2419
sweep,2602
sweep,3711
sweep,2356
sweep,3056
sweep,1949
sweep,3735
sweep,3903
sweep,4145
sweep,3430
sweep,3121
sweep,3406
sweep,3391
sweep,3206
sweep,2773
sweep,3510
sweep,2773
sweep,3248
sweep,2662
sweep,3238
sweep,3910
sweep,2997
sweep,2854
sweep,2984
sweep,2902
sweep,3357
sweep,3066
sweep,2764
sweep,2500
sweep,5837
sweep,8681
sweep,8522
sweep,8411
sweep,7858
sweep,6255
sweep,6988
sweep,3945
sweep,5213
sweep,4571
sweep,5896
sweep,5542
sweep,5920
sweep,220
mark,1023794
sweep,4945
sweep,4036
sweep,4398
sweep,4316
sweep,3898
sweep,4281
sweep,3443
sweep,3175
sweep,3091
sweep,3241
sweep,3299
sweep,2903
sweep,2768
sweep,2745
sweep,2621
sweep,2712
sweep,3219
sweep,3072
sweep,3025
sweep,3270
sweep,2289
sweep,2703
sweep,3737
sweep,2382
sweep,3084
sweep,2123
sweep,3346
sweep,3589
sweep,4130
sweep,3400
sweep,3031
sweep,3210
sweep,3495
sweep,3329
sweep,2868
sweep,3417
sweep,3074
sweep,3025
sweep,2721
sweep,3097
sweep,3914
sweep,2748
sweep,2649
sweep,3150
sweep,2905
sweep,3438
sweep,3033
sweep,2539
sweep,2595
sweep,3403
sweep,3857
sweep,4168
sweep,4204
sweep,5976
sweep,8496
sweep,6545
sweep,9331
sweep,8137
sweep,8747
sweep,7477
sweep,7338
sweep,6978
sweep,779
mark,1030769
sweep,5086
sweep,3914
sweep,4380
sweep,4222
sweep,3727
sweep,4553
sweep,3793
sweep,3092
sweep,2854
sweep,3288
sweep,2910
sweep,2728
sweep,2645
sweep,2910
sweep,2703
sweep,2702
sweep,3251
sweep,2941
sweep,3359
sweep,3507
sweep,2425
sweep,2445
sweep,4205
sweep,2443
sweep,3734
sweep,1897
sweep,3529
sweep,3737
sweep,4522
sweep,3758
sweep,3073
sweep,3119
sweep,3244
sweep,3669
sweep,3288
sweep,3133
sweep,3068
sweep,3292
sweep,2469
sweep,2932
sweep,3775
sweep,2766
sweep,2611
sweep,2988
sweep,2955
sweep,3657
sweep,2660
sweep,2743
sweep,2777
sweep,5532
sweep,8532
sweep,8668
sweep,8450
sweep,7704
sweep,6468
sweep,7273
sweep,4006
sweep,4379
sweep,4857
sweep,5946
sweep,5658
sweep,5869
sweep,239
mark,1026343
sweep,5021
sweep,3807
sweep,3794
sweep,4366
sweep,3630
sweep,4049
sweep,3619
sweep,3077
sweep,3090
sweep,3006
sweep,2986
sweep,3171
sweep,2793
sweep,2791
sweep,2553
sweep,2791
sweep,3432
sweep,2899
sweep,3061
sweep,3261
sweep,2282
sweep,2513
sweep,3777
sweep,2507
sweep,3130
sweep,1831
sweep,3423
sweep,3773
sweep,4636
sweep,3307
sweep,3185
sweep,3119
sweep,3495
sweep,2996
sweep,2793
sweep,3326
sweep,2804
sweep,3038
sweep,2609
sweep,2680
sweep,3828
sweep,3047
sweep,2814
sweep,2940
sweep,2956
sweep,3581
sweep,2809
sweep,2660
sweep,2413
sweep,3639
sweep,4033
sweep,4067
sweep,4304
sweep,5713
sweep,8459
sweep,6716
sweep,8317
sweep,8392
sweep,8344
sweep,7167
sweep,7235
sweep,6947
sweep,838
mark,1034832
sweep,5233
sweep,4067
sweep,4075
sweep,4082
sweep,3990
sweep,4125
sweep,3637
sweep,3260
sweep,2941
sweep,3688
sweep,2971
sweep,2851
sweep,3006
sweep,3055
sweep,2603
sweep,3074
sweep,3614
sweep,3223
sweep,2977
sweep,3330
sweep,2189
sweep,2396
sweep,4206
sweep,2782
sweep,3029
sweep,1856
sweep,3487
sweep,3885
sweep,4429
sweep,3263
sweep,3527
sweep,2913
sweep,3099
sweep,2934
sweep,3170
sweep,3146
sweep,3061
sweep,3247
sweep,2689
sweep,2614
sweep,3950
sweep,2675
sweep,2569
sweep,2934
sweep,2762
sweep,3581
sweep,2842
sweep,2539
sweep,2823
sweep,5608
sweep,9297
sweep,8436
sweep,8583
sweep,8167
sweep,5818
sweep,7310
sweep,4117
sweep,4431
sweep,4207
sweep,5820
sweep,5925
sweep,5979
sweep,225
mark,1027906
sweep,4641
sweep,3859
sweep,4472
sweep,4088
sweep,3477
sweep,4300
sweep,3606
sweep,3213
sweep,2992
sweep,3091
sweep,3294
sweep,3041
sweep,2670
sweep,2918
sweep,3011
sweep,3016
sweep,3227
sweep,3353
sweep,3209
sweep,3798
sweep,2555
sweep,2610
sweep,3940
sweep,2359
sweep,3128
sweep,1869
sweep,3625
sweep,3954
sweep,4267
sweep,3540
sweep,3155
sweep,3497
sweep,2970
sweep,2985
sweep,2755
sweep,3160
sweep,2940
sweep,3319
sweep,2452
sweep,2892
sweep,3706
sweep,2929
sweep,2682
sweep,3069
sweep,2789
sweep,3469
sweep,2678
sweep,2667
sweep,2896
sweep,3553
sweep,4004
sweep,4149
sweep,4277
sweep,6046
sweep,7616
sweep,6004
sweep,8897
sweep,8262
sweep,8766
sweep,8440
sweep,7462
sweep,7026
sweep,837
mark,1036012
sweep,4922
sweep,3966
sweep,3932
sweep,4042
sweep,3655
sweep,4172
sweep,3633
sweep,3199
sweep,2955
sweep,3040
sweep,3373
sweep,2718
sweep,2735
sweep,2990
sweep,2660
sweep,2733
sweep,3196
sweep,2906
sweep,2941
sweep,3362
sweep,2324
sweep,2555
sweep,3752
sweep,2454
sweep,3625
sweep,2177
sweep,3420
sweep,3656
sweep,4177
sweep,3359
sweep,3297
sweep,3276
sweep,3215
sweep,3074
sweep,2847
sweep,3414
sweep,2784
sweep,3111
sweep,2780
sweep,2739
sweep,3628
sweep,2958
sweep,2823
sweep,2893
sweep,2753
sweep,3706
sweep,2830
sweep,2499
sweep,2405
sweep,6144
sweep,9073
sweep,8766
sweep,8717
sweep,8302
sweep,5681
sweep,7442
sweep,4135
sweep,4160
sweep,4345
sweep,5599
sweep,5981
sweep,6105
sweep,235
mark,1039581
sweep,5238
sweep,4176
sweep,4435
sweep,4118
sweep,3813
sweep,4152
sweep,3597
sweep,3760
sweep,2764
sweep,3284
sweep,3061
sweep,2745
sweep,2720
sweep,2766
sweep,2632
sweep,2683
sweep,3440
sweep,3411
sweep,3270
sweep,3628
sweep,2398
sweep,2619
sweep,3718
sweep,2436
sweep,3219
sweep,1904
sweep,3434
sweep,3609
sweep,4779
sweep,3360
sweep,3425
sweep,3160
sweep,2894
sweep,2961
sweep,3036
sweep,3446
sweep,2806
sweep,2987
sweep,2487
sweep,3058
sweep,4145
sweep,2799
sweep,2684
sweep,2958
sweep,3080
sweep,3732
sweep,2746
sweep,2600
sweep,2504
sweep,3585
sweep,4081
sweep,3967
sweep,4123
sweep,6056
sweep,7797
sweep,6277
sweep,8374
sweep,8314
sweep,8369
sweep,7331
sweep,7085
sweep,7581
sweep,830
mark,1027951
sweep,4981
sweep,3590
sweep,4306
sweep,4076
sweep,3698
sweep,4422
sweep,3730
sweep,3318
sweep,2826
sweep,3408
sweep,3015
sweep,2683
sweep,2843
sweep,2719
sweep,2844
sweep,2849
sweep,3261
sweep,2925
sweep,3119
sweep,3890
sweep,2329
sweep,2598
sweep,3756
sweep,2479
sweep,3379
sweep,1859
sweep,3468
sweep,4224
sweep,4487
sweep,3686
sweep,3030
sweep,2918
sweep,2898
sweep,3303
sweep,3388
sweep,3030
sweep,2832
sweep,3050
sweep,2692
sweep,2794
sweep,3747
sweep,2640
sweep,2604
sweep,3330
sweep,2996
sweep,3512
sweep,2793
sweep,2465
sweep,2423
sweep,5681
sweep,8829
sweep,8955
sweep,8599
sweep,7961
sweep,6719
sweep,7350
sweep,3999
sweep,4274
sweep,5130
sweep,6187
sweep,5847
sweep,5710
sweep,234
mark,1034892
sweep,5262
sweep,4249
sweep,4118
sweep,4217
sweep,3558
sweep,4426
sweep,3506
sweep,3480
sweep,3075
sweep,3148
sweep,3074
sweep,2867
sweep,2706
sweep,2758
sweep,2971
sweep,2746
sweep,3377
sweep,2873
sweep,3093
sweep,3326
sweep,2400
sweep,2876
sweep,4048
sweep,2419
sweep,3188
sweep,1863
sweep,3420
sweep,3608
sweep,4440
sweep,3693
sweep,3407
sweep,3201
sweep,2849
sweep,3022
sweep,2748
sweep,3625
sweep,2781
sweep,3078
sweep,2849
sweep,2743
sweep,3657
sweep,2959
sweep,2946
sweep,2969
sweep,3227
sweep,3460
sweep,2744
sweep,2642
sweep,2809
sweep,3528
sweep,3929
sweep,4128
sweep,4177
sweep,5704
sweep,8034
sweep,6566
sweep,8402
sweep,8139
sweep,8239
sweep,7913
sweep,7381
sweep,7666
sweep,834
mark,1041761
sweep,5437
sweep,4298
sweep,3975
sweep,4186
sweep,3565
sweep,4240
sweep,3894
sweep,3149
sweep,3003
sweep,3225
sweep,3055
sweep,3101
sweep,2746
sweep,3035
sweep,2670
sweep,2708
sweep,3602
sweep,2888
sweep,3053
sweep,3454
sweep,2471
sweep,2506
sweep,3847
sweep,2486
sweep,3742
sweep,1986
sweep,3346
sweep,3693
sweep,4520
sweep,3447
sweep,3113
sweep,3016
sweep,2931
sweep,2920
sweep,2811
sweep,3468
sweep,2687
sweep,2999
sweep,2514
sweep,2625
sweep,3759
sweep,3167
sweep,2854
sweep,2985
sweep,2763
sweep,3448
sweep,2869
sweep,2533
sweep,2655
sweep,5443
sweep,9172
sweep,8624
sweep,8696
sweep,7651
sweep,6086
sweep,6833
sweep,3985
sweep,4380
sweep,5010
sweep,6264
sweep,6020
sweep,5895
sweep,218
mark,1038238
sweep,4641
sweep,3898
sweep,3759
sweep,4225
sweep,3881
sweep,4202
sweep,3517
sweep,3386
sweep,3096
sweep,3295
sweep,3056
sweep,2960
sweep,2862
sweep,3044
sweep,2864
sweep,2710
sweep,3213
sweep,3353
sweep,3005
sweep,3830
sweep,2572
sweep,2470
sweep,3764
sweep,2312
sweep,3077
sweep,2070
sweep,3375
sweep,3805
sweep,4245
sweep,3822
sweep,3407
sweep,3024
sweep,3291
sweep,3092
sweep,2804
sweep,3369
sweep,2679
sweep,3219
sweep,2681
sweep,2826
sweep,3701
sweep,2545
sweep,2646
sweep,3038
sweep,2856
sweep,3400
sweep,3128
sweep,2662
sweep,2566
sweep,3478
sweep,3988
sweep,3939
sweep,4220
sweep,6112
sweep,8567
sweep,6412
sweep,9176
sweep,8066
sweep,8965
sweep,7074
sweep,7665
sweep,7176
sweep,832
mark,1035563
sweep,4962
sweep,4359
sweep,4118
sweep,4088
sweep,3641
sweep,4274
sweep,3862
sweep,3444
sweep,3167
sweep,3112
sweep,2952
sweep,3136
sweep,2935
sweep,3297
sweep,2623
sweep,3117
sweep,3195
sweep,2951
sweep,2904
sweep,3558
sweep,2318
sweep,2420
sweep,3801
sweep,2479
sweep,3057
sweep,2537
sweep,3463
sweep,3593
sweep,4759
sweep,3335
sweep,3248
sweep,3203
sweep,2976
sweep,3225
sweep,2841
sweep,3109
sweep,2693
sweep,3162
sweep,2526
sweep,2861
sweep,3991
sweep,2535
sweep,2841
sweep,3005
sweep,2790
sweep,3630
sweep,2731
sweep,2487
sweep,2436
sweep,5468
sweep,8800
sweep,8617
sweep,8627
sweep,7644
sweep,6031
sweep,7307
sweep,3890
sweep,4370
sweep,4972
sweep,6243
sweep,5722
sweep,5977
sweep,227
mark,1043213
sweep,4494
sweep,4451
sweep,4230
sweep,4015
sweep,3764
sweep,4069
sweep,3661
sweep,3206
sweep,2888
sweep,3050
sweep,3465
sweep,2805
sweep,2720
sweep,2973
sweep,2526
sweep,2785
sweep,3444
sweep,2868
sweep,2899
sweep,3387
sweep,2398
sweep,2515
sweep,3864
sweep,2648
sweep,3047
sweep,1901
sweep,3530
sweep,3850
sweep,4057
sweep,3644
sweep,3458
sweep,3117
sweep,2915
sweep,3259
sweep,3134
sweep,3183
sweep,2681
sweep,2968
sweep,2603
sweep,2718
sweep,3824
sweep,3210
sweep,2924
sweep,3049
sweep,2894
sweep,3981
sweep,3336
sweep,2509
sweep,2430
sweep,3535
sweep,3952
sweep,4165
sweep,4162
sweep,6137
sweep,7787
sweep,5996
sweep,8664
sweep,8426
sweep,8597
sweep,8052
sweep,7399
sweep,7682
sweep,835
mark,1028412
sweep,4756
sweep,4029
sweep,4213
sweep,4220
sweep,3606
sweep,4080
sweep,3582
sweep,3196
sweep,3148
sweep,3384
sweep,3054
sweep,2986
sweep,3049
sweep,2994
sweep,3197
sweep,2883
sweep,3281
sweep,3135
sweep,3240
sweep,3416
sweep,2394
sweep,2436
sweep,4067
sweep,2698
sweep,3204
sweep,1884
sweep,3522
sweep,3692
sweep,4454
sweep,3381
sweep,3433
sweep,2921
sweep,2884
sweep,2999
sweep,2850
sweep,3581
sweep,2761
sweep,3140
sweep,2686
sweep,2865
sweep,3769
sweep,3125
sweep,2683
sweep,2963
sweep,2886
sweep,3693
sweep,2670
sweep,2554
sweep,2441
sweep,5405
sweep,8758
sweep,8845
sweep,8413
sweep,7778
sweep,5940
sweep,6983
sweep,4075
sweep,4242
sweep,4814
sweep,6318
sweep,5965
sweep,5861
sweep,226
mark,1029314
sweep,4473
sweep,3766
sweep,3935
sweep,4261
sweep,3885
sweep,4168
sweep,3576
sweep,3360
sweep,2990
sweep,3088
sweep,3114
sweep,2737
sweep,3050
sweep,2782
sweep,2795
sweep,2596
sweep,3470
sweep,2870
sweep,3277
sweep,3481
sweep,2744
sweep,2470
sweep,3698
sweep,2356
sweep,3228
sweep,2174
sweep,3455
sweep,3905
sweep,4095
sweep,3617
sweep,3358
sweep,3223
sweep,3189
sweep,3203
sweep,3042
sweep,3261
sweep,2946
sweep,3058
sweep,2533
sweep,2677
sweep,3823
sweep,2941
sweep,2708
sweep,3454
sweep,3104
sweep,3435
sweep,2751
sweep,2536
sweep,2694
sweep,3708
sweep,4051
sweep,4029
sweep,4253
sweep,6090
sweep,8464
sweep,6442
sweep,8201
sweep,8279
sweep,8497
sweep,7427
sweep,7345
sweep,7181
sweep,798
mark,1033892
sweep,4567
sweep,3775
sweep,4343
sweep,4016
sweep,3616
sweep,4097
sweep,3576
sweep,3220
sweep,3258
sweep,3392
sweep,3365
sweep,3173
sweep,3002
sweep,2964
sweep,2697
sweep,2741
sweep,3340
sweep,3055
sweep,3214
sweep,3501
sweep,2388
sweep,2443
sweep,3756
sweep,2513
sweep,3237
sweep,2044
sweep,3724
sweep,3757
sweep,4559
sweep,3871
sweep,3289
sweep,3034
sweep,2819
sweep,3048
sweep,2790
sweep,3596
sweep,2779
sweep,3370
sweep,2509
sweep,2835
sweep,3920
sweep,2679
sweep,2579
sweep,2887
sweep,2862
sweep,3604
sweep,2834
sweep,2405
sweep,2587
sweep,5493
sweep,8465
sweep,8898
sweep,8525
sweep,7708
sweep,5843
sweep,6870
sweep,4358
sweep,4839
sweep,4984
sweep,5730
sweep,6373
sweep,6242
sweep,232
mark,1044105
sweep,5077
sweep,3861
sweep,4135
sweep,4110
sweep,3606
sweep,4018
sweep,3839
sweep,2992
sweep,2829
sweep,3134
sweep,3127
sweep,2715
sweep,2769
sweep,3070
sweep,2867
sweep,2740
sweep,3651
sweep,2942
sweep,3030
sweep,3688
sweep,2728
sweep,2808
sweep,4094
sweep,2570
sweep,3689
sweep,2089
sweep,3598
sweep,3893
sweep,4355
sweep,3331
sweep,3190
sweep,3523
sweep,3229
sweep,3005
sweep,2994
sweep,3328
sweep,3033
sweep,3058
sweep,2571
sweep,3012
sweep,3735
sweep,2823
sweep,2960
sweep,3179
sweep,2841
sweep,3639
sweep,3031
sweep,2709
sweep,2464
sweep,3502
sweep,4218
sweep,3967
sweep,4661
sweep,6013
sweep,8187
sweep,6253
sweep,8786
sweep,8837
sweep,8977
sweep,7292
sweep,7265
sweep,7163
sweep,834
mark,1053190
sweep,5374
sweep,4067
sweep,4507
sweep,4093
sweep,3651
sweep,4284
sweep,3925
sweep,3475
sweep,3193
sweep,3094
sweep,3360
sweep,2778
sweep,2743
sweep,2855
sweep,2620
sweep,2838
sweep,3521
sweep,3291
sweep,2952
sweep,3687
sweep,2391
sweep,2538
sweep,4131
sweep,2548
sweep,3152
sweep,1901
sweep,3414
sweep,3703
sweep,4462
sweep,3979
sweep,3081
sweep,3564
sweep,2950
sweep,2832
sweep,3284
sweep,3060
sweep,3052
sweep,3179
sweep,2710
sweep,2663
sweep,3793
sweep,2798
sweep,2616
sweep,2907
sweep,2974
sweep,3388
sweep,3177
sweep,2433
sweep,2743
sweep,5442
sweep,8884
sweep,8732
sweep,8765
sweep,7862
sweep,5664
sweep,7307
sweep,3988
sweep,4365
sweep,4164
sweep,5806
sweep,5925
sweep,6077
sweep,281
mark,1026405
sweep,4592
sweep,3875
sweep,4457
sweep,3875
sweep,3821
sweep,4150
sweep,3653
sweep,2990
sweep,2826
sweep,3114
sweep,3496
sweep,2748
sweep,2645
sweep,2993
sweep,3042
sweep,2974
sweep,3256
sweep,3138
sweep,3039
sweep,3654
sweep,2396
sweep,2547
sweep,3691
sweep,2546
sweep,3082
sweep,2140
sweep,3269
sweep,3633
sweep,4597
sweep,3335
sweep,3348
sweep,3072
sweep,3007
sweep,3067
sweep,2815
sweep,3533
sweep,2745
sweep,3279
sweep,2440
sweep,2730
sweep,3745
sweep,2605
sweep,3043
sweep,3035
sweep,2971
sweep,3503
sweep,2988
sweep,2431
sweep,2553
sweep,3467
sweep,3761
sweep,4159
sweep,4168
sweep,6102
sweep,7795
sweep,5998
sweep,8962
sweep,7998
sweep,8940
sweep,7161
sweep,7629
sweep,6948
sweep,829
mark,1031701
sweep,4890
sweep,3857
sweep,4391
sweep,4354
sweep,3717
sweep,4079
sweep,3775
sweep,3045
sweep,3020
sweep,3385
sweep,3264
sweep,2736
sweep,2700
sweep,2828
sweep,2875
sweep,2961
sweep,3440
sweep,3129
sweep,3408
sweep,3340
sweep,2354
sweep,2492
sweep,3823
sweep,2318
sweep,3051
sweep,1835
sweep,3466
sweep,3635
sweep,4575
sweep,3446
sweep,3372
sweep,3019
sweep,3192
sweep,3302
sweep,2777
sweep,3245
sweep,2901
sweep,3052
sweep,2582
sweep,2693
sweep,3794
sweep,2772
sweep,2980
sweep,3069
sweep,2900
sweep,3905
sweep,3034
sweep,2506
sweep,2743
sweep,5263
sweep,8813
sweep,8178
sweep,8599
sweep,8240
sweep,6130
sweep,6873
sweep,3969
sweep,4242
sweep,4862
sweep,6353
sweep,5735
sweep,5864
sweep,225
mark,1035340
sweep,4652
sweep,4059
sweep,4347
sweep,3976
sweep,3918
sweep,4116
sweep,3569
sweep,2982
sweep,3068
sweep,3138
sweep,3118
sweep,2890
sweep,2636
sweep,2849
sweep,2688
sweep,2817
sweep,3764
sweep,2952
sweep,3297
sweep,3254
sweep,2539
sweep,2833
sweep,4321
sweep,2362
sweep,3319
sweep,1900
sweep,3249
sweep,3669
sweep,4153
sweep,3570
sweep,3161
sweep,2989
sweep,2898
sweep,3272
sweep,2797
sweep,3339
sweep,2791
sweep,3158
sweep,2695
sweep,2726
sweep,3809
sweep,2618
sweep,2680
sweep,3404
sweep,3013
sweep,3460
sweep,3017
sweep,2520
sweep,2567
sweep,4088
sweep,3916
sweep,4141
sweep,4342
sweep,5772
sweep,8329
sweep,6561
sweep,8712
sweep,8250
sweep,8728
sweep,8300
sweep,7382
sweep,7798
sweep,841
mark,1043265
sweep,4858
sweep,4007
sweep,3907
sweep,4248
sweep,3790
sweep,4091
sweep,3705
sweep,3128
sweep,3028
sweep,3608
sweep,3306
sweep,3066
sweep,2717
sweep,2833
sweep,2569
sweep,2685
sweep,3189
sweep,2930
sweep,2943
sweep,3483
sweep,2317
sweep,2633
sweep,3794
sweep,2848
sweep,3098
sweep,1957
sweep,3475
sweep,4017
sweep,4852
sweep,3347
sweep,3133
sweep,2942
sweep,2862
sweep,3137
sweep,2782
sweep,3479
sweep,3100
sweep,3100
sweep,2604
sweep,2858
sweep,3772
sweep,3125
sweep,2757
sweep,2894
sweep,2940
sweep,3387
sweep,2934
sweep,2582
sweep,2442
sweep,6123
sweep,9116
sweep,8928
sweep,8771
sweep,8179
sweep,6731
sweep,7015
sweep,3923
sweep,4214
sweep,4794
sweep,6075
sweep,5887
sweep,5960
sweep,225
mark,1032753
sweep,4728
sweep,4347
sweep,4139
sweep,4357
sweep,3875
sweep,4095
sweep,3566
sweep,3470
sweep,2853
sweep,2954
sweep,3264
sweep,2763
sweep,2790
sweep,2814
sweep,2726
sweep,2638
sweep,3445
sweep,2895
sweep,3012
sweep,4012
sweep,2561
sweep,2664
sweep,3959
sweep,2405
sweep,3122
sweep,2196
sweep,3380
sweep,3703
sweep,4311
sweep,3632
sweep,3351
sweep,3037
sweep,2877
sweep,3254
sweep,2754
sweep,3243
sweep,3079
sweep,3062
sweep,2865
sweep,2671
sweep,3809
sweep,2967
sweep,2829
sweep,3101
sweep,2889
sweep,3662
sweep,2782
sweep,2514
sweep,2404
sweep,3434
sweep,4132
sweep,3953
sweep,4157
sweep,5916
sweep,8045
sweep,6191
sweep,8799
sweep,8275
sweep,8466
sweep,8387
sweep,7330
sweep,7330
sweep,824
mark,1041036
sweep,4877
sweep,4388
sweep,4310
sweep,4230
sweep,3930
sweep,4416
sweep,4006
sweep,3078
sweep,3201
sweep,3402
sweep,3488
sweep,3052
sweep,2929
sweep,3166
sweep,2933
sweep,2982
sweep,3297
sweep,2858
sweep,2972
sweep,3426
sweep,2566
sweep,2496
sweep,3637
sweep,2476
sweep,3068
sweep,1912
sweep,3481
sweep,3877
sweep,4493
sweep,3593
sweep,3276
sweep,3146
sweep,3080
sweep,3188
sweep,3074
sweep,3162
sweep,2807
sweep,2973
sweep,2468
sweep,2775
sweep,3964
sweep,2873
sweep,2936
sweep,2857
sweep,2886
sweep,3403
sweep,2888
sweep,2486
sweep,2467
sweep,6028
sweep,8870
sweep,8336
sweep,8574
sweep,7916
sweep,6785
sweep,7443
sweep,4153
sweep,4295
sweep,5147
sweep,6164
sweep,5858
sweep,5752
sweep,222
mark,1021776
sweep,4685
sweep,3704
sweep,4444
sweep,4341
sweep,3988
sweep,4107
sweep,3706
sweep,3139
sweep,3039
sweep,3355
sweep,2929
sweep,3034
sweep,3159
sweep,2769
sweep,2848
sweep,2721
sweep,3449
sweep,2988
sweep,3283
sweep,3398
sweep,2320
sweep,2430
sweep,3697
sweep,2341
sweep,3074
sweep,1874
sweep,3299
sweep,3660
sweep,4744
sweep,3605
sweep,3205
sweep,3365
sweep,2847
sweep,3086
sweep,3035
sweep,3305
sweep,2778
sweep,3144
sweep,2647
sweep,2959
sweep,4005
sweep,2661
sweep,3140
sweep,3356
sweep,2822
sweep,3624
sweep,2887
sweep,2598
sweep,2529
sweep,3734
sweep,3953
sweep,3870
sweep,4020
sweep,5507
sweep,7691
sweep,5811
sweep,8662
sweep,8784
sweep,8436
sweep,7205
sweep,7267
sweep,7376
sweep,868
mark,1034522
sweep,4755
sweep,4119
sweep,3883
sweep,4042
sweep,3834
sweep,4245
sweep,3889
sweep,3336
sweep,2749
sweep,3176
sweep,3242
sweep,3161
sweep,2967
sweep,2952
sweep,2868
sweep,2887
sweep,3577
sweep,2938
sweep,3127
sweep,3671
sweep,2318
sweep,2495
sweep,3769
sweep,2714
sweep,3678
sweep,2269
sweep,3381
sweep,3627
sweep,4254
sweep,3828
sweep,3146
sweep,3087
sweep,3437
sweep,3519
sweep,3160
sweep,3039
sweep,2842
sweep,3039
sweep,2540
sweep,2746
sweep,3976
sweep,3066
sweep,3053
sweep,2778
sweep,2841
sweep,3379
sweep,2886
sweep,2476
sweep,2411
sweep,5488
sweep,9030
sweep,8473
sweep,8457
sweep,7753
sweep,6145
sweep,7052
sweep,4280
sweep,4360
sweep,4862
sweep,6272
sweep,5576
sweep,5843
sweep,242
mark,1025286
sweep,4835
sweep,3982
sweep,4406
sweep,4281
sweep,3534
sweep,4082
sweep,3580
sweep,3079
sweep,3161
sweep,3403
sweep,3058
sweep,3057
sweep,2703
sweep,2803
sweep,3020
sweep,2868
sweep,3259
sweep,2879
sweep,2987
sweep,3949
sweep,2311
sweep,2889
sweep,3712
sweep,2583
sweep,3584
sweep,1910
sweep,3605
sweep,3891
sweep,4186
sweep,3345
sweep,3163
sweep,3037
sweep,2939
sweep,2999
sweep,2839
sweep,3309
sweep,3087
sweep,2981
sweep,2643
sweep,2672
sweep,4098
sweep,2865
sweep,2786
sweep,3012
sweep,2743
sweep,3418
sweep,2718
sweep,2689
sweep,2396
sweep,3750
sweep,4254
sweep,4008
sweep,4106
sweep,5613
sweep,8374
sweep,5952
sweep,8598
sweep,8638
sweep,8982
sweep,7169
sweep,7024
sweep,7234
sweep,779
mark,1031602
sweep,5388
sweep,4332
sweep,4428
sweep,4211
sweep,3825
sweep,3880
sweep,3657
sweep,3309
sweep,2872
sweep,3446
sweep,3171
sweep,2816
sweep,2675
sweep,2756
sweep,2608
sweep,2799
sweep,3577
sweep,3019
sweep,3264
sweep,3695
sweep,2420
sweep,2494
sweep,3771
sweep,2435
sweep,3644
sweep,2186
sweep,3433
sweep,3551
sweep,4690
sweep,3484
sweep,3190
sweep,3315
sweep,2807
sweep,3188
sweep,2762
sweep,3402
sweep,3046
sweep,3172
sweep,2788
sweep,2670
sweep,3857
sweep,3187
sweep,2704
sweep,3051
sweep,2801
sweep,3578
sweep,2824
sweep,2676
sweep,2523
sweep,5476
sweep,9033
sweep,8650
sweep,8601
sweep,7978
sweep,5813
sweep,7471
sweep,4050
sweep,4559
sweep,4386
sweep,6064
sweep,5491
sweep,5810
sweep,221
mark,1027638
sweep,4600
sweep,4022
sweep,4172
sweep,4100
sweep,3476
sweep,4348
sweep,3536
sweep,3136
sweep,2917
sweep,3137
sweep,3131
sweep,2872
sweep,2773
sweep,2792
sweep,2515
sweep,2670
sweep,3572
sweep,2936
sweep,3113
sweep,3466
sweep,2635
sweep,2569
sweep,4038
sweep,2385
sweep,3031
sweep,2184
sweep,3260
sweep,3593
sweep,4538
sweep,3804
sweep,3184
sweep,3074
sweep,2872
sweep,3094
sweep,2753
sweep,3433
sweep,2736
sweep,3275
sweep,2844
sweep,2770
sweep,3733
sweep,3007
sweep,2736
sweep,3011
sweep,2736
sweep,3504
sweep,2790
sweep,2500
sweep,2463
sweep,3729
sweep,3869
sweep,3958
sweep,4174
sweep,6071
sweep,7663
sweep,5843
sweep,8720
sweep,8379
sweep,8705
sweep,8000
sweep,7586
sweep,7717
sweep,782
mark,1036079
sweep,4680
sweep,4069
sweep,4083
sweep,4081
sweep,3935
sweep,4323
sweep,3584
sweep,3208
sweep,3005
sweep,3368
sweep,3059
sweep,2984
sweep,2919
sweep,3226
sweep,2777
sweep,2950
sweep,3581
sweep,3000
sweep,3112
sweep,3468
sweep,2359
sweep,2481
sweep,3707
sweep,2532
sweep,3428
sweep,1862
sweep,3560
sweep,3732
sweep,4436
sweep,3690
sweep,3288
sweep,3138
sweep,3145
sweep,3054
sweep,2850
sweep,3456
sweep,2788
sweep,3047
sweep,2399
sweep,2939
sweep,3899
sweep,2723
sweep,3035
sweep,2959
sweep,3003
sweep,3325
sweep,3066
sweep,2467
sweep,2851
sweep,5658
sweep,8944
sweep,8759
sweep,8708
sweep,8386
sweep,5887
sweep,7464
sweep,4142
sweep,4378
sweep,4663
sweep,6119
sweep,5975
sweep,5783
sweep,224
mark,1028377
sweep,4662
sweep,3827
sweep,4385
sweep,4230
sweep,3820
sweep,3955
sweep,3929
sweep,3117
sweep,2988
sweep,3196
sweep,3241
sweep,2728
sweep,2906
sweep,2802
sweep,2562
sweep,2712
sweep,3562
sweep,3100
sweep,3202
sweep,3411
sweep,2401
sweep,2525
sweep,3840
sweep,2412
sweep,3589
sweep,1976
sweep,3386
sweep,3795
sweep,4692
sweep,3362
sweep,3278
sweep,3004
sweep,2939
sweep,3368
sweep,3001
sweep,3175
sweep,2848
sweep,3266
sweep,2740
sweep,2688
sweep,3842
sweep,3139
sweep,2850
sweep,2886
sweep,2728
sweep,3683
sweep,2733
sweep,2561
sweep,2805
sweep,3684
sweep,4137
sweep,4171
sweep,4061
sweep,5644
sweep,8258
sweep,6374
sweep,8784
sweep,8569
sweep,8585
sweep,8260
sweep,7227
sweep,7469
sweep,827
mark,1028131
sweep,4872
sweep,3838
sweep,3819
sweep,3998
sweep,3600
sweep,4151
sweep,3584
sweep,3154
sweep,3110
sweep,3293
sweep,3358
sweep,2730
sweep,2659
sweep,2758
sweep,2604
sweep,2817
sweep,3317
sweep,2948
sweep,3347
sweep,3836
sweep,2625
sweep,2571
sweep,3703
sweep,2347
sweep,3541
sweep,1923
sweep,3503
sweep,4174
sweep,4603
sweep,3834
sweep,3237
sweep,3030
sweep,3136
sweep,3423
sweep,2738
sweep,3132
sweep,2716
sweep,3269
sweep,2379
sweep,2588
sweep,3742
sweep,2631
sweep,2910
sweep,3445
sweep,3528
sweep,3495
sweep,2847
sweep,2457
sweep,2526
sweep,5478
sweep,8788
sweep,8977
sweep,8795
sweep,7346
sweep,6023
sweep,6966
sweep,3961
sweep,4422
sweep,4559
sweep,5708
sweep,5678
sweep,5716
sweep,226
mark,1022640
sweep,4774
sweep,3888
sweep,3951
sweep,4067
sweep,3546
sweep,4156
sweep,3757
sweep,3159
sweep,2904
sweep,3155
sweep,2995
sweep,3067
sweep,3025
sweep,2850
sweep,2634
sweep,2761
sweep,3279
sweep,3187
sweep,2987
sweep,3591
sweep,2423
sweep,2736
sweep,3729
sweep,2363
sweep,3704
sweep,1955
sweep,3504
sweep,3639
sweep,3974
sweep,3308
sweep,3374
sweep,2813
sweep,3161
sweep,3047
sweep,2883
sweep,3656
sweep,3243
sweep,3217
sweep,2495
sweep,2921
sweep,4009
sweep,2861
sweep,2584
sweep,2850
sweep,2864
sweep,3850
sweep,2647
sweep,2491
sweep,2627
sweep,3514
sweep,4021
sweep,4008
sweep,4368
sweep,5810
sweep,7833
sweep,6479
sweep,8649
sweep,8365
sweep,8407
sweep,8389
sweep,7412
sweep,7592
sweep,836
mark,1076776
sweep,4628
sweep,4029
sweep,3966
sweep,4119
sweep,3960
sweep,4047
sweep,3770
sweep,3136
sweep,2863
sweep,3214
sweep,3212
sweep,3086
sweep,2816
sweep,3125
sweep,2614
sweep,2756
sweep,3279
sweep,2887
sweep,3600
sweep,3806
sweep,2351
sweep,2442
sweep,3936
sweep,2459
sweep,3648
sweep,1945
sweep,3429
sweep,3609
sweep,4602
sweep,3405
sweep,3418
sweep,3423
sweep,3071
sweep,3352
sweep,2811
sweep,3314
sweep,2744
sweep,3106
sweep,2503
sweep,2604
sweep,3748
sweep,2758
sweep,2892
sweep,2897
sweep,2839
sweep,3353
sweep,2690
sweep,2445
sweep,2520
sweep,5565
sweep,8979
sweep,8419
sweep,8847
sweep,7917
sweep,6110
sweep,7166
sweep,4125
sweep,4527
sweep,4531
sweep,5714
sweep,5564
sweep,5827
sweep,254
mark,1028301
sweep,4556
sweep,4072
sweep,3834
sweep,4274
sweep,3622
sweep,4102
sweep,3591
sweep,3347
sweep,2770
sweep,3010
sweep,3528
sweep,2693
sweep,3011
sweep,2784
sweep,2678
sweep,2685
sweep,3635
sweep,3249
sweep,3036
sweep,3452
sweep,2314
sweep,2682
sweep,3630
sweep,2776
sweep,3050
sweep,1914
sweep,3328
sweep,3633
sweep,4238
sweep,3648
sweep,3409
sweep,3065
sweep,2951
sweep,2997
sweep,2749
sweep,3237
sweep,2728
sweep,3177
sweep,2616
sweep,2830
sweep,3715
sweep,2921
sweep,2714
sweep,2946
sweep,3095
sweep,3512
sweep,2655
sweep,2491
sweep,2516
sweep,3670
sweep,3970
sweep,3967
sweep,4134
sweep,6178
sweep,7595
sweep,6195
sweep,8690
sweep,8469
sweep,8477
sweep,7324
sweep,7560
sweep,7021
sweep,823
mark,1029903
sweep,5018
sweep,3892
sweep,4191
sweep,4085
sweep,3921
sweep,4321
sweep,3608
sweep,3167
sweep,3205
sweep,3208
sweep,3203
sweep,3019
sweep,2723
sweep,2806
sweep,2795
sweep,2716
sweep,3587
sweep,3027
sweep,3001
sweep,3571
sweep,2686
sweep,2361
sweep,3911
sweep,2641
sweep,3268
sweep,1884
sweep,3395
sweep,3829
sweep,4725
sweep,3642
sweep,3062
sweep,2914
sweep,3015
sweep,3271
sweep,3333
sweep,3094
sweep,2807
sweep,3114
sweep,2670
sweep,2717
sweep,3858
sweep,2861
sweep,2627
sweep,2971
sweep,2854
sweep,3724
sweep,3015
sweep,2765
sweep,2805
sweep,5911
sweep,8864
sweep,8433
sweep,8861
sweep,7992
sweep,6095
sweep,7216
sweep,4003
sweep,4827
sweep,4346
sweep,5991
sweep,6043
sweep,6045
sweep,225
mark,1046291
sweep,4674
sweep,3854
sweep,4311
sweep,4513
sweep,3614
sweep,4268
sweep,3532
sweep,3683
sweep,2829
sweep,3120
sweep,3192
sweep,3073
sweep,2749
sweep,2971
sweep,2594
sweep,2698
sweep,3526
sweep,3319
sweep,3006
sweep,3343
sweep,2621
sweep,2418
sweep,3852
sweep,2606
sweep,3164
sweep,1969
sweep,3362
sweep,3621
sweep,4201
sweep,3926
sweep,3335
sweep,3156
sweep,2911
sweep,2978
sweep,2708
sweep,3280
sweep,2706
sweep,3041
sweep,2409
sweep,3008
sweep,3847
sweep,2637
sweep,3263
sweep,2916
sweep,3125
sweep,3651
sweep,2788
sweep,2726
sweep,2484
sweep,3569
sweep,3913
sweep,3967
sweep,4552
sweep,6116
sweep,8165
sweep,6056
sweep,8809
sweep,8810
sweep,9065
sweep,7262
sweep,7491
sweep,8052
sweep,830
mark,1051692
sweep,4622
sweep,4073
sweep,3893
sweep,4201
sweep,3578
sweep,4245
sweep,3575
sweep,3357
sweep,2813
sweep,3245
sweep,2916
sweep,3184
sweep,2654
sweep,2746
sweep,2559
sweep,2644
sweep,3301
sweep,2926
sweep,3273
sweep,3954
sweep,2570
sweep,2607
sweep,3854
sweep,2579
sweep,3162
sweep,2187
sweep,3327
sweep,3762
sweep,4316
sweep,3345
sweep,3327
sweep,3179
sweep,3145
sweep,3013
sweep,2806
sweep,3200
sweep,2886
sweep,3068
sweep,2512
sweep,3178
sweep,3753
sweep,2784
sweep,2955
sweep,3084
sweep,3267
sweep,3402
sweep,2834
sweep,2453
sweep,2691
sweep,5709
sweep,8840
sweep,8626
sweep,8405
sweep,7732
sweep,6229
sweep,7124
sweep,4271
sweep,4269
sweep,4721
sweep,6223
sweep,5448
sweep,5821
sweep,226
mark,1029684
sweep,5107
sweep,3776
sweep,3899
sweep,4146
sweep,3803
sweep,4171
sweep,3552
sweep,3363
sweep,2712
sweep,3362
sweep,3143
sweep,2739
sweep,2988
sweep,2672
sweep,2558
sweep,2706
sweep,3242
sweep,2957
sweep,3197
sweep,3338
sweep,2536
sweep,2666
sweep,4495
sweep,2392
sweep,3188
sweep,1878
sweep,3357
sweep,3797
sweep,4678
sweep,3202
sweep,3176
sweep,2991
sweep,3001
sweep,3063
sweep,3242
sweep,3436
sweep,2743
sweep,3090
sweep,2573
sweep,3077
sweep,3688
sweep,3104
sweep,2633
sweep,3375
sweep,3000
sweep,3406
sweep,2856
sweep,2553
sweep,2506
sweep,3416
sweep,3854
sweep,3960
sweep,4203
sweep,6106
sweep,8051
sweep,6108
sweep,8561
sweep,8337
sweep,8809
sweep,8116
sweep,7401
sweep,7502
sweep,802
mark,1033390
sweep,4730
sweep,3821
sweep,4220
sweep,4074
sweep,3598
sweep,4053
sweep,3651
sweep,3282
sweep,2958
sweep,3285
sweep,2960
sweep,3082
sweep,3064
sweep,3091
sweep,2926
sweep,2676
sweep,3545
sweep,2924
sweep,3104
sweep,3521
sweep,2573
sweep,2488
sweep,3742
sweep,2311
sweep,3223
sweep,2144
sweep,3582
sweep,3633
sweep,4299
sweep,3554
sweep,3116
sweep,3308
sweep,2827
sweep,3068
sweep,2701
sweep,3574
sweep,3009
sweep,3337
sweep,2529
sweep,2814
sweep,3831
sweep,2722
sweep,2932
sweep,3230
sweep,3312
sweep,3926
sweep,2853
sweep,2503
sweep,2480
sweep,5532
sweep,9056
sweep,8419
sweep,8789
sweep,7761
sweep,6261
sweep,7584
sweep,4070
sweep,4361
sweep,5140
sweep,6260
sweep,5851
sweep,5987
sweep,229
mark,1029749
sweep,4731
sweep,3715
sweep,4385
sweep,4122
sweep,3590
sweep,4080
sweep,3541
sweep,3266
sweep,3086
sweep,3203
sweep,3371
sweep,2719
sweep,3006
sweep,2691
sweep,2673
sweep,2905
sweep,3230
sweep,3186
sweep,3214
sweep,3716
sweep,2477
sweep,2536
sweep,4018
sweep,2655
sweep,3095
sweep,2029
sweep,3451
sweep,4159
sweep,4439
sweep,3627
sweep,3049
sweep,3263
sweep,2962
sweep,3070
sweep,3053
sweep,3315
sweep,2805
sweep,3082
sweep,2750
sweep,2907
sweep,3834
sweep,2987
sweep,2742
sweep,3349
sweep,3000
sweep,3484
sweep,2715
sweep,2479
sweep,2719
sweep,3532
sweep,3894
sweep,4019
sweep,4212
sweep,6063
sweep,8499
sweep,6488
sweep,8558
sweep,8157
sweep,8652
sweep,7470
sweep,7310
sweep,7142
sweep,872
mark,1031889
sweep,4948
sweep,3922
sweep,4001
sweep,3997
sweep,3559
sweep,4202
sweep,3857
sweep,3244
sweep,3135
sweep,3191
sweep,3084
sweep,2852
sweep,2788
sweep,2838
sweep,2690
sweep,3046
sweep,3291
sweep,2980
sweep,2985
sweep,3497
sweep,2475
sweep,2437
sweep,3733
sweep,2306
sweep,3066
sweep,1911
sweep,3480
sweep,4019
sweep,4407
sweep,3599
sweep,2891
sweep,3093
sweep,2877
sweep,3025
sweep,2792
sweep,3512
sweep,2764
sweep,3271
sweep,2667
sweep,5935
sweep,3778
sweep,2732
sweep,2623
sweep,2922
sweep,2847
sweep,3505
sweep,2888
sweep,2716
sweep,2564
sweep,5798
sweep,9175
sweep,8641
sweep,8286
sweep,7746
sweep,6343
sweep,7217
sweep,3982
sweep,4233
sweep,5086
sweep,6206
sweep,6022
sweep,5827
sweep,238
mark,1025877
sweep,4726
sweep,4033
sweep,4323
sweep,4406
sweep,3696
sweep,4333
sweep,3512
sweep,3098
sweep,3093
sweep,3134
sweep,3133
sweep,2766
sweep,2857
sweep,3183
sweep,2763
sweep,2742
sweep,3195
sweep,3234
sweep,3241
sweep,3544
sweep,2381
sweep,2434
sweep,3881
sweep,2387
sweep,3485
sweep,1911
sweep,3318
sweep,4032
sweep,4291
sweep,3317
sweep,3051
sweep,3224
sweep,2971
sweep,3025
sweep,2829
sweep,3500
sweep,3119
sweep,3202
sweep,2668
sweep,2614
sweep,3741
sweep,3173
sweep,3162
sweep,2938
sweep,2786
sweep,3404
sweep,2683
sweep,2442
sweep,2559
sweep,3369
sweep,4032
sweep,4047
sweep,4248
sweep,5928
sweep,8364
sweep,6491
sweep,8548
sweep,8495
sweep,8590
sweep,8256
sweep,7489
sweep,7418
sweep,880
mark,1026797
sweep,4745
sweep,3953
sweep,3982
sweep,4202
sweep,3872
sweep,3971
sweep,3624
sweep,3338
sweep,2913
sweep,3183
sweep,3137
sweep,2970
sweep,2779
sweep,2893
sweep,2923
sweep,2732
sweep,3269
sweep,3107
sweep,2995
sweep,3796
sweep,2349
sweep,2455
sweep,4006
sweep,2432
sweep,3121
sweep,1924
sweep,3453
sweep,4158
sweep,4490
sweep,3288
sweep,3256
sweep,3046
sweep,3343
sweep,3112
sweep,3393
sweep,3387
sweep,3134
sweep,2956
sweep,2778
sweep,2696
sweep,3859
sweep,2675
sweep,2645
sweep,2980
sweep,2963
sweep,3728
sweep,2998
sweep,2765
sweep,2840
sweep,5379
sweep,8947
sweep,8744
sweep,8773
sweep,8167
sweep,6031
sweep,7128
sweep,4278
sweep,4505
sweep,4501
sweep,5695
sweep,5561
sweep,5823
sweep,230
mark,1025215
sweep,4666
sweep,3817
sweep,3868
sweep,4311
sweep,3611
sweep,4348
sweep,3469
sweep,3071
sweep,2805
sweep,3096
sweep,3054
sweep,2724
sweep,2673
sweep,3280
sweep,2569
sweep,2700
sweep,3611
sweep,3074
sweep,3011
sweep,3307
sweep,2279
sweep,2595
sweep,3983
sweep,2316
sweep,3592
sweep,2139
sweep,3355
sweep,3839
sweep,4279
sweep,3872
sweep,3384
sweep,3108
sweep,3491
sweep,3108
sweep,3434
sweep,3193
sweep,3127
sweep,3174
sweep,2879
sweep,2602
sweep,3687
sweep,2913
sweep,2757
sweep,3034
sweep,2935
sweep,3426
sweep,3187
sweep,2607
sweep,2773
sweep,3688
sweep,3948
sweep,3931
sweep,4113
sweep,6220
sweep,7618
sweep,6113
sweep,8428
sweep,8255
sweep,8259
sweep,7496
sweep,7247
sweep,7058
sweep,832
mark,1047198
sweep,4561
sweep,3920
sweep,4176
sweep,4345
sweep,3501
sweep,4297
sweep,3815
sweep,3093
sweep,3238
sweep,3474
sweep,3360
sweep,2947
sweep,2990
sweep,2897
sweep,2883
sweep,2588
sweep,3270
sweep,2940
sweep,3377
sweep,3712
sweep,2602
sweep,2602
sweep,3712
sweep,2345
sweep,3273
sweep,1864
sweep,3338
sweep,4204
sweep,4309
sweep,3384
sweep,3111
sweep,3035
sweep,2875
sweep,2994
sweep,2753
sweep,3269
sweep,2903
sweep,3178
sweep,2588
sweep,3232
sweep,3805
sweep,2722
sweep,2692
sweep,3074
sweep,3139
sweep,3705
sweep,3243
sweep,2589
sweep,2533
sweep,5462
sweep,9316
sweep,8852
sweep,8528
sweep,8011
sweep,6433
sweep,7171
sweep,4033
sweep,4308
sweep,4911
sweep,6153
sweep,5897
sweep,5701
sweep,237
mark,1030667
sweep,4469
sweep,3773
sweep,4390
sweep,4225
sweep,3863
sweep,4092
sweep,3468
sweep,3287
sweep,3164
sweep,3282
sweep,3343
sweep,2699
sweep,2759
sweep,2999
sweep,2578
sweep,2691
sweep,3441
sweep,2996
sweep,3116
sweep,3549
sweep,2463
sweep,2747
sweep,3876
sweep,2282
sweep,3558
sweep,2081
sweep,3482
sweep,3660
sweep,4273
sweep,3576
sweep,3069
sweep,3034
sweep,3214
sweep,3064
sweep,2767
sweep,3351
sweep,2843
sweep,3101
sweep,2702
sweep,2727
sweep,3723
sweep,2679
sweep,2750
sweep,3094
sweep,3325
sweep,3689
sweep,3076
sweep,2550
sweep,2486
sweep,3741
sweep,3936
sweep,4105
sweep,4438
sweep,5600
sweep,7805
sweep,5958
sweep,8924
sweep,8022
sweep,8414
sweep,7421
sweep,7723
sweep,7100
sweep,829
mark,1029346
sweep,4602
sweep,3887
sweep,3852
sweep,4282
sweep,3628
sweep,3961
sweep,3587
sweep,3013
sweep,3098
sweep,3483
sweep,3020
sweep,2736
sweep,2751
sweep,3059
sweep,2887
sweep,2809
sweep,3570
sweep,3042
sweep,3229
sweep,3417
sweep,2359
sweep,2677
sweep,3696
sweep,2453
sweep,3027
sweep,1894
sweep,3520
sweep,3708
sweep,4390
sweep,3469
sweep,3320
sweep,3196
sweep,2993
sweep,3180
sweep,2815
sweep,3200
sweep,3007
sweep,3426
sweep,2509
sweep,2701
sweep,3963
sweep,2559
sweep,2733
sweep,3103
sweep,3065
sweep,3667
sweep,2964
sweep,2451
sweep,2430
sweep,5352
sweep,9146
sweep,8414
sweep,8677
sweep,8225
sweep,6585
sweep,7264
sweep,4201
sweep,4419
sweep,4889
sweep,6236
sweep,5894
sweep,6086
sweep,222
mark,1035156
sweep,4733
sweep,3959
sweep,4040
sweep,4642
sweep,4054
sweep,4159
sweep,3618
sweep,3047
sweep,2838
sweep,3097
sweep,3191
sweep,2768
sweep,2863
sweep,3018
sweep,2941
sweep,2892
sweep,3485
sweep,2995
sweep,3245
sweep,3700
sweep,2573
sweep,2814
sweep,4137
sweep,2599
sweep,3700
sweep,1954
sweep,3327
sweep,3809
sweep,4475
sweep,3697
sweep,3142
sweep,2997
sweep,2935
sweep,3362
sweep,2743
sweep,3363
sweep,2786
sweep,3028
sweep,2530
sweep,2772
sweep,3972
sweep,2664
sweep,2650
sweep,3275
sweep,2881
sweep,3715
sweep,2830
sweep,2450
sweep,2625
sweep,3377
sweep,3930
sweep,3898
sweep,4242
sweep,5661
sweep,7949
sweep,6155
sweep,8881
sweep,8779
sweep,9152
sweep,7395
sweep,7725
sweep,7109
sweep,838
mark,1028106
sweep,5385
sweep,4495
sweep,4380
sweep,4233
sweep,3547
sweep,4200
sweep,3638
sweep,3339
sweep,2916
sweep,3120
sweep,2920
sweep,2777
sweep,2727
sweep,3087
sweep,2637
sweep,2669
sweep,3589
sweep,2933
sweep,3215
sweep,3578
sweep,2391
sweep,2401
sweep,3731
sweep,2501
sweep,3048
sweep,2060
sweep,3670
sweep,3925
sweep,4518
sweep,3385
sweep,2973
sweep,3191
sweep,2897
sweep,3203
sweep,2845
sweep,3530
sweep,2796
sweep,3104
sweep,2396
sweep,2990
sweep,3624
sweep,2699
sweep,2745
sweep,3301
sweep,2907
sweep,3574
sweep,2736
sweep,2470
sweep,2517
sweep,5297
sweep,8862
sweep,9138
sweep,8392
sweep,8122
sweep,5636
sweep,7337
sweep,4088
sweep,4308
sweep,4866
sweep,6326
sweep,5875
sweep,5846
sweep,221
mark,1027977
sweep,4690
sweep,3876
sweep,4376
sweep,4386
sweep,3557
sweep,4088
sweep,3942
sweep,3081
sweep,2787
sweep,3145
sweep,3153
sweep,2998
sweep,2795
sweep,2888
sweep,2582
sweep,2708
sweep,3197
sweep,3153
sweep,3022
sweep,3426
sweep,2287
sweep,2574
sweep,3782
sweep,2424
sweep,2995
sweep,2072
sweep,3406
sweep,3920
sweep,4430
sweep,3679
sweep,3539
sweep,2887
sweep,2965
sweep,2930
sweep,2789
sweep,3329
sweep,2840
sweep,3167
sweep,2783
sweep,2965
sweep,3688
sweep,2615
sweep,2928
sweep,3055
sweep,3135
sweep,3687
sweep,2757
sweep,2566
sweep,2553
sweep,3638
sweep,4067
sweep,4185
sweep,4268
sweep,5943
sweep,8520
sweep,6469
sweep,8580
sweep,8514
sweep,8591
sweep,7350
sweep,7702
sweep,6994
sweep,826
mark,1036072
sweep,5112
sweep,4231
sweep,4293
sweep,4405
sweep,3773
sweep,3919
sweep,3621
sweep,3367
sweep,3146
sweep,3562
sweep,3034
sweep,2724
sweep,2865
sweep,2822
sweep,2838
sweep,2705
sweep,3351
sweep,3220
sweep,3667
sweep,3302
sweep,2288
sweep,2545
sweep,3831
sweep,2552
sweep,3098
sweep,2081
sweep,3764
sweep,3691
sweep,4510
sweep,3446
sweep,3065
sweep,2960
sweep,3205
sweep,3153
sweep,2805
sweep,3403
sweep,2797
sweep,3094
sweep,2673
sweep,2626
sweep,3997
sweep,2685
sweep,3013
sweep,3042
sweep,3151
sweep,3407
sweep,2698
sweep,2724
sweep,2780
sweep,5988
sweep,8918
sweep,8623
sweep,8625
sweep,8209
sweep,6043
sweep,7068
sweep,4145
sweep,5046
sweep,4728
sweep,6231
sweep,5813
sweep,5900
sweep,250
mark,1030205
sweep,4458
sweep,3888
sweep,4462
sweep,4497
sweep,3545
sweep,4329
sweep,3611
sweep,3325
sweep,2777
sweep,3254
sweep,3148
sweep,3002
sweep,2765
sweep,3067
sweep,2620
sweep,2869
sweep,3199
sweep,3094
sweep,3104
sweep,3309
sweep,2365
sweep,2499
sweep,4016
sweep,2288
sweep,3026
sweep,2106
sweep,3567
sweep,3868
sweep,4549
sweep,3275
sweep,3198
sweep,3096
sweep,2923
sweep,3106
sweep,2776
sweep,3528
sweep,2711
sweep,3013
sweep,3113
sweep,2687
sweep,3894
sweep,3102
sweep,3014
sweep,3165
sweep,3147
sweep,3696
sweep,3067
sweep,2523
sweep,2491
sweep,3979
sweep,3961
sweep,4175
sweep,4192
sweep,5631
sweep,7862
sweep,6006
sweep,9038
sweep,8147
sweep,8388
sweep,6987
sweep,7384
sweep,7627
sweep,833
mark,1027830
sweep,4981
sweep,3877
sweep,3915
sweep,3992
sweep,3645
sweep,4200
sweep,3664
sweep,3516
sweep,3195
sweep,3342
sweep,3070
sweep,2748
sweep,2696
sweep,2743
sweep,2686
sweep,2771
sweep,3173
sweep,2965
sweep,3102
sweep,3643
sweep,2320
sweep,2387
sweep,3775
sweep,2635
sweep,3139
sweep,1826
sweep,3315
sweep,3623
sweep,4438
sweep,3406
sweep,3190
sweep,3457
sweep,2991
sweep,3029
sweep,2830
sweep,3434
sweep,2817
sweep,3012
sweep,2459
sweep,2656
sweep,3499
sweep,2660
sweep,3001
sweep,3036
sweep,2800
sweep,3339
sweep,3011
sweep,2451
sweep,2409
sweep,5314
sweep,8446
sweep,8883
sweep,8912
sweep,7414
sweep,6073
sweep,6779
sweep,4219
sweep,4311
sweep,5054
sweep,6098
sweep,5836
sweep,5847
sweep,252
mark,1028503
sweep,4554
sweep,4091
sweep,4309
sweep,4332
sweep,3831
sweep,4197
sweep,3528
sweep,3060
sweep,3022
sweep,3554
sweep,3149
sweep,2917
sweep,2820
sweep,2880
sweep,2648
sweep,2858
sweep,3168
sweep,3317
sweep,2940
sweep,3306
sweep,2582
sweep,2731
sweep,3876
sweep,2539
sweep,3653
sweep,1989
sweep,3321
sweep,3888
sweep,4196
sweep,3650
sweep,3275
sweep,3103
sweep,3048
sweep,3142
sweep,3011
sweep,3166
sweep,2736
sweep,3298
sweep,2610
sweep,3095
sweep,4335
sweep,2904
sweep,2678
sweep,2993
sweep,2847
sweep,3902
sweep,2752
sweep,2515
sweep,2708
sweep,3517
sweep,3844
sweep,4135
sweep,4233
sweep,6220
sweep,7533
sweep,5853
sweep,9186
sweep,7923
sweep,8527
sweep,7373
sweep,7144
sweep,7482
sweep,876
mark,1035135
sweep,4776
sweep,4041
sweep,4266
sweep,4000
sweep,3913
sweep,4310
sweep,3869
sweep,3191
sweep,2827
sweep,3202
sweep,3280
sweep,2732
sweep,2771
sweep,3094
sweep,3009
sweep,2726
sweep,3412
sweep,2934
sweep,3102
sweep,3420
sweep,2393
sweep,2359
sweep,4237
sweep,2328
sweep,3412
sweep,1970
sweep,3597
sweep,3773
sweep,4448
sweep,3602
sweep,2995
sweep,3593
sweep,3592
sweep,2880
sweep,3059
sweep,3472
sweep,3055
sweep,3152
sweep,2617
sweep,2791
sweep,3758
sweep,2698
sweep,2704
sweep,2936
sweep,3197
sweep,3469
sweep,2702
sweep,2526
sweep,2510
sweep,5960
sweep,8955
sweep,8870
sweep,8560
sweep,8048
sweep,5982
sweep,6986
sweep,3975
sweep,4377
sweep,4984
sweep,6265
sweep,5795
sweep,5762
sweep,432
mark,1032140
sweep,4717
sweep,3973
sweep,3946
sweep,4310
sweep,3975
sweep,4568
sweep,3466
sweep,3159
sweep,2960
sweep,3117
sweep,3137
sweep,2868
sweep,2818
sweep,3032
sweep,2628
sweep,3086
sweep,3212
sweep,3212
sweep,2923
sweep,3401
sweep,2300
sweep,2372
sweep,3790
sweep,2306
sweep,3277
sweep,1882
sweep,3432
sweep,3666
sweep,4710
sweep,3521
sweep,3653
sweep,3069
sweep,2949
sweep,2989
sweep,2717
sweep,3215
sweep,3165
sweep,3625
sweep,2803
sweep,2555
sweep,3737
sweep,2706
sweep,2642
sweep,2953
sweep,2869
sweep,3394
sweep,3085
sweep,2573
sweep,2764
sweep,3568
sweep,3831
sweep,4016
sweep,4129
sweep,5971
sweep,8470
sweep,6612
sweep,8415
sweep,8355
sweep,8240
sweep,7071
sweep,7053
sweep,6941
sweep,861
mark,1034138
sweep,4722
sweep,3886
sweep,4450
sweep,4161
sweep,3891
sweep,4057
sweep,3871
sweep,3162
sweep,2780
sweep,3486
sweep,3110
sweep,3295
sweep,2675
sweep,3134
sweep,3015
sweep,2845
sweep,3381
sweep,2989
sweep,2957
sweep,3337
sweep,2342
sweep,2903
sweep,3902
sweep,2568
sweep,4009
sweep,1878
sweep,3567
sweep,3964
sweep,4329
sweep,3461
sweep,3285
sweep,2846
sweep,3290
sweep,3106
sweep,2853
sweep,3068
sweep,3104
sweep,3234
sweep,2733
sweep,3185
sweep,4125
sweep,3149
sweep,2779
sweep,2892
sweep,2847
sweep,3408
sweep,2937
sweep,2562
sweep,2636
sweep,5408
sweep,9009
sweep,8739
sweep,8048
sweep,7840
sweep,5645
sweep,6955
sweep,3977
sweep,4361
sweep,4677
sweep,5830
sweep,5576
sweep,5834
sweep,242
mark,1026238
sweep,4598
sweep,4191
sweep,4561
sweep,4542
sweep,3599
sweep,4225
sweep,3592
sweep,2967
sweep,2790
sweep,3193
sweep,3137
sweep,2715
sweep,2695
sweep,2903
sweep,2685
sweep,2705
sweep,3300
sweep,2910
sweep,3101
sweep,3564
sweep,2443
sweep,2412
sweep,3769
sweep,2331
sweep,3689
sweep,1860
sweep,3659
sweep,3737
sweep,4195
sweep,3308
sweep,3649
sweep,2941
sweep,3301
sweep,3008
sweep,2737
sweep,3445
sweep,2815
sweep,3408
sweep,2644
sweep,2683
sweep,4322
sweep,2634
sweep,2764
sweep,3262
sweep,2695
sweep,3440
sweep,2709
sweep,2490
sweep,2527
sweep,3835
sweep,3905
sweep,3963
sweep,4184
sweep,6014
sweep,7654
sweep,5964
sweep,8561
sweep,8410
sweep,8349
sweep,8271
sweep,7511
sweep,7681
sweep,842
mark,1036072
sweep,4784
sweep,4051
sweep,4164
sweep,4179
sweep,3714
sweep,8176
sweep,3552
sweep,3063
sweep,2791
sweep,3340
sweep,3018
sweep,3104
sweep,2901
sweep,2893
sweep,2617
sweep,3237
sweep,3519
sweep,3243
sweep,3296
sweep,3756
sweep,2293
sweep,2317
sweep,4172
sweep,2573
sweep,3115
sweep,1889
sweep,3677
sweep,3950
sweep,4457
sweep,3807
sweep,3043
sweep,3538
sweep,3239
sweep,3166
sweep,2857
sweep,3139
sweep,3202
sweep,3615
sweep,2451
sweep,2788
sweep,3648
sweep,2758
sweep,3036
sweep,2918
sweep,3186
sweep,3656
sweep,2566
sweep,2452
sweep,2555
sweep,5739
sweep,8743
sweep,8817
sweep,8528
sweep,8254
sweep,6287
sweep,7401
sweep,4084
sweep,4241
sweep,5114
sweep,6276
sweep,5980
sweep,6235
sweep,222
mark,1026331
sweep,4549
sweep,4183
sweep,4021
sweep,3977
sweep,3548
sweep,4414
sweep,3698
sweep,3208
sweep,3115
sweep,3229
sweep,3060
sweep,2717
sweep,2712
sweep,2703
sweep,2630
sweep,2666
sweep,3196
sweep,2806
sweep,3241
sweep,3466
sweep,2355
sweep,2678
sweep,3697
sweep,2425
sweep,3234
sweep,1934
sweep,3319
sweep,3900
sweep,4320
sweep,3563
sweep,3249
sweep,3438
sweep,2945
sweep,3099
sweep,2860
sweep,3201
sweep,2995
sweep,3372
sweep,2567
sweep,2867
sweep,3762
sweep,2715
sweep,2747
sweep,3403
sweep,2792
sweep,3811
sweep,2980
sweep,2649
sweep,2602
sweep,3550
sweep,4304
sweep,3837
sweep,4233
sweep,5861
sweep,8372
sweep,6577
sweep,8595
sweep,8734
sweep,8775
sweep,8245
sweep,7361
sweep,7009
sweep,883
mark,1036009
sweep,4877
sweep,4041
sweep,3921
sweep,4103
sweep,3693
sweep,4235
sweep,3740
sweep,3140
sweep,3094
sweep,3452
sweep,3058
sweep,2740
sweep,2623
sweep,2734
sweep,2700
sweep,2752
sweep,3477
sweep,2897
sweep,2997
sweep,3618
sweep,2347
sweep,2668
sweep,3708
sweep,2607
sweep,3638
sweep,2178
sweep,3569
sweep,4096
sweep,4107
sweep,3823
sweep,3326
sweep,3252
sweep,2861
sweep,3079
sweep,2800
sweep,3222
sweep,2715
sweep,3159
sweep,2451
sweep,2784
sweep,3960
sweep,2850
sweep,2943
sweep,3268
sweep,3017
sweep,3518
sweep,2820
sweep,2462
sweep,2485
sweep,5613
sweep,8936
sweep,8491
sweep,8753
sweep,8212
sweep,6401
sweep,6830
sweep,4118
sweep,4308
sweep,4922
sweep,6127
sweep,6029
sweep,5748
sweep,221
mark,1038167
sweep,4499
sweep,4198
sweep,3877
sweep,4109
sweep,3868
sweep,4095
sweep,3748
sweep,3261
sweep,2875
sweep,3348
sweep,3197
sweep,2696
sweep,2712
sweep,2911
sweep,2610
sweep,3007
sweep,3243
sweep,3071
sweep,3037
sweep,3654
sweep,2613
sweep,2798
sweep,3783
sweep,2772
sweep,3089
sweep,1882
sweep,3373
sweep,3919
sweep,4178
sweep,3475
sweep,3201
sweep,3270
sweep,2951
sweep,2988
sweep,2816
sweep,3226
sweep,2676
sweep,3040
sweep,2658
sweep,2830
sweep,3528
sweep,2921
sweep,3016
sweep,3035
sweep,2894
sweep,3411
sweep,2795
sweep,2441
sweep,2501
sweep,3526
sweep,4035
sweep,3911
sweep,4034
sweep,6005
sweep,7821
sweep,6170
sweep,8519
sweep,8325
sweep,8382
sweep,8184
sweep,7490
sweep,7489
sweep,824
mark,1037375
sweep,4910
sweep,3967
sweep,4337
sweep,4056
sweep,3810
sweep,4549
sweep,3674
sweep,3283
sweep,3082
sweep,3219
sweep,3018
sweep,2959
sweep,2947
sweep,2851
sweep,2542
sweep,2837
sweep,3483
sweep,2837
sweep,3213
sweep,3560
sweep,2274
sweep,2485
sweep,3953
sweep,2469
sweep,3207
sweep,2021
sweep,3700
sweep,3688
sweep,4551
sweep,3730
sweep,3289
sweep,3268
sweep,3227
sweep,3068
sweep,2803
sweep,3203
sweep,2756
sweep,3213
sweep,2561
sweep,2790
sweep,3805
sweep,2816
sweep,3018
sweep,2868
sweep,2962
sweep,3400
sweep,2747
sweep,2497
sweep,2424
sweep,5557
sweep,8831
sweep,8591
sweep,8305
sweep,7777
sweep,6471
sweep,7403
sweep,4066
sweep,4314
sweep,5169
sweep,6249
sweep,5956
sweep,6598
sweep,220
mark,1036013
sweep,4690
sweep,4027
sweep,4304
sweep,4101
sweep,3785
sweep,4308
sweep,3536
sweep,3258
sweep,3066
sweep,2917
sweep,3535
sweep,2913
sweep,2962
sweep,2874
sweep,2969
sweep,2774
sweep,3333
sweep,3181
sweep,3053
sweep,3503
sweep,2423
sweep,2518
sweep,4044
sweep,2564
sweep,3169
sweep,2199
sweep,3338
sweep,3760
sweep,4426
sweep,3554
sweep,3157
sweep,2960
sweep,2975
sweep,3029
sweep,2800
sweep,3458
sweep,2716
sweep,3054
sweep,2532
sweep,2572
sweep,3626
sweep,3137
sweep,2611
sweep,2954
sweep,2804
sweep,3653
sweep,2991
sweep,2503
sweep,2474
sweep,3497
sweep,3989
sweep,3989
sweep,4094
sweep,5627
sweep,8605
sweep,6414
sweep,9287
sweep,8178
sweep,8812
sweep,7508
sweep,7216
sweep,7167
sweep,818
mark,1033102
sweep,4909
sweep,4000
sweep,4060
sweep,4063
sweep,3864
sweep,4340
sweep,3628
sweep,3102
sweep,3101
sweep,3164
sweep,3340
sweep,2999
sweep,2640
sweep,3082
sweep,2684
sweep,2612
sweep,3434
sweep,2970
sweep,3055
sweep,3492
sweep,2349
sweep,2411
sweep,3848
sweep,2466
sweep,3177
sweep,1892
sweep,3518
sweep,3773
sweep,4063
sweep,3814
sweep,3275
sweep,3078
sweep,2897
sweep,3255
sweep,2999
sweep,3491
sweep,2913
sweep,3104
sweep,2468
sweep,2658
sweep,3896
sweep,2660
sweep,2646
sweep,3140
sweep,3085
sweep,3366
sweep,2812
sweep,2521
sweep,2497
sweep,5881
sweep,8931
sweep,8623
sweep,8259
sweep,7979
sweep,5644
sweep,7217
sweep,3939
sweep,4283
sweep,4681
sweep,6114
sweep,6125
sweep,6101
sweep,229
mark,1033771
sweep,4890
sweep,4146
sweep,3865
sweep,4033
sweep,3542
sweep,4050
sweep,3625
sweep,3325
sweep,3018
sweep,3189
sweep,3314
sweep,2807
sweep,2635
sweep,3126
sweep,2792
sweep,2722
sweep,3329
sweep,2973
sweep,3005
sweep,3397
sweep,2348
sweep,2469
sweep,3729
sweep,2570
sweep,3125
sweep,1919
sweep,3330
sweep,3887
sweep,4267
sweep,3571
sweep,3218
sweep,2858
sweep,3047
sweep,3085
sweep,2737
sweep,3173
sweep,2664
sweep,3180
sweep,2628
sweep,2712
sweep,3937
sweep,2627
sweep,2881
sweep,3163
sweep,2826
sweep,3525
sweep,2814
sweep,2752
sweep,2531
sweep,3679
sweep,3921
sweep,4136
sweep,4131
sweep,6122
sweep,7858
sweep,5862
sweep,8435
sweep,8515
sweep,8450
sweep,7402
sweep,6939
sweep,7362
sweep,829
mark,1055689
sweep,5663
sweep,3993
sweep,4110
sweep,4377
sweep,3648
sweep,4080
sweep,3686
sweep,3195
sweep,3040
sweep,3289
sweep,2958
sweep,3326
sweep,2675
sweep,3038
sweep,2636
sweep,2631
sweep,3423
sweep,3102
sweep,3370
sweep,3499
sweep,2504
sweep,2455
sweep,4325
sweep,2537
sweep,3728
sweep,1971
sweep,3389
sweep,4054
sweep,4252
sweep,3561
sweep,3137
sweep,3007
sweep,2933
sweep,3027
sweep,2802
sweep,3047
sweep,2705
sweep,3168
sweep,2603
sweep,3018
sweep,3950
sweep,3159
sweep,3015
sweep,3274
sweep,2926
sweep,3366
sweep,2670
sweep,2523
sweep,2428
sweep,5263
sweep,8689
sweep,8467
sweep,8587
sweep,7843
sweep,6377
sweep,7014
sweep,3999
sweep,4276
sweep,4831
sweep,6078
sweep,5597
sweep,5740
sweep,233
mark,1035723
sweep,4435
sweep,4107
sweep,4357
sweep,4186
sweep,3535
sweep,3959
sweep,3582
sweep,3151
sweep,2790
sweep,3047
sweep,3396
sweep,2794
sweep,2985
sweep,2804
sweep,2526
sweep,3013
sweep,3273
sweep,3049
sweep,3149
sweep,4102
sweep,2355
sweep,2807
sweep,4045
sweep,2501
sweep,3245
sweep,1888
sweep,3298
sweep,3984
sweep,4050
sweep,3578
sweep,3070
sweep,3102
sweep,2891
sweep,2938
sweep,3013
sweep,3489
sweep,2919
sweep,3187
sweep,2578
sweep,2905
sweep,3746
sweep,2834
sweep,3006
sweep,2926
sweep,2812
sweep,3496
sweep,2690
sweep,2401
sweep,2376
sweep,3682
sweep,3927
sweep,4138
sweep,4071
sweep,5983
sweep,7711
sweep,5842
sweep,8739
sweep,8370
sweep,8638
sweep,8221
sweep,7486
sweep,7727
sweep,831
mark,1040668
sweep,4829
sweep,4074
sweep,3946
sweep,4000
sweep,3600
sweep,4289
sweep,3613
sweep,3148
sweep,2921
sweep,3485
sweep,3261
sweep,2853
sweep,2894
sweep,2942
sweep,2599
sweep,2790
sweep,3476
sweep,2929
sweep,3074
sweep,3354
sweep,2590
sweep,2838
sweep,3899
sweep,2567
sweep,3157
sweep,1961
sweep,3341
sweep,3626
sweep,4422
sweep,4151
sweep,3185
sweep,2840
sweep,2867
sweep,3289
sweep,3455
sweep,3366
sweep,2707
sweep,2991
sweep,2614
sweep,2695
sweep,4005
sweep,3140
sweep,2729
sweep,3218
sweep,2884
sweep,3438
sweep,2758
sweep,2873
sweep,2473
sweep,5802
sweep,9145
sweep,8630
sweep,8595
sweep,7913
sweep,6540
sweep,7441
sweep,4224
sweep,4585
sweep,4880
sweep,6241
sweep,5823
sweep,5795
sweep,239
mark,1022712
sweep,4893
sweep,4118
sweep,4239
sweep,4257
sweep,3451
sweep,4018
sweep,3589
sweep,3162
sweep,2783
sweep,3384
sweep,3069
sweep,2714
sweep,2798
sweep,2880
sweep,3077
sweep,2890
sweep,3177
sweep,2945
sweep,3053
sweep,3415
sweep,2505
sweep,2446
sweep,3797
sweep,2288
sweep,3101
sweep,2034
sweep,3336
sweep,3625
sweep,4441
sweep,3431
sweep,3194
sweep,3101
sweep,2852
sweep,3124
sweep,3117
sweep,3246
sweep,2764
sweep,3036
sweep,2590
sweep,2655
sweep,3822
sweep,2583
sweep,2664
sweep,3379
sweep,2885
sweep,3384
sweep,3320
sweep,2476
sweep,2553
sweep,3452
sweep,3961
sweep,4159
sweep,4166
sweep,6211
sweep,7550
sweep,6149
sweep,8678
sweep,8825
sweep,8503
sweep,7395
sweep,7151
sweep,7235
sweep,853
mark,1033432
sweep,4957
sweep,4247
sweep,3967
sweep,4010
sweep,4018
sweep,4089
sweep,3560
sweep,3087
sweep,2874
sweep,3538
sweep,3139
sweep,3282
sweep,3176
sweep,2842
sweep,2722
sweep,3041
sweep,3584
sweep,3136
sweep,2921
sweep,3535
sweep,2376
sweep,2389
sweep,3724
sweep,2440
sweep,3320
sweep,2053
sweep,3423
sweep,3655
sweep,4391
sweep,3835
sweep,3265
sweep,3199
sweep,2862
sweep,3015
sweep,2871
sweep,3465
sweep,2720
sweep,2984
sweep,2496
sweep,2967
sweep,4203
sweep,2809
sweep,2677
sweep,3014
sweep,2809
sweep,3487
sweep,2749
sweep,2545
sweep,2727
sweep,5482
sweep,8893
sweep,8539
sweep,8555
sweep,7634
sweep,6160
sweep,7396
sweep,4237
sweep,4544
sweep,4680
sweep,6187
sweep,5790
sweep,5711
sweep,248
mark,1025135
sweep,4758
sweep,4137
sweep,4138
sweep,3944
sweep,3521
sweep,4000
sweep,3512
sweep,2939
sweep,2788
sweep,3299
sweep,3434
sweep,2762
sweep,2733
sweep,2830
sweep,2601
sweep,2869
sweep,3460
sweep,2979
sweep,3010
sweep,3551
sweep,2577
sweep,2504
sweep,3768
sweep,2359
sweep,3095
sweep,2156
sweep,3343
sweep,3729
sweep,4703
sweep,3218
sweep,3178
sweep,3259
sweep,2942
sweep,3097
sweep,2762
sweep,3454
sweep,2714
sweep,3055
sweep,2582
sweep,2709
sweep,3776
sweep,2963
sweep,3356
sweep,3118
sweep,2799
sweep,3351
sweep,3107
sweep,2549
sweep,2436
sweep,3604
sweep,4243
sweep,4009
sweep,4047
sweep,5518
sweep,8261
sweep,6494
sweep,9059
sweep,7863
sweep,8916
sweep,7307
sweep,7518
sweep,7534
sweep,842
mark,1034942
sweep,5216
sweep,4063
sweep,3999
sweep,4161
sweep,3994
sweep,4127
sweep,3715
sweep,2996
sweep,2857
sweep,3378
sweep,3003
sweep,2722
sweep,2867
sweep,2797
sweep,3117
sweep,3182
sweep,3341
sweep,2943
sweep,3178
sweep,3569
sweep,2579
sweep,2559
sweep,3721
sweep,2369
sweep,3044
sweep,1857
sweep,3605
sweep,3663
sweep,4556
sweep,3526
sweep,3539
sweep,3359
sweep,3305
sweep,3122
sweep,2898
sweep,3275
sweep,2902
sweep,3224
sweep,2759
sweep,2619
sweep,3863
sweep,2814
sweep,2652
sweep,3057
sweep,3247
sweep,3494
sweep,2740
sweep,2683
sweep,2597
sweep,5531
sweep,8858
sweep,8533
sweep,8716
sweep,8024
sweep,6220
sweep,7259
sweep,4037
sweep,4376
sweep,4261
sweep,5814
sweep,5564
sweep,6640
sweep,224
mark,1044572
sweep,4578
sweep,4088
sweep,4000
sweep,3981
sweep,3866
sweep,4137
sweep,3557
sweep,3214
sweep,3016
sweep,3197
sweep,3107
sweep,2890
sweep,2826
sweep,2829
sweep,2633
sweep,2746
sweep,3526
sweep,3015
sweep,2980
sweep,3707
sweep,2470
sweep,2419
sweep,4060
sweep,2439
sweep,3147
sweep,1950
sweep,3343
sweep,3707
sweep,4420
sweep,3436
sweep,3361
sweep,3323
sweep,2937
sweep,3065
sweep,2756
sweep,3324
sweep,2875
sweep,3034
sweep,2680
sweep,2688
sweep,3833
sweep,3013
sweep,2803
sweep,3014
sweep,2811
sweep,3441
sweep,3093
sweep,2473
sweep,2541
sweep,3487
sweep,4105
sweep,4180
sweep,4068
sweep,6006
sweep,7825
sweep,6070
sweep,8390
sweep,8314
sweep,8425
sweep,7205
sweep,7141
sweep,7066
sweep,944
mark,1035760
sweep,4543
sweep,4236
sweep,4200
sweep,4264
sweep,3687
sweep,4197
sweep,3823
sweep,3128
sweep,2998
sweep,3298
sweep,3179
sweep,2739
sweep,2884
sweep,3200
sweep,2584
sweep,3150
sweep,3432
sweep,3168
sweep,2994
sweep,3952
sweep,2584
sweep,2428
sweep,4101
sweep,2502
sweep,3484
sweep,1934
sweep,3755
sweep,4320
sweep,4734
sweep,3512
sweep,3145
sweep,3043
sweep,2877
sweep,2896
sweep,2809
sweep,3084
sweep,2744
sweep,2987
sweep,2575
sweep,2692
sweep,3729
sweep,2865
sweep,2637
sweep,2915
sweep,3077
sweep,3644
sweep,2979
sweep,2572
sweep,2675
sweep,5623
sweep,8769
sweep,8140
sweep,8222
sweep,8151
sweep,6029
sweep,7519
sweep,3957
sweep,4398
sweep,4815
sweep,6287
sweep,5772
sweep,5845
sweep,223
mark,1026973
sweep,4553
sweep,4060
sweep,4586
sweep,4394
sweep,3866
sweep,4345
sweep,3822
sweep,3019
sweep,2796
sweep,3122
sweep,3427
sweep,3159
sweep,3156
sweep,2694
sweep,2793
sweep,2984
sweep,3419
sweep,2947
sweep,3019
sweep,3559
sweep,2533
sweep,2550
sweep,4041
sweep,2471
sweep,3589
sweep,2195
sweep,3380
sweep,3610
sweep,4410
sweep,3386
sweep,3374
sweep,3079
sweep,3044
sweep,2908
sweep,2818
sweep,3207
sweep,2872
sweep,3166
sweep,2535
sweep,2773
sweep,3698
sweep,2920
sweep,2722
sweep,3490
sweep,2811
sweep,3444
sweep,2692
sweep,2501
sweep,2509
sweep,3489
sweep,3926
sweep,4129
sweep,4267
sweep,6168
sweep,7827
sweep,6196
sweep,8694
sweep,8444
sweep,8561
sweep,8260
sweep,7231
sweep,7658
sweep,824
mark,1024159
sweep,4760
sweep,4072
sweep,4082
sweep,4382
sweep,3625
sweep,4301
sweep,3614
sweep,3403
sweep,3015
sweep,3382
sweep,3067
sweep,3096
sweep,2946
sweep,2767
sweep,2730
sweep,2692
sweep,3255
sweep,3030
sweep,3030
sweep,3816
sweep,2616
sweep,2380
sweep,3932
sweep,2356
sweep,3617
sweep,2155
sweep,3501
sweep,3832
sweep,4324
sweep,3795
sweep,3036
sweep,3127
sweep,2881
sweep,3341
sweep,3212
sweep,3502
sweep,2699
sweep,3010
sweep,2625
sweep,2824
sweep,4190
sweep,3148
sweep,2739
sweep,3229
sweep,2771
sweep,3447
sweep,2909
sweep,2496
sweep,2548
sweep,5510
sweep,9284
sweep,8705
sweep,8557
sweep,7835
sweep,5854
sweep,6912
sweep,4062
sweep,4258
sweep,4736
sweep,6114
sweep,5612
sweep,5816
sweep,226
mark,1023139
sweep,4490
sweep,3908
sweep,4151
sweep,3984
sweep,3956
sweep,3992
sweep,3564
sweep,2969
sweep,3182
sweep,3118
sweep,3151
sweep,2816
sweep,2973
sweep,2882
sweep,2882
sweep,2726
sweep,3482
sweep,3135
sweep,2947
sweep,3391
sweep,2424
sweep,2552
sweep,4399
sweep,2636
sweep,3313
sweep,1943
sweep,3314
sweep,4001
sweep,4366
sweep,3608
sweep,3092
sweep,3243
sweep,3145
sweep,2959
sweep,2809
sweep,3293
sweep,2764
sweep,3070
sweep,2506
sweep,2943
sweep,3761
sweep,2830
sweep,2683
sweep,3084
sweep,3124
sweep,3464
sweep,2677
sweep,2501
sweep,2496
sweep,3934
sweep,4230
sweep,4272
sweep,4207
sweep,5683
sweep,7920
sweep,6425
sweep,8500
sweep,8340
sweep,8405
sweep,7499
sweep,7238
sweep,6943
sweep,838
mark,1030908
sweep,4548
sweep,3968
sweep,3896
sweep,4396
sweep,3754
sweep,3972
sweep,4190
sweep,3538
sweep,3155
sweep,3354
sweep,3112
sweep,2751
sweep,2976
sweep,3512
sweep,2614
sweep,2791
sweep,3473
sweep,3158
sweep,3402
sweep,3484
sweep,2652
sweep,2311
sweep,3774
sweep,2318
sweep,3537
sweep,2182
sweep,3364
sweep,4187
sweep,4484
sweep,3647
sweep,3491
sweep,3128
sweep,2896
sweep,3049
sweep,2988
sweep,3286
sweep,2772
sweep,3321
sweep,2705
sweep,2677
sweep,3763
sweep,2983
sweep,2639
sweep,2849
sweep,2881
sweep,3732
sweep,2964
sweep,2770
sweep,2493
sweep,5230
sweep,9031
sweep,8596
sweep,8615
sweep,8029
sweep,6179
sweep,7164
sweep,4053
sweep,4361
sweep,4982
sweep,6148
sweep,5820
sweep,6060
sweep,261
mark,1029727
sweep,4653
sweep,3793
sweep,3902
sweep,4323
sweep,3721
sweep,3931
sweep,3703
sweep,3350
sweep,2748
sweep,3374
sweep,3051
sweep,2853
sweep,2691
sweep,2810
sweep,2544
sweep,2733
sweep,3314
sweep,2921
sweep,3170
sweep,3416
sweep,2353
sweep,2555
sweep,4023
sweep,2427
sweep,3079
sweep,1921
sweep,3315
sweep,3897
sweep,4559
sweep,3351
sweep,3565
sweep,3336
sweep,2989
sweep,3396
sweep,2939
sweep,3517
sweep,3157
sweep,3087
sweep,2714
sweep,3154
sweep,3860
sweep,3128
sweep,2935
sweep,3296
sweep,2857
sweep,3532
sweep,3010
sweep,2555
sweep,2532
sweep,3941
sweep,4130
sweep,4092
sweep,4582
sweep,5412
sweep,7724
sweep,5851
sweep,8944
sweep,8052
sweep,8291
sweep,7220
sweep,7882
sweep,7304
sweep,829
mark,1032921
sweep,5011
sweep,4290
sweep,3996
sweep,4277
sweep,3707
sweep,4070
sweep,3859
sweep,3488
sweep,3097
sweep,3468
sweep,2928
sweep,2811
sweep,3028
sweep,3048
sweep,2681
sweep,2904
sweep,3461
sweep,3331
sweep,3618
sweep,3452
sweep,2338
sweep,2446
sweep,3699
sweep,2595
sweep,3176
sweep,1863
sweep,3682
sweep,3720
sweep,4258
sweep,3303
sweep,3144
sweep,6878
sweep,3162
sweep,3005
sweep,3140
sweep,3212
sweep,2824
sweep,3127
sweep,2445
sweep,2743
sweep,3923
sweep,3304
sweep,2678
sweep,3001
sweep,3115
sweep,3471
sweep,3204
sweep,2503
sweep,2534
sweep,5824
sweep,9211
sweep,8972
sweep,8579
sweep,7993
sweep,6384
sweep,7025
sweep,4466
sweep,4331
sweep,4661
sweep,5655
sweep,5999
sweep,6216
sweep,226
mark,1027419
sweep,4677
sweep,3966
sweep,4094
sweep,4559
sweep,3605
sweep,4119
sweep,3580
sweep,3235
sweep,2828
sweep,3364
sweep,3439
sweep,2708
sweep,2659
sweep,2918
sweep,2571
sweep,3001
sweep,3249
sweep,3212
sweep,2940
sweep,3436
sweep,2357
sweep,2561
sweep,3793
sweep,2535
sweep,3053
sweep,2115
sweep,3669
sweep,3939
sweep,4056
sweep,3272
sweep,3350
sweep,3119
sweep,3033
sweep,3075
sweep,2800
sweep,3323
sweep,2815
sweep,3082
sweep,2551
sweep,2635
sweep,3680
sweep,2593
sweep,2689
sweep,2984
sweep,2886
sweep,3472
sweep,3026
sweep,2505
sweep,2500
sweep,3856
sweep,4095
sweep,3924
sweep,4248
sweep,6157
sweep,8235
sweep,6522
sweep,8461
sweep,8608
sweep,8553
sweep,8329
sweep,7409
sweep,7261
sweep,842
mark,1029489
sweep,4662
sweep,4078
sweep,3918
sweep,4101
sweep,3831
sweep,4217
sweep,3667
sweep,3292
sweep,2806
sweep,3769
sweep,3240
sweep,2859
sweep,2706
sweep,2877
sweep,2727
sweep,2712
sweep,3412
sweep,3254
sweep,3327
sweep,3648
sweep,2324
sweep,2450
sweep,4034
sweep,2392
sweep,3144
sweep,2007
sweep,3545
sweep,3921
sweep,4335
sweep,3619
sweep,3247
sweep,3048
sweep,3000
sweep,3070
sweep,3307
sweep,3227
sweep,2791
sweep,3339
sweep,2661
sweep,2685
sweep,3861
sweep,2866
sweep,2686
sweep,3143
sweep,3219
sweep,4024
sweep,2918
sweep,2513
sweep,2549
sweep,5564
sweep,9035
sweep,8860
sweep,8635
sweep,8042
sweep,5761
sweep,7117
sweep,3920
sweep,4682
sweep,4272
sweep,6114
sweep,5855
sweep,5915
sweep,232
mark,1027566
sweep,4517
sweep,4145
sweep,4324
sweep,4244
sweep,3671
sweep,4344
sweep,3496
sweep,3245
sweep,2911
sweep,3346
sweep,3111
sweep,2963
sweep,2671
sweep,3063
sweep,2592
sweep,2721
sweep,3361
sweep,2953
sweep,2915
sweep,3359
sweep,2313
sweep,2545
sweep,3638
sweep,2417
sweep,3040
sweep,1892
sweep,3403
sweep,3880
sweep,4275
sweep,3537
sweep,3079
sweep,3554
sweep,3251
sweep,3077
sweep,3057
sweep,3607
sweep,2795
sweep,3257
sweep,2550
sweep,2726
sweep,3676
sweep,2559
sweep,2745
sweep,2992
sweep,2918
sweep,3363
sweep,2672
sweep,2651
sweep,2520
sweep,3856
sweep,3959
sweep,4091
sweep,4242
sweep,5803
sweep,7601
sweep,6016
sweep,8927
sweep,8149
sweep,8199
sweep,7199
sweep,7361
sweep,7220
sweep,926
mark,1027055
sweep,4549
sweep,4102
sweep,3914
sweep,3962
sweep,3823
sweep,4175
sweep,3572
sweep,3592
sweep,3099
sweep,3378
sweep,3069
sweep,2731
sweep,2625
sweep,2886
sweep,2775
sweep,2690
sweep,3279
sweep,3053
sweep,3279
sweep,3450
sweep,2542
sweep,2675
sweep,4084
sweep,2310
sweep,3639
sweep,1962
sweep,3448
sweep,3698
sweep,4478
sweep,3939
sweep,2986
sweep,3384
sweep,2935
sweep,3214
sweep,2880
sweep,3168
sweep,2929
sweep,3212
sweep,2554
sweep,2644
sweep,3696
sweep,2806
sweep,2788
sweep,3447
sweep,2856
sweep,3492
sweep,2758
sweep,2644
sweep,2518
sweep,5553
sweep,8527
sweep,8610
sweep,8694
sweep,8052
sweep,6381
sweep,7549
sweep,4224
sweep,4335
sweep,4929
sweep,6093
sweep,5921
sweep,5927
sweep,225
mark,1030101
sweep,4927
sweep,3919
sweep,4339
sweep,4359
sweep,3709
sweep,3968
sweep,3607
sweep,3255
sweep,2958
sweep,3779
sweep,3149
sweep,2704
sweep,2885
sweep,2963
sweep,2684
sweep,2729
sweep,3195
sweep,2859
sweep,3167
sweep,3539
sweep,2618
sweep,2547
sweep,3834
sweep,2487
sweep,3015
sweep,2135
sweep,3475
sweep,3906
sweep,4126
sweep,3291
sweep,3125
sweep,3003
sweep,2872
sweep,3134
sweep,2855
sweep,3188
sweep,3060
sweep,3170
sweep,2762
sweep,2603
sweep,3807
sweep,2843
sweep,3228
sweep,3247
sweep,3104
sweep,3747
sweep,2795
sweep,2524
sweep,2486
sweep,3596
sweep,3974
sweep,4021
sweep,4249
sweep,5940
sweep,8358
sweep,6618
sweep,9440
sweep,7872
sweep,9185
sweep,7433
sweep,7460
sweep,7167
sweep,829
mark,1029463
sweep,4960
sweep,4167
sweep,3964
sweep,4240
sweep,3636
sweep,4229
sweep,3533
sweep,3034
sweep,2853
sweep,3297
sweep,3364
sweep,2773
sweep,3081
sweep,2826
sweep,2888
sweep,2649
sweep,3362
sweep,3243
sweep,3146
sweep,3692
sweep,2316
sweep,2426
sweep,3769
sweep,2352
sweep,3119
sweep,2143
sweep,3519
sweep,3748
sweep,4338
sweep,3943
sweep,3367
sweep,2963
sweep,2843
sweep,3015
sweep,2884
sweep,3076
sweep,2669
sweep,3268
sweep,2476
sweep,2713
sweep,3717
sweep,2817
sweep,2695
sweep,2867
sweep,2964
sweep,3561
sweep,2577
sweep,2502
sweep,2466
sweep,5424
sweep,9156
sweep,8828
sweep,8706
sweep,8054
sweep,5735
sweep,7480
sweep,4183
sweep,4260
sweep,4942
sweep,6239
sweep,6012
sweep,5894
sweep,230
mark,1033288
sweep,4634
sweep,4419
sweep,3890
sweep,4115
sweep,3522
sweep,4192
sweep,3599
sweep,3045
sweep,2786
sweep,3197
sweep,3735
sweep,3048
sweep,2951
sweep,3023
sweep,2787
sweep,2615
sweep,3330
sweep,3160
sweep,3219
sweep,3380
sweep,2571
sweep,2557
sweep,4061
sweep,2443
sweep,3707
sweep,1874
sweep,3363
sweep,3967
sweep,4519
sweep,3503
sweep,3205
sweep,3190
sweep,2929
sweep,3301
sweep,2827
sweep,3292
sweep,2824
sweep,3205
sweep,2870
sweep,2789
sweep,3642
sweep,2902
sweep,3024
sweep,3371
sweep,3118
sweep,3455
sweep,2774
sweep,2443
sweep,2382
sweep,3761
sweep,4034
sweep,4020
sweep,4092
sweep,6319
sweep,7478
sweep,6014
sweep,8389
sweep,8373
sweep,8386
sweep,7354
sweep,7180
sweep,7342
sweep,887
mark,1032630
sweep,4674
sweep,3884
sweep,4583
sweep,3945
sweep,3533
sweep,4360
sweep,3737
sweep,3259
sweep,3104
sweep,3325
sweep,2968
sweep,2866
sweep,3198
sweep,2975
sweep,2559
sweep,2805
sweep,3273
sweep,2946
sweep,3346
sweep,3382
sweep,2352
sweep,2530
sweep,3988
sweep,2279
sweep,3059
sweep,1996
sweep,3528
sweep,3573
sweep,4394
sweep,3490
sweep,3172
sweep,2907
sweep,3276
sweep,2960
sweep,3150
sweep,3280
sweep,2763
sweep,3047
sweep,2615
sweep,3226
sweep,3762
sweep,2754
sweep,3097
sweep,2922
sweep,2950
sweep,3470
sweep,2993
sweep,2778
sweep,2629
sweep,5713
sweep,9042
sweep,8611
sweep,8692
sweep,7709
sweep,6326
sweep,7820
sweep,4155
sweep,4291
sweep,4973
sweep,6284
sweep,5831
sweep,5784
sweep,217
mark,1033661
sweep,5214
sweep,4297
sweep,3996
sweep,4121
sweep,3636
sweep,4097
sweep,3558
sweep,3127
sweep,2747
sweep,3542
sweep,3147
sweep,3112
sweep,2645
sweep,2824
sweep,2587
sweep,3033
sweep,3572
sweep,2833
sweep,3110
sweep,3529
sweep,2287
sweep,2439
sweep,3688
sweep,2498
sweep,3734
sweep,1929
sweep,3835
sweep,3862
sweep,4335
sweep,3794
sweep,3349
sweep,2929
sweep,2872
sweep,3046
sweep,2854
sweep,3117
sweep,2676
sweep,3057
sweep,2590
sweep,2780
sweep,3873
sweep,2674
sweep,2953
sweep,3107
sweep,2868
sweep,3534
sweep,2906
sweep,2445
sweep,2795
sweep,3721
sweep,3919
sweep,3829
sweep,4241
sweep,5587
sweep,8238
sweep,6256
sweep,8939
sweep,8326
sweep,8900
sweep,7240
sweep,7679
sweep,7064
sweep,833
mark,1039660
sweep,4654
sweep,3966
sweep,3854
sweep,4108
sweep,3811
sweep,4027
sweep,3556
sweep,3161
sweep,2856
sweep,3479
sweep,3303
sweep,2781
sweep,2838
sweep,3302
sweep,2886
sweep,2695
sweep,3270
sweep,3034
sweep,3279
sweep,3616
sweep,2258
sweep,2522
sweep,3676
sweep,2376
sweep,3126
sweep,1953
sweep,3571
sweep,3831
sweep,4573
sweep,3378
sweep,3379
sweep,3524
sweep,2876
sweep,3053
sweep,2900
sweep,3123
sweep,2984
sweep,3128
sweep,2666
sweep,2729
sweep,3862
sweep,2848
sweep,2750
sweep,3076
sweep,3074
sweep,3757
sweep,3102
sweep,2569
sweep,2474
sweep,5628
sweep,9058
sweep,8234
sweep,8672
sweep,8349
sweep,6488
sweep,7007
sweep,4010
sweep,4273
sweep,5808
sweep,5740
sweep,5670
sweep,5864
sweep,227
mark,1028748
sweep,4994
sweep,4424
sweep,4434
sweep,4537
sweep,3478
sweep,4318
sweep,3560
sweep,3197
sweep,3001
sweep,3171
sweep,3088
sweep,2713
sweep,2979
sweep,2758
sweep,2512
sweep,2825
sweep,3830
sweep,3004
sweep,3197
sweep,3639
sweep,2404
sweep,2483
sweep,4019
sweep,2364
sweep,3138
sweep,2415
sweep,3605
sweep,3686
sweep,4143
sweep,3457
sweep,3124
sweep,2979
sweep,2981
sweep,3077
sweep,2855
sweep,3387
sweep,3110
sweep,3290
sweep,2552
sweep,2770
sweep,3696
sweep,2915
sweep,2690
sweep,3135
sweep,2793
sweep,3534
sweep,2682
sweep,2876
sweep,2467
sweep,3507
sweep,4040
sweep,3898
sweep,4149
sweep,6008
sweep,7635
sweep,6284
sweep,8747
sweep,8447
sweep,8711
sweep,8259
sweep,7263
sweep,7652
sweep,830
mark,1036061
sweep,4846
sweep,4241
sweep,3889
sweep,4233
sweep,3886
sweep,3985
sweep,3905
sweep,3418
sweep,2887
sweep,3264
sweep,3340
sweep,2900
sweep,2740
sweep,3087
sweep,2646
sweep,2739
sweep,3362
sweep,3085
sweep,3278
sweep,3542
sweep,2428
sweep,2480
sweep,3672
sweep,2330
sweep,3113
sweep,2189
sweep,3319
sweep,3676
sweep,4525
sweep,3889
sweep,3139
sweep,3102
sweep,3491
sweep,3170
sweep,2863
sweep,3320
sweep,3089
sweep,3137
sweep,2543
sweep,3083
sweep,3611
sweep,2595
sweep,3035
sweep,2974
sweep,3400
sweep,3712
sweep,2671
sweep,2574
sweep,2487
sweep,5717
sweep,9222
sweep,8445
sweep,8625
sweep,8276
sweep,6155
sweep,7212
sweep,4358
sweep,4426
sweep,4472
sweep,5755
sweep,5678
sweep,6218
sweep,230
mark,1047911
sweep,4571
sweep,4103
sweep,4462
sweep,4069
sweep,3863
sweep,4169
sweep,3763
sweep,3103
sweep,3012
sweep,3371
sweep,3101
sweep,2983
sweep,2660
sweep,3000
sweep,2811
sweep,2797
sweep,3195
sweep,2901
sweep,3159
sweep,3538
sweep,2361
sweep,2746
sweep,3740
sweep,2484
sweep,3254
sweep,1884
sweep,3320
sweep,3949
sweep,4670
sweep,3570
sweep,3199
sweep,3094
sweep,3622
sweep,3313
sweep,3097
sweep,3705
sweep,2836
sweep,3250
sweep,2476
sweep,2828
sweep,3662
sweep,2902
sweep,2625
sweep,2954
sweep,3099
sweep,3855
sweep,2649
sweep,2404
sweep,2408
sweep,3751
sweep,4108
sweep,4001
sweep,4191
sweep,6002
sweep,7641
sweep,6252
sweep,8218
sweep,8367
sweep,8309
sweep,7244
sweep,7292
sweep,7347
sweep,828
mark,1028456
sweep,4615
sweep,3977
sweep,4480
sweep,4176
sweep,3856
sweep,4037
sweep,3642
sweep,3102
sweep,3229
sweep,3305
sweep,3298
sweep,3164
sweep,2947
sweep,3028
sweep,2929
sweep,2593
sweep,3252
sweep,2990
sweep,3146
sweep,3283
sweep,2379
sweep,2506
sweep,4126
sweep,2527
sweep,3183
sweep,1928
sweep,3280
sweep,3640
sweep,4179
sweep,3548
sweep,3297
sweep,2896
sweep,2993
sweep,2941
sweep,3359
sweep,3419
sweep,2949
sweep,3075
sweep,2690
sweep,3033
sweep,3744
sweep,2930
sweep,2728
sweep,2924
sweep,3090
sweep,3640
sweep,2997
sweep,2489
sweep,2500
sweep,5497
sweep,8689
sweep,8443
sweep,8607
sweep,7507
sweep,6157
sweep,6864
sweep,4034
sweep,4288
sweep,5021
sweep,5903
sweep,5499
sweep,5753
sweep,223
mark,1023075
sweep,4807
sweep,4322
sweep,4399
sweep,4493
sweep,3791
sweep,4198
sweep,3536
sweep,3490
sweep,3077
sweep,3112
sweep,3151
sweep,3035
sweep,2851
sweep,2731
sweep,2622
sweep,2731
sweep,3324
sweep,2939
sweep,3243
sweep,4071
sweep,2366
sweep,2531
sweep,3755
sweep,2450
sweep,3083
sweep,2091
sweep,3752
sweep,4003
sweep,4515
sweep,3325
sweep,3244
sweep,3170
sweep,3171
sweep,2980
sweep,2766
sweep,3237
sweep,2811
sweep,2998
sweep,2753
sweep,2623
sweep,3699
sweep,2786
sweep,3069
sweep,3001
sweep,2789
sweep,3408
sweep,3026
sweep,2409
sweep,2666
sweep,3900
sweep,3854
sweep,4125
sweep,4185
sweep,5673
sweep,8457
sweep,6677
sweep,8845
sweep,8524
sweep,8569
sweep,8362
sweep,7692
sweep,7733
sweep,826
mark,1028953
sweep,4939
sweep,3941
sweep,4107
sweep,4189
sweep,3854
sweep,4108
sweep,3617
sweep,3364
sweep,2819
sweep,3100
sweep,2969
sweep,2708
sweep,2674
sweep,3041
sweep,2622
sweep,2839
sweep,3223
sweep,3026
sweep,3178
sweep,3544
sweep,2358
sweep,2446
sweep,4240
sweep,2585
sweep,3222
sweep,1859
sweep,3775
sweep,3946
sweep,4496
sweep,3433
sweep,3337
sweep,2967
sweep,3027
sweep,3081
sweep,2777
sweep,3061
sweep,3012
sweep,3018
sweep,2710
sweep,2624
sweep,3909
sweep,2702
sweep,2682
sweep,3428
sweep,2852
sweep,3411
sweep,2780
sweep,2582
sweep,2430
sweep,5429
sweep,8519
sweep,8745
sweep,8755
sweep,7765
sweep,6195
sweep,6662
sweep,3926
sweep,4380
sweep,4609
sweep,6362
sweep,5803
sweep,6018
sweep,229
mark,1038995
sweep,5117
sweep,4401
sweep,4399
sweep,4190
sweep,3697
sweep,4104
sweep,3522
sweep,3510
sweep,2815
sweep,3191
sweep,3183
sweep,3025
sweep,2754
sweep,3209
sweep,2580
sweep,2682
sweep,3367
sweep,2960
sweep,3536
sweep,3801
sweep,2316
sweep,2500
sweep,4077
sweep,2376
sweep,3636
sweep,1949
sweep,3534
sweep,3947
sweep,4364
sweep,3273
sweep,3230
sweep,3024
sweep,2884
sweep,3094
sweep,2867
sweep,3310
sweep,2950
sweep,3548
sweep,2686
sweep,2895
sweep,3876
sweep,2675
sweep,2731
sweep,3337
sweep,2722
sweep,3531
sweep,2724
sweep,2390
sweep,2462
sweep,3653
sweep,4020
sweep,4052
sweep,4159
sweep,6136
sweep,7746
sweep,6453
sweep,8309
sweep,8404
sweep,8485
sweep,7583
sweep,7294
sweep,7995
sweep,953
mark,1033530
sweep,4971
sweep,3835
sweep,4355
sweep,4019
sweep,3832
sweep,4098
sweep,3803
sweep,3145
sweep,3073
sweep,3249
sweep,3338
sweep,2870
sweep,2627
sweep,2900
sweep,2770
sweep,2655
sweep,3570
sweep,2964
sweep,3299
sweep,3331
sweep,2431
sweep,2476
sweep,3827
sweep,2556
sweep,3125
sweep,2076
sweep,3381
sweep,3744
sweep,4750
sweep,3742
sweep,3130
sweep,3071
sweep,2886
sweep,3144
sweep,2922
sweep,3514
sweep,3043
sweep,3405
sweep,2460
sweep,2817
sweep,3688
sweep,2678
sweep,2600
sweep,2897
sweep,2885
sweep,3603
sweep,2646
sweep,2486
sweep,2807
sweep,5472
sweep,8717
sweep,8741
sweep,8306
sweep,7833
sweep,5853
sweep,7321
sweep,3955
sweep,4408
sweep,4461
sweep,6355
sweep,5822
sweep,6367
sweep,227
mark,1035250
sweep,4942
sweep,4269
sweep,3854
sweep,4271
sweep,3692
sweep,4141
sweep,3701
sweep,3515
sweep,2873
sweep,2963
sweep,3104
sweep,2819
sweep,2841
sweep,2808
sweep,2516
sweep,2768
sweep,3239
sweep,2903
sweep,2842
sweep,3816
sweep,2634
sweep,2403
sweep,3807
sweep,2984
sweep,3057
sweep,1962
sweep,3501
sweep,3934
sweep,4293
sweep,3500
sweep,3384
sweep,3066
sweep,3038
sweep,3108
sweep,2848
sweep,3216
sweep,2880
sweep,3065
sweep,2840
sweep,2947
sweep,3718
sweep,2675
sweep,2733
sweep,2900
sweep,2801
sweep,3533
sweep,3147
sweep,2783
sweep,2749
sweep,3443
sweep,3907
sweep,4041
sweep,4276
sweep,6148
sweep,8025
sweep,6097
sweep,8434
sweep,8310
sweep,8264
sweep,7366
sweep,7281
sweep,7051
sweep,929
mark,1038323
sweep,4560
sweep,4071
sweep,3999
sweep,4357
sweep,3579
sweep,4384
sweep,3893
sweep,3364
sweep,2811
sweep,3203
sweep,3255
sweep,2895
sweep,2866
sweep,3164
sweep,2727
sweep,3122
sweep,3263
sweep,3024
sweep,3107
sweep,3834
sweep,2352
sweep,2411
sweep,3788
sweep,2455
sweep,3152
sweep,1945
sweep,3353
sweep,3664
sweep,4421
sweep,3418
sweep,3181
sweep,3335
sweep,2896
sweep,2931
sweep,2818
sweep,3180
sweep,2944
sweep,3005
sweep,2584
sweep,2751
sweep,3918
sweep,2607
sweep,2897
sweep,3000
sweep,2779
sweep,3793
sweep,2918
sweep,2835
sweep,2578
sweep,5632
sweep,8941
sweep,9013
sweep,8702
sweep,7964
sweep,6263
sweep,6870
sweep,3889
sweep,4393
sweep,5011
sweep,6273
sweep,5814
sweep,6401
sweep,222
mark,1031710
sweep,4924
sweep,3939
sweep,4064
sweep,4528
sweep,3873
sweep,4033
sweep,3552
sweep,3421
sweep,2763
sweep,3076
sweep,3406
sweep,3032
sweep,2701
sweep,2776
sweep,2604
sweep,2883
sweep,3639
sweep,2942
sweep,3354
sweep,3314
sweep,2329
sweep,2870
sweep,3742
sweep,2322
sweep,3067
sweep,1846
sweep,3385
sweep,3784
sweep,4237
sweep,3405
sweep,3221
sweep,3229
sweep,3268
sweep,3155
sweep,2750
sweep,3290
sweep,3025
sweep,3144
sweep,2482
sweep,2708
sweep,3907
sweep,2971
sweep,3189
sweep,2971
sweep,3287
sweep,3479
sweep,2751
sweep,2578
sweep,2622
sweep,3448
sweep,3935
sweep,3957
sweep,4095
sweep,5610
sweep,8639
sweep,6434
sweep,9243
sweep,8229
sweep,8877
sweep,7492
sweep,7557
sweep,7136
sweep,825
mark,1032572
sweep,5136
sweep,3972
sweep,4215
sweep,4207
sweep,3559
sweep,4326
sweep,3652
sweep,3153
sweep,3133
sweep,3192
sweep,3262
sweep,2695
sweep,2683
sweep,2765
sweep,2883
sweep,3212
sweep,3578
sweep,2898
sweep,3110
sweep,3480
sweep,2494
sweep,2615
sweep,3741
sweep,2592
sweep,3633
sweep,1880
sweep,3486
sweep,4028
sweep,4584
sweep,3848
sweep,3173
sweep,3026
sweep,2982
sweep,3071
sweep,2815
sweep,3333
sweep,2718
sweep,3260
sweep,2798
sweep,2851
sweep,3815
sweep,2958
sweep,2727
sweep,2983
sweep,2793
sweep,3682
sweep,3024
sweep,2855
sweep,2559
sweep,5640
sweep,9277
sweep,8503
sweep,8670
sweep,8313
sweep,5832
sweep,7277
sweep,4027
sweep,4272
sweep,4282
sweep,5630
sweep,5852
sweep,6376
sweep,223
mark,1031755
sweep,4872
sweep,4200
sweep,4077
sweep,4145
sweep,3547
sweep,4003
sweep,3991
sweep,3384
sweep,3067
sweep,3157
sweep,3065
sweep,2784
sweep,2715
sweep,2884
sweep,2550
sweep,2847
sweep,3322
sweep,3130
sweep,2860
sweep,3724
sweep,2620
sweep,2445
sweep,3752
sweep,2404
sweep,3377
sweep,2132
sweep,3343
sweep,3946
sweep,4312
sweep,3481
sweep,3077
sweep,3162
sweep,3349
sweep,3078
sweep,3394
sweep,3435
sweep,2815
sweep,3295
sweep,2596
sweep,3035
sweep,3657
sweep,2667
sweep,2985
sweep,3030
sweep,2813
sweep,3769
sweep,2768
sweep,2727
sweep,2785
sweep,3768
sweep,4040
sweep,4041
sweep,4108
sweep,5717
sweep,8012
sweep,6282
sweep,8654
sweep,8458
sweep,8823
sweep,8260
sweep,7490
sweep,7678
sweep,738
mark,1039688
sweep,4840
sweep,4160
sweep,4394
sweep,4147
sweep,3660
sweep,4224
sweep,3792
sweep,3071
sweep,3097
sweep,3414
sweep,3005
sweep,3211
sweep,2688
sweep,2866
sweep,2504
sweep,2763
sweep,3486
sweep,3196
sweep,2936
sweep,3465
sweep,2333
sweep,2405
sweep,3771
sweep,2677
sweep,3208
sweep,1982
sweep,3718
sweep,3666
sweep,4397
sweep,3838
sweep,3042
sweep,2919
sweep,3079
sweep,3000
sweep,2900
sweep,3256
sweep,2824
sweep,3032
sweep,2809
sweep,2675
sweep,3889
sweep,2802
sweep,2781
sweep,2909
sweep,3202
sweep,3589
sweep,2696
sweep,2445
sweep,2501
sweep,5627
sweep,8864
sweep,8523
sweep,8496
sweep,7790
sweep,6039
sweep,7070
sweep,4086
sweep,4489
sweep,4954
sweep,6237
sweep,5978
sweep,6080
sweep,223
mark,1029283
sweep,4814
sweep,4115
sweep,4018
sweep,4143
sweep,3834
sweep,4291
sweep,3500
sweep,3083
sweep,3033
sweep,3388
sweep,3146
sweep,2782
sweep,3007
sweep,2818
sweep,2564
sweep,2842
sweep,3372
sweep,3204
sweep,3353
sweep,3797
sweep,2264
sweep,2626
sweep,3876
sweep,2375
sweep,3056
sweep,1978
sweep,3264
sweep,3620
sweep,4249
sweep,3303
sweep,3446
sweep,3176
sweep,3051
sweep,3108
sweep,2866
sweep,3265
sweep,3109
sweep,3127
sweep,2812
sweep,2679
sweep,3600
sweep,2921
sweep,2653
sweep,3322
sweep,3258
sweep,3627
sweep,2891
sweep,2567
sweep,2687
sweep,3783
sweep,3979
sweep,3969
sweep,4160
sweep,6148
sweep,7775
sweep,6002
sweep,8382
sweep,8228
sweep,8597
sweep,7389
sweep,7069
sweep,7208
sweep,829
mark,1029918
sweep,4833
sweep,4116
sweep,4091
sweep,4213
sweep,3820
sweep,4396
sweep,3628
sweep,3093
sweep,2798
sweep,3717
sweep,3222
sweep,3101
sweep,3058
sweep,2858
sweep,2906
sweep,2721
sweep,3243
sweep,2949
sweep,3241
sweep,3662
sweep,2354
sweep,2583
sweep,4195
sweep,2395
sweep,3708
sweep,1908
sweep,3417
sweep,4200
sweep,4145
sweep,3401
sweep,3292
sweep,2853
sweep,2889
sweep,3056
sweep,3360
sweep,3321
sweep,2726
sweep,3048
sweep,2517
sweep,2731
sweep,3763
sweep,2753
sweep,2566
sweep,3048
sweep,2847
sweep,3738
sweep,2775
sweep,2545
sweep,2787
sweep,5393
sweep,8889
sweep,8241
sweep,8781
sweep,8017
sweep,6138
sweep,7226
sweep,3969
sweep,4291
sweep,4627
sweep,6190
sweep,5763
sweep,6036
sweep,229
mark,1033036
sweep,4858
sweep,3870
sweep,3815
sweep,4002
sweep,3772
sweep,4142
sweep,3774
sweep,3394
sweep,2825
sweep,3114
sweep,3167
sweep,2756
sweep,2706
sweep,2788
sweep,2556
sweep,2738
sweep,3175
sweep,2925
sweep,3142
sweep,3382
sweep,2643
sweep,2627
sweep,4004
sweep,2431
sweep,3058
sweep,1915
sweep,3398
sweep,3732
sweep,4220
sweep,3371
sweep,3095
sweep,2918
sweep,2874
sweep,3171
sweep,3004
sweep,3301
sweep,2849
sweep,3137
sweep,2510
sweep,2639
sweep,3668
sweep,2786
sweep,2687
sweep,3532
sweep,3113
sweep,3674
sweep,2762
sweep,2766
sweep,2528
sweep,3557
sweep,4181
sweep,4087
sweep,4137
sweep,6157
sweep,7724
sweep,5971
sweep,8358
sweep,8345
sweep,8421
sweep,7370
sweep,7192
sweep,7032
sweep,830
mark,1032788
sweep,4795
sweep,3933
sweep,4527
sweep,4310
sweep,3882
sweep,4130
sweep,3759
sweep,3190
sweep,2953
sweep,3129
sweep,2914
sweep,3238
sweep,2778
sweep,3039
sweep,2841
sweep,2839
sweep,3312
sweep,3163
sweep,3006
sweep,3513
sweep,2404
sweep,2501
sweep,4334
sweep,2494
sweep,3775
sweep,1989
sweep,3657
sweep,3849
sweep,4349
sweep,3861
sweep,3562
sweep,3367
sweep,2767
sweep,3078
sweep,2865
sweep,3341
sweep,3006
sweep,3366
sweep,2677
sweep,6174
sweep,3922
sweep,2635
sweep,2657
sweep,3056
sweep,3122
sweep,3750
sweep,2965
sweep,2575
sweep,2452
sweep,5395
sweep,8328
sweep,9045
sweep,8773
sweep,7716
sweep,6139
sweep,7416
sweep,4093
sweep,4380
sweep,4967
sweep,6220
sweep,5843
sweep,5783
sweep,257
mark,1030440
sweep,4650
sweep,3901
sweep,4006
sweep,4340
sweep,3741
sweep,4221
sweep,3658
sweep,3137
sweep,2754
sweep,3341
sweep,3169
sweep,3015
sweep,2671
sweep,3067
sweep,2562
sweep,2688
sweep,3208
sweep,3081
sweep,3147
sweep,3589
sweep,2360
sweep,2661
sweep,4039
sweep,2421
sweep,3044
sweep,1935
sweep,3492
sweep,3653
sweep,4249
sweep,3377
sweep,3256
sweep,3144
sweep,2870
sweep,2961
sweep,2827
sweep,3599
sweep,2786
sweep,3370
sweep,2752
sweep,2882
sweep,3752
sweep,2643
sweep,3045
sweep,3154
sweep,2852
sweep,3465
sweep,2839
sweep,2527
sweep,2727
sweep,3484
sweep,3950
sweep,4044
sweep,4509
sweep,6012
sweep,8374
sweep,6503
sweep,8880
sweep,8214
sweep,8635
sweep,8291
sweep,7576
sweep,7594
sweep,800
mark,1028982
sweep,5141
sweep,3994
sweep,3892
sweep,4073
sweep,3933
sweep,4237
sweep,3678
sweep,3301
sweep,2959
sweep,3136
sweep,3021
sweep,2957
sweep,2965
sweep,2796
sweep,2729
sweep,2709
sweep,3506
sweep,3008
sweep,3132
sweep,3419
sweep,2275
sweep,2531
sweep,3767
sweep,2401
sweep,3069
sweep,1985
sweep,3360
sweep,3846
sweep,4567
sweep,3847
sweep,2984
sweep,3008
sweep,2954
sweep,3243
sweep,3057
sweep,3331
sweep,2766
sweep,3047
sweep,2513
sweep,2588
sweep,4065
sweep,2993
sweep,2958
sweep,2916
sweep,2977
sweep,3597
sweep,2740
sweep,2652
sweep,2699
sweep,5299
sweep,9058
sweep,8792
sweep,8715
sweep,8286
sweep,5980
sweep,7471
sweep,4222
sweep,4409
sweep,4831
sweep,5730
sweep,5619
sweep,5924
sweep,233
mark,1023483
sweep,4680
sweep,4160
sweep,4226
sweep,4210
sweep,3798
sweep,4120
sweep,3500
sweep,3550
sweep,2807
sweep,3416
sweep,3050
sweep,3363
sweep,2686
sweep,2919
sweep,2678
sweep,2669
sweep,3251
sweep,2856
sweep,3084
sweep,3419
sweep,2280
sweep,2745
sweep,3692
sweep,2492
sweep,11857
sweep,2060
sweep,3445
sweep,3688
sweep,4616
sweep,3630
sweep,3220
sweep,3013
sweep,2945
sweep,3056
sweep,2878
sweep,3513
sweep,2770
sweep,3054
sweep,2507
sweep,2928
sweep,3811
sweep,2680
sweep,2677
sweep,3358
sweep,2880
sweep,3727
sweep,2853
sweep,2892
sweep,2535
sweep,3747
sweep,4096
sweep,4002
sweep,4221
sweep,5917
sweep,8277
sweep,6535
sweep,8428
sweep,8100
sweep,8408
sweep,7628
sweep,7095
sweep,6984
sweep,822
mark,1036998
sweep,4906
sweep,3805
sweep,3778
sweep,4023
sweep,3610
sweep,4267
sweep,3893
sweep,3246
sweep,2869
sweep,3452
sweep,3041
sweep,3018
sweep,2742
sweep,2940
sweep,2821
sweep,2750
sweep,3240
sweep,2878
sweep,3056
sweep,3930
sweep,2465
sweep,2447
sweep,4241
sweep,2707
sweep,3135
sweep,2169
sweep,3457
sweep,3677
sweep,4597
sweep,3353
sweep,3431
sweep,3500
sweep,3180
sweep,3321
sweep,2863
sweep,3339
sweep,2812
sweep,3388
sweep,2549
sweep,3146
sweep,3882
sweep,2714
sweep,2928
sweep,3125
sweep,2826
sweep,3443
sweep,2837
sweep,10826
sweep,3048
sweep,6052
sweep,8992
sweep,8788
sweep,8622
sweep,8011
sweep,6295
sweep,7811
sweep,4031
sweep,4674
sweep,5647
sweep,6220
sweep,5812
sweep,6369
sweep,226
mark,1053362
sweep,4953
sweep,4165
sweep,4543
sweep,4242
sweep,3518
sweep,3902
sweep,3568
sweep,3032
sweep,2741
sweep,3357
sweep,3038
sweep,2802
sweep,2749
sweep,2833
sweep,2617
sweep,2645
sweep,3233
sweep,2876
sweep,3143
sweep,3653
sweep,2291
sweep,2585
sweep,3740
sweep,2280
sweep,3350
sweep,2031
sweep,3383
sweep,3873
sweep,4329
sweep,3694
sweep,3087
sweep,3323
sweep,2878
sweep,3076
sweep,2833
sweep,3300
sweep,2869
sweep,3023
sweep,2502
sweep,2647
sweep,3695
sweep,2915
sweep,2687
sweep,2933
sweep,3105
sweep,3358
sweep,3097
sweep,2680
sweep,2483
sweep,3682
sweep,4203
sweep,4030
sweep,4221
sweep,5712
sweep,8170
sweep,6462
sweep,9054
sweep,8211
sweep,8621
sweep,8191
sweep,7553
sweep,7524
sweep,833
mark,1061429
sweep,4810
sweep,3681
sweep,3847
sweep,3999
sweep,3859
sweep,4321
sweep,3767
sweep,3338
sweep,3035
sweep,3219
sweep,3269
sweep,2826
sweep,2858
sweep,2893
sweep,2555
sweep,2699
sweep,3426
sweep,2894
sweep,3265
sweep,3515
sweep,2555
sweep,2657
sweep,3827
sweep,2433
sweep,3576
sweep,2049
sweep,3666
sweep,3684
sweep,4403
sweep,3688
sweep,3100
sweep,3127
sweep,3318
sweep,3026
sweep,2891
sweep,3051
sweep,3109
sweep,3155
sweep,2805
sweep,2729
sweep,3808
sweep,2837
sweep,2724
sweep,2951
sweep,3483
sweep,3604
sweep,2773
sweep,2435
sweep,2575
sweep,5679
sweep,8745
sweep,8365
sweep,8751
sweep,8096
sweep,6228
sweep,7202
sweep,4284
sweep,4458
sweep,5423
sweep,6241
sweep,5870
sweep,6181
sweep,234
mark,1028992
sweep,4918
sweep,3812
sweep,4125
sweep,4598
sweep,4025
sweep,4289
sweep,3894
sweep,3239
sweep,2934
sweep,3543
sweep,3105
sweep,2767
sweep,2642
sweep,2737
sweep,2636
sweep,2573
sweep,3187
sweep,3143
sweep,2914
sweep,3690
sweep,2271
sweep,2748
sweep,3726
sweep,2298
sweep,3096
sweep,1818
sweep,3704
sweep,3564
sweep,4297
sweep,3389
sweep,3537
sweep,2972
sweep,3066
sweep,3063
sweep,2801
sweep,3612
sweep,2873
sweep,3068
sweep,2736
sweep,2628
sweep,3810
sweep,2589
sweep,3005
sweep,3016
sweep,2945
sweep,3508
sweep,2763
sweep,2561
sweep,2647
sweep,3537
sweep,3807
sweep,4090
sweep,4195
sweep,5742
sweep,8667
sweep,6454
sweep,9063
sweep,8353
sweep,8786
sweep,7558
sweep,7643
sweep,7154
sweep,837
mark,1031646
sweep,5093
sweep,3888
sweep,3950
sweep,4337
sweep,3978
sweep,3983
sweep,3760
sweep,3201
sweep,2908
sweep,3438
sweep,3012
sweep,2800
sweep,2976
sweep,3024
sweep,2596
sweep,2775
sweep,3320
sweep,3149
sweep,3167
sweep,3342
sweep,2578
sweep,2352
sweep,4005
sweep,2734
sweep,3544
sweep,2187
sweep,3483
sweep,3588
sweep,4372
sweep,3414
sweep,3134
sweep,3243
sweep,2903
sweep,3244
sweep,3087
sweep,3129
sweep,2725
sweep,3219
sweep,2678
sweep,2586
sweep,3783
sweep,2656
sweep,2991
sweep,3040
sweep,2776
sweep,3630
sweep,2912
sweep,2685
sweep,2521
sweep,5720
sweep,8776
sweep,8851
sweep,8617
sweep,8301
sweep,6819
sweep,7411
sweep,4328
sweep,4381
sweep,4922
sweep,6113
sweep,5700
sweep,5769
sweep,224
mark,1032383
sweep,4558
sweep,3933
sweep,3942
sweep,4297
sweep,3791
sweep,4172
sweep,3645
sweep,3115
sweep,2807
sweep,3376
sweep,3167
sweep,2994
sweep,2797
sweep,3299
sweep,2575
sweep,3010
sweep,3162
sweep,3111
sweep,3025
sweep,3521
sweep,2473
sweep,2664
sweep,4229
sweep,2300
sweep,3098
sweep,2150
sweep,3450
sweep,3914
sweep,4196
sweep,3333
sweep,3114
sweep,2977
sweep,3073
sweep,2932
sweep,2820
sweep,3418
sweep,2783
sweep,3107
sweep,2762
sweep,3078
sweep,3626
sweep,3082
sweep,2836
sweep,3089
sweep,3077
sweep,3496
sweep,2737
sweep,2481
sweep,2508
sweep,3859
sweep,3986
sweep,4191
sweep,4239
sweep,6129
sweep,7640
sweep,5929
sweep,9309
sweep,7881
sweep,8957
sweep,7404
sweep,7516
sweep,7224
sweep,821
mark,1036363
sweep,4714
sweep,4214
sweep,4001
sweep,4342
sweep,3690
sweep,4352
sweep,3668
sweep,3474
sweep,3120
sweep,3482
sweep,3146
sweep,2820
sweep,2933
sweep,2820
sweep,2588
sweep,2676
sweep,3323
sweep,2846
sweep,2961
sweep,4033
sweep,2494
sweep,2458
sweep,3736
sweep,2506
sweep,3689
sweep,2012
sweep,3493
sweep,3917
sweep,4377
sweep,3664
sweep,3290
sweep,3030
sweep,2827
sweep,2973
sweep,3046
sweep,3179
sweep,2657
sweep,2982
sweep,2641
sweep,2821
sweep,3785
sweep,2994
sweep,2774
sweep,2883
sweep,3311
sweep,3399
sweep,2796
sweep,2584
sweep,2561
sweep,5472
sweep,8979
sweep,8535
sweep,8650
sweep,8296
sweep,6208
sweep,7456
sweep,3957
sweep,4292
sweep,5019
sweep,6033
sweep,5819
sweep,5670
sweep,225
mark,1035298
sweep,4672
sweep,4052
sweep,4350
sweep,4210
sweep,3555
sweep,4150
sweep,3738
sweep,3407
sweep,3040
sweep,3060
sweep,3183
sweep,2767
sweep,3070
sweep,3108
sweep,2947
sweep,2701
sweep,3167
sweep,3130
sweep,2935
sweep,3380
sweep,2349
sweep,2532
sweep,4056
sweep,2405
sweep,3210
sweep,1869
sweep,3337
sweep,3745
sweep,4538
sweep,3445
sweep,3304
sweep,3311
sweep,2849
sweep,3097
sweep,2741
sweep,3141
sweep,2748
sweep,3066
sweep,2596
sweep,2689
sweep,3749
sweep,2814
sweep,3027
sweep,3028
sweep,2712
sweep,3337
sweep,2867
sweep,2454
sweep,2404
sweep,3838
sweep,3979
sweep,4176
sweep,4257
sweep,5881
sweep,8317
sweep,6372
sweep,8614
sweep,8220
sweep,8442
sweep,7386
sweep,7229
sweep,7079
sweep,836
mark,1037836
sweep,4641
sweep,4100
sweep,4034
sweep,4228
sweep,3782
sweep,4097
sweep,3689
sweep,3108
sweep,3209
sweep,3506
sweep,3067
sweep,2725
sweep,2715
sweep,2879
sweep,2645
sweep,2759
sweep,3569
sweep,2847
sweep,3010
sweep,3468
sweep,2352
sweep,2580
sweep,3676
sweep,2650
sweep,3235
sweep,2062
sweep,3394
sweep,3851
sweep,4293
sweep,3854
sweep,3125
sweep,2978
sweep,2966
sweep,3025
sweep,3170
sweep,3323
sweep,3027
sweep,3083
sweep,2879
sweep,2627
sweep,3944
sweep,2967
sweep,2890
sweep,3247
sweep,3063
sweep,3684
sweep,2738
sweep,2704
sweep,2447
sweep,5410
sweep,8687
sweep,8684
sweep,8706
sweep,7658
sweep,5694
sweep,7430
sweep,4201
sweep,4331
sweep,4263
sweep,5650
sweep,5774
sweep,6092
sweep,223
mark,1065863
sweep,4887
sweep,3771
sweep,4463
sweep,3946
sweep,3559
sweep,3973
sweep,3501
sweep,3172
sweep,2788
sweep,2978
sweep,3551
sweep,2869
sweep,2762
sweep,3171
sweep,2944
sweep,2705
sweep,3394
sweep,3265
sweep,3123
sweep,3913
sweep,2368
sweep,2810
sweep,3728
sweep,2484
sweep,3079
sweep,1975
sweep,3404
sweep,3904
sweep,4302
sweep,3658
sweep,3357
sweep,3152
sweep,3120
sweep,3001
sweep,2783
sweep,3230
sweep,2982
sweep,3183
sweep,2519
sweep,2640
sweep,3790
sweep,2980
sweep,2704
sweep,2880
sweep,2858
sweep,3390
sweep,3019
sweep,2475
sweep,2422
sweep,3867
sweep,3888
sweep,4040
sweep,4288
sweep,5986
sweep,7480
sweep,6194
sweep,8598
sweep,8565
sweep,8377
sweep,7331
sweep,7727
sweep,7860
sweep,837
mark,1035203
sweep,4745
sweep,4121
sweep,4107
sweep,4226
sweep,3552
sweep,4345
sweep,3932
sweep,3135
sweep,2863
sweep,3047
sweep,3303
sweep,2745
sweep,2594
sweep,2949
sweep,2677
sweep,2758
sweep,3762
sweep,3200
sweep,3219
sweep,3483
sweep,2341
sweep,2413
sweep,4058
sweep,2390
sweep,3056
sweep,1921
sweep,3472
sweep,3558
sweep,4112
sweep,3737
sweep,2988
sweep,3329
sweep,2928
sweep,3039
sweep,3082
sweep,3158
sweep,2754
sweep,3179
sweep,2521
sweep,3017
sweep,3719
sweep,2985
sweep,2693
sweep,3006
sweep,2834
sweep,3421
sweep,2962
sweep,2467
sweep,2599
sweep,6037
sweep,8840
sweep,9138
sweep,8684
sweep,8226
sweep,6104
sweep,7448
sweep,4477
sweep,4268
sweep,4935
sweep,6211
sweep,5971
sweep,5694
sweep,288
mark,1028096
sweep,5483
sweep,4202
sweep,4188
sweep,3990
sweep,3591
sweep,4027
sweep,3618
sweep,3090
sweep,2846
sweep,3162
sweep,3267
sweep,3024
sweep,2678
sweep,2809
sweep,3107
sweep,2827
sweep,3348
sweep,3154
sweep,3130
sweep,3656
sweep,2595
sweep,2636
sweep,3824
sweep,2597
sweep,3034
sweep,1939
sweep,3461
sweep,3698
sweep,4082
sweep,3467
sweep,3154
sweep,3457
sweep,3047
sweep,3156
sweep,2781
sweep,3200
sweep,2704
sweep,3205
sweep,2637
sweep,2642
sweep,3824
sweep,2726
sweep,3205
sweep,3000
sweep,2785
sweep,3531
sweep,2653
sweep,2536
sweep,2437
sweep,3580
sweep,4054
sweep,4061
sweep,4375
sweep,5881
sweep,8029
sweep,6451
sweep,8480
sweep,8417
sweep,8385
sweep,7175
sweep,7808
sweep,7027
sweep,836
mark,1049560
sweep,4775
sweep,4052
sweep,4000
sweep,4256
sweep,3576
sweep,4115
sweep,3739
sweep,3240
sweep,3090
sweep,3289
sweep,3238
sweep,2869
sweep,2912
sweep,3044
sweep,2937
sweep,2735
sweep,3664
sweep,3062
sweep,3064
sweep,3779
sweep,2404
sweep,2547
sweep,3699
sweep,2361
sweep,3196
sweep,2096
sweep,3446
sweep,3629
sweep,4533
sweep,3339
sweep,3015
sweep,3462
sweep,2879
sweep,3094
sweep,2913
sweep,3029
sweep,2729
sweep,3240
sweep,2875
sweep,2661
sweep,4103
sweep,2554
sweep,3003
sweep,3509
sweep,2736
sweep,3457
sweep,2990
sweep,2528
sweep,2497
sweep,5624
sweep,8914
sweep,8480
sweep,8427
sweep,7726
sweep,5975
sweep,7139
sweep,3923
sweep,4452
sweep,4807
sweep,6115
sweep,5884
sweep,5860
sweep,225
mark,1038299
sweep,4614
sweep,3747
sweep,4377
sweep,3973
sweep,3667
sweep,4096
sweep,3811
sweep,3634
sweep,3049
sweep,3267
sweep,6273
sweep,2756
sweep,2707
sweep,2860
sweep,2653
sweep,2707
sweep,3143
sweep,3017
sweep,3242
sweep,3345
sweep,2498
sweep,2801
sweep,3746
sweep,2560
sweep,3217
sweep,1870
sweep,3604
sweep,3847
sweep,4098
sweep,3507
sweep,3096
sweep,3508
sweep,3138
sweep,3375
sweep,2879
sweep,3262
sweep,2810
sweep,3061
sweep,2567
sweep,2875
sweep,3613
sweep,2723
sweep,2870
sweep,3006
sweep,2820
sweep,3704
sweep,2834
sweep,2702
sweep,2442
sweep,3743
sweep,4394
sweep,3954
sweep,4233
sweep,5845
sweep,8461
sweep,6463
sweep,8614
sweep,8206
sweep,8489
sweep,7556
sweep,7657
sweep,7000
sweep,871
mark,1037826
sweep,4700
sweep,3980
sweep,4172
sweep,4063
sweep,3704
sweep,4029
sweep,3880
sweep,3084
sweep,3136
sweep,3268
sweep,3399
sweep,2846
sweep,2744
sweep,2781
sweep,2948
sweep,2796
sweep,3366
sweep,2824
sweep,3037
sweep,3803
sweep,2351
sweep,2390
sweep,3683
sweep,2573
sweep,3117
sweep,1945
sweep,3574
sweep,3931
sweep,4216
sweep,3746
sweep,3094
sweep,3042
sweep,3083
sweep,3016
sweep,2972
sweep,3458
sweep,2718
sweep,3027
sweep,2585
sweep,2632
sweep,3680
sweep,3034
sweep,3104
sweep,2863
sweep,2931
sweep,3395
sweep,2796
sweep,2498
sweep,2485
sweep,5559
sweep,8867
sweep,8434
sweep,8548
sweep,8179
sweep,6319
sweep,7382
sweep,4305
sweep,4491
sweep,4894
sweep,6366
sweep,5867
sweep,6094
sweep,233
mark,1033315
sweep,4777
sweep,3994
sweep,4073
sweep,3999
sweep,3730
sweep,4321
sweep,3822
sweep,3565
sweep,2901
sweep,3087
sweep,3293
sweep,2751
sweep,2782
sweep,2839
sweep,2603
sweep,2933
sweep,3232
sweep,2934
sweep,3124
sweep,3687
sweep,2347
sweep,2619
sweep,3950
sweep,2621
sweep,3118
sweep,1817
sweep,3292
sweep,3891
sweep,4212
sweep,3329
sweep,3567
sweep,3529
sweep,2858
sweep,3349
sweep,2801
sweep,3177
sweep,2990
sweep,3218
sweep,2610
sweep,2673
sweep,3821
sweep,2630
sweep,2980
sweep,3014
sweep,2795
sweep,3459
sweep,2854
sweep,2811
sweep,2389
sweep,3474
sweep,3985
sweep,4080
sweep,4161
sweep,5825
sweep,7698
sweep,5730
sweep,8506
sweep,8306
sweep,8520
sweep,7467
sweep,7075
sweep,7236
sweep,827
mark,1035563
sweep,4887
sweep,4324
sweep,4099
sweep,4094
sweep,3454
sweep,4248
sweep,3889
sweep,3205
sweep,3251
sweep,3506
sweep,2936
sweep,2802
sweep,2678
sweep,2886
sweep,2746
sweep,2705
sweep,3557
sweep,2878
sweep,3326
sweep,3874
sweep,2323
sweep,2717
sweep,3766
sweep,2653
sweep,3452
sweep,2165
sweep,3360
sweep,3956
sweep,4136
sweep,3493
sweep,3185
sweep,2968
sweep,3359
sweep,3091
sweep,2810
sweep,3094
sweep,2748
sweep,3070
sweep,2744
sweep,2859
sweep,3715
sweep,2780
sweep,2794
sweep,3043
sweep,2837
sweep,3589
sweep,2886
sweep,2510
sweep,2495
sweep,5627
sweep,8679
sweep,9156
sweep,8533
sweep,7578
sweep,5937
sweep,6919
sweep,3959
sweep,4277
sweep,4824
sweep,6089
sweep,5808
sweep,5911
sweep,219
mark,1027367
sweep,4640
sweep,4019
sweep,3868
sweep,4043
sweep,3589
sweep,4030
sweep,3744
sweep,3261
sweep,2761
sweep,3431
sweep,3323
sweep,2781
sweep,2747
sweep,2992
sweep,2577
sweep,2696
sweep,3166
sweep,2991
sweep,3295
sweep,3434
sweep,2656
sweep,2396
sweep,3751
sweep,2398
sweep,3076
sweep,1884
sweep,3391
sweep,3833
sweep,4232
sweep,3267
sweep,3448
sweep,3092
sweep,3027
sweep,3252
sweep,3111
sweep,3218
sweep,2746
sweep,2963
sweep,2758
sweep,2724
sweep,3639
sweep,3160
sweep,2698
sweep,3108
sweep,2994
sweep,3652
sweep,2653
sweep,2805
sweep,2441
sweep,3811
sweep,3815
sweep,4131
sweep,4092
sweep,6128
sweep,8277
sweep,6482
sweep,9061
sweep,8119
sweep,8823
sweep,7207
sweep,7597
sweep,7026
sweep,830
mark,1029979
sweep,4569
sweep,4042
sweep,4053
sweep,4025
sweep,3607
sweep,4111
sweep,3553
sweep,3200
sweep,3080
sweep,3082
sweep,2985
sweep,2683
sweep,2702
sweep,2773
sweep,2630
sweep,2746
sweep,3270
sweep,2984
sweep,3002
sweep,3499
sweep,2649
sweep,2374
sweep,3841
sweep,2447
sweep,3089
sweep,1818
sweep,3383
sweep,3671
sweep,4365
sweep,3344
sweep,3376
sweep,2912
sweep,2862
sweep,3252
sweep,2817
sweep,3198
sweep,2742
sweep,3083
sweep,2861
sweep,2890
sweep,3783
sweep,2927
sweep,2926
sweep,2882
sweep,3143
sweep,3559
sweep,2898
sweep,2795
sweep,2600
sweep,5390
sweep,8745
sweep,9054
sweep,9017
sweep,8239
sweep,5701
sweep,7380
sweep,4149
sweep,4446
sweep,4451
sweep,5730
sweep,5664
sweep,6444
sweep,233
mark,1053538
sweep,4873
sweep,3998
sweep,4581
sweep,4444
sweep,3518
sweep,4205
sweep,3621
sweep,3078
sweep,2862
sweep,3295
sweep,3054
sweep,2709
sweep,2814
sweep,3092
sweep,2795
sweep,2719
sweep,3192
sweep,3366
sweep,2991
sweep,3751
sweep,2563
sweep,2778
sweep,4014
sweep,2352
sweep,3117
sweep,1958
sweep,3836
sweep,3592
sweep,4193
sweep,3327
sweep,3125
sweep,2910
sweep,3291
sweep,3119
sweep,2864
sweep,3312
sweep,2966
sweep,3070
sweep,2720
sweep,2863
sweep,3710
sweep,2595
sweep,2663
sweep,3356
sweep,2806
sweep,3703
sweep,2736
sweep,2594
sweep,2465
sweep,3770
sweep,4077
sweep,3934
sweep,4452
sweep,5738
sweep,8418
sweep,6609
sweep,8641
sweep,8634
sweep,8549
sweep,8259
sweep,7504
sweep,7541
sweep,831
mark,1029369
sweep,4730
sweep,4087
sweep,8598
sweep,4333
sweep,3574
sweep,4142
sweep,3652
sweep,3177
sweep,3048
sweep,3179
sweep,3078
sweep,3272
sweep,2930
sweep,3249
sweep,3005
sweep,3028
sweep,3951
sweep,3776
sweep,3436
sweep,3371
sweep,2299
sweep,2689
sweep,3929
sweep,2673
sweep,3787
sweep,2221
sweep,3521
sweep,3787
sweep,4465
sweep,3317
sweep,3262
sweep,2777
sweep,3072
sweep,2885
sweep,2849
sweep,3342
sweep,3273
sweep,3207
sweep,2552
sweep,2965
sweep,3692
sweep,2835
sweep,2900
sweep,3078
sweep,3338
sweep,4047
sweep,2796
sweep,2870
sweep,2713
sweep,6033
sweep,9026
sweep,8350
sweep,8765
sweep,7945
sweep,6124
sweep,8098
sweep,4213
sweep,4585
sweep,4683
sweep,6387
sweep,5852
sweep,5861
sweep,244
mark,1017074
sweep,4981
sweep,4683
sweep,4671
sweep,4250
sweep,3694
sweep,4133
sweep,3510
sweep,3212
sweep,3311
sweep,3696
sweep,3620
sweep,3139
sweep,2960
sweep,2995
sweep,2842
sweep,2856
sweep,3392
sweep,3207
sweep,3158
sweep,3240
sweep,2495
sweep,2436
sweep,3780
sweep,2279
sweep,3713
sweep,1924
sweep,3639
sweep,4188
sweep,4705
sweep,3562
sweep,3097
sweep,2958
sweep,2821
sweep,2820
sweep,2758
sweep,3059
sweep,2960
sweep,3412
sweep,2862
sweep,2916
sweep,3779
sweep,3380
sweep,2836
sweep,2963
sweep,3194
sweep,3453
sweep,2660
sweep,2637
sweep,2539
sweep,3822
sweep,3990
sweep,4248
sweep,4519
sweep,6049
sweep,7914
sweep,6061
sweep,8477
sweep,8243
sweep,8592
sweep,7506
sweep,7621
sweep,7291
sweep,820
mark,1040446
sweep,5264
sweep,4040
sweep,4261
sweep,3938
sweep,3958
sweep,4040
sweep,3580
sweep,3231
sweep,2691
sweep,3747
sweep,3550
sweep,3056
sweep,2878
sweep,3258
sweep,2800
sweep,2775
sweep,3991
sweep,3148
sweep,3429
sweep,3408
sweep,2277
sweep,2445
sweep,4129
sweep,2549
sweep,3351
sweep,2183
sweep,3826
sweep,3970
sweep,4688
sweep,3818
sweep,3298
sweep,2920
sweep,2925
sweep,3278
sweep,2753
sweep,3243
sweep,2929
sweep,3106
sweep,2421
sweep,2612
sweep,3632
sweep,2602
sweep,2798
sweep,3240
sweep,2936
sweep,3499
sweep,2778
sweep,2460
sweep,2445
sweep,5920
sweep,9213
sweep,8497
sweep,8367
sweep,8192
sweep,5553
sweep,7668
sweep,4000
sweep,4315
sweep,5169
sweep,6358
sweep,5858
sweep,5743
sweep,222
mark,1037347
sweep,4474
sweep,4071
sweep,4012
sweep,4349
sweep,3930
sweep,4064
sweep,3603
sweep,3192
sweep,2874
sweep,3140
sweep,3094
sweep,2815
sweep,2750
sweep,2853
sweep,2635
sweep,2619
sweep,3625
sweep,2957
sweep,3250
sweep,3359
sweep,2362
sweep,2636
sweep,4046
sweep,2414
sweep,3168
sweep,2399
sweep,3362
sweep,3594
sweep,4162
sweep,3192
sweep,3108
sweep,2978
sweep,2904
sweep,3093
sweep,2846
sweep,3198
sweep,3172
sweep,3300
sweep,2615
sweep,2722
sweep,3905
sweep,2675
sweep,2762
sweep,3007
sweep,2837
sweep,3370
sweep,2861
sweep,2659
sweep,2780
sweep,3419
sweep,4135
sweep,4187
sweep,4163
sweep,6021
sweep,7871
sweep,6373
sweep,8444
sweep,8549
sweep,8216
sweep,7468
sweep,7209
sweep,7108
sweep,822
mark,1034444
sweep,4684
sweep,4348
sweep,4123
sweep,4287
sweep,3804
sweep,4430
sweep,3760
sweep,2989
sweep,2888
sweep,3315
sweep,3064
sweep,2733
sweep,2963
sweep,3014
sweep,2610
sweep,2717
sweep,3396
sweep,3166
sweep,3060
sweep,3481
sweep,2348
sweep,2485
sweep,3693
sweep,2677
sweep,3067
sweep,1889
sweep,3377
sweep,3671
sweep,4226
sweep,3774
sweep,3338
sweep,2974
sweep,2937
sweep,3095
sweep,3208
sweep,3365
sweep,2847
sweep,3026
sweep,2574
sweep,2941
sweep,3686
sweep,2920
sweep,2685
sweep,2834
sweep,3105
sweep,3777
sweep,2886
sweep,2693
sweep,2635
sweep,5329
sweep,8969
sweep,8665
sweep,8927
sweep,7829
sweep,6288
sweep,6873
sweep,3949
sweep,4227
sweep,4337
sweep,6352
sweep,6072
sweep,5896
sweep,224
mark,1035904
sweep,4646
sweep,4200
sweep,4451
sweep,4445
sweep,3776
sweep,3837
sweep,3671
sweep,3020
sweep,3075
sweep,3467
sweep,3074
sweep,3319
sweep,2687
sweep,2892
sweep,2593
sweep,2925
sweep,3184
sweep,3318
sweep,3090
sweep,3727
sweep,2354
sweep,2920
sweep,3685
sweep,2490
sweep,3122
sweep,2168
sweep,3376
sweep,3712
sweep,4157
sweep,3343
sweep,3232
sweep,3083
sweep,3314
sweep,3375
sweep,2888
sweep,3268
sweep,2850
sweep,3124
sweep,2675
sweep,3267
sweep,3747
sweep,2898
sweep,2740
sweep,3568
sweep,3320
sweep,3678
sweep,2652
sweep,2707
sweep,2706
sweep,3420
sweep,3953
sweep,3923
sweep,4170
sweep,5744
sweep,8422
sweep,6376
sweep,8789
sweep,8429
sweep,8658
sweep,8428
sweep,7591
sweep,7660
sweep,795
mark,1036069
sweep,4845
sweep,3949
sweep,4339
sweep,4123
sweep,3812
sweep,4293
sweep,3738
sweep,3340
sweep,2894
sweep,3212
sweep,3046
sweep,2781
sweep,2757
sweep,2883
sweep,3021
sweep,2910
sweep,3351
sweep,2975
sweep,3115
sweep,3932
sweep,2334
sweep,2336
sweep,3860
sweep,2399
sweep,3110
sweep,2059
sweep,3734
sweep,4039
sweep,4793
sweep,4025
sweep,3398
sweep,2904
sweep,2979
sweep,3219
sweep,2840
sweep,3339
sweep,2677
sweep,2987
sweep,2555
sweep,2724
sweep,3689
sweep,2692
sweep,2961
sweep,3301
sweep,2901
sweep,3504
sweep,2705
sweep,2612
sweep,2603
sweep,5439
sweep,8779
sweep,8718
sweep,8907
sweep,7534
sweep,5708
sweep,6933
sweep,4015
sweep,4553
sweep,4775
sweep,6052
sweep,5780
sweep,6133
sweep,224
mark,1027233
sweep,4669
sweep,3853
sweep,4074
sweep,3943
sweep,3831
sweep,4183
sweep,3585
sweep,3446
sweep,3050
sweep,3248
sweep,3031
sweep,2848
sweep,2877
sweep,2871
sweep,2912
sweep,2671
sweep,3244
sweep,2927
sweep,3104
sweep,3450
sweep,2256
sweep,2516
sweep,3798
sweep,2533
sweep,3074
sweep,1937
sweep,3527
sweep,3875
sweep,4468
sweep,3842
sweep,3696
sweep,2985
sweep,3006
sweep,3206
sweep,2866
sweep,3232
sweep,3291
sweep,3248
sweep,2835
sweep,3089
sweep,3781
sweep,2685
sweep,2749
sweep,2976
sweep,2815
sweep,3440
sweep,3094
sweep,2677
sweep,2510
sweep,3635
sweep,3930
sweep,4349
sweep,4236
sweep,6073
sweep,7965
sweep,6001
sweep,8555
sweep,8295
sweep,8538
sweep,7220
sweep,7187
sweep,6966
sweep,828
mark,1038634
sweep,4559
sweep,4048
sweep,4077
sweep,4009
sweep,3846
sweep,4398
sweep,3602
sweep,3155
sweep,2909
sweep,3503
sweep,3234
sweep,2762
sweep,2977
sweep,3036
sweep,3001
sweep,2928
sweep,3406
sweep,2956
sweep,2886
sweep,3533
sweep,2484
sweep,2554
sweep,3765
sweep,2551
sweep,3826
sweep,1967
sweep,3621
sweep,3896
sweep,5236
sweep,4056
sweep,3075
sweep,2995
sweep,3290
sweep,3146
sweep,2784
sweep,3368
sweep,3030
sweep,3163
sweep,2638
sweep,3025
sweep,3853
sweep,2786
sweep,2830
sweep,2968
sweep,2968
sweep,3965
sweep,2744
sweep,2563
sweep,2540
sweep,5573
sweep,9138
sweep,8799
sweep,8590
sweep,7919
sweep,6162
sweep,7113
sweep,4329
sweep,4235
sweep,4317
sweep,6122
sweep,5967
sweep,6429
sweep,226
mark,1063783
sweep,4753
sweep,3897
sweep,3792
sweep,4092
sweep,3726
sweep,4178
sweep,3768
sweep,3088
sweep,3069
sweep,3075
sweep,3467
sweep,2891
sweep,2824
sweep,3075
sweep,2831
sweep,2829
sweep,3277
sweep,3000
sweep,3025
sweep,3879
sweep,2382
sweep,2613
sweep,3982
sweep,2524
sweep,3708
sweep,2066
sweep,3522
sweep,3822
sweep,4563
sweep,3410
sweep,3284
sweep,3031
sweep,3212
sweep,3327
sweep,3014
sweep,3487
sweep,2795
sweep,3403
sweep,2706
sweep,2667
sweep,4103
sweep,2863
sweep,2929
sweep,3209
sweep,2845
sweep,3468
sweep,2829
sweep,2555
sweep,2517
sweep,3791
sweep,4184
sweep,3987
sweep,4166
sweep,6205
sweep,7705
sweep,6073
sweep,8707
sweep,8452
sweep,8226
sweep,7894
sweep,7774
sweep,7772
sweep,821
mark,1045258
sweep,4656
sweep,4274
sweep,4270
sweep,4081
sweep,3548
sweep,4356
sweep,3662
sweep,3073
sweep,3177
sweep,3417
sweep,3151
sweep,3040
sweep,2773
sweep,2800
sweep,2759
sweep,2767
sweep,3521
sweep,2961
sweep,3138
sweep,3567
sweep,2515
sweep,2582
sweep,3778
sweep,2421
sweep,3277
sweep,1953
sweep,3654
sweep,3881
sweep,4233
sweep,3557
sweep,3252
sweep,3080
sweep,2896
sweep,3211
sweep,2790
sweep,3197
sweep,3048
sweep,3029
sweep,2584
sweep,2664
sweep,3938
sweep,2994
sweep,2823
sweep,2911
sweep,2919
sweep,3387
sweep,3123
sweep,2783
sweep,2521
sweep,5913
sweep,8936
sweep,8983
sweep,8778
sweep,7866
sweep,6075
sweep,7156
sweep,4650
sweep,4519
sweep,4372
sweep,5754
sweep,5620
sweep,6694
sweep,226
mark,1046939
sweep,4755
sweep,14002
sweep,3910
sweep,4228
sweep,3800
sweep,4029
sweep,3549
sweep,3120
sweep,2815
sweep,3115
sweep,3021
sweep,2780
sweep,2791
sweep,3014
sweep,2517
sweep,2696
sweep,3425
sweep,2917
sweep,2899
sweep,3411
sweep,2391
sweep,2495
sweep,3740
sweep,2471
sweep,3730
sweep,1910
sweep,3668
sweep,3971
sweep,4177
sweep,3260
sweep,3320
sweep,3100
sweep,2952
sweep,3073
sweep,2818
sweep,3208
sweep,3036
sweep,3224
sweep,2819
sweep,2594
sweep,3630
sweep,2687
sweep,2854
sweep,2888
sweep,2835
sweep,3770
sweep,2607
sweep,2495
sweep,2510
sweep,3830
sweep,3788
sweep,4288
sweep,4150
sweep,6095
sweep,7700
sweep,5904
sweep,8701
sweep,8319
sweep,8588
sweep,8244
sweep,7331
sweep,7524
sweep,841
mark,1032762
sweep,4895
sweep,3788
sweep,4257
sweep,4067
sweep,3898
sweep,4336
sweep,3710
sweep,3218
sweep,2858
sweep,3434
sweep,3051
sweep,2776
sweep,2800
sweep,3319
sweep,2590
sweep,2648
sweep,3279
sweep,3009
sweep,3196
sweep,3465
sweep,2485
sweep,2416
sweep,3684
sweep,2500
sweep,3528
sweep,1878
sweep,3605
sweep,3803
sweep,4671
sweep,3536
sweep,3126
sweep,2962
sweep,2866
sweep,3689
sweep,3155
sweep,3445
sweep,2715
sweep,3015
sweep,2570
sweep,2718
sweep,3773
sweep,2960
sweep,2936
sweep,2979
sweep,2799
sweep,3444
sweep,2821
sweep,2526
sweep,2733
sweep,5661
sweep,8765
sweep,8555
sweep,8770
sweep,7656
sweep,6086
sweep,6816
sweep,4008
sweep,4234
sweep,4533
sweep,5606
sweep,5583
sweep,5796
sweep,223
mark,1026958
sweep,4616
sweep,3784
sweep,4044
sweep,3990
sweep,3654
sweep,4167
sweep,3589
sweep,3430
sweep,2882
sweep,3217
sweep,3407
sweep,2785
sweep,2834
sweep,2782
sweep,2622
sweep,2596
sweep,3446
sweep,3174
sweep,3146
sweep,3433
sweep,2384
sweep,2592
sweep,3845
sweep,2427
sweep,3091
sweep,2342
sweep,3629
sweep,3588
sweep,4326
sweep,3314
sweep,3517
sweep,2811
sweep,2815
sweep,3048
sweep,2807
sweep,3337
sweep,3044
sweep,3285
sweep,2587
sweep,2632
sweep,3616
sweep,2698
sweep,2980
sweep,2959
sweep,2796
sweep,3801
sweep,2917
sweep,2607
sweep,2614
sweep,3486
sweep,4080
sweep,4372
sweep,4241
sweep,5794
sweep,7560
sweep,6073
sweep,9230
sweep,8462
sweep,8252
sweep,8236
sweep,7332
sweep,7602
sweep,832
mark,1028399
sweep,4783
sweep,4066
sweep,4243
sweep,4194
sweep,3789
sweep,4025
sweep,3517
sweep,3116
sweep,2842
sweep,3322
sweep,3276
sweep,2716
sweep,2880
sweep,3334
sweep,2666
sweep,2719
sweep,3316
sweep,3055
sweep,3705
sweep,3847
sweep,2377
sweep,2458
sweep,4089
sweep,2364
sweep,3024
sweep,2062
sweep,3674
sweep,3928
sweep,4177
sweep,3931
sweep,2990
sweep,3552
sweep,2833
sweep,3075
sweep,2774
sweep,3184
sweep,3032
sweep,3028
sweep,2403
sweep,2746
sweep,3991
sweep,2743
sweep,2692
sweep,2969
sweep,2975
sweep,3649
sweep,2716
sweep,2761
sweep,2636
sweep,5525
sweep,8620
sweep,8784
sweep,8720
sweep,7771
sweep,6281
sweep,7053
sweep,4044
sweep,4527
sweep,4855
sweep,6199
sweep,5823
sweep,6536
sweep,216
mark,1029557
sweep,4930
sweep,4033
sweep,3914
sweep,4453
sweep,3561
sweep,4084
sweep,3540
sweep,3117
sweep,2895
sweep,3101
sweep,3183
sweep,3064
sweep,2877
sweep,2787
sweep,2513
sweep,2683
sweep,3200
sweep,2959
sweep,3114
sweep,3449
sweep,2346
sweep,2407
sweep,3924
sweep,2281
sweep,3051
sweep,1901
sweep,3391
sweep,3684
sweep,4382
sweep,3327
sweep,3423
sweep,3408
sweep,2979
sweep,3165
sweep,2796
sweep,3202
sweep,2751
sweep,3163
sweep,2664
sweep,3034
sweep,3769
sweep,2645
sweep,2719
sweep,3115
sweep,3126
sweep,3633
sweep,3008
sweep,2683
sweep,2755
sweep,3479
sweep,4246
sweep,3996
sweep,4270
sweep,5781
sweep,8044
sweep,6309
sweep,8532
sweep,8475
sweep,8416
sweep,8401
sweep,7438
sweep,7658
sweep,884
mark,1035379
sweep,4765
sweep,4194
sweep,4087
sweep,4049
sweep,3591
sweep,4294
sweep,3632
sweep,3472
sweep,2779
sweep,3180
sweep,3269
sweep,2761
sweep,3104
sweep,2798
sweep,2622
sweep,2673
sweep,3404
sweep,3202
sweep,3041
sweep,3388
sweep,2435
sweep,2370
sweep,3826
sweep,2417
sweep,3267
sweep,1910
sweep,3571
sweep,3949
sweep,4197
sweep,3710
sweep,2993
sweep,2970
sweep,2828
sweep,3112
sweep,3049
sweep,3456
sweep,2949
sweep,3283
sweep,2626
sweep,2670
sweep,3780
sweep,2896
sweep,2703
sweep,3064
sweep,3228
sweep,3392
sweep,2598
sweep,2800
sweep,2733
sweep,5341
sweep,8627
sweep,8567
sweep,8414
sweep,7952
sweep,6224
sweep,7396
sweep,3977
sweep,4421
sweep,4435
sweep,5803
sweep,6364
sweep,5770
sweep,221
mark,1034354
sweep,4942
sweep,3983
sweep,4512
sweep,4336
sweep,3747
sweep,4291
sweep,3502
sweep,3371
sweep,2725
sweep,3391
sweep,3033
sweep,2754
sweep,2667
sweep,3062
sweep,3072
sweep,3062
sweep,3338
sweep,3193
sweep,3005
sweep,3489
sweep,2418
sweep,2526
sweep,3711
sweep,2557
sweep,3102
sweep,1855
sweep,3423
sweep,3872
sweep,4207
sweep,3422
sweep,3092
sweep,3063
sweep,3182
sweep,3021
sweep,2868
sweep,3352
sweep,2826
sweep,2959
sweep,2537
sweep,2742
sweep,3903
sweep,3156
sweep,2960
sweep,3256
sweep,3267
sweep,4137
sweep,3106
sweep,2545
sweep,2526
sweep,3382
sweep,3976
sweep,4093
sweep,4622
sweep,6135
sweep,7612
sweep,5878
sweep,9175
sweep,7941
sweep,8156
sweep,8275
sweep,7424
sweep,7655
sweep,838
mark,1028145
sweep,4905
sweep,3953
sweep,3868
sweep,4112
sweep,3403
sweep,4303
sweep,3655
sweep,3074
sweep,3250
sweep,3217
sweep,2996
sweep,2994
sweep,2931
sweep,3019
sweep,2641
sweep,2904
sweep,3234
sweep,3198
sweep,3086
sweep,4016
sweep,2386
sweep,2448
sweep,3763
sweep,2637
sweep,3233
sweep,1985
sweep,3380
sweep,3939
sweep,4268
sweep,3405
sweep,3030
sweep,3038
sweep,2854
sweep,2991
sweep,2921
sweep,3145
sweep,2867
sweep,3032
sweep,2428
sweep,2855
sweep,3967
sweep,2869
sweep,2867
sweep,2946
sweep,2903
sweep,3959
sweep,2823
sweep,2458
sweep,2479
sweep,5915
sweep,8841
sweep,8642
sweep,8355
sweep,7773
sweep,5813
sweep,7062
sweep,3893
sweep,4363
sweep,4460
sweep,6222
sweep,5849
sweep,5909
sweep,251
mark,1030338
sweep,4959
sweep,3969
sweep,4410
sweep,4492
sweep,3567
sweep,4181
sweep,3829
sweep,3455
sweep,2972
sweep,3169
sweep,3228
sweep,2833
sweep,2696
sweep,2837
sweep,3068
sweep,2725
sweep,3263
sweep,3231
sweep,3141
sweep,3383
sweep,2314
sweep,2522
sweep,4445
sweep,2389
sweep,3467
sweep,1993
sweep,3549
sweep,3779
sweep,4629
sweep,3464
sweep,3268
sweep,2904
sweep,3438
sweep,3380
sweep,3041
sweep,3195
sweep,2867
sweep,3453
sweep,2457
sweep,3037
sweep,3722
sweep,2861
sweep,2725
sweep,2932
sweep,2929
sweep,3482
sweep,2669
sweep,2528
sweep,2547
sweep,3398
sweep,4090
sweep,3897
sweep,4206
sweep,6016
sweep,7770
sweep,6335
sweep,8518
sweep,8530
sweep,8486
sweep,7286
sweep,7724
sweep,6982
sweep,821
mark,1029964
sweep,4928
sweep,4180
sweep,4137
sweep,4184
sweep,3884
sweep,4350
sweep,3574
sweep,3095
sweep,3292
sweep,3472
sweep,3275
sweep,2903
sweep,2919
sweep,2783
sweep,2858
sweep,2989
sweep,3279
sweep,3159
sweep,3201
sweep,3824
sweep,2637
sweep,2580
sweep,4122
sweep,2471
sweep,3545
sweep,2247
sweep,3439
sweep,3877
sweep,4385
sweep,3365
sweep,3052
sweep,3092
sweep,2865
sweep,3288
sweep,2695
sweep,3155
sweep,3008
sweep,3063
sweep,2454
sweep,2819
sweep,3967
sweep,2562
sweep,2713
sweep,2985
sweep,2839
sweep,3491
sweep,2972
sweep,2474
sweep,2474
sweep,5692
sweep,8552
sweep,9020
sweep,8460
sweep,7883
sweep,6175
sweep,7495
sweep,4090
sweep,4328
sweep,4801
sweep,6121
sweep,5966
sweep,5765
sweep,224
mark,1026723
sweep,4987
sweep,3919
sweep,4245
sweep,4381
sweep,3632
sweep,4091
sweep,3747
sweep,3289
sweep,2965
sweep,3398
sweep,3199
sweep,3037
sweep,2725
sweep,3209
sweep,2634
sweep,2705
sweep,3217
sweep,3244
sweep,2940
sweep,3622
sweep,2280
sweep,2495
sweep,3940
sweep,3024
sweep,3103
sweep,1948
sweep,3364
sweep,3935
sweep,4373
sweep,3400
sweep,3065
sweep,3073
sweep,2951
sweep,3210
sweep,2796
sweep,3367
sweep,3032
sweep,2938
sweep,2757
sweep,2677
sweep,3754
sweep,2618
sweep,3039
sweep,3389
sweep,2902
sweep,3478
sweep,2710
sweep,2485
sweep,2776
sweep,3482
sweep,4325
sweep,4229
sweep,4402
sweep,5544
sweep,7712
sweep,5865
sweep,9293
sweep,8067
sweep,8119
sweep,8022
sweep,7277
sweep,7410
sweep,828
mark,1029525
sweep,4796
sweep,3802
sweep,4304
sweep,4262
sweep,3761
sweep,4124
sweep,3995
sweep,3328
sweep,3072
sweep,3263
sweep,3398
sweep,3053
sweep,2823
sweep,2885
sweep,2952
sweep,2982
sweep,3185
sweep,2984
sweep,3130
sweep,3415
sweep,2448
sweep,2394
sweep,3860
sweep,2417
sweep,3483
sweep,2034
sweep,3494
sweep,3542
sweep,4539
sweep,3863
sweep,3241
sweep,3010
sweep,2918
sweep,3403
sweep,2738
sweep,3072
sweep,2837
sweep,3062
sweep,2568
sweep,2911
sweep,4020
sweep,2746
sweep,2804
sweep,2826
sweep,2917
sweep,3468
sweep,2868
sweep,2697
sweep,2552
sweep,5806
sweep,8976
sweep,8434
sweep,8358
sweep,8019
sweep,5547
sweep,7506
sweep,3945
sweep,4591
sweep,4772
sweep,6093
sweep,5410
sweep,5842
sweep,226
mark,1029537
sweep,5030
sweep,3785
sweep,4170
sweep,4195
sweep,3711
sweep,4056
sweep,3669
sweep,3148
sweep,3173
sweep,3242
sweep,3079
sweep,2719
sweep,3141
sweep,2727
sweep,2592
sweep,3046
sweep,3293
sweep,2897
sweep,2940
sweep,3799
sweep,2294
sweep,2521
sweep,3681
sweep,2314
sweep,3184
sweep,1994
sweep,3381
sweep,3902
sweep,4245
sweep,3288
sweep,3063
sweep,3015
sweep,3175
sweep,2975
sweep,2721
sweep,3027
sweep,2798
sweep,3027
sweep,2558
sweep,2774
sweep,3985
sweep,2616
sweep,2697
sweep,3173
sweep,2922
sweep,3856
sweep,2712
sweep,2516
sweep,2583
sweep,3505
sweep,4332
sweep,4341
sweep,4862
sweep,6330
sweep,7490
sweep,5921
sweep,8499
sweep,8273
sweep,8323
sweep,8314
sweep,7373
sweep,7377
sweep,829
mark,1034311
sweep,5142
sweep,3911
sweep,3905
sweep,4288
sweep,3678
sweep,3961
sweep,3943
sweep,3379
sweep,3020
sweep,3455
sweep,2951
sweep,2682
sweep,2670
sweep,3151
sweep,2871
sweep,2672
sweep,3730
sweep,2930
sweep,3056
sweep,3306
sweep,2473
sweep,2699
sweep,3746
sweep,2626
sweep,3225
sweep,2094
sweep,3531
sweep,3737
sweep,4524
sweep,3469
sweep,3026
sweep,2980
sweep,2982
sweep,3306
sweep,2771
sweep,3051
sweep,2803
sweep,3378
sweep,2443
sweep,3320
sweep,3732
sweep,2664
sweep,2751
sweep,3237
sweep,2948
sweep,3525
sweep,2798
sweep,2594
sweep,2732
sweep,5478
sweep,8949
sweep,8479
sweep,8654
sweep,8101
sweep,6112
sweep,7251
sweep,4040
sweep,4621
sweep,4630
sweep,5733
sweep,5674
sweep,5986
sweep,233
mark,1030177
sweep,4841
sweep,3965
sweep,3874
sweep,4530
sweep,3423
sweep,4250
sweep,3498
sweep,3039
sweep,2836
sweep,3163
sweep,3052
sweep,2747
sweep,2721
sweep,2779
sweep,2667
sweep,2655
sweep,3171
sweep,3147
sweep,3019
sweep,3546
sweep,2340
sweep,2806
sweep,3902
sweep,2691
sweep,3045
sweep,2076
sweep,3407
sweep,3862
sweep,4307
sweep,3513
sweep,3107
sweep,2951
sweep,3382
sweep,3030
sweep,2865
sweep,3298
sweep,2705
sweep,3221
sweep,2837
sweep,2782
sweep,3856
sweep,3176
sweep,3044
sweep,2900
sweep,2802
sweep,3462
sweep,3058
sweep,2448
sweep,2498
sweep,3661
sweep,3998
sweep,4114
sweep,4142
sweep,6303
sweep,8495
sweep,6270
sweep,8818
sweep,8230
sweep,8481
sweep,8302
sweep,7547
sweep,7508
sweep,830
mark,1035271
sweep,4798
sweep,3877
sweep,3914
sweep,4184
sweep,3974
sweep,4049
sweep,3692
sweep,3372
sweep,2938
sweep,3705
sweep,3064
sweep,3093
sweep,2689
sweep,2896
sweep,2919
sweep,2775
sweep,3190
sweep,2930
sweep,2984
sweep,3682
sweep,2289
sweep,2462
sweep,3926
sweep,2543
sweep,3205
sweep,1874
sweep,3633
sweep,3737
sweep,4465
sweep,3454
sweep,2999
sweep,3273
sweep,3062
sweep,3006
sweep,2870
sweep,3197
sweep,2668
sweep,2996
sweep,2669
sweep,2905
sweep,3730
sweep,2677
sweep,2925
sweep,2860
sweep,3416
sweep,3394
sweep,2688
sweep,2688
sweep,2713
sweep,5590
sweep,8659
sweep,8536
sweep,8336
sweep,7719
sweep,5773
sweep,7385
sweep,4032
sweep,4220
sweep,4651
sweep,6117
sweep,5492
sweep,5986
sweep,277
mark,1040925
sweep,4816
sweep,4114
sweep,4434
sweep,4169
sweep,3539
sweep,3997
sweep,4045
sweep,3222
sweep,3059
sweep,3182
sweep,3194
sweep,2925
sweep,2787
sweep,2825
sweep,2782
sweep,2914
sweep,3307
sweep,2915
sweep,3209
sweep,3806
sweep,2562
sweep,2511
sweep,3711
sweep,2388
sweep,3531
sweep,2046
sweep,3216
sweep,3681
sweep,4509
sweep,3521
sweep,3093
sweep,2964
sweep,3516
sweep,3199
sweep,3041
sweep,3199
sweep,2800
sweep,3146
sweep,2600
sweep,2697
sweep,4054
sweep,2553
sweep,2917
sweep,3184
sweep,3324
sweep,3744
sweep,2793
sweep,2437
sweep,2504
sweep,3611
sweep,3951
sweep,4127
sweep,4447
sweep,5888
sweep,7729
sweep,6034
sweep,8669
sweep,8545
sweep,8304
sweep,8047
sweep,7597
sweep,7648
sweep,840
mark,1044862
sweep,4647
sweep,3852
sweep,4064
sweep,4172
sweep,3562
sweep,4488
sweep,3620
sweep,3196
sweep,3084
sweep,3189
sweep,3043
sweep,2800
sweep,2673
sweep,3025
sweep,2737
sweep,2686
sweep,3529
sweep,3138
sweep,3100
sweep,4067
sweep,2283
sweep,2473
sweep,3863
sweep,2406
sweep,3169
sweep,2222
sweep,3444
sweep,3804
sweep,4494
sweep,3463
sweep,3012
sweep,2948
sweep,3277
sweep,2991
sweep,2709
sweep,3078
sweep,3079
sweep,3155
sweep,2457
sweep,2760
sweep,3598
sweep,2571
sweep,2741
sweep,2925
sweep,2739
sweep,3376
sweep,2712
sweep,2508
sweep,2486
sweep,5422
sweep,9089
sweep,8611
sweep,8556
sweep,7892
sweep,5619
sweep,6947
sweep,4017
sweep,4469
sweep,4637
sweep,5826
sweep,6007
sweep,5969
sweep,221
mark,1027794
sweep,5082
sweep,4307
sweep,4025
sweep,4535
sweep,3580
sweep,4275
sweep,3734
sweep,3266
sweep,2728
sweep,3168
sweep,3419
sweep,3015
sweep,2704
sweep,2951
sweep,3055
sweep,3073
sweep,3514
sweep,3132
sweep,3219
sweep,3232
sweep,2332
sweep,2437
sweep,3690
sweep,2409
sweep,3152
sweep,2208
sweep,3405
sweep,3576
sweep,4594
sweep,3384
sweep,3085
sweep,2998
sweep,2948
sweep,2911
sweep,2756
sweep,3155
sweep,2771
sweep,3104
sweep,2585
sweep,2650
sweep,3928
sweep,2596
sweep,2989
sweep,3307
sweep,2798
sweep,3771
sweep,3065
sweep,2588
sweep,2705
sweep,3808
sweep,4018
sweep,4112
sweep,4075
sweep,6118
sweep,8532
sweep,6469
sweep,8545
sweep,8480
sweep,8515
sweep,8357
sweep,7521
sweep,7541
sweep,823
mark,1068139
sweep,4937
sweep,3966
sweep,3992
sweep,4225
sweep,3870
sweep,4302
sweep,3890
sweep,3157
sweep,3159
sweep,3118
sweep,3294
sweep,3056
sweep,2895
sweep,2897
sweep,2606
sweep,2987
sweep,3312
sweep,3168
sweep,2925
sweep,3957
sweep,2545
sweep,2425
sweep,4052
sweep,2366
sweep,3384
sweep,1964
sweep,3349
sweep,3893
sweep,4376
sweep,3749
sweep,3045
sweep,3328
sweep,2943
sweep,2931
sweep,2808
sweep,3158
sweep,2832
sweep,3115
sweep,2746
sweep,2711
sweep,3675
sweep,11213
sweep,3318
sweep,3248
sweep,2925
sweep,3921
sweep,2808
sweep,2432
sweep,2727
sweep,5605
sweep,9156
sweep,8446
sweep,8239
sweep,8138
sweep,6180
sweep,7358
sweep,3992
sweep,4339
sweep,4809
sweep,6215
sweep,5583
sweep,5732
sweep,227
mark,1030453
sweep,4866
sweep,4284
sweep,4602
sweep,4245
sweep,3911
sweep,4511
sweep,3867
sweep,3139
sweep,2849
sweep,3327
sweep,3034
sweep,2900
sweep,2773
sweep,2990
sweep,2603
sweep,2917
sweep,3290
sweep,2969
sweep,3067
sweep,3311
sweep,2477
sweep,2457
sweep,3731
sweep,2474
sweep,3217
sweep,2113
sweep,3412
sweep,3741
sweep,4091
sweep,3318
sweep,3245
sweep,3028
sweep,2931
sweep,3138
sweep,2821
sweep,3479
sweep,3393
sweep,3150
sweep,2506
sweep,2815
sweep,3674
sweep,2902
sweep,2685
sweep,3033
sweep,3066
sweep,3535
sweep,2629
sweep,2534
sweep,2430
sweep,4042
sweep,3797
sweep,4175
sweep,4144
sweep,6168
sweep,8104
sweep,6431
sweep,9212
sweep,8083
sweep,8894
sweep,7451
sweep,7683
sweep,7084
sweep,838
mark,1031088
sweep,4870
sweep,3913
sweep,4077
sweep,4100
sweep,3857
sweep,4258
sweep,3778
sweep,3626
sweep,3174
sweep,3463
sweep,3228
sweep,2991
sweep,2991
sweep,2854
sweep,2881
sweep,2842
sweep,3569
sweep,3166
sweep,2989
sweep,3745
sweep,2371
sweep,2376
sweep,3821
sweep,2301
sweep,3658
sweep,1921
sweep,3540
sweep,3658
sweep,4280
sweep,3400
sweep,3346
sweep,3486
sweep,6284
sweep,3038
sweep,2857
sweep,3111
sweep,3027
sweep,3181
sweep,2451
sweep,3018
sweep,3845
sweep,2585
sweep,2954
sweep,3031
sweep,2777
sweep,3460
sweep,2728
sweep,2791
sweep,2537
sweep,5491
sweep,8842
sweep,8635
sweep,8657
sweep,8055
sweep,6510
sweep,7281
sweep,4186
sweep,4168
sweep,4304
sweep,5935
sweep,6057
sweep,6028
sweep,470
mark,1031816
sweep,4919
sweep,3864
sweep,4112
sweep,4220
sweep,3388
sweep,4070
sweep,4262
sweep,3054
sweep,3113
sweep,3346
sweep,3547
sweep,2747
sweep,2601
sweep,3267
sweep,2638
sweep,2744
sweep,3470
sweep,2892
sweep,3157
sweep,3669
sweep,2216
sweep,2471
sweep,3707
sweep,2397
sweep,3010
sweep,2025
sweep,3412
sweep,3914
sweep,4219
sweep,3591
sweep,3156
sweep,3018
sweep,2877
sweep,3043
sweep,2969
sweep,3471
sweep,2865
sweep,3172
sweep,2600
sweep,2830
sweep,3833
sweep,2638
sweep,2653
sweep,3368
sweep,3065
sweep,3870
sweep,2772
sweep,2435
sweep,2454
sweep,3499
sweep,3815
sweep,4221
sweep,4220
sweep,5989
sweep,7852
sweep,6118
sweep,8877
sweep,8650
sweep,8563
sweep,8162
sweep,7333
sweep,7167
sweep,838
mark,1038202
sweep,4568
sweep,4249
sweep,4065
sweep,3997
sweep,3910
sweep,4634
sweep,3604
sweep,3176
sweep,3063
sweep,3511
sweep,3139
sweep,3037
sweep,2923
sweep,2848
sweep,2944
sweep,2672
sweep,3561
sweep,2861
sweep,3155
sweep,3452
sweep,2300
sweep,2406
sweep,3789
sweep,2276
sweep,3370
sweep,1928
sweep,3529
sweep,3628
sweep,4308
sweep,3430
sweep,3071
sweep,2987
sweep,2779
sweep,3069
sweep,3387
sweep,3214
sweep,2813
sweep,3343
sweep,2520
sweep,2652
sweep,3853
sweep,2802
sweep,2652
sweep,2969
sweep,2913
sweep,3431
sweep,2981
sweep,2621
sweep,2409
sweep,5401
sweep,8689
sweep,9087
sweep,8681
sweep,7857
sweep,5602
sweep,7120
sweep,3972
sweep,4597
sweep,4483
sweep,6169
sweep,5862
sweep,5907
sweep,224
mark,1035265
sweep,4602
sweep,4103
sweep,4044
sweep,4391
sweep,3761
sweep,4251
sweep,3612
sweep,3207
sweep,2817
sweep,3195
sweep,3107
sweep,2745
sweep,2901
sweep,2705
sweep,2586
sweep,3180
sweep,3399
sweep,3477
sweep,2985
sweep,3496
sweep,2359
sweep,2772
sweep,3639
sweep,2502
sweep,3091
sweep,1945
sweep,3344
sweep,3904
sweep,4316
sweep,3547
sweep,3070
sweep,3298
sweep,2999
sweep,3152
sweep,2900
sweep,3215
sweep,2751
sweep,3107
sweep,2818
sweep,2649
sweep,3780
sweep,2837
sweep,2744
sweep,2945
sweep,2831
sweep,3606
sweep,2635
sweep,2679
sweep,2539
sweep,3483
sweep,4178
sweep,3974
sweep,4212
sweep,6254
sweep,7897
sweep,5946
sweep,8755
sweep,8063
sweep,8378
sweep,7470
sweep,7177
sweep,7143
sweep,784
mark,1037049
sweep,4638
sweep,3937
sweep,4078
sweep,4316
sweep,3977
sweep,4045
sweep,3735
sweep,3201
sweep,2893
sweep,3311
sweep,3241
sweep,2760
sweep,2862
sweep,3057
sweep,2665
sweep,2727
sweep,3299
sweep,2956
sweep,3263
sweep,3546
sweep,2315
sweep,2887
sweep,3698
sweep,2941
sweep,3069
sweep,1858
sweep,3866
sweep,3871
sweep,4175
sweep,3349
sweep,3112
sweep,3203
sweep,3198
sweep,3075
sweep,2896
sweep,3146
sweep,2876
sweep,3085
sweep,2529
sweep,2784
sweep,3702
sweep,2904
sweep,3268
sweep,2907
sweep,3050
sweep,3426
sweep,2826
sweep,2546
sweep,2677
sweep,5477
sweep,9022
sweep,8999
sweep,8632
sweep,8481
sweep,6561
sweep,7091
sweep,3997
sweep,4346
sweep,5099
sweep,6139
sweep,5844
sweep,5837
sweep,238
mark,1034281
sweep,5302
sweep,4022
sweep,4396
sweep,4451
sweep,3690
sweep,4128
sweep,3529
sweep,3095
sweep,2746
sweep,3004
sweep,3062
sweep,2796
sweep,2700
sweep,3239
sweep,2642
sweep,2646
sweep,3238
sweep,3176
sweep,3207
sweep,3387
sweep,2558
sweep,2547
sweep,3748
sweep,2411
sweep,3058
sweep,1903
sweep,3596
sweep,3886
sweep,4521
sweep,3759
sweep,3714
sweep,3147
sweep,2895
sweep,3050
sweep,3248
sweep,3237
sweep,2756
sweep,3230
sweep,2506
sweep,2736
sweep,3662
sweep,2718
sweep,2768
sweep,2841
sweep,2836
sweep,3363
sweep,2631
sweep,2800
sweep,2441
sweep,3480
sweep,4009
sweep,4125
sweep,4451
sweep,5829
sweep,8135
sweep,6427
sweep,8471
sweep,8034
sweep,8724
sweep,7527
sweep,7550
sweep,7137
sweep,832
mark,1034715
sweep,4907
sweep,3729
sweep,4056
sweep,4336
sweep,3684
sweep,4247
sweep,3606
sweep,3204
sweep,3046
sweep,3296
sweep,3231
sweep,2867
sweep,2893
sweep,2857
sweep,2848
sweep,2919
sweep,3529
sweep,2958
sweep,2948
sweep,3307
sweep,2460
sweep,2347
sweep,3792
sweep,2544
sweep,3677
sweep,1947
sweep,3593
sweep,3821
sweep,4149
sweep,3621
sweep,3206
sweep,3357
sweep,2911
sweep,3508
sweep,3136
sweep,3250
sweep,3265
sweep,3158
sweep,2773
sweep,2983
sweep,3938
sweep,2934
sweep,2643
sweep,3057
sweep,2757
sweep,3381
sweep,2553
sweep,2403
sweep,2873
sweep,5272
sweep,8595
sweep,8299
sweep,8580
sweep,7620
sweep,6022
sweep,6902
sweep,4178
sweep,4589
sweep,4612
sweep,6292
sweep,5871
sweep,6296
sweep,222
mark,1027598
sweep,4662
sweep,3698
sweep,4421
sweep,3910
sweep,3674
sweep,4077
sweep,3700
sweep,3304
sweep,2775
sweep,3148
sweep,3390
sweep,2768
sweep,2664
sweep,2783
sweep,2628
sweep,2781
sweep,3459
sweep,2945
sweep,3118
sweep,3396
sweep,2348
sweep,2457
sweep,3992
sweep,2445
sweep,3384
sweep,1905
sweep,3326
sweep,3684
sweep,4356
sweep,3490
sweep,3261
sweep,2985
sweep,3077
sweep,3017
sweep,2930
sweep,3324
sweep,2816
sweep,3307
sweep,2797
sweep,2699
sweep,3665
sweep,2756
sweep,2951
sweep,2923
sweep,3098
sweep,3652
sweep,2664
sweep,2570
sweep,2450
sweep,3623
sweep,4094
sweep,4069
sweep,4207
sweep,6047
sweep,7865
sweep,6262
sweep,8347
sweep,8438
sweep,8522
sweep,7409
sweep,6971
sweep,7216
sweep,828
mark,1040502
sweep,5035
sweep,4234
sweep,4027
sweep,4130
sweep,3718
sweep,4230
sweep,4067
sweep,3229
sweep,3140
sweep,3211
sweep,3024
sweep,2746
sweep,3135
sweep,3056
sweep,2818
sweep,2731
sweep,3517
sweep,2920
sweep,3284
sweep,3680
sweep,2329
sweep,2389
sweep,3870
sweep,2434
sweep,3210
sweep,2038
sweep,3475
sweep,3910
sweep,4602
sweep,3559
sweep,3026
sweep,2928
sweep,2911
sweep,3057
sweep,2785
sweep,3105
sweep,2734
sweep,3049
sweep,2517
sweep,2838
sweep,3955
sweep,2984
sweep,2758
sweep,2906
sweep,2892
sweep,3939
sweep,2763
sweep,2536
sweep,2687
sweep,5605
sweep,8805
sweep,8483
sweep,8183
sweep,8175
sweep,5693
sweep,6994
sweep,4156
sweep,4456
sweep,4864
sweep,6209
sweep,5734
sweep,6318
sweep,245
mark,1028669
sweep,4735
sweep,3884
sweep,4495
sweep,4148
sweep,3690
sweep,4133
sweep,3540
sweep,3300
sweep,2810
sweep,3252
sweep,3069
sweep,2739
sweep,2694
sweep,2698
sweep,2599
sweep,2754
sweep,3248
sweep,2901
sweep,3128
sweep,3609
sweep,2261
sweep,2436
sweep,3837
sweep,2276
sweep,3066
sweep,1924
sweep,3393
sweep,3785
sweep,4251
sweep,3370
sweep,3165
sweep,3194
sweep,3021
sweep,3056
sweep,2767
sweep,3262
sweep,2941
sweep,3007
sweep,2618
sweep,2680
sweep,3603
sweep,2860
sweep,2830
sweep,3331
sweep,3076
sweep,3451
sweep,2795
sweep,2501
sweep,2673
sweep,3435
sweep,4025
sweep,4076
sweep,4109
sweep,6125
sweep,7554
sweep,5960
sweep,8599
sweep,8182
sweep,8280
sweep,7422
sweep,7361
sweep,7008
sweep,833
mark,1036475
sweep,4637
sweep,3869
sweep,3928
sweep,4055
sweep,3827
sweep,4149
sweep,4034
sweep,3448
sweep,3080
sweep,3266
sweep,3157
sweep,2741
sweep,2868
sweep,3238
sweep,2838
sweep,2714
sweep,3535
sweep,3305
sweep,3183
sweep,3589
sweep,2547
sweep,2384
sweep,3763
sweep,2364
sweep,3141
sweep,2181
sweep,3663
sweep,3637
sweep,4200
sweep,3416
sweep,3155
sweep,3171
sweep,2805
sweep,3299
sweep,2985
sweep,3413
sweep,2778
sweep,3113
sweep,2455
sweep,2632
sweep,3819
sweep,2887
sweep,2831
sweep,2920
sweep,2846
sweep,3477
sweep,2870
sweep,2536
sweep,2573
sweep,5278
sweep,8852
sweep,8470
sweep,8573
sweep,7872
sweep,6193
sweep,7079
sweep,4317
sweep,4516
sweep,4861
sweep,6133
sweep,6052
sweep,5784
sweep,223
mark,1030584
sweep,4519
sweep,3978
sweep,4453
sweep,4065
sweep,3597
sweep,4153
sweep,3860
sweep,3588
sweep,3122
sweep,3120
sweep,3228
sweep,3098
sweep,2752
sweep,3040
sweep,2716
sweep,2692
sweep,3204
sweep,3175
sweep,3030
sweep,3372
sweep,2344
sweep,2781
sweep,4118
sweep,2423
sweep,3772
sweep,1897
sweep,3603
sweep,3848
sweep,4116
sweep,3634
sweep,3232
sweep,3075
sweep,3196
sweep,3391
sweep,3033
sweep,3609
sweep,2875
sweep,3017
sweep,2475
sweep,2657
sweep,3746
sweep,2809
sweep,2882
sweep,3342
sweep,2751
sweep,3493
sweep,2984
sweep,2555
sweep,2660
sweep,3500
sweep,4007
sweep,4188
sweep,4298
sweep,5779
sweep,8012
sweep,6869
sweep,8380
sweep,8599
sweep,8429
sweep,8275
sweep,7402
sweep,7563
sweep,840
mark,1028190
sweep,4901
sweep,4249
sweep,4396
sweep,4479
sweep,3828
sweep,4474
sweep,3646
sweep,3203
sweep,2869
sweep,3378
sweep,2985
sweep,3210
sweep,3071
sweep,3043
sweep,2867
sweep,2678
sweep,3309
sweep,2890
sweep,2935
sweep,3450
sweep,2411
sweep,2395
sweep,3784
sweep,2598
sweep,3531
sweep,2010
sweep,3388
sweep,3947
sweep,4465
sweep,3315
sweep,3315
sweep,3694
sweep,3084
sweep,3145
sweep,2774
sweep,3168
sweep,2993
sweep,3265
sweep,2630
sweep,2737
sweep,3700
sweep,2796
sweep,2637
sweep,3095
sweep,2853
sweep,3502
sweep,2782
sweep,2522
sweep,2476
sweep,5700
sweep,8844
sweep,8417
sweep,8555
sweep,8301
sweep,6167
sweep,7474
sweep,4339
sweep,4193
sweep,5213
sweep,6273
sweep,5963
sweep,5695
sweep,240
mark,1026556
sweep,5435
sweep,4285
sweep,4460
sweep,4060
sweep,4035
sweep,4047
sweep,3520
sweep,3080
sweep,3019
sweep,3316
sweep,3318
sweep,3033
sweep,2871
sweep,2798
sweep,2859
sweep,2961
sweep,3214
sweep,2924
sweep,3062
sweep,3986
sweep,2352
sweep,2587
sweep,3764
sweep,2627
sweep,3057
sweep,2163
sweep,3546
sweep,3991
sweep,4507
sweep,3550
sweep,3221
sweep,3212
sweep,3425
sweep,3115
sweep,2775
sweep,3603
sweep,3043
sweep,2995
sweep,2922
sweep,2639
sweep,3764
sweep,2668
sweep,2607
sweep,3304
sweep,2835
sweep,3501
sweep,3099
sweep,2536
sweep,2598
sweep,3459
sweep,4527
sweep,4417
sweep,4232
sweep,6136
sweep,8711
sweep,6502
sweep,8837
sweep,7933
sweep,8756
sweep,7530
sweep,7592
sweep,7225
sweep,844
mark,1032203
sweep,4574
sweep,4092
sweep,4129
sweep,4012
sweep,3677
sweep,4001
sweep,4002
sweep,3369
sweep,3088
sweep,3415
sweep,3010
sweep,3290
sweep,3111
sweep,2908
sweep,2819
sweep,2645
sweep,6678
sweep,2920
sweep,3268
sweep,3346
sweep,2670
sweep,2647
sweep,3961
sweep,2768
sweep,3343
sweep,2196
sweep,3672
sweep,3795
sweep,4311
sweep,3569
sweep,3427
sweep,3103
sweep,2957
sweep,3324
sweep,2930
sweep,3197
sweep,2772
sweep,3104
sweep,2499
sweep,2698
sweep,3848
sweep,2664
sweep,2711
sweep,3034
sweep,3033
sweep,3463
sweep,3160
sweep,2514
sweep,2477
sweep,5363
sweep,9038
sweep,8967
sweep,8659
sweep,8072
sweep,6019
sweep,6918
sweep,4052
sweep,4277
sweep,4298
sweep,5617
sweep,5746
sweep,6379
sweep,224
mark,1079645
sweep,4861
sweep,4280
sweep,4259
sweep,4154
sweep,3678
sweep,4140
sweep,3686
sweep,3439
sweep,3047
sweep,3449
sweep,3428
sweep,2747
sweep,2823
sweep,3305
sweep,2902
sweep,2642
sweep,3382
sweep,2881
sweep,2909
sweep,3450
sweep,2444
sweep,2951
sweep,3779
sweep,2463
sweep,3068
sweep,1907
sweep,3340
sweep,3691
sweep,4380
sweep,3238
sweep,3176
sweep,3495
sweep,2901
sweep,2937
sweep,2739
sweep,3400
sweep,2779
sweep,3040
sweep,2666
sweep,2664
sweep,3624
sweep,3087
sweep,2687
sweep,3222
sweep,2888
sweep,3642
sweep,2776
sweep,2506
sweep,2704
sweep,3707
sweep,4009
sweep,4103
sweep,4102
sweep,6063
sweep,7906
sweep,5975
sweep,8739
sweep,8307
sweep,8738
sweep,8299
sweep,7482
sweep,7372
sweep,842
mark,1029356
sweep,4689
sweep,3914
sweep,4104
sweep,3918
sweep,3700
sweep,4266
sweep,3647
sweep,3063
sweep,2975
sweep,3337
sweep,2982
sweep,2788
sweep,2777
sweep,2764
sweep,2888
sweep,2783
sweep,3487
sweep,2932
sweep,3242
sweep,3575
sweep,2397
sweep,2628
sweep,3924
sweep,2333
sweep,3087
sweep,1961
sweep,3361
sweep,3780
sweep,4556
sweep,3870
sweep,3028
sweep,3204
sweep,3044
sweep,3057
sweep,2833
sweep,3344
sweep,2723
sweep,3136
sweep,2432
sweep,2638
sweep,3723
sweep,2744
sweep,2850
sweep,3198
sweep,3148
sweep,3709
sweep,2911
sweep,2579
sweep,2454
sweep,5618
sweep,9116
sweep,8919
sweep,8839
sweep,7998
sweep,5892
sweep,6982
sweep,3997
sweep,4355
sweep,5167
sweep,6228
sweep,5937
sweep,5929
sweep,236
mark,1023427
sweep,4698
sweep,3919
sweep,4025
sweep,4207
sweep,3568
sweep,4123
sweep,3499
sweep,3645
sweep,2930
sweep,2941
sweep,3380
sweep,2823
sweep,2668
sweep,3135
sweep,2882
sweep,2785
sweep,3447
sweep,2881
sweep,3304
sweep,3851
sweep,2332
sweep,2667
sweep,3832
sweep,2528
sweep,3089
sweep,2040
sweep,3461
sweep,3570
sweep,4382
sweep,3371
sweep,3362
sweep,3498
sweep,3181
sweep,3019
sweep,2784
sweep,3212
sweep,2802
sweep,3081
sweep,2500
sweep,2890
sweep,3846
sweep,2636
sweep,3023
sweep,2955
sweep,2953
sweep,3413
sweep,2776
sweep,2559
sweep,2517
sweep,3721
sweep,4245
sweep,4159
sweep,4192
sweep,6277
sweep,8028
sweep,5978
sweep,8717
sweep,8376
sweep,8757
sweep,8292
sweep,7437
sweep,7608
sweep,831
mark,1036319
sweep,4677
sweep,3967
sweep,3880
sweep,4172
sweep,3758
sweep,4354
sweep,3533
sweep,3129
sweep,2911
sweep,3199
sweep,2999
sweep,2682
sweep,2716
sweep,2814
sweep,2812
sweep,2794
sweep,3728
sweep,2960
sweep,3034
sweep,3297
sweep,2334
sweep,2731
sweep,4230
sweep,2311
sweep,3713
sweep,1969
sweep,3686
sweep,3664
sweep,4346
sweep,3882
sweep,3001
sweep,3646
sweep,2924
sweep,3062
sweep,2973
sweep,3381
sweep,2807
sweep,3710
sweep,2433
sweep,3137
sweep,3706
sweep,2675
sweep,3010
sweep,3170
sweep,2966
sweep,3406
sweep,2881
sweep,2477
sweep,2555
sweep,5745
sweep,8911
sweep,8592
sweep,8717
sweep,8179
sweep,6243
sweep,7322
sweep,4234
sweep,4396
sweep,4280
sweep,5908
sweep,5661
sweep,5874
sweep,221
mark,1024515
sweep,4703
sweep,3893
sweep,4396
sweep,4115
sweep,3533
sweep,4009
sweep,3702
sweep,3055
sweep,2862
sweep,3433
sweep,3418
sweep,2700
sweep,2976
sweep,2782
sweep,2564
sweep,2635
sweep,3207
sweep,3520
sweep,2916
sweep,3373
sweep,2426
sweep,2600
sweep,3830
sweep,2536
sweep,3105
sweep,1955
sweep,3379
sweep,3848
sweep,4411
sweep,3519
sweep,3095
sweep,2962
sweep,3207
sweep,3068
sweep,3122
sweep,3193
sweep,2857
sweep,3262
sweep,2701
sweep,2646
sweep,3721
sweep,2609
sweep,2809
sweep,2987
sweep,2916
sweep,3430
sweep,2774
sweep,2476
sweep,2820
sweep,3629
sweep,4114
sweep,4160
sweep,4049
sweep,6134
sweep,8606
sweep,6305
sweep,8607
sweep,8252
sweep,8411
sweep,7267
sweep,7629
sweep,7160
sweep,772
mark,1034715
sweep,4912
sweep,4152
sweep,4288
sweep,4364
sweep,3605
sweep,4236
sweep,3901
sweep,3114
sweep,2834
sweep,3417
sweep,3027
sweep,3029
sweep,2970
sweep,2899
sweep,2703
sweep,2737
sweep,3334
sweep,2946
sweep,3115
sweep,3382
sweep,2333
sweep,2837
sweep,4057
sweep,2441
sweep,3205
sweep,1903
sweep,3423
sweep,3623
sweep,4434
sweep,3691
sweep,3071
sweep,3636
sweep,3005
sweep,2970
sweep,2944
sweep,3203
sweep,2907
sweep,3336
sweep,2737
sweep,2650
sweep,3794
sweep,2758
sweep,2603
sweep,2984
sweep,3159
sweep,3872
sweep,2786
sweep,2522
sweep,2407
sweep,6187
sweep,8658
sweep,9049
sweep,8551
sweep,8377
sweep,6132
sweep,7916
sweep,4174
sweep,4498
sweep,5710
sweep,5829
sweep,6715
sweep,6152
sweep,226
mark,1084132
sweep,5182
sweep,3953
sweep,4311
sweep,4021
sweep,3724
sweep,4155
sweep,3613
sweep,3032
sweep,2770
sweep,3237
sweep,3283
sweep,2762
sweep,2695
sweep,2765
sweep,2549
sweep,2683
sweep,3308
sweep,3020
sweep,3007
sweep,3379
sweep,2531
sweep,2892
sweep,3767
sweep,2367
sweep,3049
sweep,1858
sweep,3497
sweep,3701
sweep,4470
sweep,3481
sweep,3243
sweep,3037
sweep,2908
sweep,2931
sweep,2825
sweep,3387
sweep,3019
sweep,3032
sweep,2864
sweep,2610
sweep,3773
sweep,3215
sweep,2726
sweep,3047
sweep,3145
sweep,3489
sweep,2717
sweep,2487
sweep,2802
sweep,3475
sweep,4450
sweep,4257
sweep,4254
