mark_time_ns,sweep_time_ns
696464,240368
732421,451281
935273,700240
992842,1310738
1003531,480166
966546,456242
968635,468055
959446,458446
957399,464486
937486,462841
943246,460021
944922,467980
942703,468066
936357,456582
944830,471017
936569,459074
937398,465615
930383,456845
945642,468922
938942,463894
991695,466298
992473,470595
989219,470269
979606,463984
972877,465543
981114,467588
963924,455757
1182927,749250
1375161,398990
2076969,437540
1106700,476531
984701,539466
964597,530779
957432,538703
953734,519202
955384,518903
1006540,511401
993744,516988
991672,511380
974401,501901
971955,492423
963393,493734
952804,501238
953795,500570
954035,509120
957074,487482
996237,509654
990685,506587
985567,506792
985348,494236
975520,524045
973850,494025
956666,502776
968076,495008
961764,504497
963318,493368
948493,508368
949055,496415
948127,512018
950012,492694
954783,508117
1006962,500909
1002999,508832
1004383,496055
1004723,504538
998488,494301
998496,512257
1009439,507942
1002146,505826
1005236,503800
1000524,500840
999201,487883
994446,507133
999448,492206
983870,499011
990984,494198
947139,506764
958810,492345
959413,502038
962813,493683
963055,507805
955344,490440
950481,518255
951069,492174
965012,507860
954048,495483
948675,509910
955325,490704
944906,509866
985112,489322
986498,502757
992934,490233
987352,502600
963502,493888
952582,504208
968457,495921
954438,504535
973794,498398
954542,506914
965514,499328
950905,505056
955253,502482
948303,508589
950741,493183
950467,509688
945946,494083
1005572,630786
827192,449414
711973,463490
936085,485341
979117,563382
957529,532311
968883,551805
964824,539811
952624,533447
993637,541556
1000333,538673
989348,538093
966674,521403
976983,530816
971968,509076
967124,511369
969207,514310
976957,512386
966931,518076
1243563,791673
780831,466456
1002764,490708
1013537,544100
1037246,571281
1014710,550028
1016812,563183
990065,542320
993976,551193
980448,547190
989806,542784
965150,539139
974338,535430
956862,524364
981028,524727
959177,529547
975197,515830
956828,532353
1005709,620502
903214,458666
737808,492896
986887,534176
981791,555480
973186,542297
958707,554432
964534,543186
955340,560482
997784,539338
1002176,561765
1245407,809138
858251,476988
958995,509103
959172,683005
891020,497760
951567,521482
980432,564293
975798,568471
985834,568921
965412,565240
963396,574273
993398,578684
1005765,566477
982426,570454
1007412,567538
999985,576257
1003435,568526
993846,574492
979433,554961
976556,570046
972914,548393
964134,559012
970441,548842
968652,553085
970874,540678
962365,551348
981347,544050
960996,548974
973826,540745
1005716,548573
1004238,541228
972846,549081
992874,538101
958894,545968
982397,545425
959741,543681
979808,534783
968222,538367
967526,533702
953570,549888
958880,536258
963282,539493
955022,537020
993605,536546
998169,527350
990098,548612
1230797,806279
800833,469478
949080,520513
969202,535166
1002107,664353
898004,495048
1101908,511720
940349,527714
983658,569324
967130,572172
978234,566816
972539,569372
969012,560403
957949,564687
953964,564179
955422,567144
947746,552825
955804,571859
998711,558062
967644,561848
979320,548787
970591,557725
981266,547928
953077,550460
965742,537142
1003585,566421
998052,541215
981606,551798
992020,540321
983402,555728
984587,547297
959390,558763
966729,539313
959438,542709
955768,541914
1000742,552953
992570,538441
1011973,559833
992459,545771
986437,548049
995443,538879
1016626,663483
889759,502008
741613,501525
996039,533696
992677,586005
1013855,588380
990727,588882
979377,576879
974469,582277
973125,590411
966558,582790
1015914,577346
995421,591585
992335,574375
1004275,579097
976283,577948
982317,579828
966414,569003
984501,572600
956202,570908
966083,570249
1005406,572396
999057,555031
982876,580100
988602,566055
971635,569788
983025,548076
970445,564226
979962,548922
974953,557751
977085,539445
973226,554242
961949,539999
969125,551269
957738,536631
963972,547276
967940,541878
965282,547464
973225,541225
956362,553099
962101,542888
1003842,557967
992961,534903
988332,551002
986462,541118
987424,548672
987891,541580
1030456,690264
1002513,509245
999458,520472
899688,503646
795967,517743
947418,571681
989421,588368
959589,582181
1000267,580979
996705,570955
989946,576135
994909,574195
997832,574003
979957,556409
977847,581303
966370,553495
969829,571956
958552,548548
966369,576078
961403,553366
961560,578431
958652,551551
956405,561035
949908,545623
962163,563574
954313,553066
996128,565684
993891,550568
991613,563034
993827,550640
993963,559525
987729,550044
973935,568791
978070,549863
962961,565743
965767,551305
963195,563743
963761,547734
959228,566025
966882,550834
1004118,566498
994482,552468
991819,560719
985217,551553
968299,564368
971362,549016
960641,555298
974837,551316
961135,562652
977615,546673
966699,560182
968173,544055
985957,557739
992137,542776
989191,564861
989194,553393
971190,560793
988190,562294
967814,560545
982752,546427
960644,560650
967107,563560
962733,552327
966514,545193
994588,556405
996348,556414
990376,552408
1038010,693103
940516,497895
1024081,530590
970928,563668
973962,585302
968001,575157
962375,572311
973459,569401
995753,576942
994605,565550
1002247,582665
996659,562133
972946,581768
977093,566504
984092,580070
975502,559932
971840,580723
972453,552661
973628,575391
975166,554172
962595,572573
971769,562184
953860,578998
996512,561598
984562,572827
989025,567536
970754,573434
973092,563015
966827,569884
959738,557340
964997,566462
961117,557994
1004028,573720
994250,566762
982816,575884
989993,557413
971674,573196
984778,557816
972705,572576
973965,559152
965300,565513
972495,553461
964345,564073
968852,550847
964556,565397
1002650,553450
984534,572697
984722,561790
966575,565837
979392,548884
966108,565551
980419,557602
964707,563242
978892,563933
962714,570831
981773,554440
1031734,704097
974872,520589
1141274,525662
994551,510982
813453,528306
956697,574879
981827,593036
968553,583817
985337,591900
1010516,576825
980001,585349
996794,571683
989661,581482
1095943,739099
972457,524534
1175345,537279
971185,573857
969060,585238
980734,595522
952912,584192
977134,592772
963337,578859
971133,583069
991168,599395
988041,585432
981463,589184
977251,576294
974476,594969
979945,577291
972408,593360
970360,582582
973952,596848
973930,576458
973725,599478
962264,569625
968101,596445
968101,573644
1001214,595458
995789,570253
988330,589712
995710,572877
980527,589044
984904,566262
979843,589602
981274,566855
977299,599348
982826,565355
969899,591552
978229,562868
969138,590077
972667,559616
959475,585416
963554,565315
956405,582896
981555,564400
980250,574274
979528,564383
1009917,690290
1027148,530498
1030039,528927
971081,599487
966395,589100
982983,588837
990829,589607
980770,583228
973202,559939
1005072,594971
974752,568380
991684,587744
980041,560635
970067,581653
1207824,838073
819002,504797
1083418,554417
959253,576538
974115,592992
975000,582207
954126,591682
959740,568354
960620,589836
953973,570252
958374,593342
1040920,743200
965201,521741
792476,545881
974531,538500
962084,603318
970129,587714
998942,603839
987538,580336
984052,611054
985054,582898
1007773,664117
1046807,545901
1055664,542593
988994,602319
981272,598765
974314,608065
980722,604972
965570,610964
968961,585028
962551,606995
968595,581901
1006495,609860
978956,593469
992106,612494
986892,582644
990406,610653
983773,578556
962962,605302
976984,579467
968784,611858
974079,571833
961611,605953
994667,577466
978623,608101
983762,578208
961364,605487
972689,574572
963018,602888
967904,575436
962859,604701
992461,573164
993576,608790
1046016,701405
953282,518734
801981,546729
965788,579878
999503,607721
985061,577357
963076,599231
978691,575855
968029,605276
968327,579267
965984,616466
968096,574278
969226,612969
964143,575793
1009445,600891
988340,580584
987168,598158
986051,570189
966542,595454
978782,571389
963611,598068
974821,565715
965076,588719
977665,567311
1001376,596039
984649,568101
983209,594999
986057,574405
994605,591815
977159,572977
977039,596749
974890,563655
961476,595765
963838,566306
968163,588057
949300,570538
996826,591693
981553,568207
997661,667531
1044730,534060
1040932,539730
941974,568000
969543,600047
1036743,709422
1057391,559376
1066333,561864
976930,609062
989184,619122
976964,620762
971614,610571
975514,611539
963779,603459
964578,603809
983555,602106
986395,608692
983802,590126
978738,600181
994266,592652
974269,602954
968745,599781
967516,605442
978071,593630
964915,606243
968015,590729
1015376,673864
966576,544652
1124321,557632
988907,541771
1121704,564837
922407,570244
971531,619665
994871,616504
983943,609513
972760,602815
972060,612707
964898,603655
969304,608980
965711,595708
977727,611653
960568,597302
980023,609143
954514,602225
961936,621389
952647,602193
1001557,604407
971780,593964
990186,619355
969235,598695
985137,616564
973641,589977
973604,607945
967621,593897
994385,601708
988018,598351
991523,606146
975323,594929
973983,608580
972696,595638
966736,609529
967615,602998
977326,609091
953580,588714
1000762,607002
990788,590750
994492,603518
977910,590786
983822,605587
988520,581334
970644,606235
968935,579488
1225516,802325
928699,536390
898001,552966
984426,604762
974382,601115
998246,598064
1020072,706986
1015324,544077
1119230,561360
904386,565605
1044659,556068
1036468,574120
921702,573559
965671,558863
1037707,588453
918540,586126
989057,636584
984312,628923
1011836,677503
989356,575308
810451,569369
1066653,605210
974947,630038
986932,641970
966423,629334
978140,636698
975489,624712
989334,637259
977977,625623
988791,627140
972990,627662
975578,628369
968119,622590
973348,630489
962402,616278
993668,627572
976753,618318
981529,631227
973604,613281
985239,623731
968118,605522
988070,620754
958858,615741
987695,621528
967759,597719
1000848,619438
966822,603282
980547,622274
966889,613038
982220,628342
973522,608891
995093,618958
976624,603903
976251,621738
959707,597362
977785,611848
964015,594878
999502,615592
972034,599235
990572,608714
974192,596654
976153,612941
973552,593692
986556,608859
971485,587194
980158,605448
972484,590009
984336,609375
962092,589619
977882,603881
960221,585909
970595,610679
986009,585362
1001544,606738
980908,582470
990510,603556
1207897,829521
858602,522098
928400,559101
976651,593169
978832,606077
975991,592321
967444,609490
954066,598570
970706,603906
963101,591414
1139793,758987
842943,546678
1194655,564603
941159,584028
960405,629301
984662,631431
974923,614770
966880,620267
974684,609245
968771,620806
968630,608601
981076,618393
972230,605831
975857,622166
957088,605651
971588,621080
975097,604174
982012,622599
955471,594369
982728,623301
959383,591652
970659,613877
969885,608394
970016,605601
962675,596886
1178801,807580
887631,546259
1080412,566668
963259,604106
973920,618803
965016,610254
974619,607619
976574,618549
964961,606638
978747,620572
959484,602840
1062376,710722
1018732,554532
1000454,567341
991538,615074
991346,609674
970111,616007
975210,611158
974727,618015
969324,611218
999815,624278
985052,605689
977778,620224
978513,599575
972175,620815
964198,602333
977137,607019
974943,597205
973221,610935
959315,600992
987282,612159
982852,599128
968855,611081
979766,596453
973497,611874
1004338,682288
937636,530828
1168310,565782
1013144,550616
1042558,553040
967742,597547
1040850,721157
1047640,563155
1271683,580314
955698,574626
979316,633138
982152,620866
975088,631287
960625,620471
964880,631265
989253,625391
988116,633831
970929,606560
976715,633612
983792,603597
971460,627144
962579,595733
964400,623420
951736,602767
966532,622085
955514,596366
987672,618879
988818,598853
987169,616389
981732,600205
1019343,684493
1067824,555152
817047,555922
961222,603344
974136,621224
980244,618005
946453,602272
987127,608812
975619,610759
975597,603032
963666,598905
979728,613170
964539,594073
977491,608212
958835,604945
963136,608669
976541,596484
969501,609749
952678,602598
969043,619269
957021,601099
994057,615034
985348,605165
975737,618733
974133,594186
980404,614961
971215,595837
967121,612973
965460,596364
971821,610879
961661,604544
983525,610762
983058,598241
985197,610515
974326,595579
978442,606081
970246,598244
962674,618621
969904,593735
964253,605393
978285,595222
971913,609479
964856,591028
970242,603108
965154,598984
1000576,610665
987681,597573
993414,610041
980596,600333
984147,612192
1250076,832978
876777,539021
938664,598662
972105,610429
996250,617523
996371,600125
1046959,707155
1011316,559004
787928,553642
1007833,681890
1016231,565835
1023636,571173
974219,616689
981663,634143
989119,625594
972761,620060
966775,628421
1031525,726126
1014010,562299
1252815,588143
1070516,566979
851578,559659
932521,602850
1003156,628767
988414,633393
974579,610123
978122,638587
1013564,696043
997259,556651
1040524,584934
1079887,568953
1095589,568288
974669,626751
981369,616642
981628,636130
980481,616797
973205,633740
972878,618105
977725,632223
972188,622664
990758,631668
987508,623143
993154,625477
986208,606787
971595,631578
971136,613498
969995,636021
976197,610966
967086,628412
968285,606864
969564,637320
1166316,783769
882587,554104
1256924,586392
950814,579767
987561,639658
982159,616332
971908,637558
1020868,712375
1057910,566766
1121713,584410
922108,586945
1074445,571798
1041365,587631
939868,583681
991501,565192
1064953,598135
944714,593900
997573,650025
996585,630346
992424,645004
974845,631442
979490,644825
982307,634045
981151,656846
992946,627535
976519,651418
976957,633494
997599,639471
974944,619167
982026,637322
974232,623070
983635,640092
982640,615774
976545,635650
972758,626443
977094,632215
979481,612708
976952,632049
970239,616637
970013,634710
986401,616886
983131,635968
980609,616769
998795,636029
979792,618482
977353,629468
968931,605793
981338,622056
976910,609218
969829,613917
988299,613274
983569,615517
979278,616457
984575,623394
968790,601429
976904,614546
961357,592360
992874,612349
983189,600392
984574,612118
977233,595043
974230,611645
976604,606327
972671,610923
1181491,798346
953597,544880
1000449,567830
960490,603335
976060,619788
962133,597912
958860,630620
971483,603283
965986,609262
983265,609308
995873,611509
985327,602649
997887,616433
983225,605577
980965,622073
983659,601865
966519,613062
965649,603061
988929,608369
984598,610376
981219,607507
978859,601151
978907,616069
962397,598733
962538,609823
976972,599674
990254,610687
970397,601831
988060,616103
1195998,805555
877303,535092
1245460,572076
955193,562467
964710,628593
980348,607159
966499,626133
967911,599672
959312,620825
985362,592770
979910,618354
982763,599698
962375,620792
976860,596265
965492,620159
957522,595474
983310,617758
967829,598953
967908,605889
961430,592740
1060696,737314
891355,536843
1144060,570844
939232,576247
956972,610990
963779,618902
955753,604388
990258,619545
973759,611284
996211,620645
973016,601096
984991,615701
974125,615769
987377,604351
981054,604845
978036,614316
967273,599159
968345,612716
953867,601947
969243,615436
953702,603518
973537,609147
968961,606487
1006529,612782
978032,604636
977676,609538
973526,603451
987138,614826
968004,604498
973102,613204
969847,602629
962697,603786
968248,611673
993205,614142
984634,602230
982907,621208
974395,605270
968661,615214
957913,601529
973649,619578
1007521,687704
938830,536752
1187568,572390
1067931,550636
819495,542436
947488,593491
966399,612373
963350,618874
960742,607277
978894,613976
977940,604946
975019,609638
959968,596656
978160,613241
964679,598668
961829,613147
963936,593099
963222,609197
963925,590261
968857,613035
985404,604472
1159541,794746
884132,541879
1182867,566612
952223,574942
968977,620567
985619,625272
1023521,706247
1050691,553914
1132673,570351
982365,558458
831035,554813
940144,604451
973664,620567
1028594,683410
966996,557772
827119,561194
1052220,584338
968081,628818
983214,627903
971608,626622
975661,633691
960927,627436
992535,625130
974889,618573
1029843,691638
1086920,571560
1137302,578239
970036,590979
1096812,578149
1043250,582253
968193,596592
1011921,581457
1045899,584626
971128,603425
963036,642547
1002844,646241
975923,652747
986813,645725
978316,647234
985768,643589
976941,639049
979544,642684
959610,627175
998709,632608
974328,640448
984771,636489
966755,635897
972438,633771
992028,629906
985508,629878
965723,624962
974287,633397
969262,624121
976131,635250
970303,628951
963023,630006
981747,623230
978696,628412
969397,626685
972494,628699
972596,616534
982632,619268
960031,615680
990603,624499
978124,611543
984095,620058
977379,609095
972480,616272
973445,608861
980850,621606
962620,604599
992557,625249
971293,606775
999677,619092
965772,606753
990859,614155
974840,601964
983797,626041
983848,610582
982834,621866
962151,612967
989323,621864
977742,600475
980846,618027
969860,599138
978842,611359
967359,598729
976143,604876
964534,596401
979647,619684
982801,599394
989187,609346
967562,592079
967618,614093
973725,607047
971584,607977
963601,602113
993270,625119
981101,596518
988583,607125
972193,596513
977873,601491
967362,595920
973978,610868
964897,589330
974472,615855
960783,596893
970148,614612
989729,672043
1057945,532698
829017,544688
949216,589776
958796,601509
978114,602411
979714,600274
971321,598554
973376,601274
966980,599488
961105,615281
959897,594515
955388,608721
961002,600350
966374,606611
977945,597158
972517,596546
957955,598468
964882,620321
946151,592599
969958,608933
952955,590695
1014155,675690
974015,544993
829052,544346
936859,587562
970600,604902
1231473,798855
893810,552158
1251463,571939
1024542,585440
958089,623418
972001,627130
960706,615997
994607,619081
967150,612742
976603,628973
963866,607133
973337,627021
954054,606742
987321,619319
963271,600675
976962,620853
959633,598809
962065,618828
964656,610166
993235,619355
977748,614334
987723,622615
969602,602005
972721,624117
967517,598650
1156523,777524
901448,552284
1249311,571015
1028625,585070
956582,608104
994426,621976
973864,610613
984976,625983
968316,607660
976075,619993
967108,611677
972542,630613
1167693,763572
872263,541198
1191493,574343
949846,576363
956836,615040
973498,605695
983157,623778
1031398,710338
1012841,665141
1014469,648328
995045,646098
984170,624699
973844,647575
983192,622102
973886,645522
976637,610399
967949,644271
970715,608480
973529,656051
968113,611639
976322,634761
961542,609943
990580,626906
984782,609793
991368,632094
969683,607901
984441,628252
976965,599984
972508,631388
1175130,829972
866376,543849
1110367,574825
932252,600899
994618,637756
960435,614839
996958,628652
975752,604281
1001920,626529
975232,600457
989250,627141
975896,606236
967450,631349
969567,594061
984264,635114
972503,601983
990880,630575
983983,603749
978143,626856
974784,605438
961955,626882
963877,601518
967341,616257
978403,599724
961949,614056
965973,595474
964740,608958
981284,594419
988984,616447
983332,594873
976820,613643
965130,589426
959854,608822
968964,594939
958365,600718
959772,591128
995837,613050
984511,601280
981765,612666
972684,594456
960901,609525
978042,587584
965025,609933
962269,590708
975042,603194
989834,587031
982509,606601
1030213,693885
938452,535005
1162929,563651
1041514,544126
1073482,546754
953592,538312
1045010,572304
1069428,559211
1068526,557167
975187,600270
1113485,573645
1234030,576005
1052776,603601
970917,624978
988900,635759
981614,626849
1038417,699064
982767,573940
811049,563503
1061755,603184
971514,625516
980293,635295
976764,624817
972099,642679
969059,620804
984678,636273
981816,620928
988392,628193
972299,614069
975934,630665
964764,614092
969808,625560
963712,602349
973250,627386
960669,594699
996299,624639
969564,595473
986011,614759
970461,595218
968029,614891
962646,590364
972985,615218
960660,587144
965481,608598
955298,590568
960621,606121
956365,588967
978385,604843
980443,589696
969365,604018
970860,588317
959302,604421
968094,592203
966841,598657
980301,584471
989140,606994
981291,584380
985891,601331
975900,585213
961122,595936
960551,583586
954028,607962
958332,575693
963517,610725
960934,586260
980493,607397
979258,580451
984250,600086
962123,580249
954480,600662
968926,583321
958832,600447
960308,588782
960561,602907
985683,583144
1000385,599022
983025,578966
982517,600313
967648,587656
966480,610496
960867,577417
980383,604374
964375,581844
964568,613585
965304,586397
966241,613055
968078,581553
970089,603291
961527,585746
956898,605155
958273,578899
964579,602676
955787,593501
951783,598884
979242,583980
995461,603107
980090,579613
983352,599910
991976,588336
985652,615534
969636,587935
966593,605755
1209896,816396
858096,519764
1116526,562260
944701,602508
962977,604440
960892,590799
952228,597665
984167,594300
980435,597994
967544,589543
966918,602176
951936,586951
962663,602408
955186,583616
969109,603447
975113,585553
982290,602128
968457,585827
979355,605862
967692,587044
970760,601118
968367,587011
962302,606259
972384,582303
986987,605335
975378,586259
972636,615060
952854,573368
966329,600271
958872,575801
964850,598355
960114,579952
991306,601245
974218,588633
1148075,782935
870176,528994
934362,574890
975956,594356
957547,594132
1011989,604204
973503,586788
980544,604708
1036029,703058
1023543,539930
1083256,558423
1005464,539528
1001576,549810
958648,609865
969679,612547
948806,597186
983802,603848
979811,595074
978889,586793
972646,605996
962566,593560
966324,601669
961355,596596
968216,609550
953100,593583
986435,597783
978450,587480
976769,603671
969557,590599
962908,596422
965971,590089
996042,605388
982613,588981
980834,608230
959919,587304
969254,598752
963134,596460
977396,600677
959756,584937
960874,595372
982801,592028
981015,599724
962260,598700
965023,602857
965416,591300
991974,602313
980048,595274
981915,602026
980689,587215
982016,604014
982377,584897
974240,601346
980416,584457
979605,594753
979700,588492
986312,602843
969896,587491
968901,598424
959122,588216
969456,602238
961663,587924
973165,603556
1005338,684905
937139,531142
817201,550477
944930,584508
973667,604037
980145,589906
983596,598808
965799,589000
988341,612016
973818,590733
996027,604285
964064,585012
980128,610737
962741,582135
970400,609652
1246024,810286
862179,526566
1106269,565065
945378,578019
996723,614869
979321,590895
976152,614404
962784,583392
976764,610580
961712,583586
977711,609108
955629,577671
967431,625478
967567,586243
1006819,615787
975650,591294
977943,606833
956734,589986
1062711,708684
942738,538962
805212,545717
1049397,578093
974699,609468
972637,614236
955880,606813
963707,612911
956060,604032
1001112,620047
978319,599760
1065332,707735
1048932,658201
1002105,650373
975254,645411
969493,632395
968596,649500
1202614,829991
902198,577628
1213811,598419
961701,601628
963730,647350
983079,634599
972744,659298
977747,639148
977478,636447
969580,642002
988784,640034
984206,641085
977060,637869
986523,631797
965507,636428
982749,637527
967993,636842
979065,638679
972486,638135
996469,633917
990473,633367
991680,636749
983327,633553
997251,631281
986292,637173
979315,628414
967796,634422
975406,639267
971727,626343
977201,637369
969864,633706
979348,625329
958885,619404
981028,618320
983703,618935
987986,616781
982242,618286
977038,615487
976414,619295
969554,620606
967792,617108
970411,612986
963044,608685
960693,604630
960926,610025
962525,611572
968201,620663
983544,609999
972967,613381
998051,615817
967370,614617
964245,610055
961652,621421
963992,606887
961668,621977
961931,607392
958568,627267
991004,619108
997396,622486
976060,615537
989980,607737
969317,610470
980393,614323
976852,609183
979122,613632
983682,618007
975776,614807
974742,610509
968839,612282
978850,603714
950287,616816
978268,610953
975213,615101
970429,610056
970995,625715
964480,612048
965379,620852
962661,601010
955808,611404
959955,614374
990131,610436
978135,613782
988015,613310
979878,615506
988034,606381
981409,603471
977448,607963
962215,605143
958005,607146
967217,606548
959559,600408
966646,615014
956721,605458
965677,601057
986984,603196
990373,606291
975538,606175
971306,601568
980634,614239
965231,612080
952959,606631
955364,598358
964092,614064
967617,604366
965420,603524
961805,603617
963114,612755
960583,606697
961843,602047
982681,605607
986531,613255
962420,604544
959000,604598
959689,602474
960713,608322
967071,604522
963551,611648
965585,622855
956557,602930
969956,608244
957859,607178
983317,604419
985500,602445
989088,604044
975620,601821
977428,606211
972029,609285
971752,606896
999326,678074
1053551,545972
1086698,566683
1003763,694842
1066427,575301
845929,568127
948521,605067
983733,631933
978718,623926
976517,616268
978462,629443
973491,608174
969432,626341
969513,611574
968584,630948
965193,608535
993622,620754
987028,613939
973986,610847
963672,609281
967414,615046
964980,612217
969995,615452
970131,604996
987286,610107
1197628,830530
874226,539599
1176531,579272
929454,567312
989305,635315
983765,614691
969286,619668
980394,612918
966662,614994
973460,612935
969671,616058
983842,610594
963418,617695
967224,608561
1021688,692936
1024149,559393
801691,559762
941237,605300
997616,620139
974667,613171
974420,608183
973634,614991
980837,609484
970018,608245
968899,620551
963164,615394
967519,614871
992052,617670
997037,611142
1034021,710591
1067260,557835
1104483,574231
982675,607955
1002379,621315
975825,620546
1040071,702561
967288,557876
835668,572905
944453,605498
976876,628046
969292,627862
963123,626065
983174,614417
980088,621466
986609,617116
978925,631073
961487,618531
976776,630986
964001,614968
969423,626675
956322,613013
987765,624563
976105,618931
961058,626182
986444,614627
971922,623978
976158,611651
967768,624240
1004832,700240
967929,553586
1189610,578606
931746,578273
969562,634678
960677,631978
960948,628851
993085,622357
974880,625944
984304,624416
980686,625376
975573,623756
976988,632777
986378,616965
968396,627499
976026,614463
1149212,769544
897796,559852
1181079,587751
950441,593581
952277,625097
997363,638345
980275,633598
970000,633366
978858,623809
977427,634895
980297,622984
971460,629994
970460,626255
989047,638896
978853,617776
987869,643224
979923,617016
974646,633207
968927,615899
972757,627529
963037,623079
1017516,691355
1079104,568700
1102027,582145
969217,595543
968786,633387
979608,629101
975000,621253
969568,631016
977881,619385
972074,631607
1028518,702773
975421,560957
848018,577421
953472,606095
994150,634507
972098,628071
971267,626726
981383,621330
972393,629688
980213,620522
973178,629344
967988,623047
988858,628987
990175,618949
971246,630961
976633,617654
970870,638004
964996,624617
963260,634963
984100,621157
986354,640544
969533,617616
964352,639332
976861,625424
977126,631737
977674,618237
976761,620710
970963,615961
969457,627550
968387,624933
983188,624023
985076,611518
978176,619072
980917,612689
972544,616991
972532,606408
971860,622239
981912,607303
979654,619077
975250,609199
967887,622242
961987,604442
962868,626914
969016,606903
971510,615986
962077,602563
964901,613161
966031,608394
956320,614541
964227,611452
985535,617853
983166,609987
981618,613806
986285,615053
981702,620074
976503,605214
976548,610445
972206,601740
965109,612910
967391,608604
964033,612533
993482,610936
977607,612194
980792,609137
1005905,673902
1061730,547334
1081286,564370
972448,592592
983239,625664
967834,597831
970451,604608
964004,601217
972413,602913
963800,599427
990105,609629
981238,611409
970476,600240
961978,608532
969800,604918
1062138,741648
1006467,539066
804212,550285
950178,590007
972866,608129
956742,598205
1006967,704255
975501,549822
1184814,570724
1052199,543587
852065,563204
946538,594242
978243,613363
975802,611411
969718,611934
971462,616399
965727,610699
971288,608145
988242,605936
999384,603257
979272,612920
960579,595947
970199,612781
965866,602339
961578,603163
980711,601537
981199,604285
968146,599838
974422,601577
967992,603126
975817,597349
1024184,707488
1011325,546026
1242416,564121
1068207,546595
849892,551957
933099,593189
973867,615283
966346,614887
968776,601754
953750,597476
993678,609983
978240,595423
983466,608362
964850,592786
967896,601307
969027,601296
966785,599491
970467,596265
961546,603133
970997,586904
960483,595810
968251,582981
1006998,679484
1041846,532252
1081548,549479
951172,577617
971418,613040
987077,583336
976843,604508
973238,584774
979632,604203
967234,579002
962981,591471
961475,594213
960226,600662
964278,596764
957763,593019
961605,594336
962151,589864
995263,594326
982847,588179
978416,602498
967890,587365
974619,585813
966840,594648
963868,600583
962961,586686
962072,593542
1199657,798236
870627,521552
934046,586396
970214,598680
961677,594893
1033915,693334
1036633,538230
1071278,556644
956279,537213
814462,550891
939980,586531
976313,605328
958693,607257
972097,599812
961278,602518
959146,592224
958604,603723
975118,587493
979799,599296
979096,596813
981315,607890
970491,593880
961003,603730
965163,590387
963871,601261
970607,594145
975104,598199
977149,593880
975773,595126
974282,590745
968274,594034
960428,587874
965804,591934
966632,594245
970250,592945
962116,586771
970535,594197
959791,593871
947407,592242
960863,603703
981297,589209
968942,598340
976703,595106
961705,594350
963464,591940
961685,594538
965138,595375
957308,603813
955291,592280
968782,594488
943641,594036
981602,600139
974739,596677
978755,594852
1016514,670852
1039888,531753
875989,545422
1108014,541415
1013426,552809
955352,617544
973347,599677
1000803,664939
1029879,554249
815008,551711
933864,586754
974210,606680
975009,608380
958925,601404
979747,610684
970559,604707
977915,601632
962191,598900
959123,598169
959250,597852
957688,588692
962612,599766
956634,599185
964168,598007
955299,597678
978619,597103
966631,593150
964232,592352
956166,594109
955606,596575
952036,580873
965282,594629
952187,585059
953953,598537
977695,593589
981067,588180
968143,596438
960367,589536
976546,587305
974315,590287
962578,584045
968099,586687
957003,583325
960977,593400
964132,584809
984021,591097
975817,584299
1026275,694691
1010564,528313
1044209,554986
950702,589307
969974,608856
955785,589263
960623,609527
959486,586957
963415,608840
969961,580761
969246,605161
966480,585596
970915,592596
971011,595454
962808,596396
961911,590514
963499,587471
970277,600569
962165,590887
959029,604907
968165,595486
963658,591569
1009343,672396
955447,527650
818287,546007
957533,576313
997582,670774
941416,545078
1210345,561571
1049534,541433
825406,546447
945956,596422
969908,607735
961982,614349
986980,661443
1048297,552081
808243,539897
930390,587331
998043,617420
994386,615010
979201,623532
966009,601617
968219,612840
955346,598766
968489,600419
952013,592660
987346,600833
971147,595891
965784,596374
967543,592786
973338,601599
964490,603217
956170,589769
978011,595488
961668,586117
969010,594359
961163,582584
959879,592928
962769,587039
959555,588780
974613,579066
985571,595051
979738,588804
962386,590884
974107,582417
962805,588737
965908,586719
952397,586446
989087,587616
979126,584525
991163,582294
966927,586123
981615,586740
963502,580924
966766,587214
954855,578333
963363,587364
945281,577312
978279,591022
954492,582224
974141,586395
958535,582872
960704,583218
958123,585094
997226,591219
977102,583116
985943,581765
966871,579841
975764,593535
956619,577255
988319,580027
973505,577801
980070,587848
958347,584427
966852,579860
941459,586882
986937,587714
960496,576009
974669,583902
962437,574445
968883,577624
955774,576695
959130,582251
957024,577370
962691,582279
979331,581564
986553,587096
975241,585408
987218,585750
968718,578818
1013797,668206
1034932,521884
817186,533462
934273,577306
978008,602197
973895,588356
965985,591743
964157,582751
953531,598362
957232,584280
955875,589487
955764,580057
972461,597568
972177,579528
969462,593652
965751,577604
957718,588496
968469,577946
956205,588910
965331,575058
954640,592525
966890,573717
957773,595531
957113,576058
961638,591249
962503,581391
988248,584222
974454,591029
963164,585131
966832,590499
956352,584661
968734,587639
955636,579209
965929,596602
985873,579851
978557,595165
978760,577677
967916,588780
962887,581465
963277,591957
957468,583038
959593,582063
962124,587618
979378,589080
977327,580492
977648,585914
967496,584632
962024,581564
963069,588609
961385,585205
958665,591076
961625,582320
962883,584324
959496,577385
985208,581802
978568,586515
981963,589539
969996,579061
966411,591661
959748,576358
964179,576278
968633,582268
975629,585420
971997,587336
964048,583437
963546,590668
962714,582189
961218,591602
957819,581133
962913,578633
951564,584497
985374,586086
978594,586887
982828,581415
964706,584344
984568,579503
979503,582960
973196,582351
962672,585807
973270,578087
963705,582335
956305,585179
986164,580470
988826,586760
977616,585365
971198,583128
970789,581403
955659,586084
971780,578695
962178,581832
965186,581621
960045,593118
958552,582901
959485,592452
978704,582790
1047771,701992
1032069,521945
827732,531682
939718,570714
969062,594859
954195,589573
962034,588853
965848,576817
960728,591931
955394,583412
962523,597536
957668,573204
950984,597698
972403,577374
986953,595063
958595,574588
971693,596281
963415,587839
958612,590489
963924,579377
956481,583663
955550,583215
960831,585649
950635,587103
974935,585770
973977,587940
975974,585713
965412,596255
956860,584442
961988,579332
954345,584243
958376,593961
961209,582900
957076,587748
955306,588719
988449,585192
965590,583902
1000334,666085
953498,553108
1127049,549198
993700,531735
1067192,543217
935896,578065
966134,604802
977189,610860
967879,589804
955726,609974
960844,591135
959255,611088
963521,586799
968456,598239
970806,577662
976556,599065
966770,584430
964313,601459
960844,580373
965083,596690
955068,585911
962495,596965
978245,589003
977908,590821
1051100,684825
955825,523736
1170407,557848
1039707,532820
832770,539249
927332,577426
956190,594668
988900,604025
977410,585686
963765,595828
973781,590951
972841,596671
999092,592625
966601,584670
969725,588039
972272,584856
965966,586671
959633,592550
959027,589437
963098,599894
981765,585863
983925,593981
975788,589619
1029760,688472
1018386,533535
1045481,551502
979566,582904
965298,598787
959159,590859
955255,589981
966553,594214
958119,583998
963947,594310
962321,593116
973554,589311
977507,595236
977476,589730
971149,592939
964012,590287
981648,591150
954199,585391
966331,586614
953475,590967
961723,597112
989211,596142
978682,591974
973921,596197
966704,593633
970167,592657
964754,588735
967205,593747
957338,584612
965637,588881
957136,595812
978380,587123
975821,594051
970835,587960
970092,601057
963027,588586
968044,605231
963045,586119
979197,597518
969973,584219
997159,657341
945763,524018
801054,548846
1012811,551570
970615,605576
974538,597290
969239,609708
970726,591726
965558,597486
960011,580194
964722,600656
956584,586441
972543,602584
970296,591404
970760,603759
963875,586317
1031230,690742
1013930,654297
988767,643784
1004643,632914
976595,634268
979648,644298
968229,629366
987158,634694
970743,631564
1055058,727266
1034744,575386
1255876,594464
1085870,584270
871404,579602
933592,618489
988696,640279
971083,642196
975962,637640
983310,645692
987338,635531
975217,635556
977962,631578
976601,632442
979908,641826
977389,635671
980848,639022
974981,633598
1005901,698256
1079653,579693
1104943,592112
964391,602297
1002207,581326
1241040,602445
983524,633304
987549,641060
986446,637678
975302,626797
966997,630424
974104,631540
969451,635927
991935,625716
978703,633176
979511,622401
983646,640712
978615,617003
983616,634174
966607,615001
997616,631029
974277,614623
979443,628658
980753,608548
972030,635677
970693,614247
960770,625575
958687,615100
975153,618289
971156,602396
966151,616002
970831,606491
967177,616408
970956,606505
969613,630662
972927,603205
967556,619111
970801,609649
964499,616208
960258,615176
992271,627844
982810,602559
992780,618084
987539,603169
994136,618834
976965,599448
988639,627049
986567,594453
980930,608817
964774,599599
962921,607004
1008328,681329
1005265,541931
800555,566766
948070,588293
970381,619243
973498,597663
973815,607929
993940,596558
973682,609761
974833,589393
966209,617847
968362,594446
957684,614936
977012,597339
958874,616912
969316,602373
964805,617778
968221,607251
966465,612775
966004,601088
958022,615142
965044,606812
989310,611124
982637,600783
987592,607231
980693,601802
959957,611969
972594,598337
961618,612018
976195,594324
964734,613253
975608,594141
961343,608398
965081,602726
962777,615183
987609,594860
1052848,719451
1014905,543855
1201806,562762
1055788,551364
840237,560956
928529,599930
993593,640555
971920,617681
979054,606424
974704,620503
962257,607791
960111,602764
964600,610281
996534,697671
958531,548810
1172502,572450
1037705,553738
1096856,557504
972961,548557
1041047,580433
1080743,565352
1094350,562551
959453,599569
1126091,579125
1248687,580347
1045119,608285
961522,629550
1004864,654272
987007,632163
984641,634443
986738,623039
977022,617742
971210,621302
968062,622197
973613,616739
958056,620868
965917,615482
967220,627703
998452,693244
972206,554783
1198600,587022
1034564,569438
1070398,570910
983497,604375
962801,620507
983697,642416
981021,628688
962375,639681
968075,624476
966647,626535
954393,624116
980678,625627
984555,624024
988341,627916
981598,632642
982365,623516
980597,621643
974561,619402
969396,618297
970871,630774
959337,615618
991704,622251
971471,616659
960949,620050
974687,608969
986974,617823
988059,609256
972318,612619
1150342,797240
890342,548937
1236538,578419
960246,572497
964278,630459
974244,627979
1176868,752644
1081311,571872
1108840,573317
960729,597775
1097947,576734
1029343,590501
984330,606144
1015541,580426
1045263,592610
971694,612955
972336,647849
996863,661839
972483,629407
985866,647351
976337,637384
974574,641709
982364,634987
981890,640517
987095,636470
972968,645492
979641,635919
962445,640099
979604,629947
983512,634455
970382,627248
975694,636260
968767,633414
964908,623750
965914,626939
967945,623011
981653,617222
970170,623409
979086,626685
982266,629019
977699,617111
976333,630798
970479,620055
974663,629726
962471,626735
976611,626091
972279,626704
989539,622252
1174952,815220
1075746,566817
850646,570756
944773,612012
973460,625539
970808,617003
965407,621516
972570,616490
971809,622157
981880,611997
975407,624046
985300,616694
994904,625941
985509,612156
983853,629550
974335,620493
975939,630864
973119,618854
987569,618918
974018,607417
978273,618089
977567,609740
978156,616671
969382,608032
973038,616757
963916,600180
968775,614344
963917,604113
977754,616256
983668,607065
1010589,668227
971132,540329
805096,550109
1053536,584005
962505,602076
977727,621905
957565,608664
961860,612023
970806,608023
972879,601620
956536,612175
958228,600711
998603,691157
968892,547309
1235958,575411
970260,570816
974952,618359
976147,610734
981880,615836
968383,620877
970951,614419
971495,613343
962290,606036
963613,614781
990307,618553
975946,613683
984629,618997
981182,609714
966755,610189
970399,603008
972579,602096
971426,601806
957731,602240
978672,602833
976349,609646
973827,617424
972454,616058
973368,609016
959719,602896
971029,615546
966053,604029
972316,601963
965186,602226
983029,599873
988035,617236
982619,608217
980158,619298
966494,598304
967953,609302
968058,596140
1062720,725303
885027,538690
1226600,564408
1036837,577223
951182,614159
982404,612817
985127,616223
1018951,680215
984133,556659
1187562,582152
962214,587835
965033,638621
1002538,628625
972898,635109
976560,627611
966360,627794
974236,619980
965759,623278
966966,610252
967414,622063
986711,612980
987137,618317
981458,614787
976304,624295
966650,616923
967093,622665
977486,612536
968189,614164
977561,608225
968112,612817
950683,611765
976165,606875
981594,612680
969431,613381
989173,609239
964699,614260
976735,613896
965058,606261
970625,610338
963059,594008
971176,612030
964626,591101
989032,614574
984450,595388
971700,604952
972657,589057
974929,602889
968743,604054
960779,602570
963323,598623
966184,609075
950916,590941
972475,612216
957322,590245
955479,604506
953428,596716
991061,602706
973727,589678
979419,607185
968531,585828
1035259,690922
1070493,543816
843550,542471
950101,590592
971704,603729
969947,593335
964974,599994
966287,596329
952519,604372
962417,585606
964245,587562
981716,608835
956087,594258
976500,597216
957695,587702
962814,609651
978378,587849
992675,603515
972740,590336
976567,603426
1012061,674468
958354,532709
822605,545435
942410,583925
966813,603276
957884,588874
956896,595170
950527,589323
972869,597309
968404,589024
972601,594200
957478,582644
966266,609212
954163,579535
955018,605555
965623,576680
971947,602613
953426,580161
957064,613986
952172,586787
981583,615563
973252,585403
979197,604218
960528,586846
964634,600125
958257,579340
965905,613680
953983,580177
986900,620954
977709,590522
978730,607364
967385,585132
969266,598463
963853,583937
962818,600172
957483,581415
971134,601597
964888,582344
963555,600467
959878,585290
960714,597631
973716,588620
988707,602592
973645,593202
967033,600764
1011045,670892
943680,524930
1228661,556271
947953,553281
973440,603540
967116,593698
967198,601820
963272,588182
958596,602672
973867,594639
974207,606396
975272,590672
962538,595673
970243,588723
965838,603102
967061,587782
961957,600183
969372,591931
974745,605332
958032,581604
968611,604460
960313,588612
970327,600524
966067,589537
963293,597523
960110,590821
970458,594149
978862,586110
984629,593147
963844,587908
978590,598779
968304,583518
991962,655494
1024222,532485
787488,539002
950084,580224
976927,598178
969343,599810
963012,595048
950946,589901
945943,592818
976731,591413
965712,590888
967656,592080
961919,583855
962313,599156
954349,585443
959103,591700
950566,586024
961912,593209
967878,578250
986818,600651
960609,578899
967091,600022
962805,586901
960870,597940
958219,581311
974523,599771
979611,588182
977027,601546
979036,588929
972264,594957
969746,591868
969415,597623
969146,585434
961481,599611
959315,580172
966091,599099
963930,595462
961004,592031
967681,589438
954270,597851
963615,589834
960773,600547
954757,587565
948368,594338
970108,583817
962579,602343
963382,580319
961953,592654
981422,582574
983109,598916
982407,583152
970731,588330
965412,586697
962613,600531
950569,583281
961971,593970
964011,581277
951325,602777
977824,584489
1025680,682182
1028886,535391
1046110,551256
967143,600341
962877,596629
962948,597132
949095,604079
989586,594587
980082,609544
974334,591154
962982,588251
966426,596411
954431,587346
964367,587909
954198,588259
961930,603374
971905,587072
970217,605680
963243,587149
966567,596256
953766,584864
984117,595885
978116,587769
977919,601037
967108,589092
969346,593677
963332,577506
960847,602983
979085,591209
989166,597032
983043,586787
986970,606553
982977,590223
990766,595097
975806,589349
981957,603575
975445,586415
964547,606437
957558,585244
968209,602179
963008,583012
968032,596685
959138,580681
966666,590103
962466,576980
961673,593687
969337,582148
978176,591457
974809,589458
959131,588220
966049,582746
998649,667994
1045683,528186
809491,536396
958139,583663
962609,590988
1037312,672271
1005901,532720
804135,546896
973899,585990
974279,599865
1073834,719509
1050900,540595
838822,558282
965877,583953
968391,611924
965220,592024
969045,604349
969350,591223
958627,596065
963540,592566
954537,595442
968492,571164
957620,592377
961661,577267
958696,588479
995415,581308
976159,580008
986763,583405
1020862,676355
944872,517335
1206180,543102
949237,549208
948550,591972
987681,591252
1209828,787933
875616,531029
1169937,558215
957483,562970
983391,611327
976187,607418
979569,606602
970696,603553
954096,605161
959886,603362
960323,593301
1007713,599603
958904,597011
977152,594158
955542,603239
971309,591477
956546,582756
961864,599978
978263,591149
1000931,602034
970799,588436
982125,594594
975295,587449
969735,605936
972757,589568
967067,593304
971373,600127
979343,596238
986660,589385
973377,598508
970921,593021
972499,592875
966266,588119
969532,600978
958519,586853
987572,595674
963579,585806
967731,599539
962231,582929
998874,650908
952990,529937
799869,535832
1024514,553980
956691,594876
1005504,661071
922090,539707
1170385,556545
1031175,545454
1107446,550985
977893,545943
1008912,562207
1066613,551140
1263568,714215
887002,534990
1242588,571188
1094120,553708
1252839,571988
959021,603385
992044,629232
977178,611296
990023,610224
968942,611962
976261,610383
971406,611035
975427,606336
984194,616554
986514,594248
966917,608528
976631,584873
975783,607618
967368,579214
1007727,656939
1058376,537073
1094674,551594
965289,586564
985422,600887
967068,591319
966933,596170
965849,593550
968476,595469
958538,593855
962565,596455
974978,600510
965881,591979
963737,602807
968329,595976
969969,593253
961050,590151
950053,608009
977057,605777
975909,597090
976621,589163
963827,592291
966782,588701
951466,596841
966219,587139
1025114,706805
1064562,538769
825057,538652
931611,579383
956581,604317
981238,594220
966666,597465
976397,595491
966331,600053
959292,594367
968644,597255
954466,606539
958646,592882
962836,598995
990966,595879
971978,597401
982319,595238
974982,598503
985194,598914
967753,595322
978904,597624
969491,589224
963402,588389
973051,599269
961931,591134
975297,592883
959351,586956
1199943,791059
887027,517440
905950,552982
961330,591249
969449,600848
951547,589796
966913,599998
958280,583788
963565,608571
963967,585547
970109,597264
948919,584326
989780,593434
977310,585841
980973,598328
972314,585857
981001,590679
960360,580184
965819,596697
956925,588590
960996,592466
953502,594430
976110,599989
979751,582959
985811,588125
976820,583026
969558,590103
966613,583212
968672,596399
961809,585949
963023,592375
985231,591251
976552,596650
967830,586900
974782,595536
960305,582782
966352,596325
980568,593128
965856,590182
965469,583774
959150,593869
974110,579201
967428,589708
960732,593065
946946,588212
987714,589921
981291,584273
979191,578370
958157,589121
962979,579102
962211,586807
959214,576982
953947,590634
956957,574593
961412,587735
959200,576950
987048,591509
984275,579068
975200,591106
977273,575289
972982,581294
968800,572942
965997,583039
954826,570860
960973,581836
962987,578499
963203,586013
977403,574326
962811,574546
968919,581494
966351,585292
967150,575923
957942,588561
961415,578524
963626,584184
958131,577513
956017,582545
963088,576649
952198,582989
968391,574125
986629,589472
970598,577354
979996,593116
969212,576581
964748,592245
956392,571549
984335,585527
981820,578473
982739,579825
974044,577516
982418,585124
982633,576904
978395,584108
973221,576615
957193,582360
971815,589214
954442,583807
972504,583778
955066,583612
958758,579141
953912,588300
966054,572562
977837,588692
972201,575962
974133,588376
963887,577455
965345,587111
960754,577773
956647,592330
952194,576949
977294,588201
971989,582601
975809,587798
961893,578169
979561,587652
956555,578712
968256,595211
968062,604266
1026943,516867
1076262,542221
949743,563971
968854,605656
960938,565169
994175,599425
969643,574153
978308,592500
967878,578693
972706,599752
960173,573530
970773,593849
956064,578115
957598,593749
1142950,748898
858785,511329
1148255,556051
904043,538970
970186,606624
970769,588097
962607,615570
974804,581546
988116,606573
977634,582566
966876,599483
964079,578944
959594,601190
966467,584328
988887,598385
985040,584720
970779,590193
973180,582969
964214,590956
968367,587500
960721,587138
982520,582969
969516,589102
965826,577588
972935,587127
962927,574041
966035,600399
960687,578394
972896,590121
964151,578992
964010,587325
980390,580479
993298,592584
982276,575612
978601,590013
975273,580029
968545,592022
966688,584931
964635,588702
961085,575139
962600,581528
967070,577227
965854,586998
959379,578862
961706,592174
963240,581176
977684,591975
993605,577417
976121,583975
977482,581257
971421,584486
978499,583299
961404,583953
968021,586403
954081,592148
958386,575988
984617,588756
970669,579495
964825,598306
960521,579447
970154,602564
969768,581370
969364,596685
972899,577560
988196,592927
985846,578897
974913,601132
965470,578653
969051,594470
1005322,649957
1040714,517921
818711,534656
943925,565405
947615,590521
952264,573594
981841,602983
969937,575968
968018,606797
961718,566484
960994,598018
953707,575590
1223587,778000
870863,523947
1155641,553637
945620,561327
960512,595668
964228,605654
961369,585766
973692,600029
972992,596232
964566,601389
961621,581733
970866,594501
953894,581661
959756,598281
968856,587813
989220,591540
967040,580744
958986,598228
960143,584082
986187,622071
1039780,528059
1060104,554471
963731,579028
984597,605253
978232,588585
961139,599066
966194,579035
956738,602752
958117,586792
959018,593093
958247,584954
955373,587579
958110,588408
965704,598835
988358,589482
981970,590051
969040,585300
980137,589691
958662,593597
960517,584591
962045,594204
953864,586585
965796,586655
971293,577021
965919,581069
971598,580537
967145,587029
1226021,800886
861283,515307
1205859,555685
950635,549464
971787,595697
988536,594775
970372,599473
968252,588683
951567,589457
966214,584568
957055,590343
967117,590345
955306,590556
967051,589722
962773,587534
956192,580756
955224,597699
976436,589893
985104,593788
982560,589794
982552,590830
988235,583233
980716,581941
972312,582558
980439,591329
971603,586409
957129,590803
963466,590936
960606,587631
965328,589415
958510,587237
958944,586939
961766,582676
991870,592838
977514,588300
975220,590332
959191,583180
963364,592936
959711,586886
972550,577866
954877,587565
957136,585433
981272,587892
977614,588754
964693,584910
971544,586280
966276,593267
962743,587160
960935,592807
964824,586309
959244,597934
958392,581946
958756,590624
949474,581766
981513,598796
966528,587108
968921,588496
964561,584868
966412,595584
976673,581764
956066,593517
964376,586859
958795,598299
953862,580039
985008,647573
1043531,526236
1068258,547354
918675,557733
974237,540497
1218178,557580
936307,582626
986390,595542
970759,597868
978104,594426
970254,596259
962050,589012
968536,597221
961998,589958
997962,658022
1052274,535187
1085275,548205
944123,569572
966770,610449
983580,602625
977077,604467
959907,605780
969377,597171
969760,600657
963927,602292
965974,592088
965847,603936
956086,595517
964367,600985
983478,598795
990076,595676
982741,605774
958437,598427
967856,597931
963698,582611
959843,600848
983176,582995
981184,586369
987274,584109
970473,592462
970451,588724
965657,588750
959137,583870
969062,596514
958302,586081
957985,593587
964228,577709
959240,590810
989031,581297
985977,592643
963730,581090
967625,594659
968970,580280
973246,590909
960183,586206
972728,588792
954038,588431
987824,589342
976567,587937
995700,587395
977357,582762
969956,587365
967862,588069
982009,591605
963657,585575
960308,595190
957977,580103
1062234,704024
1017264,531233
801917,532465
1027940,556413
957072,595768
964861,600037
961417,593395
965205,590362
964793,601183
964972,586132
953062,595862
983723,587219
967264,590178
980205,585541
983139,583735
973332,586658
968173,583233
962171,585157
970546,587138
970094,589785
956471,587859
965024,584350
960493,582433
957964,586588
956378,582691
957458,595077
975039,583527
977475,584837
966967,579300
968674,590913
965245,585022
962365,586461
956286,580032
964193,586989
964618,593407
960603,591366
966205,587434
958017,582371
957940,581315
954756,587707
962388,584477
982289,592574
973147,571892
961663,589984
965285,576746
961264,583203
970981,577875
956377,584422
969580,573808
966355,574659
952083,569494
985835,583034
964963,572941
979876,581239
968474,577771
961573,582975
955923,576801
963353,579472
954740,574611
963315,589409
956754,580100
1019119,646839
1007890,517076
787473,524261
965493,570971
970274,580572
959395,580747
969461,591484
962032,575594
987141,591204
976162,576249
975753,595600
967343,571455
1152590,772149
1050544,535057
1110195,542285
965345,583303
974709,586034
957516,595560
965027,587553
972229,595960
1003026,656758
963908,531686
1150218,552923
1002378,531101
1108861,548930
949533,574146
960879,601215
984108,609869
958173,586725
971731,611638
964616,592684
974754,609102
965275,591238
989283,610616
992021,605053
973165,609710
974326,591255
963034,600863
966605,588971
967707,610057
958908,591113
965785,608532
958130,584317
994470,657394
1050109,544543
1102452,544433
965542,589583
965679,600869
969465,604596
975231,589140
970294,606717
979077,602630
964876,602547
971762,589467
962645,607097
965370,589073
962920,604553
966305,591882
976073,599520
973949,587940
985139,608642
973318,597615
977371,601547
971504,590927
965659,595258
965027,588550
958103,603030
971271,585344
980241,593129
981281,589034
989544,588501
966226,589418
977419,583591
1110295,737726
1041229,525092
833898,531413
943777,577722
958778,588841
957559,582620
975412,606000
979268,580887
963700,605795
962685,578795
966442,596770
961681,577203
951599,598969
972432,580567
966756,585345
969570,589565
957453,581827
969614,588435
963442,587939
967440,587028
957418,581920
958586,585893
953125,584925
983265,583996
971678,583744
982655,582714
970947,588831
963894,585266
962035,572047
967201,584251
964160,580371
962770,590845
1008571,656433
948751,515170
1142583,544687
1018281,524351
941999,543459
849095,520279
1198127,558761
921776,563865
1034180,684260
975393,554260
1182254,564629
1043838,548854
1133455,565174
996664,549342
1020999,568407
1074615,552126
1141510,569457
957812,586916
1127686,566668
1286598,570449
1029714,586543
968206,618714
983128,638913
970448,621238
976019,626514
982291,623762
967761,620691
985473,614089
985997,615764
980044,603771
967856,612030
977115,606796
966034,613836
971910,600156
974862,607615
966941,597647
967418,606603
959370,599404
988458,605148
973975,599937
978012,596743
963698,599012
971010,603162
964240,610911
963295,595979
970138,595980
980869,590249
981011,596612
967394,590998
970024,589808
963845,588551
974800,589601
970558,590600
982059,589789
987777,589496
992964,592783
974156,586463
971820,580540
966422,595224
964138,588222
961220,582545
964308,580129
971023,586868
961578,587023
975535,588099
976458,584611
963917,589233
959757,586355
970982,594574
969360,581213
964428,579806
954253,580052
970194,587982
960032,576120
962035,581479
956252,580725
976670,576507
972904,573546
963814,583270
963544,581623
955890,578703
965770,578713
963548,581998
958446,580610
971601,582747
962052,579457
996322,583287
977219,587206
978976,586612
962517,577760
965822,583746
959094,581663
962430,583244
962071,583523
962432,576793
964733,585693
960843,579757
968320,577140
970684,583176
960771,578856
966241,586645
961740,577019
961993,584568
959674,580285
966685,582530
957240,574835
958346,581428
972750,581855
961595,570017
959789,574387
955642,578906
970363,584585
961110,583177
958749,586381
958827,578578
984867,586314
980579,583105
983338,584856
966263,584021
970283,578567
964660,596595
1244454,782151
959470,527264
977924,537525
983193,590644
971353,592422
975397,584435
965446,590584
980570,582886
968747,591504
965254,582687
955168,591418
954307,574742
977216,591729
974384,580187
971671,594149
962481,577167
965671,596438
952410,571052
959502,595266
967633,577411
963149,590292
956399,576058
961428,595733
963186,584880
983438,591124
982518,586795
976437,590662
970821,589287
974195,582373
968692,585915
972124,578587
967908,583603
962588,581277
971799,584718
965685,583803
962125,584771
962786,589055
979229,583590
970725,580902
963182,583583
963222,578506
1008194,667134
955338,518395
817018,534969
959721,577876
980775,590673
976181,578990
1022913,662419
961019,531862
823469,529642
930500,571683
981788,597889
955397,593167
960993,590808
950683,606561
990594,583415
980207,598449
979188,591408
966672,596116
964394,573121
956147,595500
959188,572222
968052,587012
965502,577157
970107,583713
966188,582508
961450,585461
966837,588329
958088,586279
970207,580988
957437,583947
984243,579297
976122,587864
975683,576728
991808,585814
969793,587506
960263,573377
955259,579234
962033,577703
968176,588850
983361,582592
962464,586267
972593,578756
960331,577944
957473,575716
952209,592408
946501,578162
981485,586494
972753,583137
966222,589330
969149,574196
973028,582060
961674,577221
961801,581520
955948,570466
962630,579877
958621,574313
956753,593951
960518,574589
965110,583058
959284,581819
956514,595732
958965,577085
956494,597422
986479,579887
1044015,686467
1036257,636334
981519,637113
988745,627534
968541,626317
973938,618816
968804,619791
962062,623633
974319,611396
986937,619972
970514,623954
967973,617724
1095119,782234
1062726,559259
1114833,577652
932516,580301
1069343,564458
1034974,582239
937907,601272
975503,565947
1013490,581909
940683,592248
974925,633728
970518,629433
964116,643203
968972,627383
997482,641130
976687,615749
980283,628548
1353353,836596
892673,556710
934359,581296
970623,617838
980243,629593
968805,618760
977392,629618
965929,620098
975370,628986
964643,618251
971584,631414
976983,617110
971935,627060
971423,613766
990063,628628
971150,616450
988980,623226
967344,617631
1166766,775419
899769,556059
1246164,580247
1032450,596537
949391,619248
994385,625976
970393,614481
973356,626055
976741,616066
983078,629571
975196,628255
967705,630238
963661,617379
991249,630373
987102,617417
994226,630928
967765,604574
974463,627870
957524,607333
1019532,696540
976948,554625
831025,566137
952634,597599
970816,619675
964790,620952
967307,607398
974699,616294
956410,618368
969913,617982
977227,619296
967679,611394
969503,608226
963509,610478
950347,608442
997985,629416
970432,603405
984100,622969
964830,607391
978130,623582
959993,603492
982085,614901
952915,601540
988147,633522
979050,607176
982255,628050
983753,598151
975424,623799
978179,605369
983471,629407
963981,612543
973591,626328
962431,601761
981725,621121
979111,599774
989750,619348
965925,604543
984629,614133
964730,595024
970057,616302
958173,596256
973395,613046
963852,603933
974319,612774
973877,597471
965557,611706
1135466,788517
1054351,543732
836789,549973
938536,585678
979931,617254
985735,603229
970809,616576
967753,604319
984403,607250
967795,596124
986610,613507
952008,595962
971682,613325
962834,598679
963789,616371
972029,585524
989991,616161
1030969,688855
1035106,641043
997922,632549
989498,638475
1094489,779955
1061741,575478
846954,573768
963390,608680
994916,633064
990091,622048
978396,638049
970172,619289
976992,638291
966285,617916
974426,628813
959083,600625
976666,625680
980553,606020
1215651,808712
894150,555055
1161676,576884
951859,599537
960219,631173
994258,634672
988603,618686
984292,623339
973742,619451
973858,623560
973030,613701
973913,633258
977066,599167
989734,636196
968455,602997
992104,627824
970615,602952
973058,628489
970330,599754
970336,630528
960248,608586
981805,621595
968765,603242
969260,624245
946829,599087
970451,623117
966410,592625
992384,629488
976212,600628
1031898,696838
1068823,560625
1068385,569352
947281,591499
1086336,575694
1008151,573404
970977,600903
1012955,574111
1021786,583374
966642,607396
967511,644396
1000790,645959
972831,642674
986024,635474
956414,634283
993269,635602
973281,629068
981186,641434
963820,623072
987157,636883
962477,615182
979661,639269
961586,619654
988939,633960
978792,615661
979887,636381
969020,607024
979422,643009
969055,616565
980360,638104
971005,611364
987588,635713
963709,611131
974284,630902
969685,612376
974340,628510
989614,612169
983825,623073
981630,607236
983142,633012
1025401,708887
956491,555213
1200210,576690
933263,575586
964472,616115
958166,615584
993158,620218
970390,616646
981921,627245
986953,609872
982183,624947
974930,608157
977871,629746
979631,609641
974434,627690
971877,607106
969439,632540
1026693,718881
1042442,555201
858933,567061
942931,597300
1009376,678493
1057888,573480
805188,552201
941827,609199
972608,619074
1008858,701052
1087928,577439
823977,563151
954939,614809
988996,632679
971440,634455
987772,617920
975290,619587
965470,609093
968056,622723
967611,604543
967380,631250
957469,597125
991568,631199
985067,596842
974174,624990
977822,596191
977180,622567
963618,596252
966489,622458
960513,603585
967447,623102
959489,595800
958242,615348
971800,599321
977616,617154
980500,599162
971396,618496
973614,594567
963923,622542
967968,596043
1000241,615037
980444,599878
970009,609540
967671,596325
963331,609337
964322,593797
1029324,682741
1010359,543927
1220516,563350
977550,575341
965645,624089
972235,614521
967591,609748
960694,604242
970881,607130
988581,613405
972000,604167
971535,611895
962310,603533
975370,612982
961411,600624
976147,616195
974402,598647
1000036,609188
988476,601924
1046979,697218
1056166,547673
1074771,561754
960130,546431
830732,563664
932696,598065
987152,622465
965475,620200
967910,615122
960816,611000
971812,609522
982859,612851
978671,611506
972350,612363
976600,625999
968852,604187
975221,614555
966789,608700
975481,610658
968453,606044
990643,662453
1070059,555343
1106083,568085
961861,583051
956674,621462
980116,625297
972034,618681
977884,623694
965360,615339
969150,628374
975381,616303
997495,621614
977377,616725
994699,630182
974841,616905
985420,624145
975431,612470
970143,625795
1165277,800358
890601,551335
1257229,583887
1011100,586332
968010,625618
985670,625943
983015,618331
970303,617760
967657,620069
970636,625531
961960,623185
975788,626593
964209,616817
973267,624788
961365,623409
977366,615675
976391,621807
973678,625233
1034649,688710
1081589,564557
1109067,577089
946590,613813
972494,634395
964468,630475
970410,619985
976331,627271
973435,621465
985822,615558
973685,618691
979849,627938
971721,617334
1014445,674119
1078584,573939
842905,568523
942682,611549
982092,623375
986349,620227
972361,626176
986807,630907
975909,619236
969692,623552
972169,615921
970643,625808
965809,616383
977175,637686
969802,620396
1055278,707725
1086751,574551
1402697,785301
986113,564904
1053306,586368
930600,600265
1009199,580933
1062792,603553
943303,599917
973243,639005
983426,641971
978759,630719
956104,636070
990152,635415
964607,641481
968785,627367
971878,625983
962831,632269
959183,623879
967848,623738
970958,618418
978369,626973
971503,624626
977783,626889
972154,629227
975952,630183
982649,631226
979086,627384
985398,622458
992274,624035
985184,614936
976280,625447
976176,612974
967048,631363
974669,611096
975251,626266
962213,603855
979498,617870
979040,612666
976703,610797
965666,606164
967655,615497
989458,603782
981675,611780
971555,601509
984833,610000
966493,577551
968719,613586
965704,592635
966167,613121
966261,596563
969112,610121
970450,595976
981675,605100
973818,595206
964545,606033
967451,595937
969252,608958
969455,596523
966395,601490
977297,595181
995143,605029
982948,589551
1213071,802898
886761,526719
928465,593228
966374,598961
967314,610221
987363,593348
975187,593830
988815,609771
973032,599046
976085,601385
965265,592970
979769,598947
972898,591699
975935,603184
958197,588055
966564,599960
957817,594124
972582,600471
956210,590557
988799,607010
975420,591488
967183,600992
965278,590895
963030,596020
978677,591843
984427,601082
977871,599884
973495,598859
964158,588832
1016380,680066
1031315,540357
1031445,559859
951877,592462
973835,610923
979067,600278
953716,591753
974220,588333
958664,584790
969881,599084
952712,580784
955456,603856
977317,589488
985725,598020
969985,588435
978526,596781
972102,593258
975189,596713
962070,588389
964694,600875
966882,589260
967597,611267
956077,584423
992982,597674
993273,599593
972368,599468
964496,588218
969699,597773
952328,584584
964586,597300
953358,584431
968613,597580
963241,591317
993028,598958
970035,593157
985347,593344
967435,587804
980289,601946
961262,586103
975980,598126
966292,582927
962236,598037
963884,601102
956701,597890
964688,600063
962233,599621
966352,593759
969131,593847
963123,597186
958410,596614
968695,589795
988487,595757
989616,586824
986197,599202
977069,584548
980140,602684
970645,589159
987910,597499
958583,586041
969572,601107
966354,581881
968610,594593
955654,589538
964968,597309
961571,585365
963234,599285
975859,585943
979446,597046
980392,584698
966012,595341
972225,590227
964072,595399
963801,596188
980104,598794
961455,599171
962907,593599
963089,592631
964291,605847
960967,592921
963150,603878
999845,685968
949066,533145
1183052,561710
1061098,543511
839622,545220
944410,591653
968608,608859
953111,594996
951999,602612
964093,605511
957469,591301
1033536,677933
1063693,548312
826361,547946
967299,595630
975267,619882
979800,615243
964976,606777
970898,621491
961391,607955
993539,607678
965690,604903
978257,616405
960330,603924
971570,610893
962204,602760
963844,610256
958935,600579
957529,601189
956818,599250
974318,596446
976849,597793
967897,600474
955077,593132
961316,601296
954443,583102
979631,600086
1037696,693946
1000410,546536
1256910,556512
1062347,544378
844720,552723
941998,590045
965450,609395
986739,627670
977606,598145
980275,620390
970237,601231
991332,612007
1018592,683120
960747,552165
1233436,561976
1053853,727281
1003722,556296
1066243,563822
955098,598618
984583,626936
985274,615667
972943,621888
976842,614414
1190954,787268
897100,549283
1194599,576001
970082,591847
964377,620632
973122,618637
974149,612817
976305,621526
966349,619231
981375,622608
977199,612432
982480,616887
967946,614594
983917,616000
994937,605514
997008,615462
976245,608496
979583,619131
975098,597224
981440,618626
1045523,712014
1063008,551215
830211,554118
963030,590950
992441,617326
962990,604026
963182,610729
965020,605947
962936,606451
962141,604399
968084,621236
1079601,760166
1062031,553675
1130737,569729
959488,598930
989110,626022
980437,607161
979236,623658
977974,604422
977889,630008
972336,609600
983914,621725
971953,599953
982535,623516
1264164,813676
890123,545227
929853,594941
978860,605463
974254,619907
962411,606688
965764,622912
956381,611934
976307,610554
966206,608290
985135,614185
979816,615961
973138,614707
980536,606574
964159,616125
973972,609134
989436,612235
989602,603695
978862,618705
984044,598454
966772,604593
974264,601144
976387,610892
963898,591732
969282,610070
972639,596877
959969,611665
964260,593546
968135,603049
985377,590776
994214,598662
974891,591946
974206,600352
965727,587788
975930,604342
1218427,789003
875655,529683
939822,588495
978726,587708
968739,606095
963603,591312
969528,599432
955865,590668
955470,601638
977779,597681
994065,601273
973116,592552
988190,603353
978273,600239
971164,609738
979318,600521
959030,601999
993422,661507
1045725,532014
1087450,553691
959319,584507
995283,615038
963278,583692
971448,608173
959557,592425
964254,599897
969039,591711
992422,601238
978079,606759
976777,598490
971268,595062
961026,598379
967233,595388
964459,597425
960635,592124
967436,599153
950666,592968
987363,602314
970488,583146
971738,605033
1012380,673872
955828,529311
1179159,553867
924085,556238
980579,615583
990266,601799
969211,613082
974689,591254
992411,657697
1064388,545009
1080936,548674
951856,577285
948469,604613
963178,619672
980852,667193
1028426,551918
812653,556401
948527,578855
969912,613449
972055,605198
970218,619875
952901,599879
967214,625039
980413,611604
982132,623193
974145,602755
968279,620510
970032,597357
978949,619288
971227,585751
973247,613584
958891,590352
979991,618210
964191,592943
967956,622101
957189,588207
971910,607605
960159,586827
962433,604397
988894,663705
1043664,532790
1099489,552950
962088,587565
978169,610200
971602,592396
961932,604986
965370,595447
987934,608567
990768,589968
961155,611247
962044,583890
971376,608437
965275,590344
1136583,786170
892534,543768
1190114,569861
956544,577640
965058,613354
975671,618065
987654,609973
971863,606340
973868,605557
965492,606224
975135,606736
954141,609350
961212,604674
966275,617034
958183,600860
968584,614665
955505,601386
984024,610248
979350,595762
980568,611430
974274,601934
967396,620708
959944,596664
1039264,697380
1028455,557367
1242796,564256
1062348,548777
864642,553934
930042,584251
975577,619932
957781,607987
966178,622559
955984,606006
988895,615788
963282,605658
975506,618228
957293,603286
963867,611467
1008337,682097
963431,541887
830504,552617
942920,590299
978787,611402
975020,608539
962604,610372
964153,590479
969936,615471
962913,596935
983844,616810
961168,594502
968012,627808
961090,594180
968615,620799
958661,601148
996851,615748
981149,592744
982512,617681
971372,604784
975308,607371
966611,594963
972261,610520
966497,596381
966612,602168
1229558,795004
876285,524805
1191272,558980
933362,556637
960977,607460
1095143,749137
968877,541873
841932,555587
929383,591743
984118,615508
969263,598031
984559,618610
984263,598203
970812,617914
990966,597335
969450,617193
975415,593905
1216353,780262
893146,542612
1517581,779342
904503,536619
1269138,575226
1026343,578285
964649,622515
972861,614814
977982,625398
971217,612048
977809,614884
970785,612674
984681,624282
968514,610802
971421,621896
968228,618269
970202,620382
978319,616266
982813,616865
976273,605137
980803,615241
965209,600967
971223,623006
964070,600244
991379,617967
969624,608745
1201481,761322
1085747,563205
1123091,568698
951682,616176
962460,609606
1000056,623578
973607,604386
971642,617879
961066,606201
974781,618659
955477,613399
968719,619983
972614,609791
970615,611249
972539,603808
985350,615327
963173,604691
980165,617402
963998,603071
977964,620223
960630,600076
966092,612039
1194075,800128
888617,536747
1126987,569850
940475,595865
984996,635200
975030,603395
991070,616129
971431,614212
1020130,681113
988458,542059
832732,555392
944017,590749
982407,611225
968514,609855
967522,603021
968843,614726
971056,604322
977701,622595
960984,598582
972166,625263
977112,607485
990484,613414
969973,601925
985814,616260
967056,602222
974165,609881
973955,597741
973518,611602
964527,611034
977578,612648
976191,594670
987944,608199
980637,598319
973197,606821
963290,600102
962440,606401
1012967,673859
943370,528489
817040,544960
1033480,561084
963474,604734
979126,603029
982113,608911
972366,592028
967216,610802
962326,590278
969360,607040
962156,584883
962654,611107
980964,585319
1211190,780736
899372,546070
1110447,556795
950618,601332
966358,601094
964826,618937
956678,586020
973718,623956
965148,592264
980839,619474
961769,599315
965226,606659
966599,597966
970120,613635
971639,614226
961037,610770
974033,594913
977502,610502
972229,598142
976399,604378
964937,596201
967907,604674
970711,594967
972830,604384
969796,608096
973884,597737
965505,601387
968210,604898
983411,597612
972299,596897
1136709,748489
1053910,545826
1104589,554372
932117,556019
1061737,542304
1016895,560464
939844,561410
980210,543737
1016667,572419
949439,571940
964658,629750
972643,614920
976027,620633
968026,602598
983993,619169
976143,601339
969661,619930
972559,601950
983956,610203
963225,599785
973797,609952
965775,599217
981200,610587
990419,606038
977540,602771
983413,597153
974983,607927
970461,597266
1192606,784374
890046,533343
1238301,563004
983883,572137
954408,611852
981319,609734
963554,606269
1202710,792331
893673,544412
1124651,568950
967847,608816
981439,628636
979354,608378
969764,611340
978927,609497
958065,607567
961025,603324
976328,610297
988578,614088
970821,608390
971153,600457
959243,609456
973645,604036
959018,601363
976184,600033
972684,609631
976591,598302
963488,608881
967065,599456
969575,602854
962624,605264
963873,599046
961604,603626
972207,599040
985961,595527
963434,591364
963236,598359
1017494,679515
1010137,636008
979855,630903
1044181,699444
1053099,578795
1068491,585305
968615,621328
965797,634920
1003251,630896
979025,639175
989523,634524
982288,640133
990737,633643
973231,639545
970464,626782
968830,629518
991686,672291
990734,573101
821255,569816
1063020,588917
954600,627457
981964,630573
964767,634630
969751,619923
964482,625579
983369,622655
973449,622152
975297,627044
965124,618590
959420,624538
975460,623764
989724,628662
981268,617166
981356,636588
965059,618210
976488,622461
963755,615006
971218,619308
962558,620046
1199427,763857
988790,564958
1010723,573417
968139,624576
979686,632642
977071,621885
964946,621202
964331,623518
1037166,732940
1040373,565850
1085185,585942
940554,588683
962697,629156
977067,624716
956934,622070
984387,628656
974939,627958
975611,619951
975275,620385
966958,614392
967762,620787
978962,631381
986966,623888
984449,618741
975342,620257
970512,620573
975473,622838
971391,622227
971630,628324
960664,620913
993516,620533
968543,612970
986129,626653
968920,611217
977867,614715
969462,614943
965074,615013
962351,609790
970663,612125
956355,602004
982162,618222
972886,601285
987418,617514
970237,600098
972647,610615
963224,600278
962831,613553
975529,595638
984009,617027
978321,598719
1046060,701499
1016613,544628
1220604,563755
1058154,553624
860185,555459
914990,598130
986959,623184
1015378,689604
1057574,558495
833772,569609
993884,678386
1064212,564695
1147292,575794
965050,616100
985329,639985
980055,623979
979535,627278
973762,612526
966483,616817
967378,620523
968825,618548
957954,615518
972613,614812
947006,610904
983085,627217
975580,611714
985511,616884
964154,615312
970154,621243
963015,614573
963859,605230
973006,607074
970436,605232
957886,604669
972826,612739
948778,594823
983107,604993
972574,591054
972140,613287
969813,597478
972956,607805
964348,597621
973819,604965
968706,604292
962002,607407
955507,593644
987307,603576
975298,603550
1067047,713023
915911,530255
1130490,561820
949125,565085
959191,613345
972911,606607
965198,611453
967627,608827
974066,603376
984032,605126
975632,613283
965182,602025
959857,598837
953459,596579
949487,607232
963539,602347
946000,600311
993114,599114
962672,602448
975635,598798
962082,591809
959887,598898
956064,595703
982308,603812
980816,589985
970335,598589
960136,598130
959958,604105
958941,587379
961897,608199
957855,597083
961012,602815
1112033,786796
877574,528709
1237592,566428
961474,562065
948716,596374
975062,603369
968569,596702
958931,599487
966040,591510
970577,597577
968756,593375
955708,593618
966051,596327
968108,602556
963875,599185
956026,591894
1244466,795647
883531,530461
927840,587318
984626,599355
962255,601371
971483,601647
955143,598724
990023,598795
964677,596606
980463,603931
974820,591361
964791,602284
958876,589682
963238,599004
960487,589295
968409,603911
980138,585114
968846,602101
957557,590719
970488,611601
952815,590470
989156,614548
977840,589022
1000441,610381
968206,582774
977361,602549
976882,591551
964081,605498
973592,585091
966736,606367
957402,594337
988129,604573
979521,588827
989057,600199
972132,582758
979612,601488
976219,585936
1038862,690447
1015909,532497
793447,549284
944571,585811
987156,591398
974125,593806
982562,606523
990078,595914
954319,590049
959361,605021
980094,591879
978950,604370
962473,585622
971697,599587
957469,585406
962440,594916
955120,575357
962938,597809
953355,581161
963186,595811
971060,584483
975078,606136
970639,581483
969401,609436
997214,655509
1042054,523879
1102368,555598
917184,560723
949502,602428
965087,608992
973429,591318
965158,598293
978466,604521
969013,594028
953621,603611
954184,600024
964811,596647
979898,588119
973452,597926
964600,587139
961681,612980
965334,582508
968407,600733
964341,583066
970516,596200
957693,588575
965462,601186
976176,587256
974422,593256
969864,592823
963535,597810
968193,586199
959228,599744
970919,590692
963805,598021
964159,591128
966683,596757
968221,586610
992041,602344
983398,583669
988902,611048
968857,581079
974564,593828
960839,582359
967506,600758
968967,586425
967262,601063
975674,589084
989500,602840
964255,581232
975832,598612
961181,587141
969162,602119
967786,589220
970249,599268
963291,591036
963498,596979
965750,591618
965359,597097
959690,593605
982435,595503
961872,590079
965020,600896
955031,581622
964835,601200
1014076,678837
1042729,528153
1108677,555007
950262,578618
978136,606681
962186,587362
978206,608191
959797,577288
964605,608304
959605,581937
969539,611927
956364,582620
965605,610567
962354,584269
1009753,674718
1076386,545147
1097757,542032
943078,576791
1132736,567037
1111587,558916
967632,609098
974639,609926
978034,610302
964747,603922
965585,611220
971801,597777
973471,616312
966173,593993
976213,616490
958149,601565
977592,615380
958703,595616
958858,614530
955582,594767
984432,612252
975390,602846
965516,604521
952092,601664
969944,610240
974596,603098
983188,606825
966845,598425
972254,616949
963711,586227
974810,611456
958861,591545
961670,620050
953708,591365
986116,613610
965454,582293
973952,611801
964024,599192
963596,614847
962382,596156
961885,613110
974510,597491
971088,612509
962877,584541
961473,605368
965764,594838
978138,609053
972982,588797
967649,604969
968156,592573
966230,611962
961246,585049
975875,604824
973962,586765
974787,607091
954108,591565
961520,614413
969874,588828
985493,612615
966148,589783
963706,607108
964014,590247
971223,606979
964479,580999
971288,602964
983875,589498
976889,607254
964450,587372
973799,598654
958719,586853
964154,603620
961378,589825
992374,607243
974892,601606
975410,600845
975033,589912
965010,602883
970645,593759
966219,592911
962587,587014
965111,598955
962989,587449
961541,600476
960734,587420
966955,600225
964383,585692
1037690,671727
961823,525722
816408,537543
942051,585174
957050,598052
958988,597426
965613,586510
975700,598296
959961,591618
959118,589789
952623,582797
972211,592165
993951,675231
960234,539251
1196468,554510
1057827,540422
836335,539386
935082,593813
970687,605938
985255,618420
971919,597621
982986,615292
971985,595275
973648,607811
964037,594711
984817,608717
958155,599885
973688,609181
968274,590018
960140,602971
959337,586414
960703,605896
958648,592621
976709,606941
967882,588847
982095,602606
960775,597307
1028380,686849
1063460,548798
1090237,557216
944392,537240
1234785,566889
946419,567897
964552,616405
981723,608501
965435,608692
970844,604015
988815,615286
968947,603298
978898,610976
973768,595366
968791,609727
975010,595424
972715,612222
967266,595435
959882,612871
960591,587122
983003,610900
965056,596581
984524,614884
975408,589854
977457,603418
967826,593040
969616,610506
954573,588684
994605,667735
980832,542618
1158579,560475
1081174,542526
1101473,562171
942564,574844
1086543,560047
1173664,574230
968238,610119
988970,619710
965308,604865
967123,613807
963947,600968
987420,612790
988157,608176
976475,609073
974776,612060
1025108,684825
1053495,562135
1062352,566470
961297,612308
984300,620320
982539,618906
964286,611997
975139,613303
970233,615581
962091,608131
977152,617600
976949,603797
974953,614076
968531,606150
973163,602624
973886,620057
971399,594374
971751,615693
977181,603659
964776,609766
974519,596874
969431,614084
971084,598970
982952,616273
965989,594339
966222,614903
961471,595701
975030,600512
955317,589584
988520,599423
972218,594091
975231,593440
961721,591814
974697,593545
959143,591264
962608,591966
959435,596508
960835,595470
976700,586406
966445,597767
966997,584657
973943,598483
956872,585476
968027,599214
953116,585237
972154,602001
956309,581696
983248,607746
972552,587129
986011,600742
957568,580574
975829,596594
959006,585625
991602,646755
1058521,536856
1077048,550581
951027,590649
988155,600845
983339,603793
973968,598247
972826,606661
967637,595033
968221,589849
972350,599142
1006665,654761
964953,532968
1144720,559520
1030607,539896
1139746,554358
987169,536991
1021068,564595
1067055,549320
1139680,559306
947901,577775
1113616,563307
1292123,571717
1030660,588653
967126,613954
973545,621422
975012,613461
959946,618926
967469,615543
970145,618000
980774,605508
971313,611865
974849,606208
1035226,700901
1023992,552379
1288643,566581
1078031,547897
866772,553547
926352,593872
986512,624196
971722,615109
969270,616243
967482,612885
969318,622761
968516,607133
964860,611649
956107,606866
1203285,788117
898809,547003
1241232,572143
960247,573041
976547,621587
974017,619410
966276,614571
975345,621817
960877,614708
986971,621643
974045,615558
974834,620462
970394,621194
972655,606977
968045,605778
966233,600920
971054,612058
962154,605440
965234,617724
975555,606554
1037128,682545
1049122,556475
1064680,557269
970111,596013
977835,612002
973938,603760
970590,613660
964827,610091
964880,620879
980093,604024
959213,610538
966055,603726
1019537,689856
965454,548484
825735,555663
1044075,575750
963335,617544
969687,617909
967451,615065
957344,610466
959126,616045
977635,617548
959377,615685
972622,609943
957994,605799
977783,610969
957550,603122
974876,617331
1012384,670205
991173,548752
1196028,564972
1079285,545914
862960,551965
930065,601977
972684,617370
969783,623654
966445,618103
979963,616328
967848,611187
977497,620350
970143,621550
961401,615260
967348,609532
965431,624330
952544,610814
988647,617559
980662,615953
975793,609338
966459,611692
971361,614932
972691,612902
967894,611321
973051,617425
970359,605038
984673,614942
963807,603622
973549,610977
965133,603063
963345,615403
975458,597964
976062,605968
965384,597357
963410,612918
970566,588974
965529,605741
969905,600003
963550,606062
961840,595540
986997,596473
977836,587782
983179,604025
972320,588823
959442,586858
962195,583776
984023,602180
970915,583499
967219,590839
965557,583913
965417,599590
965371,579082
966554,588474
960739,583419
964867,586030
961073,580053
965781,583973
954836,581012
959756,593002
955242,587834
965309,591393
974439,583990
982752,582138
971267,579590
968214,585220
1014386,662032
1036465,517842
824491,541348
958237,571507
973240,594795
960703,583093
944499,586312
952697,583566
950498,590407
962318,595481
970762,586774
965714,584105
958647,589556
959433,582801
951148,588333
963436,586816
965233,583385
956624,575182
955596,587001
958631,577459
960529,593037
968288,572461
956110,595319
960564,575479
954355,594836
951281,572999
973735,589325
965439,575111
962827,591286
959222,581069
964616,591904
973863,577517
967365,592261
969115,587684
962167,588384
960638,586545
965262,582097
958733,573996
973360,593102
982477,590780
970328,591513
973528,574854
974584,596396
967928,572526
968081,593299
960618,581425
957068,594207
963505,578497
974831,601834
973098,580779
985364,590317
972453,581327
987197,590278
976340,579928
969306,585482
959849,588424
958935,583228
960928,578263
960058,583157
956994,585411
961859,583780
965899,576410
959466,584745
957418,576731
974496,592179
982667,582407
979645,579828
963273,581784
965034,591400
962593,574208
958016,587419
961063,576946
955080,586338
960962,589947
973614,599714
962696,581980
964148,587184
966909,587487
961083,587989
960018,581840
958206,584965
959115,584093
981384,585282
968206,578737
1013598,666950
966845,527082
1156212,541956
1036557,523169
841063,530768
915730,570581
967115,592728
966013,602097
960003,587839
976133,601362
980998,582657
961188,598231
959190,587834
964553,582276
978124,584360
957432,581815
964374,590732
955840,578314
962393,581065
956712,584196
1037677,694406
1062371,529185
819424,533021
986552,634858
1037874,544116
1082169,546984
972437,590030
982180,601260
963542,587536
963650,598762
954259,585358
956299,590219
980846,584734
975503,595043
963220,590133
953647,590061
967783,587880
948004,575901
966807,589384
954124,577447
960350,585692
970316,575824
968919,587961
957460,576875
969893,590812
959649,575562
965269,600789
954495,579276
986911,586869
1014706,656401
1024037,629841
980836,632024
972808,617718
969696,617777
967335,614915
961831,612969
965949,617214
965902,609147
991755,612304
973412,604417
973544,624149
962919,589280
962495,619904
965066,603182
969494,617307
958639,591758
1136758,776134
1067677,546891
1069706,555729
964060,543060
1252863,566185
1094470,547353
869858,563598
961179,604109
970435,627801
971089,613258
981379,614385
974531,605547
968480,614108
972191,619165
954473,602035
1012827,605755
957372,602952
996018,600033
969138,587887
1032877,682526
1036415,543474
1039644,557254
989089,598179
976093,598978
977117,608878
964593,597811
1249639,804257
887470,533692
1176718,577676
962564,570832
952178,617822
959865,608014
977915,606375
985068,603706
963326,608228
969868,611492
965359,600425
966338,607858
958424,610688
991796,613368
970483,596615
967794,607451
961761,591257
959550,610475
963570,593429
967837,609743
955792,590391
969255,609946
965374,605450
981390,611666
978979,593125
980188,604126
974338,594295
962113,611634
957554,600105
972924,607696
959091,599266
989636,606786
971768,593802
983207,605314
1204512,787449
1045875,541494
1094942,561151
1071066,546473
997172,554578
956334,583535
997109,557310
999150,555992
966838,585936
976342,624484
977031,632540
972758,618554
972523,612999
964830,616472
992863,616742
967756,617631
970031,603230
967975,596975
981182,608210
962063,594931
968016,605197
962863,589889
966974,608046
952210,583900
972640,609902
970150,589874
983545,612970
977163,590151
965413,604841
958930,588801
970357,604006
952846,588637
995049,604806
998343,667149
1081441,525833
937620,554145
970276,594198
961600,597031
954808,596207
950794,595921
965440,597983
955597,600166
975276,589668
972688,604700
969133,589564
972006,601820
1021010,698526
1037600,535670
848696,544366
936721,581842
964955,614421
963589,599509
950647,604743
973511,589943
991445,601344
971879,590105
984294,604930
968845,588952
973481,607691
1030926,710787
994373,539158
804290,547477
938357,575207
972020,609244
954641,585177
968071,617470
977242,591117
984559,603004
960244,580110
977497,609702
956878,580262
955754,609527
962040,589675
988998,611405
960635,586776
968656,610864
965784,582719
961974,611862
949547,579998
956690,603908
986762,578647
992373,603089
989446,590537
973680,601670
961979,580238
974121,604395
967765,579527
975944,604587
965225,586366
974065,601222
1007456,673910
945426,520421
1169592,552443
915687,544814
991093,621536
981922,597618
970649,613387
972500,588236
979418,610380
968758,590100
972403,603819
1137601,776407
862931,527876
1177573,559597
1041089,724367
1049377,540733
828049,554533
995339,667880
1016642,556644
1124675,567268
952171,600013
988905,613295
988885,599710
971795,609666
983410,587205
975688,621747
967785,587087
957633,610344
972378,586630
964148,613833
962023,592585
965476,617431
956631,583516
958722,620041
951302,585173
1002214,611766
964914,583365
987610,602016
977433,590067
972376,601813
977544,588449
964404,603444
960195,588317
962121,592516
964183,579324
961457,603044
961062,591655
973282,597485
958864,587672
974733,585008
988841,584192
967521,589891
960296,584643
968289,590611
957525,583620
961417,584987
967609,589065
954194,590673
960243,574499
954003,592810
975444,580422
984148,594679
969885,583224
981113,585487
971414,581130
966760,591167
967432,580625
964632,597732
963272,581890
964028,584994
961681,576537
960913,598114
954416,582586
962297,586545
957528,585207
979602,582818
981612,584655
979419,591252
968160,591850
995859,649798
1050886,529416
1075670,554680
949590,580444
957523,587494
958910,590266
975704,590547
1007203,648623
959119,525030
1144154,560174
1029571,535979
1112856,547954
983352,535522
997702,552329
1059417,547212
1134354,554759
944016,576933
1104241,562038
1289886,567271
1004755,584649
977915,610477
975800,626836
965339,614670
976729,625154
987248,620916
972954,624586
970186,611138
982965,613159
974937,604671
964152,607157
965078,600642
962098,602146
966512,603422
966334,610995
956745,602632
964946,617441
948061,599655
980081,604802
972327,607274
974604,606305
965062,607677
966357,593726
960050,598826
961744,607517
962346,604271
960359,601160
960786,602299
961191,593865
978827,598272
981790,592057
983879,595467
979033,584968
990761,590990
973768,580227
967160,605699
997071,667575
907547,521358
1396176,758797
1045517,533216
819082,533629
1170075,565903
1037443,550925
1101361,554882
944840,540451
1219469,571034
930259,569475
959566,612994
986294,610276
975998,630461
965640,593788
972963,624833
963866,603839
975008,617012
968943,600811
972158,606864
960580,595773
967431,608744
981464,586371
994260,603689
1038854,695506
1051347,538269
820286,544097
941332,589606
963204,610940
963066,593627
965571,618571
967608,593627
967841,609445
981226,590232
970829,610685
961664,592974
964170,609011
958310,589747
965421,606207
957484,591525
972128,606729
962979,582025
971473,597268
959966,594177
984154,602385
976811,595418
959036,595690
972277,588975
965773,603658
955176,590298
962417,598315
976589,589931
982183,604456
965924,584115
969369,604391
956235,587492
963175,603587
1269925,798507
878230,522390
926980,584107
976434,590087
962406,597816
964268,585763
961998,604456
974213,587527
980943,597105
975068,585645
973405,590145
964460,577432
961974,593927
963054,585608
963456,591414
971779,583579
978711,595943
973286,579116
1226080,779665
885370,520228
1167833,561685
949978,560721
960536,594517
986044,602341
962538,594893
965667,604700
953083,582847
968058,607249
955898,591178
970411,590946
959395,585145
968739,597563
956369,584716
964192,590458
954536,592346
972761,588018
975483,591807
975141,594728
968276,592248
1011267,666812
967138,525613
1166918,551894
925419,555517
954047,609965
968015,599740
973909,607396
1017080,667979
972009,541462
833141,551500
946323,578902
1023882,687762
982308,551221
1255404,559201
960428,572199
966069,612017
962969,615981
986012,597286
978228,603612
975373,594639
972267,609782
974268,600725
971601,610316
974192,598193
973024,612458
958984,598387
986693,609029
979596,597381
971932,604998
984264,596307
969985,602402
964337,591715
963001,593457
958443,584987
953280,610206
970941,585418
982220,599206
977921,594296
978379,592218
975321,593077
974319,589873
966049,592784
957590,586406
962644,589858
987430,591422
984702,592394
973641,586043
973031,594572
958462,583247
971363,592290
958670,581271
966914,599412
971169,578531
981453,588903
965353,580069
975703,585505
967906,575794
959726,593918
956757,585345
954749,580544
979794,581981
969113,582636
